33.4224
83.1737
132.925
142.277
151.568
146.523
141.428
146.169
150.964
149.215
147.417
148.093
148.792
145.145
141.449
145.047
148.744
146.439
144.041
143.411
142.811
141.526
140.227
143.916
147.712
148.19
148.59
146.847
145.048
141.403
137.707
142.062
146.658
146.025
145.226
143.461
141.662
143.528
145.526
143.387
141.089
142.056
143.155
145.308
147.506
149.8
152.097
153.154
154.153
146.961
139.368
141.091
143.289
148.238
153.333
148.488
143.093
144.689
146.687
144.726
142.528
144.752
147.249
145.428
143.33
143.949
144.749
143.585
142.286
138.655
134.859
142.513
151.005
150.857
150.057
144.53
138.636
137.46
136.661
141.4
146.595
145.802
144.504
148.077
152.073
150.29
147.992
148.166
148.566
147.687
146.688
145.051
143.352
146.928
151.024
150.765
150.065
152.083
154.38
152.612
150.414
149.929
149.63
148.43
147.132
154.002
161.794
164.212
166.01
166.11
166.011
168.586
171.483
173.846
176.144
178.176
180.174
181.552
182.85
188.48
194.674
199.457
204.053
208.56
213.056
221.503
230.494
228.621
225.224
234.591
245.78
253.131
259.924
269.328
279.119
288.388
297.579
303.045
307.94
315.601
323.693
331.009
338.202
348.321
358.91
372.247
386.034
400.163
414.349
428.877
443.463
455.235
466.524
476.962
487.252
507.472
529.45
549.82
569.9
589.305
608.586
624.411
639.596
660.247
681.926
695.299
707.088
734.444
764.814
784.914
802.996
824.411
846.489
858.178
867.769
902.234
941.795
967.542
990.42
1018.66
1048.03
1089.67
1133.93
1170.05
1204.42
1237.72
1270.79
1318.65
1369.8
1422.99
1476.64
1533.94
1592.09
1646.66
1700.41
1749.7
1797.95
1852.75
1909.09
1967.61
2026.66
2090.28
2155.01
2223.28
2292.41
2340.03
2382.29
2443.3
2509.03
2568.96
2627.4
2667.42
2702.69
2748.01
2795.97
2851.58
2909.22
2968.21
3027.55
3081.39
3133.74
3201.53
3273.56
3342.93
3411.57
3485.89
3561.82
3614.55
3660.71
3746.07
3842.67
3914.89
3980.02
4054.04
4130.66
4200.82
4269.05
4344.2
4421.42
4478.18
4528.73
4581.81
4635.65
4702.77
4774
4840.59
4905.73
4921.85
4922.45
4939.1
4960.87
4995.18
5033.54
5064.53
5093.1
5112.44
5128.72
5171.89
5224.04
5283.88
5346.32
5405.63
5463.87
5553.47
5653.87
5736.56
5813.09
5892.94
5973.96
6102.97
6249.02
6346.93
6427.55
6544.76
6675.23
6790.42
6900.01
7008.65
7116.95
7238.63
7365.3
7494.52
7624.69
7763.04
7904.5
8045.89
8187.25
8327.24
8466.71
8598.99
8728.47
8876.55
9031.99
9199.72
9372.35
9531.88
9686.13
9803.69
9906.29
10045.8
10200.6
10314.7
10412
10494.5
10570.7
10634.8
10693.7
10811.4
10954.2
11080
11198.5
11287.2
11363
11484.3
11625.6
11768.4
11911.8
12015.5
12101.5
12242.2
12407.6
12560.5
12707.8
12827.3
12934.1
13099.9
13293
13435.1
13553.4
13720.3
13910.1
14084.4
14251.4
14415.7
14578.9
14714.4
14836.5
14976.8
15126.2
15249.9
15360.9
15432.6
15484.7
15569.6
15670.9
15749.5
15816.5
15897.2
15984.9
16030.9
16055.4
16064.1
16064.6
16102.8
16160.7
16178.1
16174
16159
16138.3
16099.4
16050.7
16046.3
16065.9
16037.6
15983
15956.9
15946.5
15905.9
15848.5
15855.6
15899.1
15923.3
15936.7
15974.4
16026.1
16091.8
16165.6
16225.7
16277.9
16326.2
16372.3
16484.9
16636.9
16726.4
16778.4
16839.3
16905.4
17061.2
17271.4
17483.9
17697.8
17884.8
18055.4
18265.9
18501.4
18735
18967.3
19203.3
19441.6
19681.4
19922.3
20147
20361.4
20486.6
20553.8
20656.2
20781.6
20848.4
20876.5
20887.1
20885.9
20909.3
20949.3
20954.5
20936.4
20991.1
21095.6
21137.7
21136.8
21178.1
21248.8
21329.3
21416.7
21493.5
21562.8
21636.6
21713.5
21763.2
21793.5
21850.9
21928
21965.8
21975.1
21980.4
21982.8
22031.5
22114.6
22178
22226.8
22277.5
22329.6
22377.7
22422.9
22507.3
22621.7
22702
22756.2
22811.6
22868.2
22955.2
23066
23120.4
23130.5
23149.9
23176.7
23206.1
23237.7
23219.3
23160.5
23174.4
23247.4
23280.9
23282.2
23301.7
23336.3
23401.6
23492.5
23531.6
23527.2
23570.8
23654.9
23704.8
23725.6
23765.1
23820.8
23890.8
23973.3
24036.8
24083.7
24140.6
24206.5
24261.9
24308.2
24353.6
24398.4
24409.3
24389.7
24393.4
24418.3
24430.6
24431.4
24413.6
24378.8
24367.8
24379
24381.3
24375.5
24341.5
24281.2
24314.9
24438.1
24485.9
24461.4
24500.3
24600.4
24689.7
24768.4
24840.1
24904.9
25018.5
25180.2
25330.4
25468.9
25582.1
25669.9
25797.6
25965.8
26132
26296.2
26492.2
26721.2
26897.5
27019.1
27261
27628.7
27899.3
28067.4
28275.3
28525.5
28763.4
28988.2
29216.2
29447.6
29668.3
29877.3
30056.1
30201.9
30375.8
30580.8
30760.5
30911.9
31046.3
31161.5
31309.4
31494.3
31589.4
31582.1
31597.6
31639.2
31680.5
31721.2
31718.5
31665.1
31632.2
31623.6
31623.3
31632.8
31605.9
31535.3
31513
31548.6
31560.4
31543.1
31501.4
31429.9
31419.6
31484.8
31515.6
31503.5
31451.9
31350.7
31316.1
31365.8
31421.1
31483.6
31518.2
31516.9
31548.7
31623.4
31677.3
31704.1
31782.6
31928.7
32061.2
32175.7
32277.6
32362.8
32458.4
32568.2
32678.2
32788.5
32811.8
32716.1
32683.1
32736.6
32695.1
32521.2
32364.5
32231.7
32044.3
31779.7
31547.9
31363.1
31153.2
30907.1
30656.6
30399.8
30146.4
29897.9
29634.7
29349.9
29055.3
28746.1
28443
28148.9
27834.5
27489.2
27140.7
26787.3
26460
26172.7
25871.4
25548.1
25253.5
25003.5
24735.6
24439.5
24185.1
23996.6
23816.4
23649.2
23486.7
23331.8
23202.7
23115.4
23064.8
23074.3
23072.4
23051.6
23022.5
22979.6
22984
23067.6
23135.3
23176.1
23228.8
23302.1
23367.5
23419.6
23439.8
23404.7
23383.8
23387.8
23384.8
23369.2
23386.2
23461.3
23524.7
23567.1
23618.8
23687.4
23740.1
23763.7
23820.6
23938.8
24034.6
24088.9
24144.7
24203
24267.3
24343
24386.2
24367.5
24372.1
24421.7
24457.9
24468
24481.1
24499.9
24492.5
24433.5
24412.5
24467.4
24507.3
24517.3
24506.5
24453.4
24409
24382.4
24320.2
24185
24100
24119.8
24094.5
23974.7
23877
23826.4
23799.1
23821.5
23812.1
23734.1
23652.3
23562.4
23467.9
23363.2
23249.4
23115.7
22977
22827.2
22680.9
22542.5
22386.9
22192.1
21986.5
21755.6
21557.8
21436.8
21296.4
21110.5
20951.6
20856.4
20779.1
20744.1
20707.7
20667.6
20648.9
20682.1
20714.9
20746.5
20792.9
20876.1
20947.5
20989.4
21071.7
21256.6
21423.2
21543.5
21670.8
21816.4
21965.3
22122.8
22301.7
22536.9
22762.3
22961.8
23160.9
23358.9
23570.2
23817.6
24048.4
24233.7
24424.2
24629.1
24831.3
25025.9
25201
25321.2
25438.8
25548.9
25646.7
25709.4
25771.6
25832.8
25894.3
25956.8
25982.6
25899
25833.5
25821.9
25803.6
25764.8
25728
25697.4
25639.5
25497.2
25362.7
25252.3
25143.2
25038.1
24940.4
24866.6
24786.1
24683.9
24592.8
24538.1
24456.1
24283.7
24144.5
24116.3
24066
23941
23824.6
23737.8
23653
23574.6
23497.7
23426.1
23359.6
23310.4
23253.4
23168.4
23089.7
23034
22993
23006
22997.5
22909.6
22842.7
22854.6
22848.5
22774.5
22708.6
22674.1
22640.5
22611
22576.1
22520.3
22465.8
22415.9
22369.6
22337.2
22295.4
22215.5
22133.3
22041.7
21961.5
21929.2
21898.1
21872.8
21831.1
21719.4
21613.1
21530.6
21454.8
21408.6
21351
21243
21121.2
20936.9
20754.9
20583.9
20421
20295.9
20167.3
20022.3
19880.2
19752
19610.4
19404.2
19211.9
19087.2
18965.1
18856
18740
18588.9
18439.2
18296
18155.4
18028.3
17896
17736.7
17584.2
17467.4
17347.2
17208.4
17075.4
16974.2
16874.2
16780.9
16685.4
16577.7
16469.8
16360.1
16255.8
16183.4
16106.6
16003.9
15905.8
15835.6
15767.7
15714.1
15652.6
15541.3
15426.7
15291
15168.4
15129.4
15090.9
15055.3
15008.7
14888
14782.8
14783
14776.9
14727.5
14678.7
14634.6
14599.1
14624.1
14644.4
14629.8
14616.8
14615
14615.4
14632.5
14649.9
14670.2
14689.3
14699.3
14707.2
14697.9
14689.4
14688
14684.2
14659.5
14637.1
14634
14627.5
14591.9
14558.5
14546.2
14535.1
14536.1
14541.2
14584.1
14627.4
14673.4
14713.6
14696.6
14680.3
14670.3
14659.2
14637.4
14618.6
14632.7
14635.9
14522.9
14411.3
14316.5
14220.8
14115.7
14011.4
13915.6
13823.7
13778
13726.9
13609.5
13495
13416.6
13336.5
13234.9
13133.2
13029.2
12926
12834
12741.9
12649
12556
12462.3
12368.9
12279.9
12192.7
12134.7
12075.4
11996.5
11917.3
11832.8
11745.9
11617.2
11490.6
11402.7
11313.4
11198.1
11083.3
10978.3
10871.8
10733.3
10597.5
10517.9
10435.8
10298.3
10161.2
10031.5
9901.09
9751.73
9602.81
9465.24
9327.79
9193.42
9058.78
8916.12
8774.4
8662.61
8549.8
8402.04
8256.06
8175.34
8093.04
7947.98
7803.4
7679.53
7556.05
7451.65
7347.28
7244.38
7141.76
7055.44
6968.56
6843.58
6719.27
6646.44
6573.13
6455.85
6338.66
6232.16
6125.23
5955.3
5785.11
5564.43
5343.66
5096.01
4848.36
4613.89
4379.42
