55.6215
103.475
151.328
164.667
177.954
169.339
160.647
167.158
173.751
170.131
166.434
168.478
170.576
172.279
173.977
171.24
168.442
164.76
161.063
165.222
169.518
169.306
169.006
170.565
172.163
168.394
164.497
164.497
164.597
159.837
154.942
161.203
167.796
165.676
163.279
161.364
159.466
160.653
161.952
165.464
169.061
166.895
164.497
167.083
169.881
163.209
156.116
162.481
169.474
170.943
172.142
167.923
163.427
166.804
170.601
167.96
164.963
164.328
163.828
166.251
168.848
165.99
162.793
164.384
166.282
169.679
173.175
169.193
164.697
167.572
170.968
168.593
165.796
169.78
174.276
171.633
168.436
169.217
170.316
170.215
170.015
168.894
167.696
168.427
169.326
172.335
175.532
169.21
162.017
166.332
171.727
170.742
169.143
167.454
165.756
167.868
170.366
174.403
178.599
173.398
167.204
167.141
167.74
169.779
171.977
174.085
176.183
176.131
175.831
176.515
177.314
182.216
187.61
185.174
181.778
188.947
197.439
199.02
199.719
198.386
196.787
203.039
210.331
216.48
222.474
232.156
242.346
242.198
240.6
245.208
250.702
263.873
278.159
280.609
281.308
288.607
296.899
301.119
304.715
312.72
321.411
324.928
327.626
338.756
351.244
358.58
365.074
378.077
392.163
404.37
416.258
433.518
451.7
462.651
472.342
487.549
503.733
519.494
535.179
547.484
559.173
582.493
607.968
624.613
639.599
653.661
667.547
686.121
705.602
719.906
733.193
758.059
785.233
809.165
832.442
845.686
856.875
886.842
920.708
941.289
959.072
989.45
1022.52
1059.94
1098.3
1128.06
1155.93
1194.43
1235.29
1282.1
1330.26
1370.52
1408.98
1461.64
1517.59
1564.06
1608.32
1649.67
1690.33
1746.78
1807.02
1866.14
1924.98
1992.72
2062.65
2106.27
2143.33
2190.53
2240.28
2288.52
2336.37
2380.73
2424.19
2470.1
2516.66
2561.16
2605.12
2655.69
2708.04
2772.73
2840.76
2892.49
2939.74
2998.02
3059.36
3113.92
3166.56
3235.48
3309.01
3369.57
3426.41
3493.71
3564.04
3639.39
3716.22
3786.5
3854.83
3919.86
3983.89
4022.1
4052.47
4110.21
4176.35
4232.42
4285.36
4333.14
4379.29
4424.46
4469.32
4483.15
4487.05
4518.72
4559.38
4599.89
4640.35
4654
4658.8
4701.19
4756.13
4798.01
4835.47
4888.13
4945.98
5015.48
5089.01
5149.65
5205.79
5315.52
5444.09
5540.38
5625.2
5707.07
5787.9
5894.97
6011.55
6129.75
6248.53
6368.33
6488.52
6590.59
6685.89
6799.92
6921
7080.56
7254.79
7387.83
7505.01
7625.08
7746.26
7874.4
8005.27
8158.61
8320.85
8449.91
8565.7
8719.7
8889.13
9034.37
9169.73
9276.15
9370.66
9439.83
9498.47
9613.21
9751.48
9856.19
9946.7
10039.9
10134.3
10232.5
10332.3
10425
10514.5
10630.4
10757.8
10879
10997.4
11122.9
11251.7
11367.1
11476.5
11612.4
11760.2
11889.9
12011.3
12168
12341
12491.3
12631
12774.7
12920.4
13091.9
13275.8
13440.3
13595.5
13714.1
13815
13958
14121.5
14235.6
14325.3
14415.7
14506.4
14628.9
14767.4
14845.5
14892.9
14954.5
15023.4
15074.6
15116.8
15138.2
15148.9
15173.5
15205.5
15241.3
15279.2
15286.8
15278.2
15252.7
15218.2
15190.1
15165.5
15116.1
15053.2
15043.3
15062.6
15074.4
15081.9
15093.9
15108.5
15155.9
15221.9
15256
15271.8
15307.8
15355.5
15425.5
15508.5
15590.2
15671.1
15757.4
15846.8
15940.6
16037
16145.8
16262.2
16400.8
16552.9
16720
16896.3
17080.6
17269.8
17468.6
17673.4
17931.7
18223.5
18489.1
18738
18988.8
19240.8
19444.6
19617.6
19799.4
19987
20116.3
20207.5
20290.9
20369.2
20413
20434
20454.9
20475.8
20534.4
20618.5
20653.1
20653.9
20712.8
20811.6
20883.4
20936.5
20976.3
21006.8
21088.1
21205
21303.5
21388.8
21459.5
21519.8
21581.3
21643.7
21719.7
21805.7
21878
21940.3
21939.3
21891.6
21895.7
21938.5
22018.3
22126
22228.8
22327.9
22399.4
22449.9
22550.1
22688.7
22819.3
22943.6
23016.4
23048.7
23091.1
23141.4
23187.8
23231.1
23281.5
23337.4
23346.4
23317.4
23383.4
23526.7
23566.5
23521.7
23570.2
23695.9
23787.7
23851.2
23898.6
23932.3
23985
24053.6
24120.5
24186
24263.7
24352
24446.5
24546.3
24595.5
24600.6
24641.4
24713.5
24759.4
24781.9
24795.3
24800.5
24870.2
24997.8
25052.6
25041.2
25012.3
24967.2
24971.9
25022.4
25019.9
24968.1
24952.6
24971.2
24978
24973.8
24970.5
24968
24991.1
25038.6
25102.9
25183.5
25298.1
25445.9
25569.2
25668.2
25754.5
25828.3
25950.9
26122.2
26261.8
26369.7
26519.3
26711.1
26894.5
27069.3
27278.3
27522.5
27736
27917.6
28130.9
28377.5
28627.6
28881.3
29158.9
29461.8
29764.1
30065.8
30319.9
30522.5
30744.6
30988
31223.2
31449.5
31642.8
31799.7
31983
32195.6
32383.3
32543
32674.2
32773.1
32861.4
32937.6
32985.9
33002.1
33033.8
33083.6
33119
33137.7
33111.6
33032.9
33009
33050
33058
33026.3
33023.4
33055
33071
33068
33093.1
33152.4
33163.8
33115.9
33107.5
33148.2
33160.6
33137.6
33130.1
33142.1
33171.1
33221.9
33256
33268.9
33306.6
33376.3
33489.8
33660.4
33789.8
33865.4
33966.3
34101
34201.3
34255.9
34339
34460.6
34554.1
34609.4
34688.6
34800.3
34841.8
34786.8
34729.1
34667.6
34565
34404.5
34259.6
34136.5
33985.6
33795.1
33578.3
33323.9
33045
32730.7
32452.7
32227.7
31974.1
31678.3
31339.4
30936.6
30594.5
30343.1
30066
29750.1
29418.5
29062.9
28723.3
28408
28080.3
27733.6
27419.7
27157.1
26885.3
26599.2
26338.7
26118.9
25907
25707.7
25498
25271.5
25099.8
25017
24940.4
24874
24835.8
24844.4
24846.6
24838
24853.1
24908.1
24982.1
25088.5
25145.3
25117.6
25130.4
25213
25275.6
25303.6
25325.7
25337.6
25358
25393.6
25420.3
25431.2
25462.5
25530.6
25594.8
25652.1
25710.6
25771.3
25845.9
25946.2
26029.6
26081.6
26148.4
26242.7
26318.7
26359.9
26389.9
26398.5
26423.8
26481.3
26549
26636.6
26708.4
26749.4
26792.4
26839.3
26870.2
26869
26862.2
26844.1
26826.1
26808.3
26772.7
26700.7
26622.5
26531.5
26470.1
26470.3
26436.3
26330.7
26237.5
26170.3
26121.6
26112.1
26064
25932.8
25818.2
25739.8
25664.2
25594.6
25501.8
25357.5
25217.1
25085.2
24935
24743.1
24564
24413.7
24260
24098
23929.3
23745
23548.4
23322.9
23144.7
23078.4
22991.9
22857.5
22750.8
22711.1
22682.1
22679.2
22683.3
22704.4
22737.2
22799.2
22870
22962.7
23064.7
23190.2
23319.9
23460.5
23591.2
23696.4
23847.9
24120.2
24364.5
24535
24723.7
24960.9
25190.8
25400.9
25617.2
25850.3
26081
26305.1
26521.3
26715.1
26910.5
27110.4
27283.8
27382.3
27489.9
27623.6
27755.8
27883.9
27969.8
27933.1
27939.7
28073.1
28162.9
28122.6
28093.1
28095.9
28081.6
28015.5
27950.9
27891.4
27816.8
27695.6
27590.2
27533.9
27469.9
27381.4
27270.4
27087.1
26919.1
26800.2
26684.4
26578.5
26478.7
26399.3
26312.4
26200.3
26100.1
26039.9
25961.8
25822.2
25685.1
25556.6
25458.2
25465.3
25448.1
25345.1
25249.7
25181.8
25115
25052.3
24993.1
24947.3
24909.3
24900.5
24887
24856
24817
24747.8
24688.5
24666.9
24618.5
24465.5
24342.1
24334.7
24311.3
24224.5
24142.4
24079.1
24021.4
23987.1
23944.8
23870.2
23800.5
23751.3
23697.6
23624.4
23557.5
23518.2
23463.7
23343.4
23228.5
23137.4
23037.9
22900.9
22761.4
22610.5
22461.4
22321.2
22185.5
22070.9
21942.8
21751.2
21568.7
21429.8
21280.6
21081.2
20883.4
20693.6
20502.3
20303.6
20119.3
20008
19887.3
19719.1
19551.3
19384.7
19225.6
19105.5
18978.7
18816.2
18663
18560.4
18447.4
18277.2
18116.7
18010.5
17907.2
17820.7
17725.2
17578.2
17436.9
17329.7
17220
17095.4
16975.5
16884.6
16795.6
16718.9
16637.3
16525
16413.7
16308.9
16210.7
16154.8
16097.5
16030.6
15960
15865.1
15776.8
15732.9
15688.8
15643.1
15600.4
15579.4
15558.1
15534.6
15514.9
15522.5
15528.4
15522
15517.5
15526.8
15538.6
15570
15596.5
15585.3
15572.8
15549.6
15530
15539.7
15548.7
15551.2
15553.8
15557.3
15557.4
15528.2
15498.8
15467.2
15440.5
15457.8
15472
15457.8
15446.7
15464.5
15483.8
15518.8
15545.5
15489.9
15442.5
15479.1
15505.8
15428.2
15353.7
15313
15269.6
15197.8
15125.1
15042.6
14959.7
14872.8
14784.3
14676.7
14569.1
14462.4
14354.1
14225
14099.6
14021.3
13941.4
13841.6
13742
13645
13546.8
13431.3
13318.2
13240.1
13160.8
13063.9
12970.4
12930.5
12883.7
12723.4
12568.9
12513.2
12455.5
12360.8
12264.2
12133.3
12003.8
11900.6
11797
11685.6
11573.8
11452.4
11330.8
11203.7
11075.6
10924.4
10774.2
10649.8
10526.1
10419.1
10310.1
10146.4
9983.41
9837.95
9692.92
9560.65
9428.02
9283.86
9139.81
8999.44
8859.65
8740.87
8622.18
8507.4
8392.1
8254.84
8117.92
7997.43
7877.09
7763.9
7650.43
7520.15
7390.6
7309.08
7227.27
7122.77
7018
6888.32
6758.72
6636.54
6514.23
6373.17
6231.86
6040.54
5849.06
5601.51
5353.96
5114.79
4875.63
