40.8246
95.3711
149.918
159.776
169.566
163.925
158.231
159.392
160.591
161.492
162.391
158.144
153.848
153.01
152.21
154.96
157.757
155.636
153.438
156.64
159.937
157.648
155.25
153.44
151.641
155.504
159.5
158.918
158.219
160.533
162.93
158.537
153.942
157.963
162.259
163.269
164.169
163.911
163.611
160.039
156.343
155.432
154.632
159.679
164.974
164.722
164.222
161.718
159.121
156.714
154.316
152.964
151.665
155.679
159.975
161.052
161.951
159.355
156.558
155.646
154.847
159.974
165.469
157.163
147.972
150.304
153.401
153.413
153.213
152.733
152.234
153.038
153.937
155.672
157.47
159.176
160.874
159.612
158.114
158.554
159.153
155.607
151.711
155.904
160.799
159.365
157.367
155.369
153.371
155.209
157.407
158.147
158.746
158.982
159.182
159.2
159.2
158.747
158.248
159.284
160.483
158.346
155.848
162.257
169.65
171.387
172.486
172.51
172.41
171.596
170.696
171.403
172.302
173.646
175.044
180.527
186.521
185.428
183.43
186.736
190.732
197.109
203.803
208.56
213.056
212.81
211.91
216.005
220.801
223.848
226.645
233.89
241.783
250.023
258.315
262.439
265.936
270.732
275.727
283.92
292.612
298.629
304.224
313.519
323.409
330.38
336.874
349.021
362.108
370.324
377.717
389.287
401.575
416.16
431.145
441.208
450.399
465.433
481.517
498.446
515.529
532.865
550.248
563.679
576.367
595.262
615.343
629.648
642.835
658.026
673.611
689.446
705.33
723.625
742.406
763.261
784.54
807.391
830.568
849.454
867.436
896.121
927.091
953.379
978.654
1014.17
1051.93
1087.41
1122.37
1154.97
1187.04
1221.31
1256.07
1307.8
1363.45
1412.86
1460.81
1502.87
1543.53
1591.44
1641.09
1687.05
1732.1
1774.67
1816.63
1871.79
1930.23
1980.61
2028.97
2068.48
2105.75
2146.82
2188.88
2224.53
2258.49
2308.02
2361.67
2406.81
2449.66
2493.31
2537.16
2581.18
2625.24
2689.63
2759.66
2816.51
2869.65
2922.41
2975.06
3048.2
3127.23
3172.41
3207.78
3263.53
3325.27
3394.95
3466.98
3530.09
3590.53
3647.98
3704.53
3745.55
3781.82
3829.14
3879.89
3920.22
3957.28
3994.8
4032.46
4059.68
4083.56
4102.23
4119.21
4146.28
4176.65
4192.68
4203.97
4243.12
4291.57
4328.9
4362.46
4429.78
4508.6
4562.53
4607.89
4662.36
4720
4800.33
4888.65
4964.5
5035.93
5137.8
5250.59
5369.98
5491.76
5581.88
5660.4
5752.34
5849.25
5962.15
6081.04
6192.67
6301.56
6409.95
6518.14
6639.18
6765.15
6883.07
6997.86
7123.91
7254.38
7389.08
7525.44
7625.2
7710.32
7846.96
8004.41
8123.53
8227.02
8333.85
8442.04
8525.18
8597.91
8681.06
8768.57
8863.17
8960.78
9058.59
9156.5
9235.9
9307.33
9409.74
9525.62
9622.21
9710.33
9814.78
9926.47
10045.4
10167.6
10283.6
10396.8
10512.1
10628.4
10744.3
10860.1
11010.5
11177.1
11311.2
11430
11568.5
11716.3
11856.9
11994.2
12127.2
12258.2
12390.5
12523.5
12664.8
12810.1
12912.5
12993.6
13089.8
13193.5
13261.7
13312
13387
13474.4
13549.1
13617.2
13671
13717.3
13749.6
13774.6
13820.1
13876.3
13859.7
13804.4
13791
13799.9
13794
13780.1
13772.3
13767.8
13759.7
13749.6
13729.8
13704.6
13665.4
13618.3
13630.6
13676.3
13725
13775.4
13807
13827.8
13884.9
13963
14014.8
14051.1
14112.1
14187.5
14263.3
14339.2
14409.6
14476.8
14594.2
14741.8
14890.5
15039.9
15199.1
15364.3
15536.8
15713.7
15868.5
16009.4
16228.8
16497.3
16723.7
16923.4
17144.6
17379.6
17587.9
17779.2
17956.7
18125.5
18236
18308.6
18368.5
18420
18486.2
18562.1
18601
18615.1
18635.5
18660
18678.4
18692.5
18728.4
18779.3
18821.6
18857.7
18936.5
19045.1
19138.4
19220.9
19278.7
19319
19399
19507.5
19581.2
19629.8
19654.9
19663.1
19727.7
19833.4
19877.8
19876.8
19905
19954.8
20032.2
20130.2
20202.5
20255.3
20323.3
20402.8
20494.4
20595.3
20696.9
20799
20872.9
20924.8
20934.5
20911.1
20947.5
21031.2
21077.9
21095
21126.8
21170.6
21218.1
21268.8
21299
21312.5
21369.4
21462.1
21525.5
21564.4
21646.1
21763.6
21823.8
21835.6
21894.7
21994.1
22053.4
22078.4
22141.1
22236.5
22276.6
22268.4
22345.2
22496.6
22568.7
22570.4
22586.9
22616.7
22635.3
22643.8
22654.9
22668.3
22665.2
22647
22660.8
22704.1
22694.9
22636.9
22636.5
22690.3
22708.7
22693.7
22677.6
22660.4
22686.1
22752.9
22822.1
22893.5
22991.5
23115.3
23219.4
23304.2
23364.1
23399.4
23509
23692.9
23824.1
23902.5
24017.9
24170.8
24318.5
24461.1
24650
24886.7
25091.8
25264.1
25467.5
25703.4
25946.8
26198.2
26467.1
26754.7
27014.8
27245.4
27497.5
27772.8
27995.3
28160.5
28333.8
28516.3
28701.3
28889.4
29060.5
29213
29342.1
29445
29590.5
29784.1
29916.2
29978.4
30018.4
30033
30069
30130
30144.3
30104.1
30048
29973
29934.7
29939.7
29949.1
29963.9
30010.7
30096.2
30107.7
30029.4
30004.1
30043.6
30069.9
30080
30074.3
30049
30017.3
29977.6
29973
30012.9
30060.5
30118.1
30181.5
30252.4
30306.9
30340
30421.2
30565.1
30685.2
30774.1
30875.1
30992
31078.4
31124.1
31215.6
31368.5
31481.6
31540.5
31596.8
31649.3
31661.7
31618.6
31571.9
31520.2
31443.8
31333.1
31203.8
31048.6
30882.8
30702.1
30518.7
30331.5
30103.1
29815.1
29554
29332.2
29072.2
28755.9
28446.7
28148
27860.2
27588.6
27303.7
26998.7
26674
26319.2
26005.9
25756.1
25489.8
25198
24922.3
24671.5
24413.4
24144.2
23885.1
23641.9
23442.9
23314.4
23157.3
22954
22804.2
22741.4
22665.9
22569.7
22527.9
22576
22592.8
22557.6
22546
22573.9
22621.5
22702.5
22785.2
22870.8
22939.6
22979.4
22984.7
22930.1
22910
22950.2
22991.8
23035.9
23063
23059.8
23098.2
23211.3
23280
23268.3
23292.4
23381.8
23478.7
23589.4
23669.4
23692.1
23725.8
23780
23823.2
23845.9
23897
24002.4
24074.6
24082.6
24111.6
24181
24240.4
24279.9
24301.3
24286.7
24288.9
24324.4
24364.5
24413.5
24420.4
24341.5
24278.7
24248.5
24212.3
24163.8
24109.3
24042.6
23969.3
23882.2
23807.4
23758.9
23714.4
23678.5
23633.7
23569.7
23518.8
23496.4
23458.1
23384.7
23284.1
23122.7
22970.3
22838
22698.7
22544
22383.6
22210.4
22039.8
21875.4
21721.4
21591.7
21463.9
21340.5
21213.7
21078.5
20939.8
20792.6
20673.6
20622.6
20578.6
20551.7
20540.3
20567.1
20601.5
20655
20721.5
20820.8
20929.9
21063.6
21195.9
21324.3
21452.3
21579.4
21730
21942.1
22138.5
22293.5
22462.6
22668.8
22891.7
23159.8
23395
23541.3
23702.2
23903.4
24094.1
24255.9
24424.4
24611.8
24779.8
24893
24996.2
25070.9
25155.4
25268
25356.4
25374.6
25398.8
25440.8
25483.4
25528
25567
25589.2
25593.5
25542.9
25482.5
25392
25308.3
25245.5
25170.4
25056.5
24939
24809.8
24690.5
24602.5
24514.2
24424.7
24327
24202.6
24070.9
23915.4
23774.8
23683.8
23602.2
23552.5
23502.8
23453.2
23383
23241.6
23121.9
23078.5
23032.1
22975.6
22924.4
22892.4
22845.3
22743.1
22657.1
22630.8
22612.6
22624.8
22615.5
22526
22444.5
22393.2
22352.1
22349.6
22334.4
22269.8
22201.5
22118
22038.9
21976.6
21920.8
21890.9
21853.2
21784.2
21731.7
21747.6
21743.1
21653.5
21559.1
21444.3
21342.8
21298.6
21240.3
21121.3
21011.9
20944.2
20872.8
20784.1
20690.8
20575.9
20456.7
20318.2
20176.9
20023.2
19875.9
19759.4
19626.3
19414.5
19225.5
19146.8
19045.9
18836.6
18640.5
18510.1
18375.1
18217.8
18065.9
17941.7
17805.9
17609.9
17427.7
17317.9
17207.5
17094.3
16980.7
16864.3
16747.8
16630.6
16514.5
16404.5
16290
16149.7
16021.8
15965
15896.8
15761.3
15630.6
15528.1
15430
15358.4
15288.5
15229.2
15163.1
15053.7
14944.7
14838
14737.1
14673.9
14610.3
14544.3
14477.2
14402.2
14333.4
14306.9
14279.2
14243.2
14207.2
14172.3
14139.8
14125.4
14108.5
14072.7
14043.3
14061.2
14078.7
14093.7
14103.1
14069.6
14045.1
14092
14130.5
14100.8
14077.2
14103.1
14122.9
14091.9
14064.9
14071.5
14075.6
14058.7
14039.7
14003.2
13974.1
14012.1
14043
14007.9
13981.2
14034
14082.6
14091.1
14097.9
14088.2
14077.5
14055.8
14032.7
13994.4
13957.3
13932.5
13904.3
13839
13770.5
13666.7
13564.8
13483.8
13400
13281.9
13168.8
13118.4
13061.5
12921.2
12784.7
12696.5
12608.1
12517.5
12427.3
12343.9
12262.9
12216.3
12163.8
12025.9
11893.6
11844.9
11794
11706.4
11619.1
11534.7
11449.8
11357.8
11265.4
11165.4
11066.8
10993
10917.3
10804.2
10692.9
10615.6
10537.8
10450.3
10360.3
10214.2
10070.1
9971.96
9872.67
9745.1
9616.97
9475.01
9333.61
9207.03
9080.61
8958.53
8835.49
8683.94
8533.13
8405.85
8279.05
8168.26
8057.46
7946.37
7835.17
7719.88
7604.43
7481.65
7358.91
7238.23
7117.93
7017.93
6918.07
6826.46
6734.59
6625.5
6516.88
6445.25
6373.18
6260.69
6148.5
6069.38
5989.65
5822.51
5655.33
5478.4
5301.43
5109.02
4916.57
4685.39
4454.22
