-26.7764
25.4724
77.7212
81.0918
84.3885
86.2915
88.1897
89.8891
91.5874
90.41
89.2112
87.8144
86.4158
84.3258
82.2278
86.1431
90.1391
88.2324
86.2343
84.9236
83.6249
85.9517
88.3494
88.889
89.3885
88.8144
88.215
88.687
89.1865
88.0335
86.8347
85.9269
85.0278
85.5809
86.1803
84.2676
82.2696
85.7676
89.464
85.0773
80.3819
82.5047
84.9024
86.2459
87.5446
88.7477
89.9465
92.0043
94.1023
91.2473
88.1503
85.5286
82.9312
83.5588
84.3581
82.6961
80.8978
84.5786
88.5747
88.8
88.8
89.4585
90.1578
89.449
88.6497
87.1011
85.5026
89.9808
94.876
93.2409
91.1429
87.7417
84.2451
84.5574
85.1568
84.0875
82.8887
85.3902
88.1875
87.4769
86.4778
88.0581
89.8563
87.9777
85.7799
85.2331
84.8335
86.6306
88.6286
89.2566
89.7562
85.152
80.057
83.6014
87.9971
90.6686
93.1662
92.4945
91.4955
92.0325
92.7318
91.2673
89.569
89.31
89.2101
90.2772
91.476
93.481
95.5789
94.9062
93.9072
92.4623
90.9638
92.0458
93.4444
95.5533
97.7512
101.898
106.294
107.065
107.365
108.723
110.221
109.696
108.897
111.434
114.431
118.742
123.238
125.636
127.734
128.436
128.936
133.699
139.094
140.581
141.48
146.365
151.859
152.513
152.414
156.712
161.707
164.637
167.235
172.751
178.745
181.313
183.311
189.155
195.648
205.553
216.042
215.728
213.531
218.717
225.21
239.494
255.179
259.205
261.103
268.396
276.687
282.961
288.855
301.293
314.98
321.72
327.114
327.582
327.083
341.828
359.611
365.592
369.188
379.75
391.738
401.824
411.514
417.986
423.781
440.607
459.788
471.988
482.677
494.596
506.784
532.132
560.405
577.587
592.272
605.819
619.106
644.647
673.019
695.239
716.019
732.033
746.919
767.524
789.503
816.464
844.636
874.733
905.303
923.956
939.641
964.74
992.213
1013.88
1034.06
1047.57
1059.36
1079.86
1102.63
1122.72
1142.11
1163.93
1186.41
1205.51
1223.69
1245.95
1269.32
1288.63
1306.82
1338.18
1373.25
1407.85
1442.31
1467.93
1491.01
1519.51
1549.58
1573.93
1596.61
1616.74
1636.13
1660.5
1686.38
1719.07
1753.84
1774.54
1790.92
1810.58
1831.26
1853.39
1875.97
1909.01
1945.38
1955.64
1957.53
1957.17
1956.07
1971.68
1992.76
2010.09
2026.17
2036.12
2044.01
2067.51
2096.28
2116.56
2133.94
2150.36
2166.45
2198.91
2237.07
2272.87
2307.83
2350.76
2396.51
2432.64
2465.31
2510.66
2560.61
2606.98
2652.03
2702.49
2754.94
2793.86
2827.72
2884.44
2949.78
3002.52
3050.48
3095.62
3139.67
3201.65
3270.58
3334.77
3397.11
3449.72
3498.47
3557.86
3621.5
3686.41
3751.85
3788.26
3812.83
3861.12
3919.16
3980.17
4042.41
4087.47
4125.34
4159.2
4191.37
4221.3
4250.27
4297.39
4352.33
4383.68
4404.76
4445.07
4493.82
4547.9
4604.35
4643.61
4675.18
4711.49
4749.96
4815.94
4894.46
4954.1
5005.05
5055.18
5104.93
5159.78
5217.03
5276.98
5338.22
5412.52
5493.04
5548
5590.66
5641.45
5696.2
5750.14
5803.69
5839.79
5867.26
5928.06
6005.49
6041.83
6057.52
6082.08
6111.16
6138.31
6164.49
6176.96
6182.35
6190.57
6200.26
6209.03
6217.33
6224.97
6232.26
6245.02
6260.7
6259.58
6249.39
6242.37
6237.07
6229.65
6221.06
6202.31
6177.93
6182.34
6202.82
6203.04
6191.85
6190.73
6195.33
6215.23
6243.9
6255.1
6256.19
6272.7
6298.17
6321.07
6342.45
6361.76
6379.84
6417.63
6467.18
6511.37
6552.33
6608.33
6673.46
6728.93
6778.49
6859.29
6959.4
7039.98
7108.41
7189.49
7278.5
7373.57
7472.47
7552.84
7621.37
7699.57
7783.99
7856.89
7922.33
7962.7
7986.67
8037.08
8104.91
8135.42
8141.11
8146.87
8152.66
8154.82
8154.52
8176.21
8212.87
8238.93
8257.71
8264.63
8263.33
8271.98
8287.56
8305.67
8325.55
8354.96
8391.12
8429.73
8470.09
8492.69
8502.48
8537.44
8590.68
8611.41
8608.31
8618.95
8639.73
8653.12
8661.02
8680.78
8709.45
8733.63
8754.41
8789.93
8836.68
8856.15
8854.65
8864.98
8884.46
8910.67
8942.14
8962.48
8974.07
9009.39
9063.54
9091.6
9098.79
9104.6
9109.29
9104.34
9091.56
9100.02
9125.9
9150.57
9174.25
9213.03
9264.38
9288.61
9290.11
9285.44
9275.55
9290.36
9326.23
9350
9363.39
9374.26
9382.95
9395.59
9411.67
9446.95
9499.1
9524.98
9527.57
9545.42
9576.89
9590.22
9587.22
9591.66
9602.85
9606.48
9603.18
9595.21
9582.92
9564.05
9539.08
9533.14
9545.03
9548.69
9544.6
9525.96
9493.49
9507.49
9566.03
9594.09
9592.69
9606.27
9634.44
9658.43
9678.31
9728.02
9807.25
9859.05
9883.53
9905.37
9924.55
9976.09
10060.4
10129.7
10183.8
10242
10304.4
10368.6
10434.6
10519.8
10625
10725.1
10819.8
10901.4
10969
11057.6
11168.5
11267.4
11353.4
11440
11527.2
11615.8
11705.9
11784.3
11849.9
11887.8
11895
11943.3
12037.7
12101.5
12130.7
12173.7
12232.5
12270.5
12284.5
12261.4
12195.3
12166.7
12181.7
12200
12222.2
12211.8
12162.8
12156.4
12200.6
12202.5
12153.3
12125.8
12124.6
12137.8
12168.5
12179.9
12167.6
12157.6
12150.5
12138.9
12121.5
12128.8
12167.4
12189.5
12190.7
12189.3
12184.5
12184.1
12189.4
12216.7
12272.6
12316.2
12343.4
12363.5
12374.1
12400.5
12448
12476.4
12479.3
12495.5
12529.8
12565.5
12603
12603.6
12553.3
12531.9
12550.8
12539.1
12484.7
12436.1
12395.7
12331.7
12234.1
12150.7
12087.8
12001.4
11881.2
11769.7
11670.9
11564.6
11446.9
11337.8
11241.5
11148.2
11059.5
10948.1
10802.3
10664.2
10537.7
10413.5
10292.6
10186.9
10104.7
10010.9
9899.1
9780.59
9651.51
9555
9510.04
9435.19
9312.61
9212.77
9149.53
9079.32
8997.8
8937.01
8910.13
8885.94
8866.16
8864
8891.17
8913.09
8926.17
8925.12
8900.15
8904.99
8960.74
9003.75
9024.82
9036.26
9030.97
9027.13
9025.83
9026.62
9031.12
9034.9
9037.39
9051.47
9086.34
9120.45
9153.22
9167.9
9149.51
9147.69
9176.36
9208.24
9246.11
9269.13
9264.34
9269.32
9292.8
9310.6
9317.6
9336.51
9378.37
9394.01
9358.74
9339.15
9350.24
9371.67
9413.53
9432.29
9405.01
9399.64
9438.3
9463.7
9462.21
9448.64
9410.38
9376.97
9353.59
9323.44
9279.19
9245.85
9235.46
9215.21
9174.05
9141.35
9126.77
9110.22
9089.44
9058.73
9006.38
8965.71
8950.73
8930.87
8900.2
8864.1
8815.85
8761.38
8692.85
8620.48
8539.36
8472.06
8436.59
8388.6
8311.47
8245.04
8203.68
8157.6
8100.36
8041.46
7978.63
7935.87
7941.56
7940.1
7921.22
7910.57
7920.16
7930.01
7940.5
7953.44
7972.52
7996.07
8030.94
8063.92
8092.09
8136.95
8224.87
8309.23
8384.36
8450.55
8493.2
8535.7
8577.76
8638.74
8750.53
8845.71
8895.86
8952.08
9024.91
9101.24
9187.26
9260.71
9299.07
9336.6
9371.77
9414.84
9480.48
9533.11
9548.3
9561.59
9569.38
9593.25
9664.38
9704.31
9651.57
9611.95
9611.75
9607.71
9592.03
9574.03
9548.96
9524.15
9500.17
9474.5
9443.53
9411.12
9374.16
9327.87
9251.75
9192.8
9189.4
9168.31
9089.39
9027.08
9019.69
9004.61
8963.85
8919.08
8860.73
8814.24
8808.25
8793.22
8746.96
8709.04
8700.25
8685.87
8651.7
8622.23
8609.54
8587.83
8533.48
8489.58
8483.88
8476.08
8460.5
8446.77
8439.97
8426.47
8387.5
8348.36
8308.5
8276.41
8274.51
8276.02
8290.9
8291.14
8233.1
8184.29
8172.7
8162.1
8155.51
8142.39
8102.33
8065.41
8041.63
8018.39
7997.41
7978.98
7971.49
7956.4
7908.35
7859.48
7807.04
7755.63
7708.88
7667.7
7651.72
7630.21
7583.46
7534.85
7477.6
7419.62
7358.18
7301.47
7267.31
7224.33
7138.82
7062.36
7030.29
6992.08
6923.35
6856.96
6802.42
6751.65
6720.18
6683.12
6617.09
6549.57
6474.24
6405.17
6369.51
6335.35
6309.38
6278.38
6219.73
6165.95
6139.27
6108.35
6053.3
5996.51
5929.67
5869.78
5850.5
5831.88
5817.2
5799.5
5763.64
5728.37
5696.81
5663.8
5621.84
5583.78
5570.39
5552.29
5503.84
5458.35
5432.27
5404.9
5368.83
5334.35
5310.57
5289.24
5284.85
5279.3
5265.61
5255.7
5272.89
5286.34
5272.55
5259.43
5251.24
5242.76
5232.17
5221.8
5213.11
5208.11
5232.19
5254.83
5265.92
5275.34
5271.15
5266.77
5260.88
5254.27
5241.58
5227.57
5201.99
5180.23
5192.42
5202.92
5198.13
5193.47
5190.07
5189.8
5219.27
5246.97
5257.36
5266.31
5260.91
5255.19
5246.1
5236.81
5225.53
5214.03
5200.35
5186.02
5164.64
5143.09
5119.61
5097.11
5085.92
5071.79
5022.53
4973.56
4928.01
4882.77
4841.61
4800.6
4761.54
4722.42
4682.56
4642.3
4596.44
4553.77
4556.37
4555.06
4496.42
4439.38
4406.61
4375.02
4362.04
4347.51
4307.84
4269.39
4251.31
4231.51
4181.55
4132.81
4106.14
4079.52
4053.84
4027.28
3983.12
3939.46
3906.09
3872.28
3828.82
3785.13
3736.08
3686.52
3624.88
3565.01
3549.73
3533.06
3479.72
3426.67
3382.22
3337.42
3282.58
3228.21
3189.05
3149.65
3102.09
3054.38
3000.94
2947.92
2912.26
2876.17
2821.72
2767.67
2732.1
2696.44
2655.88
2615.43
2581.06
2546.89
2526.01
2504.67
2447.42
2390.54
2366.87
2342.88
2284.24
2225.69
2180.23
2134.69
2071.15
2007.58
1932.55
1857.51
1773.2
1688.88
