-65.5783
-17.5254
30.5275
37.3831
44.1764
41.2133
38.2163
41.9757
45.7719
47.0891
48.3878
41.6701
34.8768
41.0226
47.3165
44.837
42.2395
40.5275
38.8292
39.4873
40.1866
40.9839
41.7831
41.2132
40.6138
39.624
38.625
43.0805
47.676
47.6056
47.4058
41.2883
34.9945
38.6726
42.6687
41.5439
40.2452
39.4286
38.6294
39.1774
39.7768
38.9357
38.0366
39.5334
41.1318
41.1043
41.0044
41.0954
41.1953
41.962
42.7612
39.7583
36.5614
37.064
37.7633
41.3024
44.9988
43.9719
42.6732
41.3745
40.0757
39.6237
39.2241
41.6408
44.2383
42.7137
40.9155
38.4628
35.9653
39.345
43.1413
41.7243
39.926
41.2864
42.8848
41.0532
38.9553
38.0599
37.2607
40.6155
44.3119
43.034
41.3357
41.1081
41.0082
40.2662
39.467
38.2101
36.9114
40.2706
44.0669
42.3038
40.0061
39.6181
39.4183
40.2167
41.1158
40.385
39.4859
39.2193
39.0195
39.9016
40.9006
44.7784
48.9743
46.6172
43.5202
44.0957
45.0947
47.1662
49.3641
46.3003
42.604
45.0475
48.2443
49.9318
51.4303
50.6255
49.5265
47.9856
46.3872
49.9044
54.1003
57.4161
60.613
61.1756
61.3754
61.3124
61.2125
63.298
65.6957
68.9655
72.3622
74.5405
76.5385
78.2761
79.9744
83.1456
86.5422
84.9255
82.5278
86.5121
91.5072
93.5767
95.1752
100.98
107.474
107.115
105.617
109.502
114.297
114.829
114.63
122.511
131.802
134.218
135.417
143.221
152.212
155.374
157.472
164.206
171.798
174.429
176.128
182.608
190.001
195.971
201.665
207.944
214.338
217.066
219.064
229.207
240.995
246.897
251.592
259.431
267.923
275.342
282.534
288.987
295.28
306.995
319.882
327.69
334.383
343.365
352.856
369.686
388.167
395.017
399.212
420.288
445.264
458.257
468.447
482.918
498.403
519.527
542.005
553.312
561.903
574.504
588.09
603.196
618.681
631.693
644.081
653.683
662.574
677.023
692.907
710.455
728.437
740.89
751.879
768.936
787.618
804.177
820.161
830.265
838.757
858.746
881.923
901.278
919.56
931.927
942.617
963.01
986.187
1004.87
1022.26
1041.18
1060.56
1079.56
1098.44
1109.64
1118.53
1142.6
1171.27
1190.23
1206.22
1217.17
1226.56
1244.92
1266.1
1280.61
1292.99
1300.92
1307.41
1316.92
1327.41
1331.73
1334.03
1346.91
1363.3
1380.5
1397.99
1412.33
1425.62
1440.77
1456.55
1471.37
1485.86
1500.12
1514.31
1539.65
1568.93
1602.1
1636.67
1660.8
1681.18
1714.02
1751.38
1786.77
1821.44
1846.33
1867.61
1902.93
1943.49
1982.16
2020.13
2049.12
2074.69
2108.42
2145.29
2182.08
2218.84
2267.66
2321.21
2361.95
2397.61
2430.14
2461.41
2500.57
2542.93
2581.03
2617.4
2650.93
2683.3
2715.1
2746.67
2774.3
2800.27
2834.25
2871.61
2908.14
2944.3
2981.65
3019.52
3040.6
3054.39
3081.85
3115.32
3155.01
3197.47
3223.16
3241.34
3286.09
3342.83
3375.56
3397.34
3430.13
3468
3503.33
3537.5
3571.6
3605.67
3663.61
3732.84
3775.49
3805.46
3846.43
3892.68
3930.46
3964.13
4003.56
4045.82
4074.71
4096.99
4131.2
4171.36
4196.03
4212.92
4239.08
4269.95
4288.79
4301.48
4322.14
4346.91
4364
4377.09
4381.27
4380.77
4385.82
4393.81
4401.68
4409.47
4403.96
4391.27
4391.91
4399.8
4398.21
4391.42
4390.86
4393.76
4400.51
4409.4
4397.83
4374.76
4382.9
4408.78
4420.04
4422.94
4445.41
4479.17
4479.73
4460.95
4479.24
4519.3
4547.19
4567.87
4583.17
4595.26
4627.3
4671.36
4710.19
4745.86
4804.39
4876.92
4931.28
4974.44
5024
5077.55
5148.84
5231.26
5297.71
5354.05
5410.46
5466.9
5521.58
5575.13
5629.65
5684.79
5738.61
5791.56
5813.32
5814.52
5837.92
5876.08
5891.1
5890.6
5898.33
5911.62
5936.67
5969.74
5997.59
6021.87
6039.47
6052.46
6055.21
6050.81
6065.53
6093.71
6121.88
6150.05
6182.48
6217.94
6241.27
6255.86
6278.6
6307.28
6323.49
6330.59
6347.05
6370.42
6391.39
6410.58
6426.05
6438.73
6462.29
6494.05
6515.96
6530.35
6559.31
6599.47
6608.27
6592.79
6615.22
6667.27
6694.17
6701.26
6722.22
6754.19
6781.17
6804.14
6811.14
6805.24
6808.06
6817.95
6846.01
6888.97
6899.7
6883.81
6886.09
6903.47
6919.01
6932.99
6953.04
6978.22
7009.49
7045.95
7072.2
7089.69
7090.94
7078.16
7085.38
7110.05
7128.08
7140.27
7164.69
7199.96
7228.89
7252.17
7260.89
7256.49
7248.38
7236.89
7233.9
7238.7
7244.74
7251.93
7256.64
7259.04
7266.39
7278.38
7265.44
7228.98
7229.27
7264.54
7281.14
7279.84
7288.9
7307.98
7326
7342.99
7369.65
7405.81
7444.09
7484.45
7530.01
7580.76
7613.47
7628.06
7664.29
7722.43
7773.8
7818.25
7887.77
7983.08
8041.75
8062.43
8110.81
8188.13
8250.28
8296.43
8363.23
8451.94
8528.78
8592.92
8668.69
8757
8835.12
8902.15
8962.85
9016.6
9073.05
9132.49
9190.18
9245.93
9299.41
9350.36
9386.03
9404.41
9433.9
9476.06
9499.34
9500.94
9509.35
9525.63
9531.4
9524.91
9525.44
9534.23
9544.81
9557.49
9556.8
9540.11
9527.69
9520.4
9514.86
9511.47
9519.62
9541.9
9561.98
9579.37
9579.51
9558.23
9563.52
9602.08
9617.15
9602.57
9609.39
9643.45
9661.07
9657.57
9667.75
9695.63
9735.08
9789.62
9825.39
9836.48
9840.22
9834.23
9864.25
9942.38
9988.35
9991.05
9990.14
9984.35
9985.81
9997.2
10017.8
10051
10048.7
9996.71
9960.91
9947.72
9933.21
9916.82
9884.7
9830.15
9767.93
9694.7
9640.25
9612.98
9559.99
9469.48
9375.37
9275.97
9180.51
9090.9
8992.72
8881.72
8789.86
8726.82
8662.55
8596.42
8529.14
8460.11
8369.52
8245.64
8141.49
8068.06
7986.01
7890.4
7794.48
7698.08
7628.18
7600.61
7560.33
7499.59
7452.71
7428.33
7397.89
7357.53
7334.43
7339.83
7350.47
7369.85
7375.81
7359.22
7335.96
7301.4
7283.47
7293.96
7321.6
7378.74
7416.86
7421.96
7424.44
7422.34
7435.59
7475.95
7503.78
7509.27
7515.48
7522.97
7518.42
7492.04
7491.08
7536.53
7577.88
7611.64
7634.47
7636.97
7641.94
7651.53
7674.84
7724.09
7756.06
7755.06
7765.54
7798.11
7819.16
7817.86
7823.58
7843.07
7860.6
7874.29
7881.93
7877.53
7876.92
7883.92
7882.17
7862.68
7851.83
7858.62
7850.65
7812.19
7786.91
7789.11
7777.94
7738.68
7705.95
7687.07
7677.44
7687.63
7687.04
7663.17
7630.3
7577.85
7544.14
7551.63
7544.26
7503.9
7464.68
7428.02
7384.15
7324.01
7275.26
7252.48
7219.02
7160.98
7095.12
7011.11
6951.87
6950.77
6937.21
6894.16
6852.96
6816.19
6781.12
6750.16
6729.74
6735.03
6735.68
6724.89
6720.56
6732.24
6747.38
6771.16
6801.69
6849.35
6887.59
6901.77
6924.69
6970.15
7013.28
7050.34
7104.05
7201.55
7281.82
7316.29
7354.8
7404.15
7455.95
7514.39
7574.01
7636.85
7695.52
7742.68
7797.02
7871.45
7935.84
7971.9
8011.13
8059.38
8106.58
8150.74
8178.95
8160.77
8152.78
8174.76
8196.16
8215.84
8230.75
8231.35
8231.87
8232.17
8223.55
8187.59
8153.67
8126.1
8099.03
8073.56
8043.77
8000.31
7968.32
7973.01
7965.68
7919.42
7872.49
7823.34
7774.23
7725.28
7686.22
7680.22
7668.71
7638.54
7609.79
7585.92
7554.13
7494.98
7442.71
7414.44
7393.17
7396.67
7390.08
7347.42
7318.3
7338.19
7347.77
7319.7
7293.18
7272.4
7255.96
7255.76
7257.5
7266.59
7266.32
7230.16
7196.26
7171.19
7146.09
7120.92
7098.03
7084.24
7069.54
7051.16
7033.53
7018.94
7003.32
6983.44
6961.23
6929.26
6898.4
6872.22
6847.94
6831.75
6811.87
6775.9
6740.79
6709.42
6686.18
6699.17
6700.16
6647.02
6597.77
6566.4
6529.63
6467.79
6407.23
6352.68
6302.97
6276.3
6243.63
6181.99
6123.62
6081.26
6038.18
5991.53
5945.63
5903.57
5861.47
5819.11
5775.18
5723.13
5673.89
5639.43
5602.97
5555.92
5511.06
5478.09
5441.94
5388.3
5337.93
5305.86
5275.26
5252.98
5226.68
5177.23
5133
5119.31
5101.28
5057.42
5013.62
4970.17
4934.07
4943.16
4942.85
4883.91
4825.43
4769.89
4725.8
4755.57
4776.5
4739.43
4703.23
4672.76
4642.97
4617.79
4594.47
4583.98
4572.32
4552.44
4536.06
4544.76
4550.69
4536.5
4525.47
4537.86
4546.81
4529.72
4516.51
4533.2
4544.72
4515.65
4492.86
4520.54
4546.13
4554.73
4561.18
4549.79
4537.12
4513.44
4492.87
4499.36
4505.11
4504.21
4502.49
4493.3
4487.12
4509
4527.02
4508.34
4492.5
4504.29
4516.32
4530.81
4542.21
4522.13
4503.3
4497.61
4493.05
4500.75
4506.07
4485.29
4465.27
4453.88
4439.87
4395.41
4352.79
4332.01
4310.47
4279.6
4248.44
4213.57
4180.03
4163.64
4146.1
4113.03
4080.44
4054.36
4026.8
3978.15
3930.85
3903.38
3876.15
3852.67
3829.33
3808.15
3785.71
3742.76
3700.2
3664.44
3630.3
3624.81
3618.31
3593.43
3568.41
3540.64
3512.28
3472.42
3433.22
3407.65
3381.58
3344.92
3308.16
3269.19
3230.75
3204.68
3178.15
3140.39
3101.86
3042.81
2984.76
2954.49
2923.93
2884.67
2844.96
2791.01
2737.42
2696.06
2655.38
2639.6
2622.71
2562.07
2502.25
2478.08
2453.73
2421.36
2388.68
2339.53
2290.76
2264.49
2238.08
2203.12
2168.07
2126.51
2085.08
2055.91
2026.59
1980.23
1934.04
1910.26
1886.35
1836.2
1786.02
1725.48
1664.94
1602.5
1540.06
