-70.5766
-18.6275
33.3216
38.0883
42.7837
39.7138
36.6168
38.2891
39.9874
40.0991
40.199
41.4866
42.7853
40.8245
38.8265
38.5043
38.2045
37.1178
36.0189
35.9018
35.8019
36.0939
36.3937
37.7691
39.1677
39.688
40.1875
39.4208
38.6215
39.6693
40.7682
40.703
40.6031
40.2127
39.8131
40.4763
41.1756
42.9356
44.7338
38.7377
32.4438
34.4087
36.7065
39.1
41.4977
41.8869
42.1866
42.0091
41.8093
43.4192
45.1175
42.3484
39.3513
40.0537
40.9528
42.1359
43.3347
42.4553
41.4563
41.3057
41.2058
40.4474
39.6482
38.6612
37.6622
40.4105
43.4075
39.5801
35.2843
35.8396
36.7387
39.6859
42.7829
43.5574
44.1568
44.0146
43.8148
42.5974
41.2987
41.2
41.2
40.0025
38.7037
39.0596
39.5591
40.7924
42.0911
42.1085
42.0086
41.726
41.4263
41.4
41.4
42.0366
42.7359
43.2537
43.7532
44.8866
46.0854
46.0193
45.8195
42.8248
39.528
42.2587
45.6554
45.8205
45.6206
45.2417
44.8421
47.7494
51.0461
48.3679
44.9712
46.5576
48.7555
50.9533
53.1512
53.4
53.4
55.0795
56.9777
57.3764
57.5762
60.3281
63.4251
65.2049
66.8034
70.4169
74.3131
75.9364
77.2351
80.7144
84.5107
83.7816
82.383
88.4517
95.6447
99.199
102.196
101.044
99.2459
102.277
106.073
107.546
108.645
114.294
120.688
126.482
132.177
135.136
137.634
144.565
152.258
160.631
169.122
170.824
171.324
177.751
185.243
190.539
195.435
202.016
208.909
218.745
229.135
237.092
244.585
251.91
259.203
262.07
264.068
274.73
287.118
294.103
299.998
304.814
309.409
321.615
335.402
346.63
357.319
370.643
384.53
392.749
399.742
412.963
427.548
446.63
466.71
480.511
492.899
508.622
525.106
545.161
566.04
590.563
615.938
636.387
655.668
670.679
684.665
704.84
726.519
743.467
759.252
779.275
800.355
826.859
854.732
871.383
885.169
902.131
919.914
930.411
939.002
966.87
999.837
1009.64
1013.23
1034.28
1060.05
1082.46
1103.94
1126.04
1148.32
1178.63
1211.2
1234.43
1255.01
1277.22
1299.9
1331.71
1366.18
1386.05
1401.63
1421.84
1443.42
1475.37
1510.44
1529.48
1543.67
1561.3
1579.98
1604.38
1630.55
1649.12
1665.31
1668.06
1666.56
1683.91
1707.28
1716.77
1721.77
1728.57
1735.96
1744.86
1754.25
1768.96
1785.44
1808.42
1833.6
1849.91
1863.19
1892.98
1928.44
1940.86
1945.26
1987.64
2043.39
2086.53
2125.19
2155.4
2182.57
2224.55
2271.91
2313.78
2353.64
2386.35
2416.42
2462.13
2513.68
2548.4
2576.77
2620.41
2669.86
2719.31
2768.76
2817.06
2864.92
2919.08
2975.73
3041.1
3109.94
3158.79
3199.65
3243.14
3287.7
3333.32
3379.37
3417.57
3452.54
3488.91
3525.88
3551.3
3571.88
3610.99
3657.94
3700.63
3741.49
3754.57
3755.67
3797.55
3857.19
3897.4
3929.07
3978.87
4036.71
4090.69
4142.94
4180.6
4211.67
4250.63
4293.19
4337.53
4382.68
4439.85
4502.59
4561.38
4618.32
4674.66
4730.7
4789.79
4850.33
4893.07
4927.23
4984.74
5053.57
5091.82
5115.1
5152.02
5195.67
5233.13
5267.5
5295.15
5319.43
5349.07
5381.44
5407.13
5429.41
5452.94
5477.12
5495.78
5511.56
5527.94
5544.62
5530.42
5499.85
5513.68
5551.24
5529.94
5476.89
5444.29
5422.81
5430.68
5454.66
5455.42
5443.33
5430.79
5418
5422.09
5435.68
5440.85
5441.25
5474.56
5526.71
5540.99
5533.39
5530.22
5529.62
5551.18
5585.74
5609.27
5626.25
5660.06
5703.92
5748.34
5793.09
5832.69
5869.15
5932.01
6011.04
6079.31
6140.95
6219.89
6309.61
6383.36
6447.1
6541.12
6654.31
6736.09
6797.83
6857.02
6914.56
6985.37
7064.79
7111.36
7136.43
7173.97
7219.73
7220.12
7190.35
7203.82
7246.28
7266.32
7271.22
7252.76
7218.39
7226.08
7262.64
7287.81
7305.09
7329.91
7359.98
7387.23
7412.51
7440.12
7469.39
7512.47
7565.42
7587.31
7586.81
7590.24
7596.54
7612.4
7635.28
7645.92
7647.52
7662.97
7688.75
7700.08
7700.58
7724.52
7766.18
7793.44
7809.72
7843.52
7890.77
7930.99
7965.75
7989.69
8005.18
8001.38
7982.4
8004.97
8060.51
8090.75
8100.74
8094.58
8075.4
8081.9
8109.27
8122.59
8124.39
8136.91
8158.29
8181.85
8207.22
8237.71
8272.47
8296.95
8312.74
8329.6
8347.38
8364.36
8380.64
8405.33
8437.3
8454.76
8459.56
8460.04
8456.75
8484.75
8540.5
8565.06
8561.76
8558.41
8555.01
8560.47
8573.96
8573.41
8560.02
8556.61
8562.41
8553.65
8531.37
8536.59
8567.56
8565.74
8532.97
8523.55
8536.34
8548.46
8559.95
8575.25
8594.23
8616.35
8641.53
8670.43
8703
8744.16
8793.81
8834.36
8865.83
8894.8
8921.28
8969.19
9038.82
9105.24
9168.38
9229.35
9288.1
9363.71
9456.82
9549.63
9642.14
9718.65
9778.29
9861.62
9970.12
10069.7
10159.7
10242.4
10317.2
10390.9
10463.3
10531.3
10594.3
10655.4
10714.2
10772.6
10830.4
10890.6
10953.4
10990
10996.8
11018.1
11056
11084.6
11102.7
11100.9
11076.1
11074.6
11100.3
11098.3
11063.7
11034.5
11011.6
11013.8
11045.7
11049.4
11019
10994.5
10977.2
10978.7
11003.4
11029.2
11056.5
11077.7
11091.4
11080.5
11038.8
11002.5
10972.8
10987.9
11060.1
11100.9
11101.5
11111.5
11133.6
11160.8
11194.5
11222.5
11243.2
11268.5
11300
11338.7
11387
11426.3
11453.3
11471.3
11477.2
11484.6
11493.9
11508.4
11529.9
11517.4
11457.8
11410.1
11379.1
11343.5
11301.2
11250.6
11188.2
11122.1
11050.8
10955
10823.8
10715.8
10641.4
10550.2
10434.3
10305.3
10157
10038.2
9963.24
9870.11
9749.53
9635.13
9530.13
9438.79
9368.35
9279.08
9160.7
9045.98
8936.99
8839.66
8760.63
8683.43
8609.1
8537.35
8469.72
8406.18
8349.24
8312.44
8308.34
8282.42
8220.78
8174.86
8154.88
8143.75
8147.35
8167.17
8214.22
8246.73
8254.62
8259.6
8259.6
8257.91
8253.31
8246.56
8236.08
8240.44
8270.81
8284.89
8270.2
8267.95
8287.83
8305.57
8319.45
8337.14
8361.72
8378.62
8381.52
8400.27
8448.22
8480.34
8483.04
8492.65
8515.23
8538.05
8561.33
8583.37
8603.05
8613.98
8608.09
8622
8674.35
8714.94
8732.53
8734.83
8706.96
8700.65
8737.31
8753.6
8728.93
8700.95
8666.28
8633.19
8603.32
8592.42
8620.7
8615.5
8540.57
8487.16
8478.97
8474.71
8478.81
8473.2
8446.83
8422.95
8404.47
8382.31
8352.14
8320.81
8286.95
8237.5
8153.48
8094.32
8090.82
8079.7
8051.32
8001.61
7903.21
7819.9
7771.34
7718.98
7657.74
7599.33
7547.58
7499.04
7458.08
7416.29
7372.54
7340.75
7337.85
7334.35
7329.35
7327.5
7333.4
7340.01
7348.4
7358.7
7373.79
7393
7422.67
7458.81
7511.45
7561.76
7606.02
7662.1
7749.02
7821.85
7857.61
7903.37
7975.7
8049.9
8129.13
8206.98
8281.1
8351.51
8411.76
8472.98
8536.92
8612.07
8718.57
8799.5
8808.29
8812.78
8804.98
8813
8866.55
8904.12
8895.23
8892.28
8906.76
8926.73
8963
8976.67
8922.52
8881.63
8880.93
8876.2
8859.11
8833.64
8782.2
8739.64
8724.96
8705.5
8670.93
8629.78
8567.54
8512.78
8482.21
8446.91
8396.16
8360.03
8372.22
8364.11
8288.19
8223.58
8197.2
8172.84
8155.36
8134.85
8103.88
8069.71
8024.35
7986.25
7973.76
7958
7930.52
7903.85
7880.07
7862.58
7868.07
7866.96
7841.39
7815.94
7790.96
7771.37
7772.17
7769.51
7753.63
7732.61
7691.65
7662.44
7679.43
7687.58
7660.61
7634.13
7609.65
7589.03
7584.14
7570.15
7518.6
7477.85
7482.24
7480
7449.63
7419.39
7389.72
7354.29
7293.85
7243.75
7239.15
7228.42
7190.36
7152.08
7112.82
7069.67
7008.73
6950.27
6903.32
6861.76
6845.58
6818.18
6737.36
6665.64
6637.86
6602.5
6529.97
6455.23
6369.52
6290.47
6245.02
6198.45
6146.2
6097.55
6067.58
6035.74
5994.09
5950.98
5900.13
5851.14
5812.28
5773.71
5736.75
5698.9
5656.15
5611.9
5559.26
5512.06
5496.28
5474.7
5419.26
5369.88
5356.6
5341.89
5318.61
5289.67
5225.93
5168.22
5148.14
5128.99
5115.7
5100.32
5071.45
5042.28
5011.11
4982.61
4971.92
4960.48
4944
4927.87
4914.18
4898.47
4868.5
4838.71
4810.24
4786.7
4799.19
4810.02
4808.52
4809.73
4831.41
4848.03
4825.65
4807.45
4822.14
4834.13
4824.44
4816.23
4820.23
4823.36
4819.27
4816.57
4825.86
4832.41
4815.03
4798.69
4791.7
4786.28
4795.17
4803.22
4803.42
4804.28
4811.48
4817.94
4817.34
4815.96
4806.77
4798.07
4794.37
4791.09
4792.09
4790.41
4760.04
4730.24
4706.77
4683.66
4664.78
4643.66
4596.5
4551.37
4530.29
4508.51
4478.14
4447.59
4414.82
4383.76
4374.87
4361.92
4294.69
4230.32
4205.55
4179.63
4137.47
4097.59
4091.2
4082.08
4031.53
3982.39
3955.52
3929.13
3910.65
3891.83
3867.25
3841.56
3796.41
3752.49
3731.11
3708.67
3666.11
3624.04
3591.68
3558.97
3519.31
3480.04
3449.17
3416.96
3354.32
3293.5
3276.01
3256.91
3197.07
3138.28
3107.31
3076.44
3048.57
3019.8
2964.26
2909.12
2866.96
2824.7
2779.15
2733.34
2678.4
2624.14
2597.06
2569.4
2516.25
2463.71
2439.83
2415.71
2378.85
2341.83
2295.47
2249.26
2212.8
2176.71
2169.62
2161.98
2104.43
2047.15
2018.68
1990.04
1937.79
1885.57
1839.72
1793.78
1718.55
1643.31
1554.3
1465.28
