124.399
123.3
122.202
128.085
133.979
125.637
117.245
121.075
124.971
125.595
126.194
124.418
122.62
119.439
116.242
125.663
135.254
124.972
114.382
120.189
126.283
121.402
116.307
121.09
126.085
127.469
128.767
123.345
117.751
118.183
118.783
117.636
116.437
119.692
123.088
122.137
121.038
120.036
119.037
116.402
113.704
118.305
123.201
126.275
129.272
124.618
119.623
118.541
117.642
115.695
113.697
112.079
110.481
117.04
124.033
117.774
110.78
113.612
117.008
119.462
121.86
125.669
129.565
121.82
113.329
115.236
117.833
115.943
113.745
111.174
108.577
111.658
115.155
113.077
110.58
113.83
117.526
120.298
122.995
118.492
113.397
112.724
112.424
112.124
111.824
114.919
118.315
115.122
111.326
118.033
125.725
120.02
113.027
113.855
115.453
113.059
110.262
113.894
118.189
114.263
109.468
106.205
103.108
105.499
108.496
110.057
111.455
115.81
120.505
120.106
119.107
118.911
118.811
114.885
110.489
113.64
117.736
119.617
121.216
116.98
111.985
115.457
120.053
118.576
116.278
124.254
133.645
130.594
125.799
121.965
118.269
111.956
105.263
110.231
116.924
118.842
120.041
121.153
122.252
121.449
120.35
120.372
120.572
124.73
129.525
123.418
115.525
115.856
117.554
113.271
107.976
115.47
125.161
123.878
120.681
122.916
126.113
123.89
120.693
118.341
116.143
124.228
134.219
132.773
129.176
130.613
133.011
133.232
133.033
134.085
135.384
132.184
128.088
133.633
141.126
140.825
138.926
139.096
139.696
137.737
135.239
141.962
150.654
148.504
144.008
147.87
153.565
154.927
155.326
159.722
165.017
166.895
167.994
171.933
176.528
178.938
180.836
183.219
185.716
187.247
188.546
191.211
194.208
201.374
209.566
210.8
210.3
213.71
218.106
224.969
232.462
228.681
221.987
230.42
242.808
241.529
236.634
242.535
251.326
253.357
253.557
258.932
265.725
271.267
276.462
273.153
267.458
271.258
277.752
282.383
286.479
288.561
290.06
295.498
302.091
307.683
312.978
318.196
323.391
324.906
325.306
324.559
323.46
329.911
338.702
343.158
346.255
346.621
346.121
344.032
341.435
348.272
358.162
357.589
353.593
357.856
364.849
374.613
385.302
389.867
392.365
394.043
395.441
402.413
411.304
424.345
438.831
447.182
453.376
458.98
464.375
474.695
486.784
501.291
516.676
535.352
555.232
568.987
580.476
592.401
604.489
625.862
650.738
671.779
691.36
712.6
734.479
755.925
777.205
802.287
828.861
862.948
900.012
929.868
956.842
986.021
1016.09
1046.52
1077.09
1117.71
1162.46
1200.3
1235.27
1273.47
1313.03
1352.52
1391.98
1419.41
1441.69
1501.03
1576.35
1623.56
1658.53
1699.04
1742
1795.48
1853.62
1902.38
1946.94
2001.81
2061.36
2130.71
2204.54
2254.55
2293.62
2350.35
2415.29
2484.37
2555.4
2610.97
2659.22
2714.1
2772.14
2818.45
2859.11
2919.41
2989.24
3034.33
3067.3
3105.61
3146.57
3175.27
3197.84
3241.69
3296.24
3324.81
3340.19
3357.36
3375.44
3385.09
3390.39
3412.56
3443.53
3461.93
3473.72
3484.46
3494.65
3504.12
3513.21
3515.17
3513.27
3511.37
3509.47
3499.38
3484.79
3491.18
3509.16
3509.06
3498.87
3507.02
3525.51
3517.54
3494.56
3479.15
3468.06
3478
3500.07
3517.73
3532.82
3530.66
3518.37
3517.31
3522.91
3522.62
3518.83
3528.06
3545.15
3560.36
3574.45
3573.48
3563.29
3567.06
3579.45
3605.63
3640.39
3651.65
3648.15
3671.09
3710.75
3719.49
3708.5
3703.29
3701.79
3695.81
3686.91
3677.66
3668.17
3664.22
3663.92
3643.7
3610.23
3563.54
3508
3481.49
3474.59
3471.74
3471.64
3459.4
3438.82
3416.17
3392.1
3382.14
3382.04
3383.64
3386.44
3371.47
3343.9
3354.77
3393.13
3388.71
3353.44
3336.23
3332.13
3332.19
3335.28
3331.66
3323.07
3325.58
3336.37
3347.45
3358.74
3349.1
3323.62
3321.33
3336.71
3346
3350.59
3352.66
3352.76
3358.18
3367.77
3362.38
3345.2
3340.89
3346.78
3347.79
3344.89
3333.92
3316.44
3292.12
3262.25
3242.98
3232.39
3224.97
3220.18
3207.69
3188.81
3163.19
3131.92
3112.24
3102.35
3094.67
3088.88
3066.96
3031.19
3016.85
3021.04
3018.25
3009.36
2995.15
2976.27
2967.24
2966.94
2956.98
2938.4
2924.18
2913.89
2897.95
2876.87
2867.11
2867.71
2866.02
2862.23
2853.67
2840.68
2832.13
2827.73
2823.54
2819.55
2819.7
2823.79
2823.5
2819.01
2814.87
2811.07
2816.49
2830.87
2837.9
2837.7
2826.55
2804.57
2811.16
2846.22
2847.46
2814.69
2801.33
2807.62
2802.64
2786.16
2781.89
2790.18
2777.97
2744.5
2734.29
2748.37
2749.81
2737.92
2724
2707.91
2704.28
2713.97
2714.48
2705.09
2699
2696.5
2688.33
2673.95
2667.68
2670.38
2666.41
2655.02
2643.58
2632.1
2614.98
2591.5
2565.5
2536.63
2512.04
2492.36
2460.68
2415.13
2372.34
2332.78
2293.26
2253.8
2218.36
2187.69
2151.74
2109.49
2066.32
2022.06
1991.57
1977.78
1955.64
1923.27
1897.88
1881.1
1865.56
1851.58
1834.97
1815.09
1797.24
1781.96
1773.79
1774.69
1773.36
1769.17
1765.8
1763.5
1767.06
1778.25
1793.88
1815.36
1827.3
1826.6
1842.8
1881.56
1911.8
1930.59
1967.09
2027.63
2080.45
2122.71
2173.07
2234.61
2306.31
2392.12
2484.39
2585.69
2683.05
2774.86
2868.86
2965.96
3069.55
3182.44
3295
3407.09
3526.94
3658.11
3786.33
3910.21
4034.05
4157.83
4279.69
4398.67
4527.57
4671.43
4802.68
4914.77
5027.18
5140.07
5252.13
5362.93
5462.7
5545.32
5632.88
5728.18
5838.11
5971.18
6088.97
6182.38
6277.59
6375.69
6468.24
6551.75
6656.68
6796.64
6940.33
7090.19
7232.65
7362.83
7511.98
7693.01
7855
7984.77
8131.74
8308.07
8473.78
8621.24
8773.55
8934.29
9090.5
9238.75
9393.8
9560.83
9711.34
9832.42
9969.41
10134.9
10309.5
10500.3
10661.8
10769.7
10900.2
11072.7
11230.6
11361.6
11496.4
11638.3
11784
11936.6
12076.3
12191.1
12286.3
12343.8
12424.5
12549.9
12674.6
12797.7
12914.8
13020.3
13102.1
13136.6
13182
13249.3
13307.3
13346.5
13382.2
13410.7
13424.3
13406.8
13417
13484.7
13504.1
13422.1
13385.9
13447
13480.6
13455.4
13428.7
13398.7
13372.4
13354.2
13338.1
13327
13307.9
13270.8
13220.3
13139.7
13062.7
12994
12914.4
12810.1
12729.5
12703.6
12660.5
12577.7
12489
12386.7
12289.9
12206
12136.9
12103.3
12059.6
11991.4
11950.9
11978.2
12002.8
12021
12047.6
12095.1
12131.3
12139.4
12165.1
12235.6
12312.6
12406.4
12498.5
12586.3
12674.3
12762.5
12858.2
12973.6
13095.3
13233.8
13358.3
13444.8
13542.2
13669.2
13798.7
13935.2
14062.3
14163.6
14259.2
14339.1
14427.3
14539.4
14640.1
14708.1
14761.8
14774.4
14786.4
14796.8
14809
14826.4
14839.2
14838.6
14844.8
14871.2
14874.3
14806.8
14759.2
14772.2
14759
14664.7
14583
14541
14485.4
14387.2
14302
14258.6
14213.2
14161.4
14102
14017.5
13948.6
13931.4
13904.7
13846.3
13784.6
13712
13640.1
13571
13510
13477
13441.6
13397.8
13357.5
13329.9
13308.5
13309.1
13300
13256
13215.5
13187.8
13158.8
13125
13092.6
13065.4
13041.2
13028.7
13014.6
12994.1
12971.3
12939.6
12907.4
12872.9
12841.1
12819.6
12793.4
12748.3
12705.3
12671.2
12634.9
12589.6
12544.9
12502.8
12462.8
12431.2
12396.2
12346.5
12296.4
12244.3
12193.6
12149.5
12105.1
12060
12010.9
11944.4
11873.2
11780.7
11694.1
11634.7
11566.9
11459.4
11356.7
11276.7
11199.5
11135.7
11062.8
10944.6
10829.5
10729.8
10632.9
10550.3
10465.5
10369.5
10281.8
10237.7
10190.3
10126.2
10056.6
9957.46
9859.87
9770.45
9683.79
9612.26
9545.95
9508.79
9463.25
9370.24
9282.65
9226.2
9170.14
9116.29
9064.85
9027.68
8986.02
8917.18
8853.81
8823.94
8791.34
8741.69
8692.57
8646.81
8596.8
8519.38
8450.37
8436.59
8416.96
8358.31
8304.44
8282.96
8259.01
8217.95
8182.61
8187.5
8192.72
8200.21
8208.08
8218.67
8224.58
8195.7
8170.53
8173.32
8177.98
8196.96
8209.45
8170.89
8139.3
8163.67
8183.7
8168.12
8156.53
8178.3
8196.57
8184.88
8173.7
8166.91
8156.55
8114.49
8080.81
8123.37
8159.58
8136.7
8117.17
8129.46
8139
8121.82
8107.26
8118.84
8128.06
8113.08
8097.82
8079.74
8061.69
8044.01
8024.84
7989.38
7952.67
7901.92
7853.38
7830.51
7803.32
7724.8
7647.57
7586.23
7524.01
7450.68
7379.8
7340.64
7300.4
7245.75
7191.16
7137.42
7082.02
7003.09
6928.34
6914.85
6899.35
6853.19
6807.1
6762.05
6716.87
6669.72
6621.84
6561.8
6501.01
6426.98
6356.06
6341.77
6324.52
6250.99
6178.14
6118.7
6059.97
6016.02
5971.25
5908.91
5844.91
5743.21
5643.82
5599.67
5554.4
5481.27
5408.34
5340.61
5272.29
5187.47
5102.87
5024.85
4947.01
4874.88
4802.74
4730.41
4657.97
4581.45
4504.82
4424
4344.05
4301.79
4259.06
4193.92
4128.58
4052.35
3976.47
3920.72
3865.22
3825.86
3785.84
3695.43
3605.45
3554.5
3503.52
3448.97
3394.33
3326.5
3258.41
3139.63
3020.88
2913.69
2806.46
2667.8
2529.13
