128.397
123.003
117.608
129.57
141.558
136.523
131.428
133.089
134.787
128.85
122.856
125.373
127.971
128.197
128.397
124.26
120.064
121.279
122.578
121.716
120.817
119.526
118.227
120.254
122.352
122.497
122.597
119.775
116.878
113.981
111.084
117.5
124.193
118.494
112.4
116.644
121.24
121.111
120.811
120.896
120.996
123.113
125.31
121.566
117.57
117.974
118.573
118.695
118.795
118.133
117.434
118.636
119.934
119.715
119.416
119.116
118.816
118.044
117.245
118.048
118.947
119.282
119.582
124.012
128.708
125.159
121.063
118.743
116.545
121.064
126.06
122.769
118.873
114.977
111.081
112.469
114.267
116.713
119.21
123.185
127.281
124.284
120.687
115.528
110.233
107.69
105.392
112.888
121.28
121.452
120.852
117.975
114.878
117.146
119.944
116.116
111.621
110.113
108.914
114.311
120.406
110.451
98.7629
101.738
106.334
112.635
119.128
119.8
119.8
114.169
107.875
114.156
121.948
119.952
116.756
116.577
116.777
116.534
116.234
114.786
113.187
113.176
113.376
117.888
122.983
123.512
123.412
119.808
115.712
115.724
116.324
119.017
122.014
123.096
123.895
120.006
115.41
115.146
115.546
113.785
111.687
109.848
108.049
110.037
112.635
116.949
121.545
119.887
117.19
114.92
112.722
114.02
115.918
118.667
121.564
125.31
129.206
129.885
129.984
132.619
135.716
135.694
135.095
130.795
125.8
128.44
132.536
133.116
133.016
133.918
135.017
131.701
127.505
132.535
139.428
137.615
134.018
135.551
138.148
142.478
147.174
146.271
144.173
147.249
151.445
157.69
164.383
160.941
155.246
156.972
160.369
162.627
164.625
169.544
175.139
175.471
174.572
181.588
190.479
191.233
190.034
191.89
194.487
196.202
197.701
208.317
221.204
218.614
212.12
216.451
223.544
225.873
226.972
227.833
228.633
231.17
234.167
232.042
228.545
227.328
226.729
240.244
257.626
260.227
258.728
262.847
268.541
270.967
272.466
275.284
278.481
283.614
289.308
288.823
286.526
291.547
298.74
302.705
305.702
314.065
324.055
320.666
313.173
318.949
328.84
328.918
325.921
332.331
341.722
343.319
342.42
343.634
345.532
345.172
344.073
348.005
353.599
354.476
353.776
359.276
366.869
372.897
378.392
390.351
404.537
408.052
407.852
413.269
420.662
430.929
442.218
451.743
460.634
472.092
484.48
497.452
510.64
530.755
553.433
568.401
580.489
599.613
621.392
637.311
650.997
674.568
701.941
724.566
745.345
771.22
799.092
822.671
844.55
862.432
878.716
908.522
943.788
979.976
1016.54
1055.01
1094.28
1131.7
1168.37
1195.04
1217.51
1248.62
1283.39
1324.11
1367.36
1406.29
1443.36
1494.9
1552.74
1588.65
1614.93
1665.08
1725.82
1779.45
1829.9
1877.26
1923.21
1966.42
2008.38
2069.77
2140.1
2197.67
2249.32
2303.69
2359.34
2405.69
2447.65
2508.41
2578.15
2622.11
2653.68
2706.84
2770.48
2817.55
2856.51
2890.73
2922.6
2962.53
3006.49
3034.56
3054.64
3084.06
3118.23
3139.64
3154.53
3174.75
3197.73
3206.26
3207.25
3233.01
3271.77
3280.56
3273.47
3274.9
3280.9
3266.71
3241.63
3242.89
3258.48
3268.06
3274.36
3282.13
3290.72
3294.5
3295.6
3290.37
3281.58
3279.16
3280.36
3292.55
3311.03
3315.2
3311.11
3316.36
3327.04
3321.81
3307.22
3316.42
3339.7
3337.08
3318.99
3323.49
3341.57
3344.61
3338.51
3352.31
3378.28
3393.94
3403.23
3415.54
3429.73
3450.18
3474.55
3485.53
3488.03
3489.36
3489.96
3495.06
3503.05
3497.72
3483.73
3470.65
3458.16
3449.35
3442.95
3432.24
3418.65
3382.16
3330.31
3298.43
3280.05
3275.57
3280.57
3269.75
3248.07
3236.96
3233.16
3224.6
3212.71
3205.16
3200.66
3195.29
3189.3
3185.81
3184.11
3177.65
3167.76
3157.52
3147.03
3153.84
3173.32
3178.78
3173.89
3167.22
3159.23
3163.33
3176.52
3180.49
3177.5
3178.92
3183.71
3186.87
3188.77
3184.25
3174.76
3174.81
3182.3
3177.94
3164.25
3152.35
3141.86
3144.69
3158.18
3151.48
3128.5
3117.48
3116.18
3110.82
3102.13
3083.59
3056.91
3038.86
3027.97
3013.71
2996.63
2986.58
2982.48
2964.36
2934.29
2924.75
2932.84
2920.37
2890.1
2869.38
2857
2849.92
2847.53
2837.82
2821.64
2801.76
2778.58
2772.8
2782.69
2783
2774.61
2762.35
2746.57
2734.53
2725.94
2712.68
2695.1
2689.08
2693.87
2700
2707.39
2709.31
2706.01
2695.17
2677.09
2674.7
2687.49
2698.25
2707.04
2707.67
2700.28
2693.79
2688.19
2691.8
2704.59
2709.85
2707.56
2697.56
2679.78
2664.42
2651.53
2653.22
2669.91
2671.97
2658.89
2641.84
2620.66
2611.6
2615.3
2611.87
2600.88
2595.87
2597.27
2593.91
2585.42
2578.65
2573.76
2577.16
2589.65
2587.84
2570.26
2557.97
2551.58
2543.58
2533.79
2518.89
2498.21
2473.42
2443.95
2418.06
2396.28
2371.54
2343.37
2310.77
2273.01
2243.55
2223.87
2187.05
2129.9
2079.09
2035.83
2002.82
1982.14
1959.2
1933.53
1915.13
1905.64
1882.24
1841.68
1814.39
1803.6
1790.81
1775.53
1757.68
1736.6
1721.5
1714.01
1710.54
1712.24
1713.55
1714.35
1709.29
1696.6
1703.99
1737.76
1761.47
1771.86
1790.03
1818.61
1842.62
1860.5
1891.32
1939.67
1991.31
2047.46
2101.38
2152.23
2206.04
2263.99
2329.34
2405.06
2490.68
2590.29
2683.5
2767.62
2860.92
2967.42
3071.87
3173.38
3281.21
3398.3
3512.55
3622.65
3729.84
3832.74
3947.69
4080.66
4211.28
4338.36
4457.1
4563.2
4656.59
4730.52
4818.97
4929.86
5045.01
5166.79
5266.34
5330.98
5412.63
5521.23
5618.05
5696.07
5769.19
5834.43
5920.73
6041.21
6164.23
6291.4
6411.34
6519.34
6635.02
6763.49
6893.72
7026.89
7158.61
7287.88
7420.81
7559.97
7702.99
7852.65
8011.21
8185.24
8341.58
8466.96
8600.03
8746.68
8887.34
9017.31
9151.15
9291.91
9434.3
9579.66
9715.09
9832.37
9956.86
10094.6
10232.7
10371.5
10497.6
10600
10709.4
10832.1
10949.6
11057.1
11169
11289.6
11401.8
11497.8
11588
11666.7
11744.8
11821.6
11895.1
11961.8
12027.5
12091
12145
12179.6
12205.7
12214.6
12225.1
12238.7
12260
12297.2
12312.2
12280.6
12260.3
12263.8
12270.4
12283.6
12287.4
12271
12239.5
12175
12139.5
12168.1
12174.5
12131.6
12083.4
12023.2
11968
11924.2
11872.4
11802.2
11723.5
11625.3
11530.3
11443
11359
11282.8
11214.8
11166.4
11121.4
11085
11049.2
11015
10986.8
10973.1
10970.2
10993.7
11014.5
11028.9
11053.5
11103.5
11147.6
11176.4
11218.7
11295
11379.1
11483.3
11576.7
11641.8
11720.8
11836.5
11948
12048.2
12142
12218.7
12308.9
12435.6
12558.4
12670.6
12773.4
12850.1
12928.9
13013.4
13099.6
13190.7
13275
13339.9
13386.3
13379.9
13383.2
13414.3
13450
13499.1
13538.1
13547.4
13541.3
13488.8
13445.6
13430.4
13404.7
13346.8
13296.5
13270.1
13241.5
13206.4
13160.8
13081.8
13021.8
13022.8
13008.4
12944.2
12872.2
12774.9
12694.6
12670.3
12633.4
12554.6
12488.9
12467.5
12447.3
12430.8
12393.1
12282.1
12197.7
12206.5
12201.6
12148.4
12095.2
12042.1
11996
11974.6
11962.8
11986.4
11995.6
11951.7
11905.7
11852.3
11808.2
11799.6
11786.9
11758.4
11730.2
11703.2
11677.3
11655.9
11635.6
11619.5
11604.2
11592
11575.4
11541.1
11499.9
11430.7
11376.4
11384.4
11374.7
11289.7
11213.8
11176.7
11142.2
11118.6
11092.3
11053.9
11007.1
10922.6
10847.4
10814.7
10775.8
10708.6
10637
10544.8
10457.2
10391.4
10328.2
10277.6
10218.6
10119.7
10026.5
9961.42
9893.09
9808.87
9727.2
9658.37
9586.51
9499.19
9415.42
9349.98
9284.5
9218.76
9148.85
9056.64
8968.14
8899.7
8827.06
8731.25
8647.9
8634.12
8611.49
8538.77
8469.39
8419.34
8367.63
8306.19
8249.77
8223.2
8192.07
8133.42
8077.8
8040.74
8003.4
7964.34
7927.06
7901.09
7869.17
7798.94
7738.47
7742.07
7736.36
7668.52
7603.86
7560.7
7523.3
7525.7
7525.39
7506.01
7491.32
7510.31
7522.28
7483.12
7447.43
7437.54
7431.01
7449.99
7465.38
7452.99
7440.78
7429.99
7422.97
7446.14
7467.78
7476.77
7482.72
7463.24
7445.94
7447.23
7446.67
7429.89
7415.5
7422.5
7427.69
7416.5
7406.77
7410.56
7416.76
7445.83
7472.82
7479.52
7482.73
7451.26
7425.99
7464.06
7494.55
7445.9
7400.13
7385.24
7370
7350.82
7329.58
7285.13
7242.04
7214.87
7185.99
7136.73
7086.5
7024.26
6960.9
6883.38
6811.6
6814.4
6812.38
6745.94
6679.27
6609.34
6543.64
6538.25
6528.65
6457.22
6386.99
6335.04
6283.09
6231.14
6179.71
6136.65
6094.48
6067.31
6038.24
5975.9
5913.93
5858.68
5803.51
5749.66
5697.4
5676.52
5652.93
5573.2
5494.5
5437.96
5382.4
5349.34
5314.75
5243.92
5172.54
5087.43
5003.08
4939.25
4875.56
4816.01
4756.28
4690.74
4625.06
4554.73
4484.52
4418.38
4351.93
4273.7
4195.68
4125.45
4055.95
4018.39
3980.12
3908.29
3836.68
3776.74
3716.9
3663.26
3609.8
3569.04
3528.05
3469.1
3410.48
3381.41
3352.03
3287.89
3223.7
3151.17
3078.44
2964.55
2850.68
2743.69
2636.7
2540.3
2443.89
