68.7987
65.9015
63.0044
66.0923
69.1892
67.0098
64.8119
62.9121
61.014
67.049
73.143
73.5959
73.9955
70.938
67.8411
68.7857
69.7848
70.7838
71.7828
71.6036
71.4038
70.6161
69.8168
67.7463
65.6484
62.2817
58.885
62.3065
65.9029
65.0279
64.0289
61.9628
59.8648
61.4458
63.1442
64.1662
65.1652
59.9931
54.5984
62.002
69.8942
64.15
57.8562
60.4751
63.4721
66.5648
69.6618
65.6959
61.4001
61.7715
62.3709
63.8258
65.3243
67.1074
68.9057
71.0825
73.2804
64.2368
54.5463
57.0166
60.2135
62.8459
65.4434
69.0735
72.7699
68.0348
62.74
59.5019
56.4049
64.9693
74.3601
68.8557
62.2622
64.4941
67.3912
64.4481
61.0514
62.6501
64.6482
67.2924
69.9898
64.7651
58.8709
59.0434
59.7427
63.469
67.465
69.2644
70.8629
62.78
53.7888
59.5619
66.7548
63.7623
59.7662
56.6776
53.6805
54.396
55.495
55.0579
54.4584
60.6209
67.5142
64.6015
60.6054
60.2
60.2
61.7227
63.421
60.3825
56.786
55.5974
54.6982
58.4263
62.7221
62.6673
62.0678
62.1772
62.377
63.2839
64.283
65.6348
67.0334
61.2157
54.4223
57.9026
62.7978
62.8743
62.2749
61.0636
59.7648
58.815
57.9159
59.9756
62.4732
62.279
61.6796
61.0802
60.4808
55.8187
50.5239
58.4243
68.4145
62.7441
54.5522
52.4556
51.3567
55.4828
60.4779
58.1234
54.527
58.6042
63.9989
62.8434
60.5457
59.521
58.7218
56.1444
53.2472
50.688
48.1904
54.7956
63.0875
64.6522
64.952
63.406
61.5079
61.5348
61.9344
63.503
65.3013
62.9342
59.7373
62.4413
66.3375
67
67
66.6691
66.2695
65.7048
65.1054
65
65
64.5893
64.0898
62.9348
61.6361
60.8278
60.1285
66.7681
75.06
77.0067
77.5062
78.7361
80.1347
80.2381
80.0383
78.1425
75.8447
76.4473
77.7461
79.4466
81.2449
88.7354
97.6267
95.3211
90.2261
90.5563
92.2546
94.9876
97.9846
96.774
94.4763
96.059
98.6565
100.78
102.778
102.175
100.877
101.543
102.742
104.254
105.853
106.591
107.09
110.789
115.384
114.843
112.845
120.784
131.573
128.58
121.586
121.313
123.011
123.246
123.046
127.995
134.488
137.993
140.59
139.365
136.967
142.424
150.317
149.842
146.745
144.331
142.133
143.038
144.936
144.947
144.348
147.437
151.733
155.503
159.099
160.374
160.874
165.93
172.523
176.211
178.909
186.436
195.627
192.813
185.819
197.599
215.981
223.232
226.529
223.209
217.515
233.377
257.054
264.936
267.033
279.633
296.117
305.837
313.03
327.694
345.177
358.464
370.153
388.19
408.67
426.344
442.928
468.983
498.754
526.306
552.98
579.44
605.814
637.597
671.564
701.769
730.441
762.935
797.001
845.678
900.424
935.745
962.918
1002.72
1047.88
1091.78
1135.13
1177.23
1218.79
1264.32
1311.57
1373.06
1440.79
1501.6
1559.35
1617.5
1675.85
1729.51
1781.06
1840.5
1903.54
1967.26
2031.3
2094.52
2157.35
2223.12
2290.25
2358.81
2428.04
2492.88
2555.62
2599.67
2634.74
2675.32
2718.58
2779.27
2848.5
2886.98
2910.25
2937.4
2966.47
2999.93
3035.59
3067.41
3097.29
3128.15
3159.52
3176.39
3185.78
3201.09
3219.47
3249.05
3284.51
3287.53
3273.34
3278.62
3294.3
3305.38
3313.97
3311.63
3303.34
3304.59
3311.09
3306.32
3295.34
3294.86
3300.26
3300.47
3297.78
3297.69
3299.09
3295.02
3287.83
3290.9
3299.89
3319.99
3346.57
3348.34
3335.55
3325.4
3316.81
3322.17
3335.86
3336.07
3328.18
3321.97
3316.77
3317.46
3321.76
3324.63
3326.63
3328.57
3330.47
3335.93
3343.62
3359.69
3381.07
3381.41
3368.32
3353.29
3337.01
3316.72
3293.84
3275.5
3260.11
3237.2
3209.33
3182.36
3155.98
3122.01
3082.95
3055.57
3036.09
3016.79
2997.61
2977.89
2957.81
2934.37
2908.59
2892.82
2884.03
2884.68
2891.97
2882.96
2862.38
2863.06
2878.94
2874.63
2855.75
2838.25
2821.77
2816.82
2820.31
2816.91
2808.42
2809.78
2818.47
2821.34
2819.84
2822.73
2828.92
2836.08
2843.97
2837.85
2820.97
2809.88
2803.29
2807.8
2820.99
2815
2793.93
2781.98
2777.29
2761.32
2736.35
2720.28
2711.39
2697.59
2679.81
2663.4
2648.11
2625.99
2598.21
2574.42
2553.94
2533.41
2512.83
2489.16
2462.89
2444.16
2431.88
2406.91
2371.04
2344.17
2325.09
2308.41
2293.82
2275.94
2255.16
2238.78
2226.29
2217.39
2211.7
2200.59
2184.6
2170.87
2159.18
2147.08
2134.59
2129.9
2132.4
2129.82
2122.53
2118.07
2116.27
2115.5
2115.7
2111.96
2104.47
2103.4
2108.5
2106.78
2098.49
2101.54
2115.62
2117.96
2108.77
2088.23
2056.46
2044.7
2052.89
2053.31
2045.92
2032.17
2011.99
1994.83
1980.74
1962.86
1941.09
1925.29
1915.7
1896.14
1866.17
1840.63
1819.75
1799.31
1779.33
1764.85
1756.26
1748.77
1742.48
1731.49
1715.41
1702.85
1694.16
1678.06
1653.79
1635.61
1624.22
1614.95
1608.06
1583.53
1539.08
1498.31
1461.74
1426.44
1392.57
1355.51
1314.75
1273.94
1233.08
1192.86
1153.4
1111.43
1066.47
1038.77
1031.67
1005.27
955.622
919.419
899.539
880.197
861.516
845.429
832.541
814.175
789
769.811
758.123
748.244
740.652
738.729
744.024
738.992
720.71
709.834
708.535
710.922
718.115
718.099
708.608
709.99
725.775
739.591
750.78
764.013
779.998
805.053
842.417
881.13
921.69
969.348
1026.79
1088.12
1154.86
1229.45
1315.07
1409.3
1515.7
1628.85
1751.63
1882.04
2023.4
2169.58
2322.73
2482.26
2651.09
2821.18
2993.11
3155.87
3305.02
3465.59
3643.21
3825.98
4016.49
4182.23
4310.3
4453.53
4619.96
4764.89
4876.58
4997.37
5132.34
5260.54
5378.13
5501.05
5632.42
5756.29
5868.18
5984.66
6108.54
6241.22
6388.17
6519.71
6626.01
6762.6
6949.22
7123.02
7275.47
7436.05
7610.28
7768.44
7899.41
8051.09
8238.11
8409.41
8553.67
8714.47
8903.98
9085.36
9252.5
9405.29
9532.77
9666.1
9809.86
9965.66
10143.1
10313.6
10471.5
10626.2
10775.1
10933.6
11109.7
11276.5
11425.9
11556.6
11652.3
11766.4
11915.5
12056
12180
12301.8
12419.4
12532.8
12638
12736.5
12821.9
12913.7
13018.1
13113.3
13190.2
13246.9
13262.8
13286.4
13325.9
13346.3
13327.8
13332.6
13385.5
13411.4
13381.4
13361.9
13364.7
13372.4
13390.7
13399.5
13388
13389
13416.8
13418
13361.3
13316.2
13296.4
13258.7
13181.3
13113.8
13068.6
13006.1
12904.8
12804.3
12705.7
12612.6
12532
12461.4
12414.4
12351.6
12251.8
12173.9
12148
12095.5
11979.5
11898.9
11904.2
11904.4
11891.9
11899.7
11957.4
12010
12049.8
12093
12145
12204.2
12281.9
12352.5
12405
12476.3
12596.2
12722.1
12863.9
12992.8
13087.8
13181.8
13273.4
13386.6
13557.4
13707.3
13800.5
13901
14021.6
14137.9
14242.1
14345
14444.6
14538.6
14616.6
14688.2
14741.6
14788.5
14817
14850.5
14898.4
14933.3
14929.7
14928.7
14935.6
14928.3
14878.4
14838.3
14828.4
14816.7
14799.5
14779.4
14750.7
14713.2
14648.2
14572.7
14464
14371.9
14333
14291.5
14242.2
14192.6
14142.4
14083.9
13998.4
13932.5
13932
13909.4
13812.1
13732.1
13711.3
13689
13661.6
13635.3
13613.4
13585.4
13535.8
13485.5
13433
13389.5
13379.2
13361.6
13317.6
13274.4
13233.9
13201.3
13198.2
13186.3
13141
13100.3
13077.9
13056.1
13037
13018.5
13002.2
12991.6
13003.3
13000.6
12939.4
12882.5
12843.2
12807
12783.7
12754.8
12702.9
12653.1
12612
12576.7
12566.5
12545.7
12479.2
12416.6
12371
12318
12232.1
12150.9
12090.9
12030.4
11967.7
11899.4
11804.9
11709.2
11607.6
11507
11411.2
11319.7
11249.4
11170.6
11050.5
10937.9
10862.2
10786.3
10710
10633.1
10553.3
10478.6
10430.6
10370.8
10249.2
10136.6
10072.1
10010.1
9961.94
9906.01
9807.31
9718.53
9685.16
9650.18
9606.02
9557.65
9485.02
9415.82
9366.67
9315.23
9250.19
9189.22
9152.75
9114.38
9064.33
9009.91
8928.19
8850.25
8796.3
8746.51
8723.54
8698.99
8664.12
8626.34
8569.09
8520.25
8528.44
8531.84
8502.06
8474.13
8459.15
8446.61
8451.61
8453.69
8434.51
8420.29
8442.97
8463.28
8465.68
8466.68
8456.89
8448.64
8452.53
8458.19
8477.97
8491.81
8456.94
8428.01
8448.69
8464.95
8443.47
8425.93
8442.71
8456.53
8443.94
8431.63
8421.84
8416.71
8454.97
8488.52
8477.13
8467.74
8477.83
8485.75
8472.06
8460.03
8464.82
8465.71
8425.75
8389.02
8386.92
8380.83
8330.78
8280.65
8229.6
8181.16
8163.08
8140.07
8058.35
7976.9
7898.78
7821.9
7760.76
7701.9
7672.63
7641.76
7589.51
7534.91
7447.79
7363.44
7318.38
7273.15
7225.3
7176.98
7121.64
7067.2
7027.04
6986.48
6939.53
6894.11
6874.63
6851.69
6767.97
6686.43
6644.67
6601.04
6521.92
6442.84
6364.51
6287.89
6246.53
6203.76
6130.33
6056.31
5968.8
5881.93
5810.5
5739.02
5666.29
5593.28
5512.86
5432.33
5348.81
5266.01
5204.47
5141.83
5044.33
4947.99
4891.24
4833.64
4744.42
4656.12
4604.07
4551.52
4477.3
4403.2
4335.37
4268.03
4226.77
4185.18
4123.84
4062.32
3989.09
3916.13
3863.48
3810.78
3753.44
3695.88
3614.86
3533.68
3428.98
3324.28
3218.48
3112.57
2969.11
2825.66
2690
2554.33
