1626.841000
1698.762497
1799.369113
1859.191083
1952.521068
2064.359342
2182.243729
2303.518120
2435.043070
2596.648665
2749.566090
2910.463842
3103.430827
3303.703277
3512.455038
3755.711751
4003.245526
4229.114737
4500.084812
4743.535207
4964.973766
5202.541729
5434.710151
5649.722425
5865.382994
6059.281128
6244.038177
6478.351729
6734.132180
6980.881620
7231.833026
7503.318249
7797.218684
8092.190169
8378.211278
8662.465940
8954.411337
9276.511241
9572.230339
9849.502143
10083.660753
10254.555132
10481.281429
10643.604887
10783.854004
10901.122072
10961.701992
11071.617458
11257.684605
11418.004294
11625.968947
11876.755470
12206.916893
12598.330000
13008.679379
13431.045338
13911.531940
14399.615263
14848.399192
15346.699586
15860.217707
16345.697288
16856.656955
17473.269774
18084.770526
18661.750000
19307.451504
19962.042481
20563.974953
21093.927820
21606.985876
22120.762406
22578.427119
22901.961466
23387.887594
23776.048120
24092.000188
24561.392279
25106.679699
25632.022368
26160.949718
26667.102632
27213.231579
27780.978759
28442.284557
29124.409023
29788.664662
30458.431391
31213.822556
31780.014286
32428.194549
32968.606780
33555.562406
33964.024859
34247.737218
34546.016541
34797.799812
35035.135526
35348.335714
35443.715789
35455.828814
35373.153571
35339.553008
35245.427820
35072.514286
34976.148211
34996.726316
35045.438346
35084.114286
35213.182486
35291.086466
35420.230451
35669.156579
35972.821053
36280.474436
36687.225188
37134.714501
37670.600752
38478.408475
39187.028008
40020.271429
41069.174200
42173.869925
43264.347368
44225.052632
44993.482298
45689.720865
46233.154135
46498.636842
46651.801316
46792.160640
46791.792481
46873.847269
47053.856391
47304.606968
47585.622556
47831.970113
48218.237288
48628.181203
48878.341729
49088.444549
49270.854426
49443.651128
49567.791729
49759.825235
50133.910526
50603.069492
50958.013158
51245.220339
51505.430075
51878.836466
52004.173308
52251.178571
52306.265725
52375.065602
52594.179699
52804.254887
52885.103955
53047.254699
53354.122556
53611.853296
53888.161842
54159.551601
54332.785714
54598.303195
54881.218233
55081.335714
55363.777820
55606.498684
55886.910546
55972.963158
55941.824812
56017.887406
55890.824482
55825.530827
55711.958835
55762.511864
55951.900000
56114.728625
56451.261842
56869.166541
57194.873308
57762.924812
58183.103947
58760.799248
59284.574576
59836.086278
60440.605263
61389.248496
62470.971429
63517.091917
64516.517293
65726.531579
66790.255263
67781.070621
68808.807519
69717.615789
70576.304887
71387.691337
72141.864662
72572.134962
73059.134463
73295.937218
73399.077966
73496.589662
73414.572932
73459.930132
73258.878759
73205.409211
73275.207895
73187.976083
73178.279887
73276.609774
73166.555639
73144.963346
73180.523308
73388.542105
73630.525424
73621.457143
73738.965348
74212.433083
74682.337970
75114.846328
75493.834586
75981.994737
76347.300000
76439.428814
76427.406767
76219.375000
75665.642857
74867.948496
73923.194915
73250.293045
72183.964407
71123.615789
69719.206403
68396.862594
67025.634211
65715.908286
64348.236842
62822.413158
61562.110526
60224.924859
58969.026128
57818.193609
56702.333710
55882.389474
55125.858004
54498.860150
54102.933333
53927.869173
53933.024060
53981.581203
54246.807895
54441.367232
54565.374436
54616.719737
54643.805263
54729.628625
54888.229699
55023.559586
55158.006780
55391.090977
55662.236535
55880.352444
56337.509981
56639.444361
56810.007895
56960.843233
57132.122556
57278.546893
57527.537030
57829.929567
57753.221053
57765.558945
57726.132331
57595.803008
57454.918797
57180.621992
56865.225989
56664.971429
56334.092669
56141.624060
55869.004511
55477.542857
55229.125564
54838.463653
54363.457143
53743.578008
52985.805263
52202.300000
51514.890977
50841.340602
50164.601318
49556.760902
49048.238983
48720.948308
48673.369173
48511.780226
48793.976692
48946.313346
49290.087970
49847.202260
50596.000564
51226.318797
51969.284211
52829.328947
53782.008647
54754.073308
55684.414124
56657.504323
57547.897740
58232.140602
58965.166541
59561.618267
60064.222180
60307.481955
60491.466541
60613.720339
60465.457143
60392.580451
60317.550000
60042.581579
59672.478343
59238.364286
58671.853296
58159.951128
57858.305650
57477.651880
56889.787594
56437.268362
56013.538158
55635.842293
55259.834586
54996.768173
54656.054699
54470.612782
54296.350000
54029.839474
53926.671375
53717.453383
53453.493597
53309.182519
53154.100188
52837.668797
52564.381391
52510.933898
52304.918045
52041.265725
51845.703571
51484.621846
51196.794361
50877.304331
50751.577632
50236.168421
49739.697740
49279.798120
48833.536535
48340.415789
47708.378719
46999.174812
46214.781203
45448.304511
44949.504323
44236.113559
43542.587594
42770.471186
42202.426504
41611.464783
40978.773684
40541.818421
40067.887006
39468.960526
38983.452542
38500.755075
38039.359322
37674.006015
37303.445677
36852.771053
36379.869549
36091.669868
35582.216917
35192.518045
35048.922556
34823.040678
34440.573684
34167.955263
34062.525047
33971.948496
33903.389266
33910.615789
33920.348964
33898.927444
33850.971429
33866.204887
34013.683835
34099.990772
33987.648120
33904.290789
33876.870621
33847.783083
33893.321053
33871.388158
33898.830508
33907.261654
33989.056015
34010.443797
33961.974812
33818.735714
33600.087030
33338.471940
33020.142857
32657.333333
32195.645301
31856.164286
31451.116008
30979.650564
30474.739474
30029.326316
29678.019774
29262.711654
28884.924436
28474.146241
28108.673872
27723.771186
27367.830827
27018.803390
26585.142293
26142.863842
25685.826316
25223.122368
24767.710169
24143.455639
23637.547368
23037.682895
22415.473258
21830.768797
21298.066541
20659.550752
20111.806541
19567.783503
18995.716748
18471.991977
17976.939023
17490.326855
16987.872237
16495.873534
16142.917985
15711.183177
15317.554520
