29.733111
29.711513
26.044079
23.453908
22.494683
30.331857
28.663886
29.611955
31.013527
32.328493
33.523698
38.555141
44.616715
45.232434
42.983178
43.768371
45.918832
49.423755
53.346766
56.396371
58.070997
58.621359
65.414311
69.826122
71.959617
76.428385
76.423618
72.647908
75.424220
79.638137
81.395258
85.555349
89.394147
95.348715
97.734090
97.333230
99.658068
102.348680
107.767089
110.941000
116.434908
122.735729
119.673429
118.772015
119.908938
122.805499
126.392695
127.195740
127.840592
131.223311
136.291474
137.533758
142.919305
145.755030
152.285591
155.846006
162.581471
175.811992
182.667447
190.746836
201.855767
212.247390
224.819887
236.961639
248.101263
263.010507
270.271280
282.511850
303.978650
323.369979
336.577757
352.382361
371.301864
389.381705
404.326004
425.216639
435.421342
455.727105
488.318233
513.580555
535.620045
558.654921
571.842759
593.435397
615.979362
653.939429
683.557068
697.184147
736.396023
761.984508
777.595301
795.046695
814.025940
835.153866
848.200761
869.378744
885.018674
888.434079
910.049821
904.259677
905.434576
908.483857
916.789617
919.945350
909.458929
913.255493
913.018090
920.045602
928.694457
929.162322
927.380519
929.935470
927.670237
919.992316
921.387684
933.283735
947.481407
945.164323
944.541475
957.277618
977.250752
985.066776
994.591199
1003.603962
1007.063910
1010.805499
1012.369098
1013.754135
1015.200000
1008.823026
1003.252505
1009.038835
1001.386365
991.501237
983.792537
978.334902
980.670231
987.792367
973.116248
980.618086
994.055056
992.691448
982.252872
974.223457
977.783392
985.633421
990.456661
995.988102
996.994153
996.402549
1005.867105
1011.564868
998.606756
994.226271
1005.547575
1011.646692
985.997143
1002.447994
995.778515
990.277192
994.452629
988.311579
981.161486
986.804429
985.178051
962.288556
956.363071
949.721966
939.289066
939.288911
944.534617
952.898870
946.520626
941.354038
939.591335
930.851914
929.472898
927.772316
921.763495
923.445406
931.650470
938.993609
944.342041
951.054852
932.393835
930.757220
937.710378
944.422530
940.535485
932.705387
937.593340
952.986263
956.763105
950.303526
957.055412
960.298733
950.088669
958.145607
960.670281
957.245549
965.347617
963.796930
964.232263
946.949864
940.845803
922.708248
912.797723
892.459024
870.476447
854.292974
845.524282
840.074654
834.354947
826.531789
814.187252
807.684209
797.418049
797.349785
791.182075
793.450484
804.932053
805.802440
815.373701
823.529944
849.198316
866.423000
888.444665
918.164609
948.728393
979.008088
1008.584023
1058.218305
1092.799549
1145.100169
1181.822782
1236.941205
1268.721015
1324.096692
1371.287062
1417.934887
1458.177105
1499.594211
1539.811130
1571.902688
1607.093910
1649.508475
1680.647462
1701.264840
1740.857820
1791.458889
1830.328647
1894.589098
1957.274887
2020.913665
2093.496158
2156.370977
2243.369380
2314.519079
2386.496780
2464.897218
2531.762425
2584.404237
2655.167820
2763.441959
2858.683102
2923.848136
2978.632444
3071.375263
3127.222030
3200.180150
3251.168475
3319.615320
3399.727721
3420.845526
3453.561902
3521.851165
3567.786391
3577.169774
3584.282801
3602.642938
3621.085150
3625.403797
3609.444680
3631.190752
3616.688571
3619.977970
3598.277608
3582.137857
3550.402425
3522.110658
3481.380000
3462.374211
3438.669361
3391.972316
3350.939436
3325.194256
3304.364680
3298.818947
3303.820508
3276.411767
3300.864511
3301.341429
3337.174256
3403.258741
3423.619774
3446.493158
3509.463553
3566.708233
3618.821241
3672.175028
3739.360771
3803.897702
3848.024211
3904.716748
3937.186836
3966.837556
3978.893346
4006.118684
4026.609492
4020.645188
4008.006598
4003.352763
3987.475000
3963.319096
3935.135639
3919.533145
3896.334586
3859.584350
3828.749812
3791.157368
3753.839021
3751.220959
3707.308402
3691.531128
3628.592806
3619.397895
3618.861654
3608.315526
3590.916053
3555.655367
3561.215338
3547.118569
3523.682143
3520.294256
3512.740489
3496.772086
3468.503559
3439.279398
3468.944256
3405.057143
3397.303070
3384.898120
3367.141525
3303.782500
3327.622105
3307.701864
3274.222519
3223.858362
3189.427632
3164.383540
3127.482895
3080.454135
3026.758797
3005.220658
2967.789887
2900.270752
2862.620565
2831.895808
2793.815104
2754.458947
2689.895921
2663.522392
2629.710526
2592.950678
2547.143477
2513.809831
2487.499624
2449.707068
2423.092932
2413.436692
2398.560791
2369.764586
2338.592932
2328.518722
2304.908475
2263.231711
2250.358158
2245.544953
2226.142500
2219.365574
2227.437218
2228.947269
2220.183214
2219.819135
2223.952857
2212.711259
2205.738493
2212.358195
2206.513496
2200.587684
2215.870338
2188.701053
2210.860921
2216.981525
2231.166466
2224.615451
2215.518346
2210.071165
2202.532143
2184.292932
2172.553352
2173.612857
2157.953390
2143.278797
2102.464286
2089.816817
2049.426598
2005.909605
1988.475789
1969.881205
1952.707068
1929.455602
1892.388835
1871.252068
1837.956271
1805.022105
1782.977401
1758.195263
1736.558230
1706.315113
1695.611523
1644.063220
1599.095789
1583.236842
1545.331974
1497.675782
1466.428083
1427.053271
1389.578703
1343.378120
1307.500056
1283.865921
1248.473729
1210.021015
1180.174162
1141.857180
1111.325714
1063.354068
1050.322575
1025.207345
