26.276453
27.042701
28.330064
25.909088
29.649849
26.577501
32.117585
28.807174
28.034383
29.393820
28.793769
31.687445
31.233998
27.989154
29.452653
30.308246
30.258764
32.621961
36.843656
36.459842
32.798141
31.098005
39.718585
36.431753
33.738224
39.034276
38.427890
38.205365
37.449714
36.594947
38.740853
40.376017
39.952784
38.160959
39.651218
43.692269
38.170224
37.751823
46.516905
43.733964
39.695555
38.219267
43.325986
47.330244
45.150519
44.631446
46.461344
46.002431
46.960717
48.680266
48.973815
52.859895
58.332102
51.858235
52.566140
61.094383
63.709036
67.937428
68.781739
73.819373
76.915139
79.884483
87.237630
96.429660
104.044947
109.179806
115.392571
128.129447
142.822333
162.370609
173.807797
185.400008
199.483542
216.151081
233.402079
253.080733
276.794147
300.515593
325.688301
353.235310
381.163492
402.696632
418.047805
450.910876
485.336032
520.833489
544.642019
559.506697
590.466861
619.267722
644.352656
678.993068
690.944195
711.604746
723.178429
729.492406
741.951060
751.127171
767.327500
771.683301
777.877243
793.000393
804.722383
799.903173
801.451286
799.452288
802.280789
798.965767
803.562383
798.556814
797.240571
801.083789
798.637039
791.902421
789.287519
794.816791
798.320162
794.063365
792.780847
787.130731
776.196639
784.835985
784.199073
774.768876
781.395109
771.175800
744.641137
739.309015
736.890632
722.967763
709.403245
689.194278
684.158716
671.625658
662.597132
656.527714
649.409301
663.843345
650.170805
631.123895
628.904169
636.456207
623.906391
608.950053
606.863642
606.134500
606.364559
614.961429
616.273898
606.693015
606.133391
610.561654
601.369004
605.674947
605.225767
589.425947
587.902188
570.789073
557.159701
553.566940
548.494079
533.667513
524.963388
523.742000
504.153318
486.558211
487.964429
483.516895
477.072175
479.798744
468.280835
472.746940
476.266150
468.915058
467.077831
470.055387
465.513847
461.979211
466.768375
470.754258
470.809387
469.382714
458.865660
453.708241
448.273143
432.057254
424.628955
423.419549
420.634496
403.493427
399.633889
391.884053
382.994579
383.143671
374.510893
363.858015
366.155665
362.662081
360.479832
355.190436
349.421365
340.537953
332.185188
320.067000
312.238323
304.139857
293.805418
273.076979
252.661500
245.644158
237.491294
231.230427
233.801699
226.855519
214.507718
215.182391
211.447519
215.253486
213.218586
209.641614
206.751481
209.438464
220.221006
233.874632
235.871579
246.096500
258.198471
274.086226
300.762393
330.213541
363.299846
401.337339
439.749829
503.731119
567.894669
633.632247
707.532359
783.093756
865.663992
962.315485
1045.106579
1123.201579
1200.422260
1265.301711
1327.653045
1397.985951
1477.095207
1568.722241
1648.921278
1732.454444
1821.635338
1924.713534
2025.155827
2133.109756
2229.659341
2333.919624
2435.490320
2541.240921
2656.558588
2753.062256
2858.675169
2981.082203
3082.996842
3194.073409
3334.291767
3417.536497
3545.331617
3633.118459
3731.092989
3816.713910
3897.106384
3980.365602
4019.106158
4085.017895
4163.036365
4203.087989
4234.759098
4271.717368
4296.058026
4307.430339
4309.386805
4325.247444
4352.945545
4358.083083
4354.465714
4369.877688
4367.518230
4320.857143
4278.821297
4236.306053
4193.850000
4151.188571
4076.066447
4006.656968
3978.914098
3957.258701
3923.529154
3918.012105
3962.359322
3945.277481
3977.854248
4033.524098
4095.860621
4148.301748
4197.294361
4263.521579
4331.839737
4427.839962
4493.317030
4570.778870
4670.451729
4738.380038
4795.870526
4855.979605
4880.312900
4930.427256
4987.519248
5002.896560
4998.788475
5044.532857
5013.490470
4969.680658
4983.450526
4964.278512
4916.348402
4902.740904
4903.809850
4843.931864
4771.229098
4760.328083
4716.839548
4719.389004
4662.010489
4635.031504
4635.200358
4614.086617
4555.755263
4532.178947
4530.299868
4523.090282
4513.262331
4513.098964
4485.697688
4448.644049
4427.553271
4405.245526
4400.166102
4394.480301
4354.200000
4352.319643
4333.812712
4313.703835
4283.390923
4302.355921
4273.513684
4217.431130
4164.938647
4124.446817
4097.755451
4043.784143
3967.629906
3912.405714
3848.208947
3757.647519
3726.044294
3685.218271
3590.043955
3561.842368
3513.180603
3484.462632
3425.252632
3375.483766
3321.408158
3296.540508
3247.314925
3199.373729
3191.157519
3175.136241
3131.440714
3095.502932
3063.656535
3044.940301
3041.992105
3011.841654
2977.490960
2940.649737
2903.877895
2906.586629
2894.643684
2894.605593
2888.026617
2900.607891
2906.292538
2902.187707
2898.334286
2873.467387
2876.289190
2852.252782
2880.529455
2861.597156
2868.005038
2861.636842
2879.615658
2891.494576
2894.121504
2895.098759
2886.973440
2862.495602
2843.339286
2830.966617
2827.219623
2811.440000
2757.900395
2743.409267
2683.656429
2664.603804
2607.117237
2569.779605
2540.917895
2517.969341
2491.222613
2467.636504
2448.017331
2396.793402
2359.824727
2337.739774
2289.821318
2241.463722
2214.813164
2170.147895
2127.388947
2087.758305
2032.204662
1981.333684
1948.351053
1879.872411
1847.747669
1784.982707
1735.555639
1697.104737
1642.162768
1589.263383
1545.675141
1493.722218
1451.186384
1428.364756
1377.654586
1343.293107
1303.723365
1271.979774
