145.860316
143.637710
146.345859
152.669421
154.662559
154.800000
156.997864
159.910233
158.427772
166.752370
170.073447
168.657557
169.067498
172.609486
180.060519
188.894983
195.832816
203.319237
210.046263
211.382220
223.319940
226.426970
242.834571
240.795051
240.555040
244.272568
248.337688
256.909786
260.968519
261.789919
266.709009
273.963783
285.030421
295.173288
297.701910
310.477526
313.841548
327.406372
329.536921
329.768929
336.251102
347.290898
359.986857
361.697195
356.641148
354.386910
355.561586
362.380337
373.459329
377.945475
385.457158
397.899308
403.927175
416.027011
423.991891
446.088043
454.472716
478.618985
487.812267
509.477092
537.178402
563.222220
585.256964
615.047338
654.171895
686.862719
730.210421
766.942556
808.925608
861.038577
911.847650
957.834203
1006.342718
1048.891842
1097.675150
1166.188722
1223.357425
1287.267326
1364.040526
1436.379267
1512.767740
1596.313421
1669.617180
1760.367970
1849.354765
1928.626842
2028.498759
2115.886504
2185.588722
2254.179286
2343.065282
2400.005424
2456.212481
2506.928870
2543.565526
2574.851729
2607.543427
2642.302368
2680.524643
2716.840902
2727.381299
2715.587143
2727.119286
2730.428496
2699.514286
2712.048814
2747.474135
2723.004586
2720.441109
2722.884350
2737.638985
2740.647199
2721.759605
2717.394737
2727.484662
2722.090583
2705.938154
2695.261278
2731.891695
2732.268008
2749.128045
2734.798889
2785.038722
2790.377068
2788.635940
2780.154765
2769.166541
2752.321278
2721.992632
2677.956053
2637.503710
2607.550639
2566.257608
2544.265132
2516.136441
2510.085338
2487.364586
2478.576328
2486.496391
2470.947350
2463.950526
2447.869812
2440.639323
2435.617481
2428.161412
2432.107632
2435.300169
2435.682970
2461.961525
2461.772932
2447.481767
2430.251353
2407.837331
2398.712222
2385.808271
2384.179474
2382.914812
2386.198644
2365.433628
2329.004211
2292.172316
2263.311184
2239.225480
2219.958571
2219.186147
2218.855977
2192.008571
2184.307970
2159.673891
2153.144331
2133.535714
2119.103515
2129.405846
2117.828117
2093.534286
2092.701880
2086.624407
2096.515263
2092.421544
2070.241353
2085.825376
2088.204323
2091.079041
2085.973120
2066.285564
2060.580904
2037.326391
2027.119624
2018.950526
2017.912613
2012.056034
2017.008571
2017.460526
2017.312237
2014.779096
2014.598083
2019.310583
2014.743872
2015.164727
2003.093459
1998.757274
1969.563635
1938.639398
1908.725932
1870.462857
1833.135489
1791.907326
1757.074774
1738.446974
1712.946316
1676.410923
1633.342162
1606.412632
1606.484887
1593.159192
1577.225414
1564.340789
1578.715348
1566.265376
1568.291846
1582.360752
1592.271898
1615.512712
1650.226917
1695.813421
1755.105000
1797.897552
1861.602481
1949.297857
2033.095263
2138.383722
2238.334746
2365.779305
2473.516102
2617.464511
2770.795009
2898.654511
3059.340376
3233.939548
3420.866128
3567.608553
3705.933684
3876.343333
4031.162425
4190.464173
4361.586930
4490.994117
4628.244482
4802.785940
5030.410000
5233.223684
5462.547481
5733.406729
5989.945150
6223.862279
6525.118947
6794.822744
7084.435526
7347.277834
7632.600865
7912.597613
8181.382034
8484.366692
8773.722731
9085.203872
9411.469492
9674.357218
9942.860169
10187.294361
10462.268421
10678.237853
10884.107143
11089.254426
11250.510526
11396.246893
11502.742669
11626.150376
11730.103008
11759.003195
11780.192090
11816.920301
11861.396805
11858.873120
11887.195489
11871.314286
11869.305075
11791.834087
11698.000000
11649.125940
11497.228947
11363.700000
11254.926316
11106.605639
10946.987571
10825.303759
10730.579096
10690.774248
10744.205263
10683.871186
10730.408647
10794.607331
10903.335714
11038.321657
11166.613910
11343.247368
11526.736842
11680.485526
11805.360338
12035.572180
12272.031638
12468.707143
12664.206403
12827.500000
12973.196429
13056.906968
13174.431203
13166.240226
13275.412030
13309.371186
13305.454135
13230.129323
13180.603947
13152.800000
13094.261959
13014.571241
12902.209228
12801.451128
12716.027119
12588.137406
12482.607519
12454.283051
12301.427444
12170.680827
12149.634586
12059.351036
12020.940789
11954.019173
11914.905263
11852.143421
11822.412053
11795.053383
11700.817137
11643.275376
11651.867232
11632.695113
11579.697932
11541.515254
11468.154135
11304.842561
11302.907143
11308.347081
11243.030451
11157.112994
11125.775000
11032.010526
10930.200000
10816.780451
10673.944633
10597.248496
10487.096234
10289.635150
10135.448872
10019.308271
9842.317086
9669.128023
9588.425827
9386.097232
9298.299511
9144.141318
8981.089474
8889.325263
8759.235480
8657.471617
8568.353898
8472.483609
8370.956441
8246.040526
8137.352086
8082.854868
8012.391579
7917.685876
7848.753421
7714.208571
7692.628120
7623.725141
7551.383553
7520.510526
7507.548079
7492.804098
7478.132486
7467.507143
7459.176252
7457.385508
7477.100977
7473.861429
7439.480414
7471.009454
7447.303308
7429.363045
7439.339360
7402.445489
7435.281579
7462.962237
7446.518983
7497.853083
7499.213102
7504.017914
7492.578195
7446.866429
7393.597068
7356.463917
7304.388571
7198.678136
7128.452218
7049.128571
6902.507081
6776.208628
6714.825395
6575.425263
6516.722128
6426.768985
6355.128571
6264.139436
6183.894605
6129.042693
6054.321880
5939.825480
5831.395075
5751.659981
5648.460263
5529.850902
5457.695593
5353.107143
5208.252105
5086.512368
4963.492335
4833.465526
4694.293383
4583.266184
4460.706842
4332.098814
4222.886748
4085.580169
3943.304211
3838.892712
3718.519511
3644.542857
3558.517552
3458.604398
3351.482203
