196.997526
202.922488
209.637410
224.423647
230.091169
251.135195
258.810508
280.038323
295.155802
312.462026
334.839357
360.400620
381.688731
402.804209
430.133684
458.338972
486.721750
513.311132
543.378342
573.777850
595.532603
624.605737
659.893473
679.120021
696.751927
725.570590
763.226521
787.170992
811.773436
841.230446
873.440252
917.039294
957.173711
982.218322
1000.675594
1030.998647
1073.342260
1109.026673
1132.595951
1170.480714
1200.600697
1229.210902
1241.457143
1253.920301
1264.717744
1282.994237
1312.293684
1337.191676
1349.689474
1362.765556
1400.558722
1441.927312
1480.116893
1526.695526
1570.524614
1613.233252
1651.032768
1759.359850
1821.636353
1874.822166
1943.987970
2011.787627
2074.334267
2147.653609
2223.023684
2299.228060
2399.969662
2463.676391
2546.313315
2634.040602
2714.395593
2809.670526
2860.032994
2913.948177
2981.226241
3066.465677
3104.991109
3175.675330
3280.378421
3367.438383
3439.499266
3522.163947
3620.605526
3684.709455
3777.363861
3887.753158
3960.496147
4087.331410
4176.325977
4296.624850
4379.694248
4479.041695
4548.919850
4598.850904
4639.009887
4689.829474
4747.198004
4785.700526
4825.284643
4854.126165
4833.306949
4834.738571
4856.923308
4846.853647
4845.505357
4823.713748
4788.315789
4825.109474
4809.113515
4828.584633
4866.541955
4877.146429
4893.070526
4936.174211
4982.715564
5040.269586
5119.307985
5165.915188
5244.828475
5300.235301
5394.813835
5515.165047
5595.056579
5729.765226
5832.706992
5924.011431
6032.755489
6068.546842
6077.020526
6114.767763
6107.330113
6093.503722
6150.014482
6126.339699
6122.394275
6161.475564
6171.839756
6246.209040
6270.571203
6319.512162
6322.787086
6334.256893
6346.735789
6362.566147
6380.937815
6396.361842
6459.777119
6542.027876
6536.987458
6601.117143
6654.866165
6643.634850
6635.947444
6640.923409
6638.914474
6662.672556
6672.297368
6689.940621
6676.950714
6666.146090
6713.367326
6732.691053
6732.146158
6790.342857
6809.333402
6801.320244
6876.010714
6856.360714
6907.576917
6962.849661
6983.811278
7010.786203
7039.079248
7005.304011
6994.784812
7009.398177
7018.969153
7022.664737
7060.753465
7127.258966
7182.796955
7238.152030
7271.028158
7335.861936
7378.615714
7427.222316
7481.236598
7551.915940
7625.788195
7694.982932
7793.004699
7927.064812
8027.556842
8145.822895
8256.322712
8367.697256
8490.698759
8549.208083
8647.873070
8716.908346
8781.455169
8856.058343
8893.695752
8897.487627
8922.894530
8919.594211
8884.963559
8817.385940
8833.304868
8824.910263
8785.619134
8784.012462
8756.787820
8675.093008
8640.577068
8638.220451
8655.093421
8668.782222
8691.701259
8749.640885
8800.216391
8851.217951
8923.703220
9009.956992
9080.799211
9158.015000
9210.948437
9244.237744
9245.886071
9220.226936
9213.490940
9167.400678
9138.766898
9072.276441
8977.276992
8919.018456
8807.526184
8728.531880
8610.823917
8504.817218
8391.469737
8272.386316
8196.522599
8133.374398
8028.061692
7898.142486
7830.605902
7857.782090
7862.243684
7868.832222
7931.865977
7996.231842
8078.599248
8133.558139
8262.397797
8348.625414
8466.536560
8586.031184
8653.379605
8726.820188
8841.597820
8929.232881
9009.700827
9165.782147
9288.526410
9397.650075
9567.421090
9678.138553
9747.017500
9805.154962
9868.957401
9983.235432
10063.389831
10134.628947
10177.554237
10204.692669
10217.766165
10207.433083
10203.923684
10219.213559
10220.171053
10212.861466
10157.568797
10123.075188
10080.485714
10069.449624
9999.910320
9879.105000
9763.437237
9657.268289
9520.100000
9392.674737
9267.401259
9119.791469
8975.973910
8905.435499
8896.587556
8862.081504
8919.952825
8901.457500
8980.770282
9101.713835
9190.621846
9314.910996
9409.476391
9556.368421
9748.031447
9913.279925
10048.060865
10228.035593
10431.085526
10604.281921
10750.252632
10882.154511
11051.539360
11111.293985
11212.066917
11250.761278
11266.093220
11272.118797
11203.682331
11180.550000
11159.342105
11080.610358
10981.285526
10915.084934
10829.481203
10740.184746
10683.337970
10608.270677
10552.480226
10480.268045
10371.725376
10296.342105
10252.235028
10160.834586
10151.400000
10121.178947
10100.896053
10022.448983
10001.130827
9994.831337
9958.451015
9885.645424
9818.739398
9797.571673
9740.883220
9675.235263
9668.577194
9674.830714
9664.164294
9627.818609
9575.300188
9534.839737
9480.157368
9377.824576
9300.355338
9170.873672
9080.260526
8999.398041
8856.904699
8703.207669
8569.881053
8477.378816
8349.732599
8195.145639
8025.046497
7911.744737
7836.011827
7713.921579
7589.339474
7465.956723
7386.806429
7304.552203
7195.123233
7119.875593
7076.447895
7024.724305
6951.671579
6855.094962
6806.007420
6795.166654
6710.530376
6606.188120
6586.381186
6525.679474
6474.740263
6459.243616
6454.233459
6420.986497
6402.190902
6413.740979
6394.778289
6377.707669
6386.143459
6364.462838
6371.459077
6364.700226
6304.054662
6335.013465
6374.694361
6346.593158
6375.303026
6371.442203
6386.393233
6365.866955
6352.854605
6337.353383
6286.230000
6272.731786
6262.179247
6181.041429
6117.625424
6028.204962
5975.757857
5883.349548
5803.417820
5704.560132
5647.516316
5554.000697
5520.710188
5453.277180
5382.281391
5298.970075
5219.334934
5116.399624
5016.034049
4953.576015
4870.369849
4774.554925
4698.942162
4602.166780
4474.306466
4393.494737
4291.753158
4166.311977
4043.841128
3954.875019
3832.904041
3724.739925
3592.815989
3475.527838
3394.625367
3314.114098
3218.249981
3115.655996
3049.473609
2960.454708
2885.853177
2792.631073
