194.675111
200.962263
208.212306
218.057914
232.542593
237.765141
259.333847
277.475985
289.363043
308.715293
333.645188
369.002333
394.418739
410.879164
440.791609
475.909678
508.807382
542.964211
572.227816
604.911423
639.497729
685.188699
705.006891
735.913748
744.062266
774.604726
803.660789
828.165876
863.618541
898.429567
921.389094
960.037367
1012.860605
1037.001610
1077.757624
1124.181105
1158.859311
1199.880171
1229.180424
1269.888286
1301.031853
1348.539444
1369.325429
1375.506368
1394.462423
1402.208318
1400.510549
1417.198923
1437.819250
1456.868573
1492.295797
1526.174444
1565.404073
1607.886056
1661.077629
1721.585414
1757.945296
1809.935143
1876.879305
1947.210497
1994.092064
2051.041814
2129.922474
2205.157594
2266.874737
2332.611846
2423.192425
2495.794662
2558.046365
2636.890000
2712.923559
2754.071053
2774.885254
2818.799342
2879.183496
2920.955714
2969.635639
3026.279247
3093.244887
3154.389774
3188.246102
3238.574737
3329.312368
3392.361842
3465.131111
3518.595564
3602.567801
3677.380000
3721.791767
3801.738233
3874.358308
3960.392542
4026.064060
4059.777024
4096.504474
4118.135000
4132.177062
4163.025263
4166.161071
4164.858271
4175.274802
4174.011429
4156.066692
4143.095827
4129.737857
4138.214689
4092.798872
4043.295865
4060.204568
4058.627514
4085.191692
4132.801898
4141.872895
4143.271579
4179.233835
4222.442293
4263.088041
4302.179248
4396.040508
4459.309492
4565.928647
4668.233164
4767.191278
4893.958008
4984.794211
5062.691996
5117.158102
5149.350902
5183.255789
5195.999605
5171.970923
5166.360376
5191.073390
5208.276635
5198.435913
5191.184812
5236.385808
5293.966723
5274.799925
5332.645846
5365.453383
5358.972655
5369.093083
5373.463383
5373.899134
5387.456053
5408.289492
5437.488440
5470.724576
5499.204812
5530.703365
5524.005376
5546.449286
5564.467476
5533.540977
5560.208421
5556.852782
5570.185876
5573.352218
5601.401241
5610.358418
5630.521184
5641.607966
5617.701429
5657.426917
5690.357838
5719.348571
5733.267669
5725.888327
5756.779341
5738.118872
5758.530451
5746.121429
5722.221563
5709.398195
5707.379925
5699.700847
5680.186842
5681.770697
5713.748515
5745.826654
5780.915564
5814.704549
5826.598026
5868.607820
5981.673785
6007.231278
6039.787218
6155.871391
6222.569586
6316.101447
6387.643985
6480.220000
6588.384342
6670.749492
6761.691805
6867.313421
6917.931222
6954.908814
7050.429774
7116.356466
7144.961281
7157.243459
7145.176271
7145.557162
7140.854812
7124.027947
7101.760583
7078.166316
7066.733158
7045.311676
7016.987444
7014.798045
7040.337143
7045.516203
6986.036109
6985.555639
6958.728738
6988.274793
6990.535122
7058.465338
7081.369211
7079.861073
7112.161767
7174.193158
7202.070000
7196.452467
7185.077970
7151.396786
7089.876955
7017.504812
6919.829322
6849.168008
6741.868983
6614.818722
6483.356949
6374.638120
6262.310902
6148.278173
6019.377425
5829.133553
5683.421579
5553.610904
5453.021805
5341.891992
5212.132957
5123.655489
5029.146252
5004.268947
4994.258889
4942.600827
4947.806165
4957.658346
4967.448252
4999.032203
4990.239774
4971.382162
4969.245526
4968.172938
4979.294060
4984.167406
4986.984576
5001.500150
5012.720546
5054.100414
5091.147665
5121.120113
5142.026015
5181.670677
5152.634812
5153.620847
5161.932820
5187.981921
5157.570526
5153.546083
5134.716184
5119.786692
5106.413985
5083.376617
5062.425819
5007.346842
5014.467368
4972.636316
4937.348722
4921.057143
4924.605282
4865.777006
4768.544286
4715.736504
4662.770263
4598.120000
4526.855038
4464.462538
4380.448851
4284.035714
4234.779266
4241.886053
4271.548346
4256.262260
4246.886974
4273.410658
4271.489699
4347.238362
4409.982970
4461.028421
4524.363158
4592.498289
4666.195113
4750.130226
4838.833390
4904.326523
4947.283202
5008.084662
5088.961165
5151.980734
5177.076617
5171.248722
5197.456974
5226.948983
5198.081805
5203.452669
5176.695921
5145.866316
5104.487910
5064.611015
5010.363616
4954.370526
4910.399661
4879.131429
4861.116955
4825.332354
4799.179248
4728.680226
4683.968120
4685.612185
4685.707105
4664.111053
4586.033158
4569.095921
4534.903785
4500.482782
4494.698964
4517.331692
4515.561243
4479.271767
4456.597594
4424.246780
4384.383759
4399.786836
4341.947500
4358.765461
4294.670489
4278.385800
4230.551974
4198.298421
4186.309774
4125.147951
4067.696290
4033.330301
3987.147853
3934.712068
3889.122481
3824.795789
3746.821353
3707.039096
3612.396767
3529.637684
3520.388684
3467.204313
3409.688947
3341.131842
3301.580960
3253.536090
3217.650339
3194.186222
3169.639831
3145.953609
3100.547406
3038.744417
3016.080526
2995.818267
2947.191541
2913.596842
2902.267744
2891.298192
2857.207237
2820.266842
2811.614783
2782.338271
2772.514633
2776.191805
2792.772806
2799.337444
2798.866203
2814.481955
2818.722556
2799.378701
2779.851504
2760.882538
2752.953559
2764.884173
2748.195000
2765.074737
2771.396271
2779.047970
2784.764342
2788.776917
2769.263496
2748.230714
2736.909944
2722.672411
2695.797143
2652.148531
2620.293045
2566.520714
2539.536139
2481.745771
2455.376053
2427.106842
2375.223759
2346.635976
2334.006124
2301.945767
2257.537461
2223.462753
2207.365158
2164.752904
2110.287793
2101.342804
2069.170004
2020.702679
2000.213085
1949.350865
1866.976158
1814.095395
1773.071439
1737.669470
1700.666445
1646.353806
1602.628624
1551.779288
1513.605212
1476.479661
1420.642444
1372.801704
1333.626333
1296.338165
1278.599121
1236.655145
1210.658130
