0.823536
-3.438893
-2.563276
-1.575758
0.667548
-5.320557
-0.082380
-4.020358
-3.662525
-0.214437
0.596901
-1.426837
-2.125345
-1.568344
-1.575123
-1.403982
-1.672723
-1.550865
-1.410796
0.505253
-2.062166
0.210871
3.030352
-2.147139
-5.061791
-1.571590
-0.180654
0.173351
0.189423
-2.370862
-1.471830
1.542067
-0.365309
4.098754
2.026617
-1.735951
2.047651
2.827517
-0.836242
1.141242
0.026461
-0.254825
0.998343
0.148778
-0.800000
-1.670608
-1.837986
0.000229
1.360174
-0.194974
-3.336673
-0.848328
0.418913
-2.075505
-4.930031
1.643306
-2.109082
-0.625515
-0.078829
2.091438
3.284821
3.303018
2.672533
2.036720
1.782108
0.821787
0.718832
0.094938
2.255168
3.400443
1.679508
-1.734292
0.148774
1.861638
-0.422221
-0.065352
0.721438
0.362803
3.110342
3.418978
0.859305
2.019825
-0.339422
0.480077
1.688470
4.553663
5.114482
3.379300
0.062940
1.367638
4.079159
4.100670
2.778373
2.893486
4.641554
5.251381
4.916989
5.601584
3.408475
-0.125438
5.979735
6.812024
5.441983
0.824662
0.789264
4.588272
5.083579
-0.255805
0.077460
2.662358
2.283264
2.665522
5.225849
4.836926
1.627989
1.594385
3.186381
4.461850
2.426904
3.914094
2.024671
0.367621
4.056760
7.436145
4.273471
2.728143
4.307905
5.503965
4.682477
4.158082
2.163884
-0.358145
5.565032
3.873942
6.015420
2.594748
3.462669
6.797648
8.046824
8.028847
2.286582
3.426267
8.545472
7.823757
7.067599
6.650225
3.357145
2.600000
3.021244
5.414240
9.035096
8.180042
8.323335
6.126833
10.713109
7.644629
7.316579
5.207929
8.826808
4.876215
3.435661
6.400000
6.239818
6.340079
8.007802
9.747869
6.808484
4.611320
6.854901
9.227504
10.656268
10.104148
8.500057
4.084216
9.339363
9.899253
7.868026
7.501479
6.277146
6.434162
8.826474
8.252249
9.190070
10.091107
10.663993
10.474044
9.896751
5.328377
7.144287
8.751542
8.717898
11.567612
11.447811
9.466498
8.800000
10.249806
11.714762
10.062146
9.530520
10.064283
8.713858
10.136499
11.407998
13.143298
9.423890
12.059784
9.210712
9.494065
11.261555
10.578439
9.995736
9.358277
9.046983
12.489349
14.582596
10.153419
11.519717
13.348820
10.640930
9.465528
11.892226
9.753243
11.366912
10.418175
15.032308
14.480550
11.473873
13.513022
14.860079
11.292147
9.652121
12.335237
13.877416
12.558925
11.184076
11.790389
10.552970
10.551162
12.742561
14.540939
14.321921
12.393458
12.068964
11.705898
11.935069
12.497984
10.495405
10.112354
12.200000
11.997956
10.651630
9.010074
12.222658
9.324737
11.017105
12.565756
10.336661
9.070152
10.060059
11.222417
11.412802
12.828985
13.397180
9.085364
7.521562
9.054569
5.532812
8.941261
10.289970
11.994271
13.159169
11.917461
13.251982
11.498024
10.572144
15.722227
15.905769
12.901059
14.102408
13.965545
11.521367
9.108049
12.275963
13.706286
11.628986
11.241576
12.432416
11.008793
12.579321
11.248092
10.460700
13.198903
12.771714
11.740142
11.162632
9.915658
12.288104
11.814352
7.733209
7.516770
8.397392
10.660281
14.427359
11.799239
9.680635
10.116937
14.805350
12.845988
13.683529
15.396998
12.813615
11.332058
10.922157
8.977977
11.676107
13.655256
13.617601
11.774357
16.821773
15.322904
14.497222
14.510295
13.831705
11.455876
14.114993
16.800000
14.251267
10.330193
11.606266
16.567490
15.862142
14.823855
12.034736
12.678951
16.687379
16.410545
11.746473
12.393813
15.450036
14.933258
11.860076
12.995826
15.000000
14.734249
15.393467
15.840882
13.400000
13.962147
16.032232
14.904507
14.086681
15.903876
13.832416
12.757570
12.669553
16.696964
14.799605
12.246790
14.031564
14.282253
13.757610
14.128105
12.676680
14.242919
12.400000
12.266899
11.261822
11.556213
11.425281
11.299611
9.779330
10.677106
8.625003
8.669330
8.468081
9.319378
10.021529
10.184650
11.558727
10.010732
10.194755
9.396440
13.920920
10.836702
9.355589
9.276676
7.720206
9.220070
11.435981
10.790621
10.592805
11.000000
11.000000
10.417671
10.025872
10.033674
7.591559
5.634706
5.709265
5.439702
12.710881
8.479929
9.541230
7.364292
7.710162
11.096580
11.881408
13.429875
12.868857
9.547624
8.464221
10.569491
12.762969
11.614594
13.189479
8.735027
12.305793
10.903870
5.523789
9.144083
8.035020
6.463220
9.118078
9.830543
7.050550
7.880145
10.800000
8.798563
5.734302
8.039253
11.294375
11.007329
12.117245
4.067705
6.005946
6.338623
4.380703
8.654010
4.923332
3.683438
9.175588
12.392053
9.661688
9.054577
9.317526
4.205112
8.185224
6.775897
7.403548
3.315701
