-58.9916
-40.4098
-21.828
-1.74996
18.3304
6.75199
-4.93656
.564152
6.15867
.745975
-4.74864
1.33603
7.52997
1.57487
-4.51915
-2.82562
-1.02738
-2.67248
-4.37081
-3.81089
-3.21148
-3.98391
-4.78313
-4.11544
-3.41613
-1.83843
-.24
-3.70647
-7.30295
-2.8313
1.8641
-2.36547
-6.86107
-5.64459
-4.24596
.53433
5.42953
7.62489
9.72283
2.48671
-5.10584
-2.13492
1.26175
1.4
1.4
1.11308
.813373
1.84989
2.94881
2.42851
1.82909
4.36642
7.06378
8.43314
9.73187
5.1616
.266397
1.79484
3.69298
4.17708
4.57669
2.53037
.332528
4.33064
8.72633
2.53592
-4.35732
-2.46284
.0347161
.946326
1.74554
-4.62355
-11.5168
-9.95622
-7.75837
-4.9116
-2.01444
-.782416
.316507
-4.49253
-9.78734
-2.55436
5.73751
2.17166
-2.42383
-4.81794
-7.01579
-6.37624
-5.47712
-7.50066
-9.79841
-6.62792
-2.93154
-2.96376
-3.36337
-6.39461
-9.69138
-4.74811
1.04621
3.58779
5.78564
1.04129
-4.45332
-.771761
3.92364
4.04093
3.64132
1.09201
-1.70525
-1.19562
-.296504
-1.27015
-2.46898
.514427
4.011
-1.54879
-8.24223
-7.58253
-5.98409
-4.82764
-3.72872
-1.04218
1.85498
1.40796
.508838
.663427
.963133
2.22658
3.62521
6.59736
9.79422
5.57725
.28244
-2.83672
-5.63398
-6.08683
-6.18673
.990648
9.28252
6.16451
1.26931
-.521156
-1.81988
-.537201
1.16113
-.0594708
-1.75781
-2
-2
2.61482
8.00953
5.04839
.652696
1.44616
3.14449
4.50334
5.80207
2.86697
-.82941
-1.14656
-.846851
4.2571
10.2512
7.50007
3.10438
-.955738
-4.95182
-1.58251
3.21279
2.16296
-.0348879
1.34943
3.44737
-.355517
-5.35062
-3.3809
.0157663
-1.79884
-4.696
-.413667
5.38065
6.81163
7.31115
6.57868
5.57966
.893538
-4.60108
-2.49388
1.30239
-1.99566
-6.89086
-10.3218
-13.4188
-5.47898
5.01074
1.5759
-5.11754
-4.30021
-1.70276
.572434
2.77028
-.898841
-5.99385
-6.11809
-5.01917
-4.56007
-4.26036
-4.27978
-4.37968
.136421
5.83084
2.15718
-3.93685
-2.82416
.172906
2.22198
4.02022
1.01146
-3.28433
-1.37013
2.22634
6.52852
11.0241
4.17841
-5.8118
-6.59564
-4.7974
-3.31046
-1.91183
-2.06577
-2.66518
1.38137
6.77608
2.20722
-5.28543
-3.0709
2.02411
.587255
-2.80942
-3.2934
-2.89379
-3.7939
-5.09263
-1.12954
4.46497
3.06175
-.53472
-2.61386
-4.2123
-3.99463
-3.19542
-1.03765
1.5598
2.80223
3.60145
4.10033
4.49994
-.342586
-6.93612
-6.43393
-3.53677
-2.7255
-2.6256
-2.3771
-2.07739
-1.48127
-.781954
-3.03899
-6.33576
-2.92465
2.86968
.94469
-3.75071
-4.48675
-3.78743
-2.13749
-.139445
2.07739
4.37514
2.16337
-1.73281
.101533
4.09762
5.41703
5.71673
2.48125
-2.11425
-2.60854
-1.50961
-3.71143
-7.20801
-8.2
-8.2
-8.27136
-8.37126
-4.69927
.49564
.0127806
-2.78448
-1.75981
.837639
-3.41122
-10.5043
-8.16576
-1.87192
-.70189
-1.70091
1.70964
7.00445
6.92486
4.52721
6.16646
9.56313
7.82376
3.82768
-1.96787
-8.56141
-3.90561
5.78489
8.18063
7.28151
5.07856
2.2813
.305167
-1.29327
.315168
3.41213
1.95072
-1.64575
-1.17185
1.2258
1.59414
.994724
2.21641
4.31435
5.60527
6.50439
3.91657
-.379223
-.863949
.53468
-1.13328
-4.33015
-2.47535
1.92034
1.27925
-1.91762
-3
-3
1.94114
9.4338
6.35099
-2.24059
-5.00353
-4.70382
1.53769
10.9285
12.7678
10.57
8.04762
5.35026
4.07646
3.57695
.626007
-3.66978
-1.85558
3.33932
3.40464
.607383
1.4538
4.35096
3.23323
-.163436
-.891739
-.0925227
3.3035
8.19871
7.8532
4.45653
4.01829
5.31701
3.66652
.269847
-.124248
1.27438
6.04034
12.8337
12.9135
8.91743
7.5859
7.8856
7.81469
7.51498
5.61433
2.71717
2.39793
3.69665
-.388743
-7.8814
-5.31113
3.68006
5.741
3.34335
4.58145
8.17793
9.4188
9.11909
7.55509
5.15744
5.04012
6.43875
6.34206
5.24313
3.30957
.812021
3.18701
8.88143
11.0223
10.7226
8.82911
5.83205
3.07032
.472863
1.8628
6.05869
8.79352
10.4918
10.8505
10.2511
8.66483
6.36708
9.04486
15.3387
12.8683
3.97704
-.0873175
-.586828
.631692
3.12924
3.28685
1.68841
1.68251
2.88134
2.15303
-.0448142
2.72798
9.32152
10.455
7.35808
4.65377
2.25612
4.94511
11.6385
10.3667
2.77413
.121574
1.4203
3.27213
5.56988
8.63922
12.3356
9.66145
1.76918
1.37391
7.16823
9.85453
9.95443
8.20708
4.91031
4.10376
5.40248
5.08303
3.38469
2.92246
3.52187
8.08383
16.076
16.012
8.91895
6.02525
6.82447
9.26546
13.1616
13.206
9.80932
8.25257
8.35247
8.92373
9.92275
9.82605
8.72712
8.92774
10.3264
10.4821
9.48312
9.05159
9.15149
6.99004
2.69425
1.31678
2.71541
4.01203
5.21086
5.85081
5.95071
5.59511
4.79589
5.0554
6.35413
7.85373
9.55207
11.2004
12.7988
12.5038
10.3059
8.60441
7.40559
5.66296
3.36521
3.03709
4.73543
3.88342
.38685
1.9706
8.86384
9.91867
4.82366
2.15154
2.05164
1.85521
1.55551
2.84198
5.83905
9.79352
14.7886
15.5407
11.6445
10.2172
11.5159
12.2
12.2
12.4354
12.9349
13.2
13.2
11.2855
7.18949
5
5
3.79609
1.19864
2.65872
8.85265
12.3836
12.7832
11.9942
9.79638
10.4208
14.4169
15.1949
12.0979
8.91073
5.61396
4.38414
5.68286
7.47371
9.87136
11.9127
13.5111
14.0452
13.246
12.4026
11.5035
10.5604
9.56143
9
9
9.65345
11.152
11.5663
10.5673
9.6978
8.99848
8.04131
6.74258
9.63631
18.128
20.5727
14.8783
11.3033
10.604
10.2422
10.3421
9.93803
8.83911
7.48938
5.79104
6.63064
11.0263
14.3454
16.1436
15.6751
11.9787
10.4563
12.0547
13.8164
15.8145
15.1718
10.6762
10.628
17.1216
20.0746
17.7768
13.9576
7.86358
6.15233
11.0475
12.1762
7.58071
5.74684
8.1445
9.83554
10.4349
9.97973
7.88179
6.25022
5.3511
4.91601
5.21571
5.66931
6.36862
5.42202
1.82554
1.27558
5.67128
9.30926
11.7069
12.597
10.9985
9.3626
7.66426
6.74919
7.1488
7.80813
8.90705
9.56309
9.46319
8.26196
5.16499
5.3544
11.2486
15.5085
16.9071
15.0907
7.59806
4.20119
8.09737
10.8144
11.4138
11.0893
9.09123
8.43613
10.2344
11.892
13.2906
13.3263
10.8287
9.40852
10.0079
10.4
10.4
9.6784
7.58046
8.31829
14.5122
17.5129
14.3161
10.4775
5.3825
5.32428
15.2146
20.8319
17.9347
14.8053
11.2088
10.5155
15.7104
18.1505
14.9537
10.6158
3.92238
1.99231
9.98448
15.1101
14.211
14.4643
17.1617
18.4909
16.8925
14.2189
9.22385
7.11985
11.3157
14.4498
15.249
14.5587
10.5626
7.89251
8.19222
9.50311
13.0996
14.5039
10.9075
9.57976
13.4759
14.7273
9.83212
6.04169
4.84287
4.05933
4.25913
4.51787
4.91748
5.49271
6.49173
7.89782
10.2955
12.3177
13.4166
13.7697
12.2712
10.1744
6.57794
5.07512
8.8714
12.4148
15.312
15.977
10.882
7.83722
10.135
12.3502
14.3482
14.8986
11.6019
9.09153
8.69192
9.47688
13.473
17.7898
22.9847
24.5449
16.0532
10.116
11.3148
11.9386
10.9396
11.0561
14.3529
15.1779
8.88407
5.70755
11.6018
15.645
14.2464
14.2819
18.5777
19.9277
12.435
7.93935
12.5348
16.0983
16.4979
16.7512
16.5514
16.0856
14.7869
15.0232
20.1183
22.4774
16.0837
11.1528
10.953
11.4083
14.0058
15.9536
15.7538
16.1291
18.4269
19.8122
18.1139
16.8904
17.2901
17.1068
14.9089
13.8
16.4974
17.4545
12.2596
10.405
20.4951
27.2316
21.8369
17.6
17.6
17.0689
14.5713
12.9157
14.4143
14.4948
9.19998
6.21878
12.113
16.4726
14.8742
13.4176
12.5185
12.101
13.5996
14.3429
12.0451
9.76707
7.56923
6.44292
9.73969
12.3421
12.0424
11.8764
12.276
13.4503
17.9459
21.1886
18.9908
17.3295
18.0288
18.2155
16.1176
14.5087
15.1081
15.3133
13.7149
12.4
12.4
12.5227
13.222
13.0029
8.40737
5.18253
8.5792
11.4169
11.5168
10.5118
4.01815
-.655433
3.84016
7.71445
8.41376
9
9
8.68083
6.68278
5.4256
8.12295
10.4778
10.9773
11.523
12.3222
12.3626
8.16674
5.5587
11.9524
17.3113
16.7119
15.5873
11.3914
8.01588
9.51442
11.2401
14.3371
15.4319
4.24287
-4.0333
5.85701
14.468
14.9675
14.9305
11.4339
8.18852
6.59008
5.90318
11.2979
15.7178
13.52
10.7916
4.39792
-.988612
.709724
3.15463
10.947
17.0172
10.5236
5.30943
9.60522
13.5398
14.7386
15.021
8.22767
2.90938
9.20321
14.1029
7.80912
2.68908
7.18467
10.6557
5.56069
1.8591
10.0511
16.6598
9.46681
3.3429
6.73957
10.334
15.7287
19.6985
10.4076
2.61737
9.111
14.5721
9.9766
5.81821
6.01802
6.06634
4.56781
3.16514
2.76553
2.82595
7.82106
12.6164
15.2138
17.3968
14.8992
12.4889
11.0903
9.56792
6.57086
3.89048
5.08931
6.04577
3.94782
2.56474
10.457
17.2994
10.1064
3.88651
11.0795
17.5966
14.4996
11.3326
7.13676
3.68124
11.4736
18.4057
11.8122
5.66934
6.86816
7.98883
7.78903
7.66464
8.86346
10.2699
15.4648
20.2202
16.6237
12.9696
8.17433
3.69207
5.69011
7.59118
7.39138
7.32215
10.2193
12.996
12.8961
12.5364
5.64315
-.844141
3.45165
7.55885
6.36003
5.20323
5.30313
5.42733
6.32645
7.22841
8.22744
9.1709
8.07197
7.1029
11.2988
15.3008
10.9051
6.59382
6.29412
5.98324
5.08412
4.16666
2.16862
.322098
8.61397
16.661
5.77166
-4.90392
3.98736
12.7885
11.4898
10.1683
5.57286
1.00344
1.70276
2.39022
-.906551
-4.1995
-3.69999
-3.20048
