-36.3877
-9.11441
18.1589
12.0154
5.82148
7.39289
8.99132
5.0256
1.02952
-2.76823
-6.56452
-1.94849
2.74691
-1.1509
-5.14699
-7.66442
-10.162
-3.31333
3.67982
2.32722
.82869
2.56381
4.36205
-.294095
-5.0894
-6.37117
-7.57
-4.38573
-1.08896
-.0279368
.971084
-.455158
-1.95369
3.42163
9.01614
3.88595
-1.60866
-2.28212
-2.78163
-3.56982
-4.36904
-3.43968
-2.44066
-.291611
1.90623
2.09564
2.19554
1.24556
.246535
-.847734
-1.94666
-1.61979
-1.22018
-.441144
.358072
-2.62916
-5.82603
-5.52767
-5.02816
-4.71719
-4.41748
2.56147
9.95422
4.57956
-1.61437
-1.90632
-1.80641
-1.33257
-.833057
-1.45303
-2.15235
-3.50333
-4.90196
-1.93433
1.36244
2.34163
3.14084
1.25734
-.840605
-5.98484
-11.3795
-8.85228
-5.65542
-.803984
4.19112
3.04068
1.34235
4.31198
7.70865
4.98601
1.68924
-.0581956
-1.65663
4.83872
12.1316
8.53495
3.83955
.411854
-2.88491
.685226
4.98102
.351134
-5.24338
-2.56135
1.03513
1.6693
1.96901
1.82086
1.62105
-.63438
-3.13193
-1.52723
.570712
-1.78053
-4.67769
-2.86909
-.47144
-2.59199
-5.28934
-5.86519
-6.16489
-6.3764
-6.5762
-7.56805
-8.66697
-2.12652
5.46604
6.13716
5.83745
.817206
-4.87721
-4.11723
-2.4189
-1.76487
-1.26536
-3.45758
-6.05504
-2.67472
1.62107
.38479
-1.71315
-.706358
.792173
1.60233
2.30164
.768827
-1.12931
.741386
3.23894
-2.29672
-9.18996
-3.80521
3.68745
.376458
-4.81845
-4.32691
-2.82838
-2.34597
-2.04626
1.12579
4.82217
-.33138
-7.12472
-.295614
9.09518
4.30799
-3.18467
-2.80974
-.911605
-.516498
-.416596
.0165304
.516041
1.18177
1.88109
-2.5603
-8.05492
-9.33087
-9.73048
-3.36321
4.42916
5.05905
4.15994
-1.91346
-9.10641
-6.9587
-2.76281
-2
-2
3.62654
10.5198
6.18696
-.70628
-1.51308
-.913672
-.961914
-1.16172
2.35348
6.74918
6.14982
4.35159
2.31224
.214297
-.360348
-.560152
.51969
1.91832
.444793
-1.75305
1.77932
6.77442
2.79839
-3.49544
-1.31543
3.08026
3.605
3.10549
5.5217
8.71857
7.90646
6.00832
1.75783
-3.13737
-1.54066
1.85601
2.36594
2.06623
4.10126
6.79861
6.8566
6.15728
3.90931
1.21196
1.60408
2.90281
-.960226
-6.35494
-6.37047
-4.77204
-2.33046
.366898
-2.36397
-6.75966
-7.11368
-6.21456
-7.44518
-9.34332
-7.9792
-5.58155
.069942
6.76338
5.00362
.508029
-.298883
.100725
.800667
1.59988
2.69865
3.89748
4.12531
4.0254
4.59597
5.39518
4.26259
2.46435
4.96418
8.96027
4.53075
-2.86201
-6.20055
-8.09869
-6.9091
-4.61135
-.847178
3.44861
2.47935
-.417806
-4.6277
-9.3231
-8.92711
-6.62937
-2.01039
3.48422
-1.65551
-10.8465
-5.68029
5.00923
5.55366
2.15699
3.85494
7.55132
2.73212
-5.45985
-.80636
8.98405
8.73978
4.44399
3.55486
4.05437
4.34155
4.54136
-.552381
-7.84523
-4.65076
2.9418
5.76151
6.56073
2.88038
-2.71414
-.84033
4.25468
-.116142
-8.60782
-2.73248
9.45558
11.6082
9.31042
10.1183
12.3162
10.4537
6.75733
3.47269
.375728
3.57405
9.66808
4.84511
-5.0452
-4.79823
.196878
-3.55933
-11.4516
-8.25027
.241411
2.52786
1.82855
.0531961
-2.24455
-.45185
3.34443
.254049
-6.23959
-2.60014
6.09134
4.01481
-3.47785
-4.14434
-1.34708
.657243
2.25568
-.296449
-4.99185
-3.7755
.520294
-.0302007
-3.12717
-1.71881
2.07747
1.64233
-1.05502
-1.09136
.307271
3.32358
7.21976
6.01954
2.02346
1.37179
2.57061
2.29468
1.19576
-.0310138
-1.32974
-1.54509
-1.14548
2.43076
7.82547
6.63316
1.63805
1.44167
4.03912
4.43349
3.53437
1.56851
-1.02894
-4.00172
-7.19858
-5.46918
-.773779
2.11892
3.91716
4.72393
4.92374
4.81469
4.51498
5.75464
7.95249
5.73105
.735943
-.894084
-.394573
-.565925
-1.16534
-1.52158
-1.72139
-1.7394
-1.6395
-1.2376
-.638187
-.580613
-.880319
-.57994
.119374
3.39064
8.38574
10.2808
10.081
10.4754
11.2746
14.7982
20.1929
17.3234
8.73186
3.96449
1.86654
-.172762
-2.1708
.272771
5.86729
7.09331
5.19517
5.79322
8.19087
8.27432
6.67588
4.55852
2.06097
2.20673
4.30468
5.71541
6.61453
4.71712
.721039
2.69695
9.19058
12.8502
14.3487
8.84318
-2.04615
-3.7604
1.63431
1.81237
-2.08381
-1.28462
3.21097
4.47588
3.17715
5.48629
10.6812
9.6814
3.68728
2.26762
4.56537
6.42377
7.92231
8.27166
7.67225
4.83724
.141841
-1.18503
.313497
1.05413
1.15404
1.84727
3.0461
1.8802
-1.31666
-.604536
3.49145
7.74749
12.1432
10.6917
4.09814
2.58882
5.58588
8.53018
11.4273
10.5921
6.39621
5.34272
7.14096
7.42605
6.32712
6.57972
8.07826
7.81607
5.91793
4.69046
4.09105
3.90279
4.10259
3.9952
3.5956
3.4
3.4
3.45081
3.55071
4.91589
7.51335
11.0183
15.414
14.0344
6.94135
6.45146
12.5455
13.3079
8.71241
7.44228
9.54022
12.3797
15.9762
18.4894
19.888
17.2159
10.3226
6.8
6.8
7.87038
10.0682
11.6361
12.5352
11.9382
9.74039
6.48509
2.0894
2.43287
7.92748
8.84534
4.74935
4.40419
8.20047
11.2875
13.5852
13.4815
10.6843
9.95026
11.5487
11.8863
10.7874
10.8975
12.396
11.672
8.37519
5.86227
4.26383
4.1346
5.73303
6.55428
6.45438
8.3574
12.6532
10.8301
1.63908
-.511714
5.88202
10.5233
13.0209
11.7157
5.7216
4.35985
8.75555
8.76095
3.26633
2.53998
7.83479
9.65717
7.05972
7.65667
12.3521
15.9584
18.1562
18.1423
15.2452
10.6643
3.87098
3.26617
10.8587
13.9594
11.0622
10.9756
14.672
17.1815
18.0806
16.7013
12.2057
9.34802
8.7486
8.5672
8.96681
9.07518
8.77548
8.47577
8.17606
10.2255
15.6203
16.585
11.1903
9.83701
14.3326
15.253
10.9573
10.0577
14.1536
16.8816
17.5809
16.2383
11.8426
10.5148
13.8116
16.6326
18.7305
16.0153
5.92524
.114049
.913266
3.43114
8.62605
10.6341
7.637
8.12013
14.1142
17.2998
16.0011
15.5445
16.4436
14.3343
7.34115
3.94714
6.44469
10.1483
15.8427
19.8124
20.9113
18.6534
10.7612
5.98551
6.48502
6.98453
7.48404
7.98355
8.48306
8.25227
6.75374
5.76368
5.66378
5.96124
6.96026
7.13294
5.83421
6.64368
11.2392
14.9107
16.9088
16.2563
10.7616
7.62174
8.82056
10.1941
11.8925
13.0347
13.1346
12.9581
12.2588
11.0097
8.71193
9.38662
15.7803
18.5732
14.3774
11.7689
12.2684
12.6
12.6
10.9308
5.93575
3.82792
7.5243
9.20821
6.81056
6.57741
10.7733
14.3172
16.515
16.5742
12.1785
9.48987
10.389
12.1524
15.7489
13.8729
.286256
-6.21737
2.57402
9.76273
13.4591
17.3741
21.7698
22.6587
15.7654
10.2907
7.99298
6.06294
4.96401
4.77848
6.67662
7.21349
4.61603
4.87377
11.767
16.3014
15.3024
13.9771
11.8791
10.2821
9.88252
11.4734
17.8671
19.5215
9.63119
3.72632
7.6225
11.2318
14.129
15.4593
12.8618
12.1317
16.1278
18.4662
16.568
16.037
19.0341
20.0641
15.9681
13.8528
16.9497
19.637
21.2354
22.2644
21.7649
19.65
13.1564
9.44233
13.3385
16.8367
19.2344
20.3416
17.8441
16.8887
20.2854
21.7104
17.5145
15.7646
21.0594
22.8025
14.211
8.81424
12.8103
16.3032
18.3012
19.5254
18.4265
18.4917
22.0881
24.6771
24.1776
22.3374
16.3432
12.2594
14.1576
15.2642
13.8656
13.5613
16.7581
18.0439
13.1487
10.9443
17.5378
20.3494
10.6589
5.10955
13.4014
19.7772
19.6773
19.1929
17.3947
15.2602
11.9634
9.42222
9.52212
9.42378
8.62456
7.80351
6.90439
6.11345
5.71385
7.35107
16.4422
22.6652
18.2695
14.8842
15.2838
14.9744
11.9773
10.323
13.8196
16.8251
17.924
17.8272
13.0319
8.77853
6.68059
5.83471
10.0306
12.908
10.4105
9.21827
13.4141
16.5878
15.4889
14.0654
11.2682
8.71657
7.21804
6.84148
11.3371
15.2775
16.7761
17.6704
15.8722
14.1645
12.8658
11.0833
7.08726
4.45566
8.15204
11.4629
12.9614
13.1083
6.81444
2.1654
5.46217
7.89512
6.09689
4.98506
7.28281
9.56401
11.7618
12.7661
7.67113
3.93309
7.22986
8.81906
1.42631
-3.77542
2.71822
8.62031
11.3177
13.1696
10.3723
7.74202
6.04368
4.55506
4.25535
4.04435
4.34406
4.54165
4.14204
4.1742
6.77166
8.85803
7.85901
7.67204
12.4673
15.8683
10.5735
6.63963
11.335
15.4268
15.6266
15.4695
12.972
10.1749
5.37964
1.14869
.749086
1.11993
6.81435
11.2156
6.52017
2.74269
5.53995
7.97591
7.77611
8.31084
14.305
18.598
10.0064
2.73221
5.62938
8.56032
11.7572
14.2902
11.4929
9
9
9.29883
12.0961
14.6314
14.9311
14.5523
8.25846
2.92273
6.1196
9.10878
10.2077
10.9576
8.4601
5.95305
3.3556
1.72557
9.51793
16.1902
11.6946
7.69802
8.79694
10.2619
15.5567
20.0081
15.4126
11.2915
12.3905
13.2456
11.3474
9.63173
10.0313
10.4
10.4
10.5885
13.086
15.2604
13.3623
11.65
12.3493
12.7427
9.04637
5.43783
3.04018
1.14119
6.3361
11.2064
11.3063
11.2149
8.21784
5.34623
4.44711
4.00447
10.9976
17.2316
10.638
4.36768
3.76827
3.20519
3.30509
3.82458
12.3162
20.0784
13.385
6.91253
5.01439
3.30138
5.59913
7.67364
4.67658
1.87631
3.77445
5.56944
4.77022
3.90938
1.41183
-.76341
6.12983
12.8065
13.0063
13.0512
8.15597
3.34885
1.55061
-.189417
.210191
.661249
3.1588
5.53237
2.53531
-.299138
4.59606
9.39069
8.89117
8.37666
6.97803
5.60147
5.70137
5.78725
4.78822
3.75358
-.54221
-4.75581
.239292
5.17661
1.77994
-1.5808
2.31538
6.20178
6.80119
7.39859
5.99996
4.60133
