-.00112726
-2.49868
-4.99623
-3.40398
-1.80554
-3.79111
-5.78915
-1.22945
3.36605
-.864056
-5.15985
-1.4392
2.35707
2.49877
2.59867
-.160149
-2.95741
5.06724
13.2592
9.96352
6.46694
3.36233
.265362
-2.04925
-4.347
-2.54564
-.647501
1.15324
2.95147
-1.76311
-6.65831
-3.21061
.485768
-.464962
-1.56388
-1.02029
-.420873
-2.52131
-4.71916
1.55101
8.14455
.909531
-6.88283
-1.73735
3.95706
-.677645
-5.77265
-.750562
4.74405
5.95248
6.95151
3.10284
-.99315
-3.09714
-5.09518
-1.69753
1.99884
2.2
2.2
.126067
-2.07178
-1.25926
-.26024
3.36737
7.16365
2.34115
-3.05356
1.74176
7.23637
-1.07604
-10.3669
-3.18002
5.21175
3.38462
.787165
5.14247
10.0377
8.36483
6.16698
4.4307
2.73236
-1.17676
-5.27275
-7.07072
-8.66916
-3.11308
3.08085
1.31178
-1.18577
-3.68332
-6.18088
-6.4
-6.4
-6.03623
-5.63663
-3.05912
-.261862
-.814949
-1.71407
1.18168
4.47845
4.52952
4.22982
1.14127
-2.2554
-8.61437
-15.3078
-6.05762
5.03151
2.26749
-2.1282
-.905591
.992549
1.46695
1.76666
3.30939
5.00773
-1.62159
-9.31405
-3.83546
3.35749
.583777
-3.51221
-6.55214
-9.4493
-6.28764
-2.29156
-.222962
1.57527
-.560271
-3.25763
-1.5939
.703847
-3.35129
-8.3464
-7.69755
-6.19902
-.282135
6.3114
1.40862
-5.28482
-4.56139
-2.66325
-2.22791
-2.0281
-2.77266
-3.67178
-2.00124
.0967081
-3.01839
-7.01447
-3.93365
.362138
-.616294
-2.51443
-2.63025
-2.43045
-2.4
-2.4
-1.04831
.550126
-2.23426
-5.83073
-.345576
6.84737
1.20463
-6.88744
-5.52167
-2.32481
-3.13603
-4.73446
-4.08363
-2.98471
.275082
3.97146
2.61005
.2124
-.613594
-1.1131
-1.61261
-2.11212
.599125
3.9958
-.0814922
-5.77591
-6.22645
-5.52713
-3.19302
-.495666
-2.12015
-4.7176
-5.60674
-6.10625
-3.19735
.499022
-.904876
-3.50233
-3.19239
-2.19337
.175261
2.87262
1.06928
-1.82787
-1.11722
.481212
.240154
-.45916
-1.87651
-3.47495
-1.57158
1.22568
1.8
1.8
1.00805
.00903085
-1.77998
-3.77802
-5.22444
-6.52317
-3.26266
1.23293
1.80794
1.30843
.965352
.665646
2.47248
4.87013
-.281176
-7.57403
-7.80269
-6.00445
-4.36107
-2.76264
1.1529
5.7484
3.10202
-1.69328
-4.18322
-5.98146
-7.62639
-9.22483
-6.38894
-2.19305
-1.88632
-2.78544
-.794192
2.10297
-1.75199
-7.74612
-5.5678
-.772502
-.65665
-2.05528
-4.73366
-7.83062
-5.44649
-1.25061
.548876
1.5479
.829005
-.469722
2.70132
7.39672
5.25648
.76089
1.15619
3.25414
3.43045
2.93094
.367471
-2.9293
-2.99131
-1.89239
-1.30671
-.907106
-.141869
.75725
3.1879
6.18496
3.29056
-1.80445
-3.05492
-2.85512
.0937022
4.08979
3.61277
1.41492
-.926824
-3.32447
-3.71298
-3.31337
-2.91376
-2.51415
-.401817
2.39544
.922627
-2.27424
-3.34194
-3.54175
-4.44932
-5.64814
-3.1062
.989789
-.0523133
-3.24918
-1.11168
3.28401
1.59029
-2.7055
-.71952
3.97588
5.4
5.4
4.15069
2.35245
.415797
-1.58224
-1.64788
-.848669
-1.7011
-3.29953
-2.83928
-1.44065
-.178876
1.01995
-1.26102
-5.1572
-4.69911
-2.20156
-2.62111
-4.41935
-5.33822
-5.83773
-4.58359
-2.48564
-3.48131
-5.97886
-.764909
8.22628
8.52557
4.52948
3.13333
3.03343
.872984
-2.32388
-3.73137
-4.23088
-7.43957
-12.0351
-8.79062
-1.49777
.540197
-.159118
-1.31686
-2.71549
-.392334
3.90346
1.68937
-4.00505
-8.66102
-12.757
-5.91747
6.86999
5.33592
-4.05487
-6.82116
-5.92204
-6.62592
-8.22435
-7.90506
-6.50643
-3.32341
.872479
3.03532
4.03435
4.65335
5.05295
5.26314
5.36304
3.57459
.677427
-2.15698
-4.95424
-4.74893
-2.75088
-2.93537
-4.4339
-4.5027
-3.70349
-2.59444
-1.29571
-3.20905
-7.10523
-4.47449
2.21895
2.03794
-2.45765
-1.20202
3.69318
2.6726
-2.1227
-2.29783
.499426
1.41821
1.1185
-.449603
-2.84725
-.789783
4.20532
3.55962
-.83607
.0317625
4.42745
5.96153
5.56192
2.07241
-3.52211
-6.56993
-7.86866
-4.09083
3.20202
2.9053
-2.68922
-5
-5
-2.25321
2.44219
3.75929
2.66036
2.72246
3.62158
5.09924
6.99738
7.74234
7.64244
5.58878
2.0922
.428197
.12849
.970222
2.66856
2.26248
.264435
.136844
1.43557
2.28242
2.78193
3
3
2.10251
.504078
-1.15025
-2.84859
-2.65307
-.954739
-1.1436
-2.84193
-1.3876
2.60848
3.95909
3.15987
4.99673
8.99282
7.68081
1.98639
.599589
2.79743
6.73387
12.1286
11.5143
5.81987
2.87636
2.27695
2.32246
2.92187
3.0929
2.8931
2.47989
1.88047
-1.05782
-6.05292
-4.85164
1.8418
4.68341
4.084
4.37826
5.47718
5.05728
3.25904
2.29564
2.09584
1.89604
1.69623
3.10179
5.99895
7.09046
6.49105
3.4761
-1.81871
-1.89127
3.00393
7.13409
10.5308
9.10077
3.00674
-.40489
-1.20411
.366203
4.26238
4.49253
1.09586
.150358
1.64889
6.93436
16.0254
14.7434
2.95493
-2.65394
-1.95463
.960521
6.15543
6.8382
2.84211
.409206
-.390011
-.848653
-.948556
1.37443
6.26963
9.23436
10.1335
11.5132
13.4114
12.7724
9.37573
8.98256
11.8797
9.79161
2.19905
2.26634
10.8579
13.4694
9.37344
8.60674
11.6038
10.6317
5.13712
1.735
.735979
.43152
.931031
.785024
-.114094
.82329
3.92025
4.36565
1.66829
1.74771
5.14439
6.22947
4.53113
4.27694
5.77547
6.24053
5.44131
1.77887
-5.41408
-5.703
2.58887
7.51042
8.20974
6.74567
2.54979
1.21096
3.50871
2.91836
-1.37743
-3.01586
-1.21762
.0602046
.659617
2.38149
5.57836
6.23965
3.54229
2.89838
4.99633
5.30573
3.20778
4.50093
10.3951
10.8465
3.85335
1.01791
3.91507
6.26882
7.86725
7.59344
4.69628
3.95242
6.25017
8.58913
10.9868
12.9332
14.232
12.8364
7.5416
4.07499
3.27577
2.31483
1.116
3.33716
10.63
12.1972
5.2041
1.23906
1.83847
4.10309
8.89839
8.60439
.512323
-4.16446
-3.56505
-1.91101
1.38576
4.17729
6.17533
5.69857
1.30288
1.79326
10.0851
13.3244
8.42921
7.26599
12.1612
13.3436
8.4484
7.73677
13.9307
15.5503
9.55622
4.90484
2.50719
2.29859
5.79516
8.88576
11.2834
10.3771
3.78353
.403335
2.60118
2.72882
-.767756
-2.81938
-2.31987
-1.1018
1.39575
3.1072
3.4069
4.06197
5.3607
7.43692
10.9335
11.8645
8.06822
4.44668
1.14991
-.652467
.346554
2.03672
5.03379
5.62553
1.62945
-.624175
.474748
.962209
.262894
1.35362
5.94912
7.1196
1.52508
-.964836
2.73154
5.89693
7.99487
5.80395
-5.08538
-9.18604
.604364
6.9718
6.27249
4.79548
1.69851
.534036
3.4312
5.6561
6.45531
8.11358
11.6101
12.0395
5.84558
2.3542
4.75185
5.21329
1.41701
-.113828
3.38274
4.62817
.831887
-1.92257
-2.32218
-2.02152
-.123383
1.684
3.28244
3.19781
-.798269
-1.48002
5.61302
8.40493
1.01218
-2.4909
3.30342
8.54159
12.4378
13.8044
9.00906
5.08016
3.28192
2.51631
4.31455
6.39767
9.19493
8.11611
-2.77322
-7.84651
1.94389
7.88396
3.88787
1.27705
2.27607
2.39479
.196945
-.799098
1.39875
3.24406
4.14318
3.96541
.868448
-.357671
3.53851
6.21428
5.51497
5.5267
7.52474
7.90216
3.70627
.52217
.222464
.875414
4.27209
7.79652
11.6927
12.9265
6.33297
2.2806
5.77718
8.17532
7.2762
7.21921
9.71677
11.1085
9.1105
8.67259
13.0683
15.8196
13.422
10.7845
7.38782
4.51452
3.3157
3.20219
6.59886
8.84903
7.35049
6.54803
8.04657
9.15399
8.95418
8.43503
6.83659
5.96184
7.56027
9.00177
9.90089
10.0444
7.54686
6.01853
7.91667
8.7887
5.99145
5.0549
10.8492
13.6204
5.32857
-.902576
.496054
1.43161
.632392
.0834121
.48302
1.15117
2.84951
3.81123
1.91309
1.29169
5.68738
8.1965
3.2014
.750184
8.54255
14.8984
15.3979
14.67
8.87569
5.08719
9.68269
12.4263
7.33135
2.93546
1.53684
1.50327
7.39749
11.2933
6.39811
2.21692
1.2179
.762243
2.76028
4.48958
4.98909
4.81522
1.51845
-.113461
6.08047
10.6801
7.68306
5.3028
5.90221
6.17981
4.88108
3.38146
.883904
-.554708
3.34147
5.40644
-1.88642
-6.20686
4.88227
13.8808
11.8828
9.6483
6.15173
3.44907
5.04751
6.27703
5.47781
4.01087
-1.18404
-4.95587
-.660081
3.17741
4.37623
5.22494
4.02612
2.95682
2.65712
2.99626
7.19214
10.828
11.0278
10.0542
1.7623
-4.67871
.616103
5.1061
4.40679
3.49599
1.19824
-.891154
-1.59047
-1.72543
1.97095
5.2
5.2
4.49123
-1.20319
-5.85731
-3.06005
-1.25032
-6.64504
-10.6181
-4.02454
2.31266
6.70836
10.6458
11.0454
10.6568
4.0633
-1.42382
1.97285
5.21737
7.21541
9.3095
12.2067
14.4857
11.4886
8.57382
6.37597
4.53111
5.82983
6.7132
3.81604
1.39387
3.39192
4.85807
1.2616
-1.5721
3.0234
7.37302
9.27116
10.8574
9.259
7.48626
3.88979
.736305
2.33474
3.58359
.986139
-1.06677
3.02921
6.53032
3.13365
.433213
6.02773
11.0039
8.4065
6.58755
14.5797
21.471
14.0782
7.25562
8.05484
8.59729
5.60022
2.80656
2.90646
3.38829
9.48232
15.1136
13.715
11.9878
5.09455
-1.30755
.290884
1.57112
-2.52486
-6.26533
-3.76778
-1.53496
-4.13242
-6.34026
-1.14535
3.64162
.344854
-2.78159
-2.38198
-1.75757
3.73704
8.86943
5.77246
2.81606
3.21567
3.66113
5.25956
6.79275
6.59295
6.424
7.12332
7.82263
8.52194
9.06332
4.56773
.265354
2.5631
4.8291
5.92803
6.9412
4.54355
2.17295
.974124
-.234993
-1.93333
-3.62794
-5.12647
-6.51666
-1.52155
3.37205
1.47391
-.355365
3.14121
6.56114
2.96466
-.53372
6.95894
14.3436
6.15161
-1.98179
1.71459
5.40533
7.20357
8.99557
4.59988
.204187
