11.1961
2.60454
-5.98704
-5.10224
-4.20312
-2.00978
.18807
1.6904
3.18893
1.11755
-.98039
2.56286
6.15933
-.0226699
-6.3165
-5.41423
-4.41521
.223906
4.9193
5.6873
6.38661
5.61608
4.81687
1.57281
-1.72396
-6.1919
-10.6875
-6.0273
-1.13209
-1.29162
-1.59132
-.823916
-.0246988
-3.9694
-8.06539
-4.142
.0538857
-.667809
-1.56693
.99814
3.6955
.726987
-2.46988
.562583
3.85935
-1.35584
-6.95036
-3.00045
1.39524
-.495468
-2.69331
1.00211
4.99819
.931435
-3.56416
-5.03059
-6.32932
-4.79409
-3.09575
2.18483
7.67945
.850385
-6.74217
-3.16324
1.13255
.369494
-.729429
-5.75479
-11.0496
-5.70926
.384765
1.91714
3.11596
.413023
-2.58404
-.575118
1.82253
.519877
-1.07856
1.29242
3.98978
-1.32697
-7.32109
-3.57166
1.02383
-1.26001
-4.15717
-.281206
4.21439
.398682
-4.19681
-2.59498
-.397135
-3.11013
-6.30699
-4.14987
-1.45251
-.385051
.514068
-1.47814
-3.77589
-3.45905
-2.85964
-.191086
2.70607
-.32137
-4.01775
-3.68343
-2.88421
-1.7275
-.528672
-.667538
-.967245
1.04662
3.34437
-.129091
-4.32498
.869894
7.26363
-1.19322
-11.583
-8.91918
-4.52348
-4.52803
-5.12744
-5.28781
-5.38771
-2.42115
.975521
1.05033
.650722
2.78054
5.27809
1.16168
-3.93333
-3.29755
-1.79902
.132686
2.13073
-.193157
-3.19022
-1.70266
.495187
.0255769
-.873542
-2.45947
-4.15781
-1.05944
2.83674
3.57092
3.77072
2.00946
-.0884859
-4.05793
-8.35372
-3.82279
2.27124
.236321
-3.26025
-2.70175
-1.40302
-1.78999
-2.48931
-5.03859
-7.93575
-3.03082
3.36291
5.82286
7.52119
.0343247
-9.25657
-9.63371
-8.23508
-3.51204
1.88267
-1.26281
-6.15802
-2.28503
3.40939
1.34665
-2.34973
-6.12843
-9.92471
-4.19375
3.59862
.493538
-5.00108
-.768647
5.62509
2.72279
-2.27231
-3.11865
-3.01875
-5.51573
-8.61269
-3.37111
3.82184
-1.58392
-9.9757
-8.13569
-3.8399
-2.51778
-1.91837
-1.63965
-1.43985
1.63916
5.43544
3.40763
-.0889479
-.481655
-.0820462
-.238172
-.537878
-1.23356
-2.03277
-5.20196
-8.99824
-3.33814
4.85384
5.26367
3.56534
1.55335
-.544589
-1.78216
-2.78118
-3.3901
-3.88961
-7.73557
-12.5309
-7.00157
1.49011
1.15445
-1.74271
-3.63579
-5.23423
-4.52142
-3.12279
-.648328
2.14893
1.4203
-.377932
-4.31688
-8.91238
-7.94103
-5.24367
-1.10113
3.49436
2.85507
.557321
-2.19445
-5.09161
-1.8753
3.31961
-.820104
-8.01306
-5.89566
-.700751
-3.06949
-7.9647
-4.64379
1.45023
-.277829
-4.67352
-5.6514
-5.45159
-6.06694
-6.96606
-7.42173
-7.72143
-3.15608
3.13775
3.55021
1.85187
-1.23957
-4.83605
-2.72872
1.46717
7.12165
13.3156
7.43565
-2.95417
-2.24562
2.64958
4.79577
5.89469
4.90136
3.10312
2.09634
1.39703
.338937
-.859888
-2.48807
-4.28631
.0527294
6.84607
3.88941
-3.00383
-3.79347
-2.09514
.594066
3.69103
4.03535
3.23614
4.33731
6.23545
3.92225
-.173736
-6.08955
-12.783
-9.2162
-1.22403
1.2
1.2
2.17168
3.57031
1.23159
-2.76449
-2.68873
-.790588
-.68173
-1.38104
-.227545
1.7705
1.51045
.211721
-5.11265
-12.3056
-8.2727
1.01819
1.76129
-1.53548
-4.42638
-7.12374
-7.32552
-6.3265
-4.99121
-3.49268
-.317737
3.67835
4.86628
4.66647
3.53336
1.93492
-.992893
-4.58937
-1.42595
5.16759
4.36043
-.23507
-1.66824
-1.46843
-3.43627
-6.53323
-4.45646
.338838
2.65294
3.65197
.0289739
-6.06505
-5.92839
-2.43182
-.0999773
1.59836
1.16782
-.430617
.865154
3.76231
2.42756
-1.26881
-3.94241
-6.04035
-4.56951
-1.07293
2.29657
5.59334
1.03635
-8.05474
-8.55865
-4.06306
-.448698
2.64827
2.35676
.0590137
-.049356
1.14947
1.35057
.95096
-.38108
-2.27922
-1.07904
2.01792
-1.0004
-7.79374
-7.62913
-3.13354
-.78621
.212811
-.195382
-1.49411
-.414326
2.18313
1.98417
-.013876
.0483425
1.44697
.791997
-1.20604
-2.48163
-3.28085
-1.97977
.717588
3.35513
5.95259
4.37685
-.0188417
-1.62174
-1.32203
-2.56218
-4.85993
-6.44933
-7.54825
-3.94046
2.95278
1.92988
-4.66365
-3.5428
3.05073
5.15929
4.06036
4.23856
5.33748
.650903
-8.24038
-8.25215
-1.75851
-1.12615
-4.82253
-1.41771
7.27377
8.31762
3.62222
-.959426
-5.45502
-3.31901
3.87394
3.89335
-1.60127
.0527931
7.24574
5.46381
-3.32757
-5.85847
-3.46081
-.394747
3.20173
3.52337
1.22562
1.02965
2.52818
3.75114
4.75016
6.95739
10.1542
11.5453
11.4454
8.29197
2.59755
1.73859
4.93546
7.80751
10.405
5.61272
-5.47641
-6.94543
-.152086
-.0522308
-5.74665
-6.53267
-3.0361
-.336873
1.66117
3.50033
5.19866
7.42465
10.122
8.45613
2.86162
.461866
.961376
.834757
.135443
.163871
.863186
.837498
.138183
.728622
2.52686
4.42789
6.42593
4.84007
-.155035
.103148
5.39796
6.22175
2.72518
.949389
.849486
.0437677
-1.45476
-.291652
3.50463
7.40096
11.397
9.01512
.223738
-5.68897
-8.68603
-4.31705
7.5713
11.3842
6.88857
3.52101
1.32316
2.25167
6.44756
5.24291
-1.65033
-2.05025
4.44339
5.82126
1.72527
.176793
1.37562
2.23935
2.73886
1.37906
-2.01761
-3.23025
-2.03143
1.48426
7.57829
8.02185
2.12763
.172287
2.66984
6.00791
10.3037
13.065
14.064
10.2474
.856612
-2.5401
1.05638
1.11758
-2.9784
-6.48007
-9.27733
-4.83674
8.25043
12.4085
5.81499
4.63699
10.0317
9.62997
2.13731
-1.95526
-1.85536
-2.51267
-4.11111
-4.4235
-3.12477
-.89888
2.49779
4.13627
3.53686
3.63759
4.63661
5.24356
5.34346
4.48928
2.39134
1.63172
2.63074
3.88761
5.48605
4.68879
.692709
.145958
4.24194
8.33793
12.4339
12.606
7.41106
4.86197
5.96089
6.6418
6.7417
5.84307
3.54532
2.65551
3.75443
5.18306
7.0812
7.50269
5.80435
4.35095
3.25203
2.31561
1.6163
2.29163
4.98899
6.03671
4.63808
.997252
-5.99589
-9.68203
-8.38331
-6.33127
-3.13441
-.568769
1.02966
2.07851
2.27832
1.38443
-1.21302
-3.30524
-4.60397
-6.17338
-8.17142
-6.24521
1.94676
5.20097
.50557
-1.82878
-.330246
.486343
.186636
-.829178
-3.02702
-2.82524
1.37064
3.06754
.569988
-.888692
-.588986
1.07627
5.07236
6.02142
1.72563
-.160149
2.1376
3.20048
2.10156
3.56742
9.56155
11.2802
5.38603
2.81489
6.21156
8.43554
8.53544
8.06989
6.57136
5.77572
6.27523
6.28546
5.38634
5.04327
5.74259
3.53907
-4.15339
-4.97351
7.31445
11.5734
.38438
-5.4034
-.708004
.711281
-4.28382
-5.92107
-.925965
.0965854
-6.79666
-6.38876
8.69646
16.0287
7.63696
1.40968
-.388557
.160384
5.5551
7.90384
3.90776
1.48987
2.38899
4.15244
7.74892
10.7727
12.5709
13.2308
11.4326
7.90597
.613118
-2.52624
3.46788
6.91726
4.71942
4.31016
7.90663
10.5532
11.0527
9.14698
1.75423
-3.12775
-2.22863
-1.29945
-.300433
.101411
-.89761
-1.62966
-1.72956
-1.44639
-.247568
.746357
1.24587
2.15244
4.05058
5.5444
6.04391
5.71158
3.31393
1.68546
1.98517
3.44487
7.84057
9.70755
5.11205
1.68839
1.28879
1.85886
4.95583
7.66766
9.366
9.17969
3.98478
-.0982974
-1.19722
-.115449
6.8777
12.7483
15.5456
15.6898
8.49684
3.77936
5.97721
6.65899
3.06252
1.51556
5.81135
9.18023
9.87955
9.68455
6.88729
4.97749
5.67681
5.9484
4.94938
5.39829
10.1936
12.8836
9.18718
5.81025
3.4126
2.35569
5.45265
8.16272
9.66125
10.6081
9.8089
6.98756
-2.30334
-7.77202
-.878773
4.14262
3.0437
2.52483
3.92346
4.40183
1.80437
.940541
5.93565
8.94063
5.14435
3.18645
7.58214
10.9778
10.8779
10.778
10.6781
10.4908
9.99133
8.92928
5.83231
3.22848
2.42926
2.26738
4.46523
4.76868
-2.02466
-5.33555
4.55476
11.2638
5.76923
2.464
7.65891
10.7259
5.4311
1.6014
3.59944
4.08705
-1.50747
-3.91409
6.67553
13.8167
6.72368
.710697
-.787834
-1.58
.617849
1.94651
-.451137
-1.31543
4.47889
8.66339
5.76623
3.78447
5.88241
6.36837
-.42497
-4.87127
1.42256
6.33419
4.83566
3.51237
3.01286
3.36248
7.75817
10.9031
8.00597
5.76937
6.76839
7.3991
6.20027
4.33961
-.855299
-5.08555
-4.38623
-3.34768
-.550418
1.56062
.0620889
-.837455
1.46029
4.00711
7.9033
10.7389
7.7418
5.2607
5.66031
6.29959
8.29764
8.97991
2.08666
-3.36235
-.365292
2.43028
4.02871
4.69017
-.304936
-2.9059
9.18225
17.6673
3.681
-7.25682
1.13496
7.83663
3.64074
.198266
1.6968
3.52088
7.51696
10.6152
7.61815
4.35585
-.739158
-4.30471
2.88824
8.64925
4.15366
.0554831
-1.14334
-1.89197
.705484
2.41742
-2.57768
-6.27829
.0155435
5.45362
4.15489
2.71233
.114876
-1.72179
2.6739
6.52529
5.82598
4.44567
-2.74728
-8.21302
1.37758
9.64701
6.15044
2.95055
2.45104
2.1454
3.64394
4.91452
4.0154
3.47906
6.47613
8.72647
3.53156
-1.15545
-.655937
.0178706
2.51542
4.9789
7.07684
9.15814
11.0563
12.3205
6.42625
1.31727
5.31335
8.73698
5.3403
2.61471
8.10932
12.7153
6.12173
.314539
4.71023
8.59837
5.70121
2.93919
2.04007
1.35091
3.64866
5.69179
3.99345
2.65296
6.74894
10.1161
2.02404
-5.36309
-1.26711
2.84004
7.13583
10.9899
7.09374
3.30137
1.40323
-.360039
.439177
1.36797
4.86455
8.25064
9.34956
10.1399
4.24572
-1.34524
-.0465173
1.03534
-3.06065
-6.67527
1.81641
9.83327
5.23777
.724565
-1.47328
-3.61616
-4.11568
-4.3965
2.29694
8.69486
4.99848
1.47143
4.16879
6.77795
5.87883
5
5
4.90531
.309816
-4.07893
2.41471
8.78
7.58117
6.33233
1.73683
-2.71966
3.57417
9.75682
5.76073
1.80177
2.00157
2.22133
5.31829
8.3749
3.27989
-1.80059
-2.0004
-2.19507
2.70013
7.59534
