6.82361
59.1723
111.521
120.378
129.169
123.724
118.23
121.479
124.776
122.519
120.221
123.961
127.757
121.38
114.886
118.349
121.945
119.147
116.25
119.244
122.341
114.659
106.766
112.174
117.869
119.366
120.765
120.897
120.997
121.68
122.38
120.363
118.265
114.618
110.921
113.988
117.285
114.7
111.903
112.57
113.369
113.496
113.596
116.667
119.864
119.426
118.827
117.177
115.479
114.066
112.668
112.315
112.015
116.932
122.127
119.371
116.174
116
116
113.832
111.534
113.658
116.055
115.731
115.231
113.42
111.522
111.213
111.013
110.254
109.454
108.469
107.47
106.192
104.893
107.303
110
108.812
107.314
110.8
114.696
109.473
103.479
107.228
111.824
114.676
117.374
113.023
108.028
106.047
104.349
105.567
107.065
110.11
113.307
111.603
109.406
111.373
113.771
113.277
112.478
110.416
108.219
111.778
115.974
114.156
111.658
109.788
107.989
108.962
110.26
110.4
110.4
113.425
116.822
115.779
114.181
112.494
110.795
109.539
108.34
106.965
105.566
108.48
111.977
109.678
106.581
114.436
123.826
117.919
109.827
110.283
111.981
114.114
116.312
116.6
116.6
117.38
118.279
119.696
121.195
121.4
121.4
120.195
118.797
121.261
124.358
123.858
122.759
125.506
128.902
130.679
132.177
127.466
121.672
125.892
131.886
132.631
132.431
134.681
137.378
139.233
140.931
142.882
144.88
148.22
151.817
151.647
150.747
154.107
158.303
159
159
160.579
162.477
162.054
161.155
164.474
168.67
170.225
171.224
174.528
178.325
181.464
184.461
190.817
197.91
200.508
202.106
205.825
210.021
215.274
220.769
228.373
236.465
241.886
246.681
251.396
256.091
259.095
261.692
266.299
271.394
279.134
287.526
291.359
294.057
303.057
313.646
316.357
317.056
323.948
332.44
342.278
352.468
353.257
351.559
357.662
365.854
370.194
373.491
380.943
389.535
393.121
395.318
400.871
407.365
417.361
428.35
433.517
437.013
441.052
445.248
452.611
460.902
471.968
483.856
487.676
489.074
492.772
497.168
504.316
512.308
519.385
526.179
532.288
538.182
540.283
541.182
548.74
558.43
561.328
562.028
564.383
567.28
576.034
586.723
587.303
584.506
590.373
599.164
611.457
624.944
642.74
662.021
675.522
687.011
692.587
696.083
715.723
741.098
760.371
777.455
798.717
821.495
850.342
881.412
900.229
914.515
941.893
974.161
1000.41
1024.38
1059.14
1098
1134.34
1169.7
1208.88
1249.54
1295.08
1342.54
1392.42
1443.27
1492.05
1540.01
1594.44
1651.48
1702.42
1750.87
1807.82
1868.26
1934.63
2003.46
2064.83
2123.08
2176.62
2228.17
2309.46
2403.47
2468.37
2520.72
2595.69
2680.51
2774.21
2871.81
2951.63
3023.56
3107.29
3196.3
3306.17
3425.45
3512.89
3585.82
3683.18
3791.77
3895.93
3998.03
4093.06
4184.77
4272.74
4358.96
4456.34
4559.04
4661.94
4764.94
4840.43
4902.57
4969.34
5038.37
5096.84
5150.08
5209.73
5272.57
5318.46
5355.82
5409.29
5470.93
5513.47
5546.24
5578.22
5609.79
5641.75
5673.92
5686.11
5687.81
5689.64
5691.54
5706.2
5727.67
5729.62
5721.03
5722.14
5728.53
5726.61
5720.11
5717.8
5717.8
5706.51
5688.93
5697.49
5720.77
5733.98
5741.47
5750.3
5759.89
5744.14
5713.77
5721.92
5752.49
5768.08
5774.87
5770.94
5760.65
5738.35
5708.87
5719.5
5754.27
5779.15
5798.03
5801.85
5796.46
5814.04
5845.81
5876.23
5905.8
5925.85
5939.94
5961.43
5987.6
6005
6016.78
6013.19
5999.71
5987.79
5976.9
5955.38
5926.91
5895.97
5863.4
5817.03
5761.49
5718.8
5684.74
5648.52
5610.86
5574.09
5537.92
5508.33
5483.26
5468.51
5460.92
5445.56
5424.78
5423.88
5436.97
5420.13
5382.07
5369.75
5375.85
5376.48
5373.19
5363.06
5347.98
5338.43
5332.93
5336.58
5346.97
5342.01
5325.62
5329.79
5349.37
5354.56
5348.86
5357.96
5378.34
5382.68
5374.69
5383.98
5406.65
5394.33
5354.67
5337.25
5337.35
5328.88
5313.59
5294.98
5273.7
5254.35
5236.57
5216.47
5194.5
5173.01
5151.93
5136.27
5125.08
5093.5
5044.95
5012.69
4994.11
4966.22
4930.45
4896.68
4864.62
4842.7
4829.52
4808.24
4779.97
4747.81
4712.24
4689.91
4679.22
4673.09
4670.99
4656.12
4629.85
4615.98
4613.28
4616.92
4626.31
4611.65
4574.99
4533.07
4486.32
4473.64
4492.62
4497.57
4489.38
4479.54
4468.15
4470.59
4486.17
4484.67
4466.79
4464.96
4478.65
4489.4
4497.29
4497.62
4490.53
4487.95
4489.85
4494.05
4500.54
4493.48
4472.8
4467.76
4478.55
4466.4
4430.83
4406.55
4393.86
4376.76
4355.08
4348.05
4356.35
4351.21
4331.93
4324.42
4329.42
4323.79
4306.81
4295.36
4289.86
4289.39
4294.39
4292.8
4284.01
4270.28
4251.1
4241.42
4242.32
4234.46
4216.78
4187.89
4146.33
4111.96
4085.79
4041.02
3974.88
3915.69
3864.54
3809.01
3748.37
3686.17
3622.13
3555.17
3484.74
3427.96
3387.5
3351.48
3320.81
3285.81
3245.55
3210.01
3180.24
3149.53
3117.66
3086.73
3056.95
3036.63
3028.14
3017.44
3003.95
2993.81
2987.91
2981.62
2974.83
2973.92
2980.61
2984.57
2984.97
2998.71
3029.98
3058.03
3081.8
3114.91
3160.46
3205.8
3250.86
3299.39
3352.64
3411.12
3476.76
3559.4
3665.5
3773.81
3885.2
3998.54
4114.63
4234.49
4359.66
4499.68
4660.82
4823.07
4986.91
5171.57
5386.36
5587.94
5770.26
5954.4
6141.22
6338.18
6550.17
6752.67
6940.99
7130.3
7321.11
7510.1
7696.32
7881.47
8064.99
8244.04
8416.17
8595.41
8785.72
8956.29
9095.86
9229.46
9353.64
9499.29
9679.21
9857.53
10033.2
10210
10388.6
10565.5
10739.8
10931.5
11151.6
11389.1
11655.5
11912.6
12154.3
12399.8
12651.7
12888.9
13101
13325.8
13572.4
13812.9
14043
14273
14503
14740.5
14991.2
15221.9
15416.8
15626.6
15863.3
16101.7
16343.1
16574.6
16787.9
17008
17240.6
17463.5
17668.6
17878.5
18097.2
18287.8
18425.5
18582
18774.4
18954.6
19111.5
19266.4
19417.7
19562.1
19693.2
19821.9
19946
20069.2
20190.8
20283.9
20319.9
20350.8
20371.5
20396.2
20429.2
20456.4
20471.7
20478.5
20467.8
20459
20454
20456.5
20474.9
20475.3
20437.5
20413.8
20420.9
20407.1
20347.5
20291.6
20243.5
20202.5
20177
20108.6
19943.9
19779.9
19617.3
19475.6
19381.9
19279.5
19156.9
19043.3
18950.7
18844.5
18706.3
18570.2
18438.7
18326.3
18259.7
18213.4
18216.3
18217.8
18215.9
18216.8
18224.2
18252.1
18330.7
18404.3
18465.8
18543.7
18663.5
18781.3
18894.2
19014.9
19155.5
19309.5
19498
19676.7
19829.8
19990.2
20170
20354.9
20553.5
20747.9
20930.7
21111.1
21284.8
21445.2
21568.9
21710.7
21903.2
22081.7
22220.3
22335
22381.4
22440.7
22537.3
22620.1
22662.6
22702.4
22733.7
22735.3
22648.1
22584.2
22589.8
22578.2
22514.6
22450.2
22383.6
22318.6
22258.7
22200.3
22146.4
22075.4
21950.7
21845.6
21803.6
21753.8
21678.6
21586.6
21439.6
21304.9
21210.5
21117.5
21029.4
20950.3
20902
20840.1
20731.7
20639
20600.7
20557.7
20498.1
20443.8
20408.3
20369
20315.9
20267.2
20234.2
20195.2
20134.5
20076
20025.4
19977.9
19942.5
19908.5
19880.1
19852.4
19827.6
19795.4
19735
19686.8
19686.7
19673.1
19606.2
19538.9
19470.3
19413.2
19403.4
19385.1
19332.6
19275
19196.6
19119.4
19047.5
18976.7
18910.7
18833.7
18709.2
18602.7
18575.2
18532.3
18420.6
18304.8
18170.3
18047.6
17978.2
17892.1
17728.1
17574.3
17469
17351.8
17178
17021.9
16951.5
16865.6
16704.1
16549.6
16430.3
16302.7
16132.8
15971.8
15855.9
15738.6
15614
15484.1
15326.7
15181
15097.4
15013.2
14925.8
14836.5
14737.3
14645.8
14597
14534.6
14394.6
14264.7
14192.2
14117.6
14029.6
13944.4
13875
13801.3
13701.7
13608.4
13552.5
13491.5
13398.4
13306.5
13222.5
13141.6
13080.6
13021.7
12976.8
12927.7
12849.9
12782
12780.3
12772.9
12725.9
12684.4
12680.9
12673.2
12635.6
12605.2
12627.2
12647.8
12657.7
12665.3
12656.4
12648.9
12653.7
12658
12658.1
12659.7
12672.9
12683.8
12674.8
12664.2
12639.5
12615.1
12593.2
12575.6
12595.4
12610.5
12584
12562.1
12581.7
12600.1
12607.8
12617.8
12649.4
12678.4
12682.9
12684.6
12657.9
12633.4
12630.9
12622.1
12548
12480.1
12478.7
12472.9
12418.5
12361.5
12274.6
12189.9
12130.8
12068.3
11966.1
11865.5
11785.3
11703.3
11598.9
11494.9
11395.8
11298.9
11230.9
11163.5
11103.7
11039.6
10914.2
10792.8
10729.5
10664.5
10572.6
10484.1
10449.6
10411.7
10321
10231.1
10155
10078.7
9999.93
9922.64
9873.39
9820.43
9697.05
9575.67
9493.95
9411.34
9310.34
9208.04
9077.57
8948.78
8858.17
8766.19
8641.61
8518.12
8421.91
8324.13
8184.47
8045.31
7920.33
7795.83
7685.64
7575.45
7465.46
7355.31
7239.83
7124.9
7030.7
6935.9
6817.51
6699.62
6603.22
6506.68
6403.88
6301.33
6211.92
6122.69
6044.27
5965.63
5872.52
5779.62
5702.89
5626.09
5541.77
5457.17
5340.58
5223.95
5100.77
4977.24
4781.73
4586.23
4395.82
4205.38
3987.89
3770.41
9
4693.41
