-26.1765
25.7725
77.7216
82.9871
88.182
88.2995
88.3994
89.1949
89.9941
87.1242
84.2271
85.4866
86.7853
86.2073
85.6079
87.7687
89.9665
88.0324
86.0343
86.4909
86.9904
84.1583
81.2611
85.0139
88.9101
84.5105
79.915
85.8389
92.0328
89.1866
86.0896
86.291
86.5907
89.3108
92.1081
88.0454
83.7496
84.3714
85.1706
83.3717
81.4735
81.1119
80.8122
81.6625
82.5616
84.2259
85.9242
86.4772
86.9767
87.0952
87.1951
83.683
79.9867
83.0251
86.4218
86.9786
87.3782
87.4945
87.5944
87.5057
87.4058
83.543
79.447
84.4572
90.0517
87.6832
84.786
82.8237
80.9256
82.2926
83.8911
80.8348
77.4381
79.987
82.984
84.0343
84.9334
84.0749
83.0759
82.6307
82.2311
82.0158
81.8159
83.3626
85.061
82.1731
78.8763
81.0713
83.7686
82.904
81.7052
81.4177
81.2179
87.0202
93.414
89.8257
85.2302
87.1543
89.7517
84.8498
79.1554
81.3949
84.4919
80.2119
75.1169
78.2804
82.3764
83.7853
84.8842
82.5869
79.8895
80.9377
82.4362
83.4008
84.3
86.0869
87.9851
88.4658
88.7655
88.0044
87.1053
88.323
89.8215
92.6401
95.6372
92.3998
88.3038
93.3196
99.6134
99.7006
98.9014
98.1022
97.303
98.3313
99.63
108.222
117.913
115.821
111.925
110.536
109.536
110.262
111.261
112.432
113.631
120.153
127.546
127.144
125.445
127.336
129.834
134.975
140.569
141.315
141.215
145.698
150.993
153.155
154.753
157.872
161.269
161.547
161.247
166.918
173.711
174.548
174.249
184.495
196.783
198.716
198.616
197.267
195.669
205.789
218.276
221.312
222.411
227.315
233.009
240.519
248.411
255.233
261.827
265.382
268.279
275.273
283.165
297.106
312.391
320.908
327.901
335.057
342.25
355.448
370.034
380.572
390.162
402.66
415.847
426.537
436.627
447.601
458.79
467.815
476.306
482.399
487.893
502.563
519.546
535.575
551.359
563.809
575.398
584.215
592.307
594
594
612.676
636.353
641.085
640.686
652.362
667.347
683.818
700.702
714.855
728.241
745.053
762.835
778.677
793.962
801.117
805.912
816.886
829.674
834.834
837.731
851.464
868.447
881.445
893.233
910.603
929.684
941.292
950.583
954.169
955.967
969.07
985.753
992.6
996.296
993.879
989.483
1002.25
1020.63
1032.11
1041.3
1054.46
1068.94
1082.83
1096.52
1107.45
1117.44
1137.24
1160.41
1171.96
1179.45
1207.49
1242.75
1262.54
1276.83
1302.43
1332.1
1363.98
1396.64
1418.63
1436.72
1466.47
1500.53
1533.51
1566.08
1597.27
1627.94
1665.91
1706.67
1755.3
1806.95
1840.68
1867.46
1911.74
1962.89
2018.83
2076.68
2116.46
2149.03
2186.23
2225.29
2270.81
2318.96
2367.89
2417.14
2470.28
2525.02
2556.33
2577.81
2623.58
2679.62
2738.81
2799.36
2847.26
2889.72
2944.15
3003.79
3066.07
3129.51
3183.67
3233.72
3291.57
3352.91
3411.91
3469.86
3532.67
3597.71
3661.99
3725.93
3783.18
3837.33
3908.48
3987.61
4063.27
4137.3
4194.21
4242.96
4312.15
4391.17
4447.26
4492.22
4546.63
4605.67
4661.5
4715.75
4751.27
4777.44
4810.46
4846.92
4880.67
4913.04
4935.3
4952.38
4967.03
4980.41
5010.55
5049.41
5069.41
5079.5
5079.34
5073.75
5087.68
5112.06
5119.04
5116.64
5104.41
5086.83
5083.63
5088.33
5081.57
5068.49
5074.7
5091.68
5093.9
5087.81
5107.9
5142.87
5149.06
5138.77
5131.33
5125.53
5143.29
5174.76
5196.72
5213.11
5223.09
5229.28
5249.86
5279.04
5301.04
5318.72
5345.91
5378.88
5410.11
5440.28
5493.86
5561.9
5605.18
5633.05
5651.16
5663.15
5701.39
5756.23
5807.48
5856.43
5889.28
5911.76
5926.48
5936.17
5938.43
5935.83
5944.79
5961.38
5959.9
5946.41
5935.08
5925.19
5913.63
5900.94
5883.56
5862.98
5873.97
5906.63
5903.53
5875.66
5866.73
5871.02
5879.6
5891.19
5897.46
5899.96
5906.3
5915.39
5926.98
5940.36
5943.16
5938.27
5929.68
5918.39
5935.38
5973.24
5975.48
5951.21
5963.63
6003.59
6030.75
6048.24
6043.16
6020.88
6037.46
6083.92
6109.26
6118.26
6106.1
6077.43
6075.36
6094.25
6097.92
6089.53
6077.08
6061.4
6060.26
6070.85
6071.47
6063.97
6063.34
6068.34
6053.85
6023.28
6015.78
6027.47
6024.7
6009.82
6000.24
5995.14
5993.39
5994.49
5999.14
6006.83
5999.8
5980.02
5989.74
6025.2
6032.71
6015.63
6017.93
6037.41
6031.98
6004.31
6009.91
6045.48
6063.03
6064.23
6059.16
6048.37
6039.61
6032.72
6029.5
6029.7
6036.97
6050.86
6059.4
6062.89
6063.22
6060.52
6068.58
6086.97
6100.77
6110.17
6124.62
6144
6161.82
6178.1
6190.62
6199.41
6214.45
6235.73
6242.56
6234.87
6240.08
6258.36
6288.56
6330.92
6361.11
6378.8
6395.6
6411.48
6435.96
6469.43
6502.9
6536.37
6561.16
6576.74
6612.79
6670.73
6713.73
6740.6
6781.45
6837.5
6868.32
6871.52
6883.26
6904.44
6935.17
6976.53
6995.57
6989.58
6993.67
7009.15
7008.01
6987.93
6968.46
6949.68
6937.56
6933.17
6925.96
6915.47
6886.84
6836.89
6804.31
6792.32
6762.26
6710.62
6680.63
6676.74
6655.1
6611.95
6587.97
6587.47
6579.28
6561.6
6541.6
6518.72
6495.58
6472.1
6464.47
6476.86
6482.13
6478.33
6470.12
6456.23
6460.6
6488.57
6515.37
6540.65
6563.03
6581.61
6613.94
6664.5
6702.81
6724.79
6759.37
6810.92
6865.4
6923.84
6966.46
6987.44
7014.13
7048.7
7095.18
7158.21
7216.8
7269.15
7310.11
7334.99
7383.68
7466.3
7521.23
7536.42
7564.59
7611.54
7662.35
7718.8
7776.01
7834.35
7871.49
7877.19
7905.74
7968.48
8015.44
8038.62
8064.41
8094.18
8127.98
8167.94
8200.72
8222.4
8247.32
8277.29
8296.14
8297.54
8319.67
8374.61
8424.87
8467.62
8521.71
8594.04
8669.61
8750.43
8828.82
8903.25
8995.84
9118.42
9232.57
9332.67
9428.93
9518.74
9624.17
9756.05
9875.26
9972.86
10085.7
10224.9
10338.2
10406.6
10483.3
10574.4
10672.3
10782.1
10888.4
10988.5
11097.4
11222.1
11357.2
11511.2
11645.7
11744.5
11854
11983.2
12099.8
12193
12285.6
12376.9
12485.7
12627.5
12724.3
12735
12779.3
12888.4
12977.6
13028.4
13087.3
13162.2
13222.9
13255.5
13297.6
13358.5
13416.1
13467.2
13497.9
13487.3
13481.3
13484.6
13482.4
13469
13460
13460
13435.1
13358
13314.9
13344
13372.4
13399.6
13403.2
13355.7
13328.9
13347.1
13329.9
13235
13156.4
13114.1
13055.6
12960.8
12871.4
12793.9
12714.4
12630.5
12534
12408.6
12288.1
12178.8
12094.6
12069.4
12013.5
11885.1
11792.6
11786.1
11776.5
11759.9
11762.8
11812.8
11841.7
11818.8
11824.1
11899.7
11964
11999.8
12049.6
12134.9
12218.6
12298.3
12384.3
12486.5
12592.4
12707.6
12818.1
12915.9
13022.6
13153
13286.4
13428.1
13566.5
13696.1
13816.3
13910.9
14013.7
14139.2
14264.9
14391.3
14492.1
14520.8
14569.2
14673.8
14763.1
14808.3
14847.6
14869.6
14892.6
14918.4
14935.4
14925.9
14914.4
14896.9
14874.8
14838.4
14808.3
14797.5
14772.3
14702.1
14636.8
14586.5
14534.4
14477
14422.7
14378.6
14331.9
14276.7
14221.1
14164.2
14107.9
14053.1
13996.6
13934.2
13866.5
13781.3
13710.3
13687.9
13658.7
13605.9
13562.8
13553.9
13536.4
13488.3
13447.5
13432.7
13409.8
13358.2
13310.2
13275.8
13239.6
13196.3
13161.5
13158.1
13155.6
13156.7
13145.1
13084.5
13042.5
13072.3
13088.3
13050.7
12997.1
12880.5
12789.6
12802.4
12810.7
12800.2
12792.8
12798
12789.7
12724.7
12666.9
12639.2
12611.4
12582.7
12544.4
12464.6
12389.3
12333.8
12277.9
12220.9
12161.9
12093.9
12022.4
11934.5
11849.9
11780.4
11700.6
11572.1
11450.7
11363.8
11276.2
11185.1
11096.1
11017.4
10934.6
10831.1
10729.3
10635.7
10545
10469.3
10394.4
10323.9
10251.2
10167
10077.8
9961.57
9855.51
9804.86
9755.16
9710.7
9663.17
9598.43
9533.59
9468.15
9404.31
9349.67
9303.01
9303.11
9289.68
9195.88
9105.13
9032.91
8970
8964.31
8953.44
8910.28
8863.64
8794.9
8732.84
8713.76
8692.64
8658.17
8619.77
8555.14
8499.07
8501.17
8496.82
8447.97
8402.99
8385.2
8367.3
8348.52
8333.18
8342.97
8351.03
8346.24
8341.65
8338.65
8335.79
8333.99
8331.84
8326.84
8324.07
8339.15
8350.71
8333.32
8317.11
8310.61
8302.06
8275.99
8256.79
8297.55
8333.06
8321.77
8310.88
8303.58
8297.5
8302.7
8310.72
8345.69
8376.2
8363.31
8349.64
8328.16
8307.73
8298.04
8285.83
8247.16
8210.96
8201.07
8187.25
8130.2
8074.3
8031.24
7986.56
7923.12
7859.15
7788.82
7718.77
7652.13
7589.87
7582.68
7572.94
7530.18
7483.91
7390.6
7299.97
7246.32
7193.93
7159.36
7122.54
7052.51
6985.69
6967.71
6947.94
6900.19
6851.65
6790.21
6729.04
6672.6
6616.53
6566.98
6516.93
6457.89
6398.32
6328.79
6259.69
6199.15
6137.59
6054.97
5972.85
5901.52
5829.57
5743.56
5657.75
5576.93
5496.44
5424.31
5353.09
5306.04
5258.1
5185.37
5111.9
5016.2
4920.67
4830.96
4742.23
4687.19
4631.36
4546.74
4462.41
4389.48
4316.75
4252.61
4188.71
4135.76
4082.68
4022.54
3962.27
3894.43
3826.98
3784.62
3741.97
3676.93
3611.94
3551.3
3490.47
3408.15
3325.59
3207.9
3090.22
2971.83
2853.41
2721.84
2590.27
2458.8
2327.32
