15.8218
64.1744
112.527
119.383
126.176
124.209
122.211
120.213
118.215
120.183
122.181
119.33
116.433
119.956
123.552
121.727
119.829
121.767
123.766
119.578
115.282
117.552
119.949
120.098
120.198
118.248
116.25
119.025
121.922
117.626
113.13
115.716
118.513
118.503
118.403
120.912
123.509
117.236
110.642
117.232
124.325
118.07
111.276
113.012
115.11
116.061
116.96
117
117
118.81
120.708
117.663
114.366
111.639
108.941
118.077
127.867
122.449
116.155
118.062
120.46
117.589
114.393
117.204
120.401
119.288
117.89
115.65
113.352
115.719
118.416
116.738
114.74
115.157
115.757
111.906
107.71
111.378
115.674
118.215
120.613
117.944
114.847
114.508
114.408
117.977
121.873
119.088
115.691
111.838
107.942
109.878
112.376
115.51
118.707
117.548
115.95
116.343
116.943
114.109
110.912
112.493
114.591
118.128
121.825
120.494
118.596
116.698
114.8
118.622
123.117
125.205
127.003
127.467
127.767
131.085
134.781
132.808
130.111
130.242
130.741
131.417
132.117
138.272
145.165
146.79
147.689
151.48
155.675
157.161
158.26
162.674
167.569
168.896
169.695
173.447
177.643
181.232
184.729
190.905
197.498
202.798
207.893
212.73
217.525
217.513
216.714
227.821
240.908
243.313
243.912
251.503
260.294
268.916
277.507
286.693
295.984
307.9
320.288
329.634
338.426
347.386
356.377
366.545
376.935
384.305
391.098
400.402
410.193
420.568
431.057
445.546
460.831
466.143
469.439
483.764
500.347
513.457
525.845
545.99
567.769
582.879
596.565
620.847
647.421
657.69
664.383
691.43
722.999
750.817
777.79
801.835
825.212
845.912
865.992
900.725
938.888
967.521
993.895
1025.02
1057.29
1085.62
1112.99
1152.79
1195.65
1224.59
1250.07
1269.16
1286.64
1312.96
1341.53
1368.83
1395.81
1420.8
1445.28
1481.84
1521.6
1547.65
1570.03
1589.66
1608.54
1639.34
1673.4
1708.1
1742.96
1785.16
1829.42
1868.38
1905.85
1937.95
1968.52
1998.4
2028.07
2058.74
2089.71
2119.3
2148.47
2196.31
2249.76
2275.15
2292.04
2318.63
2348.2
2381.97
2417.03
2433.23
2443.52
2463.9
2487.48
2513.71
2540.78
2556.83
2569.32
2581.06
2592.54
2615.75
2642.82
2670.04
2697.32
2731.83
2768.8
2804.72
2840.28
2878.6
2917.86
2973.28
3034.32
3100.46
3168.39
3232.71
3295.75
3355.11
3413.16
3476.92
3542.75
3623.43
3709.55
3790.92
3870.55
3935.48
3994.92
4079.31
4173.12
4272.72
4374.52
4462.61
4545.43
4639.18
4737.19
4835.91
4934.91
5032.41
5129.32
5243.49
5364.57
5482.45
5599.04
5705.76
5808.46
5890.28
5963.51
6077.6
6208.67
6302.02
6379.54
6460.01
6541.73
6662.58
6800.14
6941.27
7083.93
7201.95
7309.25
7418.83
7529.42
7646.04
7765.32
7912.07
8071.11
8221.49
8367.94
8504.93
8637.6
8792.51
8957.65
9121.28
9284.22
9427.57
9561.74
9723.04
9897.17
10036.8
10160
10298.1
10443.5
10581.5
10716
10849.7
10983.1
11111.2
11236.6
11307.7
11351.5
11413
11483.3
11569.2
11662.9
11707.5
11727.1
11760.9
11802.1
11851.1
11904.1
11924.1
11926.7
11954.7
11996.1
11987
11950.7
11958.4
11989.7
11980.9
11950.3
11931.3
11918.8
11924.9
11941.2
11931.3
11907
11899.2
11900.8
11910.6
11925.1
11956.3
11997.1
12031.3
12061.8
12089.2
12114.7
12122.3
12119.3
12134.4
12160.3
12224.8
12312.5
12383.2
12443.7
12503.1
12561.9
12667.6
12802.1
12896.7
12966.7
13073.1
13202.2
13328.3
13452.6
13572.7
13690.2
13776
13841.5
13916.3
13997
14035.7
14047.1
14075
14113.6
14124.8
14117.9
14093.6
14057.6
14036.6
14025.5
14007.6
13985.3
13980.3
13987.2
13995.4
14004.5
14024.2
14051.4
14041.4
14005.4
14029.8
14096.7
14116.6
14103.2
14131.2
14188.8
14236.4
14276.8
14295.5
14298.5
14299
14297.6
14290.2
14278.4
14296
14335.3
14387.8
14450.1
14508.1
14562.7
14589.8
14595.9
14595.3
14589.4
14610.1
14651.5
14704.6
14767.1
14788.8
14778.4
14781.9
14796.5
14800.9
14797.2
14779
14749
14732.9
14728.1
14708.1
14675.7
14675.7
14702.6
14711.7
14706.1
14707.9
14715.8
14720.7
14723.1
14739.7
14768.5
14778.5
14772.3
14804.2
14869.1
14889.8
14871.8
14859.2
14851.5
14869.5
14910.3
14916.3
14891.1
14883.8
14892.6
14892.5
14884.3
14856.6
14811
14787.7
14784.9
14786.2
14791.2
14784
14765.4
14759.9
14766.7
14788.5
14824.5
14871.3
14928.4
14971.6
15001.6
15055.2
15131.8
15182
15206.2
15256.1
15331.5
15390.2
15432
15489.6
15562.9
15627.3
15682.8
15724.3
15751.6
15803.3
15880.2
15989.8
16133.1
16245.6
16325.8
16410.8
16500.8
16613.7
16750.7
16845.7
16895.5
16967.1
17062.3
17152
17236.1
17327
17425.5
17491.4
17521.3
17569.2
17637.4
17683.1
17703.8
17741.4
17798
17805.4
17756.7
17717.1
17688
17652.8
17610.4
17555.4
17485.7
17420.2
17359.8
17305.4
17258.1
17216.8
17182.5
17162.1
17158.3
17127.8
17065
17012.5
16972.6
16951
16951.9
16915.3
16832.2
16809.1
16861
16881.5
16862.3
16856
16866
16883.9
16912.1
16942.4
16975.5
17001.2
17017.3
17082.7
17213
17309.3
17360.6
17432.5
17531.7
17637.2
17751.3
17852
17934.5
18005.5
18060.6
18132.6
18227.8
18303.8
18352.9
18400.6
18446.3
18504.2
18579.4
18644.6
18695.6
18753.7
18822.3
18881.4
18926.8
18987.8
19071.3
19131.2
19156.4
19208
19299.1
19362.6
19385.1
19429
19505.1
19573.9
19631.6
19672.9
19688.9
19726.3
19797
19834.8
19821.6
19841.5
19913.1
19976.2
20025.9
20075.3
20124.5
20196.1
20303.7
20444.8
20640
20825.7
20995.7
21181.4
21392.9
21602
21807.1
22037.6
22310.7
22580.5
22844.5
23081.7
23273
23486.6
23738.5
23981
24207.1
24406.2
24557.9
24753.6
25026.7
25276.8
25485.7
25708.7
25956.8
26192.7
26406.8
26633.2
26881.8
27148.8
27449.5
27720
27934.5
28142.6
28338.6
28541.1
28756
28928
29018.1
29140.7
29325.8
29514.6
29710.6
29886.4
30022.3
30130.5
30183.9
30249.3
30338.8
30402.9
30415.8
30426.1
30431.3
30447.5
30486.4
30495.6
30443.7
30388.3
30325.8
30263.5
30201.6
30168.6
30196.8
30204
30166.2
30117.5
30045.3
29975.1
29909.2
29828
29712.7
29576.4
29393.7
29206.7
29010.1
28796.3
28543.8
28296.3
28060.3
27854
27716.2
27544.8
27295.7
27078.1
26934.8
26784.8
26619.3
26484.9
26425
26379.8
26370.1
26380.1
26438.1
26479.1
26478.1
26506.1
26606.1
26723.5
26884.7
27052.2
27235.8
27423
27619.3
27817
28018.3
28229.4
28465.8
28712.3
28985
29252.8
29507.6
29757.8
29996
30268
30631.9
30955.2
31167.5
31379.3
31590
31792.4
31971.3
32153.3
32343.9
32520.2
32655.9
32787
32905.1
32981.5
32936.4
32930.8
33040.9
33103.4
33024.1
32961.7
32950
32923.2
32850.6
32781.4
32722.7
32647.9
32523.2
32389.5
32227.8
32075.8
31954.2
31817.9
31634.2
31450.5
31266.1
31103.8
31013.2
30927.6
30859
30774.6
30637.3
30506
30394.8
30289
30201.8
30107.2
29987
29882.5
29832.5
29769.6
29660.7
29556.7
29470
29382.8
29293.5
29215.7
29179.6
29154.3
29169
29168
29108.5
29047.2
28979
28914.5
28863.7
28808.4
28735.4
28677.2
28677.4
28644.9
28481.9
28346.8
28323.5
28295.8
28250.4
28190.7
28072.4
27962.9
27889.7
27807.4
27685.9
27574.6
27507
27444.3
27403.2
27331.4
27123.9
26935.9
26834.9
26723.1
26562.4
26394.8
26195.2
25992.4
25775
25562.9
25375.6
25181.6
24955.8
24734.4
24533.9
24331
24116.5
23898.3
23661.7
23428.6
23213.8
23006
22834
22655.3
22441.8
22247.2
22152
22041.7
21850.6
21668.2
21532
21397.2
21270
21136.5
20967.1
20808.5
20710.3
20604.8
20457.4
20317.3
20219.6
20120.9
20016.2
19910.3
19797.2
19688.1
19602.9
19518
19434.3
19344.8
19218.4
19093.6
18979.2
18875.9
18844.6
18803
18692.3
18589
18536.4
18483.7
18431.2
18379.4
18333.1
18289.1
18262.6
18240
18247
18254.6
18266.7
18278.5
18287.8
18297.7
18312.5
18323.9
18309.1
18296.2
18298
18297
18273.2
18251.3
18245.1
18236.4
18206.5
18177.6
18158.2
18134.5
18071.8
18020.1
18067.2
18112.6
18141.9
18163.6
18113.4
18072
18116.7
18150
18068.9
17994.2
17985.5
17973
17920.5
17864.3
17769.8
17672.8
17548.3
17427.4
17347
17262.5
17129.8
16997
16863.4
16730.4
16606.1
16479.5
16322.5
16169.8
16072.1
15971.1
15825.6
15684.9
15610.1
15534.7
15451.3
15364.6
15229.6
15097.6
15010
14920.4
14799.4
14677.2
14536.2
14399.3
14333.2
14265.8
14177.8
14085.5
13914.6
13742.8
13555.5
13371.9
13262.5
13150.1
12973.9
12797.4
12611.4
12428
12304.9
12179
11985.7
11794
11643.4
11491.2
11298.1
11106.1
10945.8
10784.9
10601.3
10419.6
10295.1
10168
9951.14
9737.3
9635.2
9531.68
9371.84
9212.66
9082.49
8952.26
8819.19
8686.41
8568.92
8451.52
8338.63
8225.11
8069.97
7915.56
7818.76
7721.47
7579.81
7437.87
7265.44
7092.86
6898.05
6702.76
6410.45
6118.16
5834.94
5551.73
5285.99
5020.25
5
