7.62253
57.5736
107.525
115.68
123.772
120.813
117.816
120.979
124.176
120.332
116.436
123.229
130.122
123.385
116.491
116.794
117.194
119.561
121.959
120.92
119.821
116.37
112.874
114.56
116.358
118.742
121.14
117.401
113.505
116.899
120.496
118.466
116.268
117.265
118.364
117.24
116.042
117.639
119.337
113.915
108.221
110.785
113.682
116.387
119.085
117.383
115.485
114.159
112.86
108.133
103.238
106.992
111.188
112.633
113.932
111.633
109.136
111.928
115.025
116.331
117.53
112.332
106.737
110.718
115.314
116.443
117.342
113.473
109.278
110.119
111.318
111.679
111.979
114.229
116.627
112.999
108.903
111.098
113.795
111.877
109.579
106.729
103.831
109.207
115.301
117.451
119.249
116.471
113.274
108.616
103.821
106.863
110.659
110.818
110.618
109.602
108.503
107.404
106.305
105.567
104.868
106.152
107.651
110.859
114.255
112.894
110.996
108.65
106.253
106.983
108.082
106.595
104.796
106.558
108.755
110.598
112.396
109.322
105.626
105.819
106.518
107.129
107.728
109.032
110.431
106.736
102.341
101.625
101.425
101.662
101.962
102.785
103.684
106.498
109.595
109.739
109.44
108.793
108.094
108.173
108.373
109.521
110.82
107.73
103.934
105.46
107.858
110.513
113.21
114.027
114.527
111.53
107.934
107.74
108.14
106.418
104.32
106.286
108.984
108.471
107.372
105.514
103.516
110.852
119.943
117.457
112.761
110.41
108.511
108.617
109.117
110.699
112.498
112.883
112.983
114.244
115.742
114.18
111.982
113.333
115.431
114.977
113.978
120.124
127.816
128.217
127.018
125.982
124.983
123.74
122.441
124.722
127.819
131.646
135.642
135.428
134.23
136.18
138.878
141.897
144.994
149.217
153.712
156.043
157.841
157.4
156.401
162.104
169.497
169.169
166.872
168.782
171.779
175.093
178.489
180.938
183.136
184.782
186.28
188.486
190.884
191.165
190.865
191.895
193.294
198.203
204.097
205.556
205.755
207.508
209.706
211.284
212.683
218.715
226.108
231.036
235.232
236.507
236.907
236.54
235.941
237.253
239.151
245.929
254.221
257.645
259.543
262.428
265.624
266.551
266.751
271.932
278.726
278.819
276.721
281.831
289.324
295.019
300.114
301.549
301.749
308.505
317.496
323.886
329.381
336.876
345.068
359.764
376.748
388.94
399.429
410.434
421.623
437.578
455.26
474.113
493.394
513.551
534.03
559.674
587.247
611.484
634.461
665.903
700.569
736.966
774.03
812.533
851.594
896.684
944.137
996.027
1049.67
1101.54
1152.69
1209.6
1268.84
1329.36
1390.4
1459.58
1532.11
1609.44
1688.76
1766.82
1844.34
1929.66
2018.27
2107.65
2197.36
2284.22
2369.83
2454.54
2538.86
2651.22
2775.9
2887.84
2994.13
3106.64
3221.93
3324.35
3420.95
3528.13
3640.12
3751.9
3863.59
3975.28
4086.97
4222.61
4369.47
4482.74
4580.15
4684.92
4793.22
4902.05
5011.15
5111.9
5208.6
5294.51
5375.13
5448
5517.03
5587.93
5659.76
5728.33
5795.27
5841.59
5877.46
5939.75
6015.58
6066.76
6105.23
6123.72
6131.81
6163.94
6208.69
6229.75
6238.24
6252.07
6268.75
6282.39
6294.38
6292.13
6282.14
6289.37
6306.06
6295.41
6269.63
6278.29
6306.16
6313.58
6309.48
6312.46
6319.45
6310.69
6292.91
6302.8
6328.68
6349.5
6367.38
6367.7
6357.71
6349.48
6342.29
6353.55
6375.83
6386.44
6390.04
6404.52
6425.59
6421.14
6401.06
6421.01
6465.67
6493.02
6509.6
6516.18
6516.48
6540.4
6579.26
6595.19
6596.49
6576.21
6542.04
6520.48
6507.09
6483.62
6453.55
6407.04
6349.7
6307.72
6275.95
6227.07
6166.73
6115.75
6071.09
6028.1
5986.24
5945.15
5904.59
5883.69
5876.4
5850.1
5810.54
5775.2
5742.83
5740.5
5759.48
5756.8
5738.62
5724.03
5712.04
5683.34
5642.48
5632.87
5646.15
5644.1
5630.71
5623.85
5621.86
5618.83
5615.03
5625.34
5646.32
5656.87
5659.47
5663.99
5669.98
5678.79
5689.78
5688.15
5676.66
5669.87
5666.77
5645.57
5610
5576.83
5545.56
5525.35
5514.06
5496.38
5473.5
5431.46
5373.71
5329.1
5295.34
5267.51
5244.63
5200.3
5137.96
5093.27
5063.5
5020.73
4966.88
4914.43
4863.18
4817.18
4775.72
4768.19
4790.27
4753.4
4664.68
4614.26
4597.78
4575.81
4548.93
4522.85
4497.47
4476.18
4458.6
4440.91
4423.13
4403.37
4381.79
4368.08
4361.69
4351.02
4336.33
4323.8
4313.31
4297.96
4277.98
4280.59
4304.87
4317.41
4318.61
4321.63
4326.42
4329.1
4329.7
4326.68
4320.09
4298.99
4263.43
4236.98
4219.7
4202.16
4184.38
4152.61
4106.55
4069.66
4042.18
4010.94
3975.77
3936.5
3892.94
3853.72
3819.05
3791.41
3771.23
3735.17
3682.12
3632.1
3585.35
3549.08
3524.2
3492.94
3454.68
3424.87
3404.39
3378.99
3348.12
3305.38
3249.34
3196.81
3148.26
3086.21
3008.79
2938.66
2876.92
2787.22
2665.13
2564.31
2488.29
2407.9
2322.38
2236.82
2151.2
2066.27
1982.15
1899.89
1819.87
1754.79
1707.83
1656.84
1600.89
1551.57
1510.41
1466.09
1417.83
1377.47
1347
1324.22
1311.13
1292.63
1267.26
1248.23
1237.34
1228.76
1223.16
1214.32
1201.23
1199.28
1211.97
1225.69
1240.77
1266.47
1306.33
1340.7
1367.67
1408.21
1467.15
1534.95
1614.87
1707.98
1819.27
1951.22
2111.86
2279.37
2456.49
2650.55
2868.54
3108.95
3381.28
3658.78
3943.7
4246.26
4574.34
4902.54
5230.92
5558.28
5884.16
6224.41
6585.96
6936.93
7272.1
7607.23
7942.31
8261.64
8557.05
8851.27
9143.69
9426.44
9694.28
9948.57
10181.7
10410.5
10632.4
10855.3
11079.9
11303.6
11525.9
11749.5
11975.4
12194
12400.7
12619.8
12859.4
13113.3
13391
13661.5
13920.1
14185.1
14460.9
14763.5
15111.8
15433.1
15708.3
15981.7
16251.9
16520.8
16787.2
17048.2
17299.7
17567.4
17863.8
18127.6
18333.4
18561.6
18830
19094
19349.8
19632.5
19964.1
20265.6
20511.7
20741.4
20940.4
21157.5
21408.3
21643.3
21848.4
22059.7
22282.7
22489.1
22663.7
22854.2
23075.4
23273
23424.3
23561.4
23670.2
23784.3
23909.1
24017.1
24091.7
24165.5
24237.9
24294.6
24319.1
24349
24389.9
24412.3
24396.2
24384.1
24380.6
24375.4
24366.7
24371
24403.2
24398.9
24316
24252.7
24232.1
24201.7
24149.4
24084.5
23991.4
23880.6
23730.5
23599.9
23513.6
23404.9
23245.2
23079.8
22901.5
22725.9
22556.9
22391.3
22233.6
22090.8
21983.2
21869.8
21742.2
21643.6
21614.9
21597.7
21608.5
21614.6
21609.2
21623.1
21684.6
21763.7
21886.6
22015.7
22160
22308.2
22466.3
22627.8
22798.2
22972.3
23155.9
23355.5
23596.9
23801
23905.5
24056.8
24333.7
24587.4
24778
24979.1
25209
25404.6
25505.7
25640.7
25870.4
26087.6
26269.8
26439
26571.7
26690.3
26768.2
26827.4
26832
26840.1
26858.4
26883
26926
26945.4
26894.1
26848.6
26820.6
26793.2
26768.3
26740.6
26704.8
26637.5
26472
26334.8
26287.2
26205.9
26016.3
25842.5
25719.1
25596.4
25476.1
25353
25220.7
25097.1
25003
24903.8
24787.3
24686
24636.8
24581.8
24507
24438.5
24392.1
24334.2
24235.2
24146.7
24095.7
24046.9
24005.7
23963
23914.4
23866.2
23819.4
23779.3
23764.7
23734.2
23643.2
23572.4
23579.4
23575
23526.5
23468.4
23372.8
23290.4
23260.5
23223.8
23159.3
23100.5
23064.8
23020.1
22938.7
22862.2
22806
22739.1
22626.6
22530.9
22507.5
22455.6
22280.5
22131.7
22098.8
22063.9
22019.5
21962.2
21846.3
21716.8
21525.2
21350.1
21251.3
21138.3
20958.9
20783.1
20624.5
20467.9
20320.4
20171.5
20015
19851.4
19652
19461
19312.2
19160.9
18996.9
18841.2
18728.7
18605.7
18427.4
18255.7
18119.2
17984
17855.6
17735.6
17661.6
17572.6
17400.1
17233.4
17099.8
16974.9
16900.1
16817.4
16688.6
16568.6
16500.4
16429.2
16339.3
16247
16140.1
16036.5
15953.3
15869.4
15781.2
15692.6
15601.6
15514.7
15454.7
15390.5
15297.3
15210.1
15162.5
15113.6
15055.4
15002.5
14987.7
14974.6
14974.8
14970.1
14929.5
14891.2
14869.3
14852.1
14869.8
14885.8
14887.1
14891
14914
14934.9
14939.8
14945.4
14956.8
14959.5
14889.1
14827.6
14841.2
14856.8
14890.1
14916.7
14883.7
14856.4
14880.9
14901
14880.6
14862.5
14866.1
14870.9
14887.3
14901.6
14895.3
14888.4
14874.6
14856.2
14789.8
14726.7
14700.1
14668.6
14582.5
14500.8
14469.4
14432.3
14329.9
14228.1
14133.9
14037.7
13917.4
13799.9
13716.4
13634.2
13567.8
13497.9
13381.7
13266.1
13157.8
13049.3
12937.8
12829.2
12763.6
12695
12582.7
12473.8
12421.2
12366.3
12274.9
12183.2
12087.5
11991.9
11897.6
11803.6
11715.4
11626
11515.2
11402.9
11264.4
11128.9
11056.8
10981.5
10835.4
10689.9
10559.2
10428.9
10306.1
10182.6
10040.9
9900.64
9796.94
9691.59
9539.74
9387.37
9219.64
9053.03
8922.46
8791.31
8640.46
8490.74
8382.74
8274.22
8144.44
8014.83
7892.05
7769.01
7633.74
7498.91
7386.82
7275.84
7230.49
7183.96
7058.78
6934.03
6842.82
6751.2
6621.93
6492.7
6368.02
6243.14
6089.59
5935.97
5768.64
5601.04
5346.49
5091.95
4848.99
4606.03
