-100.177
-48.4273
3.32194
8.98608
14.5806
13.2062
11.8076
14.6814
17.5786
16.3109
15.0121
13.7134
12.4147
15.1656
17.9629
16.5213
15.0228
15.1968
15.3966
16.0873
16.7866
15.2322
13.6337
14.3823
15.1816
14.1264
13.0275
11.8312
10.6323
14.391
18.2872
14.2285
9.93275
9.89681
9.99671
10.9662
11.9652
12.4821
12.9816
14.5396
16.1381
13.0309
9.73418
11.2292
12.9275
14.5302
16.1287
15.0547
13.8558
12.3713
10.8727
11.1802
11.5798
11.7897
11.9895
12.9466
13.9456
13.4332
12.8338
12.3286
11.8291
11.8
11.8
14.0531
16.4507
15.8505
15.0513
14.626
14.2264
14.3866
14.5864
15.9033
17.3019
16.6568
15.8576
12.7408
9.44401
13.1778
17.4736
14.5691
11.0725
10.8921
10.992
14.6768
18.6729
14.5972
9.80192
11.4136
13.6115
12.8867
11.8876
12.2557
12.7552
13.2547
13.7542
15.0704
16.4691
15.9661
15.2668
12.4894
9.49231
10.1016
11.1006
12.4595
13.8581
15.167
16.4657
15.8834
15.0842
13.8381
12.5394
10.0813
7.48388
10.7593
14.7554
11.6485
7.6524
10.6551
14.5513
12.8785
10.4808
9.58259
8.88328
11.9682
15.5646
17.1415
18.4402
16.4973
14.0996
15.0238
16.4225
15.815
14.9159
13.8427
12.7438
14.3366
16.3346
13.7411
10.4443
10.2593
10.559
11.8074
13.206
14.6046
16.0033
14.9981
13.5994
13.5713
13.7711
13.2872
12.6878
13.3674
14.2665
14.2299
14.03
17.5646
21.7605
17.5734
11.879
12.1827
13.5813
14.2214
14.7209
14.9682
15.168
14.1094
12.8106
13.2696
14.0688
14.2
14.2
14.3666
14.5664
13.2702
11.6718
14.7166
18.7127
18.4074
17.2085
17.165
17.3648
15.9181
14.1199
13.3072
12.7078
13.9929
15.6912
15.4278
14.7285
14.1923
13.6928
13.5186
13.4187
14.3738
15.5726
16.6096
17.6086
16.9116
15.8127
16.0834
16.6828
15.4337
13.7354
12.6784
11.7793
14.8791
18.9751
18.6033
17.1047
17.6754
18.7744
19.3969
19.8965
18.3369
16.239
18.17
21.167
22.4304
23.2296
22.5353
21.4364
21.5136
21.9132
23.799
26.0967
23.5572
19.661
20.4343
22.5322
21.3698
19.2718
21.0455
23.9427
24.9089
25.3085
24.3985
23.0997
22.5695
22.2697
24.1162
26.6138
25.2122
22.6147
23.7539
26.0517
28.1973
30.2952
30.1931
29.3938
26.4002
22.7038
23.9133
26.7105
26.4966
25.2978
28.3787
32.8743
33.1013
31.9025
30.4796
28.9811
29.2705
30.1696
31.8117
33.7098
34.4223
34.722
32.8784
30.2809
31.2954
33.5931
36.6996
40.0962
41.22
41.5197
42.6237
44.0224
47.6818
52.1774
51.9453
49.9473
50.343
51.6417
54.1703
57.1673
58.6493
59.5484
62.4622
66.1586
73.3709
81.9625
81.8238
78.2274
84.5504
94.8404
101.643
107.038
107.393
105.695
111.499
120.39
125.682
129.478
135.949
143.542
149.38
154.475
161.389
169.082
180.264
192.952
195.825
194.427
203.925
218.211
225.091
228.688
237.322
248.212
258.757
269.147
277.203
284.197
293.448
303.738
312.39
320.282
330.488
341.777
350.759
358.651
365.191
371.085
381.97
395.257
395.834
390.239
400.202
417.785
425.806
429.103
431.533
433.531
436.194
439.191
444.905
451.998
454.862
455.562
458.567
462.763
464.331
464.531
463.749
462.45
467.681
476.372
476.926
473.13
470.891
469.493
467.382
464.885
469.096
476.989
477.034
472.739
467.673
462.179
459.88
459.381
459.072
458.873
464.327
473.019
471.703
464.61
462.505
463.304
468.636
476.628
475.145
468.052
465.337
465.237
466.946
469.743
469.557
467.559
468.535
471.332
470.979
468.681
466.815
465.216
463.986
462.987
463.151
464.05
466.9
470.996
469.56
464.565
464.842
468.538
461.785
448.199
445.088
448.884
446.439
439.846
434.329
429.534
424.202
418.507
414.477
411.58
405.78
397.988
393.737
391.939
393.083
396.279
394.433
389.039
383.41
377.616
379.801
387.694
388.039
382.944
377.213
371.019
371.398
376.593
378.8
378.8
378.571
378.171
378.456
379.256
377.552
373.956
373.25
374.749
372.011
366.017
366.045
370.741
370.388
366.092
363.529
362.33
362.301
363.2
363.6
363.6
360.226
354.132
347.487
340.394
336.047
333.949
334.094
336.092
337
337
333.251
326.358
322.496
321.197
319.521
317.523
313.966
309.071
306.157
304.958
301.039
294.745
290.79
288.892
285.987
282.191
281.613
283.911
284.579
283.78
279.577
272.284
272.296
278.989
278.509
271.416
268.466
269.365
268.665
266.467
265.914
266.913
266.478
264.68
262.729
260.631
262.039
266.834
270.06
271.759
266.651
254.862
253.771
263.261
264.548
257.655
255.097
256.895
252.886
242.996
239.186
241.584
241.766
239.668
236.883
233.387
234.287
239.781
239.486
233.092
227.183
221.788
218.759
218.259
213.866
205.275
203.289
208.484
210.819
210.019
206.276
199.283
193.756
189.86
187.941
188.241
185.305
178.712
173.799
170.802
166.317
160.123
155.457
152.56
149.801
147.204
144.101
140.405
135.611
129.517
124.607
121.11
118.656
117.457
115.311
112.014
107.324
100.93
97.6237
98.1232
97.4646
95.3667
93.4461
91.7478
89.4313
86.3344
84.6879
84.8877
86.0064
88.3042
88.206
85.0091
83.4168
83.9163
84.9339
86.6322
87.8578
88.4573
89.3989
90.7975
92.4943
94.5922
99.403
107.895
112.209
110.811
113.108
120.5
128.896
138.687
147.687
155.579
164.092
173.483
186.501
204.683
222.619
240.202
257.254
273.538
291.65
312.43
333.735
355.813
378.254
401.231
420.165
433.052
450.96
476.435
496.716
509.104
524.885
545.864
563.389
575.577
591.32
612.599
627.388
631.983
641.915
660.297
675.332
685.022
698.196
716.978
735.264
752.747
766.555
774.347
788.66
813.735
835.286
850.971
865.238
877.127
892.169
912.549
934.147
957.824
978.931
995.614
1007.33
1010.43
1021.3
1045.77
1063.78
1070.38
1081.39
1100.27
1120.44
1142.92
1165.25
1187.33
1202.98
1206.87
1218.43
1244.11
1262.41
1267
1274.97
1289.25
1301.09
1308.28
1315.54
1322.93
1334.63
1354.61
1372.89
1387.88
1396.58
1392.99
1393.42
1401.81
1408.23
1410.73
1419.63
1441.41
1451.22
1436.73
1427.69
1429.79
1427.87
1417.68
1415.56
1430.25
1436.72
1425.93
1419.43
1422.03
1423.89
1424.19
1420.13
1406.64
1397.65
1398.45
1401.65
1410.15
1410.6
1393.22
1382.06
1384.86
1384.53
1377.14
1370.69
1366.39
1357.74
1339.06
1321.67
1307.29
1292.03
1274.75
1262.12
1260.53
1260.02
1262.12
1260.82
1251.33
1243.64
1240.34
1241.52
1253.71
1260.74
1254.94
1253.36
1262.35
1274.68
1295.46
1310.88
1312.57
1315.78
1322.87
1329.13
1333.23
1342.22
1364.1
1380.49
1382.29
1388.7
1407.48
1419.8
1414.6
1417.08
1440.56
1460.61
1471.2
1478.21
1475.21
1477.7
1495.69
1511.41
1520.7
1527.14
1525.34
1527.17
1539.56
1551.56
1562.45
1564.59
1540.71
1523.52
1526.42
1526.42
1517.63
1509.57
1503.78
1499.3
1498.9
1498.07
1495.87
1489.19
1468.31
1450.5
1442.5
1436.89
1438.99
1440.95
1442.45
1440.86
1429.07
1419.33
1416.43
1412.1
1402.91
1392.04
1375.46
1361.66
1357.46
1350.95
1336.37
1324.89
1324.39
1325.37
1331.67
1333.87
1321.29
1312.62
1318.32
1321.44
1315.05
1309.75
1308.55
1307.85
1309.05
1308.8
1303.01
1295.55
1281.67
1272.85
1283.94
1291.86
1287.16
1281.75
1273.46
1266.25
1263.45
1262.78
1270.87
1274.93
1262.14
1250.14
1241.45
1233.83
1230.84
1227.8
1224.6
1221.17
1216.67
1211.94
1206.14
1200.53
1195.73
1190.99
1186.5
1176.81
1143.04
1117.16
1128.35
1134.15
1114.27
1096.38
1088.09
1079.39
1068.7
1060.35
1063.65
1063.6
1046.72
1032.21
1029.81
1024.73
1005.75
989.816
989.916
989.228
984.332
979.639
976.043
971.432
961.242
951.72
945.925
939.172
926.984
916.142
913.045
911.1
915.895
917.452
899.77
883.038
872.049
862.404
861.005
859.855
860.255
859.321
849.93
841.438
838.74
835.646
829.952
825.143
826.242
827.277
827.876
827.44
819.847
812.752
809.156
805.706
803.309
801.766
806.461
810.434
809.035
807.975
809.473
811.327
815.922
819.426
814.331
810.818
820.009
826.439
810.255
795.33
790.935
788.016
797.707
806.76
810.256
811.665
794.482
779.613
785.807
792.175
800.168
807.048
803.352
800.028
800.328
799.89
792.097
785.33
789.026
792.182
789.684
787.903
793.797
798.476
789.784
780.638
766.352
753.501
757.298
760.452
755.956
751.159
742.667
734.308
727.614
720.578
709.089
697.767
688.676
680.815
689.906
697.573
684.986
672.404
659.916
648.545
654.14
658.988
652.094
645.64
646.34
646.369
635.08
624.114
618.82
613.4
605.708
598.005
590.113
582.302
576.108
569.984
565.288
560.672
557.775
554.33
538.446
523.047
519.251
515.397
510.103
504.88
501.584
498.16
491.167
484.177
477.284
470.369
462.777
455.349
453.551
451.498
440.109
428.826
421.733
414.55
403.461
392.561
390.663
388.662
381.269
373.918
369.023
364.198
364.099
363.895
355.703
347.542
342.147
336.751
331.257
325.718
313.83
301.958
293.466
284.96
271.673
258.387
245.3
232.212
