-17.9761
34.872
87.7203
97.5756
107.366
101.427
95.4325
95.2013
95.0015
96.6858
98.3841
98.301
98.2011
96.027
93.8291
93.9971
94.1969
92.5275
90.8292
90.1127
89.4134
93.6135
97.9093
100.836
103.733
99.7985
95.7025
97.061
98.5595
98.5028
98.4029
96.1687
93.871
97.1885
100.685
98.8676
96.8695
92.3645
87.769
90.2943
93.0916
92.9119
92.6122
93.8458
95.1446
93.0959
90.898
92.7089
94.7069
94.3237
93.8242
93.5148
93.2151
95.2868
97.4847
94.0975
90.4011
91.3336
92.5324
93.6369
94.7359
93.4829
92.0843
92.751
93.5502
94.8178
96.1166
95.2651
94.2661
91.7744
89.177
91.5135
94.2109
96.4438
98.6416
92.3107
85.3176
87.4827
90.3799
88.4768
86.1791
84.5261
82.9277
83.9949
85.2937
86.1338
86.933
88.1899
89.4886
87.7733
85.7753
86.7848
88.0835
91.201
94.4978
89.5367
83.7424
85.2826
87.5804
85.9929
83.9948
87.4965
91.5925
86.6022
80.6081
84.219
88.9144
91.1018
93
89.8931
86.1967
84.4623
82.9638
85.3805
88.2777
91.7963
95.3928
88.5354
80.3435
82.8474
86.7436
86.5826
85.8832
88.0881
90.6856
90.9122
90.8123
89.1353
87.2372
86.3006
85.5014
85.3127
85.2129
87.8978
90.9947
89.5765
87.4786
85.4673
83.4692
85.4474
88.0448
86.4164
84.1186
85.5209
87.519
89.8604
92.258
88.9168
84.621
81.9489
79.5513
83.1221
87.7176
89.676
91.1745
91.5697
91.7695
89.8524
87.5547
84.0742
80.3778
82.5814
85.8781
89.1749
92.4717
91.406
89.5079
91.2924
93.79
91.6949
88.6979
85.1177
81.4213
84.6231
89.2186
92.8191
96.2157
93.9048
90.4082
90.0475
90.3472
92.0465
94.0446
94.5642
94.764
98.4051
102.801
102.537
101.239
101.081
101.181
100.468
99.5687
103.782
109.177
108.5
106.402
108.1
110.697
115.389
120.584
120.635
119.437
122.246
126.043
127.04
127.34
129.554
132.251
135.028
137.826
134.986
130.69
134.868
141.262
143.706
145.104
145.951
146.651
148.451
150.549
149.353
147.255
154.856
165.146
165.449
162.952
160.376
157.779
161.547
167.142
167.858
167.159
171.711
177.805
177.505
175.307
178.335
182.93
187.679
192.474
189.701
184.606
188.28
194.674
195.667
194.968
200.338
207.631
206.524
202.728
205.725
210.92
215.813
220.609
218.346
213.751
216.719
222.213
227.185
231.98
235.509
238.606
245.418
253.51
260.935
268.128
272.069
274.867
279.802
285.496
301.336
320.817
334.432
345.921
355.874
365.264
379.396
395.28
410.51
425.495
446.646
470.123
493.239
516.216
536.091
554.773
584.751
619.117
654.345
689.91
725.69
761.555
800.417
840.477
882.744
925.902
969.06
1012.22
1068.61
1130.45
1185.3
1237.25
1288.78
1340.13
1396.18
1454.22
1530.88
1615.5
1681.9
1740.44
1815.27
1897.19
1980.71
2064.93
2146.44
2226.77
2311.3
2397.71
2478.76
2557.38
2655.08
2761.48
2853.57
2939.09
3023.38
3107.09
3199.11
3295.02
3387.87
3479.28
3571.78
3664.78
3746.06
3821.68
3888.23
3950.37
4023.77
4102.7
4174.33
4242.36
4302.06
4357.61
4397.93
4430.6
4470.16
4513.22
4559.19
4606.64
4632.81
4648
4680.52
4722.08
4745.37
4759.06
4758.05
4749.26
4784.54
4843.38
4843.75
4812.58
4803.02
4805.22
4819.68
4840.85
4853.99
4862.69
4855.16
4838.57
4826.85
4817.85
4838.37
4875.63
4881.83
4870.24
4875.44
4890.32
4884.24
4865.96
4862.79
4868.48
4881.14
4897.92
4901.2
4896.4
4891.61
4886.81
4900.17
4924.54
4932.56
4930.56
4921.46
4907.97
4926.01
4963.68
4976.66
4974.17
4972.77
4972.07
4982.72
5000.6
4998.6
4983.82
4963.33
4939.16
4910.33
4878.46
4850.51
4825.13
4789.62
4747.36
4697.8
4643.35
4605.84
4579.76
4542.22
4496.87
4465.55
4443.87
4410.21
4368.25
4343.23
4330.05
4323.54
4321.75
4317.14
4310.55
4297.43
4279.65
4269.41
4264.62
4255.48
4243.19
4221.85
4193.88
4182.52
4183.42
4171.49
4150.01
4148.56
4162.15
4172.61
4180.7
4189.13
4197.82
4195.27
4184.08
4182.35
4187.95
4190.68
4191.18
4179.16
4157.28
4148.43
4149.93
4132.62
4100.25
4075.18
4056
4030.81
4000.74
3978.41
3962.43
3938.45
3907.88
3882.33
3860.95
3831.8
3796.14
3754.9
3708.94
3679.49
3664.11
3633.19
3588.93
3562.08
3550.29
3522.12
3479.67
3451.08
3434.7
3408.78
3374.41
3348.33
3329.65
3309.02
3286.65
3276.26
3276.76
3269.07
3253.88
3233.5
3208.32
3192.37
3184.97
3172.78
3156.1
3153.81
3165.1
3170.19
3169.39
3170.99
3174.88
3171.92
3162.33
3156.84
3155.34
3157.67
3163.77
3158.06
3140.68
3117.39
3088.22
3070.81
3065.21
3049.05
3022.17
2998.81
2979.03
2954.42
2924.85
2887.04
2840.69
2808.89
2792.31
2768.81
2738.04
2710.91
2687.63
2662.57
2635.59
2610.11
2586.23
2573.37
2572.47
2556.22
2523.15
2491.32
2460.85
2435.01
2414.33
2390.92
2364.45
2332.86
2295.5
2251.22
2199.07
2144.42
2086.87
2028.68
1969.74
1912.27
1856.53
1799.63
1741.39
1677.29
1606.26
1546.98
1501.72
1460.64
1424.57
1386.93
1347.37
1307.72
1267.95
1234.77
1209.69
1185.6
1162.72
1142.33
1125.04
1108.25
1092.06
1077.37
1064.59
1056.26
1053.66
1055.64
1063.53
1064.79
1057.4
1052.03
1049.34
1055.36
1072.95
1087.75
1098.84
1122.1
1161.77
1199.35
1234.12
1282.64
1349.97
1415.46
1478.4
1555.5
1652.31
1763.59
1895.16
2037.05
2193.49
2360.53
2542.65
2738.6
2954.39
3180.99
3423.26
3666.53
3911.29
4161.67
4420.32
4681.5
4946.44
5216.79
5495.22
5771.97
6046.2
6301.24
6527.12
6764.56
7019.71
7264.81
7494.38
7712.16
7911.57
8106.39
8294
8489.2
8696.4
8891.32
9066.65
9242.47
9419.1
9615.42
9843.69
10065.1
10275.4
10494.4
10727.8
10958.5
11184.7
11426.6
11694.9
11962.4
12228.4
12489.3
12741.2
12991.6
13239.4
13485.5
13728.8
13978.8
14240.6
14498.9
14751
14980.1
15168.3
15369.4
15593.7
15832.8
16098.9
16352.6
16584
16810.9
17029.3
17249.3
17472.1
17684.3
17876.6
18085.2
18324.7
18537.3
18698.8
18871.5
19066.2
19254.9
19432.1
19586
19694.4
19814.9
19959.3
20101.4
20239.1
20348.8
20402.5
20468.3
20558.8
20625.7
20644.3
20650.5
20631.3
20627.9
20657.2
20676.6
20675.3
20675.8
20680.3
20686.5
20696.4
20690.5
20650.3
20611.7
20576.4
20544.8
20521.2
20485.7
20423.5
20343.5
20223.3
20110.7
20015.3
19909.9
19781.8
19644.1
19484.7
19321
19147.7
19002.1
18921.5
18835.1
18735.1
18649
18596.2
18537.4
18464.5
18435.8
18514.8
18569.2
18563.1
18556.9
18550.2
18570.1
18657
18752.3
18869.2
18995.8
19147.2
19294.1
19429.1
19569.2
19722.7
19879
20042.4
20216
20416.3
20610.6
20789.2
20972.8
21170.3
21353.3
21496.7
21665.2
21903
22119.5
22276.4
22417.7
22515.1
22602.2
22660.1
22742.7
22896.7
23000.9
22960
22942.7
22995
23035.8
23042.3
23041.1
23016.8
22984.1
22925.5
22879.7
22873.1
22856.6
22810.1
22751.8
22657
22565
22481.8
22388.3
22262.2
22137.3
22016.6
21909
21844
21769.3
21662.3
21563.3
21491
21408.1
21289.7
21187.2
21139.5
21088.3
21024.5
20972.5
20961.6
20940.2
20882.3
20830.6
20801.2
20761
20681.8
20600.4
20510.9
20438.6
20430
20417.1
20388.1
20359.6
20332.6
20300
20245.6
20186.7
20109.8
20050.4
20059.4
20049.5
19964.4
19899.6
19917
19923.2
19883.5
19833.2
19739
19649.3
19578.6
19507.9
19437.5
19379.7
19376
19351.2
19234.6
19123.1
19034
18947.9
18875.6
18787.2
18625.9
18485.5
18440.5
18374.8
18213.3
18061.7
17956.3
17843.8
17697.3
17555.3
17435
17306.4
17137.9
16964.9
16770
16591.2
16493.7
16391.5
16264.9
16140.9
16030.5
15913.3
15759.9
15614.4
15510.6
15404.8
15288.4
15170.8
15047.7
14934.9
14880.7
14816.4
14694.9
14579.6
14500.1
14416.7
14310.8
14207.7
14120.6
14036.3
13967.9
13898
13818
13738.7
13664.5
13590.7
13519.2
13448.1
13379.3
13314
13271.6
13225.8
13156.6
13090.2
13042.2
12994.4
12949
12912.6
12939.6
12959
12923.4
12888.9
12862.9
12838.9
12829.7
12823.7
12842.1
12855.3
12828.3
12807.7
12836.7
12860.6
12842.6
12832.8
12889.6
12932.2
12855.4
12791.5
12838
12876.6
12846
12814.7
12777.7
12745.6
12757.6
12768
12763.8
12762.6
12790.2
12814.6
12808
12804.1
12827.4
12844.6
12799.3
12757.3
12749.4
12740
12714.2
12684.3
12608.9
12536.1
12493
12446.2
12356.2
12266.6
12181.8
12097.8
12024
11946.6
11823.7
11704.9
11638.9
11571.7
11487.7
11400.7
11272.3
11149.9
11111.8
11070.6
10983.4
10897.6
10833.5
10769.7
10711.1
10650.1
10548.2
10446.9
10355.8
10266.2
10203.7
10138.7
10029.5
9922.16
9849.43
9776.08
9690.37
9604.27
9510.26
9414.48
9280.31
9147.72
9050.91
8954.38
8864.37
8772.69
8639.02
8506.54
8405.64
8303.98
8181.21
8059.05
7955.45
7850.71
7709.75
7569.79
7464.1
7358.54
7258.14
7157.23
7036.25
6916.15
6834.13
6750.56
6593.52
6438.04
6365.21
6292.21
6209.2
6126.29
6051.06
5975.62
5883.11
5790.45
5684.05
5577.71
5477.41
5376.96
5255.18
5133.16
4963.63
4794.02
4597.31
4400.6
4202.19
4003.79
