-21.3776
28.2737
77.9251
83.8853
89.7795
90.9946
92.1935
92.8955
93.5948
88.9393
84.2439
82.6165
81.0181
82.6791
84.3774
87.0616
89.7589
87.2421
84.6446
84.2072
83.8076
86.1517
88.5494
90.2625
91.9608
90.8288
89.63
89.4052
89.2054
86.9642
84.6665
84.406
84.2062
82.9414
81.6427
83.1459
84.7443
84.5107
84.211
85.3547
86.5535
85.2555
83.8569
84.8542
85.9531
83.4177
80.7203
79.8364
79.0372
81.3812
83.8788
84.4752
84.9748
86.328
87.7266
84.2975
80.6011
81.5336
82.7324
84.3083
85.9067
83.5541
80.9566
81.551
82.3502
85.1168
88.0139
85.6758
82.9785
83.0799
83.3796
82.0967
80.698
81.0645
81.564
80.7657
79.8665
81.9277
84.2254
83.2922
82.0934
81.7236
81.4239
79.1939
76.7962
79.4434
82.5404
82.1593
81.46
81.5826
81.7825
82.3468
82.9462
81.454
79.7556
80.4167
81.3158
81.9433
82.5427
82.3289
82.0292
81.7295
81.4298
81.6699
81.9696
82.7181
83.5173
84.0478
84.5474
82.3656
79.8681
79.9567
80.3563
81.6457
83.0444
82.4897
81.6905
80.5369
79.3381
76.8133
74.1159
80.1504
87.3434
87.4079
86.5088
83.5901
80.3932
82.2779
84.8754
82.7523
79.955
81.955
84.6523
85.2611
85.5608
87.4234
89.5214
87.3742
84.577
85.6694
87.3678
87.255
86.8554
88.8651
91.2628
89.883
87.8849
89.1418
90.94
91.0291
90.8293
90.3737
89.8742
91.3312
93.1294
92.2118
90.8131
91.9548
93.5532
95.0672
96.5657
97.6428
98.6419
97.9591
96.9601
99.8201
103.417
107.264
111.16
112.134
112.534
110.767
108.569
110.527
113.324
112.639
111.24
113.151
115.748
115.87
115.47
123.139
132.529
129.272
123.278
126.297
131.292
131.709
131.11
134.996
139.891
144.054
148.05
149.774
150.973
159.538
169.828
172.042
172.342
174.897
177.994
185.672
194.464
198.846
202.142
201.52
199.922
203.828
209.123
215.612
222.405
220.227
215.732
221.927
230.919
232.958
233.158
233.279
233.379
238.745
245.539
250.136
254.132
257.19
259.987
264.813
270.208
277.548
285.44
285.57
283.472
288.033
294.527
298.394
301.491
307.208
313.701
318.735
323.33
326.929
330.226
332.682
334.88
341.119
348.612
351.769
353.567
358.324
364.019
367.519
370.316
372.132
373.631
372.043
369.445
377.134
388.223
391.15
391.349
392.296
393.495
401.324
411.414
418.755
425.149
436.952
450.639
463.734
476.621
484.644
490.938
502.451
515.838
527.392
538.281
553.997
571.48
585.243
597.631
615.183
634.664
655.015
675.695
696.664
717.744
744.45
773.322
795.718
815.599
850.476
891.236
914.965
931.948
963.704
1001.37
1031.7
1059.07
1095.81
1136.37
1175.59
1214.25
1257.29
1302.15
1333.77
1359.84
1404.87
1457.92
1502.08
1542.44
1592.64
1647.09
1699.51
1751.06
1798.38
1843.83
1894.62
1947.77
1999.95
2051.7
2109.71
2170.55
2238.18
2308.91
2373.56
2435.39
2489.39
2539.74
2595.87
2654.71
2717.22
2781.46
2845.36
2909.09
2972.16
3034.89
3083.17
3124.43
3174.41
3228.66
3271.47
3308.63
3359.73
3417.77
3445.51
3458
3481.82
3511.39
3532.83
3550.11
3570.56
3592.64
3614.58
3636.46
3643.8
3643.5
3661.35
3688.83
3689.74
3676.45
3687.64
3712.01
3712.64
3700.35
3699.74
3705.53
3699.88
3687.89
3689.82
3699.51
3687.91
3664.34
3662.3
3672.49
3678.17
3681.27
3705.45
3741.82
3758.61
3764
3757.25
3743.36
3736.82
3734.62
3730.3
3724.7
3735.44
3756.02
3763.86
3763.96
3774.29
3790.87
3811.47
3834.55
3851.96
3865.84
3877.83
3888.62
3894.27
3896.67
3907.91
3924.79
3941.13
3957.11
3963.46
3963.56
3948.5
3923.52
3890.84
3853.08
3838.78
3840.08
3820.02
3785.66
3756.48
3730.8
3718.02
3714.03
3699.72
3678.35
3664.99
3657.2
3647
3635.11
3622.22
3608.64
3609.43
3620.42
3617.6
3604.91
3597.92
3595.02
3592.12
3589.22
3592.84
3601.23
3595.66
3579.78
3570.02
3564.83
3574.58
3595.56
3597.09
3583.9
3597.53
3631.59
3631.09
3604.02
3592.76
3593.76
3599.42
3608.71
3605.59
3592.7
3597.75
3617.03
3615.33
3596.85
3585.06
3578.67
3572.77
3567.27
3546.9
3514.33
3496.21
3490.01
3475.91
3455.23
3428.96
3397.99
3377.57
3366.08
3362.42
3365.41
3357.23
3339.45
3322.79
3307.11
3283.69
3253.52
3235.15
3227.15
3226.1
3231.19
3223.31
3203.83
3186.45
3170.97
3161.35
3157.05
3150.51
3141.92
3127.3
3107.12
3106.77
3124.85
3127.67
3116.18
3106.02
3097.13
3083.28
3064.69
3058.05
3062.84
3070.43
3080.72
3087.42
3090.62
3085.7
3072.81
3070.27
3077.96
3083.15
3085.85
3085.75
3082.86
3078.22
3071.83
3069.39
3070.99
3068.8
3062.7
3052.39
3037.7
3027.66
3022.46
3020.92
3023.22
3020.18
3011.49
3009.56
3014.85
3004.57
2977.5
2973.74
2995.32
2999.4
2984.31
2975.69
2974.19
2966.4
2951.62
2944.79
2946.89
2930.37
2892.8
2870.98
2867.08
2839.75
2785.5
2744.64
2719.26
2683.56
2635.81
2590.44
2547.88
2506.01
2464.95
2421.66
2375.7
2344.48
2330.99
2302.16
2254.71
2220.6
2202.82
2181.46
2155.68
2127.41
2096.04
2076.69
2072.4
2061.83
2043.35
2032.08
2029.98
2024.69
2015.29
2013.96
2023.05
2027.51
2025.91
2027.68
2033.87
2051.37
2083.83
2117.37
2152.34
2177.34
2188.93
2213.06
2254.22
2304.58
2367.52
2429.95
2491.69
2547.58
2595.33
2668.38
2776.88
2870.67
2943.7
3032.63
3144.23
3259.88
3381.36
3489.98
3579.99
3690.15
3829.72
3970.21
4112.07
4243.75
4360.34
4489.78
4638.43
4770.39
4877.19
4987.87
5104.45
5220.45
5335.53
5451.84
5570.02
5689.69
5811.67
5909.6
5969.74
6053.85
6175.93
6286.28
6377.89
6470.8
6565.81
6664.81
6770.31
6880.96
7000.04
7115.81
7226.1
7351.95
7503.7
7661.8
7830.53
7982.24
8105.11
8250.36
8433.78
8596.75
8724.53
8857.74
9000.4
9148.98
9307.93
9472.87
9648.4
9802.98
9920.26
10036.3
10150.1
10285.8
10461.1
10630
10787.3
10932.2
11054.4
11188.4
11344.6
11492.7
11625.9
11743.3
11830.9
11934
12066.7
12186.9
12283
12381.8
12485.8
12588.5
12688.9
12780.9
12856.1
12924.6
12979.6
13024.9
13050.3
13083.4
13132
13179
13222.7
13242.3
13212
13206.7
13253.4
13286.1
13289.7
13282.8
13253.4
13238.1
13252.9
13258.8
13245.8
13230
13208.3
13183.6
13152.5
13120.6
13087.3
13055
13025.2
12963.9
12831.1
12725.5
12681.8
12626
12542.1
12453.1
12352.3
12256.3
12171.6
12097.8
12050.2
11993.2
11913.7
11852.6
11835.8
11822.2
11817
11813.4
11814.1
11832.3
11894.1
11936.4
11930.2
11954.3
12054.9
12147.6
12220.4
12293.4
12367.4
12455.7
12581.6
12701
12803.6
12909.5
13023.9
13128
13204.9
13301.3
13451.1
13589.2
13695.4
13792.3
13863.7
13942.7
14043.2
14140.6
14229.3
14310.2
14368.9
14420.5
14451.8
14478.1
14489.2
14520.8
14612.5
14667.5
14613.8
14560.7
14509
14471.6
14477.2
14465.1
14398.9
14355.3
14382.1
14381.6
14295.7
14215.9
14155.3
14096.4
14042.6
13992.2
13952.4
13903.4
13823.8
13749.4
13691.9
13626.9
13537.1
13462.2
13437.7
13402.7
13331.6
13269.9
13241.2
13205.8
13147.6
13098.4
13081.1
13059.8
13024
12990.2
12963.4
12934.5
12897.5
12868.8
12870.9
12858.4
12791.3
12736.8
12730.2
12715.2
12668
12627.9
12615.7
12601.5
12579.6
12549.8
12489.2
12445.1
12468
12485.7
12482.1
12459.3
12357.3
12269.2
12239.1
12204.9
12152.9
12110.6
12109.5
12091.2
11998.4
11914.7
11871.3
11829.5
11795
11757.3
11704.7
11651
11592.2
11524.5
11416.1
11313.4
11238.4
11166.2
11107.7
11045.1
10963.1
10867.4
10704.9
10566
10544.3
10507.7
10396.2
10288
10196.7
10110.9
10053.3
9994.63
9929.69
9859.69
9762.69
9669.47
9596.74
9526.1
9466.96
9406.02
9335.09
9267.73
9220.57
9170.94
9107
9042.49
8974.66
8912.17
8881.4
8843.91
8765.89
8694.57
8664.4
8633.82
8600.65
8561.29
8482.67
8410.53
8380.26
8351.94
8336.35
8317.06
8273
8230.16
8195.6
8165.01
8161.91
8155.97
8129.99
8108.3
8117.29
8120.92
8085.46
8053.71
8049.62
8045.7
8043.1
8040.17
8034.67
8028.09
8012.9
8002.85
8034.02
8064.03
8084.51
8099.69
8070.62
8046.17
8061.16
8070.86
8034.49
8005.31
8040.07
8071.04
8067.45
8064.32
8065.51
8065.67
8055.88
8046.44
8040.45
8036.29
8050.48
8061.71
8042.72
8025.28
8023.88
8018.11
7965.46
7915.45
7894.47
7875.71
7882
7880.39
7787.08
7698.71
7669.14
7637.7
7583.46
7526.67
7437.86
7353.17
7322
7288.9
7230.06
7171.45
7116
7062.28
7033.11
7002.58
6952.03
6900.45
6833.32
6767.65
6724.99
6682.46
6642
6600.74
6545.99
6489.99
6411.97
6335.59
6289.24
6243.86
6216.98
6188.28
6123.45
6059.51
6014.15
5967.54
5893.71
5820.2
5753.76
5686.94
5610.92
5534.96
5460.84
5387.25
5327.9
5268.25
5199.92
5131.28
5053.56
4975.91
4900.58
4825.16
4746.33
4667.71
4596.38
4525.22
4460.68
4396.42
4344.17
4291.54
4220.61
4149.74
4082
4014.23
3944
3874.1
3826.95
3779.7
3724.95
3670.14
3609.1
3548.15
3497.2
3446.04
3365.42
3284.69
3180.59
3076.45
2960.07
2843.69
2732.6
2621.5
.6
3544.5
