5.113154
6.335860
1.372284
1.313381
4.157443
4.762250
4.123703
5.411972
4.207310
3.467352
5.329911
6.600000
5.732584
2.779910
3.436807
6.648581
3.821396
7.847389
6.641094
3.944305
4.599490
7.573657
10.430390
9.657942
3.054987
5.167316
6.873116
6.226645
5.594708
4.405020
4.846474
7.277436
7.324015
8.434107
10.940161
10.995126
8.139327
6.875804
8.588741
10.324775
10.127905
6.660958
9.128174
8.581294
6.673274
6.690200
8.608693
10.129199
11.594525
15.744114
12.748635
11.067556
15.203555
16.758300
14.612789
12.681146
14.854544
19.943197
20.145250
18.072346
19.964172
19.527598
21.382878
26.952321
27.857816
29.778866
32.890194
32.862682
39.989976
43.334988
50.573239
53.417350
55.808962
60.931146
67.298768
74.138165
82.186193
89.844075
99.712385
111.369778
117.289316
118.192000
124.463135
135.181917
148.871808
155.643023
164.777607
173.633867
178.591056
190.442011
201.204733
198.624576
208.276429
210.261426
212.800523
219.680128
218.822915
219.836697
227.514893
223.898233
223.418277
231.386286
230.530293
226.019297
226.205857
230.631139
230.334060
231.897594
228.044970
226.652763
237.623695
236.332192
225.059171
222.845263
221.083158
222.219006
224.075237
219.344718
217.311492
211.533430
221.391519
218.344514
219.895938
218.316342
211.570064
204.130738
201.283549
201.200000
197.162789
190.885395
187.182008
181.691338
174.212307
172.300602
173.639068
168.592113
168.910293
165.261243
164.433071
161.755301
163.929906
162.714520
165.023233
157.058355
151.056107
153.915684
152.312085
151.302280
156.345356
152.410481
149.362361
145.648088
147.044951
153.935367
155.271868
146.146165
143.600000
143.177373
138.501690
128.893887
129.018704
131.862447
128.478783
127.820143
126.440530
116.909553
113.741714
114.682624
113.037532
113.649795
109.833970
109.338876
105.611237
104.694207
105.069165
105.076759
104.003695
101.426316
100.550100
100.833972
99.946998
99.940321
96.390550
100.073451
99.444613
95.279018
95.596561
96.711585
93.197553
90.050010
87.143185
86.974124
87.633605
88.009545
83.103963
79.374700
81.161080
78.400000
76.932492
72.614221
73.363189
71.957086
70.387808
67.907369
61.019376
62.521123
61.126857
53.570783
54.707666
50.070671
48.454292
51.410994
47.655597
44.024538
43.402187
44.070160
43.439352
40.093911
42.409202
45.490957
43.180677
43.632762
40.312888
45.819338
48.670645
49.773150
51.336541
52.558460
56.036664
61.852008
69.544665
81.847442
86.958289
98.095244
110.705752
127.234734
138.440944
158.241398
174.933832
191.300872
196.263947
211.153368
235.563904
253.361607
266.097323
278.382606
287.973838
299.856650
311.768820
325.186778
346.412252
364.148361
381.113421
406.473211
427.311079
426.136391
452.922938
468.017961
481.720625
503.905812
525.531733
540.428017
557.440293
585.573838
604.841034
616.819851
629.726744
644.468094
659.714019
670.691195
678.862475
699.268617
712.340934
716.769184
719.213130
727.918885
737.394511
743.691632
747.928885
744.866311
736.913538
740.603086
746.934421
735.788647
744.141000
741.075870
728.931348
723.542357
723.252767
711.474605
700.265000
690.348023
683.371838
673.690866
659.678519
652.208904
650.871348
647.056248
649.033712
652.833523
661.345791
651.566447
661.175891
678.912705
682.652977
693.005316
689.493908
705.001045
726.614917
741.322333
750.562094
756.752041
766.458414
771.480953
771.911475
795.136925
789.712041
780.139327
785.411542
780.915564
780.105660
762.832908
748.583263
749.101286
754.484434
756.920023
741.718331
736.579232
744.599280
726.792613
719.457365
696.946105
691.230055
694.710113
696.376267
673.213325
668.215628
676.161105
675.698737
669.962540
669.058699
665.598495
661.696564
663.857508
656.347707
637.512425
632.710153
627.723511
630.617234
626.049179
627.422778
626.888643
625.746072
611.851632
602.479895
606.104186
597.710462
592.857744
590.791741
579.841876
558.975876
542.270383
544.036654
544.379186
532.536881
532.379523
525.224932
515.678701
503.080128
487.168684
479.859421
477.887015
467.300387
460.554932
462.543049
455.798559
449.846722
446.246019
433.246983
432.475989
435.631401
420.601053
419.859150
423.229857
401.903384
404.680658
396.835316
400.221104
395.019079
395.367194
398.437226
395.654808
394.885009
398.481741
402.341763
404.890400
402.344567
405.595075
397.249276
398.645028
389.403872
393.361237
388.794053
386.954610
385.177617
389.253887
396.961793
398.243932
395.788071
393.568570
387.157563
383.256143
388.223701
379.085758
363.641857
344.252049
348.762244
339.120447
338.130158
335.045075
333.099194
329.240519
319.370756
313.262017
313.597554
313.268293
308.672137
303.456009
297.481719
288.341444
287.215466
279.661322
277.623353
261.032211
250.330224
248.976166
243.878079
231.909075
226.554607
225.899038
221.435198
212.798731
204.202678
198.245233
193.961612
188.434241
181.857910
174.671863
171.496295
170.138548
