48.147868
52.049112
54.198656
47.490865
52.850597
53.400000
51.371063
51.156862
47.001068
50.971111
57.177326
59.291485
59.103565
54.959840
52.434422
55.896878
54.632838
57.792376
58.138994
58.242513
55.571085
59.808425
53.234943
60.847021
62.951080
59.249404
58.868844
62.237426
63.276175
66.018127
68.675069
65.229232
66.038450
69.082922
63.757448
66.418238
72.973289
71.648772
73.549081
67.392793
70.763251
78.097340
78.802171
74.855695
77.047392
77.794680
77.086015
80.842752
83.248347
83.447063
79.190268
85.413631
92.160473
87.753188
90.917821
95.225409
97.927220
100.368803
110.619739
117.345968
122.139680
126.763068
132.528226
141.182241
153.520737
168.758706
179.973530
187.987628
201.488864
227.794977
240.068198
255.749504
278.070011
305.613197
333.560124
358.950139
374.886402
402.224476
440.439346
478.204408
513.147090
549.241316
587.678297
612.605511
649.504542
672.047895
712.116053
755.391733
791.993684
824.639004
862.404128
882.750119
908.526323
928.921996
946.587295
963.160331
979.826938
1002.663816
1013.369643
1010.930000
1030.661921
1037.221071
1045.687218
1049.520414
1040.769286
1040.813785
1041.989925
1045.554962
1041.705714
1040.421921
1036.370038
1043.632387
1046.845395
1035.984211
1041.319474
1047.938064
1046.184595
1054.671541
1035.897119
1027.182838
1030.906015
1028.649397
1022.058647
1032.734398
1020.754398
1008.745782
997.449737
980.587023
967.756000
951.244776
924.647567
908.480688
899.652241
889.683947
869.678081
866.989286
862.743996
867.786746
837.878195
838.304761
837.816628
831.557034
817.385609
817.165102
831.141633
833.838553
819.704831
809.464002
814.464881
818.693556
807.403305
807.346113
801.707158
795.610911
787.257109
777.960248
764.484759
757.141808
748.402590
735.080556
717.440122
702.787013
689.310738
682.640857
684.801801
659.527669
647.605357
648.098917
633.809472
633.656998
635.068662
623.256164
619.436338
615.431056
614.404248
625.157280
618.520881
617.553737
617.840141
604.479761
606.276662
611.890139
608.215098
599.390635
598.003925
586.279328
573.173805
567.852226
562.037538
542.769667
537.587130
526.129737
520.067000
511.597895
496.928565
491.455135
490.688372
483.081173
481.040559
470.076015
463.023282
463.474463
438.479034
423.460458
402.724573
378.942895
364.353810
351.729961
337.476539
322.626895
308.278621
303.143509
300.067241
283.855519
270.243829
270.756494
276.268914
268.467601
267.577818
269.467363
270.109639
268.732810
271.262028
276.305327
291.709711
305.535250
325.572267
353.561015
381.838250
417.903147
464.727500
511.856153
577.797462
644.192220
739.757526
826.704041
912.498143
1025.713947
1131.904991
1239.116805
1320.026842
1418.615263
1521.640565
1607.826278
1685.482556
1767.352712
1853.518496
1941.604991
2045.218496
2140.437778
2259.951767
2338.706278
2473.253383
2604.749492
2731.702637
2838.226992
2952.973252
3093.415263
3202.047665
3322.437068
3452.129248
3572.343729
3696.962932
3824.502467
3986.334568
4123.965348
4237.461729
4336.124850
4439.888026
4527.657519
4631.515763
4729.888383
4821.602392
4885.209474
4943.789115
5013.297218
5054.586015
5067.655940
5095.175714
5130.458701
5138.324060
5143.861353
5170.892914
5142.676316
5129.987143
5117.821748
5136.108173
5114.838571
5080.211955
5013.688289
4933.670000
4868.555414
4796.038289
4736.017571
4693.932143
4659.500056
4653.296184
4643.628647
4634.813842
4678.171353
4710.773816
4743.912256
4803.727910
4871.970338
4964.547293
5017.737895
5077.241447
5180.487444
5282.330226
5363.211921
5464.201823
5568.622712
5640.470226
5719.510395
5779.195235
5827.628759
5861.870414
5900.057632
5896.773729
5895.508195
5908.173628
5891.385000
5844.590263
5832.631356
5801.967350
5767.571544
5710.268872
5658.913107
5634.880526
5569.945564
5532.085235
5512.246391
5500.388759
5456.189549
5411.118776
5383.596805
5344.417857
5314.857895
5306.166974
5302.220847
5270.553083
5255.692279
5228.598026
5194.170753
5188.219925
5179.681147
5144.294068
5097.181278
5118.853089
5104.720714
5048.580169
5024.546504
5018.485254
4997.139211
4932.991053
4916.862768
4875.056410
4827.262128
4760.033045
4706.550207
4660.269812
4593.400602
4537.068271
4448.933289
4385.675932
4307.255902
4243.127910
4144.227538
4098.704539
4064.732105
3999.359342
3936.846177
3863.432331
3853.782712
3826.021898
3776.900169
3747.859323
3698.815526
3635.644004
3612.853195
3592.868701
3573.303139
3544.623083
3500.710075
3477.097345
3439.037763
3402.931316
3382.958795
3375.551898
3355.562750
3361.128872
3374.426365
3362.761485
3361.010714
3369.701504
3352.210677
3355.667269
3366.736391
3346.003891
3365.064689
3368.742669
3354.637368
3369.246053
3391.026780
3385.939098
3380.216184
3365.760226
3357.159925
3347.660714
3325.602951
3299.897119
3264.892857
3219.905537
3196.624023
3157.522857
3130.046045
3054.316184
3034.789605
2964.244737
2942.859284
2907.155432
2877.622594
2823.338158
2789.579004
2746.952392
2713.656842
2678.400866
2622.319756
2589.377156
2529.732556
2455.745808
2411.453051
2371.503383
2311.284737
2236.977237
2196.793974
2139.994248
2076.226128
1997.451955
1959.354511
1901.481977
1833.854342
1779.119379
1724.864060
1682.956422
1648.514023
1601.315263
1556.019699
1516.047538
1460.286780
