98.593047
99.758593
99.422198
96.298182
96.377888
96.581110
101.503159
99.262139
98.110378
98.265227
99.244282
103.270674
107.838147
110.526045
113.184286
113.411299
110.887539
115.332237
116.239921
114.187124
118.549635
119.205489
119.901674
122.610509
119.120864
121.550714
125.356891
127.288055
130.776263
133.509068
135.359695
140.058448
144.338447
144.907034
139.454019
139.614444
145.041879
144.662547
146.282631
151.313071
149.210013
154.932874
157.799429
168.642316
169.719047
168.282250
171.576102
173.932516
179.751434
179.782121
177.713105
187.130821
197.105723
208.060530
208.086629
217.781979
233.435904
239.931737
249.643929
263.456814
283.711534
305.835085
325.056964
349.324128
378.370579
410.458827
458.573558
494.304711
540.776354
592.312481
648.324322
709.587248
774.021277
858.363214
928.896549
1015.601962
1110.120019
1194.864426
1287.611955
1399.112293
1514.558644
1629.626842
1746.012406
1862.719850
2003.167213
2132.368872
2243.924831
2387.189699
2508.531241
2604.543797
2729.170338
2854.749153
2919.355564
2995.322411
3092.029492
3169.187030
3222.859435
3272.690921
3322.340357
3361.850677
3402.075254
3408.779643
3449.366805
3471.367068
3455.656071
3458.229605
3512.895188
3505.503158
3503.024737
3524.812147
3539.852256
3542.587594
3533.591711
3526.358421
3530.309398
3520.972782
3528.958305
3536.469511
3523.300169
3510.841974
3508.019023
3520.034633
3503.436880
3502.097688
3490.718158
3460.671431
3431.601447
3403.754060
3370.674737
3305.588421
3222.186045
3175.258233
3126.093540
3078.965451
3034.108719
2998.707970
2986.420902
2926.611921
2908.645226
2900.025019
2891.990113
2861.032693
2825.725338
2811.317444
2816.679623
2822.397368
2809.416780
2795.758214
2817.937119
2825.605639
2801.062575
2809.791297
2788.448271
2779.502335
2749.692895
2726.939173
2708.989549
2640.015989
2589.667782
2567.477594
2530.007250
2479.198947
2433.976252
2393.762857
2353.660094
2296.735921
2252.632143
2247.503158
2208.656579
2173.460075
2146.741579
2122.936917
2110.002049
2076.701544
2062.365263
2070.327162
2058.603729
2032.580526
2021.434859
2022.506015
2021.003534
2017.149211
2008.432632
1993.016184
1979.940226
1954.811073
1900.151259
1873.593910
1874.059023
1824.107105
1791.788440
1754.116015
1706.779474
1670.100789
1646.373390
1616.712105
1571.100714
1531.260620
1516.694727
1493.582632
1446.236974
1411.916139
1358.974774
1313.522034
1249.167801
1183.486617
1115.907363
1052.626861
999.353039
955.213289
907.406895
862.487515
831.380534
802.337128
772.343508
747.533156
715.308207
718.911744
703.383949
711.560156
706.611602
704.804058
702.425537
738.302538
765.193763
796.071000
844.008284
924.731609
1027.821786
1136.485545
1279.430714
1458.668305
1661.665263
1911.414915
2215.809173
2522.267646
2873.713440
3239.354286
3630.464313
4047.217838
4457.431711
4851.147895
5257.334124
5646.127688
6004.871767
6358.113804
6720.086090
7093.594539
7450.559549
7829.033333
8202.077782
8598.772707
9059.451391
9517.588102
9950.329680
10497.682707
11005.945677
11505.778947
12024.693032
12487.620301
12968.276504
13498.337288
14019.400752
14519.482109
14956.637970
15468.466290
15978.719173
16445.730263
16866.283459
17368.169925
17787.247458
18175.241353
18518.349718
18880.597368
19203.041431
19436.643421
19659.698496
19879.977444
19987.531203
20024.831073
20158.842857
20259.561090
20240.087970
20289.506015
20349.071429
20245.868985
20257.606968
20210.664286
20045.684586
19869.714474
19707.900000
19574.666917
19392.638910
19159.170056
18942.394737
18765.276836
18651.556015
18606.167669
18527.655367
18564.667293
18657.596992
18756.386090
18948.300565
19164.720113
19368.689474
19672.126316
19968.181579
20235.346992
20535.237970
20871.535028
21170.428947
21454.990772
21805.319549
22143.273684
22397.241243
22584.084586
22691.824436
22803.070865
22949.071186
22902.166165
22861.687218
22817.340789
22765.602632
22662.758757
22537.086842
22384.230320
22239.728571
22083.250847
21878.182895
21687.765414
21518.393974
21375.403383
21230.093233
20988.453383
20858.707533
20807.165977
20671.962782
20602.221053
20508.788158
20415.044256
20337.260150
20267.131450
20209.509211
20155.444821
20080.832331
19970.709586
19870.881356
19851.428571
19763.963089
19646.985714
19549.690395
19469.676692
19282.958569
19139.840789
19097.400000
18947.251412
18756.141729
18612.081544
18414.614286
18182.920339
17954.793233
17707.097744
17475.403759
17245.079699
16991.515819
16689.042105
16524.348588
16258.773308
15991.143503
15770.178947
15534.023684
15280.221469
15099.346241
14896.203390
14732.818421
14590.208475
14403.671429
14213.767669
14054.603947
13915.889474
13789.296234
13621.025000
13489.424060
13299.024812
13221.048023
13151.572368
13080.328947
12973.147646
12915.184586
12868.820904
12825.353383
12773.338041
12767.515414
12775.138722
12768.312782
12820.276504
12848.434652
12833.417293
12818.912406
12763.495480
12758.096241
12736.105263
12748.351316
12748.457627
12791.987218
12792.110338
12818.466729
12846.719549
12792.592857
12728.204887
12710.844444
12641.828571
12502.355932
12386.264662
12200.878571
12058.181168
11858.000000
11662.150000
11534.010526
11401.934275
11250.059023
11047.638346
10878.948496
10742.916165
10603.725612
10493.029323
10386.476083
10247.880639
10098.142938
9911.681617
9755.166654
9599.225424
9376.947218
9198.208421
9028.938816
8801.643522
8611.395113
8377.404887
8149.321823
7924.256541
7707.409661
7500.949023
7284.918644
7071.676015
6874.212542
6668.866429
6482.167368
6303.154237
6112.490508
5929.521808
