181.881737
186.823460
191.296513
203.783015
203.844136
217.852414
226.163169
236.970135
243.364362
265.227258
279.097771
285.846352
300.490374
319.859808
333.494880
347.734136
370.746421
390.468421
411.274962
423.144265
449.844539
467.176594
479.973427
504.767109
513.323096
526.901917
551.559592
568.333318
577.629744
598.771495
630.125603
650.174292
660.670711
685.269983
721.494992
733.923150
757.311102
773.126325
817.589945
831.331500
835.475028
854.637122
877.577857
887.656015
900.435094
921.317490
933.992695
941.167823
956.111763
969.690834
991.269827
1028.298778
1062.034294
1090.156805
1146.869793
1188.179962
1223.139868
1273.258647
1323.584962
1374.027439
1419.137368
1490.856610
1570.352350
1638.074962
1717.939474
1802.908136
1885.381974
1972.866504
2088.116422
2195.251090
2306.637401
2416.344135
2509.189661
2628.315150
2742.056241
2880.772594
3000.789436
3117.229510
3272.084286
3429.179568
3585.532881
3772.940263
3930.801053
4102.908628
4296.876252
4442.216466
4627.565451
4801.171504
4955.572857
5106.142218
5264.606297
5431.620508
5531.387744
5631.058757
5727.106429
5788.252368
5843.992731
5889.400000
5902.596429
5948.630752
6002.458192
6039.176429
6056.170301
6045.833722
6055.386429
6077.165782
6029.203308
6015.729774
6055.522237
6061.841073
6040.235752
6033.012744
6040.471842
6039.377895
6041.653383
6076.590583
6104.696271
6127.648872
6138.520678
6189.654455
6202.246842
6245.924256
6267.716485
6354.667049
6385.609699
6412.775669
6391.393139
6342.103083
6299.384737
6244.864079
6168.805857
6114.830865
6103.664369
6015.462180
5957.025122
5959.903083
5920.834023
5925.393842
5941.143496
5928.141786
5926.966278
5901.315763
5854.820301
5841.424906
5840.045650
5841.718158
5848.916610
5853.896880
5885.363220
5880.184436
5863.363402
5839.773177
5816.521466
5831.641733
5792.164756
5735.595038
5709.495038
5634.699209
5586.363308
5574.483609
5542.817439
5489.428026
5441.059812
5411.975714
5407.260263
5392.751504
5364.099286
5337.976654
5324.413402
5349.261864
5318.538947
5324.170395
5311.663628
5281.385687
5271.457669
5267.886504
5262.148305
5286.783684
5329.967156
5345.832180
5353.871504
5387.269248
5391.234079
5397.819342
5449.153835
5427.653616
5396.140338
5393.694925
5431.812293
5456.789718
5496.482500
5545.463008
5592.937895
5642.841711
5681.553164
5702.246805
5738.298496
5794.249756
5814.291450
5828.579925
5815.683778
5747.805367
5721.973910
5683.251186
5612.511259
5555.575188
5472.917834
5402.566523
5341.355526
5289.437895
5213.880546
5164.588102
5141.360827
5084.832707
5065.350658
5029.814135
5003.709662
5026.285951
5068.770883
5063.544501
5093.322030
5162.756748
5224.413955
5287.545602
5340.851842
5446.665000
5568.572599
5680.212331
5792.434643
5913.139549
6070.237632
6258.940678
6463.715883
6683.502034
6925.953008
7177.858192
7407.261184
7631.706391
7908.970113
8135.514173
8431.339474
8729.571053
8948.750113
9173.068628
9444.221692
9690.001582
9923.120620
10245.045198
10624.532331
11031.377778
11430.331203
11842.362782
12341.218797
12872.604511
13382.299058
13935.121053
14466.810526
14993.094737
15504.073823
16002.852256
16552.311466
17157.732203
17752.365414
18325.368927
18927.567105
19522.922222
20035.406391
20568.040226
21063.531955
21464.968421
21921.246893
22357.431579
22674.066102
23047.055263
23396.426365
23589.898120
23722.466917
23901.777444
24060.506767
24120.415254
24158.660902
24227.961466
24268.094361
24298.828571
24269.985714
24226.656203
24144.808286
23985.500000
23729.224060
23475.963158
23155.000000
22844.109023
22550.334211
22271.419774
22008.315789
21807.576460
21745.357331
21728.636090
21778.633898
21958.667669
22103.589286
22209.496241
22462.524482
22768.669173
23134.251128
23531.563158
23899.155263
24339.640977
24807.994737
25129.590960
25517.156955
25981.459322
26269.881203
26568.266353
26831.430320
27089.239098
27227.272180
27206.149812
27302.849153
27329.133835
27271.245489
27130.667105
26930.321053
26747.723540
26547.426880
26390.741055
26268.293985
26034.655367
25761.756015
25578.848872
25308.889266
25129.923308
25009.054135
24815.064662
24683.744633
24544.062218
24527.428571
24391.381579
24262.175000
24128.267608
24010.193233
23958.136911
23850.671429
23707.939548
23624.166541
23555.809398
23475.832203
23379.469925
23320.744444
23178.175000
23057.696422
22975.105639
22721.079284
22640.839474
22455.131579
22244.689266
21972.150564
21750.240490
21505.674436
21230.765160
20951.159962
20629.707519
20312.983459
19996.915602
19659.808475
19364.250376
19010.322599
18747.769925
18516.853861
18242.752632
17999.153947
17706.859134
17457.359398
17255.781356
17079.987030
16895.481356
16707.048872
16519.872556
16297.331955
16113.835714
16069.659510
15859.772932
15691.114286
15497.438346
15301.485876
15237.869737
15115.871053
15021.325047
14936.375000
14924.566478
14939.500000
14902.858945
14888.904135
14924.252632
14912.648872
14869.914662
14883.323917
14867.294737
14882.626128
14858.403955
14857.849624
14776.213158
14784.859211
14831.113559
14853.601504
14859.835902
14773.659398
14734.556767
14679.192857
14535.765038
14390.420904
14251.242857
14094.477401
13971.781579
13812.342857
13577.783804
13389.741165
13202.444737
13007.515789
12818.570998
12671.837970
12512.820677
12340.601880
12169.795301
12016.198682
11849.191729
11656.836911
11445.729323
11220.589831
11012.901128
10773.811278
10521.608475
10254.008271
10031.068421
9759.753553
9493.475348
9271.411917
8976.605564
8700.068722
8507.757068
8257.546780
8005.988872
7768.065085
7532.093571
7329.314972
7104.089417
6933.759398
6709.165160
6561.698929
6389.481695
