88.090500
91.629890
96.120423
94.741148
96.744869
107.086289
107.861983
102.465406
109.976708
115.787139
123.513041
129.535337
133.505645
137.799616
143.290376
152.407113
160.118474
161.691000
165.482259
174.666868
178.047876
189.092301
193.181409
206.488391
200.033718
204.640008
214.344220
219.376109
226.866346
231.371292
233.320389
243.888955
251.143184
254.423831
272.092633
279.421677
282.764808
285.302752
292.308653
302.148643
306.160070
318.268983
323.265714
322.632549
323.415853
326.437906
325.606132
330.316812
344.835697
347.698181
357.006098
372.956090
383.247068
398.020977
402.665879
426.399258
440.145431
463.601421
479.322635
498.730394
513.358936
527.489763
556.441641
594.992429
622.696053
643.068842
674.191075
703.712556
744.706226
782.164254
831.983893
864.856759
897.335226
946.126461
993.927959
1034.494662
1080.908120
1129.087194
1179.784962
1232.455207
1288.606949
1350.336053
1409.162331
1477.750414
1539.931055
1601.465414
1662.781617
1713.009812
1791.681541
1873.729549
1913.252632
1962.895424
2019.564211
2052.148776
2071.272575
2104.471579
2140.035593
2161.400263
2172.812857
2173.264737
2203.792599
2219.808571
2222.919511
2242.276880
2236.387500
2221.064369
2214.721729
2213.941955
2224.852124
2232.633842
2240.784436
2237.602932
2237.319342
2255.465263
2258.149098
2245.823139
2260.432994
2262.540602
2256.595593
2257.507669
2299.504737
2331.962335
2347.585658
2344.869211
2365.357218
2383.641977
2383.842049
2356.695865
2349.662632
2352.851316
2319.177156
2286.233346
2267.732881
2269.518008
2236.110942
2229.959925
2213.456523
2233.544237
2229.128045
2239.421786
2225.860395
2208.445895
2193.587519
2210.413083
2220.858098
2208.530263
2208.785593
2215.657143
2214.147458
2235.010752
2262.916598
2239.445620
2243.708008
2251.578682
2247.812744
2218.278947
2193.175940
2182.392599
2161.050432
2154.474850
2153.641620
2152.503947
2148.149040
2125.562857
2099.565395
2096.047838
2106.394286
2109.380414
2095.641560
2089.668983
2104.395639
2109.145357
2103.240921
2098.312825
2090.998195
2099.165771
2104.208136
2089.791579
2090.076083
2110.622857
2108.240940
2098.249398
2106.697406
2087.543647
2106.642256
2091.609322
2108.028158
2107.746880
2103.603947
2082.666579
2101.011203
2119.155714
2122.736316
2144.400263
2145.777740
2129.756767
2148.893308
2180.888647
2206.414369
2199.431805
2200.153966
2195.537194
2188.339774
2157.838136
2117.061729
2106.687368
2074.440377
2044.342594
2018.076579
2001.225526
1991.256911
1968.005338
1945.921128
1940.790752
1920.191711
1907.460545
1911.865564
1903.696911
1932.831692
1953.127589
1944.920150
1939.831748
1970.090678
2026.030414
2056.455263
2095.677500
2140.251262
2180.151278
2227.421786
2294.630038
2384.868684
2472.077797
2543.515677
2616.647119
2732.771203
2838.844878
2940.804812
3040.820977
3176.908041
3268.758346
3349.225263
3458.774737
3575.833390
3670.325940
3762.294737
3872.002844
3976.170244
4087.764783
4253.554586
4389.884444
4535.364211
4723.045902
4903.175752
5102.998891
5295.101394
5505.033383
5734.991372
5912.158421
6100.507589
6297.444286
6528.826692
6758.449153
6953.367293
7190.052505
7419.409850
7653.804501
7859.000526
8060.859079
8239.351297
8436.175414
8637.415819
8776.343459
8928.097571
9069.612895
9183.504689
9268.759981
9337.841729
9391.690226
9426.060752
9454.447345
9493.973722
9543.983064
9552.680789
9534.559474
9541.178571
9483.224511
9449.450019
9460.937857
9391.651805
9240.827500
9125.900000
9016.385338
8885.670620
8751.038286
8649.557105
8610.144576
8602.151259
8592.483233
8603.229718
8602.133929
8709.256203
8763.587293
8879.496290
8995.456278
9120.029925
9241.065789
9395.408289
9593.021372
9777.038120
9963.322599
10142.834398
10290.144068
10439.606767
10592.293233
10714.870998
10823.960526
10870.192857
10916.999812
10944.284746
10876.611278
10867.410338
10896.239474
10858.223684
10793.287571
10693.832331
10615.110169
10573.252632
10511.409040
10428.924812
10348.392481
10236.198493
10140.391729
10108.190789
10028.055639
9968.420678
9989.133553
9901.850414
9879.946842
9817.825000
9756.921695
9720.009173
9699.536535
9674.576617
9647.538305
9628.450038
9582.112162
9504.232542
9474.608195
9436.387910
9414.992143
9391.979981
9336.407293
9300.424501
9186.728026
9184.024211
9097.519887
9003.497744
8899.560847
8820.869850
8713.346328
8577.305508
8454.342180
8298.127820
8188.015338
8102.924746
7968.254925
7823.221582
7686.032932
7607.294689
7526.354211
7404.560395
7323.796347
7228.261429
7135.211525
7074.688741
6984.213559
6906.988271
6846.384436
6758.909624
6729.670714
6671.335009
6573.329474
6541.310075
6457.318271
6397.979661
6366.532368
6305.488684
6297.169981
6269.656109
6250.546930
6220.191053
6211.652957
6242.236466
6230.824436
6183.774361
6187.352801
6189.697439
6194.249398
6188.812030
6161.399510
6197.526654
6173.258684
6201.328421
6181.178814
6190.701805
6194.816654
6205.116297
6193.238910
6160.536429
6124.949135
6075.861243
6011.365714
5945.088927
5874.343910
5802.311429
5729.080866
5654.525752
5544.377632
5471.532632
5426.697608
5379.624117
5320.947932
5240.046015
5160.389192
5088.156798
5009.643459
4925.310019
4854.628139
4769.158493
4636.917632
4569.664737
4425.390169
4305.510376
4277.814737
4148.890526
4017.041111
3920.263271
3839.875545
3724.585207
3608.652782
3511.235763
3401.767989
3291.837853
3206.316842
3125.288154
3037.844925
2954.261128
2864.649567
2795.835602
2702.625311
