100.863821
107.841461
106.075724
97.998367
113.252169
113.350534
115.567305
128.550932
125.194895
127.242220
133.218492
141.347989
144.657703
147.208102
154.096256
159.082198
166.519408
172.645737
180.304207
183.387190
197.836861
204.035925
203.898326
210.651976
213.861548
218.844989
230.823820
236.370195
243.179647
251.246723
258.409957
268.070437
274.096895
280.721949
284.496169
302.356820
303.815185
319.824842
315.198045
326.536929
331.002900
342.633338
351.992857
351.939421
357.823618
367.488902
368.206132
370.426315
377.813342
378.454375
395.132872
408.663389
425.199949
427.528906
444.425742
461.656517
483.436034
503.549511
516.546162
535.912670
563.658158
588.731576
611.585190
637.562489
670.874474
711.466605
746.657415
786.488838
823.177616
853.294440
908.505503
968.439511
990.843023
1050.013797
1090.251880
1131.094925
1181.284944
1220.321714
1282.795865
1362.478120
1424.535593
1483.143421
1546.775301
1624.788703
1680.073126
1752.598797
1816.646617
1897.781429
1980.078421
2054.585188
2104.606109
2159.780000
2190.095113
2234.971431
2283.795639
2319.563609
2343.750960
2365.779211
2404.862857
2433.635564
2446.311582
2456.950714
2475.933233
2461.396090
2465.850714
2471.773653
2430.964887
2464.861429
2465.653590
2453.046328
2454.389624
2465.131090
2472.085789
2476.980000
2487.483459
2485.729812
2482.693446
2498.724549
2495.344746
2513.799586
2529.667519
2565.532580
2593.536335
2589.205695
2605.968722
2630.159171
2640.972669
2623.270301
2598.440000
2582.187763
2557.429058
2522.541466
2502.452203
2504.581673
2483.809586
2480.248947
2467.949361
2456.487458
2448.527669
2451.079643
2453.665338
2444.248060
2429.987519
2429.398158
2434.586930
2436.088684
2439.947966
2443.453120
2450.448644
2473.400376
2461.022124
2461.070414
2470.734962
2453.459153
2463.024342
2437.503759
2400.861654
2416.221073
2405.138120
2371.646842
2355.259153
2350.527368
2336.546347
2326.818571
2327.223722
2307.041748
2308.208571
2307.451128
2290.103872
2301.344501
2305.333383
2306.255019
2310.679680
2288.247213
2284.385752
2290.113496
2301.159153
2299.040000
2305.468230
2314.862293
2306.513684
2331.357857
2325.793346
2314.731034
2320.645113
2321.835650
2309.254887
2311.244624
2306.640301
2303.424023
2328.637312
2323.471654
2328.268421
2344.497895
2356.974463
2380.466692
2404.686560
2408.987350
2419.493427
2426.679774
2417.050865
2409.529623
2402.120113
2381.982542
2367.958966
2341.560677
2293.169303
2275.166090
2242.982368
2217.603947
2193.507947
2171.366316
2157.355113
2132.879248
2116.219455
2107.642105
2105.092632
2104.649021
2114.812519
2134.232750
2130.250226
2158.653421
2194.715367
2220.923759
2257.228947
2299.360000
2368.197853
2435.748195
2474.732857
2525.160602
2614.982218
2719.349661
2816.539455
2894.797288
3009.506316
3120.712994
3222.139098
3338.408233
3460.310395
3592.723289
3691.600789
3792.913684
3909.024915
4031.262086
4147.852256
4251.739058
4361.614229
4499.168569
4655.252481
4825.668889
5009.007594
5170.706203
5404.890714
5631.133026
5821.758795
6038.611729
6275.597425
6518.652763
6731.673672
6944.699323
7183.284154
7421.080000
7656.927068
7924.691996
8209.522932
8474.091394
8717.003008
8877.959192
9054.515996
9300.027970
9506.815650
9674.322876
9814.552128
9952.870526
10102.433145
10259.530451
10307.232331
10320.073684
10401.145865
10461.313559
10476.078947
10460.352068
10507.468797
10553.287218
10532.242857
10510.518985
10441.162712
10413.228571
10300.451316
10154.450000
9998.490000
9873.348647
9769.425508
9660.339492
9546.431203
9491.793653
9500.263421
9436.209699
9419.850282
9493.350056
9598.096015
9693.854211
9801.949322
9944.701748
10090.917293
10213.415789
10386.547368
10593.442105
10741.360150
10900.450282
11130.408647
11358.934840
11533.063158
11670.628759
11764.914124
11841.342857
11949.428947
12008.189850
12012.150847
12037.764662
11987.881955
11935.657895
11896.113158
11850.334275
11780.187594
11698.319397
11630.615789
11551.298305
11441.608647
11340.667669
11251.081168
11166.860150
11122.534962
11062.668421
11038.143315
10952.653759
10865.746617
10855.763158
10786.086842
10747.368173
10711.111278
10663.835405
10651.590414
10644.774576
10596.022180
10531.691729
10485.383051
10442.060902
10401.148023
10398.153571
10308.178531
10303.097744
10237.216196
10152.609211
10100.736842
10016.450847
9917.007594
9793.956855
9694.330376
9572.154859
9433.489380
9309.732030
9151.432707
9019.530395
8876.780847
8739.286504
8549.834124
8516.801523
8417.117024
8293.608421
8156.914868
8046.036648
7938.446654
7830.286610
7737.485207
7651.155254
7591.830827
7522.092462
7427.951898
7392.195263
7312.639209
7218.719004
7168.655639
7110.868496
7034.439492
6947.326184
6938.562895
6884.404520
6860.692538
6866.188512
6840.476241
6822.103051
6835.166410
6856.452143
6855.946617
6825.738139
6821.152185
6839.511053
6822.529417
6804.189096
6794.929173
6815.378421
6811.758289
6829.533220
6864.144812
6834.851485
6817.869981
6822.955376
6796.066429
6739.669643
6679.790621
6621.132857
6559.537232
6483.060940
6430.590714
6326.407194
6230.321165
6087.770132
6016.995263
5963.599303
5873.223590
5792.945639
5731.080263
5675.119530
5607.270056
5497.323308
5390.190282
5316.086917
5224.595556
5124.897068
5011.749568
4904.840339
4764.701579
4699.962632
4566.263684
4416.223503
4317.572481
4224.705000
4090.076053
3981.251805
3871.926723
3735.849455
3620.817232
3536.979624
3446.967006
3342.181523
3227.711654
3178.535612
3087.916090
2968.041130
