145.846053
152.441461
153.679915
159.242406
148.187593
164.312979
157.408271
164.114647
165.676008
179.460212
180.086346
178.944716
188.249733
199.776751
208.886233
212.885000
216.673013
233.388921
242.177342
266.090368
275.449832
280.499707
295.831222
296.205560
300.029887
319.041583
327.941912
339.608385
341.846714
345.968490
367.443098
386.013444
394.511474
399.665203
410.820530
425.480977
430.005923
436.091603
448.550508
472.131929
475.098145
498.173231
506.067571
508.623466
520.183825
525.877904
523.992695
536.221981
557.932605
572.890220
600.047782
623.219517
663.931056
682.423470
721.709292
767.947393
815.072444
867.663211
922.448299
990.227951
1062.453383
1147.445593
1244.032481
1348.093459
1458.810000
1581.538719
1741.659267
1895.640714
2025.157081
2190.558383
2393.730169
2579.269474
2809.284859
3004.154173
3230.625677
3446.875000
3690.776297
3957.407081
4236.205639
4532.627669
4825.164802
5106.095526
5408.238722
5717.013102
6036.673748
6385.793835
6653.812575
6995.415470
7281.897970
7598.462368
7853.162707
8071.627119
8264.422406
8427.201243
8596.725714
8765.901353
8884.066422
8988.794342
9123.637857
9196.226767
9260.379379
9315.021786
9301.182820
9334.502293
9359.937143
9311.881055
9311.115564
9364.369850
9364.641560
9369.616271
9392.092970
9411.699229
9399.828947
9396.390526
9444.764436
9474.790564
9517.879831
9530.466654
9538.762034
9571.197688
9651.166165
9735.054727
9738.711090
9797.382519
9835.226165
9853.246855
9831.740075
9739.845865
9590.624211
9414.509474
9254.943258
9160.085977
9077.611582
8949.116767
8897.887834
8788.496466
8764.340714
8761.194915
8729.638722
8699.528722
8663.803872
8647.887382
8637.942105
8642.348741
8623.802693
8636.354211
8659.277119
8639.424756
8696.854068
8670.969774
8663.408064
8661.873553
8654.179098
8571.454143
8533.883628
8477.115940
8362.448271
8229.253107
8118.942425
8023.068008
7934.117382
7838.399211
7744.205537
7639.091429
7510.057068
7427.137444
7328.039286
7281.037331
7209.355733
7180.072053
7139.895865
7084.617989
7037.117970
6974.645443
6939.361466
6934.054812
6908.155932
6907.476842
6945.231205
6973.374267
6973.186617
6950.814812
6952.894718
6894.540921
6855.934812
6801.491751
6739.619417
6659.770489
6598.383346
6496.447857
6460.859737
6410.804361
6290.484211
6214.589868
6169.429379
6090.996692
6039.364699
6014.064305
5931.045631
5870.855564
5776.929962
5606.898531
5420.422707
5200.958136
4952.591466
4721.190827
4504.410753
4281.644624
4074.201579
3913.131842
3752.831318
3604.682707
3490.168346
3375.175789
3292.216936
3239.598835
3173.725977
3150.193635
3111.849605
3087.795141
3077.570226
3118.421711
3154.623390
3245.969323
3348.283421
3490.882500
3673.539548
3951.535338
4324.982143
4738.984868
5240.331579
5843.134576
6523.613459
7241.514068
8046.287970
8873.805650
9728.095902
10539.095865
11340.642750
12108.322744
12858.285526
13559.705263
14179.412994
14766.045113
15343.864286
15890.924482
16388.271053
16862.329755
17436.198496
18037.955556
18674.551316
19438.504887
20131.146241
20838.077256
21733.078343
22551.415038
23285.428947
23985.196053
24660.703578
25310.001128
26011.581955
26727.676271
27415.063158
28133.301695
28822.666353
29635.128437
30385.179323
30958.634586
31447.389098
31965.809023
32507.041808
33057.529135
33438.489642
33780.568421
34066.354614
34251.427068
34466.038346
34607.389474
34630.323308
34659.585311
34625.733835
34670.461090
34642.029699
34623.631579
34548.828571
34395.922556
34279.117326
34044.250000
33730.760338
33351.198684
32911.200000
32473.875940
32055.775564
31634.139736
31300.814286
31081.636723
30889.799060
30800.169925
30755.627119
30949.562030
30960.026692
31297.762406
31608.958380
32127.784962
32593.066917
33081.094737
33693.551316
34333.860150
34922.408271
35457.908475
36078.952820
36695.075141
37131.750376
37597.057519
38050.055367
38300.660902
38444.927444
38657.639286
38909.125424
38706.507519
38683.870301
38506.869737
38278.621053
38037.002260
37770.358647
37478.402448
37221.324812
36968.455932
36647.856203
36337.108271
36100.703766
35851.875000
35504.611842
35346.623308
35080.294539
34879.979323
34605.789850
34586.594737
34411.913158
34258.031073
34152.936090
34052.770433
34024.800940
33948.583804
33793.292481
33666.562030
33527.161017
33477.387218
33292.273070
33162.732143
32988.726365
32736.033459
32567.515443
32444.052632
32136.742105
31793.283616
31556.317669
31236.587759
30837.438346
30434.530508
30004.232331
29539.559398
29105.033083
28731.731579
28274.213559
27885.818045
27474.253672
27043.635526
26623.461205
26238.763158
25901.740789
25623.492467
25325.281579
24996.564407
24651.156767
24395.701695
24135.769173
23842.749624
23630.598496
23395.887970
23148.258004
22867.277632
22627.981203
22405.327068
22150.060452
21979.809211
21891.186842
21795.586064
21753.099436
21697.395857
21694.509023
21733.051036
21756.065977
21757.525188
21773.631203
21829.712782
21875.308475
21859.509774
21701.634023
21717.970621
21688.176316
21654.410526
21722.756579
21750.661017
21758.473684
21814.580827
21796.277820
21752.656767
21657.135714
21536.420489
21404.886817
21175.914286
20893.775141
20597.068045
20300.600000
20043.690584
19745.746241
19497.203947
19272.731579
18976.290960
18689.177820
18474.345489
18206.363158
17974.620301
17752.763465
17493.926316
17237.883051
16996.542481
16732.112806
16437.723684
16159.893421
15818.516949
15511.520301
15209.052632
14759.269737
14396.468550
14019.338346
13662.472556
13259.117105
12869.356391
12477.207910
12143.018233
11842.438418
11495.590226
11156.028814
10860.084398
10551.446617
10303.670056
9984.504323
9732.585876
