109.788263
112.683173
106.235179
108.675665
110.060102
113.260566
119.348390
114.908970
118.322925
120.995878
120.676056
114.885712
120.134327
125.465853
121.530038
126.181305
127.287895
130.521053
129.623271
132.991744
146.326569
146.198895
141.816156
146.257536
144.378407
147.844989
152.210756
150.160009
155.195767
160.319149
157.486248
159.904533
165.714658
164.478763
160.780286
173.954684
177.793674
171.988310
185.272505
186.183786
199.374761
195.450921
198.857857
210.102398
210.063400
208.695341
209.460233
212.976584
225.680711
229.193849
233.336932
238.848494
246.455497
260.116575
262.947356
262.345994
301.072970
316.160083
330.607479
348.984970
371.832959
399.167237
431.204538
466.671195
501.175421
540.774345
593.990938
641.150805
687.491081
757.092985
816.263006
907.589511
973.993000
1040.571203
1143.930827
1238.594398
1330.606786
1446.707627
1565.309774
1674.448947
1786.854463
1913.635789
2048.872594
2150.727613
2276.888832
2418.487519
2544.394117
2690.606241
2789.461203
2934.661053
3027.048383
3141.629831
3265.661729
3338.921224
3425.768778
3497.955902
3535.150923
3596.498816
3662.410000
3722.238195
3733.912768
3759.579286
3766.808534
3815.069662
3823.656786
3825.647495
3841.891053
3824.009248
3843.259098
3853.755198
3868.585564
3864.424117
3860.642368
3881.162632
3883.402632
3891.801165
3910.863898
3926.237444
3914.550000
3935.984305
3956.034511
3957.549360
3981.177180
3994.920602
3983.236278
3981.297439
3976.407575
3961.839549
3909.707368
3845.085921
3800.963540
3752.849586
3742.930188
3716.174286
3663.384821
3594.071128
3567.643665
3550.941186
3541.218609
3544.947425
3496.785056
3481.285292
3486.388045
3473.478647
3455.404708
3446.418947
3442.056102
3447.726711
3464.138475
3472.231880
3466.277274
3452.473835
3437.531165
3445.501337
3414.775977
3402.086316
3349.886316
3319.466893
3278.126053
3221.933195
3196.630753
3179.593158
3117.952806
3050.334286
3029.403703
2989.898195
2922.376429
2872.245526
2845.661071
2817.271036
2782.668195
2776.485545
2717.200132
2717.104444
2719.282105
2687.169906
2685.105763
2670.027368
2636.624915
2638.680282
2656.854323
2657.777820
2628.120282
2634.751147
2611.012632
2610.849322
2574.208120
2555.361203
2513.780564
2443.967462
2406.989455
2376.835789
2342.003684
2313.835000
2297.042034
2265.392594
2215.253346
2180.779211
2146.443164
2103.362105
2040.432350
1983.800038
1927.170714
1844.770847
1766.861579
1692.377594
1591.842354
1515.749568
1429.336974
1347.598421
1281.255122
1211.958346
1156.873835
1117.635940
1058.936259
1034.609380
1005.162143
984.379328
982.232312
969.010036
971.522654
973.430902
984.838808
1015.965823
1061.096053
1103.805000
1167.612976
1267.956466
1381.441071
1518.363853
1716.318647
1941.510508
2191.975357
2497.159831
2835.439624
3183.012863
3556.030977
3944.311504
4288.107872
4697.760846
5072.330263
5446.636316
5854.471921
6206.476880
6507.052820
6814.117872
7111.111861
7401.563277
7700.395263
8025.930000
8339.801729
8675.068233
9023.743947
9415.684868
9783.689284
10161.560902
10545.068985
10971.448684
11375.603955
11708.365414
12044.221053
12421.781356
12800.592481
13161.219586
13521.071805
13926.963653
14189.599624
14525.893797
14874.603759
15164.630075
15472.401130
15730.328571
15943.422599
16182.302632
16356.940490
16509.380827
16682.337594
16839.515038
16919.701316
16903.541243
16883.077820
16926.876880
16919.285902
16947.480451
16944.914286
16965.390602
16859.547081
16811.014286
16673.355075
16530.071053
16405.800000
16265.132331
16098.130827
15901.855179
15694.983835
15541.010734
15458.471992
15387.082707
15365.001695
15359.534023
15407.988158
15534.404511
15613.584369
15800.979699
15973.596992
16188.694737
16432.023684
16690.913158
16942.915789
17211.074576
17477.892293
17722.770056
17979.621053
18241.006203
18469.907910
18621.522180
18678.259398
18707.683647
18802.094915
18841.389474
18807.202632
18814.513158
18780.494737
18671.348964
18524.180827
18434.407721
18291.308271
18159.806780
18114.366917
17953.813910
17764.101695
17602.167293
17488.801504
17323.264662
17199.264407
17089.546617
17018.880075
16919.826316
16870.757895
16824.951036
16730.066917
16702.058569
16657.906767
16582.758757
16514.154511
16427.857519
16384.749153
16294.684962
16213.715254
16145.332143
16020.573635
15985.728195
15929.948211
15817.368421
15695.826316
15617.389266
15453.659023
15272.728814
15129.231579
15018.515066
14893.336090
14694.987970
14449.916541
14206.250188
13955.539548
13675.672180
13574.959887
13335.891917
13152.623917
12978.557895
12770.336842
12588.922034
12420.337594
12246.500000
12068.208835
11911.698305
11787.180451
11673.590977
11543.743233
11383.914286
11235.257439
11176.999624
11024.118797
10964.403759
10844.111299
10771.143421
10706.400000
10640.120151
10565.488910
10517.186064
10489.133083
10490.127872
10465.887218
10462.483459
10491.819549
10463.597368
10476.624482
10472.496992
10460.977256
10432.639171
10376.723308
10409.389474
10392.007895
10424.500000
10463.751880
10475.028759
10473.449060
10470.119173
10445.150000
10396.324624
10336.664218
10276.328571
10209.529379
10083.455451
9927.979286
9834.481883
9751.602575
9591.396447
9408.340526
9266.643032
9100.867444
9023.840714
8917.172331
8806.524286
8693.832298
8591.800376
8504.412599
8371.174680
8211.627514
8102.612556
7951.679624
7836.330000
7672.107143
7526.588947
7371.563553
7158.109379
7000.054511
6843.902256
6628.359361
6467.758722
6308.518475
6118.334774
5947.614633
5809.941617
5648.142392
5439.603665
5277.796165
5150.884218
5022.140827
4833.401130
