35.918742
35.594987
32.820741
45.191363
38.298746
36.875460
36.800000
32.720923
37.825924
42.587640
42.231920
39.030868
37.585539
33.454807
33.197791
41.858649
42.376934
44.074113
32.594470
37.114836
43.965884
38.594762
25.598888
45.172800
36.101428
35.628385
34.481659
45.069708
53.789456
53.761763
46.438009
36.651356
41.473776
47.509586
53.923451
49.705359
47.805163
41.921583
46.040446
50.496571
54.347066
49.828509
46.069086
51.488609
52.659457
51.941189
49.735914
47.744932
52.857589
53.789674
58.655956
56.657529
56.088529
57.035064
56.043755
65.356064
72.690900
67.790913
66.078774
74.474636
82.770343
88.078427
89.781586
93.534416
103.097205
111.079934
120.949162
129.122365
137.813533
142.723598
147.570520
158.163654
191.473808
206.073961
212.624842
218.737609
245.166316
264.515844
279.264008
297.647280
318.057774
340.001816
351.072226
374.154182
385.312695
405.268271
431.997545
444.453560
463.835169
496.006436
512.324477
515.260119
521.457165
544.648593
553.516258
553.245703
566.053072
573.775855
578.287321
591.439083
571.102780
588.309321
590.414030
588.334327
600.788679
600.057435
604.262699
598.154398
590.041293
591.787169
595.587703
595.716211
595.427618
593.502421
592.803271
600.402611
602.190100
605.202376
596.094746
588.889291
590.525669
599.671490
593.492598
596.729055
607.374932
602.870422
595.067929
588.953211
579.895158
571.725921
563.122780
552.492654
550.727928
536.360720
531.549936
542.427226
519.404639
523.254565
519.085880
513.990810
509.630492
510.281537
512.544632
506.565357
507.572181
511.648553
504.678136
497.949823
497.755881
505.146158
508.681981
499.903323
498.165895
492.951789
485.745782
480.425180
470.023226
470.799068
472.528872
460.950195
448.842614
445.953566
443.796589
437.355143
429.696949
418.955173
413.868214
418.552981
407.016521
411.850469
403.145113
397.467694
389.447547
394.055217
389.860188
384.513335
389.175424
389.369579
389.522955
394.440049
388.812068
386.930113
395.844566
383.276553
383.932729
361.673808
356.885186
368.736154
359.677158
355.293799
348.429539
340.825722
328.854789
324.714763
330.799158
328.595662
318.936729
314.526436
303.007028
304.992782
306.266491
289.866427
273.278711
268.866373
249.534812
243.850902
230.200380
219.182135
204.954026
196.800553
194.119725
191.071494
182.868940
168.909782
165.273887
170.149269
163.083162
158.761744
161.665164
164.014996
161.669338
147.010158
156.811486
165.538827
172.561737
184.046750
193.998471
213.608805
238.483714
259.632842
292.877711
324.813780
350.592602
405.513203
444.646338
506.846876
544.895694
602.230534
659.087938
708.380729
740.984921
773.850632
824.503458
870.085938
911.672861
947.284294
968.590996
1017.360264
1073.650602
1098.116667
1148.407838
1184.783459
1241.335902
1286.891109
1327.672316
1385.715188
1426.242500
1498.295526
1544.730904
1580.658797
1628.595150
1682.486780
1732.947594
1762.919379
1801.405169
1856.839849
1892.122368
1914.619624
1957.198177
1992.312782
2027.366441
2061.891805
2086.435763
2110.863684
2129.722693
2148.997857
2161.592180
2170.985263
2182.388308
2191.896723
2185.180301
2139.776447
2180.978985
2169.527895
2155.215714
2148.883459
2151.163785
2132.163571
2120.304680
2094.061053
2058.960000
2030.088797
1987.895132
1966.496215
1963.363271
1943.441733
1921.987068
1903.513910
1936.655593
1923.427218
1939.276429
1972.948872
1987.998286
2010.013665
2043.298571
2064.480526
2094.554211
2123.872462
2170.519361
2221.063503
2262.827594
2300.159718
2332.328120
2352.067838
2342.925311
2386.786165
2419.772782
2429.626842
2447.037288
2426.771729
2387.639117
2380.301579
2401.826053
2381.886780
2360.172594
2346.125499
2321.213835
2292.150734
2265.515658
2249.228947
2250.347815
2233.176917
2199.073929
2217.234511
2176.010753
2157.859211
2158.771053
2156.363947
2157.519605
2147.893239
2129.758571
2120.335273
2100.876504
2092.013635
2097.484398
2088.498421
2071.798475
2026.389774
2050.836177
2026.582500
2033.995838
2025.504662
2007.350565
2003.696053
1997.984737
1963.459209
1945.589549
1910.754934
1892.763083
1880.711563
1853.563515
1835.524361
1818.026617
1791.690752
1747.930339
1709.245827
1693.008870
1647.383045
1648.911827
1616.946316
1574.338947
1557.474991
1539.535639
1527.310847
1509.826523
1489.301864
1474.369474
1456.826823
1431.364398
1413.383496
1414.317665
1389.709398
1389.138421
1374.919474
1364.642655
1362.978553
1348.754737
1339.889397
1328.243440
1318.989322
1311.237669
1314.684557
1311.751936
1299.469474
1311.668872
1334.143289
1318.586893
1312.554962
1315.155564
1315.604482
1329.040150
1322.594737
1312.921053
1334.156780
1334.894812
1318.686541
1304.225357
1312.765338
1316.192857
1310.290150
1300.567740
1278.442857
1265.012655
1249.110827
1221.515714
1219.763202
1205.118910
1172.765658
1168.471053
1145.485122
1127.550846
1113.050714
1110.430188
1111.835545
1091.175838
1057.011353
1037.509266
1026.309643
1007.007947
989.419229
960.741842
932.044186
906.208744
879.292053
866.725579
838.161181
813.041594
800.638987
779.210788
756.324842
733.066328
710.173224
695.222537
676.139714
653.859574
647.630028
626.091910
615.106480
591.686261
570.725571
