20.576174
17.323993
23.067288
25.696094
31.666641
35.984817
19.323449
29.535289
28.132364
32.434378
34.996885
34.057724
41.021192
45.128184
44.529132
52.982897
52.154226
48.090674
56.855597
58.848052
68.039736
70.601928
70.449254
68.442161
70.266067
84.057598
76.096489
76.112250
87.234865
88.853283
88.484926
93.321916
97.283992
109.302339
112.698195
119.008015
120.843377
113.096092
127.118392
127.166643
124.754079
127.829244
133.327714
133.465098
125.556485
127.545185
137.716680
143.221621
151.448145
156.457429
153.531609
164.450818
167.497028
162.471436
169.671712
182.001455
182.163831
206.636549
222.686179
217.034166
229.421252
246.726831
257.255938
269.497376
283.746368
304.214561
322.892194
338.203068
358.111411
379.170598
407.918209
408.938158
440.413678
467.532043
481.794737
510.892492
548.694466
571.904478
589.560827
626.869940
671.709401
696.344237
726.578925
775.240859
793.345375
835.562857
873.443438
918.822502
936.258455
967.006436
990.465637
1022.097119
1054.466692
1064.090716
1082.884549
1106.389023
1123.090169
1140.396053
1146.930357
1159.485789
1152.603277
1154.953571
1158.439850
1167.527782
1153.741071
1157.057891
1166.427218
1154.874436
1148.458872
1149.021921
1154.736203
1151.274756
1144.253684
1141.946316
1138.991053
1147.042199
1154.161412
1163.611504
1171.560678
1183.016974
1174.859248
1179.623861
1201.416748
1209.594474
1214.242406
1225.537175
1228.680977
1217.846767
1216.553158
1211.606184
1177.965009
1153.820188
1158.237476
1152.491880
1128.666836
1118.588722
1119.769718
1132.808983
1124.968233
1117.663177
1103.210808
1113.720188
1115.696692
1110.655808
1114.500960
1109.825000
1102.360339
1111.208797
1112.365424
1121.221128
1123.873383
1126.388383
1109.835188
1104.896591
1105.601729
1098.853835
1094.556090
1098.299435
1095.444117
1067.165789
1042.539360
1041.780526
1033.743992
1020.960000
1026.320639
1005.787312
1010.968571
987.010068
986.060064
985.002913
992.523195
982.400930
976.222761
978.727584
962.612301
949.657947
952.000763
952.653158
945.890486
955.393583
979.333695
977.731045
963.187622
951.672432
955.171226
940.391842
939.998100
940.088451
954.290267
959.417286
963.690735
953.142383
948.151947
954.010211
945.413480
938.573699
949.234718
946.380908
949.861731
959.365519
937.125158
937.010605
930.208335
916.178186
890.736457
869.169556
845.346247
826.699932
813.692132
798.339132
776.641537
762.245329
758.980872
749.906338
737.248391
739.387244
743.629094
724.382075
722.623769
718.648294
726.820880
741.544944
751.047734
764.490353
780.264789
794.177500
808.428211
837.979150
878.642679
913.439336
951.735387
995.190695
1019.766748
1071.688983
1106.405188
1175.963164
1228.910000
1281.800338
1344.846930
1390.059004
1452.890263
1496.858947
1551.772147
1610.534793
1646.372669
1676.810960
1722.384455
1768.226949
1804.325639
1899.625556
1941.905489
2014.184850
2077.251090
2137.889305
2227.234783
2317.741729
2389.227406
2469.174079
2534.656384
2600.787669
2682.446259
2753.063729
2812.679474
2891.838380
2977.329398
3056.474068
3118.766053
3184.891259
3254.452350
3332.071203
3357.683898
3398.897105
3449.218983
3491.027895
3520.131299
3528.882406
3566.339474
3600.590902
3591.568139
3579.001469
3568.647970
3576.532274
3561.826335
3554.913233
3562.448571
3546.376372
3555.074896
3516.768571
3490.984041
3430.320526
3365.510000
3350.462406
3305.777011
3255.726911
3237.145940
3195.957043
3152.486541
3154.305038
3135.706667
3168.117538
3189.153835
3212.161391
3232.979209
3242.437519
3300.054962
3366.049474
3381.670395
3432.086165
3513.406015
3573.467288
3611.047500
3657.611638
3720.020226
3772.194850
3815.287156
3831.327068
3832.124398
3797.838835
3848.719322
3846.284737
3824.564643
3831.127105
3803.468158
3769.342599
3742.507162
3722.992354
3701.924662
3665.000791
3624.926071
3589.557030
3542.549134
3519.276109
3462.942857
3464.414887
3424.154256
3421.314154
3397.931128
3391.108421
3356.630000
3325.092505
3316.314662
3332.566610
3332.312425
3312.599190
3293.787632
3272.771447
3251.000508
3220.003534
3223.903051
3201.605357
3178.061205
3151.698158
3122.978004
3102.719868
3077.931053
3035.185028
3024.677951
2998.521846
2959.204098
2940.450829
2923.590376
2875.874737
2807.153158
2747.853590
2690.042599
2678.065038
2575.855028
2570.014398
2536.262429
2503.068947
2465.478553
2409.233823
2370.341842
2342.698644
2301.981184
2269.998305
2247.880602
2224.766147
2206.190056
2176.290489
2140.808606
2124.405658
2078.527519
2089.386767
2070.912825
2052.508026
2037.517632
2036.158889
2004.068571
2003.108305
2000.467669
1990.202618
1996.180902
2005.236391
2004.003158
1994.243929
1977.167137
1980.338346
1965.097613
1967.491695
1969.476654
1976.101842
1965.415789
1992.862034
1996.025263
1963.372556
1959.243628
1967.194662
1961.908571
1946.429492
1927.171883
1917.617143
1911.102712
1875.154680
1849.618571
1813.484896
1754.345526
1763.148684
1743.224737
1701.723710
1670.179286
1627.558346
1621.093759
1612.555414
1590.548983
1559.010000
1525.923277
1510.580940
1496.132015
1454.629248
1422.390677
1394.416102
1386.469699
1353.074211
1304.206842
1280.618719
1226.902519
1214.853947
1180.776711
1135.359850
1104.217458
1078.803910
1040.545198
1013.075714
997.608365
953.976853
927.812135
900.966859
882.301041
834.217712
