163.755368
166.008791
155.582573
174.089977
173.136322
171.007592
165.051475
175.609316
189.803787
190.285727
197.204981
202.457557
203.156047
210.965113
225.036429
237.372305
247.750829
259.330421
275.789797
286.528994
296.887023
302.837677
318.581559
322.267983
336.649424
343.005470
358.772263
375.885254
373.782992
376.925919
398.867282
417.581736
430.931158
438.682695
442.014269
436.572256
455.332812
482.769705
496.291687
518.038286
525.261925
536.217133
542.263286
553.195526
565.045203
573.759215
586.158613
596.576089
606.265855
633.481070
655.187797
677.914605
714.530345
749.478274
783.122139
837.690071
890.690331
959.255744
1011.598904
1079.791412
1148.176842
1241.314068
1348.541034
1438.277594
1545.954737
1694.089021
1846.767105
2018.846391
2183.041469
2357.587331
2532.272429
2758.569925
2949.100226
3177.106692
3396.324173
3622.226842
3884.456372
4175.529868
4449.865113
4714.590244
5018.809379
5356.176053
5672.102293
5966.938402
6289.103616
6603.555714
6978.439417
7275.553271
7543.093609
7834.959398
8115.506034
8387.607119
8616.458120
8796.053164
8947.649117
9090.817143
9229.656384
9359.613026
9468.518571
9540.809173
9580.531921
9604.972857
9667.310414
9670.823459
9672.453571
9660.361488
9711.213158
9677.183609
9713.727857
9773.382034
9774.428835
9775.197256
9789.353421
9784.643158
9796.832105
9834.103308
9859.188343
9855.859774
9915.504915
9941.255959
10070.029323
10112.229379
10180.303383
10233.217857
10262.515414
10259.873823
10224.870865
10124.269925
9992.756842
9851.606711
9706.543861
9600.502594
9488.493691
9384.913722
9254.807175
9192.720075
9228.044436
9138.685593
9120.513872
9083.193139
9065.124774
9044.786798
8979.472857
8963.570695
9026.691921
9063.933684
9047.521017
9048.148327
9066.683390
9104.628271
9124.240714
9110.282989
9089.956805
9022.270697
8952.130489
8884.201880
8812.071053
8712.129492
8631.401692
8497.603947
8381.475104
8298.399605
8195.865970
8069.688571
7940.988590
7865.475564
7779.952857
7730.163421
7671.801541
7601.264595
7585.634586
7524.895921
7461.486955
7416.782166
7403.573759
7350.673722
7331.276780
7361.304737
7357.529680
7338.654530
7354.357180
7348.285940
7349.338459
7287.294098
7204.457293
7154.501017
7105.020677
7029.654361
7009.426842
6952.423665
6902.563947
6800.183684
6738.495789
6685.589474
6630.404689
6599.589361
6541.830902
6448.607256
6387.659190
6327.092782
6194.391353
6021.553766
5878.554511
5653.110678
5386.777350
5141.379549
4909.233974
4678.732406
4481.861711
4281.802368
4103.424124
3968.113158
3832.431955
3709.727519
3638.839023
3542.514530
3488.006241
3457.761940
3390.899492
3341.752241
3366.426692
3381.810320
3448.691582
3549.522218
3645.071316
3811.182500
4041.930847
4352.148496
4729.068214
5167.195244
5719.375865
6316.160508
7005.150921
7769.120508
8602.422256
9458.433258
10276.559211
11089.634962
11882.863842
12654.147932
13383.600000
14091.515789
14722.729944
15298.426880
15868.404135
16402.794539
16906.637406
17437.447646
17966.830075
18629.644444
19303.593421
19964.852632
20788.305263
21584.925000
22347.087382
23119.504511
23822.312970
24522.700000
25245.613183
25932.856015
26613.038722
27334.091525
28099.538346
28859.989642
29523.388722
30196.809228
30930.683835
31596.593797
32178.410338
32632.215789
33147.611299
33710.946992
34104.669115
34423.776316
34818.309793
35034.280827
35106.335338
35232.505263
35346.711842
35365.382486
35391.984586
35380.634023
35281.706015
35217.407519
35243.514286
35110.663910
34911.515443
34643.628571
34303.822556
33830.265789
33432.100000
33025.239850
32585.106015
32165.459699
31768.232707
31450.914878
31297.185338
31264.202256
31278.291525
31397.777256
31642.089474
31809.846241
32199.962900
32668.114662
33185.261654
33714.536842
34230.965789
34796.059211
35434.112406
36054.281921
36636.844173
37136.415443
37598.291729
38146.896241
38456.569303
38704.430075
38915.074812
39166.189474
39304.881356
39219.641353
39088.453947
38887.719737
38718.686842
38571.795480
38331.712782
37953.938418
37724.218797
37605.579661
37300.625752
36905.312030
36560.644633
36287.229699
36097.251692
35769.380451
35663.064783
35490.464850
35336.009398
35165.518421
35134.984211
35090.793597
34917.317293
34760.323917
34634.485150
34517.679096
34376.366541
34226.747744
34173.703390
33998.219549
33744.414689
33690.825000
33655.098305
33361.037594
33205.995292
33001.892105
32739.873684
32446.128814
32131.345677
31826.878531
31437.475940
30963.027684
30490.258459
30033.190977
29583.383459
29143.080827
28677.058757
28243.215038
27911.841243
27417.745301
26925.930885
26591.352632
26235.557895
25976.343879
25707.321053
25391.944068
25069.253947
24733.428814
24442.844361
24159.502820
23816.875376
23538.300376
23304.013936
23088.315977
22790.539850
22666.966165
22605.573446
22381.032895
22286.602632
22157.053672
22095.047368
22019.426365
22010.273684
22009.553296
22009.894737
22017.757519
22004.066917
22042.856203
22108.981544
22064.832331
21983.848684
21951.407910
22051.712782
22012.394737
22033.205263
22111.605085
22201.957895
22251.213910
22251.227820
22240.189098
22125.135714
21945.141165
21758.280038
21539.571429
21325.810169
21004.915602
20694.100000
20554.241431
20119.888534
19805.893421
19602.215789
19248.500753
18957.814098
18776.622932
18549.158271
18277.928759
18047.233145
17848.529323
17595.130697
17309.054511
17024.570810
16664.560150
16409.524812
16123.908475
15728.081203
15452.589474
15045.306579
14657.840866
14235.872932
13904.429699
13470.374436
13018.684211
12676.760452
12317.777256
11961.332203
11653.082331
11323.054802
11035.262970
10754.945865
10422.132203
10097.625564
9875.525028
