95.219216
96.652156
105.209094
90.535967
98.050190
100.068165
103.581085
105.140872
116.548936
112.973763
121.544195
126.329058
126.195194
124.570774
129.588782
144.288232
137.580105
140.040421
145.753098
152.278004
156.244625
154.886789
162.115589
163.362647
171.557989
188.230241
186.786936
191.917656
198.589000
198.381105
204.480085
214.166215
218.177684
221.125169
218.162367
231.961511
236.097486
235.795959
244.007245
250.421643
248.095055
261.427318
272.125429
277.339466
277.583814
278.140838
283.047970
288.789669
294.210197
301.700827
307.537812
313.819393
332.150130
349.661019
349.058092
369.285117
387.618147
415.533158
440.547504
455.255994
468.728579
497.851424
533.349466
571.473241
616.174368
649.124281
677.682308
718.192316
767.578183
823.650442
874.779599
919.332135
985.919345
1033.309756
1094.569398
1158.775489
1241.554944
1310.765311
1381.383459
1460.600996
1532.245932
1608.866316
1685.040526
1764.706410
1853.357382
1941.096992
2022.735677
2116.125489
2185.719474
2267.968835
2369.028496
2416.499153
2469.201203
2515.725480
2567.809417
2621.808985
2664.342109
2699.923289
2723.732500
2751.640150
2764.308079
2758.407500
2772.595338
2789.769474
2766.577143
2773.772580
2765.094511
2784.776767
2790.654868
2769.776893
2767.405752
2788.990357
2790.491184
2788.693158
2820.192030
2825.867350
2808.117062
2814.802556
2826.296949
2838.079079
2844.989323
2874.398945
2884.629211
2873.767932
2903.932444
2930.832994
2908.913759
2877.603459
2842.398947
2802.474079
2775.235386
2733.874586
2692.283766
2674.862669
2623.869134
2599.995865
2616.639248
2620.887627
2612.342218
2599.908045
2612.377199
2626.197853
2591.202331
2556.809981
2552.728832
2547.830263
2550.735593
2576.646278
2590.322712
2616.953835
2605.294398
2593.351053
2584.049511
2561.443164
2548.195526
2516.636015
2492.092406
2459.361412
2446.387406
2416.006767
2406.805819
2407.832763
2386.190490
2344.877143
2291.280038
2287.893590
2288.474286
2263.409549
2261.295602
2253.395669
2262.280451
2243.226635
2220.825244
2211.686610
2192.135226
2190.521955
2204.183729
2222.533158
2231.037043
2221.379154
2223.895113
2242.716917
2215.614474
2217.042105
2226.275338
2190.255763
2192.485583
2162.627068
2152.490602
2153.614211
2154.057707
2141.484286
2135.882632
2131.347895
2127.600226
2120.459624
2101.148214
2091.720357
2097.448851
2088.618346
2081.963947
2057.879718
2025.489323
1974.904915
1938.332011
1882.376241
1829.218305
1790.579511
1748.272895
1693.442105
1647.979077
1621.079455
1596.804361
1568.325263
1542.894492
1525.626447
1518.746165
1515.312298
1533.426729
1534.047872
1536.368120
1557.724774
1577.205198
1608.400301
1672.830526
1755.177500
1826.263220
1902.563835
1987.374286
2094.022387
2239.361128
2357.364237
2519.242613
2661.558983
2833.785188
3035.833597
3233.098252
3395.331165
3580.868362
3761.571128
3948.661842
4129.530000
4294.594859
4461.680695
4603.507180
4730.393804
4900.950188
5093.112034
5289.736541
5468.791111
5708.709004
5927.059774
6121.937669
6419.410695
6659.759416
6909.073985
7159.866222
7370.673684
7622.734218
7863.308722
8098.893177
8336.950339
8557.751880
8805.909680
9051.068816
9329.282750
9580.851842
9763.570244
9925.679831
10108.860902
10277.030508
10448.271617
10578.313559
10688.463158
10831.582486
10955.884962
10998.256391
11014.159398
11041.719173
11053.239548
11062.693985
11054.827632
11121.976128
11126.627820
11077.285714
11028.094549
10966.448023
10900.200000
10791.663158
10699.330263
10576.700000
10416.363158
10237.309586
10125.263653
10052.487970
9949.390772
9900.556823
9905.456241
9882.705311
9919.356165
9995.306278
10109.627820
10206.867420
10370.833835
10503.323308
10667.784211
10862.115789
11053.205827
11278.512030
11474.235028
11646.914662
11827.924294
11997.353383
12162.522556
12249.994915
12436.718045
12504.119925
12533.998684
12508.386441
12540.107519
12525.448496
12489.027632
12431.400000
12390.180038
12311.567105
12215.683239
12133.374436
12047.797740
11944.866353
11839.994737
11757.797175
11660.271805
11608.483835
11517.920301
11445.909981
11400.909774
11299.669549
11262.563158
11248.073684
11199.170056
11156.933835
11145.183804
11093.637970
11024.903013
10989.577444
10963.366165
10917.616949
10822.281955
10824.199812
10763.750000
10748.543503
10712.370677
10606.164783
10527.467105
10438.600000
10385.708475
10312.768609
10199.515254
10104.053759
10004.766667
9835.439398
9664.791504
9550.244737
9380.620714
9246.335650
9045.352105
8943.897627
8831.704868
8731.013672
8618.508947
8472.131842
8315.160904
8205.375902
8125.378305
8032.189737
7957.604915
7912.386767
7813.318327
7684.187632
7652.830150
7604.304143
7497.646429
7394.372030
7351.293759
7259.821808
7241.089605
7174.008421
7138.062109
7113.795695
7118.824369
7103.886015
7074.982335
7073.022650
7078.156316
7072.075940
7074.100338
7065.162900
7034.344135
7018.902688
7040.021582
7016.222594
7075.935000
7072.907105
7069.966610
7072.858571
7074.987180
7052.216485
7018.435489
6985.025714
6953.130771
6903.351168
6823.168571
6745.392768
6672.560921
6578.516429
6480.905330
6412.410451
6339.471711
6197.455789
6145.253032
6117.269060
6033.542406
5907.755526
5844.107951
5769.830546
5658.535789
5568.246685
5485.098929
5382.546874
5285.123797
5179.416222
5054.024915
4945.487970
4820.905263
4718.412368
4588.143032
4455.272068
4353.650902
4228.165376
4111.515564
3980.745480
3852.724060
3743.513672
3640.496541
3534.849981
3428.347669
3350.726316
3255.510094
3158.552162
3035.077006
