-46.776
6.3719
59.5198
64.8868
70.1816
67.1138
64.0168
67.2789
70.5756
69.5092
68.4103
67.0144
65.6158
65.9951
66.3947
64.3299
62.2319
63.2822
64.3811
64.9891
65.5885
65.6
65.6
65.0132
64.4138
65.7663
67.165
65.5441
63.8458
63.8972
63.9971
64.388
64.7876
64.1223
63.423
61.0811
58.6835
62.4569
66.453
62.4622
58.1664
59.3444
60.743
61.0875
61.3872
63.504
65.7019
63.6048
61.307
59.676
58.0776
54.7682
51.3715
55.9428
60.9379
59.2121
57.1142
57.4723
57.9718
59.6026
61.3009
63.1874
65.0855
64.9183
64.6186
63.8505
63.0513
63.3739
63.7735
62.214
60.5157
61.7964
63.2949
62.1923
60.8936
60.7073
60.6074
59.7674
58.8683
58.8
58.8
60.2738
61.8723
61.2646
60.4654
59.9414
59.4418
59.9491
60.5486
61.8786
63.2773
60.4836
57.2867
60.9105
65.2062
61.0627
56.0676
55.6
55.6
57.7685
60.1661
59.6787
58.8795
59.2498
59.7493
58.0944
56.1963
56
56
55.5531
55.0536
55.8026
56.7017
59.2915
62.0888
61.6897
60.8904
60.0026
59.1035
57.8508
56.5521
57.9876
59.7858
58.0639
55.866
56.7415
58.0402
56.0096
53.5121
55.8225
58.8196
58.6767
58.0772
57.3908
56.6915
58.4234
60.5214
58.4609
55.7635
56.3508
57.4497
56.91
56.1108
53.6767
50.9793
52.4029
54.5008
56.7701
59.0678
58.8018
58.1025
58.1705
58.3703
57.8045
57.1052
58.4428
60.1411
57.4363
53.9397
54.9206
56.7189
56.9157
56.8158
59.0704
61.7678
59.2637
55.7671
58.2131
61.8096
58.9764
54.8804
54.8664
55.6656
56.7973
57.9961
60.0241
62.2219
60.4493
57.8518
58.4728
59.7715
58.7651
57.2665
59.7924
63.1891
64.5374
65.4365
62.7391
59.2425
60.1493
62.0475
62.8067
63.3062
64.2115
65.2105
66.0476
66.8469
67.9691
69.1679
71.8169
74.814
77.0074
79.0054
74.9904
69.4958
72.8787
78.4733
80.2382
81.0375
81.3592
81.5589
82.3145
83.2136
82.9248
82.3254
83.622
85.4202
84.6967
83.2981
81.6637
79.9653
82.658
86.5542
90.9979
95.5934
93.6352
89.8389
90.4786
92.3768
94.9736
97.7708
99.9486
101.947
102.709
103.108
102.661
101.961
104.951
109.047
108.007
105.41
107.093
110.091
113.621
117.318
114.853
110.457
111.903
115.2
118.27
121.267
121.17
120.071
121.983
124.88
125.6
125.6
128.895
133.291
134.773
135.273
138.38
142.376
143.92
144.619
147.838
151.934
153.074
153.174
157.77
163.964
172.437
181.728
188.453
194.247
201.65
209.642
219.093
229.083
238.2
246.992
259.338
273.024
284.902
296.091
311.393
328.276
345.232
362.215
384.365
408.541
428.209
446.092
468.327
492.304
517.775
543.849
574.324
606.592
638.719
670.788
706.385
743.449
779.598
815.363
854.848
895.907
938.507
981.765
1026.28
1071.33
1120.7
1171.95
1222.3
1272.25
1326.43
1382.47
1437.55
1492.2
1551.18
1612.12
1668.26
1722.2
1781.35
1842.89
1907.5
1973.54
2036.3
2097.54
2155.8
2212.64
2273.75
2336.89
2387.82
2432.87
2482.23
2533.68
2586.27
2639.42
2686.69
2731.04
2766.13
2796.6
2824.55
2851.22
2887.77
2929.33
2951.72
2964.31
2979.6
2996.28
3019.8
3046.87
3062.88
3073.07
3089.72
3109.8
3108.47
3095.68
3098.21
3109
3117.72
3125.31
3126.26
3123.56
3130.12
3141.81
3141.51
3134.52
3141.01
3155.1
3154.78
3146.29
3152.98
3168.37
3169.25
3161.76
3160.7
3163.4
3166.6
3170.1
3169.58
3166.68
3157.15
3143.67
3144.21
3153.2
3159.09
3163.08
3163.98
3162.98
3165.01
3168.9
3170.46
3170.56
3181.16
3198.34
3198.33
3187.44
3180.94
3177.25
3168.38
3156.19
3144.25
3132.46
3110.71
3082.43
3059.34
3039.66
3006.12
2963.36
2932.8
2910.42
2880.29
2844.93
2815.92
2791.25
2777.88
2772.29
2751.76
2720.89
2707.43
2706.14
2693.28
2672.31
2660.68
2655.68
2641.54
2620.86
2608.37
2601.77
2605.77
2617.46
2611.33
2592.15
2586.93
2592.02
2588.36
2578.17
2570.95
2565.95
2561.64
2557.84
2565.1
2580.78
2582.18
2572.59
2573.75
2583.24
2574.55
2551.68
2549.54
2563.72
2562.31
2548.53
2531.52
2511.94
2483.51
2447.94
2436.02
2443.32
2429.68
2398.91
2379.14
2368.45
2355.97
2341.98
2320.82
2293.65
2261.01
2223.74
2204.87
2201.68
2184.56
2155.49
2125.61
2095.04
2086.56
2097.35
2091.4
2070.72
2053.32
2038.83
2014.16
1980.4
1964.19
1963.79
1958.26
1948.07
1942
1939.7
1931.79
1918.7
1909.5
1903.9
1898.46
1893.17
1890.39
1889.99
1887.9
1884.21
1877.76
1868.67
1860.85
1854.25
1855.55
1864.55
1864.46
1855.47
1854.06
1860.16
1859.2
1851.2
1833.3
1805.42
1778.99
1754.02
1737.59
1729.9
1717.63
1700.64
1673.17
1634.8
1601.77
1574.29
1555.97
1547.27
1530.68
1505.71
1491.21
1487.91
1473.37
1446.69
1425.62
1410.63
1396.74
1384.06
1373.65
1365.76
1358.95
1353.36
1331.38
1291.02
1260.5
1241.12
1218.28
1191.51
1161.85
1128.89
1095.04
1060.17
1025.31
990.442
959.387
932.813
903.13
869.763
840.584
816.407
787.427
752.661
722.588
698.212
676.173
656.991
638.034
619.352
604.189
593.4
580.792
565.907
551.066
536.28
528.835
530.733
527.905
519.014
513.085
510.987
512.445
518.539
521.741
521.141
523.937
531.23
541.304
555.09
570.58
588.362
609.027
633.603
660.964
692.134
728.301
771.358
822.776
885.815
954.761
1031.98
1116.79
1212.29
1314.64
1426.73
1554
1703.05
1852.96
2004.12
2161.52
2328.06
2498.6
2675.03
2847.59
3014.43
3191.27
3383.09
3575.1
3767.41
3942.63
4091.89
4247.53
4412.97
4572.44
4722.69
4881.42
5053.35
5204.14
5321.73
5445.96
5580.73
5714
5844.87
5978.92
6118.08
6264.67
6423.32
6573.02
6708.09
6846.92
6991.98
7146.11
7315.35
7500.25
7711.44
7911.13
8091.36
8283.28
8495.17
8687.31
8845.46
9011.78
9192.31
9368.65
9537.69
9710.84
9891.26
10078.5
10277.8
10467.6
10640.4
10805.7
10957.1
11139.1
11376.9
11583.7
11733.7
11904.3
12113.4
12297.8
12435.7
12593.3
12787.8
12953.2
13063.1
13180.9
13314.1
13446.4
13577
13699
13804.3
13903.4
13990.2
14091.7
14222.5
14339.3
14428.1
14487.8
14488.5
14498.3
14526.8
14556
14586.8
14606.9
14604.8
14616.6
14657.7
14685.9
14686.9
14695.3
14719.3
14740.5
14755.3
14751.2
14706
14669.3
14651.1
14627.1
14590.3
14529.4
14415
14318
14260.5
14194.3
14107.8
14030.5
13974.1
13888.7
13736.3
13608.7
13539.6
13467.9
13389.9
13311.6
13232.3
13168.4
13142
13121.2
13114.2
13121.6
13164.4
13199.2
13213.8
13243
13308.9
13375.4
13443.2
13521.1
13624.5
13727.4
13829
13948.1
14112.9
14256.2
14342.5
14438
14558.1
14688.7
14847.7
14989.9
15086.8
15203.7
15375.5
15516.6
15573.2
15646.8
15768.3
15878.5
15956.7
16036.7
16121.7
16194.9
16233.9
16268.8
16291.6
16309.1
16311.3
16318.9
16342.5
16358.8
16353.1
16328.6
16247.1
16184.3
16179.1
16165.3
16125
16075.6
15998.1
15927.6
15879.4
15825.3
15752.9
15686
15636.8
15582.8
15512.8
15442.7
15372.3
15300.4
15223.3
15159.8
15142.2
15111.7
15037.3
14972.5
14940.7
14899.6
14825.9
14756.7
14703.8
14656.5
14629.4
14607
14601.7
14593.2
14573
14545.6
14492.2
14445.3
14422.9
14399.2
14370.8
14343.4
14320.5
14290.1
14231.2
14173.7
14122.1
14076.9
14057.6
14042.6
14044.9
14037.5
13990.1
13949.4
13936.4
13911.7
13838.9
13775.4
13751.6
13724.7
13684.8
13640.4
13576.5
13508.7
13423.7
13349.6
13323.8
13282.8
13173.5
13069.7
12991.4
12913.7
12838.9
12757.3
12644
12535.9
12452
12366
12268.9
12167.9
12047.1
11924.5
11792.9
11671.4
11601.2
11529.4
11448.7
11366.3
11275.3
11184.4
11094.3
11008.8
10948.1
10882.2
10788.8
10700.4
10639.2
10575.5
10497.1
10427.2
10405.7
10369.3
10247.4
10135.7
10084.1
10034
9992.22
9941.98
9840.47
9754.85
9766.64
9765.58
9684.36
9608.09
9563.23
9517.96
9470.01
9423.51
9386.54
9344.68
9270.16
9206.98
9220.87
9229.32
9200.25
9168.62
9118.97
9073.77
9060.48
9050.4
9063.69
9073.47
9057.18
9043.77
9052.06
9062.05
9085.12
9104.93
9099.04
9092.39
9079.71
9067.81
9062.42
9054.38
9024.21
8998.46
9010.44
9021.29
9022.19
9020.47
8995.39
8975.73
9005.3
9034.94
9065.21
9091.36
9078.38
9067.01
9071.4
9077.44
9099.82
9117.34
9085.27
9055.55
9050.46
9041.44
8990.29
8936.98
8859.96
8787.83
8771.05
8751.42
8698.77
8646.77
8602.52
8556.26
8485.53
8417.31
8380.75
8341.06
8260.84
8182.62
8131.17
8078.98
8016.64
7954.18
7889.94
7827.26
7787.4
7744.51
7655.7
7569.67
7527.41
7484.19
7425.25
7366.23
7305.89
7246.22
7198.37
7150.36
7099.61
7048.14
6982.9
6918.72
6875.46
6829.89
6736.49
6642.95
6546.75
6451.65
6381.82
6312.78
6262.63
6211.25
6129.04
6046.62
5958.9
5870.87
5773.86
5677.26
5592.64
5508.42
5436.69
5364.58
5279.56
5195.16
5133.32
5070.98
4988.56
4906.75
4851.61
4795.54
4695.43
4595.94
4528.2
4460.48
4393.45
4326.49
4265.05
4203.84
4160.08
4116.07
4048.33
3980.4
3890.39
3800.54
3733.2
3665.61
3546.73
3427.78
3285.02
3142.25
2992.49
2842.74
