-35.5792
10.5756
56.7304
58.8948
60.9927
63.1902
65.3881
66.3936
67.3926
65.02
62.6224
63.5897
64.5887
66.0816
67.5801
67.6
67.6
68.0919
68.5914
65.5562
62.4593
60.2442
58.0464
61.7161
65.5124
64.0384
62.44
63.374
64.373
64.2056
64.0058
63.3209
62.6216
64.6331
66.731
65.8338
64.8348
64.0286
63.2294
59.7358
56.1393
62.05
68.3438
66.0124
63.3151
63.2956
63.3955
64.5453
65.7441
61.7043
57.4085
56.4396
55.6403
61.1017
66.896
64.0762
60.7794
63.6229
66.8197
61.3438
55.3497
55.5644
56.1638
59.3918
62.7885
62.6253
62.2256
63.8827
65.681
63.7476
61.5497
61.7724
62.172
61.8284
61.4288
59.0824
56.5848
56.03
55.6303
55.2307
54.8311
54.9842
55.184
56.1192
57.1182
60.0434
63.1404
63.8576
64.3571
61.8427
59.0454
57.9797
57.0806
56.1815
55.2824
55.4722
55.7719
57.4299
59.2281
60.0325
60.7318
58.7263
56.4286
58.629
61.3263
62.3181
63.1173
61.5877
59.7895
56.74
53.5431
57.4806
62.2759
59.6856
56.189
55.6224
55.4226
57.4376
59.7353
57.2597
54.1627
55.7404
57.9382
60.0481
62.146
61.5219
60.5229
57.4211
54.0245
59.1073
65.4011
60.6178
54.2241
54.7924
56.3908
54.7765
52.6786
53.9594
55.7576
54.7034
53.2049
55.7598
58.9566
59.0558
58.6562
56.3678
53.7704
53.8283
54.3278
53.289
51.9903
55.7221
60.3176
59.3837
57.4855
58.8974
60.8955
62.5548
64.1532
61.4432
57.9466
55.04
52.2427
52.6409
53.6399
56.6524
60.049
58.8423
56.7444
56.4835
56.5834
56.1001
55.5007
54.9013
54.3019
53.8683
53.4687
52.4074
51.2085
52.8155
55.0133
57.3758
59.7735
59.7072
59.1078
59.6555
60.4547
58.1478
55.1507
55.0892
55.6887
57.0202
58.5187
61.1534
64.0506
65.7334
67.132
67.2385
67.0387
67.9668
69.1656
68.6767
67.7775
69.925
72.8222
72.2003
70.7018
71.2776
72.3765
73.2367
74.0359
72.6122
70.6141
73.3678
77.3639
79.227
80.5257
77.8843
74.1879
75.0507
77.1487
77.4432
77.2434
78.8425
80.9405
81.7121
82.1117
80.1765
77.5791
80.4933
84.9889
85.0708
83.872
86.6122
90.5084
90.0132
88.215
91.7191
96.8141
97.1568
96.0579
95.0354
94.0364
97.1553
101.551
102.904
103.304
102.489
101.291
101.53
102.229
106.551
112.046
111.819
109.721
110.026
111.125
112.448
113.847
115.619
117.517
116.733
115.035
119.281
125.575
129.053
131.55
135.748
140.543
142.979
144.578
149.558
155.752
161.359
166.754
175.586
185.676
191.901
196.696
208.11
221.996
226.743
228.042
241.928
260.61
274.89
287.478
304.023
322.105
337.246
351.232
369.154
388.635
412.612
438.386
463.521
488.396
510.504
531.483
559.541
590.51
624.797
660.462
691.904
721.575
758.897
799.457
837.567
874.631
916.511
960.468
1007.21
1055.16
1109.29
1166.14
1210.8
1250.06
1297.6
1348.85
1403.13
1458.78
1517.58
1577.82
1633.75
1687.7
1743.35
1799.79
1860.46
1923.1
1985.4
2047.53
2090.06
2123.22
2172.38
2229.22
2287.41
2346.25
2401.14
2454.09
2485.44
2506.12
2547.2
2598.45
2635.67
2665.84
2696.68
2727.85
2751.94
2772.42
2787.7
2800.29
2822.73
2850.3
2876.76
2902.64
2914.21
2918.21
2920.51
2921.91
2932.85
2948.93
2944.18
2928.1
2921.82
2920.92
2921.05
2921.75
2929.05
2940.04
2941.19
2936.79
2931.76
2926.36
2926.62
2930.12
2933.05
2935.64
2941.59
2949.48
2948.06
2941.16
2941.67
2946.57
2947.84
2946.94
2947.41
2948.71
2952.31
2957.3
2948.97
2932.49
2926.63
2927.33
2929.51
2932.6
2943.01
2957.99
2953.7
2937.22
2922.87
2909.88
2901.94
2897.25
2890.31
2881.92
2865.43
2843.65
2812.96
2776.4
2757.72
2750.93
2720.09
2673.13
2644.36
2627.88
2610.32
2592.04
2565.17
2532.41
2512.33
2501.04
2488.04
2473.86
2462.49
2453.1
2439.85
2423.86
2411.49
2401.7
2396.9
2395.7
2389.41
2379.42
2364.99
2347.31
2341.41
2344.21
2348.49
2353.89
2345.64
2327.16
2314.54
2306.34
2307.16
2314.86
2313.4
2304.91
2311.5
2329.78
2323.16
2297.08
2288.67
2294.17
2294.04
2289.44
2278.68
2263
2250.41
2240.32
2229.74
2218.75
2200.4
2176.02
2157.61
2144.12
2126.33
2104.95
2084.22
2064.04
2041.05
2015.67
1995.21
1978.92
1959.25
1936.68
1918.33
1903.64
1885.27
1863.7
1845.79
1831.1
1810.91
1785.83
1770.67
1764.38
1753.78
1739.29
1728.99
1722.5
1719.56
1719.86
1715.68
1707.39
1697.24
1685.35
1672.89
1659.91
1653.7
1653.9
1657.63
1664.73
1664.22
1656.43
1656.82
1665.11
1660.65
1643.76
1636.96
1640.06
1638.44
1632.14
1623
1611.01
1599.42
1588.23
1571.93
1550.45
1534.95
1525.56
1505.78
1475.31
1448.81
1426.43
1399.12
1366.65
1350.87
1352.67
1342.41
1319.33
1296.06
1272.58
1253.57
1239.39
1224.48
1208.8
1198.22
1193.22
1179.54
1156.26
1140.26
1132.37
1124.48
1116.59
1100.16
1074.09
1047.08
1019.01
995.211
976.33
947.91
908.448
875.258
849.383
818.229
780.865
746.931
717.06
692.47
674.187
653.548
630.071
607.271
585.293
565.067
546.985
532.616
522.825
508.714
489.233
478.71
479.41
473.486
459.2
448.123
441.13
436.193
433.896
432.077
430.878
428.552
424.756
422.643
422.743
427.57
438.659
448.807
457.699
470.678
489.16
503.996
513.887
532.806
564.076
597.823
634.986
684.231
750.266
810.476
862.525
928.24
1013.26
1102.15
1196.55
1302.82
1426.09
1552.6
1683.77
1816.93
1953
2097.64
2254.88
2408.39
2556.34
2721.91
2913.83
3091.39
3247.34
3409.12
3579.75
3741.39
3889.24
4031.8
4166.17
4304.28
4448.24
4578.48
4687.18
4809.4
4953.06
5086.18
5202.47
5309.38
5401.19
5523.46
5695.19
5848.13
5970.31
6101.54
6247.7
6403.15
6574.08
6738.97
6893.72
7060.31
7246.92
7432.91
7617.83
7798.2
7970.73
8142.02
8311.15
8475.75
8632.39
8793.74
8963.37
9133.83
9305.76
9461.54
9588.32
9739.58
9935.19
10113.9
10261.9
10429.3
10632.7
10812.6
10948.7
11096.9
11267.9
11418.4
11529.8
11649.5
11784.6
11920.5
12057.5
12184.2
12290.8
12393
12486.4
12585.9
12697.5
12793.5
12858.6
12924.7
12993
13054.3
13101.1
13150.4
13204.5
13233.9
13212.2
13213.9
13264.3
13296.6
13291
13293.7
13314
13341.2
13383.2
13398.9
13357.7
13318.2
13282.6
13267.2
13295.8
13295.6
13231.1
13175.4
13139.1
13086
12994.7
12908.6
12834.6
12758.7
12678.5
12603.2
12539.6
12466.2
12370
12281
12209
12149.3
12119
12085.1
12042.7
12005.4
11980.5
11968.1
11986.6
12014.3
12065
12108.8
12135.3
12170.5
12227.5
12297.2
12399.8
12492.8
12561.1
12630.7
12703.9
12792.2
12919.9
13041.4
13146.1
13259.2
13394.6
13515.5
13596.7
13684.9
13792.4
13903.5
14024.6
14142.2
14250.1
14351.2
14433
14513
14588
14655.3
14700.5
14727.5
14701.3
14694.3
14743.4
14768.9
14724.2
14699.8
14736.8
14757.5
14729.1
14694.2
14639.6
14597.4
14593.4
14575.8
14515.6
14450.3
14369.1
14295
14243.9
14190.2
14128.5
14064.1
13991.2
13924.3
13877.5
13830.5
13783.4
13724.2
13624.6
13546.6
13542.1
13535.5
13521.7
13485.8
13372.6
13286.5
13296
13282
13184.3
13110.6
13123.6
13130.8
13116.8
13091
13021.2
12970.6
12991.7
13004.8
12987.9
12960
12890.4
12836.5
12844
12847
12832.3
12812
12769.5
12729.3
12699
12672.9
12664.4
12644.9
12580.1
12516.9
12460.4
12408
12372.4
12341.1
12327.7
12301.5
12219.9
12145.3
12101.4
12054.8
11996.1
11933.4
11852.9
11777.2
11723.6
11664.2
11577.5
11491.6
11409.7
11327.5
11244.1
11156.6
11049.2
10949.6
10888.4
10828
10771.7
10710.1
10621.5
10529.9
10422.8
10320.3
10242
10167.5
10112.9
10049.2
9936.3
9832.95
9781.3
9722.5
9624.4
9537.13
9510.36
9476.18
9400.06
9327.97
9279.12
9226.2
9149.47
9074.89
9013.05
8951.99
8895.65
8843.88
8820.2
8790.69
8724.75
8662.57
8624.21
8587.78
8563.8
8535.7
8480.56
8432.59
8432.49
8425.17
8368.82
8320.41
8326.8
8328.26
8294.99
8266.53
8272.53
8278.98
8288.77
8294.44
8269.46
8248.14
8254.54
8260.14
8259.64
8259.82
8265.31
8270.08
8268.98
8269.5
8283.29
8292.88
8267.4
8242.54
8222.85
8205.77
8211.37
8215.54
8207.05
8198.2
8186.11
8177.09
8196.57
8212.41
8193.63
8180.23
8219.19
8254.16
8249.37
8245.75
8254.14
8259.47
8232.8
8206.47
8183.79
8161.34
8141.46
8120.03
8081.07
8041.47
7994.52
7946.81
7890.17
7833.68
7779.14
7724.88
7674.23
7621.79
7546.16
7472.05
7418.2
7364.59
7314.14
7264.68
7229.31
7192.2
7129.46
7068.47
7034
6997.85
6935.11
6873.43
6828.97
6783.29
6716.85
6651.49
6605.04
6559.09
6522.32
6483.75
6410.82
6337.9
6264.97
6193.28
6147.33
6100.65
6038.31
5975.17
5893.95
5814.23
5770.27
5725.29
5654.46
5583.46
5507.83
5432.08
5352.96
5273.58
5186.36
5100.37
5053.21
5004.46
4901.26
4798.87
4725.94
4653.25
4589.91
4526.49
4459.76
4392.67
4308.96
4225.97
4181.72
4136.97
4063.24
3990.26
3967.28
3943.59
3864.77
3786.39
3748.32
3709.85
3625.23
3540.77
3477.93
3414.85
3303.96
3193.03
3070.15
2947.27
2819.6
2691.92
