-47.9753
6.77106
61.5174
68.2833
74.9768
69.9226
64.8276
64.8
64.8
63.5108
62.2121
66.3566
70.5525
67.6368
64.6397
60.6569
56.6608
62.8964
69.2901
63.4107
57.3167
62.6874
68.2819
68.3022
68.2023
66.1504
64.0525
64.7792
65.5784
65.8916
66.1913
66.2
66.2
64.07
61.8722
64.2154
66.713
65.9322
65.0331
64.8075
64.6077
62.8714
61.0732
63.4917
66.0892
63.9046
61.507
61.8772
62.3767
59.0663
55.5697
60.1526
65.1477
62.1748
58.7782
62.3864
66.3825
63.766
60.7689
63.5223
66.6193
60.5911
53.9976
59.0449
64.8392
61.078
56.6823
56.8674
57.3669
58.7993
60.2979
61.2378
62.137
65.0799
68.1768
63.3013
57.8067
59.2501
61.2482
62.877
64.4754
63.5867
62.4878
63.9626
65.661
61.3972
56.6019
60.1357
64.4315
64.8
64.8
63.2506
61.5523
62.946
64.6443
64.437
64.0374
63.7283
63.4286
61.6832
59.7851
57.7968
55.7988
55.7799
55.9797
58.693
61.6901
61.373
60.6737
58.9912
57.193
52.0951
46.6005
52.4068
59.5998
59.2457
57.947
58.7745
59.8734
57.8785
55.4808
56.082
57.081
59.6641
62.4614
61.3072
59.6089
58.6991
57.8998
59.0238
60.4224
61.1233
61.7227
59.3633
56.566
57.5024
59.001
60.3262
61.6249
58.1696
53.9737
56.0735
59.1705
59.0837
58.4843
59.4302
60.629
59.0869
57.0888
56.3727
55.8732
56.3968
57.0961
58.2208
59.4196
61.2974
63.2955
58.0113
51.4178
53.6103
57.4065
58.9271
60.026
59.8636
59.464
59.4
59.4
59.9859
60.6852
58.0444
54.7476
56.5326
59.3298
61.6284
63.8263
64.1171
64.0172
66.068
68.5655
63.801
57.5072
58.1289
60.2268
62.7354
65.3328
67.7664
70.1641
68.393
65.6956
66.5047
68.1031
68.644
68.9437
68.2696
67.3705
72.0574
78.0515
76.2926
72.6961
75.706
80.3015
78.387
74.8905
78.6095
84.1041
88.719
93.1147
90.0109
85.0158
86.3876
89.3846
88.2534
86.0555
86.2335
87.0328
89.8859
93.2826
96.6005
99.8973
98.3204
95.4232
92.4476
89.4506
93.4929
99.4871
101.268
101.867
103.79
106.088
107.687
109.085
108.393
107.095
108.499
110.697
112.972
115.27
117.875
120.572
122.043
123.142
123.782
124.282
125.162
126.161
130.735
136.43
138.483
139.382
136.195
131.699
133.921
138.316
141.734
144.831
144.474
142.975
141.626
140.328
144.855
151.349
155.98
159.976
161.743
162.742
168.632
176.224
181.008
184.805
190.518
196.911
205.437
214.728
220.866
225.861
232.026
238.62
248.13
258.72
269.019
279.209
292.083
305.969
323.183
341.665
356.468
369.854
392.595
418.969
437.952
454.037
477.563
504.037
537.79
574.454
600.443
622.122
656.718
696.579
729.079
758.55
793.174
829.938
871.136
914.194
962.305
1012.55
1059.8
1105.75
1152.75
1200.21
1251
1303.25
1362.16
1424
1482.17
1538.72
1589.33
1637.28
1703.61
1778.23
1843.12
1903.56
1960.17
2015.01
2084.6
2161.02
2232.28
2301.11
2362.68
2420.82
2464.15
2500.42
2563.8
2640.22
2710.12
2776.86
2821.6
2855.56
2889.46
2923.33
2955.2
2986.07
3016.21
3045.98
3075.28
3104.36
3126.62
3145.4
3176.9
3214.96
3226.82
3225.02
3245.55
3277.82
3295.2
3304.69
3308.72
3309.81
3302.09
3289.6
3294.13
3307.92
3313.7
3315.1
3306.85
3293.27
3298.85
3315.13
3326.11
3334.11
3336.04
3334.54
3335.33
3337.43
3334.72
3329.22
3319.62
3307.63
3306.6
3311.99
3322.22
3335.31
3325.37
3301.7
3290.24
3286.15
3297.28
3317.66
3326.27
3327.67
3324.43
3318.34
3317.91
3321
3317.17
3308.97
3314.3
3328.19
3335.37
3338.26
3326.39
3305.01
3289.69
3278.3
3256.04
3226.67
3198.2
3170.33
3137.3
3100.83
3069.09
3040.52
3010.4
2979.23
2958.81
2945.73
2922.99
2893.62
2870.15
2850.77
2841.8
2840.1
2827.32
2806.74
2790.6
2777.61
2780.64
2795.13
2791.97
2776.08
2759.62
2742.74
2729.6
2719.21
2713.13
2710.24
2709.4
2710.1
2702.58
2688.89
2689.31
2700.4
2699.42
2689.23
2688.36
2694.65
2698.52
2700.52
2700.61
2699.22
2690.72
2676.63
2666.39
2659.2
2649.28
2637.19
2609.62
2569.56
2555.57
2562.76
2550.9
2523.42
2504.92
2493.84
2468.57
2431.51
2401.72
2378.05
2360.05
2346.87
2321.7
2286.34
2260.92
2244.03
2228.49
2214.1
2196.09
2174.91
2162.29
2157.19
2147.12
2132.63
2120.21
2109.62
2094.24
2074.56
2063.21
2059.41
2050.76
2037.68
2023.29
2007.71
1997.71
1992.92
1996.27
2007.26
2006.48
1994.59
1985.68
1979.58
1975.63
1973.73
1974.98
1979.28
1979.73
1976.43
1973.19
1969.99
1969.6
1972
1960.89
1936.32
1916.38
1901.09
1877.86
1846.59
1823.93
1810.04
1789.06
1760.79
1740.51
1728.53
1716.68
1705
1679.63
1639.87
1607.82
1583.94
1571.45
1571.15
1555.76
1524.09
1507.89
1508.49
1501.41
1485.92
1464.84
1437.56
1421.64
1418.34
1406.76
1385.88
1360.31
1329.44
1302.82
1281.04
1251.4
1212.74
1174.87
1137.9
1102.51
1068.94
1035.97
1003.7
973.536
945.863
917.553
888.482
858.413
827.144
796.551
766.78
746.221
736.93
723.21
704.029
684.447
664.367
649.608
641.516
632.143
621.154
611.879
604.786
596.205
585.715
582.109
587.404
588.969
585.672
585.527
589.523
597.688
611.374
623.606
633.896
648.615
669.295
690.483
712.362
740.907
778.57
823.582
878.728
940.604
1011.83
1086.89
1167.31
1259
1366.59
1479.87
1601.25
1731.45
1874.31
2019.87
2169.32
2329.5
2505.33
2686.7
2876.21
3052.77
3210.11
3369.1
3530.54
3704.22
3896.33
4075.16
4233.8
4383.77
4520.44
4655.53
4788.2
4931.18
5090.23
5234.7
5356.28
5478.83
5602.9
5736.87
5886.62
6011.92
6097.83
6209.38
6362.53
6517.5
6675.44
6833.88
6993.12
7157.58
7330.71
7502.46
7671.89
7848
8035.42
8209.48
8360.73
8521.16
8697.38
8871.9
9043.43
9226.76
9430.76
9619.56
9781.5
9941.21
10096.9
10265.7
10458
10643.3
10816.4
10996.6
11190
11363.8
11501.3
11649.4
11816.8
11991.7
12180.6
12334.2
12420.8
12524.2
12659.7
12792.6
12920.7
13041.1
13146.7
13257.8
13379.5
13484.8
13557.4
13633.5
13716.4
13801.4
13890.5
13965.3
14011.2
14058.1
14107.1
14132.6
14109.3
14098.9
14115.4
14130
14140.6
14147.4
14146.3
14136.2
14106.7
14090.4
14102.2
14106.4
14093.8
14072.4
14031.7
13989.5
13944.3
13898.8
13852.7
13783.2
13660.6
13545.9
13449.2
13350.6
13247.7
13145.3
13044
12960.1
12916.8
12859.2
12767.4
12691.2
12651.9
12618.3
12598.2
12585.4
12590.3
12604.4
12641.1
12672.1
12689
12726
12813.1
12895
12963.5
13039.6
13135
13236.7
13354.7
13469.4
13575.4
13678.8
13775.4
13881.7
14013.8
14149.5
14294.9
14417.1
14476.3
14568.6
14751.8
14904.5
14972.6
15060.5
15203.6
15327.4
15397
15464.9
15527.6
15593.1
15666.5
15724.6
15738.1
15756.6
15789.9
15814.2
15811.7
15811.8
15819.9
15819.4
15792.6
15749.3
15655.3
15573.3
15528.5
15481.9
15429.7
15370.8
15291.1
15220.2
15177.3
15139.4
15117.2
15076.6
14975.8
14884.8
14826.1
14768
14711.4
14648.8
14565.7
14503.6
14513.4
14502.8
14421.8
14350.5
14313
14275.4
14237.3
14211.7
14230.2
14235.2
14190.8
14145.1
14094.6
14047.2
14011.3
13970.7
13912.6
13872.6
13901.1
13912
13855.1
13799.3
13747.8
13706.3
13703.7
13702.7
13708.1
13699.6
13635.3
13574.5
13528.3
13490.2
13485.2
13469.2
13407.2
13350.4
13315.9
13282.3
13252.1
13216.3
13156.1
13088.1
12986
12890.8
12826.5
12763.1
12704.4
12644.5
12579.1
12512.2
12437.6
12357.3
12249.6
12141.5
12031.8
11928.5
11857.1
11777.6
11658.5
11549.5
11490.3
11424.1
11322.2
11218.8
11107.4
11000.1
10913.9
10825.8
10726.9
10634.4
10575.9
10523
10500.1
10464.3
10357.1
10261.2
10228
10185.1
10087
9998.15
9962.69
9926.72
9887.86
9848.76
9808.2
9760.44
9669.23
9584.12
9536.47
9487.35
9429.11
9368.47
9292.64
9225.27
9212.38
9194.38
9142.83
9094.59
9068.41
9043.7
9028.92
9015.35
9010.26
9000
8953.45
8910.58
8894.1
8881.15
8894.04
8906.02
8911.21
8916.45
8922.05
8926.86
8925.66
8924.89
8927.49
8927.88
8910.6
8898
8923.78
8947.24
8951.33
8953.98
8944.29
8935.46
8934.06
8929.76
8899.69
8872.91
8876
8879.94
8891.73
8906.27
8947.03
8983.6
8979.3
8973.7
8955.01
8938.98
8949.97
8959.48
8953.59
8944.74
8904.18
8862.95
8814.29
8764.63
8703.59
8643.35
8592.3
8540.89
8485.24
8427.58
8345.16
8263.61
8192.98
8124.16
8078.91
8031.79
7959.86
7890.92
7863.15
7831.88
7750.86
7672.17
7627.82
7583.83
7545.47
7506.78
7462.92
7417.82
7352.48
7287.87
7235.53
7182.33
7114.19
7046.38
6984.34
6921.92
6852.29
6784.05
6743.49
6701.48
6629.55
6557.43
6481
6404.48
6325.86
6246.95
6161.24
6075.2
5981.09
5888.79
5844.43
5798.15
5697.65
5597.81
5517.89
5437.39
5338.39
5240.39
5176.85
5112.87
5032.45
4952.12
4875.6
4799.65
4748.9
4697.17
4598.56
4500.66
4439.72
4378.96
4328.81
4278.95
4248.28
4216.91
4131.39
4046.13
3983.99
3921.67
3839.05
3756.34
3660.94
3565.39
3441.91
3318.43
3193.35
3068.22
2889.09
2709.97
