-55.5781
-7.12562
41.3269
46.8863
52.3809
51.9022
51.4027
49.1147
46.817
47.0975
47.3972
50.7649
54.1616
54.0024
53.8026
53.7014
53.6015
49.3696
45.0738
46.7673
48.5656
45.5623
42.4653
43.3779
44.3769
49.1823
54.0775
52.5441
50.8458
47.7866
44.6896
44.503
44.4031
47.5949
50.8916
47.4251
43.7287
44.7571
45.9559
47.8283
49.7264
47.1111
44.3138
47.6501
51.2465
48.2439
44.9471
45.659
46.5581
46.219
45.8194
45.6099
45.4101
44.5463
43.6472
46.5345
49.6314
48.0051
46.107
45.5286
45.0291
45.6585
46.3578
45.4612
44.4622
44.0253
43.6256
44.7218
45.9207
46.4664
46.9659
44.5795
41.9821
43.9367
46.2344
43.9897
41.3922
44.5303
48.1267
47.7538
47.0545
45.8946
44.6958
45.2434
45.9427
45.1745
44.2753
46.3967
48.7943
46.808
44.4103
44.5645
44.9641
44.7272
44.4274
43.1295
41.7309
41.7811
41.9809
43.3553
44.8538
43.1968
41.1988
42.7992
44.7973
46.6158
48.414
45.3754
41.779
43.1875
45.1855
45.4892
45.5891
44.5322
43.3334
45.5085
48.1059
46.8939
45.1956
44.558
44.0585
43.118
42.119
46.4882
51.5832
47.0193
41.125
40.7504
41.15
42.1616
43.2605
42.1789
40.7802
41.4702
42.4693
43.3815
44.2806
46.4792
48.8769
45.5696
41.3737
41.145
41.5446
42.4605
43.4595
43.6
43.6
46.084
48.9812
45.9816
41.9855
40.9737
40.4741
40.8253
41.3248
43.5218
46.0193
43.0976
39.2014
40.712
43.2096
41.24
38.4427
38.6727
39.4719
39.6839
39.7838
41.6413
43.8392
44.4505
44.7502
44.1335
43.3343
43.2
43.2
43.8633
44.6625
46.3716
48.2698
47.6922
46.5933
47.9642
49.8623
47.4896
44.1929
44.9929
46.6912
47.9809
49.1797
46.3013
42.505
47.0876
53.5813
53.0146
50.8168
51.4524
52.7511
53.5653
54.2646
53.9166
53.3172
53.4411
53.7408
56.3655
59.5624
60.5199
60.9195
62.2765
63.8749
65.2346
66.5333
62.5129
57.1182
59.3262
63.522
66.217
68.5147
69.788
70.787
67.8557
63.8596
63.0784
63.1783
68.0494
74.2433
74.2736
72.5753
73.0561
74.155
75.4868
76.8854
76.3482
75.2493
76.4675
78.3656
79.8786
81.2772
83.5211
86.0187
90.5858
95.7807
92.4892
86.595
87.7165
91.0133
92.3324
93.0317
93.2758
93.3757
93.3243
93.2244
91.9924
90.3939
96.7751
105.766
106.723
105.025
104.825
105.124
107.441
110.438
111.423
111.723
115.664
120.858
122.422
122.722
125.387
128.883
133.854
139.349
146.02
153.113
158.959
164.354
172.966
182.757
190.359
197.152
206.055
215.746
224.13
232.023
247.366
265.548
277.093
286.084
302.99
322.971
341.085
358.468
378.785
400.264
420.673
440.653
463.694
487.97
519.556
554.122
585.22
614.891
641.174
666.05
697.753
732.319
768.78
806.044
851.847
901.298
935.743
963.716
1001.78
1044.24
1090.31
1137.96
1187.76
1238.51
1284.7
1328.86
1381.48
1437.93
1486.34
1531.1
1583.31
1638.96
1686.96
1731.42
1790.3
1855.93
1905.42
1947.28
1990.49
2034.35
2081.65
2130.6
2168.99
2202.26
2237.61
2273.97
2308.46
2342.03
2380.06
2420.33
2437.85
2443.95
2473.64
2515.29
2528.34
2526.74
2532.79
2542.78
2562.42
2587.1
2597.76
2601.06
2604.03
2606.82
2619.65
2637.83
2648.16
2654.25
2654.52
2651.63
2650.41
2650.11
2644.85
2636.86
2646.5
2665.98
2676.45
2681.85
2680.1
2674.31
2681.16
2695.24
2688.43
2669.55
2663.23
2664.23
2661.51
2656.62
2659.88
2667.97
2663.49
2651.5
2651.24
2658.03
2659.36
2657.36
2649.04
2636.85
2632.69
2633.49
2639.53
2648.82
2652.4
2652.4
2642.36
2625.98
2606.67
2585.49
2579.93
2584.43
2577.59
2563.41
2540.58
2512.11
2497.97
2493.27
2468.96
2431.59
2403.32
2381.14
2354.31
2324.34
2308.04
2301.05
2287.54
2269.56
2247.15
2221.67
2207.37
2200.88
2196.62
2193.92
2191.63
2189.63
2176.1
2154.32
2152.63
2165.42
2154.02
2125.05
2116.37
2122.57
2118.53
2106.94
2105.32
2111.11
2105.55
2091.47
2087.79
2091.98
2099.35
2109.14
2104.02
2087.44
2082
2085.2
2083.91
2079.11
2072.97
2065.78
2062.82
2063.22
2044.75
2011.18
2003.33
2016.22
2008.61
1984.33
1959.34
1933.76
1916.73
1906.74
1890.09
1867.92
1850.25
1836.36
1813
1781.63
1765.15
1761.35
1750.03
1732.25
1713.56
1694.08
1674.6
1655.11
1646.37
1647.07
1639.56
1624.78
1610.89
1597.8
1586.97
1578.18
1572.79
1570.5
1570.08
1571.38
1564.41
1549.82
1548.65
1559.94
1564.73
1563.43
1560.54
1556.14
1552.31
1549.01
1544.95
1540.16
1531.4
1518.81
1515.28
1520.58
1518.31
1508.62
1496.37
1481.58
1469.4
1459.81
1452.06
1446.16
1436.8
1423.91
1398.66
1360.8
1341.75
1342.05
1331.46
1309.58
1292.29
1279.81
1264.93
1247.55
1226.97
1202.99
1188.48
1184.08
1174.73
1160.05
1143.88
1126.1
1116.08
1114.59
1106.34
1090.66
1076.77
1064.88
1049.56
1030.38
1010.77
990.694
968.513
943.937
917.64
889.368
860.494
830.923
799.646
766.378
742.431
729.444
710.834
685.558
656.323
622.356
595.324
576.642
559.224
543.34
528.444
514.757
503.71
495.918
483.226
464.444
450.851
443.758
435.738
426.547
419.598
415.502
413.594
414.493
415.261
415.861
414.509
410.612
413.365
424.853
435.783
445.973
455.308
463.5
474.758
490.143
510.742
538.414
567.269
597.739
637.49
690.039
747.353
811.29
875.144
938.882
1012.89
1101.4
1193.42
1290.42
1399.86
1527.13
1659.02
1797.58
1931.76
2059.54
2193.9
2337.96
2484.19
2633.64
2778.21
2915.48
3046.53
3168.21
3296.67
3435.43
3570.8
3700.98
3827.62
3948.8
4063.03
4166.43
4269.75
4372.94
4474.44
4573.25
4680.63
4801.71
4928.57
5064.74
5197.59
5325.07
5450.84
5573.82
5696.34
5818.12
5953.66
6112.11
6268.54
6421.59
6570.37
6711.93
6866.56
7043.49
7202.1
7329.17
7450.73
7562.72
7686.81
7832.07
7981.66
8138.9
8300.53
8469.97
8624.5
8752.28
8895.69
9067.42
9215.33
9319.73
9450.77
9630.89
9796.12
9933.69
10061.5
10171
10280.7
10391
10501.2
10611.1
10705.8
10771.3
10859.2
10990.4
11104.8
11186.5
11262.1
11325.4
11385.9
11440.6
11498.5
11562.5
11606.6
11610.3
11622
11650.2
11664.9
11651.8
11667.2
11741.7
11792.9
11795.1
11789.3
11766.5
11744.3
11723.5
11711.9
11720.6
11731.6
11747.6
11737.4
11669.6
11609.1
11564.9
11510.6
11433.5
11366.4
11322
11267.1
11188
11109.2
11031.4
10950.7
10863.1
10786.5
10735.4
10676.3
10598.5
10536.8
10513.8
10502.4
10519
10533.8
10544.3
10552.4
10554.6
10566.9
10604
10643
10686.3
10739.1
10815.8
10900.1
11003.7
11097.3
11164.9
11243.4
11350.3
11453.5
11546.9
11648.8
11773
11895.1
12011.2
12120.8
12212.9
12302.4
12384.9
12481.9
12619.5
12731.8
12773.6
12828.2
12919.2
12996.9
13036.8
13082.2
13143.7
13189.9
13192
13197.4
13212.4
13225.2
13231.7
13235.4
13230.6
13219.2
13187.8
13153.1
13108.1
13056.8
12986.1
12932.4
12931.7
12919.9
12873.1
12816
12725.9
12652.4
12632.2
12594.6
12499.7
12425.1
12417.9
12396.4
12327
12262.3
12214
12166.7
12122.8
12083.9
12062
12043.3
12035.5
12020.7
11981.3
11938.2
11881.7
11833.6
11815.9
11794.5
11759.5
11727.4
11705.8
11686.3
11674.3
11655
11608.3
11578.4
11613
11637
11619.6
11593.8
11534.9
11484
11465
11448.4
11441.6
11430.1
11398.9
11365.2
11321.1
11281
11257.2
11234
11213.4
11185.9
11129.2
11075.7
11035.5
10997
10966
10921.4
10816.8
10724
10684.1
10634.4
10539.3
10450.7
10391.8
10331.3
10263.5
10191
10096.7
10009.1
9953.53
9892
9801.19
9707.35
9598.46
9492.13
9398.72
9315.02
9280.96
9238.75
9154.33
9074.7
9020.25
8960.15
8869.84
8783.51
8718.77
8652.27
8576.05
8504.83
8461.57
8423.84
8417.45
8405.55
8362
8317.4
8266.75
8219.24
8190.37
8155.46
8084.13
8019.86
7998.88
7974.57
7929.52
7886.58
7857.11
7827.12
7793.75
7757.73
7704.28
7651.28
7601.22
7556.05
7543.96
7529
7494.24
7465.24
7476.83
7487.71
7493.5
7492.79
7444.64
7403.68
7416.17
7428.24
7437.13
7443.3
7428.52
7417.83
7439.41
7458.74
7460.04
7458.2
7430.63
7405.65
7402.35
7397.92
7383.84
7373.24
7393.13
7411.06
7411.66
7409.74
7384.86
7364.42
7385.3
7404.59
7408.68
7412.32
7411.53
7409.44
7394.56
7381.47
7386.77
7389.36
7363.68
7336.46
7292.6
7249.79
7218.42
7187.68
7164.1
7137.47
7075.33
7012.96
6947.93
6884.96
6847.29
6808
6748.16
6689.53
6646.57
6602.53
6544.09
6486.75
6444.7
6402.85
6363.98
6325.38
6290.51
6253.25
6179.62
6108.37
6074.4
6040
5998.44
5956.41
5906.56
5858.38
5839.39
5817.38
5739.95
5663.18
5598.74
5535.97
5506.2
5474.07
5393.25
5312.83
5241
5169.66
5109.42
5049.29
4991.95
4933.91
4858.28
4782.94
4715.21
4647.6
4583.67
4519.49
4448.26
4376.74
4295.92
4215.36
4143.73
4072.16
4002.83
3934.57
3909.1
3882.39
3802.17
3722.72
3680.27
3637.54
3580.9
3524.56
3486.09
3447.27
3384.23
3321.45
3278.8
3235.89
3170.05
3104.22
3038.78
2973.14
2877.74
2782.24
2668.95
2555.68
2449.39
2343.07
2214.9
2086.72
