-6.97863
40.375
87.7286
96.1791
104.571
99.3235
94.0287
93.8013
93.6015
97.5665
101.563
99.8186
98.0203
94.7405
91.4437
94.3573
97.3543
94.7437
92.0463
91.2145
90.4153
93.0457
95.7431
95.8978
95.9977
95.3168
94.6175
95.6714
96.7703
95.6335
94.4347
94.788
95.1876
94.135
93.0361
90.2947
87.4974
87.8821
88.3816
90.6132
92.911
92.8079
92.6081
91.2583
89.8596
91.9041
94.1019
94.0091
93.8093
92.8475
91.8485
91.895
91.9949
91.1463
90.2472
90.8626
91.5619
93.3948
95.293
95.5885
95.7883
91.2844
86.4891
90.4245
94.9201
96.0431
96.9422
92.6996
88.1041
91.6249
95.7209
92.5555
88.8591
91.1083
93.8056
91.0335
87.8366
87.8775
88.1772
88.4769
88.7766
85.8523
82.6554
87.4556
92.9502
92.5745
91.6753
90.5932
89.4942
86.934
84.2366
86.9164
90.1132
90.0362
89.6366
90.1445
90.7439
87.9929
84.896
85.1421
85.7415
85.8901
85.99
87.6193
89.4175
88.9716
88.2723
87.1251
85.9263
85.8894
85.9893
87.0701
88.269
88.489
88.5889
88.4224
88.2226
87.3141
86.315
86.2884
86.3883
85.6944
84.8952
86.4721
88.3702
90.7952
93.2928
92.8115
91.9123
89.702
87.3043
87
87
89.0016
91.2993
92.3815
93.2806
93.3133
93.2134
90.7797
87.9824
85.9614
84.0632
89.8233
96.8164
96.4264
94.8279
95.1139
95.7133
93.8344
91.5367
93.8432
96.9401
98.3357
99.4347
101.891
104.589
102.714
100.016
103.739
108.635
106.534
103.138
100.666
98.3682
102.95
108.844
108.879
107.78
110.272
113.469
114.916
116.015
111.546
105.951
111.799
119.991
121.979
122.678
124.533
126.631
128.893
131.191
132.421
133.42
133.764
133.964
137.024
140.721
141.889
142.489
145.284
148.581
154.475
160.968
164.629
167.626
168.523
168.923
173.431
178.926
178.875
177.476
179.846
183.142
188.199
193.693
196.555
198.753
203.657
209.251
209.606
208.607
214.181
221.474
225.923
229.619
232.37
234.868
239.094
243.79
245.584
246.583
248.13
249.828
248.639
246.641
251.803
258.996
264.481
269.476
273.542
277.339
280.749
284.045
289.885
296.478
297.231
296.232
303.052
312.243
312.489
309.991
316.416
325.607
328.713
329.911
332.4
335.297
335.395
334.595
338.928
344.923
350.54
356.035
360.028
363.524
363.351
361.953
365.484
370.679
372.819
373.918
381.333
390.923
396.586
400.882
406.287
412.081
422.519
434.607
442.799
449.592
458.072
467.163
480.788
496.073
512.306
528.89
547.438
566.719
580.487
592.175
604.153
616.242
633.236
652.117
677.402
705.175
725.485
742.868
767.049
793.923
814.945
833.627
858.358
885.531
909.865
933.043
962.944
995.612
1028.56
1061.63
1094.34
1126.91
1156.25
1184.22
1215.21
1247.48
1286.1
1327.45
1358.17
1384.24
1425.51
1473.47
1516.23
1556.69
1591.28
1623.25
1668.09
1718.74
1764.72
1808.58
1854.83
1902.19
1949.4
1996.56
2048.68
2103.12
2137.29
2161.86
2207.34
2262.79
2326.26
2393.59
2435.03
2463.91
2492.38
2520.65
2554.4
2590.87
2626.53
2661.8
2686.69
2706.37
2722.01
2735.6
2758.77
2786.84
2807.34
2823.92
2840.31
2856.59
2869.27
2880.06
2887.46
2893.05
2904.89
2920.08
2920.73
2913.53
2913.26
2916.76
2919.03
2920.63
2915.09
2905.6
2895.92
2886.12
2894.49
2913.07
2911.32
2898.04
2911.37
2939.94
2944.83
2936.03
2937.28
2944.38
2943.35
2937.55
2937.28
2940.28
2940.27
2938.47
2940.29
2944.29
2949.72
2956.01
2961.37
2966.17
2981.59
3003.57
3018.34
3028.63
3036.53
3042.92
3061.73
3088.41
3095.93
3091.24
3086.06
3080.56
3084.88
3095.57
3090.2
3074.31
3057.58
3040.3
3024.94
3010.85
2998.38
2986.99
2969.76
2948.58
2934.77
2925.98
2911.98
2894.39
2885.66
2883.07
2878.35
2872.16
2861.45
2847.56
2845.6
2852.09
2846.29
2831.71
2830.07
2837.76
2837.18
2830.59
2831.55
2838.04
2834.13
2822.54
2820.35
2825.14
2827.6
2828.3
2830.87
2834.87
2843.06
2854.45
2851.66
2837.97
2832.73
2834.03
2838.81
2846.3
2848.65
2846.95
2838.74
2825.35
2821.73
2825.93
2825.37
2820.97
2806.87
2784.9
2773.57
2770.97
2763.01
2750.63
2735.84
2719.05
2710.58
2709.09
2702.71
2692.23
2679.69
2665.4
2653.59
2643.9
2630.14
2612.85
2603.79
2601.89
2602.59
2605.59
2596.62
2577.04
2568.75
2570.55
2557.21
2530.23
2523.21
2534.3
2533.7
2522.41
2513.98
2508.19
2507.11
2510.4
2496.37
2466.1
2459.72
2475.91
2484.21
2485.01
2483.46
2479.66
2482.57
2491.97
2498.42
2502.02
2506.72
2512.52
2512.89
2507.89
2507.8
2512.6
2504.49
2483.41
2475.98
2482.37
2479.22
2466.33
2459.8
2459.8
2461.37
2464.57
2459.9
2447.01
2443.46
2449.76
2444.71
2427.63
2409.44
2390.06
2381.34
2384.14
2390.86
2401.85
2407.79
2408.19
2407.83
2406.63
2401.79
2392.9
2387.4
2385.7
2377.86
2363.07
2351.74
2344.35
2326.5
2296.62
2270.55
2248.87
2225.76
2200.99
2177.59
2155.81
2131.84
2105.26
2075.28
2041.21
2012.13
1989.05
1973.74
1967.84
1955.16
1934.18
1914.73
1897.14
1882.28
1870.79
1862.89
1859.49
1858.35
1860.05
1853.7
1837.12
1832.83
1844.32
1848.93
1844.63
1844.15
1848.65
1858.11
1874.09
1892.52
1914.2
1935.16
1955.14
1977.25
2002.22
2028.3
2055.87
2086.61
2121.67
2165.14
2220.19
2278.03
2339.77
2396.02
2444.57
2503.48
2577
2653.25
2733.37
2810.95
2884.88
2960.48
3038.5
3124.73
3222.94
3321.26
3419.77
3507.77
3580.2
3672.85
3795.73
3901.59
3981.81
4068.78
4165.98
4252.93
4324.16
4398.88
4479
4561.55
4647.86
4730.91
4808.84
4881.04
4944.18
5012.43
5088.86
5171.21
5263.12
5345.36
5411.9
5486.65
5574.87
5677.14
5802.61
5928.88
6056.45
6188.24
6327.11
6463.71
6596.48
6725.71
6848.88
6977.35
7114.92
7248.54
7375.31
7508.7
7653.66
7789.98
7911.06
8040.87
8186.23
8321.91
8440.19
8567.43
8710.89
8847.17
8970.35
9096.17
9226.84
9368.31
9529.85
9682.08
9816.85
9945.78
10063.7
10169.8
10253.5
10352
10479
10589.9
10669.5
10751.7
10838.9
10927.4
11018.4
11101.9
11170.3
11235.2
11293.2
11339.6
11362.8
11399.1
11462.1
11516.7
11553.9
11571.9
11550.1
11544.8
11574.1
11588.7
11572.4
11564.4
11574.4
11579.1
11572.6
11546.4
11477.3
11435.9
11455.4
11465.9
11456.7
11427.2
11352.2
11280.5
11216.3
11153.9
11095.7
11021.5
10910.3
10819.7
10776.8
10723
10643.5
10571.4
10516.8
10468.3
10434.1
10406.5
10394.7
10389.7
10401.2
10405.2
10390.8
10391.5
10429.7
10463.2
10485
10514.6
10564
10619.8
10691.5
10764.6
10841.1
10924.3
11024.8
11122.2
11211.5
11303.3
11401.8
11501
11601.8
11703.2
11806.3
11896
11949.3
12016.5
12122.4
12224.4
12315.6
12394.9
12440.2
12488.9
12547
12602.5
12650.3
12682.6
12670.1
12676.7
12739.6
12777.1
12739.4
12714.8
12729.2
12724.2
12660.7
12607.1
12583.8
12560.1
12535.4
12510.3
12484.2
12451.2
12396.3
12339.7
12278.2
12218.2
12163.3
12108.3
12053.5
11997.1
11935.8
11877.5
11829.3
11786.9
11763.6
11736.4
11695.7
11651.2
11593.1
11542.6
11518.4
11488.1
11436.1
11389.2
11360.7
11330.8
11295.9
11264.4
11245.6
11221.7
11179.1
11149.4
11168.6
11177.6
11147.8
11114
11064.6
11017.1
10976.8
10948
10964.7
10980.6
10993.6
10986.7
10900
10832.8
10844.7
10848.1
10816.1
10783.5
10749.1
10709.1
10645.7
10591.1
10573.8
10545.9
10471.4
10410.2
10407.2
10393.9
10334.3
10276.2
10224.7
10170
10101.2
10031.4
9957.32
9888.23
9842.77
9789.29
9697.58
9607.28
9523.76
9442.98
9375.65
9305.2
9219.29
9141.15
9102.18
9053.51
8955.21
8862.7
8800.26
8735.19
8656.27
8581.02
8525.37
8467.75
8399.42
8337.54
8311.17
8278.09
8207.55
8141.17
8098.31
8050.83
7976.7
7907.52
7867.26
7822.74
7752.91
7691.51
7681.02
7665.56
7619.6
7575.89
7546.11
7512.56
7455.02
7400.16
7362.59
7322.65
7267.1
7217.11
7204.12
7189.62
7164.84
7142.39
7136
7130.3
7129.5
7124.81
7092.24
7063.71
7064.61
7063.46
7047.07
7037
7074.77
7107.98
7106.08
7102.72
7087.84
7074.26
7071.16
7069.92
7083.91
7094.9
7080.92
7067.23
7056.04
7045.54
7041.04
7035.04
7015.66
7000.11
7019.39
7038.05
7050.94
7061.85
7053.96
7046.89
7047.89
7049.56
7057.96
7066.27
7073.76
7078.42
7053.44
7029.35
7014.66
6998.51
6966.24
6935.22
6918.23
6897.56
6834.12
6774.14
6755.36
6734.5
6688.15
6640.28
6573.34
6507.88
6461.53
6414.88
6364.33
6314.67
6277.2
6239.01
6190.46
6141.17
6081.03
6022.74
5992.67
5961.48
5912.73
5865.53
5843.66
5819.29
5752.85
5688.57
5662.1
5634.54
5587.18
5539.9
5493.95
5447.68
5395.23
5342.19
5276.96
5212.53
5165.68
5118.3
5059.06
4999.47
4931.53
4863.83
4801.79
4739.88
4681.44
4623.19
4570.34
4517.68
4470.83
4423.01
4344.39
4265.92
4192.69
4119.68
4054.95
3990.77
3949.02
3906.75
3842.41
3778.49
3734.43
3689.95
3623.02
3556.54
3516.77
3476.6
3408.46
3340.62
3295.57
3250.52
3206.06
3161.4
3093.26
3025.12
2956.19
2887.18
2801.76
2716.32
2623.51
2530.67
2406.9
2283.12
