62.905242
52.266856
56.712712
57.505483
56.885514
53.558611
62.330015
66.196363
61.442780
58.073516
57.038151
63.307342
66.294096
67.808505
72.407945
69.186641
67.987446
71.793458
69.673162
69.468444
72.204569
73.330956
74.101392
74.689389
67.699584
74.429173
80.176382
81.314666
85.197759
84.458235
80.768056
85.560755
90.670332
91.112834
91.673637
105.541857
108.082405
103.317423
104.195968
112.331500
114.744066
116.306175
113.471143
110.469211
116.025306
124.495341
125.683226
123.767284
126.249276
130.691507
136.131639
135.258855
144.471011
158.275477
158.570603
169.176105
179.636676
198.863902
219.596220
233.455994
256.718658
285.016203
305.401592
333.842105
376.768526
415.377158
464.345314
515.099598
557.789151
623.539945
690.595175
762.687519
847.502237
930.001906
1022.553271
1132.675789
1241.562970
1354.695028
1481.789323
1613.229098
1742.635763
1877.757105
2023.953872
2183.175564
2333.711469
2470.549398
2623.723929
2765.424023
2886.199211
3023.341391
3162.988515
3289.376271
3400.680226
3474.193220
3560.493947
3641.566767
3703.786516
3777.625658
3825.469643
3852.339398
3889.726836
3960.576429
3960.224436
3963.253271
3976.045000
4000.140207
3981.871053
3983.335414
4027.864041
4021.589379
4012.188459
4023.193289
4019.794868
4015.043684
4034.223158
4050.835602
4040.720923
4021.326203
4024.110678
4034.645470
4018.191805
3988.603766
4007.116353
4009.088534
4013.126353
3977.728757
3931.312744
3883.053684
3833.560526
3776.309868
3694.830056
3612.232744
3559.478757
3515.614474
3468.118945
3402.712782
3377.970075
3347.714407
3324.136278
3318.819098
3305.410808
3266.183484
3255.142632
3253.730301
3218.406780
3189.181053
3199.525085
3203.943139
3189.690678
3189.955414
3195.920827
3182.369342
3173.001278
3150.138945
3140.277481
3102.072331
3048.734737
3000.326215
2968.194286
2915.293684
2858.306478
2796.296053
2746.991996
2711.577143
2642.967162
2599.822744
2560.795714
2512.365564
2482.672707
2438.875198
2408.203985
2396.527669
2360.318910
2330.350527
2332.228233
2302.718966
2281.837288
2283.281053
2284.143785
2293.606805
2304.284023
2287.352256
2271.412387
2253.010169
2233.768421
2184.078927
2145.835921
2083.756955
2037.251692
1987.442744
1942.320188
1889.255188
1837.731579
1784.224079
1743.404633
1710.704774
1674.945620
1645.695959
1594.646798
1555.998722
1527.310056
1473.532693
1382.466617
1306.535763
1228.402105
1150.014586
1072.625179
990.254058
928.707447
867.977316
805.028220
755.483254
717.914654
683.987308
651.055934
622.061024
604.045474
587.267798
589.301289
577.240328
573.515466
570.604898
588.926203
615.583752
651.291316
687.199250
739.247252
817.661579
936.632500
1093.076654
1272.923459
1510.228305
1779.420169
2118.839831
2494.762406
2886.020640
3322.590921
3772.657782
4238.904991
4715.732199
5156.331579
5652.026842
6070.749435
6448.453252
6870.383271
7261.665047
7613.725282
7996.671563
8345.447970
8747.740000
9149.615996
9609.709662
10089.152068
10552.660714
11036.575141
11549.865414
12079.179699
12581.707895
13046.761582
13560.668421
14059.498684
14515.925424
15023.614286
15545.672693
16022.093421
16515.862335
17026.380451
17409.987970
17870.139286
18217.335338
18592.575706
18937.053759
19285.293785
19642.886842
19855.755932
20048.252820
20231.487218
20347.067669
20481.991353
20616.816384
20628.187594
20671.837218
20686.106579
20716.627068
20675.471429
20621.200752
20557.820527
20419.185714
20339.663346
20208.632895
19947.200000
19709.487218
19439.637594
19212.716761
19055.645113
18888.732580
18791.637782
18724.093985
18643.375141
18730.044549
18849.034586
19007.771805
19174.447646
19384.989286
19673.291729
19975.052632
20282.555263
20569.300376
20918.443985
21286.290960
21620.696992
21940.181168
22238.440602
22517.034211
22782.203202
23008.561278
23127.860526
23200.296805
23257.567797
23205.946617
23197.789662
23118.119737
23058.976316
22929.992844
22830.326316
22731.205273
22534.007519
22333.174011
22175.098120
21955.617293
21731.454237
21557.735150
21433.655075
21254.466165
21100.188701
21055.234023
20975.360150
20870.976316
20776.481579
20735.051789
20638.452632
20549.883616
20524.940226
20488.494162
20355.486842
20185.101316
20142.422034
20181.006015
20094.418644
19923.867857
19793.437665
19717.610526
19577.274011
19473.968421
19363.821053
19222.271751
19028.064474
18835.264972
18630.873684
18405.712994
18174.485338
17928.790977
17695.403759
17469.620113
17145.972316
17018.543233
16708.367797
16459.384774
16236.587006
15986.673684
15746.401316
15543.604520
15312.440977
15133.472881
14941.552068
14776.227119
14624.290977
14426.087782
14262.261842
14128.365789
13935.550659
13865.669737
13716.721805
13521.387218
13459.787571
13398.481579
13308.728947
13258.840301
13228.649624
13159.085876
13148.680451
13137.847834
13119.086090
13118.281203
13125.803383
13163.322180
13157.551601
13105.684211
13138.745677
13130.851601
13083.378571
13057.481579
13091.875000
13095.722034
13117.646617
13117.703195
13117.417857
13102.127820
13076.050000
13058.496053
12994.846139
12856.414286
12712.083051
12578.287030
12498.557143
12312.274576
12087.649248
12003.043421
11835.121053
11588.727872
11434.629699
11296.242857
11133.094737
10986.517481
10839.641243
10679.988722
10539.727495
10419.510526
10267.686252
10066.880827
9889.490677
9733.435763
9540.672932
9339.314737
9108.959868
8890.500169
8694.114474
8468.433365
8248.488816
8030.165789
7784.628927
7538.754060
7329.595650
7129.353008
6915.208286
6724.888891
6562.447218
6416.450207
6221.333402
6045.129096
