185.518789
182.705070
197.429688
206.441398
198.932814
216.398863
232.432797
254.296707
259.309953
267.556492
283.620865
298.340883
322.126357
344.682085
357.476677
379.804650
404.522171
425.372184
438.386692
467.519603
495.953164
514.866970
539.648486
561.762160
573.855486
591.680211
616.290748
648.731314
671.769406
692.833719
713.073445
733.202296
770.742632
797.413864
824.419483
832.128015
880.031294
900.326470
932.184563
970.638714
995.095710
1005.372444
1027.238571
1048.931429
1049.520733
1052.688249
1075.862481
1091.615725
1092.261184
1113.142429
1144.114361
1163.778158
1209.941130
1241.860752
1290.948550
1344.101391
1379.837232
1462.373233
1497.256504
1551.703070
1623.387707
1683.942712
1743.369229
1826.856692
1930.624211
2034.022241
2144.087180
2245.944436
2337.256271
2449.639680
2551.111243
2675.400902
2794.905537
2878.776316
2986.087594
3136.114211
3277.869417
3403.589492
3547.560752
3712.375658
3878.059153
4047.341579
4227.273459
4406.537801
4575.485537
4776.782556
4977.696278
5137.487500
5335.164211
5521.874173
5665.634380
5842.941864
5945.774060
6051.032392
6162.944643
6245.980602
6322.852844
6377.861316
6410.718929
6485.424060
6498.036497
6523.782143
6532.212068
6566.391805
6561.666429
6532.925989
6515.848496
6474.402256
6485.787519
6488.039492
6499.505075
6514.012406
6516.251184
6528.833684
6557.746466
6581.457744
6563.442072
6557.103609
6610.689831
6678.224060
6753.829323
6788.928644
6873.011880
6906.105771
6971.821880
7039.517100
7041.804436
6995.410376
6949.074737
6914.051316
6850.730603
6752.139286
6705.631205
6679.589868
6631.031563
6646.234135
6634.819060
6602.383503
6588.959586
6604.258534
6609.732669
6605.560621
6593.010226
6554.982274
6556.571789
6575.338684
6580.437458
6624.741203
6652.938814
6666.575564
6721.785244
6698.052105
6677.165564
6674.338267
6662.657519
6612.376316
6580.753759
6540.889718
6528.139079
6546.940226
6498.845066
6411.912237
6390.894576
6404.890000
6378.691955
6353.127932
6336.529286
6309.629361
6286.005357
6285.137928
6231.220226
6218.491711
6210.161165
6194.479981
6161.964662
6147.983797
6146.496780
6136.828947
6136.266139
6139.227763
6148.683985
6198.725714
6187.317143
6175.161372
6219.796692
6229.145085
6249.573026
6240.553647
6251.611353
6276.065226
6313.009173
6319.989699
6375.670000
6431.640263
6466.916836
6525.136917
6583.693308
6605.158346
6617.223484
6648.914887
6645.303778
6649.623635
6611.383647
6553.222542
6513.979023
6474.534135
6381.533578
6316.312180
6267.218026
6215.614474
6155.379435
6107.827218
6079.242180
6039.865639
5997.331823
5989.499135
6019.212444
5992.760188
6062.519323
6103.434802
6163.124737
6204.342481
6299.920226
6356.033872
6413.793158
6500.332500
6572.672034
6668.086541
6762.802857
6840.033872
6977.995489
7095.104237
7216.977105
7346.118136
7514.387143
7731.712505
7965.665150
8134.248534
8350.438041
8572.385075
8763.311974
8976.262632
9171.936723
9403.893440
9650.925602
9877.637627
10152.106015
10425.243503
10663.290226
11013.200000
11389.268797
11837.930451
12217.518045
12687.616917
13227.223917
13715.024060
14226.425564
14688.180263
15130.127684
15642.790226
16190.998684
16707.355932
17213.333835
17739.729755
18251.018985
18712.623917
19214.092481
19760.365602
20180.457707
20582.065414
20994.144068
21302.866353
21617.833522
21889.984211
22099.752166
22333.741917
22507.124812
22614.451128
22669.281767
22696.718644
22820.690602
22828.211842
22884.145301
22896.363158
22827.000000
22719.573496
22598.607721
22501.550000
22307.564286
22059.015789
21723.700000
21439.396992
21132.512030
20815.667608
20598.138722
20467.767232
20391.831579
20371.090977
20394.694915
20474.147180
20599.625188
20721.100376
21073.918456
21303.264850
21608.628571
21918.673684
22277.680263
22692.048872
23054.439098
23487.654802
23901.316729
24202.306780
24574.845865
24926.405639
25052.579096
25220.753008
25369.647744
25524.425188
25526.671186
25417.763910
25365.484023
25298.217105
25208.744737
25029.230697
24785.235338
24583.692279
24403.205263
24238.870621
24095.448684
23881.724060
23648.817326
23521.341353
23344.703195
23155.635338
23119.290960
22964.552444
22831.817293
22658.518421
22511.792105
22430.454049
22331.554135
22295.236347
22223.831579
22136.873070
22075.769549
21971.643233
21918.650847
21845.484211
21706.639171
21609.860714
21456.461394
21340.805263
21211.672128
21150.305263
21035.952632
20893.317514
20700.891729
20457.622411
20150.542105
19873.163465
19621.204323
19313.621805
18987.157895
18651.596617
18345.322034
18045.157519
17784.863277
17510.426880
17317.339736
17020.094737
16813.005263
16623.836158
16441.228195
16268.006780
16005.733459
15763.630508
15600.369173
15444.209586
15274.712406
15111.514286
15007.929002
14818.113534
14654.575940
14528.981955
14416.349718
14326.228947
14240.021053
14160.518079
14062.021992
14028.617702
14058.158647
14054.383239
14052.262030
14104.011278
14148.935714
14145.602632
14131.728060
14123.586466
14079.016917
14018.653672
13972.985338
13940.323684
13957.032895
14012.991525
14064.887970
14090.179135
14035.437218
13976.281203
13943.450000
13868.611090
13750.398682
13608.500000
13416.076836
13247.388722
13088.542857
12960.762900
12734.632331
12524.364474
12377.857895
12179.090960
11982.990977
11828.612406
11700.846241
11528.069173
11383.360640
11254.071429
11061.366478
10862.031203
10711.231073
10515.445113
10275.003008
10079.317288
9866.036391
9643.890526
9403.453158
9134.439529
8831.016015
8609.200470
8396.960414
8162.094135
7911.857571
7696.275357
7495.009040
7267.227970
7051.171864
6876.129398
6711.921955
6539.913051
6320.061880
6138.185198
