84.246211
96.381928
86.891510
94.502164
90.148159
87.445370
86.861792
94.801219
91.063636
97.952420
95.121571
93.779030
99.691299
103.978492
104.985827
107.616989
113.817303
110.673895
109.220286
115.473519
112.905281
112.388496
111.522657
122.657598
121.271898
126.667782
122.621118
123.071752
128.862962
131.018895
134.171075
137.429143
135.269868
139.199068
141.840872
136.546602
140.135379
139.109184
153.922017
154.136500
156.475028
159.522380
165.060286
164.255421
160.348064
161.605499
167.478267
170.719887
170.080724
170.128625
170.212744
174.126994
169.296520
187.557846
183.173128
190.341707
195.199753
200.240128
207.733895
214.855264
219.933737
228.496220
248.985216
260.870624
261.002368
281.942985
301.443491
315.833959
321.090932
340.178820
364.598554
385.947932
405.841734
444.325718
463.269120
494.293628
523.058571
549.959646
574.794271
603.885908
640.914328
675.388789
712.367929
750.264806
791.009365
836.396256
874.439780
924.457378
968.017609
1013.371898
1040.434455
1080.464068
1115.759173
1134.332957
1155.747049
1177.220263
1196.963861
1218.686579
1229.697857
1244.152331
1257.233446
1280.397857
1275.985451
1266.057632
1275.587857
1273.233653
1286.983158
1283.264586
1279.729436
1280.251525
1282.883947
1290.558308
1290.816447
1279.195263
1279.084887
1291.028365
1290.516328
1294.304925
1287.473898
1272.782049
1272.124586
1281.348606
1279.868365
1291.891109
1291.790301
1290.000000
1289.307293
1282.039774
1273.412105
1260.714605
1227.567571
1191.281692
1183.916064
1167.080695
1155.187985
1160.569098
1150.302820
1148.583842
1151.316241
1125.235301
1112.234568
1115.978192
1112.073609
1105.814530
1105.471262
1109.378421
1111.321017
1107.808797
1104.332373
1102.997368
1105.783346
1091.085508
1085.116805
1099.725461
1101.916090
1093.708947
1068.002932
1061.662881
1057.828346
1035.129173
1028.632241
1026.679868
1009.312279
991.438286
977.111904
978.419346
965.088000
945.489383
951.060705
946.859959
936.716218
927.134214
921.463945
912.221802
906.774173
907.318656
900.321644
896.657263
892.431226
880.474068
879.250470
890.410207
900.641289
893.530258
891.102835
877.822650
871.680154
875.474665
863.041684
859.702462
839.947402
838.754692
829.366789
831.116868
831.948921
820.919293
814.907308
807.091214
811.452925
797.690684
797.708729
793.340508
776.934530
762.788949
749.534145
749.870150
731.298188
708.106111
698.137921
674.389605
653.631797
649.471494
643.064143
627.541752
613.318654
618.995816
619.894786
613.982891
617.520133
616.251699
615.964729
626.272361
631.557136
638.794910
654.663368
667.314000
684.457582
707.848075
730.968429
762.257596
810.531023
862.413492
908.537282
962.478915
1007.756857
1092.696855
1155.653421
1240.396053
1332.029360
1425.815451
1493.278421
1568.996316
1664.653955
1748.758346
1831.562406
1935.370960
2032.054173
2103.901149
2185.903609
2291.935556
2397.149098
2500.894248
2617.315677
2714.985301
2849.848041
2977.227970
3135.964135
3288.104079
3431.813540
3563.947632
3674.433722
3812.464576
3969.569925
4086.359284
4238.551729
4378.730942
4484.504248
4658.200940
4773.520000
4888.421729
5003.727514
5115.755038
5226.688625
5280.655000
5361.553371
5464.440188
5532.865338
5565.510977
5585.497575
5610.414237
5639.200865
5647.023571
5699.016898
5699.494737
5699.824286
5699.606053
5690.178945
5649.721429
5621.648741
5564.418026
5519.750000
5466.583835
5373.408346
5302.682090
5273.164023
5212.407910
5132.798214
5125.719699
5127.725989
5114.748440
5121.919455
5211.701617
5208.346309
5230.728835
5294.088496
5369.045263
5432.430395
5497.627895
5576.955489
5660.629774
5732.027801
5813.356855
5920.391353
5995.673402
6029.783540
6101.326917
6138.472256
6146.026729
6160.650339
6147.658947
6126.109154
6098.642763
6089.599211
6062.586460
5993.739887
5988.480132
5953.066992
5867.431751
5809.981447
5733.942331
5705.935782
5674.312143
5642.886729
5594.720376
5540.181902
5506.919474
5489.686842
5458.832105
5425.484342
5405.779831
5386.585263
5371.618380
5360.956767
5337.990490
5287.865150
5230.904229
5219.244237
5237.753383
5190.804200
5164.857857
5094.832806
5091.426316
5021.111808
5008.931053
4992.718421
4956.911582
4912.100508
4848.030772
4783.626504
4726.202768
4654.782274
4576.112406
4510.014060
4441.687425
4387.227797
4335.136692
4217.539492
4157.335714
4134.678362
4069.164737
4004.602105
3932.128964
3865.410602
3802.626610
3774.198741
3747.718644
3693.290752
3638.509624
3585.329586
3528.525789
3511.430584
3458.664173
3443.745865
3393.999624
3359.473051
3315.299868
3280.974211
3263.526008
3250.021466
3239.773748
3219.985263
3215.284557
3234.347575
3244.692368
3222.873835
3199.214305
3214.769247
3221.518647
3232.675056
3210.636271
3197.060940
3187.114211
3192.744211
3192.312542
3191.808120
3191.985489
3187.868929
3168.231541
3173.271429
3181.720508
3157.002524
3124.857143
3096.061130
3081.414831
3064.744286
2986.037269
2953.783741
2890.384737
2839.702105
2827.776252
2795.235959
2722.557105
2690.621992
2680.040150
2626.743785
2582.513158
2563.988889
2519.050470
2472.868117
2446.606053
2389.713440
2341.842373
2319.187895
2267.645789
2211.860000
2161.925593
2115.842594
2056.199981
1984.395846
1921.123835
1888.937232
1837.127838
1785.907401
1744.431278
1670.115386
1613.925846
1585.289474
1529.543503
1493.585545
1459.658983
