32.998205
28.190527
30.770621
24.630532
23.900236
36.603336
27.855473
24.901768
31.984274
34.004120
37.097948
35.278694
33.920365
37.041720
34.491582
27.565537
26.169563
28.969497
33.277877
29.990828
37.187056
40.851395
25.491831
32.173247
38.430002
36.882892
39.914070
31.735657
29.855977
37.409026
33.170902
28.095441
34.365663
30.927461
35.170568
41.549841
35.042110
36.965852
49.463389
39.540907
44.638303
37.599140
33.667357
40.051412
44.944520
41.337108
39.963418
41.634856
40.790176
43.305991
37.589060
46.391331
49.861077
44.208342
45.151983
67.358107
57.254586
65.406558
62.308156
67.929224
68.653764
75.901658
81.871693
84.028166
94.008216
94.242631
97.302498
106.194868
118.645139
142.934171
151.812480
162.009226
169.996424
196.747789
212.340301
232.816605
246.014218
257.306783
277.224203
301.050421
325.836446
350.536421
375.665635
408.879863
414.632412
436.543406
471.714432
488.376765
506.288842
526.144342
555.982017
576.647881
587.618654
603.051311
624.208476
632.216801
638.185303
655.819316
660.995679
666.134105
675.692023
678.440643
696.813064
697.647429
688.440571
678.732556
669.764406
668.967820
668.730137
675.712034
686.106199
680.638996
673.590579
676.196421
673.343602
678.252440
682.844433
673.139673
667.123237
671.168107
670.618323
670.426077
676.336303
677.647835
665.539541
668.088827
657.088660
643.088820
629.389316
618.791513
617.470887
602.549365
583.220620
567.586867
573.772637
570.788286
574.656190
553.690751
552.625846
539.522293
540.287541
544.553776
546.289000
543.844096
542.090331
539.160263
532.976458
524.518539
517.019847
530.560962
528.799318
514.200938
521.822105
511.471684
507.916425
498.777820
502.569098
484.478797
484.739137
480.979117
464.779970
455.046434
440.864533
425.633143
434.896032
429.202671
412.864071
402.481135
407.159237
403.693642
400.090962
392.243004
404.374883
396.117390
387.221929
389.619524
385.317949
381.472053
387.113994
390.068568
381.258831
371.979376
381.455771
383.568203
379.405744
379.484921
347.436806
336.254383
347.137820
342.295923
327.187502
323.806511
314.987789
307.790408
302.967147
302.110617
305.511331
296.384712
288.132893
281.397624
269.171201
262.517501
253.819248
231.905458
222.893844
220.494842
211.484981
203.600194
193.030487
178.693526
169.223143
165.871494
157.145714
143.185233
140.817310
142.876154
134.889086
140.343798
144.406457
140.159388
139.829098
140.918355
151.583486
148.438590
148.504474
167.327750
184.450094
194.305218
215.393786
239.739874
254.766143
297.277593
357.547780
395.224559
449.005113
519.455363
587.487124
643.065271
705.247341
772.495026
839.811171
911.243526
977.326367
1029.839135
1079.673346
1135.579096
1184.749868
1225.884350
1289.383684
1360.816667
1422.256241
1480.585827
1552.819135
1642.056485
1702.531055
1762.422481
1830.503102
1899.201053
1978.779586
2044.058797
2105.000620
2185.170169
2273.701880
2345.800282
2398.385357
2490.691262
2552.940489
2602.055865
2668.487444
2725.254812
2779.643051
2821.144079
2844.322373
2877.096316
2914.168550
2941.125301
2967.474662
3006.694812
3027.864568
3006.421412
2996.359887
3021.955771
3029.247030
3012.692932
3004.915714
3011.332180
2992.259379
2970.310714
2967.885940
2912.051316
2877.510000
2841.032632
2798.440940
2757.754181
2730.771391
2716.443823
2703.716485
2726.139474
2714.006497
2725.391184
2746.748496
2750.484887
2805.440151
2841.686842
2896.693083
2921.772105
2960.100000
3008.622857
3064.686053
3101.421469
3147.004398
3216.283315
3270.041729
3316.716147
3334.631224
3341.399850
3378.924887
3431.198797
3408.438983
3358.703835
3379.260695
3368.881447
3365.933684
3362.480471
3335.754586
3310.556309
3291.848571
3263.879153
3230.032350
3215.687180
3219.591205
3168.951128
3125.645808
3127.069549
3090.379605
3100.421259
3053.055526
3059.422105
3055.274737
3004.326271
2997.857368
3008.951582
3020.678477
3005.848945
2975.944737
2970.664398
2940.476610
2923.164211
2920.200414
2888.184643
2880.165443
2853.074436
2838.946403
2850.477105
2846.370000
2813.391356
2758.909549
2730.004802
2720.527820
2690.840621
2639.424154
2587.520000
2560.180376
2555.696053
2489.682655
2444.609887
2395.907175
2352.214211
2323.659322
2315.038421
2283.932895
2250.668230
2217.819060
2196.809492
2174.196805
2153.714915
2139.840301
2120.629361
2093.887218
2065.884586
2039.756930
2020.682143
1985.723534
1969.671729
1992.955085
1956.852500
1927.898947
1918.610188
1909.320808
1907.422731
1915.269098
1900.530452
1883.971880
1893.332293
1893.181429
1883.449662
1913.030753
1907.466992
1897.040508
1879.344557
1865.417519
1878.904211
1879.216053
1886.173898
1915.220451
1910.784906
1903.931635
1897.906278
1883.563571
1866.166617
1854.447702
1851.540000
1829.630452
1767.789154
1751.348571
1739.040264
1710.693120
1692.701184
1663.672105
1633.395913
1630.296692
1630.272481
1602.759774
1583.149605
1553.379096
1518.340602
1494.576139
1471.005169
1457.037194
1449.729887
1403.158778
1357.723729
1324.910376
1299.156842
1263.632632
1242.367006
1195.345677
1143.060865
1121.201823
1095.780075
1062.402090
1033.126635
996.596921
962.990752
943.114501
915.133564
900.515820
880.867514
841.965579
819.781034
