111.065632
111.947343
117.067744
125.414857
121.763288
120.675750
125.503186
122.163714
125.922925
126.606430
127.205831
136.567746
141.004806
140.019740
141.430218
145.418627
157.469934
160.635658
171.522425
174.504008
188.581763
186.426158
191.586235
187.178818
195.215531
196.810853
202.798085
198.687258
199.266346
214.807279
222.828925
220.604247
230.650158
243.499644
246.670489
239.144857
243.024399
257.528083
264.367089
267.541000
272.405991
282.164974
290.060286
299.172060
298.045859
295.914870
298.515602
301.037437
310.081171
320.456629
324.933534
333.322408
346.795085
355.448485
368.894697
388.714835
389.799623
404.392534
438.895336
447.853439
466.561932
495.598153
522.494607
553.997662
586.556474
619.045090
659.938421
702.133177
742.727079
789.323220
832.087113
888.799045
955.680119
1022.111325
1063.078383
1132.724925
1201.334154
1279.083051
1363.818722
1455.319267
1550.553616
1635.785789
1741.067782
1856.565921
1957.064388
2057.728120
2172.043214
2272.403891
2369.296203
2446.508421
2584.588120
2647.432373
2703.953158
2799.896045
2855.870771
2893.880865
2953.055348
2992.006053
3021.210000
3042.279323
3035.594011
3063.836786
3068.738985
3107.350489
3116.971429
3110.176460
3093.498872
3096.555789
3090.089342
3088.526610
3097.859737
3092.275620
3090.344342
3105.519474
3111.995714
3125.341729
3131.740339
3120.326579
3119.743390
3094.766974
3104.078571
3099.297062
3135.500620
3113.272331
3155.085827
3131.833559
3099.553929
3071.724737
3041.883158
3030.244474
2995.787646
2918.600902
2869.061657
2821.381917
2790.764614
2754.972707
2730.852068
2749.091356
2739.395263
2738.908609
2732.473308
2702.779115
2687.396090
2658.548496
2638.157326
2661.698158
2691.006441
2690.918195
2696.517119
2712.871203
2691.633684
2686.074662
2685.848571
2664.103465
2649.453571
2651.490150
2622.123233
2574.772825
2546.407914
2527.981053
2494.537232
2465.030921
2445.347533
2424.481429
2410.419492
2374.557105
2336.864286
2334.385451
2315.873008
2297.568531
2304.873985
2288.191316
2264.260865
2247.041224
2235.247368
2221.040432
2228.338644
2214.475263
2206.652542
2222.899229
2213.249887
2217.181466
2204.645226
2192.929436
2203.140000
2191.047401
2139.271654
2114.616805
2114.028722
2114.169568
2099.388440
2102.103083
2078.732632
2084.691184
2094.962712
2091.400038
2103.652049
2091.647970
2088.693804
2084.801654
2062.818816
2041.237100
1993.195977
1957.314237
1932.223703
1893.204586
1855.713239
1821.579530
1773.201447
1742.758684
1725.322938
1703.357951
1680.353308
1661.950376
1655.177312
1647.591053
1635.061203
1621.846968
1640.866917
1656.909153
1667.255263
1666.898008
1704.689379
1760.802970
1786.171316
1829.032500
1895.962354
1961.289323
2035.437500
2122.971955
2214.330113
2339.222542
2483.502237
2646.989153
2801.886917
2991.833729
3189.189323
3432.684135
3666.116328
3914.752030
4142.944868
4385.439474
4612.360791
4842.914944
5102.307744
5348.919134
5579.330056
5827.547213
6052.946165
6335.706667
6659.648477
6962.428346
7319.172782
7710.433816
8099.032015
8433.146316
8826.357726
9195.050921
9581.684878
9961.999135
10323.516729
10694.825424
11110.118045
11550.033710
11885.568233
12221.687947
12653.280075
12970.468609
13301.036842
13658.184962
13966.474576
14290.995489
14484.454991
14751.463158
14979.816573
15159.245301
15281.326316
15345.230827
15417.365602
15478.864972
15504.142481
15585.139850
15599.086466
15621.160150
15614.785714
15611.916917
15493.672505
15403.100000
15310.428947
15172.736842
15020.700000
14828.558647
14656.878947
14484.210169
14311.684211
14182.424859
14064.993797
14010.284962
14029.603955
14044.032331
14123.603571
14251.592857
14437.768927
14546.011466
14712.511278
14984.878947
15228.852632
15504.173120
15749.068045
15973.359887
16207.806203
16429.155744
16642.527820
16834.039286
17010.422976
17236.603008
17264.540977
17334.068233
17319.828814
17307.898496
17275.809398
17290.298684
17186.128947
17062.642373
16965.771053
16844.584934
16733.927820
16608.900565
16432.320489
16307.872556
16216.231638
15998.314850
15952.186654
15820.074436
15735.869115
15613.329135
15565.172180
15491.752632
15443.813158
15369.063277
15336.096992
15304.156497
15235.788158
15191.200377
15123.387218
15023.333835
14989.859322
14868.490977
14860.848964
14711.982143
14677.189266
14586.919925
14511.692844
14435.776316
14328.815789
14231.205085
14071.041353
13920.744633
13769.473684
13630.646893
13470.076880
13249.793233
13046.590977
12841.752632
12647.991525
12436.811278
12235.874576
12027.373496
11869.702448
11657.542105
11514.925000
11332.745198
11209.598496
11093.781356
10962.084211
10854.637288
10705.407519
10526.539850
10403.665977
10279.140977
10170.298682
10079.515977
9965.783308
9859.585564
9831.797006
9707.986579
9639.527632
9566.053333
9529.937462
9538.371017
9522.082932
9505.582354
9528.689286
9541.852556
9518.889211
9506.778647
9517.367401
9536.237444
9502.915940
9484.349548
9445.108308
9428.860789
9429.461184
9442.371186
9496.652030
9510.248365
9485.894868
9472.762068
9452.701429
9409.004305
9342.459416
9251.705714
9149.170678
9025.304361
8916.632857
8778.501092
8645.784925
8531.752368
8416.047895
8240.674143
8164.916786
8074.335000
7927.120714
7843.327632
7768.428832
7678.677669
7587.444670
7468.225320
7322.568136
7158.984135
7045.862425
6923.998475
6787.013083
6600.397895
6476.583947
6303.704576
6142.308722
5964.094756
5802.979774
5647.643534
5489.490339
5327.462406
5165.890452
5025.420226
4899.592166
4750.683835
4607.935564
4502.192674
4338.541222
4206.038983
