108.901737
109.805648
100.645535
114.950812
105.013746
111.025707
100.133731
102.078850
110.150004
113.065128
106.686346
110.859736
113.277111
115.017588
121.604586
116.254203
115.749618
123.421921
132.746628
130.127891
137.949439
138.654511
139.652055
131.315558
141.485373
153.595703
155.423427
160.133318
160.088436
159.165484
163.391938
170.740403
183.503395
182.444203
174.071930
170.855985
183.743953
191.830737
197.998021
211.783286
217.661925
209.744056
203.604143
212.962977
218.039793
219.785183
231.443011
239.632282
240.450197
252.367706
257.360331
264.559818
279.291531
289.064353
300.857333
322.080342
344.472729
363.641120
397.398233
424.512533
448.808940
484.705966
534.680124
588.231707
639.987737
704.728414
788.402581
875.579312
974.827111
1084.365320
1185.582486
1301.538496
1432.330960
1569.040019
1714.502782
1866.102782
2051.428515
2231.618041
2419.657293
2618.691805
2816.221356
3026.345263
3244.146880
3492.209361
3691.701544
3917.270827
4171.333609
4384.750677
4582.334323
4808.795338
5001.540301
5191.903390
5360.869173
5474.303202
5592.570564
5733.654398
5844.737345
5916.450789
5969.893929
6021.556692
6115.893672
6169.496071
6193.080188
6216.581992
6230.062857
6193.566874
6243.198722
6225.274812
6204.493008
6226.964237
6257.164248
6268.198797
6260.791447
6260.953158
6269.945188
6245.526805
6242.013729
6280.232143
6298.599322
6279.022519
6293.372481
6291.650716
6345.490902
6366.920602
6356.639511
6274.435895
6219.684981
6161.921128
6063.457895
5945.108289
5842.364407
5768.989662
5663.048211
5584.667763
5468.766309
5409.538346
5378.574060
5343.800113
5321.734850
5319.242575
5257.241466
5192.458870
5170.898045
5149.916485
5128.985104
5118.037895
5110.262542
5114.298534
5127.765085
5150.671805
5156.014530
5126.552951
5102.826165
5021.153296
4995.498553
4945.092707
4881.908496
4815.422260
4763.610583
4696.501880
4571.564765
4477.728816
4425.518738
4339.488571
4254.829192
4176.011598
4129.344286
4061.515789
4002.791466
3942.155537
3910.169850
3872.392143
3834.581729
3824.574275
3820.831241
3777.459568
3748.208305
3745.108421
3744.229190
3751.427274
3747.442331
3703.716391
3682.646898
3676.285150
3654.357368
3602.814802
3526.549906
3462.729323
3381.755414
3294.590639
3221.110658
3134.703308
3068.275789
3006.582632
2920.275989
2862.841654
2834.954323
2762.594605
2708.214953
2652.297820
2562.287350
2457.489548
2343.560376
2205.765593
2097.190395
1954.671504
1823.445198
1698.489117
1593.172500
1484.660263
1379.232750
1298.215714
1224.497744
1146.247970
1088.676579
1050.986447
1025.270113
997.305239
968.679568
957.172168
950.640165
967.197742
990.155797
1026.768722
1092.313158
1171.325000
1276.872787
1437.262331
1636.370714
1871.083590
2186.590338
2574.677627
3024.697857
3530.718305
4116.868872
4768.769755
5424.923515
6116.364662
6773.252128
7465.183383
8111.896711
8790.167895
9402.446328
9971.123327
10523.915789
11049.845198
11593.783083
12115.331262
12609.954887
13139.155556
13741.796053
14389.986090
15064.613158
15812.315038
16537.111111
17343.530827
18152.173872
18836.514474
19521.991337
20228.126316
20908.385526
21593.864407
22306.650376
23020.426365
23743.180451
24456.719397
25200.991353
25778.384211
26390.390789
26991.255639
27531.729944
28073.718233
28475.527872
28881.784211
29247.523540
29664.061278
29947.083459
30097.004511
30333.816541
30496.659887
30454.387970
30566.869173
30577.755639
30579.448120
30557.714286
30504.884586
30371.875141
30145.735714
29959.994737
29662.319737
29345.300000
29054.269925
28693.220113
28253.407910
27912.484962
27737.787194
27537.410902
27311.669173
27334.266667
27483.396053
27659.858835
27836.984211
28079.517514
28505.187782
28897.951128
29321.057895
29821.984211
30290.855827
30807.204511
31366.577401
31904.752068
32417.460829
32892.192481
33288.018421
33576.695292
33856.071805
34127.824812
34226.399624
34315.554237
34350.590226
34199.416729
34105.126316
33927.902632
33785.160264
33596.926504
33288.457627
32998.813534
32767.592090
32517.475752
32263.532707
32021.835782
31775.269173
31564.996241
31439.670677
31278.071186
31134.546053
30902.731579
30793.584211
30707.876316
30539.273070
30476.633835
30375.463089
30248.627256
30198.981356
30101.138722
29928.141165
29804.110169
29615.337594
29500.439736
29312.975000
29150.455744
28851.331955
28719.632957
28631.240789
28460.873684
28148.449718
27901.960714
27631.594539
27313.193985
26955.508851
26573.958271
26242.551128
25965.812030
25638.929135
25145.760452
24782.032707
24394.352542
24017.831955
23581.476083
23306.905263
23063.814474
22733.287759
22372.667293
22050.133898
21774.810902
21518.972881
21289.081203
21056.574624
20785.312782
20532.756391
20319.219397
20137.756015
19884.037594
19679.618797
19556.132203
19443.371053
19326.413158
19228.942185
19163.709586
19061.591337
19029.102256
19040.582674
19052.955827
19057.991353
19051.503759
19050.847368
19019.429002
18992.100752
18981.285902
18963.342373
18908.416541
18907.031579
18944.830263
18917.342373
18851.329323
18917.600752
18959.014474
18930.726692
18838.257143
18754.947744
18679.403578
18530.200000
18345.064972
18089.128759
17810.428571
17566.449906
17242.744361
17044.898684
16792.789474
16623.557062
16392.747368
16167.451128
15911.190977
15669.645301
15500.056121
15361.694737
15167.302260
14942.063346
14703.616949
14370.834962
14127.737782
13817.106780
13579.542105
13282.542105
12937.110526
12556.173823
12262.892481
11904.525752
11571.147368
11252.475940
10938.367232
10640.360526
10340.344633
10059.900752
9802.700697
9529.820000
9308.968797
9010.777646
8700.735921
8519.356610
