-0.153855
-5.428718
3.928286
11.398382
-2.597404
8.259985
9.600000
5.991615
3.552107
0.612373
3.139203
1.695592
-0.539829
4.387664
4.798724
-2.754439
1.391530
9.422762
3.410197
4.846733
8.989075
1.740524
2.728930
-0.099870
5.545010
3.849408
0.296731
-2.634722
3.903587
12.214066
10.455828
7.598720
9.009762
8.018879
9.351813
5.812747
4.730865
-2.016276
5.778728
4.797596
11.795607
6.396049
1.869059
6.925821
6.225829
3.077140
7.271408
8.605804
3.222737
0.768459
-1.418296
10.897947
6.113798
6.530962
5.930413
8.877134
5.963639
2.322630
3.630622
5.109210
6.551736
6.781899
10.382926
12.480467
6.622986
6.933667
13.781663
12.815670
8.175833
14.003065
5.087895
10.614514
14.998312
19.858002
15.755544
21.674411
19.406606
18.241752
21.280342
19.444840
17.678173
21.177429
21.658450
20.680502
24.597892
28.960883
36.287331
40.955192
35.382486
24.925731
30.853037
40.812922
39.785774
38.209056
38.386128
39.920144
42.358439
42.532786
44.690896
46.448397
38.352459
41.865068
44.984061
34.448345
42.435082
37.236300
31.370159
30.783992
41.851396
42.325486
44.796159
46.078121
43.369414
38.890395
31.543318
35.271604
36.563071
45.760168
48.614705
51.803253
44.059480
38.427912
36.620966
36.095452
38.524192
41.009578
35.652374
38.061761
39.904147
32.367621
32.713953
36.079155
29.629440
34.233052
29.937260
37.112795
32.511487
34.985769
24.221011
33.568238
28.356639
32.190278
34.132936
31.987466
24.329589
21.957505
28.664290
29.058959
28.014500
27.270071
22.869932
29.721949
26.305434
32.790863
33.058331
24.524911
22.811084
25.251337
33.911346
31.326723
25.251815
25.214817
30.885074
29.778243
16.111711
22.194908
28.743300
27.553693
25.777177
24.737332
21.227033
19.289495
18.714446
19.628959
20.673898
24.560083
27.463976
28.492605
29.690956
26.291757
20.494120
24.800044
27.678589
26.056873
20.577716
25.730659
29.854574
22.449379
24.654485
25.455670
19.334767
19.638555
23.536221
13.464042
7.896014
19.196495
23.705545
16.211739
17.982571
27.508377
19.852024
21.763452
23.610282
23.351719
22.786534
16.148435
19.746778
19.700076
16.138443
16.820974
14.048834
9.660430
11.794813
16.364195
17.778228
12.719966
16.678754
20.755370
16.429123
22.074679
26.526150
20.670767
11.598409
13.329746
13.001174
13.207800
18.303555
22.744614
25.383061
27.655858
25.125347
21.782583
23.291539
12.890586
20.603693
18.818774
24.726031
24.556409
28.250914
38.946399
41.443934
33.879542
31.049473
31.703310
32.422368
36.555679
37.709403
32.577370
36.772838
33.391978
27.081027
34.959514
45.962258
50.366276
42.942668
45.275498
53.433683
50.556963
47.871151
54.008232
55.831176
56.398261
60.303839
55.199834
55.507831
61.130449
65.175393
59.920666
65.334018
62.713889
70.813982
65.716571
62.208370
63.710776
67.081318
72.739162
72.106068
66.184502
63.070786
64.610941
67.642742
64.232199
74.235518
67.206699
65.037629
65.846846
71.847777
65.859664
69.389721
73.486875
67.561200
73.250732
71.841871
66.868293
63.059942
56.431293
56.738982
51.486465
66.000000
66.558239
67.704246
53.806809
56.954821
59.934632
61.034235
61.425832
57.088987
53.929217
59.243342
63.800000
66.355836
69.980048
71.813971
70.458189
63.326453
78.259595
68.196846
68.625459
59.387217
67.227344
69.524723
67.361217
69.970763
65.039471
62.149129
67.276327
66.574535
59.424941
58.494205
59.209748
52.629763
53.400000
53.825661
58.106847
66.807891
62.582535
56.790262
60.663229
60.397376
61.138866
52.522582
53.735953
59.903337
53.845410
52.783660
62.274951
58.270141
58.756711
54.505397
48.208911
41.571338
54.188502
50.200109
48.559446
44.582237
50.473387
53.030116
49.154705
46.479174
52.176020
58.386598
48.614130
37.936846
49.179263
40.315727
54.845464
50.361093
48.262320
47.058751
49.490821
36.560478
41.689275
45.267880
42.837232
40.494422
32.821371
32.048667
41.215422
43.347007
41.135567
35.452365
28.564427
36.801468
24.548108
31.726514
26.824891
34.717445
37.435101
37.107458
34.557177
33.763407
30.655095
30.742162
32.868977
37.529768
42.974505
27.787236
25.831505
15.391973
29.682680
34.365862
31.830337
32.755278
29.327497
29.800483
30.040334
25.828324
27.159694
29.083693
29.968030
30.001512
27.895586
32.886371
35.115146
29.363207
37.896406
30.030133
23.491817
33.647026
29.381085
30.210186
27.230761
28.952623
27.792043
21.925738
19.078577
19.600000
21.029541
24.074969
24.491419
23.150728
27.853380
29.163605
18.561200
21.605462
27.100586
15.530576
24.534564
26.278414
19.034872
13.253742
16.597195
18.701921
18.432021
20.902256
15.450939
12.985202
13.041696
21.686426
11.803814
