70.206747
70.601494
72.132787
87.358661
84.264102
92.456296
84.946202
99.402114
102.206866
107.303720
115.507211
125.290431
133.491043
133.569418
139.945143
163.064689
175.698079
179.316342
190.000733
205.145611
215.867028
217.612932
230.351488
238.725519
237.631661
250.691064
260.733464
268.045263
276.213624
281.937655
295.560169
317.068985
326.261263
333.414203
343.652682
359.686910
365.622774
370.399726
383.884305
395.395000
397.829107
413.969447
410.412714
419.144669
424.732878
429.061782
439.393868
446.842043
453.851105
462.313395
479.365752
483.386494
490.908147
519.189361
532.604923
562.156744
569.544925
595.187744
619.790090
645.204243
671.839327
701.518576
719.836590
744.682511
785.644000
808.161186
849.858682
908.132974
944.280983
977.955821
1016.689322
1067.495714
1115.617797
1161.994398
1204.885639
1254.103346
1310.608835
1352.360659
1400.031579
1460.776485
1521.927740
1587.162895
1644.737143
1702.084756
1764.212825
1843.533233
1893.528496
1974.846147
2015.695188
2108.203872
2183.357688
2246.254576
2273.206241
2311.846648
2365.248102
2371.115451
2368.905330
2413.217632
2426.932857
2423.343158
2445.890226
2431.695357
2447.917068
2449.020038
2459.525714
2450.430301
2426.923459
2417.986992
2413.717406
2423.167288
2419.114323
2414.199135
2416.802500
2413.000000
2418.894060
2433.915113
2427.865913
2430.051617
2440.073220
2463.472782
2486.364361
2492.733917
2524.303816
2531.234173
2554.978421
2556.099925
2549.258233
2546.958271
2551.962632
2533.250921
2488.325085
2465.515677
2441.544765
2446.763496
2435.813164
2396.801654
2396.088402
2386.307458
2411.787707
2407.689737
2407.818891
2408.863352
2394.002406
2384.271541
2379.288418
2386.607632
2400.362373
2396.014774
2392.029153
2388.273083
2402.012462
2393.034831
2395.786353
2387.897721
2406.300113
2357.555714
2345.908346
2322.378927
2314.701316
2319.110752
2303.353917
2281.925132
2280.407119
2288.900000
2281.683985
2248.873853
2239.033571
2254.645940
2223.394417
2226.895499
2234.640827
2217.822838
2208.515977
2200.199435
2194.366015
2191.567594
2202.194237
2207.357895
2194.306836
2186.755789
2197.599737
2206.994850
2214.987951
2233.765583
2240.590977
2232.040395
2228.068327
2219.027481
2248.991353
2235.043571
2265.778233
2264.073985
2264.392632
2298.729474
2335.521695
2356.325977
2365.453083
2374.195451
2400.805537
2401.593609
2384.079267
2387.863653
2371.730451
2361.693729
2349.158929
2304.182030
2297.612467
2290.314680
2248.719079
2218.358684
2216.062844
2213.719981
2182.165263
2147.107444
2149.011165
2125.122312
2123.631504
2134.497175
2150.658346
2145.164049
2146.221729
2171.640695
2205.238192
2237.441767
2269.312632
2293.247500
2320.327137
2350.415038
2380.352143
2410.466992
2431.651805
2465.892542
2542.381485
2569.895763
2623.963459
2695.764162
2761.355733
2806.769774
2870.125951
2939.382368
2982.041579
3040.004737
3104.430282
3167.665977
3221.213534
3280.654783
3363.713402
3432.899416
3517.250752
3634.843333
3747.585620
3892.152556
4024.924774
4163.128139
4329.173352
4449.913383
4591.300320
4739.455789
4883.658908
5010.476241
5169.865432
5323.050339
5436.655188
5610.505235
5796.422669
5947.753691
6110.993459
6234.149699
6351.561898
6456.103383
6530.518305
6642.275996
6759.431525
6853.434737
6945.096083
6981.809850
7021.135489
7075.142105
7079.526165
7071.434181
7101.024511
7105.969605
7086.086203
7061.406692
7124.297143
7096.984436
7043.300282
6979.025000
6883.608609
6803.667368
6734.430000
6643.829323
6533.334812
6439.484237
6373.780940
6326.868531
6291.583759
6265.497368
6298.815537
6266.941898
6341.114098
6402.583083
6511.711488
6570.282011
6637.553910
6731.158421
6856.877237
6965.829812
7044.528233
7166.969040
7306.770583
7427.435857
7535.874662
7596.992425
7680.991055
7687.152105
7708.357556
7797.970150
7782.151186
7740.368797
7741.556147
7688.714737
7666.248947
7672.416403
7577.120000
7463.357928
7404.007970
7346.142994
7302.240921
7284.496429
7199.621017
7153.406410
7135.049662
7045.956842
7018.674953
6989.273271
6953.163383
6900.238421
6873.834737
6854.108418
6803.676992
6791.861394
6777.323628
6712.937702
6669.000827
6665.945959
6634.752542
6595.642481
6554.575913
6532.028571
6494.244576
6494.205714
6413.396648
6371.242105
6326.720000
6270.860169
6192.794586
6148.137081
6057.177932
5967.987627
5899.030639
5801.279774
5723.049323
5621.324323
5524.811299
5464.580226
5348.509661
5248.562726
5203.801375
5120.765263
5044.923158
4968.767269
4934.495338
4875.262373
4815.730301
4764.443559
4705.374962
4637.702594
4574.399192
4535.067857
4482.592693
4447.090470
4388.590451
4324.854211
4326.299322
4265.695658
4272.318684
4223.996893
4225.716936
4245.057533
4215.779549
4183.694105
4192.063214
4211.358571
4212.959023
4208.089662
4209.831337
4204.137519
4162.064248
4170.135292
4165.502030
4162.076842
4159.608816
4163.683729
4182.051955
4199.289699
4204.389624
4197.869135
4174.734286
4145.902237
4114.404313
4057.505714
3995.861299
3973.174793
3894.222143
3796.786026
3763.095695
3731.146974
3648.622105
3624.710414
3577.580583
3514.102030
3464.004662
3428.881541
3403.059868
3359.459925
3287.998475
3222.113759
3175.328776
3115.852068
3043.182801
2958.429153
2921.589474
2839.570526
2768.260921
2690.368682
2631.247331
2548.294361
2477.483778
2415.148045
2323.493729
2259.549868
2210.978927
2149.527744
2106.324746
2051.707575
1984.442406
1931.330866
1867.191391
1830.767458
