23.972421
29.003447
27.993224
26.275363
25.544627
23.426480
29.286653
32.282640
32.510378
32.930553
27.048424
29.941130
40.329849
38.718898
35.910479
42.541547
37.538183
42.017261
48.422761
45.551381
46.950242
50.660354
62.699624
55.916142
59.891779
56.799212
62.466829
56.220991
56.308875
57.577888
57.797154
65.942556
62.704337
68.242731
65.345980
79.174714
80.620244
78.763615
84.316672
73.032621
76.150023
75.712692
72.470171
83.051622
86.988158
92.892934
96.927212
93.488894
100.461726
99.258223
95.531923
91.163701
86.640171
96.063789
108.368411
109.538177
115.945678
124.214669
135.740695
136.108290
141.025805
153.823186
159.908878
157.968932
165.737053
189.949768
207.279367
206.265523
211.288209
227.999086
247.882599
264.644195
294.795356
288.171667
304.229613
326.481335
334.364075
354.711335
378.592699
397.017058
419.260859
438.173500
458.998613
485.729068
511.212896
547.487534
564.091797
581.749583
596.404440
646.119177
669.459722
679.833898
695.498038
727.650024
746.627870
749.502820
758.181194
765.583566
762.941179
772.636271
790.470169
787.675250
788.543203
801.858583
812.980964
800.275525
787.274602
771.606391
782.072145
777.535220
779.675492
775.587316
773.143895
786.485421
781.276970
775.797171
782.842418
777.936895
781.078712
781.508464
800.327105
802.184452
798.978947
803.376889
809.767613
800.266597
790.088227
796.653278
790.060526
771.083882
770.142857
767.581248
755.158433
740.734276
724.439701
736.175158
726.540105
712.059362
690.838782
693.099603
701.152880
693.183130
691.867910
702.797699
694.007066
684.651368
696.066237
693.487013
682.250373
686.521383
684.774737
687.494096
679.529455
685.663879
690.394086
679.115955
674.730767
679.465090
664.120987
657.312511
657.521307
636.887263
624.010478
630.249857
617.839647
620.478539
608.878286
597.366477
595.818853
597.712066
594.003812
580.691671
578.461617
573.413917
571.130665
564.125088
559.025339
555.148737
561.473454
573.011530
564.899060
555.938177
568.192611
566.884383
567.027008
562.473350
555.233090
545.236515
546.925902
533.496380
529.528423
536.709436
524.163053
524.754934
531.815576
529.616222
530.595977
527.176192
529.688205
526.254654
530.509348
531.002631
525.808135
506.685034
488.770756
498.879917
480.684281
476.670233
464.969539
451.647263
443.349704
434.867233
428.653947
421.081609
413.695759
426.955402
428.175297
421.207913
424.973348
424.713844
431.368233
419.443039
423.713480
426.291639
439.580737
453.217250
464.438968
480.000797
492.907250
507.426075
536.358102
558.503559
576.509673
598.056288
627.632662
676.995175
709.337820
754.824147
785.075516
827.602936
873.945539
899.656737
921.163904
971.743350
1026.431128
1069.302561
1111.918214
1127.996215
1158.127143
1220.576667
1256.383177
1310.224173
1373.463684
1430.424568
1481.052618
1563.184135
1620.904699
1680.153289
1741.481168
1808.932180
1863.256034
1924.634915
2006.226541
2062.294765
2127.490602
2202.360810
2261.076541
2295.495263
2362.602707
2391.723985
2431.303220
2489.130038
2536.835122
2540.399474
2603.654068
2634.611936
2645.071654
2666.327519
2661.468929
2658.216102
2677.967594
2681.379925
2683.950338
2674.988872
2689.398571
2702.196053
2664.337834
2637.091429
2621.595338
2609.987368
2586.210000
2526.803459
2479.388741
2457.594576
2425.302707
2404.597740
2416.737838
2392.057444
2374.566667
2384.573985
2387.540583
2391.187970
2426.340697
2424.513440
2462.042481
2501.775789
2536.598289
2574.318459
2601.319962
2626.647401
2660.210677
2706.353070
2752.082105
2771.718872
2792.327552
2791.535902
2810.242932
2828.405451
2835.370847
2833.895188
2836.365959
2817.323947
2816.479474
2780.330960
2760.249173
2755.807815
2731.701504
2695.032881
2657.260000
2625.762481
2617.180584
2616.887350
2595.044774
2539.527970
2546.120113
2519.933853
2507.607143
2478.215263
2445.914211
2436.581507
2428.739774
2403.597910
2398.270508
2399.362335
2381.732368
2372.562594
2371.833220
2358.097820
2329.710734
2300.198929
2299.506629
2288.830940
2280.833861
2273.250000
2229.516316
2202.155819
2193.700658
2178.926196
2140.285752
2093.252561
2065.874850
2052.045940
2027.747970
1994.913966
1953.680960
1940.673759
1907.883616
1863.347199
1835.647363
1807.026316
1760.083158
1736.314557
1742.705188
1714.252034
1680.145921
1654.822542
1634.148271
1619.368703
1595.718759
1572.325789
1560.901789
1530.464173
1519.509774
1512.815338
1492.772034
1493.296053
1477.856053
1459.394482
1443.010789
1439.377778
1454.196316
1441.733070
1428.199737
1430.892368
1429.869812
1434.342989
1426.345518
1427.066992
1419.298797
1423.668475
1430.598346
1409.682632
1410.944737
1417.874746
1403.506617
1414.312293
1410.095000
1425.085263
1426.046429
1399.111372
1388.330960
1383.961429
1367.912429
1352.147820
1305.030714
1338.540151
1277.141692
1269.774605
1244.221579
1217.812185
1203.485996
1199.373985
1185.941541
1162.819229
1144.682241
1131.231654
1113.497910
1097.497632
1087.538286
1067.231429
1039.522763
1017.576949
986.422774
956.678158
958.378987
938.919682
896.485338
866.276750
844.122367
831.187496
808.666797
785.327015
763.219972
742.168391
723.645808
694.863246
677.564917
660.392461
631.089833
616.791977
