-110.775
-56.5287
-2.28182
-.304723
1.59342
2.99378
4.39241
4.8968
5.39631
4.50752
3.6084
2.51135
1.41242
1.20245
1.00265
.901423
.801521
2.37409
3.97253
3.41089
2.81147
.448254
-1.9494
1.1294
4.32626
3.91201
3.4125
4.76363
6.16226
5.90838
5.60867
4.92093
4.22161
3.71592
3.21641
2.23381
1.23479
1.00715
.807349
1.66605
2.56516
2.21587
1.81626
.649969
-.548856
1.50408
3.70193
3.22733
2.62792
2.31425
2.01455
1.23958
.44036
1.25371
2.15283
2.95729
3.7565
3.98893
4.18873
4.48281
4.78251
2.35408
-.243376
1.66532
3.86316
3.62527
3.22566
3.57394
3.97355
5.0262
6.12512
5.26905
4.27003
5.31479
6.51361
4.18971
1.59225
2.51009
3.70892
2.2307
.532361
.584232
.784036
1.2596
1.75911
3.72621
5.82416
3.52872
.831366
3.43132
6.52829
4.88612
2.78817
2.78188
2.98169
3.72596
4.52518
3.24175
1.74322
.696459
-.302562
.231108
.930423
3.06914
5.36689
4.07396
2.37563
2.46871
2.76842
2.26375
1.66433
1.1541
.654592
1.6678
2.86663
4.95333
7.15118
5.45097
3.25313
1.76245
.363821
1.43481
2.83344
4.05606
5.25488
5.83904
6.33855
5.26103
3.9623
3.8
3.8
2.84056
1.74164
4.21077
7.20784
7.94732
8.34693
6.40741
4.10966
2.93561
1.93659
1.36878
.869275
1.57442
2.47354
3.54436
4.64329
4.45738
4.05777
4.34184
4.74145
1.90103
-1.49564
-.0434337
2.25431
3.44872
4.44774
4.68468
4.78458
3.36383
1.66549
1.82142
2.32093
3.24089
4.23991
5.49061
6.78934
6.66521
6.2656
5.69899
5.09957
4.75008
4.45037
5.39732
6.59615
5.80502
4.6062
4.89631
5.49572
5.93009
6.3297
4.67113
2.57318
3.34984
4.74847
5
5
4.42782
3.7285
4.17081
4.87012
4.18652
3.18749
3.48691
4.08633
3.6333
2.93399
3.76913
4.96796
4.31378
3.21486
4.68776
6.7857
6.39826
5.39924
4.16029
2.86156
2.67978
2.77968
4.71007
7.10772
6.80609
5.80707
5.6
5.6
6.86398
8.46242
7.46034
5.76201
5.63582
5.93553
5.13747
4.03855
4.19108
4.69059
5.03406
5.33376
5.47782
5.57772
7.07494
8.97308
6.45755
2.66127
3.42198
5.51992
7.77195
10.0697
7.91041
4.41383
4.82639
6.42483
4.65929
1.86203
2.34387
3.8424
6.32974
9.127
8.58613
6.9877
4.93524
2.7374
2.27547
2.37538
3.45391
4.85254
3.99866
2.40023
3.49775
5.49579
6.52284
7.22216
5.83558
3.73764
5.65191
8.94868
9.35537
8.75596
8.96954
9.46905
6.94633
3.34985
4.31145
6.9089
7.16007
6.56066
6.4
6.4
6.4
6.4
7.49101
8.98954
10.1979
11.2968
10.3702
8.67184
7.40638
6.30746
5.8561
5.65629
6.17404
6.97326
8.05871
9.25754
8.31545
6.51721
7.35219
9.25033
8.80639
7.40776
6.22146
5.12254
5.29406
5.99338
5.42577
4.32684
6.38642
9.7831
9.26015
7.0623
7.58655
9.28489
7.64235
4.54538
6.58445
10.8802
11.8539
11.3544
10.2338
8.83517
7.98709
7.38767
7.88623
8.88525
9.61056
10.21
9.51299
8.21426
7.25571
6.4565
8.37087
11.5677
10.2325
6.73589
8.09558
11.7919
11.924
10.3255
9.46472
8.96521
9.73605
11.1347
11.4
11.1003
10.7341
10.3345
11.4592
13.3573
13.6696
13.1701
12.5388
11.8395
10.6147
9.11618
9.64784
11.2463
12.4529
13.452
12.7584
11.16
9.69136
8.29273
8.64119
9.93992
11.0451
12.0441
11.3066
9.6083
12.2701
17.3651
17.7297
15.432
12.3695
8.87293
9.88717
13.4836
13.9133
12.5146
11.2423
10.0435
10.6701
12.3684
12.4352
11.5361
11.763
12.6621
13
13
12.9378
12.8379
12.0564
10.8576
11.7589
13.9568
14.2458
13.3467
13.1841
13.4838
14.3954
15.6941
15.956
15.5564
14.3057
12.5075
12.7695
14.368
15.3624
15.9618
15.8388
15.2394
14.3399
13.241
11.843
10.2446
11.7462
15.3427
16.4435
15.844
15.8369
16.2365
15.8097
14.8107
13.6351
12.3364
12.9728
14.9708
17.261
19.7586
19.4603
17.1626
15.6195
14.6205
13.6214
12.6224
13.0649
14.5634
14.453
13.1542
13.459
14.9575
15.2005
14.5012
13.5175
12.3187
12.4235
13.5224
14.9602
16.6586
16.6682
15.3695
15.0244
15.424
15.4323
15.1326
14.6101
13.9108
15.1541
17.9514
19.0894
18.8896
18.0835
16.7848
15.1565
13.2584
14.2058
17.5026
19.2181
19.6177
19.6913
19.4915
18.6962
17.3975
17.8788
19.8768
19.7789
17.8807
18.9813
22.6776
21.8924
17.197
15.9036
17.602
17.7115
16.4128
16.6442
18.2427
18.632
17.9327
17.5476
17.4477
18.0783
19.377
18.2846
14.9878
15.9893
20.9844
22.9357
22.0366
21.1374
20.2383
19.9024
20.1022
19.4349
17.9364
16.8443
16.145
16.2555
17.1546
17.8521
18.3516
19.4035
21.0019
19.1487
13.8539
13.3924
17.7881
20.4467
21.3458
21.1573
19.8586
21.2189
25.3148
25.7815
22.4847
20.6534
20.3537
21.7569
24.9538
24.4679
20.0722
18.0413
18.5408
19.0884
19.6878
20.8138
22.5121
23.2093
22.8097
23.787
26.2845
26.7489
24.9507
23.9058
23.706
22.8497
21.2513
21.1004
22.599
23.4465
23.5464
22.9054
21.4069
20.9227
21.6221
23.1937
25.7912
27.3371
27.6368
26.9806
25.1824
24.8799
26.3784
26.1169
23.7192
23.2088
25.007
26.4026
27.3017
26.0183
22.0222
21.086
23.9832
24.6728
22.5749
22.1472
23.8456
24.9313
25.231
26.097
27.6954
29.0337
30.0327
28.6141
24.0186
23.162
27.258
27.8032
23.6073
21.8813
23.4798
24.9087
26.1075
27.9814
30.7786
31.4341
29.1363
27.9672
28.3668
28.5584
28.4585
27.7788
26.2803
26.1831
28.0812
28.6668
27.368
25.5386
22.9412
22.4969
25.1943
26.3553
25.2563
24.6402
24.7401
25.2004
26.1994
27.0391
27.6385
27.0881
24.7903
22.3348
19.6374
19.7665
24.2621
26.6875
25.8883
25.2445
24.8449
24.3293
23.63
23.0076
22.5081
22.0086
21.5091
20.9334
20.2341
21.0123
24.2092
25.2201
22.6226
22.4248
26.221
27.9286
26.1304
24.5177
23.2189
21.9571
20.7583
21.1747
24.3716
26.0348
25.0358
23.7826
22.0842
22.5894
26.9851
28.5784
25.1818
23.7146
25.7127
27.0355
27.1354
27.7654
29.3639
29.5565
27.1589
26.1941
27.8925
28.861
28.4614
28.0618
27.6622
26.7815
24.9832
24.4833
26.4814
28.4115
30.2097
30.5894
28.1918
26.5664
26.4665
27.3347
30.132
31.1703
28.6728
27.2969
28.196
29.5871
31.9847
32.8502
30.5524
27.6714
23.5754
22.1527
26.3486
28.8799
27.8808
27.4863
28.3855
28.5889
27.2902
26.5257
26.9253
27.4811
28.3802
29.1862
29.7856
29.5524
27.4545
27.6853
33.1799
35.6299
31.1343
28
28
28.1503
28.6498
28.6417
27.4429
26.5407
26.3409
25.8464
24.6476
24.1512
25.3501
27.3339
31.2301
32.6426
27.9472
25.4605
28.4576
29.6884
26.4915
24.0019
23.3026
23.6429
26.64
28.5768
27.7776
27.1446
26.9448
26.5249
25.5259
25.237
26.8354
28.1627
28.7621
29.4423
30.3414
31.0534
31.2532
31.4531
31.6529
32.4847
35.0821
35.9021
31.7063
28.8594
29.8584
31.1664
33.3643
34.7956
33.9964
33.045
31.6464
30.9774
32.4759
33.5251
33.2254
32.8761
32.3766
32.6143
35.1119
36.4393
34.1416
32.134
31.0351
30.9675
34.1644
36.029
33.6314
31.4225
29.8241
29.0212
30.8194
32.2
32.2
33.6034
39.6974
42.6664
35.0738
29.6749
31.7728
33.131
31.9321
30.7333
29.5345
28.6
28.6
28.9056
30.3043
31.0322
29.3338
28.6432
31.6403
33.9575
33.7577
33.2632
31.6648
30.7753
32.5736
33.5249
31.2271
29.7069
31.2054
32.4405
32.6403
32.1176
28.7209
26.6161
29.7131
31.7671
29.5692
28.1702
30.0683
31.5228
31.1232
30.38
28.1821
26.759
28.6571
30.1252
29.7256
29.2705
28.5711
28.2563
29.6549
30.6551
29.8559
28.985
27.7862
26.7291
26.3295
26.4031
28.7008
30.1668
27.6692
25.8741
27.4726
28.5121
26.8137
25.467
25.8666
26.6467
29.3441
31.2566
29.1587
27.0769
25.0789
23.9266
27.2234
29.6059
27.1084
25.1712
26.2702
27.2
27.2
27.1545
26.8548
26.5401
26.1405
25.8296
26.0294
26.1562
25.8565
25.4849
24.6856
23.8012
22.4026
21.704
25.3005
27.9996
25.1025
22.6
22.6
23.0292
26.2261
28.696
26.3982
24.5302
25.5292
26.1691
24.3709
22.9389
24.0378
24.9378
24.4383
24.0857
24.785
25.2916
24.3925
23.5171
22.8177
22.3049
23.204
24.0229
24.2227
24.2761
23.1772
22.2996
23.1987
23.9022
23.0031
22.232
22.5317
22.6428
21.1443
20.0056
22.0037
23.8403
24.2399
24.5209
23.7217
23.0194
23.2192
23.457
24.0564
24.7767
26.6749
28.2179
26.2198
24.204
22.0061
20.0174
20.2172
20.7748
25.1705
28.8088
24.1134
19.9382
21.6365
23.1762
22.8765
22.6232
22.9229
23.1397
22.3405
21.6
21.6
21.5142
20.3154
19.2278
19.6274
20.1554
22.4532
24.4425
22.0449
19.9464
22.2441
24.2087
21.1118
18.2478
19.047
19.748
18.8489
18.0223
18.4219
18.7623
18.063
17.4727
18.8713
20.16
19.3608
18.552
17.553
16.6921
18.6901
20.6
20.6
20.5284
18.8301
17.0996
14.602
12.3413
16.0377
19.5601
18.4612
17.4446
18.7433
19.9644
18.8655
17.718
15.0206
12.4426
13.9411
15.519
20.0146
24.2946
19.9989
15.7842
15.0849
14.3979
14.298
14.2372
16.2353
18.2183
19.3172
20.3823
19.1835
17.9911
17.2917
16.5762
14.3784
12.2044
12.7039
13.2089
14.5077
15.7926
14.2941
12.795
11.0966
9.40111
10.5
11.5989
