-28.7782
19.4745
67.7272
74.4833
81.1768
81.0009
80.8011
78.4154
76.0177
80.1649
84.3608
81.8268
79.2294
84.0398
88.935
84.4655
79.87
79.4065
79.0069
78.9018
78.8019
75.1744
71.478
74.0404
76.7378
75.9216
75.0225
75.974
76.973
77.9721
78.9711
79.485
79.9846
77.9669
75.8689
75.027
74.2278
75.6463
77.1449
78.6434
80.1419
79.4317
78.6325
77.7375
76.8383
77.9477
79.1465
79.3909
79.5907
77.0283
74.3309
74.0099
73.8101
76.456
79.2532
80.0626
80.7619
80.9889
81.1887
78.5604
75.7632
74.283
72.8843
74.1143
75.5129
75.1316
74.6321
76.9372
79.4347
77.7342
75.7361
75.9724
76.372
72.684
68.6879
70.4395
72.6373
74.3726
76.071
75.8307
75.4311
70.9784
66.1831
71.3152
77.3093
75.6903
73.3926
74.939
76.8372
71.52
65.5259
67.8252
70.9222
72.3822
73.681
72.9833
72.0842
71.5472
71.0477
70.0964
69.0974
68.0984
67.0994
69.339
71.9365
71.3023
70.3033
70.2896
70.3895
69.8637
69.2643
72.678
76.5742
72.1949
66.8002
69.4851
73.1815
71.8281
69.8301
70.2188
70.9181
72.764
74.762
73.0639
70.866
68.4926
66.0949
70.5311
75.9258
71.6172
65.9228
67.4678
70.0652
69.7908
69.0915
69.521
70.1204
67.601
64.6039
68.1762
72.7717
68.6566
63.162
66.1
70.3958
69.5405
67.8422
67.857
68.1567
68.0291
67.8293
66.0094
63.9115
67.0027
70.9988
70.6664
69.5675
67.6218
65.5238
65.7914
66.4907
67.2743
68.0735
65.8455
63.0482
63.9423
65.5407
65.0467
64.1476
66.5885
69.6855
66.2846
61.5892
65.3711
70.8657
71.0538
70.1546
69.3382
68.539
69.5553
70.9539
69.0595
66.462
66.9034
68.0024
67.7903
67.2908
66.873
66.4734
66.1554
65.8556
66.6948
67.7937
67.3508
66.5516
64.538
62.2402
64.4651
67.7619
69.689
71.2875
68.0637
63.668
63.2009
63.7004
66.5192
69.9159
68.1267
65.0298
63.8429
63.1436
64.7466
66.9444
67.9544
68.6537
68.326
67.7266
68.4668
69.5657
69.1711
68.3719
68.2784
68.3783
69.4168
70.7155
72.5604
74.5584
70.564
64.8696
66.8604
71.0563
71.1482
70.0493
71.5764
73.8742
72.1658
69.2686
68.9842
69.4837
70.1365
70.8359
70.2355
69.2364
68.7712
68.4715
67.9436
67.3442
69.0208
71.4184
69.3515
65.8549
67.6416
71.1382
72.2258
72.5255
70.3475
67.3504
69.895
74.2907
72.7111
69.1146
68.9449
69.944
71.686
73.684
75.3116
76.8101
76.387
75.2881
75.6634
76.5625
74.3004
70.9037
72.9328
76.9289
76.6106
74.7125
77.336
81.6318
81.9272
80.7284
81.6331
83.3315
85.1022
86.9004
86.1735
84.4752
84.5756
85.3748
87.3221
89.7198
95.8385
103.431
105.1
104.401
106.62
110.016
113.91
118.006
119.129
119.029
122.882
128.376
130.422
131.022
133.867
137.663
142.999
148.994
154.569
159.964
163.41
166.007
169.229
172.726
174.976
176.675
185.137
196.625
201.576
203.574
206.67
210.267
216.395
223.688
228.524
232.221
237.278
242.972
250.024
257.716
262.703
266.399
271.175
276.469
280.688
284.385
288.483
292.779
294.334
294.533
294.867
295.266
297.195
299.892
303.252
306.948
308.2
308.2
310.835
314.831
319.55
324.645
324.37
321.273
321.506
323.504
324.395
324.695
325.384
326.283
330.612
336.806
333.839
325.847
326.087
330.882
332.792
333.092
332.305
330.906
331.292
332.691
332.31
330.912
328.943
326.645
329.273
334.767
335.415
333.217
334.596
338.093
337.836
335.339
332.467
329.37
329.878
332.576
332.485
330.686
328.703
326.605
326.785
328.384
330.289
332.387
331.303
328.206
327.732
328.931
328.853
327.954
328.872
330.97
330.411
328.113
324.37
319.675
317.5
317
311.118
301.627
300.542
305.138
307.654
308.752
307.956
305.858
304.587
303.887
301.776
298.679
297.634
298.034
294.927
289.333
290.553
296.647
294.962
287.669
288.534
295.327
296.297
293
292.289
293.488
295.26
297.458
295.147
289.452
285.862
283.864
286.514
292.708
293.649
290.552
290.269
292.168
293.449
294.248
293.929
292.73
296.656
304.648
303.371
294.679
288.588
284.591
283.241
284.04
281.874
277.278
274.872
274.272
273.455
272.456
270.968
269.069
266.576
263.579
260.042
256.046
256.403
260.499
259.99
255.495
254.254
255.852
253.729
248.335
248.448
253.443
252.054
244.961
244.228
249.223
249.976
246.879
244.878
243.879
241.788
238.692
240.152
245.846
249.632
251.63
248.54
240.647
236.442
235.742
236.675
239.173
239.841
238.742
239.313
241.511
241.239
238.541
236.296
234.498
232.8
231.201
231.945
235.042
232.977
225.684
223.78
227.376
227.87
225.173
221.691
217.395
216.372
218.77
219.221
217.623
214.765
210.569
206.807
203.51
204.107
208.902
210.634
209.036
207.151
204.953
202.328
199.231
197.08
195.981
198.366
204.66
207.109
205.211
199.53
189.54
184.06
183.761
180.729
174.535
171.292
171.492
169.075
163.58
160.646
160.746
157.477
150.184
146.97
148.669
149.78
150.18
150.085
149.386
146.092
139.598
134.975
132.678
132.464
134.862
134.787
131.59
130.723
132.821
133.825
133.425
133.853
135.352
138.065
142.36
141.951
135.357
134.565
141.458
145.657
146.256
146.004
144.605
145.707
150.203
153.433
154.931
159.748
169.138
176.523
181.118
187.212
195.404
205.086
216.875
227.756
237.347
248.783
262.87
275.65
286.539
302.507
325.884
345.379
359.166
375.407
395.287
416.729
440.506
461.892
479.675
498.686
519.566
539.222
557.005
576.044
597.023
616.635
634.118
649.23
660.619
675.875
697.254
716.094
730.879
746.124
762.109
781.749
807.324
833.884
862.056
884.236
896.524
915.261
944.732
974.24
1003.81
1031.3
1055.28
1078.33
1099.81
1121.62
1144
1169.48
1200.35
1229.81
1256.78
1283.75
1310.73
1338.96
1369.43
1397
1419.38
1443.39
1470.37
1499.14
1531.21
1561.49
1588.46
1614.42
1638.5
1659.93
1676.42
1696.91
1724.98
1747.01
1757.5
1771.68
1792.96
1817.39
1847.96
1878.94
1910.71
1935.06
1944.75
1958.28
1979.46
1992.84
1990.54
1995.63
2015.71
2030.45
2034.24
2039.28
2046.87
2055.27
2065.36
2073.49
2077.48
2078.76
2074.26
2072.76
2077.65
2085.01
2097.7
2105.46
2102.46
2096.5
2084.01
2073.91
2069.11
2062.81
2053.12
2046.03
2044.83
2037.39
2015.71
1999.87
1997.48
1994.21
1988.91
1980.3
1963.92
1953.7
1958.1
1961.52
1962.62
1959.89
1947.9
1942.77
1954.36
1963.55
1966.85
1974.85
1994.53
2009.88
2014.38
2019.92
2028.11
2038.27
2053.45
2070.82
2093.79
2114.72
2130.31
2153.26
2195.62
2228.31
2235.3
2246.93
2271.01
2297.38
2329.94
2358.77
2377.35
2394.63
2408.32
2420.35
2427.74
2439.03
2461.31
2480.13
2489.13
2501.03
2521.31
2539.75
2552.83
2562.12
2560.22
2558.32
2556.42
2556.35
2561.74
2564.49
2559.19
2556.08
2559.68
2560.21
2551.21
2544.69
2545.89
2546.27
2544.07
2533.72
2497.25
2469.28
2468.78
2464.07
2445.59
2430.15
2424.75
2422.81
2432.4
2440.1
2441.39
2438.26
2419.98
2407.05
2412.65
2413.44
2397.46
2384.25
2380.85
2376.93
2371.14
2369.48
2382.76
2389.64
2373.06
2362.14
2372.23
2378.85
2372.46
2365.96
2359.07
2355.75
2366.14
2371.13
2355.14
2343.51
2349.01
2351.93
2344.64
2339.87
2345.27
2345.6
2325.32
2310.27
2316.76
2323.37
2330.46
2334.18
2323.59
2314.21
2310.01
2304.58
2293.79
2283.5
2275.41
2268.05
2263.95
2257.83
2242.54
2225.9
2203.02
2183.56
2179.96
2174.39
2159.5
2144.27
2127.39
2108.77
2081.8
2058.91
2056.01
2051.26
2037.27
2025.12
2022.22
2016.05
1993.18
1971.79
1958.1
1943.1
1921.23
1901.52
1893.43
1884.78
1873.09
1862.25
1856.05
1851.09
1852.99
1852.04
1834.95
1819.76
1815.47
1809.73
1795.54
1782.32
1774.83
1768.19
1766.69
1764.53
1758.34
1750.86
1735.37
1720.42
1708.83
1699.15
1701.75
1701.94
1686.35
1673.52
1679.01
1683.4
1680.3
1676.26
1665.67
1657.01
1661.9
1665.44
1659.25
1653.77
1653.58
1653.71
1656.3
1660.77
1679.35
1695.73
1695.13
1692.58
1674.7
1659.85
1669.34
1676.27
1662.18
1650.69
1660.88
1670.6
1676.29
1680.55
1672.25
1665.4
1671.4
1677.06
1679.65
1681.79
1679.59
1677.49
1676.4
1676.23
1685.12
1692.22
1681.54
1672.23
1677.02
1681.46
1682.16
1682.18
1674.88
1667.03
1653.05
1639.3
1628.32
1618.43
1621.33
1623.83
1621.63
1617.88
1595.1
1573.11
1561.02
1549.58
1546.48
1543.27
1538.47
1532.32
1507.55
1484.69
1489.08
1492.46
1480.87
1469.02
1453.24
1438.26
1435.86
1432.61
1415.42
1398.88
1393.19
1387.09
1374.01
1361.52
1360.02
1358.18
1349.79
1341.03
1325.05
1308.68
1284.51
1261.15
1255.56
1249.38
1230
1210.94
1199.45
1187.18
1155.31
1124.59
1124.29
1123.44
1107.16
1090.91
1075.83
1060.9
1050.91
1040.76
1025.27
1009.84
996.253
982.547
964.065
945.928
942.731
939.382
928.792
918.022
897.742
877.732
873.636
869.298
848.818
828.411
813.626
798.91
790.618
782.22
761.84
741.457
720.778
700.126
685.04
669.92
643.147
616.361
577.699
539.037
