53.0227
103.373
153.724
161.68
169.573
166.912
164.214
166.187
168.185
164.134
160.038
162.078
164.176
162.916
161.617
163.966
166.363
163.842
161.244
160.513
159.813
160.584
161.383
161.4
161.4
157.398
153.302
155.44
157.738
158.966
160.165
158.454
156.655
160.86
165.255
162.405
159.308
156.982
154.684
158.834
163.23
162.536
161.636
160.162
158.664
157.93
157.231
156.723
156.223
151.056
145.662
150.913
156.707
154.818
152.52
152.4
152.4
155.234
158.231
157.269
156.07
157.599
159.297
156.208
152.811
156.253
160.15
160.867
161.367
159.441
157.343
153.942
150.445
154.845
159.84
156.863
153.266
152.537
152.038
151.169
150.27
149.279
148.28
150.866
153.763
154.367
154.766
151.413
147.717
147.583
147.782
146.889
145.889
151.893
158.586
159.744
160.344
157.683
154.686
151.147
147.551
153.24
159.934
160.51
160.41
157.976
155.279
153.298
151.4
150.574
149.875
152.119
154.716
157.58
160.478
161.421
162.121
162.2
162.2
162.907
163.706
163.8
163.8
164.768
165.867
172.234
179.327
181.865
183.763
185.049
186.248
186.313
186.213
193.684
202.276
203.053
202.653
202.34
202.04
206.062
210.758
214.332
217.729
218.544
218.944
228.1
238.69
242.941
246.138
249.164
252.161
257.886
264.08
274.272
285.162
291.638
297.332
304.889
312.782
322.363
332.254
334.053
334.352
345.92
359.607
367.924
375.217
384.016
393.107
394.85
395.15
409.279
426.162
432.574
436.869
449.374
463.56
471.128
477.322
488.303
500.291
517.96
536.841
550.056
562.044
579.03
597.113
618.955
641.633
657.542
671.928
691.114
711.394
735.894
761.369
787.411
813.585
840.405
867.379
894.03
920.604
942.356
962.936
983.115
1003.19
1033.59
1066.56
1092.35
1116.32
1133.14
1148.12
1165.25
1182.93
1208.62
1236.39
1256.58
1274.76
1302.4
1332.57
1351.34
1367.02
1395.02
1426.39
1461.28
1497.14
1521.46
1542.54
1565.18
1588.25
1621.35
1657.31
1688.4
1718.07
1748.9
1780.07
1807.23
1833.2
1866.33
1901.59
1930.72
1958
1983.44
2008.31
2030.14
2051.02
2078.51
2108.08
2120.89
2128.38
2140.57
2154.25
2164.39
2173.38
2187.04
2202.23
2221.39
2241.87
2253.14
2261.33
2287.38
2319.44
2346.45
2371.72
2406.58
2444.74
2498.47
2557.61
2598.13
2632.09
2680.66
2734.4
2786.68
2838.43
2907.56
2982.98
3048.24
3109.78
3187.51
3271.23
3328.77
3376.52
3460.03
3557.04
3624.24
3680.08
3770.63
3874.53
3976.56
4077.86
4165.31
4247.33
4363.48
4493.16
4601.06
4700.27
4806.8
4916.29
5044.73
5180.9
5277.01
5356.63
5460.67
5574.86
5676.45
5772.76
5896.43
6031.7
6151.85
6265.54
6362.9
6453.21
6578.11
6718.07
6861.3
7005.96
7159.27
7316.41
7475.35
7635.1
7788.37
7938.72
8087.57
8235.72
8411.73
8600.54
8762.88
8912.94
9076.53
9246.46
9444.01
9654.6
9807.42
9932.7
10086.7
10254.5
10415.4
10572.8
10694.4
10798.4
10921.4
11053.9
11142.6
11209.4
11295.4
11391
11489.8
11590.2
11653.7
11698.2
11746.7
11797.3
11851.4
11907.5
11949.8
11984.8
11982.7
11960.8
11975.8
12010.6
12016.8
12007.6
11981.9
11947.1
11943.8
11957.8
11961.2
11958.8
11965.9
11978.2
11970.6
11951.8
11971.6
12013.4
12012.1
11986.3
11986.4
12001.6
12030.2
12066.7
12114.5
12168.9
12190.3
12192
12229.2
12287.6
12322.9
12344.3
12412.7
12509.8
12581.7
12638.4
12726.1
12833
12911.2
12971.7
13077.2
13210.9
13332.7
13446.7
13516.6
13558.3
13607.9
13662.7
13719.9
13778.9
13778.8
13740
13708.4
13681.5
13642.8
13596.3
13551.2
13507
13468.6
13434.2
13410.6
13394.5
13357
13304.6
13292
13307
13318.7
13328
13319.9
13299.6
13309.3
13340.3
13371.5
13403
13438.7
13477.5
13467.2
13421.2
13408.4
13419.8
13414.1
13395.8
13406.7
13439.2
13483.4
13536.4
13561.8
13566.4
13595.3
13642.6
13679.6
13708.5
13748.9
13798
13797.2
13757.3
13764.7
13809.3
13811.3
13779.5
13734.9
13680.1
13668.8
13692.7
13694
13676.9
13673.2
13680.5
13670.3
13645.6
13601.1
13540.2
13506.7
13496.2
13492.3
13493.9
13496.7
13500.6
13503
13504.2
13501.8
13496.2
13468.5
13421.4
13415.9
13447
13455.4
13443.9
13457.6
13494
13495.5
13465.6
13444.8
13432.4
13411.1
13381.8
13356.7
13335.4
13339.4
13366.8
13357.3
13313.3
13289.8
13285.5
13291.8
13308.3
13316
13315.2
13335.1
13374.9
13421.8
13475.6
13491.5
13470.2
13480.3
13521.6
13544.6
13549.5
13570.9
13608.7
13640.2
13665.3
13693.1
13723.7
13764.3
13815.3
13886.1
13977.6
14072.3
14170.2
14236.6
14270
14308
14351
14414.6
14500.2
14566.7
14612.8
14680.8
14772.6
14845.3
14897
14964.5
15049.2
15090.1
15082.2
15078.6
15079.9
15092.9
15119
15108.7
15056.6
15004.4
14951.9
14890.4
14818.2
14757.3
14709.5
14633.5
14524.5
14417
14311.2
14233.5
14189.3
14137.5
14076.6
13993.8
13884.4
13828.1
13836.9
13817.5
13763.4
13704.7
13640.5
13604.5
13603.8
13592.1
13566.5
13561.6
13583
13590.7
13581.1
13576.6
13578.9
13604.2
13659.6
13705.6
13739.5
13787.2
13853.1
13931
14024.8
14125.8
14236.5
14338.3
14428.3
14524.2
14628.3
14753.9
14909.4
15043.5
15147.9
15254.3
15363.6
15480.9
15609.6
15784.6
16025.7
16214.3
16327.7
16455.9
16605.3
16772.7
16966.2
17140.4
17286.1
17444.4
17621.1
17777.4
17903.3
18033
18168.3
18312.7
18470.8
18611.1
18724.4
18835.4
18942.8
19060
19192.6
19324.6
19455.7
19582.2
19701.7
19833.4
19984.4
20140.8
20305.7
20502.2
20749.9
20999.2
21251.2
21522.1
21824.1
22146.3
22502.1
22865.4
23241.4
23617.7
23994.4
24348.5
24664
25005.9
25393.2
25781.1
26170.1
26530.4
26840.8
27161.4
27499.8
27854.5
28237.9
28594.8
28904
29263.2
29712.9
30137
30514.1
30893
31275
31651.9
32019.1
32407.5
32835.7
33195.6
33426.4
33671.4
33943.5
34248.3
34615.7
34942.1
35189
35430.4
35661
35882.1
36084.2
36292.7
36513.9
36684.8
36754.8
36819.1
36872.2
36917.9
36948.5
36986.4
37039
37078.2
37089.4
37084.8
37047.2
37011.4
36979.5
36954
36942.2
36932.9
36928.7
36903.8
36833.7
36770.4
36722
36629.2
36438.1
36254.5
36087.5
35881.9
35589
35308.4
35055.7
34815.3
34603.1
34361.5
34051.5
33785.2
33621.1
33447.4
33250.5
33073.3
32943
32846
32829.6
32816.3
32810.6
32821.3
32872.4
32940.1
33049.2
33166.6
33304.6
33444
33586.5
33756.1
33994.9
34261.7
34600.9
34910
35140.9
35400
35733.2
36068.3
36408.2
36753.8
37115
37448.5
37707.3
37998.7
38379.6
38729.1
38991.5
39275.6
39620.2
39917.9
40083.3
40231.5
40330.5
40432.4
40542.6
40645.9
40729.2
40803.2
40849.5
40867.2
40799.8
40738.4
40695.4
40653.6
40615.5
40553.1
40416.3
40274.5
40117.8
39956.3
39780.1
39606.2
39439.5
39279.8
39141.9
38992.3
38804.5
38612.9
38408.3
38225.2
38113.6
37981.3
37780.1
37587.9
37426.2
37280.8
37190.8
37100.3
37008.3
36912.8
36805
36687.2
36534.1
36427.4
36486.7
36495.8
36323.3
36175.9
36120.3
36069.7
36037.5
35984.5
35854.3
35740
35686.1
35631.7
35575.3
35504.8
35379.6
35270.5
35225
35175.5
35110.5
35042.6
34963.5
34884.2
34804.3
34728.9
34672.3
34601.5
34471.8
34346.6
34241
34141.4
34067.7
33974
33793.6
33615.6
33448.3
33279.6
33105
32931.3
32761.7
32585.4
32378.4
32162
31902.9
31650.4
31429.1
31193.5
30889.7
30606.6
30423.8
30233.1
30003.6
29773.1
29537.2
29292.3
29002
28719.4
28476.6
28241.4
28046.1
27851.3
27659
27471.4
27308.9
27144.4
26968.3
26788.4
26587.1
26393.2
26240.4
26087.8
25935.7
25784.8
25640.4
25483.7
25255.7
25048.7
24966
24868.8
24684.4
24507.7
24378.4
24250.1
24128.3
23994.4
23784.8
23596.2
23542.3
23483.6
23393.1
23306.9
23249.1
23188.5
23108.5
23033.8
22995.9
22955.6
22897.6
22847.6
22854.6
22854.2
22799.2
22754.9
22789.2
22824.9
22870.7
22907
22870.8
22843.7
22889.1
22929.6
22931.2
22932.1
22927.2
22920.7
22900.9
22873.7
22783.4
22707
22751.8
22787.2
22739.7
22700.8
22738.8
22779.2
22841.1
22894.6
22867.3
22848.3
22909.8
22961.2
22913.3
22868.7
22858.4
22842.8
22772.2
22696.7
22569.5
22443
22326.1
22206.8
22062.5
21923.4
21846
21764.1
21628.3
21490.8
21332.6
21175
21025.7
20868.5
20610.6
20364.9
20282.9
20195.5
20034.2
19873.6
19720.9
19569.6
19438.6
19308.2
19187.8
19066.2
18926.7
18786.4
18634.3
18483.6
18354.2
18224.1
18080.9
17937.9
17798.4
17657.4
17489.1
17321.3
17161.8
17001.8
16833.3
16661.6
16422.4
16185.4
16001.2
15816.8
15628.6
15440
15241.9
15044.5
14866.6
14685.7
14419.6
14155.7
13954.6
13753.5
13552.7
13350.6
13103.1
12857.8
12691.8
12525.3
12342.4
12160
11999.4
11838.5
11661.7
11485.3
11331.3
11177.5
11039.3
10900.1
10692.8
10486.6
10364.4
10241.6
10057.6
9873.84
9720.69
9566.52
9264.21
8961.94
8666.43
8370.74
8013.09
7655.4
7256.09
6856.78
