-110.175
-54.7293
.716368
7.38359
13.9771
11.7102
9.41247
6.81664
4.21919
5.68746
7.18599
5.91341
4.61468
5.19263
5.79205
7.18007
8.5787
8.20647
7.80687
7.50544
7.20574
6.12212
5.02319
5.78235
6.58156
7.57598
8.575
9.47662
10.3757
8.35867
6.26072
4.3568
2.45866
5.49807
8.69494
8.3169
7.81739
9.34277
10.9412
9.65281
8.25419
9.16031
10.1593
9.62498
9.02557
9.4782
9.97771
7.423
4.72565
6.50497
8.50301
5.1781
1.58162
5.09942
8.9956
9.48398
9.78369
7.81622
5.71828
6.54269
7.54172
6.75333
5.85421
8.71022
11.8072
10.9695
9.87057
8.30421
6.70578
7.06645
7.56596
8.99642
10.4949
9.48521
8.28638
8.38541
8.58521
7.58241
6.48349
7.78468
9.28321
7.55768
5.55963
7.60609
10.0037
9.00758
7.70885
5.95248
4.15424
6.55732
9.35458
7.59498
5.39713
8.11012
11.307
9.33136
6.8338
6.69055
6.79045
5.08327
3.18513
5.1638
7.56145
8.24981
8.74932
9.6079
10.507
8.71901
6.62106
7.65125
9.04988
7.32723
5.22929
7.66951
10.6666
12.8645
14.9625
13.251
11.0531
9.03207
7.03403
7.241
7.74051
10.0881
12.6856
10.6291
7.9318
8.03806
8.53758
7.98808
7.28876
8.68277
10.3811
8.77246
6.67451
7.52879
8.82752
10.3861
11.9846
11.1627
9.96391
9.1963
8.49698
7.88372
7.2843
7.62925
8.12877
8.62828
9.12779
8.43086
7.53174
6.37683
5.17801
6.44616
8.14449
8.9941
9.69342
8.44517
6.84674
8.71202
11.2096
8.73431
5.33764
6.3136
8.11184
9.23893
10.2379
8.89344
7.0952
7.80202
9.00085
9.36661
9.56642
8.68578
7.58686
7.9804
8.67972
8.88272
8.98262
8.83495
8.63515
7.85905
6.95993
8.1141
9.71254
9.91806
9.81816
9.55478
9.25507
8.95537
8.65566
8.03056
7.33125
7.84922
8.64844
8.71904
8.61914
7.95391
7.15469
7.32226
7.72187
7.8
7.8
7.07844
6.17932
7.83949
10.1372
10.4404
10.2406
9.72248
9.12307
6.53889
3.44193
6.36376
10.8593
10.062
7.86417
7.4
7.4
7.4
7.4
7.4
7.4
7.24357
7.04376
8.01426
9.31299
11.4678
13.8654
13.8566
13.1573
10.7544
7.85729
7.50895
7.90855
8.15408
8.35389
6.86309
4.86505
6.39289
8.99034
6.31248
2.01669
5.42297
11.2173
10.2421
7.1451
7.84146
9.7396
8.68658
6.68854
7.18117
8.4799
10.0045
11.6029
11.8498
11.65
9.20359
6.00673
5.49877
5.89837
6.96845
8.26718
9.4173
10.5162
11.0964
11.496
12.1174
12.8167
11.8206
10.2221
8.03559
5.63793
8.73939
13.8344
12.5675
8.971
9.75032
12.148
12.2909
11.5915
11.6901
12.0898
13.0681
14.2669
12.8685
10.4708
11.6707
14.2682
12.9908
10.1936
10.2587
11.4575
13.5127
15.9104
14.5361
11.639
10.9419
11.1417
11.2
11.2
10.353
9.15421
10.2077
12.2057
12.3789
11.7794
10.6201
9.22146
9.35838
10.1576
8.93836
6.84042
8.00455
10.602
11.4692
11.5691
10.9789
10.0797
9.04299
7.94407
8.08036
8.77967
10.3685
12.3666
12.3859
11.4868
10.5196
9.52062
9.06432
8.86451
8.59707
8.29736
8.40234
8.70205
10.6831
13.4803
13.3271
11.7287
9.72906
7.53121
8.19996
10.2979
11.5317
12.331
12.6
12.6
12.0053
11.1062
10.0753
8.97637
8.46863
8.26882
8.98588
10.1847
8.64116
5.6441
6.42276
9.22002
11.3033
13.0017
13.3412
12.9416
11.3807
9.1829
8.46431
8.56422
9.49768
10.8963
11.6557
12.0553
11.1166
9.41828
11.5319
15.8277
17.1466
16.747
14.3901
10.8935
10.2924
11.3913
9.47827
5.78189
6.40172
9.59858
10.8
10.8
11.3594
12.2586
12.6
12.6
12.2911
11.7916
11.4768
11.277
11.4455
11.8451
12
12
11.5121
10.7129
11.7982
14.0959
12.5156
8.41958
8.7932
12.09
12.9184
12.1191
12.04
12.4396
11.7028
10.2043
10.7327
12.6309
12.7464
11.6474
11.733
12.6321
13.4132
14.1125
13.1056
10.9078
10.5864
11.5854
12.9935
14.6918
12.7789
8.28331
8.89618
13.192
14.2479
12.9491
13.0342
14.1332
15.2321
16.331
16.3991
15.6998
15.0576
14.4581
13.4037
12.0051
11.2299
10.9302
10.3481
9.5489
9.53773
10.1371
11.6901
13.9879
13.7703
11.5724
10.7671
11.0668
11.5885
12.2878
13.2084
14.3073
14.7449
14.645
14.4352
14.1355
15.2586
17.5564
18.1638
17.3646
17.0543
17.1542
15.6842
12.8869
12.0854
12.9846
14.1524
15.551
16.789
17.8879
16.7461
13.6491
13.4757
15.8734
16.6822
16.0828
16.4859
17.7847
17.1383
14.7407
13.8095
14.2091
14.4
14.4
14.0361
13.3368
14.1393
16.3371
16.0071
13.3097
12.9251
14.7233
16.0096
16.8088
16.537
15.2382
14.7016
14.9014
15.5061
16.5051
16.0925
14.2943
14.2035
15.8019
15.2493
12.552
13.1931
17.1892
17.8599
15.1626
14.3932
15.5921
16.003
15.6034
15.7923
16.5916
16.1207
14.3225
13.3027
13.1029
14.0661
16.2639
17.3035
17.1037
16.1829
14.4845
14.3659
15.9643
15.5605
12.963
12.9769
15.874
17.4473
17.5472
17.1291
16.1301
15.8813
16.4808
17.0802
17.6796
18.0465
18.1464
18.663
19.6621
19.6467
18.4479
18.3969
19.6956
19.7142
18.2157
17.8097
18.7088
17.9762
15.2789
14.7928
16.9907
18.0652
17.7655
17.6
17.6
17.4218
17.0222
16.667
16.3672
15.6702
14.4714
14.8109
17.1087
18.0937
17.3944
18.1762
20.8736
22.5301
22.8298
22.8273
22.4277
21.2115
18.9138
18.1561
19.4549
20.1574
20.0575
20.8054
22.7035
22.9561
20.9581
19.464
18.6648
18.4508
19.0502
19.4416
19.5415
19.1859
18.1869
17.5588
17.4589
17.1949
16.6954
16.849
17.948
20.1438
23.9401
25.2297
22.832
20.2734
17.4761
17.7219
22.5172
23.7664
19.6704
17.4775
18.1768
18.166
17.0671
16.0074
15.0084
15.2984
17.5961
18.9223
18.7225
19.064
20.2628
20.3075
18.5092
17.6297
18.2291
18.7523
19.1519
19.3621
19.2622
19.0492
18.6496
19.2249
21.4227
21.7556
18.9584
17.0516
16.652
17.3596
19.957
21.2696
20.3705
19.5444
18.8451
18.3637
18.2638
18.4529
19.1522
19.2048
18.1059
17.793
18.892
19.7066
20.0063
19.7406
18.4418
16.8971
14.8991
14.3689
16.5667
18.0695
18.2693
19.2639
21.7615
22.1973
18.7008
17.9033
22.299
23.4675
18.3725
15.9119
18.6093
19.8292
18.1308
17.2003
17.7997
18.731
20.3294
20.8721
19.2737
18.9871
21.3847
22.674
21.675
20.0279
17.0308
15.2577
16.0569
17.2082
19.1064
20.2727
19.8731
18.8095
16.3119
14.9142
15.9133
17.412
20.0094
21.3966
20.0978
18.6449
16.8467
16.1822
18.0803
18.7302
16.5323
15.9075
18.9046
20.1284
17.2312
15.7374
17.5357
18.711
18.4113
18.0232
17.4238
17.8196
20.6169
22.3383
21.4392
20.5112
19.5122
19.431
21.6289
21.7186
16.5237
14.3278
19.7225
22.8414
20.144
18.6185
20.117
20.4242
17.627
15.6
15.6
15.9278
17.1266
18.1627
18.7621
20.0346
23.1315
24.4913
21.0946
18.7326
19.2322
19.521
19.2213
19.5228
21.5208
22.7665
21.8674
21.8179
24.2156
24.6713
19.4764
16.6396
20.7356
23.8755
24.1752
23.5013
19.9048
17.7944
20.1921
22.0737
22.3734
21.9906
19.493
18.4463
21.9429
24.4561
23.8567
23.6141
24.5132
24.3742
20.8776
18.434
19.433
20.5248
21.9235
23
23
22.7263
21.5274
20.5774
20.4775
20.2431
19.5437
19.7556
23.1523
24.8969
20.8009
18.124
20.5216
21.5778
17.7815
15.2717
17.4695
19.3699
20.1692
20.8631
21.1628
20.691
17.2943
14.8479
16.0467
17.8389
21.9349
25.2405
25.4403
25.1785
23.0806
21.1814
20.0825
18.9245
17.5259
17.0429
20.3397
22.865
22.1657
21.4473
20.648
20.17
21.0692
21.4447
19.5466
18.4256
20.7233
21.7578
17.1623
14.4505
20.2448
24.4804
21.5833
19.2354
19.4352
19.8804
21.4788
22.748
22.4483
21.9087
20.2104
18.8677
19.2673
19.3656
17.967
17.4453
21.3415
24.3547
22.8562
21.39
20.0913
18.8404
17.8414
16.8266
15.7277
15.1425
17.3403
19.323
20.1222
20.9669
22.0658
22.5057
19.2089
16.4591
16.8587
17.3021
18.0014
18.3409
16.5427
15.3833
18.0807
20.274
19.3749
18.531
18.0315
17.8858
19.9837
21.5585
19.7603
18.3718
19.6705
20.2921
16.396
13.4617
17.0582
20.1116
19.4123
18.8497
19.2493
19.7469
20.9457
21.9036
21.1044
20.092
17.4945
15.468
17.7657
19.8344
20.1341
20.445
20.8446
21.1004
20.2013
19.4652
20.0646
20.3012
17.5039
15.1676
16.7661
18.2514
18.7509
19.1697
18.87
18.6099
18.7098
18.7321
18.0328
17.3905
17.2906
17.293
18.292
19.1727
18.873
18.5822
18.3824
18.2348
18.6345
19.017
19.2168
19.35
18.7506
18.2731
19.1723
19.9841
19.7843
19.6
19.6
19.4944
18.0958
16.7853
16.5855
16.45
17.1493
17.9251
19.7234
21.2919
19.6934
18.2
18.2
18.2127
18.4125
18.6432
19.3425
19.9582
19.2589
18.8831
23.7783
28.1599
23.8642
19.7569
18.9577
18.2208
18.6204
18.8202
15.2237
12.0208
16.6163
20.9862
20.6865
20.422
20.9215
21.2778
18.3807
15.6482
16.847
18.084
20.2819
22.2695
18.673
15.2206
15.82
16.4517
18.0502
19.5423
17.6441
15.8312
16.9302
18.0106
18.4102
18.7583
17.06
15.3887
14.8892
14.4226
15.5216
16.6037
16.8035
17.005
17.3047
17.6103
18.3096
18.9911
18.2917
17.587
16.3882
15.177
12.5796
10.0385
15.633
21.1877
18.6901
16.1982
15.5988
15.0007
15.7
16.3993

941.69
939.198
938.599
938.001
938.7
939.399
