-107.775
-52.829
2.11712
4.29478
6.39272
6.4
6.4
6.79744
7.19705
5.41504
3.61681
5.67833
7.77628
8.19509
8.5947
8.89573
9.19544
8.51133
7.81202
7.30907
6.80956
6.99598
7.19578
8.27573
9.37465
7.15525
4.8575
8.59868
12.4949
8.51733
4.32144
7.40135
10.6981
8.8637
6.86566
6.8
6.8
8.14992
9.54855
10.466
11.3652
7.4627
3.36671
4.63754
6.13607
7.34768
8.5465
8.98178
9.38138
7.01878
4.52123
4.97031
5.56973
7.21257
8.9109
8.90534
8.80544
7.94981
7.05069
8.03696
9.13589
8.44741
7.64819
6.28571
4.88708
5.54946
6.34867
7.61532
8.91405
8.25367
7.45446
8.42404
9.52297
10.1574
10.7568
11.6343
12.5334
10.0098
7.21253
9.76935
12.7664
9.96017
6.6634
10.0768
14.0729
11.8317
9.03445
7.97624
7.07712
9.10066
11.3984
10.1418
8.54337
9.76412
11.2626
10.311
9.11223
8.00395
6.90503
7.25177
7.75128
9.06222
10.4608
9.07064
7.3723
7.55907
7.95867
8.89571
9.89473
9.73187
9.43217
8.41902
7.3201
9.06866
11.1666
8.47
5.17323
6.39466
8.19289
9.19557
10.0947
8.61239
6.81415
9.76817
13.3646
11.517
8.91951
8.77523
8.97503
5.94039
2.44381
6.27386
11.1691
10.3205
8.62222
8.05268
7.65307
9.24605
11.1442
9.1526
6.55514
7.23491
8.43374
8.4279
8.2281
6.91223
5.4137
9.2258
13.9212
11.6089
8.11234
5.97998
4.08184
4.65068
5.6497
7.15796
8.75639
7.47582
5.67758
5.90688
6.5063
6.26286
5.86325
6.5568
7.45592
8.27115
9.07036
9.1163
9.0164
8.74949
8.44979
6.98379
5.28546
5.08311
5.18301
8.43367
12.3298
10.6839
7.88661
8.80289
10.5012
10.3884
9.88885
10.6213
11.6203
10.9806
9.98162
9.88174
9.98164
10
10
8.04764
5.64999
7.63458
10.6316
10.0666
8.66797
9.28837
10.3873
9.71378
8.61486
7.83741
7.1381
7.88191
8.98083
11.2794
13.8769
12.4852
10.0876
9.44083
9.24102
8.00914
6.51061
6.1208
6.0209
8.29097
11.1881
9.98752
7.68978
7.59304
8.09255
8.04318
7.84337
8.50394
9.40306
9.6
9.6
8.04351
6.04547
7.7736
10.5708
9.96107
8.36264
9.69921
11.897
11.1673
9.56891
9.50738
9.90699
9.92335
9.82345
8.57674
6.9783
9.26903
12.7656
10.7096
6.91335
9.94506
15.14
13.6002
9.9038
8.6981
8.29849
9.02807
10.127
11.2259
12.3248
12.5251
12.4252
10.6074
8.20974
7.22752
6.72801
8.82901
11.8261
12.7482
12.948
11.1523
8.65473
8.36856
8.86807
9.07352
9.17342
8.1735
6.77487
6.4
6.4
9.31719
13.3133
14.1091
13.7094
12.0767
9.97875
9.4
9.4
9.61644
9.91615
10
10
10
10
11.0018
12.4005
14.2986
16.3966
15.292
12.8943
13.7614
15.9592
14.8306
12.333
10.4001
8.70179
9.32616
10.9246
11.6106
11.9103
11.44
10.6408
11.5167
13.1152
13.3216
12.922
11.5507
9.75245
11.1379
13.9351
14.3859
13.7865
12.4301
10.7317
10.3372
10.537
11.6264
13.1249
12.0989
9.90107
10.8328
13.2305
14.1357
14.3355
14.6706
15.0702
14.7279
14.0285
14.5398
15.6387
15.0612
13.6626
11.9296
10.0315
9.73332
10.2328
11.53
13.2283
12.4745
10.4765
11.518
14.1155
13.7482
11.8501
11.6598
12.3591
12.5345
12.4346
12.9876
13.8868
14.5255
15.025
15.0053
14.7056
12.6588
9.66172
8.85804
9.25765
9.65726
10.0569
11.3541
13.1524
12.969
11.6702
10.9451
10.5455
11.4165
13.0149
14.55
16.0486
15.4635
13.6652
13.1888
13.4885
13.2235
12.6241
12.963
13.8621
14.9483
16.1471
15.6676
14.169
14.4056
15.7043
16.0764
15.8766
15.1842
14.1852
15.8255
19.1223
18.9928
16.695
14.3363
11.9386
11.6687
12.7676
14.7755
17.3729
17.6148
16.3161
14.5959
12.5979
13.1802
15.4779
15.0243
12.7265
13.2308
15.6284
15.7087
14.2101
15.1991
17.8964
16.6388
12.6427
12.6473
15.4446
17.4796
18.9781
17.9636
15.1663
14.6407
15.7396
15.3873
13.9886
14.21
15.6086
16.4883
16.9878
17.1425
17.0426
17.5154
18.4145
18.4576
17.8581
16.0075
13.2102
14.4372
18.733
20.3176
19.8181
18.4742
16.4762
15.5439
15.444
14.9528
14.1536
15.4153
18.3125
18.9339
17.7351
18.4721
20.7699
20.6426
18.5446
18.3688
19.7675
19.1961
16.9982
17.7994
21.0961
20.9701
17.973
18.1699
21.0671
20.3503
16.554
15.7674
17.5656
19.3639
21.1621
20.9863
19.0882
18.2
18.2
18.3589
18.6586
19.8553
21.8533
21.1178
17.9209
17.1856
18.6841
19.5565
19.8562
19.1163
17.418
17.2214
18.4202
18.4841
17.4851
17.7709
19.2694
18.8736
16.6758
16.569
18.4672
19.9081
20.9071
21.4506
21.5505
20.4908
18.293
18.4555
20.953
21.7998
21.0006
21.9952
24.7924
24.314
20.5177
18.5506
18.4507
18.597
18.9966
20.6223
23.5195
23.9253
21.7275
20.8919
21.4913
21.1216
19.723
20.7374
24.3339
24.5657
21.1691
19.8308
20.7299
22.1535
24.1515
23.9655
21.3681
22.4587
27.6536
29.0815
26.2843
24.1435
22.7449
23.2608
25.9581
26.563
24.7648
22.9202
21.0221
20.2766
20.8761
21.3836
21.7832
23.5086
26.8054
27.644
25.5461
24.7173
25.4166
24.0399
20.1438
19.2132
21.9106
23.4895
23.6893
23.8
23.8
24.6869
26.685
27.7558
27.6559
26.9846
25.586
24.2749
23.0761
23.2713
25.2693
26.3566
26.2567
25.8546
25.0554
24.7719
25.1715
25.3144
25.1146
26.2775
29.2746
29.1349
24.7392
20.9764
18.0792
19.2558
26.0491
29.2476
27.4493
26.3168
26.117
25.2546
23.4564
23.1418
24.9401
25.7539
25.1545
24.2693
22.9706
23.7844
27.6806
27.3316
20.738
17.4437
19.0422
19.8799
19.5802
20.8344
24.4308
26.3225
25.6231
24.6477
23.249
22.3215
22.1217
22.0781
22.2779
22.3223
22.1225
22.7734
24.7714
26.1154
26.4151
24.7627
19.9674
18.3328
21.8294
23.318
21.5198
20.4
20.4
20.7749
21.774
21.5048
19.1072
19.1954
23.4912
25.3511
23.0534
22.0405
23.2393
24.1826
24.6821
23.8378
20.6409
19.8643
23.3609
25.2048
24.1059
24.0074
25.7058
25.4141
21.5179
19.5301
21.0286
23.2652
26.8617
28.2214
25.4242
24.7468
28.0436
28.8177
24.8216
21.9595
21.2601
21.6541
24.1517
24.9847
22.5871
21.2364
21.9357
22.4
22.4
22.2665
21.8668
22.7615
26.2581
27.5773
24.4803
22.2688
21.8692
22.252
24.25
25.438
24.9385
24.6644
24.8642
25.064
25.2638
25.05
23.9511
23.3581
23.8576
24.0429
23.5434
23.1688
23.0689
23.7138
26.0115
27.3841
26.6848
26.2
26.2
25.3779
22.6806
20.8605
21.0603
20.7792
19.3806
18.8479
20.3464
21.222
20.6226
20.6715
22.2699
23.2829
22.8833
22.1639
20.6653
20.0909
21.7893
23.1147
23.5143
23.3157
21.6174
20.9375
22.8357
23.6662
21.768
20.1768
19.3776
19.6034
22.5006
24.545
24.3452
24.5551
25.8538
27.0169
27.8161
28.5346
29.0341
28.9456
27.2473
25.8939
25.4943
26.4114
31.0069
33.3021
29.1063
26.2075
27.0068
27.6772
27.9769
28.1744
28.0745
28.1775
28.8768
29.1484
28.1494
27.3501
27.1503
27.4458
29.2441
29.6171
25.621
23.0144
24.7127
26.1693
26.8686
27.5199
28.0194
28.4951
28.8948
29.0348
28.3355
28.1042
29.4029
29.9591
28.061
26.4159
25.6167
24.9087
24.5091
24.5392
26.0377
27.1552
26.9553
26.3333
24.2354
22.9965
24.7947
26.0035
25.1044
24.7245
26.2231
26.8854
24.4878
23.3011
26.5978
28.6738
26.1762
24.1791
24.0792
24.2479
25.4467
25.868
23.2705
21.9498
25.6462
28.8408
30.0397
30.8609
30.1616
29.2261
27.328
26.4624
29.8591
31.8478
27.9516
25.0482
26.3469
26.9654
24.6676
23.0431
24.3418
25.548
26.3472
26.6704
24.8722
23.074
21.2757
20.2837
22.9811
24.8987
23.2004
22.3257
25.3228
27.4014
25.1037
23.4913
25.1896
26.329
24.7306
22.814
19.3175
17.1115
21.4073
24.6403
22.4424
20.9069
22.8051
24.2244
23.1255
22.2473
22.547
22.7844
22.6845
22.5846
22.4847
22.2786
21.4794
20.8
20.8
20.6522
19.6531
19.1209
21.3188
23.3151
24.1143
24.5728
22.9744
21.656
22.0556
22.2343
21.0355
20.0272
20.227
20.5878
21.9864
22.9753
21.277
20.0604
22.0585
23.6974
22.8982
22.2884
22.9877
23.8114
25.5097
26.6695
23.9722
21.3953
19.6969
18.816
24.011
28.4485
27.1498
25.4043
20.2094
16.2756
22.2697
27.2238
23.8271
20.8978
21.7969
22.7387
24.0375
25.1162
24.317
23.5897
23.4898
23.3697
23.07
22.7703
22.4706
22.3939
24.3919
25.8771
22.4804
19.5395
21.0381
22.2816
20.9829
20.1831
24.4789
28.2431
26.4449
24.6296
22.6316
20.8832
21.8822
22.6862
21.2876
20.1824
22.4802
24.5768
24.2771
23.9698
23.5702
23.0604
21.1623
19.4
19.4
19.4417
20.0411
20.7284
22.6265
24.1638
20.5673
17.3719
20.0692
22.5506
21.7514
20.9701
20.4706
20.0231
20.4227
20.8112
21.011
21.2269
21.7264
22.1169
20.5185
19.0849
20.7832
22.3616
21.5624
20.7954
20.6955
20.5912
20.3914
20.2379
21.137
21.9598
20.9608
19.9885
19.6888
19.3746
18.6753
17.9863
17.5867
17.3099
20.7066
23.8663
19.4707
15.2824
18.1796
20.9418
18.7439
16.6416
18.34
19.9865
19.3871
18.7938
18.4941
18.2037
18.4035
18.6083
19.1078
19.5823
18.3835
17.2076
17.8071
18.3881
17.2892
16.2079
17.1071
17.9869
16.0888
14.2015
14.5012
14.8038
16.1026
17.4002
17.6
17.7998
4
939.102
940.4
940.6
940.8
