-19.5821
19.9791
59.5403
70.0739
80.5636
74.7262
68.832
70.8865
72.9845
73.1983
73.3981
74.2907
75.1898
73.1258
71.0278
70.3099
69.6106
69.6
69.6
69.4036
69.2038
71.4537
73.7515
71.6485
69.4507
71.0592
72.7575
73.1896
73.5892
73.8916
74.1913
71.1927
68.0957
68
68
68.8696
69.7687
69.125
68.4257
65.7056
62.9084
65.1047
67.5024
66.2583
64.8597
68.3387
72.035
71.8182
71.4186
68.0663
64.5697
66.206
68.1041
67.9154
67.6157
70.4398
73.4369
71.3328
68.9352
68.0458
67.2466
67.5763
67.9759
64.4326
60.6363
62.9294
65.6268
66.2674
66.7669
65.9604
65.0613
69.934
75.2288
71.6982
67.5023
66.3657
65.4665
64.3824
63.2835
63.6615
64.1611
63.8315
63.4319
66.9849
70.8811
69.0903
66.7926
69.8035
73.3001
67.9373
61.7434
64.8455
68.8416
68.4725
67.6732
67.237
66.8374
66.5283
66.2286
64.4833
62.5851
62.9409
63.5403
62.1606
60.5622
60.9386
61.538
60.1668
58.5684
58.6681
58.9678
59.6242
60.3236
61.4678
62.6666
63.7767
64.8756
67.6578
70.6548
66.8454
62.15
61.9528
62.3524
62.4
62.4
62.7512
63.1508
61.5353
59.6372
61.9351
64.8323
66.0722
67.0712
65.4595
63.4614
62.8527
62.4531
60.494
58.2962
58.6051
59.3044
60.1762
61.0753
60.3395
59.3405
58.9424
58.6427
57.0582
55.26
58.8457
63.3413
63.4884
62.889
61.6941
60.3954
60.9638
61.863
60.7298
59.2313
57.3949
55.4967
57.2228
59.6205
60
60
57.9027
55.4051
58.599
62.8948
61.0114
57.9145
58.9828
60.8809
60.7013
60.1019
58.093
55.7952
58.1297
61.4265
62.4126
62.9121
60.2009
56.8042
56.1179
56.018
59.1135
62.9098
62.6191
61.4203
60.6292
59.9299
59.8813
59.9812
61.5419
63.44
63.8
63.8
62.2655
60.3674
61.3696
63.0679
65.4092
67.9068
67.9991
67.4996
69.1595
71.3573
71.0819
70.1828
69.7612
69.4615
68.9236
68.3242
72.3181
77.513
74.571
69.476
70.6065
73.4037
70.2268
65.4315
66.6739
69.5711
70.5911
71.0906
73.8527
77.2493
73.0971
66.8032
68.4275
72.3237
74.284
75.6827
75.5366
74.9372
72.4888
69.4917
71.4896
74.9862
75.8766
75.9765
75.4648
74.7655
77.8028
81.9987
80.9463
78.2489
75.7792
73.3815
74.9188
77.716
79.3057
80.5045
82.7572
85.3547
86.5256
87.2249
86.5013
85.3025
85.6722
86.5713
85.1611
82.9632
83.2173
84.3162
87.0454
90.3422
90.0174
88.419
92.0542
97.5488
95.3241
90.329
94.1325
101.126
103.731
104.73
108.573
113.469
115.236
115.836
118.756
122.553
127.362
132.557
135.804
138.301
144.108
151.201
155.496
158.693
166.04
175.031
181.025
185.821
195.313
206.702
218.02
229.309
236.209
241.304
246.964
252.858
265.58
281.165
296.047
310.633
324.029
336.916
351.409
366.594
381.501
396.286
412.599
429.582
448.088
467.269
488.728
511.206
527.284
540.471
555.305
570.89
593.659
619.734
645.535
671.21
684.366
691.659
716.998
750.864
767.414
775.706
796.341
822.915
852.448
883.418
900.842
911.631
926.7
943.883
953.4
959.094
970.571
984.957
998.018
1010.4
1022.33
1034.02
1045.44
1056.73
1062.11
1064.41
1073.45
1086.04
1097.78
1109.07
1108.31
1101.12
1096.72
1093.82
1092.73
1092.63
1099.76
1110.85
1113.45
1111.35
1106.37
1099.77
1100.79
1106.08
1113.16
1121.25
1124.14
1124.04
1126.79
1131.18
1130.65
1127.26
1126.82
1128.12
1126.97
1124.37
1114.83
1101.14
1101.24
1109.63
1110.13
1105.83
1107.61
1113.1
1110.26
1102.27
1105.48
1115.67
1119.05
1118.15
1114.07
1107.97
1097.98
1085.49
1080.72
1080.92
1085.24
1092.23
1083.64
1064.86
1053.79
1047.79
1040.12
1031.33
1023.91
1017.42
1010.39
1002.99
993.404
982.315
975.194
970.798
964.573
957.08
943.763
926.38
916.854
912.858
912.018
913.417
909.981
903.088
897.646
893.25
891.573
891.873
891.712
891.212
889.276
886.279
888.894
895.687
892.607
882.118
879.818
883.714
883.926
881.329
879.748
878.949
875.729
870.634
871.429
876.824
876.405
871.41
867.25
863.754
865.086
870.281
868.618
861.425
854.397
847.504
840.281
832.788
824.639
815.948
812.163
812.463
812.002
810.903
798.761
777.282
764.595
759.4
753.13
745.937
742.332
741.833
737.598
730.106
720.381
708.692
701.611
698.614
692.979
684.987
683.933
689.128
683.901
669.215
660.53
657.333
656.112
656.711
655.964
653.966
650.782
646.486
645.685
648.182
644.434
634.743
632.244
636.64
636.818
632.922
631.607
632.806
635.87
640.765
639.735
632.841
629.05
628.35
627.801
627.401
621.988
611.499
602.443
594.85
589.178
585.482
576.881
563.194
558.105
562.001
559.718
550.927
544.898
541.801
534.457
522.568
516.688
517.288
516.116
513.019
508.301
501.807
494.744
487.052
484.04
486.238
482.927
473.436
464.367
455.776
451.247
451.346
446.238
435.149
426.005
419.112
408.115
392.33
382.973
381.175
372.931
357.046
345.987
340.692
334.672
327.779
320.074
311.382
304.488
299.793
294.56
288.666
285.801
286.7
282.721
272.631
268.104
270.601
267.736
258.046
255.619
262.513
265.442
263.244
259.745
254.55
252.766
255.463
257.258
257.857
260.981
267.474
272.307
274.905
279.367
286.36
294.872
305.462
315.968
326.357
336.162
345.153
359.511
381.39
403.517
425.995
450.781
478.853
510.084
545.849
585.288
630.044
673.622
715.481
760.413
809.865
864.587
927.126
986.581
1041.43
1102.85
1174.18
1237.3
1287.95
1342.94
1404.58
1462.45
1514.5
1573.31
1642.64
1700.93
1741.89
1790.05
1849.59
1906.86
1960.51
2017.91
2081.34
2137.96
2183.52
2234.68
2295.02
2357.89
2424.92
2487.35
2542.09
2598.74
2658.58
2727.7
2812.52
2889.43
2952.87
3020.2
3094.23
3171.69
3255.11
3336.13
3412.95
3484.47
3546.61
3615.61
3696.83
3771.9
3835.94
3903.82
3978.64
4061
4157.1
4233.39
4273.15
4328.85
4414.16
4496.66
4573.89
4645
4704.54
4758.07
4800.12
4857.9
4945.91
5025.3
5087.94
5145.14
5191.69
5236.84
5279.19
5325.86
5381.11
5424.94
5445.81
5470.85
5504.32
5532.57
5550.15
5570.18
5595.26
5612.26
5612.46
5620.49
5644.97
5658.46
5648.67
5643.49
5648.19
5656.74
5673.63
5679.01
5659.33
5642.33
5631.24
5623.72
5624.12
5617.68
5595.9
5573.08
5547.9
5525.74
5510.46
5499.47
5498.37
5478.54
5415.21
5357.15
5311.5
5281.06
5286.65
5280.23
5245.06
5215.34
5198.76
5183.19
5170.1
5156.47
5141.48
5135.76
5153.04
5164.74
5162.45
5173.56
5218.61
5257.69
5281.46
5303.17
5319.56
5346
5398.65
5450.72
5501.27
5550.26
5595.12
5638.67
5678.73
5714.06
5736.53
5766.84
5818.59
5869.81
5919.56
5969.39
6019.44
6063.9
6092.57
6118.62
6137.21
6157.1
6180.78
6200.34
6207.93
6214.26
6216.86
6219.08
6220.17
6224.82
6240.1
6248.3
6235.02
6222.57
6212.68
6202.81
6193.02
6174.67
6129.51
6092.9
6083.31
6069.93
6044.46
6014.33
5969.18
5928.59
5902.91
5885.89
5897.48
5892.3
5831.06
5784.87
5789.57
5789.63
5773.84
5751.51
5706.55
5664.62
5633.25
5607.83
5603.43
5589.76
5542.91
5510.7
5531.48
5542.72
5519.04
5498.36
5488.77
5477.37
5459.19
5448.53
5466.41
5469.2
5414.05
5375.5
5401.37
5416.16
5387.39
5365.18
5369.08
5365.8
5333.63
5304.98
5290.7
5282.43
5299.02
5308.68
5289.4
5274.54
5278.44
5274.1
5234.44
5194.1
5150.84
5111.58
5089.9
5065.88
5031.42
5002.15
4996.35
4985.18
4949.42
4920.21
4921.41
4909.73
4837.5
4772.05
4738.88
4704.96
4667.39
4632.63
4611.55
4588.59
4556.32
4522.23
4478.98
4438.34
4411.06
4377.47
4311.14
4253.48
4241.5
4222.7
4167.55
4116.97
4091.09
4065.74
4043.26
4019.65
3989.68
3960.86
3938.58
3918.19
3908.7
3892.66
3838.32
3787.28
3755.91
3729.08
3729.68
3726.29
3698.42
3670.56
3642.79
3615.02
3587.24
3562.31
3555.72
3547
3524.32
3504.81
3506.41
3505.67
3489.09
3474.98
3477.97
3477.64
3453.86
3431.69
3421
3412.27
3417.87
3420.69
3402.91
3387.64
3391.44
3393.89
3386
3379.2
3381
3380.76
3364.18
3351.03
3366.01
3380.43
3390.12
3397.2
3381.91
3368.41
3370.51
3373
3379
3383.33
3372.54
3361.71
3350.52
3339.86
3334.16
3331.94
3363.51
3390.48
3371.6
3354.95
3361.15
3367.1
3370.6
3372.29
3354.61
3339.48
3352.47
3361.31
3323.35
3287.71
3279.02
3268.33
3233.86
3200.75
3184.27
3166.53
3132.96
3100.88
3088.1
3073.86
3040.3
3007.3
2982.12
2957.37
2938.58
2920.11
2906.23
2891.51
2864.24
2838.42
2835.42
2830.62
2796.46
2762.59
2733.82
2706.2
2698.81
2690.32
2661.85
2634.07
2619.48
2604.33
2577.96
2552.16
2538.27
2523.5
2489.53
2456.6
2447.21
2436.73
2400.27
2363.97
2331.7
2299.68
2274.3
2249.04
2226.86
2203.83
2155.38
2107.25
2069.38
2031.72
2000.65
1969.81
1947.63
1925.11
1888.74
1852.69
1830.32
1807.86
1781.48
1755.11
1729.14
1703.12
1674.55
1646.09
1625.41
1604.73
1583.45
1562.11
1535.74
1509.32
1477.35
1445.41
1417.43
1389.43
1354.16
1318.89
1280.82
1242.75
1197.7
1152.64
