-63.7752
-8.72911
46.3169
50.4898
54.5858
52.4097
50.2119
49.2064
48.2074
50.6791
53.1766
52.7051
52.2056
51.5086
50.8093
47.9412
45.0441
49.4271
53.9227
54.6873
55.3866
50.7945
46.0991
45.4132
44.8138
48.4111
52.1075
49.6675
47.0701
49.6245
52.3219
49.1016
45.7049
45.1159
44.6164
45.7594
46.9582
46.7107
46.411
48.9019
51.4993
52.5603
53.5593
52.1624
50.6639
51.2695
51.9688
51.9045
51.8046
50.8475
49.8485
50.5604
51.3596
50.6411
49.8419
51.0306
52.3293
51.0775
49.6788
50.5427
51.5417
50.4711
49.2723
49.6694
50.1689
49.7316
49.2321
47.9847
46.6859
48.3725
50.2706
48.8174
47.119
49.3225
51.82
49.4043
46.607
50.1928
54.2888
51.7383
48.6413
48.0315
47.6319
48.2434
48.9427
48.3579
47.6586
46.1355
44.5371
46.4093
48.6071
48.5266
48.2269
50.5645
53.1619
53.037
52.6374
50.6079
48.41
46.935
45.5364
43.7771
41.9789
46.7479
52.2425
54.0567
55.4553
51.7484
47.4526
48.2512
49.6498
49.5324
49.2327
50.7127
52.411
53.1327
53.7321
53.4456
53.046
54.7679
56.766
55.1478
53.0498
54.5601
56.5581
56.0975
55.2983
57.2151
59.5128
59.8
59.8
59.7127
59.6128
58.0335
56.2353
59.4732
63.4693
66.5124
69.4095
66.4289
62.5327
63.7248
65.7229
65.8279
65.6281
68.0038
70.8011
75.9967
81.5912
79.8362
76.8391
80.0663
84.3621
88.1475
91.8439
89.8538
86.8567
90.9725
96.3672
97.8758
98.675
99.6428
100.642
104.836
109.631
115.601
121.795
123.721
124.819
122.996
120.598
123.116
126.612
130.607
134.703
135.483
135.583
140.149
145.644
153.697
162.288
163.965
164.164
171.592
180.583
185.559
189.655
195.059
200.753
202.289
202.889
208.532
215.325
230.802
248.284
258.238
266.43
267.435
266.735
281.343
299.625
307.54
312.935
321.697
331.287
342.557
354.246
355.563
354.264
359.969
367.462
377.018
387.108
393.872
399.767
410.401
422.289
426.376
428.374
440.905
456.29
464.618
471.012
476.076
480.771
492.333
505.819
514.403
521.596
527.858
533.852
547.202
562.687
570.371
575.765
582.701
590.094
606.708
626.089
639.645
651.433
657.105
660.901
672.476
686.462
687.29
683.993
687.069
692.164
700.664
710.255
714.411
716.809
718.153
719.152
729.386
742.673
749.894
755.089
764.616
775.605
783.615
790.608
807.854
828.634
846.746
863.929
878.747
892.733
916.45
943.623
964.548
983.229
1010.64
1041.21
1064.97
1086.25
1109.79
1134.17
1154.47
1173.25
1209.08
1251.34
1293.89
1336.55
1367.52
1393.99
1432.99
1476.84
1521.27
1565.93
1609.73
1653.18
1700.14
1748.49
1797.2
1846.05
1900.94
1958.28
2009.18
2057.44
2108.72
2161.27
2207.63
2251.38
2297.88
2345.53
2402.7
2463.94
2517.79
2568.44
2635.17
2708.89
2757.36
2794.72
2876.31
2977.51
3041.44
3088.7
3157.42
3235.84
3301.16
3360.5
3439.96
3528.68
3599.58
3662.22
3735.81
3814.53
3891.36
3967.28
4051.93
4140.75
4221.13
4297.45
4340.69
4367.86
4422.2
4489.83
4543.29
4589.74
4622.53
4648.51
4696.22
4754.86
4792.96
4820.63
4846.12
4870.5
4900.47
4933.34
4961.55
4987.32
4998.62
5002.32
5008.1
5015
5010.3
4999.41
4998.91
5004
5000.17
4991.48
4994.66
5004.35
5011.79
5017.98
5011.99
4999.2
4992.62
4989.52
4979.8
4966.31
4979.57
5008.14
5026.77
5039.66
5038.21
5028.42
5032.1
5043.69
5051.7
5057.6
5070.81
5088.39
5098.93
5105.22
5123.89
5150.06
5165.64
5174.73
5212.54
5268.09
5312.98
5351.24
5380.48
5404.06
5439.63
5482.79
5515.46
5541.43
5558.59
5570.08
5590.05
5615.53
5614.24
5595.46
5577.34
5559.66
5532.5
5499.03
5472.44
5450.46
5426.99
5402.52
5383.51
5368.22
5355.66
5344.97
5326.79
5303.41
5294.5
5295.7
5304.88
5319.66
5329.42
5335.62
5333.36
5325.07
5314.34
5301.85
5297.41
5298.81
5317.91
5349.98
5346.7
5317.33
5307.2
5311.4
5320.28
5332.66
5343.74
5353.83
5361.26
5366.65
5379.34
5397.62
5412.8
5425.59
5434.51
5440.4
5441.43
5438.64
5427.99
5411.1
5400.77
5395.67
5380.73
5357.86
5343.96
5337.37
5332.15
5328.05
5326.14
5326.04
5312.91
5288.94
5274.47
5267.97
5253.14
5231.26
5215.86
5205.97
5205.38
5212.77
5201.63
5174.46
5168.63
5181.42
5177.14
5157.86
5137.36
5115.78
5105.18
5104.38
5112.36
5128.24
5141.4
5152.09
5141.6
5111.73
5080.61
5048.34
5035.34
5040.23
5038.27
5029.87
5032.99
5046.98
5056.77
5062.56
5057.7
5042.61
5045.46
5065.64
5079.75
5087.94
5087.71
5079.22
5083.94
5101.72
5100.59
5080.61
5078.02
5092.91
5098.31
5094.12
5081.47
5060.19
5063.48
5092.05
5101.65
5091.56
5101.44
5132.21
5148.49
5149.48
5147.43
5142.14
5150.98
5174.96
5183.46
5175.27
5187.85
5223.01
5235.06
5221.77
5218.55
5226.44
5237.27
5251.35
5252.02
5237.63
5230.47
5231.47
5218.78
5190.51
5157.03
5117.57
5075.05
5029
4977.87
4920.83
4872.83
4835.46
4786.12
4722.59
4668.52
4625.76
4593.15
4572.77
4539.53
4490.68
4452.7
4428.02
4404.11
4381.13
4358.64
4336.77
4320.87
4312.48
4298.09
4276.11
4266.13
4271.42
4263.46
4238.48
4232.24
4250.22
4264.09
4272.58
4286.12
4306.3
4331.55
4363.52
4404.22
4456.56
4502.74
4540.6
4596.39
4676.52
4751.07
4818
4897.7
4995.01
5089.97
5181.68
5288.62
5416.89
5518.87
5583.71
5678.72
5816.68
5955.42
6095.29
6208.25
6282.28
6368.74
6473.33
6592.36
6732.63
6851.81
6939.72
7036.56
7146.75
7245.47
7326.89
7404.19
7475.22
7560.49
7667.59
7764.83
7846.85
7926.13
8001.16
8069.81
8128.46
8198.81
8287.73
8367.91
8434.14
8515.96
8622.85
8728.64
8832.64
8949.97
9089.14
9228.53
9368.29
9510.9
9658.26
9819.23
10003
10183.9
10359.6
10535.3
10711
10893.7
11088.4
11257.6
11382.2
11517.4
11671.1
11837.2
12025.3
12206.6
12375.6
12543.9
12710.7
12885.1
13073.1
13256.4
13431.1
13606.7
13784
13955.2
14115.5
14291.1
14495.6
14689.6
14863.8
15016.1
15126.8
15238.7
15353.1
15480.1
15631.5
15761.6
15850
15934.2
16010.6
16096.1
16199.9
16290.9
16356.4
16404.2
16416.5
16446.8
16513.8
16560.2
16564
16563.9
16555.5
16539.2
16506.5
16478.6
16461.1
16469.7
16534.3
16567.7
16533.8
16506.4
16493.3
16467.8
16415.2
16344.9
16235.4
16151.9
16126.9
16070.8
15944.2
15815.9
15683.7
15578.9
15537.1
15470.8
15347.7
15234.1
15142.7
15033.4
14881.8
14768.4
14745.9
14722.8
14698.3
14685.2
14699.7
14720.3
14756
14789.6
14818
14855
14913.2
14970.9
15027.2
15106.2
15243.5
15386.1
15542.8
15694.9
15835
15961.4
16051.4
16167.2
16351.5
16534.7
16714.7
16873.6
16975.2
17093.3
17256.9
17401.2
17492.5
17597.3
17739.6
17872.3
17978.3
18065.8
18100.7
18141.3
18198.3
18255.3
18312.2
18360.9
18385.8
18397.6
18370.7
18349.4
18344.7
18336.3
18316.4
18291.6
18252
18214.8
18185.1
18138.4
18038.3
17943.6
17866.4
17785.4
17692.2
17607.4
17549.9
17483.3
17387.3
17285
17161.7
17059.3
17027
17003.2
17008.4
16993.3
16909
16830.1
16769.8
16712.4
16664.6
16618.1
16575.7
16538.7
16520.8
16492.1
16424.1
16366.4
16346
16324.4
16298.2
16270
16233.8
16203.1
16193.1
16177.3
16139.3
16100.5
16059.2
16021.9
16000.6
15970.3
15904
15839.6
15782.4
15733.5
15718.6
15698.9
15659.3
15616.3
15559
15513.7
15519.3
15509.8
15435.9
15356.7
15254.5
15157.7
15084.9
15016
14965
14908.5
14827.7
14751.3
14694.8
14623.9
14486
14349.3
14218.7
14092
13983.6
13880.6
13803.7
13718.2
13591.2
13460.1
13308.9
13167.6
13076.1
12981.3
12869.3
12766.3
12710.4
12646.3
12539.2
12434.8
12345
12256
12171.4
12092
12041.3
11979.7
11856.5
11741.8
11675.4
11610.1
11551.6
11490.4
11413.8
11341.1
11291.6
11239.9
11174.5
11109
11043.4
10978.2
10915.8
10853.6
10791.7
10733.7
10700.1
10668
10645.1
10616.8
10552.1
10493.1
10472.5
10451.3
10427.2
10402
10369.9
10339.3
10319.4
10304.3
10325
10341.9
10330.8
10320.4
10315.5
10311.9
10318.3
10325.4
10338.3
10350.5
10357.2
10363.4
10365.5
10364.6
10338.6
10313.8
10298.4
10285.8
10297.6
10305.1
10275
10249.7
10269
10287.6
10300.1
10313.6
10336.3
10357.8
10366.9
10373.5
10355.4
10339
10341.5
10339.9
10295.9
10254.2
10237.9
10218.1
10159.1
10101.1
10053.1
10005.2
9956.81
9905.29
9816.08
9727.82
9651.19
9570.48
9438.2
9311.15
9251.7
9194.51
9167.44
9138.69
9086.74
9032.77
8950.15
8869.86
8823.81
8775.97
8701.05
8627.77
8580.52
8533
8481.15
8428.26
8357.83
8286.29
8195.18
8105.45
8041.01
7975.63
7892.31
7809.02
7726.2
7644.02
7575.09
7505.59
7423.77
7342.4
7271.37
7199.24
7100.63
7001.89
6899.59
6797.31
6695.51
6594.06
6502.65
6411.61
6331.59
6250.53
6136.55
6023.12
5928.91
5835.28
5762.75
5689.86
5602.44
5515.07
5429.76
5344.67
5270.24
5196.09
5136.75
5077.01
4993.89
4911.02
4844.69
4778.29
4707.26
4636.19
4560.86
4485.45
4400.83
4315.95
4192.67
4069.38
3943
3816.38
3608.39
3400.44
3243.79
3087.15
