24.8228
75.4732
126.123
130.489
134.785
136.293
137.792
133.229
128.634
131.079
133.577
129.839
126.043
128.667
131.364
130.217
129.018
127.229
125.431
125.007
124.608
125.776
126.975
130.032
133.128
132.419
131.62
129.652
127.654
124.392
121.095
126.044
131.239
131.303
131.203
128.688
126.09
123.879
121.681
124.198
126.895
127.096
127.196
128.542
129.94
128.565
127.067
133.872
141.065
134.828
127.934
131.022
134.618
135.843
136.942
133.592
129.996
130.839
131.938
132.188
132.388
131.083
129.684
132.416
135.413
133.914
132.115
131.439
130.84
132.013
133.311
129.676
125.68
127.258
129.256
132.459
135.756
134.242
132.344
133.4
134.699
131.299
127.503
127.935
128.734
130.543
132.441
132.234
131.834
132.896
134.095
132.833
131.334
129.836
128.337
128.654
129.153
130.92
132.818
132.548
132.049
134.164
136.561
138.059
139.458
141.575
143.773
141.671
139.074
141.034
143.532
142.819
141.72
144.981
148.778
154.794
161.087
159.585
157.088
162.28
168.474
170.435
171.833
172.264
172.564
173.566
174.665
183.561
193.551
199.346
204.541
203.194
200.896
211.565
224.153
227.016
228.414
235.184
242.777
247.171
251.067
254.101
256.998
266.693
277.482
285.61
293.303
302.109
311.1
320.177
329.268
339.212
349.302
359.137
368.927
384.828
401.812
409.48
415.475
431.691
449.773
463.81
477.097
489.543
501.831
512.944
523.834
541.335
560.117
569.379
576.772
594.911
615.191
629.072
641.659
656.735
672.319
689.228
706.411
728.463
751.54
769.596
786.579
814.239
844.21
872.952
901.424
927.28
952.555
987.208
1023.97
1059.68
1095.14
1135.15
1176.21
1217.68
1259.24
1289.57
1317.24
1364.33
1416.08
1455.45
1491.82
1540.69
1592.64
1628.27
1659.84
1704.57
1752.63
1793.28
1832.04
1864.85
1896.12
1942.51
1992.86
2016.75
2033.63
2069.51
2110.47
2150.56
2190.42
2241.42
2295.47
2340.75
2383.61
2433.96
2486.41
2536.13
2585.08
2636.6
2688.85
2729.48
2766.74
2814.2
2864.65
2923.58
2985.02
3035.24
3082.09
3126.65
3170.51
3213.22
3255.57
3294.81
3333.07
3378.78
3426.84
3450.54
3466.52
3482.51
3498.49
3518.78
3540.46
3565.75
3592.22
3621.92
3652.69
3675.15
3694.83
3722.06
3751.83
3794.26
3841.02
3894.46
3950.2
4015.21
4083.45
4151.16
4218.7
4282.25
4344.39
4430.93
4526.24
4613.12
4696.93
4778.7
4859.72
4932.29
5001.72
5095.66
5198.76
5298.59
5397.2
5513.16
5635.74
5736.75
5829.46
5906.41
5977.24
6085.89
6209.37
6331.2
6452.38
6563.64
6670.94
6775.6
6879.2
6967.25
7048.97
7141.38
7238.19
7328.36
7415.77
7482.21
7539.85
7617.78
7704.3
7780.73
7852.86
7934.97
8021.39
8095.76
8164.9
8252.07
8347.18
8430.66
8508.98
8602.08
8701.78
8805.82
8911.81
9006.14
9095.15
9184.03
9272.84
9402.53
9551.18
9680.85
9801.64
9899.96
9987.68
10130.8
10300.3
10428.2
10536.1
10637.1
10734.7
10820.4
10900.2
10992.5
11091
11190
11289.2
11358.2
11411.9
11477.2
11548.5
11591.8
11620.7
11665.7
11719
11733.6
11728.2
11744.5
11772
11789.2
11800.8
11834.1
11879
11841.4
11759.3
11757.5
11799.4
11780.4
11728
11715.6
11725.2
11714.4
11692.3
11687.9
11693.4
11712.3
11738.8
11777.1
11822.3
11850.1
11868
11937.9
12038.1
12086
12103
12147.5
12208.3
12285.8
12373.5
12472.3
12577.9
12699.4
12830.6
12965.7
13103.1
13256.1
13418.6
13570.6
13716.1
13898.9
14105.2
14317.5
14533.5
14727.1
14906.4
15051.2
15173.8
15304.3
15439.9
15540.3
15617.7
15673.9
15716.3
15739
15748.5
15788.3
15848.2
15891.9
15924.7
15945.5
15958.1
15998.4
16057.7
16110.8
16159.5
16199.8
16234.2
16313.7
16425
16511.9
16581.6
16634.1
16674.5
16708.1
16736.9
16754.9
16765.1
16809.6
16879.2
16924.8
16952.5
16981.4
17011.1
17049.6
17094.7
17177.4
17288.4
17351.5
17378.2
17460.5
17585.4
17685.5
17766.3
17787.5
17762.2
17788.2
17854.8
17906
17945.2
17972.2
17989.6
18033.7
18099.2
18110.3
18077.1
18102.7
18176.4
18244.3
18307.2
18375.3
18447.8
18491.7
18511.6
18528.7
18543.3
18610.2
18721.8
18799.6
18848.2
18891.9
18931.4
18970.3
19008.8
19048.4
19089.1
19118.7
19138.6
19183.9
19251.8
19288.7
19297.6
19329.1
19381.3
19394.1
19371.1
19354
19342.5
19325.9
19304.5
19286.6
19271.9
19267.2
19271.9
19280.1
19291.7
19327.8
19387.5
19437.3
19477.7
19552
19659.4
19757.3
19845.9
19915.8
19967
20022.1
20080.9
20194.2
20362.1
20502.9
20616.2
20745.2
20890.2
21058.7
21251.3
21420.3
21564.6
21763.9
22020.7
22254.7
22464.8
22671.8
22875.6
23059.7
23222.6
23406.2
23611.9
23801.9
23974.8
24157.6
24351.3
24524.8
24675.8
24805.5
24911.3
25035.3
25179.7
25302
25399.2
25458.6
25474.7
25517
25589.1
25631.3
25638.9
25642.8
25642.4
25616
25559.1
25535.8
25552.4
25555.2
25541.6
25559.1
25613.9
25621.3
25571
25545.5
25550.3
25566.8
25597.5
25615.3
25616.8
25634.8
25673.7
25708.5
25738.2
25793.2
25880.5
25912.4
25873.3
25873.1
25923.5
25995.4
26095.5
26163
26187.4
26245.5
26348
26444.1
26531.7
26627.9
26735.4
26836.1
26927.4
26977
26969.5
26956.9
26937.2
26901.1
26842.2
26778.8
26709.2
26622
26510.1
26351.7
26127
25924.4
25753.6
25575.4
25386.3
25198.5
25012.2
24795.1
24532.5
24276
24028.8
23792.1
23571.2
23325.3
23041.8
22764.1
22495.4
22242.6
22014.4
21773.5
21513.1
21267.8
21046
20837.8
20651.2
20455
20243.7
20067.1
19945.8
19811.7
19656.8
19531.7
19454.7
19374.9
19290.1
19249.1
19280
19297
19290.7
19319.4
19406.8
19468
19484.8
19500
19512.4
19541.7
19600.2
19639.9
19646.9
19652.3
19654.7
19688.4
19777.7
19832.7
19826.9
19852.7
19935.1
19996.4
20019.3
20044.4
20073.3
20107.7
20152.2
20219.6
20329.5
20413.7
20449.7
20496.2
20562.9
20610.5
20621.8
20644.2
20688
20731
20772.1
20817.7
20871.8
20910.2
20917.5
20927.7
20943.4
20948.5
20932.2
20918.8
20911.5
20895.5
20861.6
20802.7
20692.1
20624.8
20647.7
20635.9
20551.3
20488.6
20472.6
20432.4
20340.5
20268.7
20240.2
20218.1
20210.1
20165.9
20042.2
19938.9
19880.5
19800.3
19671.1
19545.9
19429.4
19307.4
19172.8
19027.1
18855.8
18700.6
18583
18471.4
18373.8
18274.8
18172.5
18064.9
17944.6
17847.6
17806.8
17782.6
17799.3
17810.1
17806.2
17814.7
17854.1
17901.4
17968.7
18050.3
18168
18295
18445.7
18583.3
18686.9
18806.4
18967.1
19132.9
19311.9
19479.5
19616.5
19761.5
19927.5
20107
20323.2
20518.3
20655.7
20798.9
20958.4
21120.8
21291.4
21448
21564.9
21665.9
21721.7
21774.5
21818.2
21874
21964.6
22042.4
22082.7
22108.9
22093.5
22076.9
22056.4
22027.1
21971.2
21928.7
21927.6
21904.1
21811
21724.4
21658.4
21580.6
21465.6
21364.9
21309.8
21247
21159.1
21058.9
20918.7
20785
20673
20567.3
20482.8
20400.3
20324.3
20268.5
20281.5
20274.1
20196.3
20112.3
20006.8
19916.5
19879.8
19846.7
19826.2
19804.7
19779.2
19738.1
19640
19555.5
19521.2
19489.5
19467.5
19438.7
19384.4
19344.7
19360.7
19351.2
19242.8
19156.3
19156.1
19149.6
19117.7
19083
19037.1
18993.7
18960.8
18919.1
18840.6
18773
18751.4
18715.6
18619.2
18534.7
18501.5
18453.6
18341.8
18237.7
18167.8
18099.5
18037.6
17971.1
17883.1
17783.3
17628.7
17479.8
17357.3
17237.2
17129.1
17017.8
16890.9
16768.1
16665.2
16544.5
16336.1
16139
15998
15868.6
15797.6
15713.6
15563.1
15423.2
15337.9
15243.8
15103.9
14969.9
14867.8
14764.3
14653.4
14547.4
14467.8
14378.2
14232.3
14094.7
14004.6
13925.2
13907.5
13868.5
13704.9
13557.5
13507.2
13456.2
13401.1
13335.8
13207.3
13085.8
13007.3
12931.1
12868.8
12809.5
12770.5
12727.5
12658.5
12588.7
12512.4
12442.7
12417.2
12394.1
12386.9
12382.3
12395.8
12399
12328.6
12265
12250.1
12241.7
12281
12311.7
12276.6
12246.6
12255.3
12260.5
12238.9
12218.9
12213.2
12212.1
12250.2
12281.7
12258.3
12240.5
12269.7
12291.2
12244.2
12201.9
12201.6
12202.9
12220.1
12234.5
12223.2
12213.9
12223.4
12234.1
12256.9
12276.4
12263.7
12249.3
12216.8
12186.5
12179.2
12168.5
12122.9
12077.2
12028.7
11981.7
11950.7
11911.6
11777.6
11649.4
11589.8
11531.1
11482.8
11429.4
11313.2
11198.5
11104.6
11012.7
10948.7
10882.4
10784.4
10688.4
10621
10554.2
10494.1
10430.9
10320.2
10213
10162.7
10111.7
10047.9
9984.39
9926.95
9866.94
9762.05
9659.32
9596.18
9530.42
9414.83
9301.85
9240.41
9177.96
9094.64
9010.68
8912.67
8814.31
8707.81
8600.43
8471.75
8344.84
8262.12
8177.53
8043.36
7909.84
7794.56
7679.5
7571.3
7463.48
7367.47
7270.94
7156.25
7042.2
6951.69
6860.67
6749.58
6638.49
6527.09
6416.54
6345.61
6274.02
6167.82
6061.73
5961.83
5862.29
5787.17
5712.05
5637.62
5563.24
5493.41
5423.18
5308.3
5193.44
5083.05
4972.43
4816.08
4659.62
4465.31
4270.99
4068.29
3865.59
