5.22249
55.0736
104.925
113.08
121.172
119.408
117.61
114.222
110.825
112.089
113.388
115.973
118.571
115.34
112.044
113.38
114.779
114.406
114.007
116.16
118.358
117.616
116.817
119.343
121.94
121.414
120.815
118.852
116.854
119.327
121.925
117.149
112.154
116.26
120.655
115.389
109.795
110.95
112.348
113.458
114.557
115.56
116.559
119.954
123.451
118.34
112.845
115.845
119.242
116.733
113.936
115.511
117.309
119.202
121.1
121.2
121.2
123.089
125.087
123.597
121.899
120.953
120.054
118.31
116.512
116.119
115.819
114.678
113.479
111.161
108.763
112.137
115.934
116.293
116.393
118.439
120.637
119.412
117.914
114.384
110.688
110.031
109.632
114.931
120.726
120.007
118.709
120.614
122.811
120.351
117.454
115.377
113.379
115.655
118.353
116.422
114.024
114.253
114.752
115.974
117.273
120.826
124.622
124.46
123.861
127.66
131.956
130.071
127.474
125.502
123.604
126.61
130.207
132.913
135.511
138.464
141.461
141.623
141.423
143.345
145.542
147.211
148.81
155.16
162.153
167.39
172.385
168.707
163.812
168.882
175.376
181.52
187.614
186.05
183.353
191.422
201.113
209.504
217.696
223.122
228.117
228.714
228.614
232.472
236.968
244.296
252.089
264.935
278.621
285.471
291.166
299.674
308.665
315.529
322.023
336.24
351.825
362.922
373.211
380.545
387.338
396.491
406.082
423.577
442.558
453.402
462.693
471.984
481.275
496.244
512.328
528.745
545.229
554.898
563.19
577.369
592.754
602.183
610.375
635.567
664.338
685.124
704.206
726.819
750.196
776.441
803.314
821.769
838.352
869.696
904.362
937.889
971.156
999.23
1026.1
1063.26
1102.82
1137.86
1171.82
1209.17
1247.34
1289.12
1331.77
1363.93
1393.5
1428.75
1465.41
1496.33
1525.81
1554.56
1583.13
1617.82
1654.08
1687.81
1720.88
1758.77
1797.93
1822.83
1843.91
1874.03
1906.59
1940.73
1975.3
2028.01
2085.75
2130.15
2170.81
2212.56
2254.62
2295.83
2336.79
2386.81
2439.45
2482.37
2522.43
2568.73
2616.89
2655.74
2691.8
2732.39
2774.35
2823.88
2875.73
2889.91
2892.4
2928.06
2974.12
3020.17
3066.23
3080.5
3084.6
3092.24
3101.03
3136.92
3181.68
3190.55
3187.55
3217.58
3258.64
3286.25
3309.33
3351.18
3399.43
3440.4
3478.87
3542.01
3613.74
3668.39
3717.04
3786.12
3862.44
3932.52
4000.35
4073.32
4148.14
4220.63
4292.26
4365.06
4438.28
4514.06
4590.78
4670.05
4750.27
4843.01
4940.51
5023.8
5101.63
5194.34
5292.85
5371.98
5443.51
5550.67
5671.95
5772.11
5863.82
5984.35
6116.52
6201.57
6267.41
6337.06
6408.29
6477.83
6546.66
6609.65
6670.19
6722.87
6772.22
6854.05
6949.76
7016.5
7070.75
7118.66
7163.81
7245.82
7344.03
7419.88
7485.81
7597.23
7729
7819.82
7892.15
7984.66
8086.36
8181.83
8274.44
8366.57
8458.48
8551.75
8645.66
8745.27
8847.57
8962.72
9084
9184.64
9275.35
9386.51
9507.59
9628.6
9749.59
9806.25
9831.12
9885.93
9955.66
10032.6
10113.3
10166.8
10206.7
10251.9
10299.9
10344.8
10388.3
10416.2
10436
10453.1
10468.9
10473.1
10471.1
10490.7
10521.9
10511.8
10479.4
10453.9
10432.1
10437.7
10458.3
10441.3
10403.7
10385.6
10378.5
10375.2
10373.9
10415.1
10480.6
10513
10526.6
10556
10594.4
10644.5
10701.4
10744.8
10780.4
10833.8
10897.8
10969.1
11044.6
11137.8
11241.6
11340.7
11437
11529.4
11619.4
11750
11905.7
12055.4
12201.5
12369.6
12551.6
12730
12906
13044.7
13159.6
13321.7
13514.1
13642.5
13729.4
13812.8
13893.8
13982
14075
14121.7
14137.6
14148.7
14156.4
14149.8
14133.3
14142.5
14169.1
14211.8
14265.4
14307.6
14341.9
14397.6
14468.2
14526.3
14575.6
14648.8
14739.1
14793.9
14823.1
14851.2
14878.5
14926.4
14989.2
15033.5
15064.3
15086.1
15101.3
15123.3
15150.2
15188.6
15235.4
15296.5
15368.3
15445.9
15527.8
15598.7
15661.3
15700.2
15720.9
15763.3
15822.7
15868.4
15903.5
15939.1
15975.2
16017.9
16065.9
16095.6
16110.4
16125.6
16141.3
16152.2
16159.2
16220.1
16325.5
16389.6
16419.4
16463.9
16520.7
16562.5
16591.6
16647
16724.8
16765.8
16775.1
16819.4
16894.2
16949.2
16986.9
17026.8
17068.4
17098.1
17117
17152.1
17201.6
17236.6
17258.7
17272.8
17279.5
17291
17306.7
17312.3
17308.6
17293.6
17268.3
17262.4
17274.8
17265.4
17235.4
17220
17218.4
17270.7
17374.8
17443.5
17478
17525.2
17584.7
17653.5
17731.3
17802
17865.6
17935.6
18011.8
18106.5
18219.9
18336.8
18457.2
18577.9
18699
18829
18968.3
19116.6
19274.4
19422
19559.1
19753.7
20009.1
20215.5
20369.8
20528.8
20692.9
20885.7
21109.6
21305.8
21471.8
21632.4
21787
21921.4
22033.3
22162.3
22310.3
22437.5
22541.3
22633.8
22713.5
22772.9
22809.2
22853
22905.3
22929.7
22921.8
22938.1
22982.6
22982.9
22931.3
22903
22902.2
22884.7
22847.1
22857.2
22924.8
22938.5
22886.8
22881.4
22932.4
22961.1
22962.3
22981.2
23021.9
23023.7
22976.5
22975.9
23034.2
23076.7
23099.3
23120.7
23140.6
23184.7
23260.1
23340.1
23426
23469
23455.5
23519.9
23687.5
23803.3
23849.7
23886.5
23910.2
23956
24031.9
24103.6
24169.6
24200.7
24183.8
24154.2
24106.8
24038.7
23941.5
23825.3
23682.4
23556.4
23454.6
23345.6
23226.2
23063.6
22838.4
22626
22432.3
22218.3
21974.6
21749.4
21551.7
21337.2
21097.8
20870
20659.9
20424.2
20149.6
19923.1
19770.5
19592.1
19374
19167.9
18980.5
18799.6
18628.8
18436.6
18210.5
18035.8
17943.4
17829.2
17679.8
17563.9
17502.4
17459.6
17447.7
17427.1
17392.6
17367.8
17359.2
17374.3
17429.1
17476.1
17509.9
17542.5
17573.1
17604.7
17638.2
17675.5
17719.6
17747.9
17748.7
17757.1
17779.1
17789.2
17778.2
17806.6
17905.5
17962.2
17942.5
17967.7
18074.8
18162.6
18215
18255.8
18275.2
18318.6
18407.1
18471.8
18491.6
18525.7
18586.9
18640
18677.5
18710.2
18733.6
18750.3
18753.6
18763.6
18786.9
18800
18792.7
18806.2
18861.7
18875.3
18804
18754.1
18747.6
18729.2
18686.2
18641.7
18594.1
18555
18533.8
18493
18410.8
18354.6
18354.1
18337.4
18285.7
18233.8
18181.5
18128.4
18073.5
18022.3
17979.7
17903.6
17752.6
17616.8
17515
17409.8
17296.8
17177.3
17042.8
16912.7
16792.8
16659.9
16496.1
16352
16254.5
16166.4
16100.7
16043.4
16006.4
15985.4
16003.4
16023.8
16050.2
16082.9
16131.2
16180.5
16232.3
16294.8
16384.6
16479
16585
16696.5
16822.4
16944.6
17057.2
17185.5
17355.1
17525.2
17696.4
17861.8
18011.2
18170
18354
18525
18660.2
18789.9
18903.8
19039.7
19236.5
19403.6
19486.8
19558.9
19599.2
19652.5
19743
19816.3
19839.6
19865.7
19900.1
19929.8
19945.9
19950.1
19918.7
19890.2
19870.9
19845
19798.9
19742.4
19653.8
19572.6
19514.9
19462.3
19425.9
19368.7
19244.9
19128.9
19037.8
18939.7
18818.8
18726
18725.9
18709.6
18639.4
18570.9
18508.4
18434.4
18321.2
18220.2
18161.3
18113.7
18105.2
18083.5
18015.1
17957.3
17937.5
17909.2
17849.9
17787.4
17712.7
17657.8
17675.6
17680.9
17639.5
17602.5
17581.9
17547.8
17461.7
17388.2
17363.8
17338.2
17308
17279.4
17257.8
17236
17214
17184.4
17123.4
17071
17053.9
17023.4
16937.5
16859.8
16816.8
16773.3
16727.2
16676.5
16605.2
16537.7
16486.4
16425.7
16322.6
16226.2
16159.9
16085.1
15970.7
15853.7
15724.4
15591.8
15443.6
15310
15245.8
15175.5
15075.8
14969.8
14833
14693.8
14542.5
14405.7
14342.4
14265.2
14117.1
13975.1
13864.2
13753
13640.5
13532.7
13449.8
13365.6
13274.8
13182
13078.1
12978.8
12905.2
12831.2
12755.2
12672.6
12552.4
12436.9
12348.5
12261.9
12186.4
12113.8
12059.1
12007.1
11972
11930.1
11845.4
11761.5
11683.3
11608.2
11553.5
11503.7
11486.4
11464.2
11409.3
11355
11305.6
11258.9
11230.9
11204.3
11187.6
11171.6
11160
11147.2
11125.5
11110.3
11143.2
11170.8
11159.1
11147.1
11132.4
11120.7
11132.6
11143.1
11142.3
11141.3
11138.4
11136.5
11143.2
11147.7
11133.6
11120.4
11114.2
11107.5
11096.5
11085.5
11074.1
11067.6
11106.3
11139.7
11121.5
11108.7
11148.3
11179.5
11126
11078.2
11089.7
11097.4
11065.6
11031.9
10976.3
10924.8
10917.4
10902.1
10797.4
10695.5
10626.6
10560.3
10525.3
10488.5
10429.2
10365.2
10242.4
10126.1
10093.4
10055.7
9951.66
9850.79
9794.44
9736.31
9652.8
9570.89
9512.75
9452.32
9357.11
9264.11
9205.77
9148.61
9110.75
9070.98
8999.05
8928.62
8884.46
8838.51
8759.89
8680.77
8592.16
8504.87
8443.93
8380.85
8273.35
8167.05
8086.63
8004.57
7885.29
7767.56
7687.04
7605.74
7504.74
7403.73
7302.73
7202.13
7112.72
7022.55
6909.66
6796.65
6679.76
6564.18
6493.15
6421.08
6310.79
6200.99
6110.88
6021.1
5945.88
5870.59
5792.67
5714.47
5621.76
5529
5432.99
5337.5
5276.16
5214.74
5147.2
5079.47
4993.25
4906.95
4811.15
4715.23
4603.64
4491.86
4342.81
4193.7
4023.96
3854.23
3682.89
3511.56
