-100.576
-48.6274
3.32164
9.08583
14.7802
15.2978
15.7973
14.0115
12.2133
14.2824
16.3804
16.0041
15.6045
15.5012
15.4013
15.3014
15.2015
15.7903
16.3897
14.4363
12.4382
14.8497
17.3473
15.7375
14.0392
13.512
13.0125
16.1169
19.3137
18.2335
17.0347
15.5448
14.0463
12.935
11.8361
11.7034
11.6035
13.6249
15.7228
13.2018
10.5045
13.1849
16.0821
14.6666
13.0682
14.339
15.7376
14.5592
13.2605
13.2952
13.3951
10.5484
7.55135
10.6251
14.0218
15.1466
16.1456
14.783
13.2845
13.0114
12.8116
12.8
12.8
13.6449
14.544
14.7874
14.9872
15.5609
16.1603
15.2671
14.2681
13.269
12.27
11.8284
11.4288
12.327
13.326
13.6775
13.9772
12.8922
11.6934
15.2846
19.2807
18.405
17.1063
16.1745
15.2753
16.5729
18.0715
16.7387
15.1402
13.7241
12.3254
14.6554
17.3528
17.0555
16.4561
16.4
16.4
13.8701
11.0728
12.4228
14.2211
15.1197
15.9189
16.4488
16.9483
15.746
14.3474
14.8256
15.5249
13.2813
10.6839
12.8915
15.6888
15.3785
14.6792
17.5235
20.8203
19.4321
17.434
17.9056
18.7048
18.624
18.4242
21.0343
24.0313
23.6991
22.8999
24.6358
26.7337
22.2028
16.7082
20.9605
26.6549
28.1815
29.0806
28.5935
27.8942
27.8864
27.9863
26.1026
23.9048
29.4512
36.2445
34.281
30.8844
33.0553
36.1523
34.7199
32.522
34.9284
38.1253
39.0253
39.5248
40.1941
40.8934
43.4556
46.3528
47.3069
47.9063
45.9771
43.5795
49.0021
55.8954
55.1543
52.9565
55.7805
59.5768
60.534
60.9336
61.4998
62.0992
62.0338
61.834
66.5261
72.2205
73.9445
74.8436
75.7427
76.6418
75.6474
74.2488
76.9567
80.5532
85.6245
91.0192
93.0626
94.3613
98.5956
103.491
107.898
112.194
115.272
118.069
120.867
123.664
126.784
129.981
136.803
144.496
147.607
149.605
153.688
158.283
161.679
164.776
167.953
171.15
175.063
179.159
179.524
178.924
184.423
191.516
195.686
199.083
203.898
209.093
213.58
217.876
217.31
215.412
221.57
229.962
232.424
233.223
242.505
254.194
255.635
254.137
255.349
257.347
265.601
275.691
282.622
288.616
292.305
295.302
299.372
303.768
305.717
306.916
311.623
317.417
319.104
319.504
326.124
334.716
330.746
322.754
328.725
339.214
343.456
345.654
345.074
343.575
349.266
357.358
355.889
351.194
355.736
363.429
371.79
380.381
387.935
395.128
401.508
407.602
411.19
413.888
419.599
426.392
433.699
441.192
451.317
462.406
470.432
477.325
485.746
494.737
504.961
515.651
520.843
523.939
533.674
545.962
555.012
562.804
576.911
593.495
597.914
597.514
602.824
610.416
620.927
632.615
638.697
642.493
653.367
667.154
672.541
674.439
681.757
691.347
701.078
710.869
712.89
711.591
714.62
719.515
726.429
734.221
742.777
751.668
761.113
770.804
778.355
784.948
795.12
806.909
820.825
835.71
838.963
836.865
841.59
849.482
863.77
881.053
891.62
899.013
909.382
921.17
930.733
939.225
947.985
956.877
963.689
969.484
976.348
983.74
995.733
1010.02
1007.75
997.165
1002.81
1016.7
1024.24
1028.54
1027.82
1024.53
1028.85
1037.14
1041.24
1043.14
1035.64
1023.15
1033.19
1055.26
1053.59
1039.1
1034.97
1036.47
1036.22
1035.03
1033.51
1031.81
1027.93
1022.83
1021.32
1021.82
1024.68
1028.87
1032.81
1036.61
1035.91
1032.61
1036.2
1043.79
1047.1
1047.9
1051.52
1056.82
1064.87
1074.56
1084.19
1093.78
1100.01
1104.21
1118.69
1139.47
1154.19
1165.18
1180.73
1199.11
1209.88
1215.88
1230.13
1249.61
1268.54
1287.12
1299.99
1309.18
1314.07
1316.17
1315.37
1312.67
1311.48
1311.28
1315.28
1322.07
1321.87
1316.97
1316.67
1319.47
1325
1332.39
1339.49
1346.38
1342.12
1330.13
1334.91
1351.39
1357.91
1357.41
1359.24
1362.74
1366.88
1371.47
1371.54
1368.34
1371.45
1379.15
1385.4
1390.59
1393.95
1395.95
1397.6
1399
1402.51
1407.6
1412.59
1417.48
1418.81
1417.41
1423.8
1436.19
1438.45
1432.85
1430.51
1430.71
1434.66
1441.55
1447.61
1453
1451.51
1444.52
1443.83
1448.23
1449.92
1449.42
1454.2
1463.29
1469.04
1472.04
1476.45
1482.05
1484.06
1483.06
1478
1469.51
1473.04
1486.83
1490.78
1486.28
1493.14
1509.83
1513.22
1505.03
1501.36
1501.66
1506.14
1514.33
1517.67
1516.67
1515.36
1513.76
1520.65
1535.23
1543.29
1545.39
1543.18
1536.98
1534.78
1536.27
1540.61
1547.6
1547.5
1540.71
1537.65
1538.15
1541.31
1547
1555.69
1567.28
1566.72
1554.34
1558.33
1578.41
1585.59
1579.99
1592.76
1623.83
1638.75
1637.45
1639.28
1644.28
1652.98
1665.47
1673.97
1678.36
1691.05
1712.32
1731.45
1748.34
1760.79
1768.59
1775.41
1781.2
1792.21
1808.79
1824.56
1839.45
1852.42
1863.31
1875.82
1890.1
1905.96
1923.54
1934.69
1938.69
1945.32
1954.91
1966.05
1978.94
1987.99
1992.69
1999.76
2009.55
2012.76
2008.37
2006.37
2007.17
2005.17
1999.87
1996.59
1995.69
1992.15
1985.46
1982.57
1984.27
1991.61
2005.79
2009.6
2000.71
1994.59
1991.89
1992.36
1996.75
1996.36
1989.97
1985.16
1982.37
1985.37
1995.76
1999.98
1996.28
1991.45
1985.16
1987.67
2001.66
2011.76
2016.75
2019.3
2018.6
2022.82
2033.61
2037.29
2031.39
2034.23
2048.92
2056.68
2054.98
2054.17
2054.57
2052.04
2045.45
2035.69
2021.5
2011.79
2008.39
1997.83
1977.05
1960.7
1950.71
1939.66
1927.07
1909.85
1885.87
1872.45
1874.55
1858.5
1815.54
1780.79
1758.31
1737.67
1719.78
1704.32
1692.53
1678.49
1661.01
1637.99
1606.42
1582.82
1571.64
1553.45
1524.28
1508.1
1512.5
1509.85
1495.96
1478.33
1454.65
1445.75
1460.83
1469.02
1465.93
1456.08
1435.1
1425.26
1433.95
1440.37
1442.97
1447.98
1457.07
1460.66
1454.86
1457.7
1475.38
1485.25
1481.55
1477.06
1471.16
1470.47
1478.96
1482.75
1478.15
1479.67
1492.15
1498.92
1495.32
1495.54
1502.74
1506.38
1503.48
1505.76
1517.65
1529.05
1539.54
1547.44
1550.43
1553.81
1557.9
1551.75
1525.88
1513.79
1528.48
1538.44
1539.13
1540.81
1544.4
1542.26
1528.67
1524.18
1537.97
1543.7
1533.11
1529.18
1538.87
1541.81
1530.82
1523.27
1522.87
1521.92
1519.82
1515.77
1507.58
1502.48
1503.97
1500.92
1488.03
1477.82
1473.42
1470.71
1471.71
1468.43
1455.64
1442.2
1427.32
1413.75
1403.16
1393.27
1384.98
1373.12
1353.04
1335.45
1323.66
1315.49
1315.79
1314.25
1308.35
1301.52
1292.43
1282.9
1272.31
1265.12
1266.22
1269.22
1276.92
1284.46
1291.66
1297.68
1300.78
1304.75
1310.95
1319.28
1333.06
1347.44
1363.32
1375.3
1377.1
1382.06
1395.34
1409.83
1427.52
1444.98
1461.87
1476.46
1484.85
1493.78
1504.17
1513.02
1517.61
1525.27
1541.45
1554.97
1560.96
1569.03
1583.02
1594.97
1601.06
1608.59
1620.28
1628.31
1625.62
1621.44
1612.84
1606.35
1606.15
1602.36
1587.67
1577.66
1581.95
1579.86
1557.98
1544.71
1558.4
1562.83
1537.95
1517.43
1510.84
1504.43
1498.64
1494.88
1497.77
1498.14
1490.15
1481.56
1470.97
1459.22
1443.53
1434.63
1448.92
1456.21
1439.33
1427.38
1432.67
1433.43
1418.14
1407.16
1411.56
1413.53
1406.73
1401.76
1403.46
1404.31
1402.01
1396.7
1380.12
1366.37
1363.38
1360.59
1358.59
1356.28
1352.79
1348.54
1341.35
1336.18
1339.08
1340.84
1338.05
1336.8
1341.9
1343.64
1331.55
1321.9
1322.39
1322.59
1321.49
1319.82
1315.73
1311.61
1307.42
1302.98
1297.49
1289.28
1269
1252.78
1254.88
1253.89
1238.81
1224.13
1211.34
1200.17
1196.57
1191.12
1176.83
1163.44
1154.35
1145.41
1137.22
1128.21
1115.12
1104.43
1105.83
1104.06
1086.07
1070.71
1068.91
1065.32
1052.34
1040.06
1031.57
1022.28
1008.7
996.6
992.704
988.019
978.928
971.514
973.612
975.622
977.12
977.102
968.21
959.319
950.428
942.388
939.491
935.446
924.357
913.074
900.587
890.793
898.086
903.676
898.281
891.895
879.007
867.279
863.283
860.082
862.28
864.326
865.325
865.864
863.167
861.02
862.818
863.942
860.146
855.805
847.413
841.014
849.705
857.01
853.614
851.771
862.161
870.183
859.194
848.487
840.095
833.486
841.778
848.592
842.798
838.196
843.991
849.432
851.73
853.108
846.114
840.459
847.252
853.362
852.962
852.572
852.272
852.373
856.469
859.665
853.671
847.755
842.66
837.693
834.097
830.758
830.259
829.304
823.21
817.386
814.688
811.194
798.207
786.026
783.729
780.564
766.478
753.614
756.611
758.232
741.448
726.023
729.32
732.584
735.381
737.312
726.523
715.666
703.777
692.534
691.435
690.25
687.652
684.893
679.398
673.667
663.776
654.535
657.132
658.851
643.865
629.192
620.7
612.605
612.704
612.068
595.484
579.415
575.019
570.398
560.408
550.808
551.007
550.917
543.125
535.103
520.617
506.374
499.38
492.402
485.909
479.361
470.969
462.652
457.057
451.416
443.923
436.519
432.922
429.246
421.753
414.206
403.816
393.632
395.53
397.287
389.594
381.875
372.085
362.389
361.39
360.269
345.484
330.762
325.267
319.742
308.054
296.343
277.162
257.989
246.8
235.611
