8.969414
7.087865
8.564871
6.427698
9.678773
6.215212
6.814444
6.529338
8.427053
13.312014
7.921595
8.748143
9.552034
6.546724
8.520590
7.959641
7.365750
8.958433
5.388141
4.638135
9.273900
11.184524
9.997136
6.373826
8.168216
8.722181
8.853769
8.082636
6.681493
6.542715
6.337554
5.303746
7.323281
9.793919
7.335540
7.308732
6.240802
6.788304
5.406635
5.538829
5.757348
7.396930
9.464640
6.934746
6.651449
7.619592
7.338676
7.431340
8.291216
10.972108
10.402767
9.953776
9.248834
10.911498
10.349195
5.213179
5.709085
6.454320
13.431297
11.180621
7.163433
6.400000
5.490662
6.767209
9.674226
8.983363
9.719993
9.409605
12.277602
14.151389
9.904183
9.842504
15.886917
16.053788
12.740745
11.466530
10.185600
8.416303
9.835559
10.581727
9.129651
10.121897
10.614019
11.946156
9.494564
11.273670
11.397687
12.170993
9.580314
10.311759
11.663628
13.258776
9.841188
9.911605
10.565366
11.977358
13.690527
12.335972
11.750061
9.419464
10.877741
11.591961
9.502078
11.699284
10.475575
11.763769
9.352244
12.395878
12.460273
9.606461
12.150197
13.543682
12.369414
12.151132
9.638659
11.160730
17.085831
16.327915
10.869344
8.826574
7.141347
11.701732
12.476882
12.552274
12.880488
9.796353
12.755678
13.600821
11.016505
12.314825
13.587097
11.453488
11.568408
12.477705
11.727767
15.260061
12.813953
14.905991
16.253668
17.189589
16.374483
14.924531
14.277703
13.538600
13.686678
15.431921
13.847612
9.911505
14.400568
19.331756
16.443731
10.700240
10.153478
12.518643
16.724748
16.033770
15.294507
15.340690
13.600650
12.949504
16.644404
16.755549
13.520330
14.884229
16.040088
15.850561
17.511857
12.195861
14.719260
16.784915
16.176308
12.910019
12.975880
14.963902
15.330401
11.762687
12.587753
15.098521
14.509044
14.491373
15.813261
15.802342
15.849331
13.325455
17.166805
18.523056
17.330797
18.339048
17.492310
13.548152
17.418927
20.503195
15.626611
13.162191
16.994312
20.724867
21.662912
21.005820
20.286249
19.992184
16.636117
19.961837
21.504182
20.066163
18.864283
18.931465
19.576134
17.770620
17.907686
17.267416
17.090461
20.430652
23.525225
25.527338
26.611414
16.480117
18.371119
22.603431
19.690260
21.090903
17.788338
18.316574
20.942785
20.525941
19.223968
20.207800
18.359050
17.009997
19.048371
20.894869
20.838943
17.470378
21.042930
20.101495
16.348971
18.365798
20.552407
17.377887
20.390544
19.894836
21.712128
20.404847
16.235414
15.590752
18.222368
19.198614
17.758504
16.850905
17.621318
19.315167
16.336446
17.753151
15.952527
15.553784
19.506376
20.850790
21.828980
16.427136
19.324743
20.220662
17.480747
18.614469
20.493408
18.655951
13.190189
21.060835
20.081955
20.671693
18.481669
19.116978
22.487572
18.897993
20.030748
18.031534
18.136930
18.976239
18.300748
18.501059
20.382827
19.398632
15.392186
19.331293
17.018247
18.574191
16.970271
16.622985
18.585244
24.941971
18.328655
19.152303
15.404000
16.925366
19.457238
18.517937
17.053853
15.469761
17.501646
21.105588
17.667122
19.808839
23.923752
17.522234
17.318323
17.051548
21.158204
19.206811
19.017186
16.938788
17.896958
20.702084
21.752519
22.504019
22.872187
22.444422
21.087407
18.532592
24.418136
18.880094
20.819453
25.795469
24.140496
23.979429
20.110329
23.959418
24.434047
23.039449
22.750446
22.787480
23.428265
22.290637
23.505578
24.996625
23.713121
21.450518
20.793864
21.688583
20.882810
22.790792
22.728857
22.136026
22.118525
21.409929
18.484752
18.591526
20.071564
19.403049
24.297095
26.315808
21.916158
21.371007
20.698755
17.457402
17.213963
17.988093
20.573732
22.402637
23.666514
22.417039
20.451539
22.930275
23.754004
19.717380
19.258412
19.817736
20.241295
15.755234
17.300996
21.064055
21.388821
21.198879
20.538951
19.618132
21.372005
23.328756
19.472303
19.236436
22.222077
21.076923
19.470573
18.673169
17.281031
17.543130
17.314932
18.581278
19.032159
17.573287
21.786811
21.946664
17.945541
18.248189
18.444310
16.940617
17.532982
18.667269
19.264620
19.903095
17.221205
18.947061
20.395848
18.810488
18.936085
17.731711
13.639486
17.784197
19.203776
19.316965
18.512467
16.653499
18.644421
18.647996
16.934244
18.108757
16.057984
20.995113
20.055264
19.049239
17.483128
19.043249
18.236679
20.933364
20.649925
19.000127
19.428026
18.815843
18.965910
17.502752
16.923981
19.099624
16.775192
14.155820
17.762010
22.462886
16.942589
19.254437
15.541983
15.087141
18.676586
18.497935
12.856222
11.176516
15.580633
18.600000
19.049703
18.900305
16.290034
14.216561
16.958490
16.565447
15.458538
17.963606
