360.905263
377.253829
407.804955
429.807466
448.311542
484.717171
490.220915
525.795248
548.265324
591.420152
634.585891
674.803919
727.666344
768.680147
807.835414
872.090418
923.612882
971.094079
1025.722613
1062.686737
1130.191814
1212.315135
1235.337333
1289.155513
1339.273989
1405.655184
1452.513100
1492.552019
1534.741098
1589.137322
1653.276357
1709.445407
1763.050842
1838.323525
1931.228602
1978.015150
2043.542565
2144.185754
2180.959510
2245.891000
2310.709435
2345.457707
2415.240000
2459.914135
2482.293402
2516.656309
2537.189023
2549.643333
2601.099605
2655.828738
2681.637669
2733.584173
2788.681412
2883.202444
2965.725198
3058.228929
3148.849981
3276.716842
3401.689135
3515.581318
3616.802068
3744.839831
3849.262688
3959.552256
4096.865789
4226.216855
4360.934060
4517.457669
4656.970716
4826.217575
4921.387627
5003.680000
5114.584633
5205.203571
5356.605188
5406.140677
5499.695526
5601.930603
5714.443985
5826.913741
5930.697119
6057.892368
6151.344098
6256.449154
6427.366234
6553.051955
6760.153628
6885.939098
7034.172368
7146.132331
7314.923553
7418.769322
7529.162105
7644.370245
7735.943045
7778.132744
7837.502994
7898.370658
7914.571786
7953.721203
7976.391073
7969.631786
7955.947481
7939.452669
7951.790357
7898.157476
7852.157218
7812.420301
7845.069831
7870.658588
7876.643045
7949.886278
8013.858158
8068.805263
8120.820677
8179.364831
8303.844087
8419.742068
8532.094407
8679.857312
8855.193158
9050.306648
9321.999812
9519.727444
9700.734436
9904.894313
10073.432030
10212.730827
10311.111053
10358.180658
10402.537608
10433.788609
10451.018493
10485.526034
10518.883710
10623.384887
10645.441673
10727.091638
10793.786805
10885.771523
10940.679380
10962.941450
11035.147143
11080.204831
11097.184331
11136.048421
11200.611864
11238.737613
11331.664746
11361.769023
11411.378459
11514.593308
11536.590677
11596.958606
11624.866823
11652.734286
11643.894436
11673.094633
11740.043628
11797.735977
11812.190169
11897.182500
12000.440659
12011.631429
12044.658947
12104.403590
12161.188571
12214.584286
12270.326147
12230.661808
12260.574361
12320.584267
12278.157726
12260.556554
12240.345526
12237.170808
12208.307966
12222.477368
12223.366290
12267.459323
12375.452669
12444.860000
12573.507105
12682.069944
12791.965489
12828.845311
12996.982763
13124.831466
13295.123835
13494.785846
13716.503515
13896.360827
14120.916316
14373.726842
14616.489379
14843.965639
15034.931992
15153.165771
15376.570942
15529.952782
15571.969718
15618.770433
15757.526053
15803.767627
15787.499850
15788.510301
15746.778249
15743.939605
15737.457763
15714.883158
15706.279303
15673.857331
15645.898797
15632.734211
15616.374831
15639.572688
15655.814699
15666.789247
15747.225639
15806.900339
15820.008195
15855.060940
15994.400960
16169.316353
16198.681053
16209.505000
16259.759454
16261.112782
16195.650357
16124.323289
16003.929662
15848.432203
15718.595207
15463.588475
15276.451128
14985.514896
14705.191297
14451.143008
14234.584896
13962.329041
13659.883816
13332.605789
13041.127514
12794.780808
12511.218383
12237.935800
12062.616880
11852.487665
11713.260902
11623.882222
11573.679605
11491.814248
11482.029173
11483.762669
11523.259925
11582.353534
11581.822143
11633.665000
11684.074821
11680.275902
11704.916955
11751.207458
11755.973910
11799.313484
11834.442180
11911.545367
12022.273985
12064.931053
12015.981560
12038.527218
12126.439209
12126.531560
12171.752938
12188.741316
12252.484934
12231.709981
12189.553534
12150.823835
12090.422331
12061.382542
12004.164248
11934.149229
11876.581936
11818.504361
11726.057143
11640.612500
11594.703145
11487.648571
11380.210865
11238.356184
11096.680000
10950.308421
10778.455977
10624.277476
10483.266353
10359.692128
10293.375902
10289.600301
10243.684294
10249.741184
10311.068703
10343.486805
10417.703051
10555.987970
10696.978271
10889.076842
11032.150658
11139.588853
11296.944211
11489.122542
11666.452575
11826.881770
11964.399624
12089.977650
12189.451394
12270.115827
12407.126090
12366.595038
12407.327966
12391.566617
12386.714812
12329.220132
12272.567368
12234.334746
12183.110019
12127.280678
11995.198947
11847.509944
11753.615752
11662.489135
11570.897175
11447.802068
11372.426992
11328.819023
11207.862787
11120.356617
11036.817256
10954.260000
10945.739342
10946.414294
10900.578195
10826.917778
10802.568797
10775.385104
10693.501053
10644.025094
10625.043220
10572.371429
10565.377646
10440.797500
10473.144218
10406.200714
10281.956121
10210.788816
10084.277368
10034.681243
9955.281523
9864.006497
9755.474060
9648.988569
9535.352105
9378.016842
9236.105564
9109.921015
8985.507062
8807.282068
8633.842147
8543.820921
8397.402938
8283.689474
8192.261053
8031.434388
7953.383571
7835.084915
7732.841259
7661.530169
7544.066090
7421.084812
7370.111579
7289.830677
7187.628606
7156.741729
7064.629549
7045.420301
6979.189040
6925.030658
6847.783158
6806.700998
6759.534417
6765.590094
6763.215263
6717.834802
6715.626880
6724.012030
6716.162594
6738.391598
6724.849266
6712.891955
6690.690395
6726.075556
6752.332218
6681.118421
6718.590921
6705.277627
6714.884962
6728.873271
6695.185620
6684.012857
6670.237143
6650.340451
6634.036685
6585.728571
6523.025311
6402.685432
6342.565000
6272.396685
6179.424023
6056.605132
6009.040000
5931.347627
5815.942368
5725.979962
5624.065865
5552.071147
5502.134652
5437.612782
5347.023296
5254.252124
5200.400358
5149.325752
5014.737162
4911.761525
4818.049398
4721.691053
4654.123816
4480.603729
4420.240602
4273.935414
4156.675282
4032.390150
3926.913390
3835.070470
3724.814746
3587.659248
3476.111563
3402.204492
3323.160677
3269.006685
3172.625282
3069.157627
