-31.1752
23.8709
78.917
83.1895
87.3854
83.816
80.2195
79.8025
79.4029
80.0941
80.7934
79.5134
78.2147
79.1877
80.1867
83.6502
87.1467
84.2486
81.2515
80.7091
80.2095
77.5543
74.8569
79.5919
84.4871
77.5729
70.38
74.6805
79.276
79.7888
80.1884
77.7747
75.2772
78.0076
80.9048
80.1304
79.2313
78.525
77.8257
74.7207
71.5238
77.8341
84.5275
80.8707
76.7747
76.7913
76.9911
79.1952
81.4929
78.7425
75.7455
74.6494
73.6504
74.4537
75.3528
75.4
75.4
73.7941
72.0957
74.451
77.0485
75.0363
72.7385
73.0694
73.5689
75.2863
77.0845
77.013
76.8132
72.7885
68.4927
72.0169
76.1129
75.0994
73.7007
71.8386
69.9405
72.5752
75.5723
77.5539
79.452
73.6124
67.1188
69.0818
71.7792
72.4586
72.9581
72.9085
72.8085
72.4346
72.035
71.8177
71.6179
69.963
68.1648
70.5409
73.3381
73.0567
72.4573
71.2254
69.9266
69.4393
69.0397
70.9792
73.177
71.066
68.4686
70.2601
72.5579
69.4931
65.7967
67.4511
69.7489
71.5127
73.211
71.9794
70.3809
72.6805
75.4778
68.6399
60.5478
62.1578
65.055
67.3361
69.5339
71.2049
72.8034
71.861
70.5623
69.2635
67.9648
69.0211
70.4197
70.1648
69.6653
69.3395
69.0398
73.3317
78.3268
75.1103
70.6147
68.7063
67.2078
67.2581
67.5578
70.2614
73.3583
71.7442
69.3466
68.7436
68.4439
67.4621
66.3631
66.5403
66.9399
70.31
74.2062
71.0742
66.6785
68.112
70.6095
71.6743
72.4735
73.7772
75.1758
73.6382
71.5403
69.6934
67.8952
67.1825
66.683
67.0998
67.6992
68.548
69.4471
70.0975
70.6969
72.3716
74.2698
73.6097
72.4109
72.7763
73.4756
72.368
70.8695
71.6651
72.9639
73.9356
74.8348
75.9785
77.1773
77.2373
77.0375
81.6257
87.3201
87.1856
85.6871
84.8346
84.1353
86.9003
90.4968
89.7533
87.9551
86.6379
85.4391
88.879
93.4745
97.5913
101.587
98.5798
93.7845
93.2763
93.8757
96.5342
99.7311
103.007
106.304
107.157
107.357
105.513
103.116
102.992
103.491
107.98
113.574
114.644
114.444
110.042
104.447
106.926
111.721
114.813
117.411
116.841
115.343
117.388
120.485
126.733
133.926
133.53
130.833
126.989
122.793
127.214
134.307
137.293
138.991
136.138
131.842
134.583
139.579
139.517
137.818
138.755
140.553
143.403
146.599
149.272
151.77
151.578
150.479
154.297
159.792
161.869
162.768
168.78
176.572
179.93
181.728
190.235
201.124
200.765
196.369
205.978
220.664
229.061
235.155
244.239
254.429
262.8
270.493
283.118
297.604
310.643
323.13
337.278
352.063
375.627
402.6
422.327
439.21
462.963
489.437
522.191
557.457
586.958
614.131
645.421
678.388
712.418
746.884
793.702
845.651
890.702
932.861
976.213
1020.07
1071.7
1126.64
1184.87
1244.51
1295.1
1341.76
1403.4
1471.64
1536.34
1599.48
1666.62
1735.55
1812.74
1893.66
1957.84
2014.38
2079.96
2149.69
2230.89
2317.4
2382.42
2437.36
2498.89
2563.53
2641.76
2726.48
2791.84
2847.88
2908.57
2971.51
3022.84
3068.5
3111.01
3151.97
3191.73
3230.89
3262.15
3289.42
3323.05
3359.92
3399.09
3439.45
3456.1
3460.49
3481.38
3510.85
3533.31
3552.09
3566.56
3578.75
3581.31
3578.71
3574.1
3568.41
3582.45
3607.22
3627.42
3645.1
3643.42
3631.04
3608.97
3581.49
3577.22
3586.02
3597.93
3611.62
3620.73
3627.22
3625.61
3619.31
3613.08
3606.89
3602.84
3600.04
3600.25
3602.25
3594.62
3581.23
3558.36
3529.79
3519.37
3519.97
3523.98
3530.07
3538.76
3549.05
3550.23
3545.73
3538.05
3528.35
3513.65
3495.76
3484.35
3477.05
3462.41
3443.02
3417.83
3388.85
3360.43
3332.35
3297.42
3257.96
3224.32
3194.55
3166.21
3138.84
3099.54
3052.19
3017.25
2990.78
2964.19
2937.51
2914.67
2894.49
2884.14
2880.64
2874.16
2865.56
2855.86
2845.37
2833.78
2821.39
2807.32
2792.03
2778.83
2767.14
2750.55
2730.37
2714.67
2702.29
2703.47
2714.76
2718.46
2716.46
2717.82
2721.71
2727.99
2736.08
2731.13
2716.14
2710.95
2713.35
2702.68
2681.8
2670.59
2666.99
2668.18
2673.18
2660.52
2633.75
2608.52
2584.55
2550.82
2509.16
2492.32
2495.82
2482.13
2454.26
2425.68
2396.51
2372.01
2351.43
2327.44
2300.56
2271.37
2240.2
2215
2194.92
2175.21
2155.83
2142.42
2134.23
2106.32
2061.06
2038.79
2036.89
2032.83
2026.84
2008.07
1977.8
1966.91
1973.6
1970.02
1957.03
1947.42
1940.93
1945.05
1959.04
1954.04
1931.26
1923.59
1930.18
1931.04
1926.45
1919.66
1910.77
1911.23
1920.72
1915.12
1894.84
1888.68
1896.37
1896.93
1890.44
1873.99
1847.62
1826.58
1810.89
1792.08
1770.1
1746.24
1720.47
1694.6
1668.62
1648.93
1635.74
1617.86
1595.08
1578.14
1567.35
1543.97
1507.2
1479.85
1462.57
1445.86
1429.78
1415.22
1402.34
1387.64
1370.95
1359.68
1354.39
1347.3
1338.21
1319.79
1290.92
1260.36
1227.89
1197.85
1170.58
1142.93
1114.86
1079.33
1035.18
994.939
959.274
922.829
885.465
850.022
816.854
788.239
765.062
741.567
717.691
694.31
671.533
651.226
633.943
618.047
603.861
593.283
587.189
576.749
560.864
547.938
538.747
531.93
528.133
524.775
521.977
517.743
511.649
509.978
514.074
519.336
526.129
531.934
536.429
544.561
557.549
570.749
584.236
603.106
629.28
658.155
690.723
731.69
784.239
839.546
898.688
969.064
1055.18
1146.55
1245.36
1356.36
1484.73
1619.3
1762.76
1915.77
2082.61
2255.17
2436.1
2622.84
2818.15
3017.32
3222.22
3425.52
3626.42
3827.36
4028.37
4213.79
4375.53
4547.13
4733.85
4913.35
5081.68
5252.24
5426.27
5591.79
5743.94
5894.89
6043.95
6201.66
6373.19
6534.31
6678.67
6827.1
6982.15
7161.52
7380.71
7581.12
7750.56
7925.58
8109.9
8318.5
8567.85
8807.3
9029.98
9256.06
9487.93
9717.68
9943.75
10175.6
10417.3
10640
10829.3
11024.6
11230.3
11458.6
11727.1
11967.4
12157
12354.5
12566.3
12796.6
13060.6
13298.8
13489.2
13676.9
13859.8
14065.6
14314.7
14534.3
14698.2
14858.4
15011.2
15169.1
15336.6
15492.6
15626
15763.7
15909.7
16052.5
16189.1
16319.4
16437.4
16547.9
16643.2
16726.4
16785
16834.3
16864.3
16905.1
16967.8
17001.6
16975
16979.4
17049.1
17085.2
17050.2
17037.5
17072.5
17090.7
17072.7
17053.6
17031.9
17004.8
16965.8
16928.3
16894.1
16829.7
16697.7
16602.7
16591.3
16516.4
16296.5
16117
16030.3
15941.9
15849.1
15733.4
15564.3
15439
15417.7
15385.9
15329.1
15291.4
15299.5
15296.1
15264.8
15257.8
15310.2
15369.1
15444.2
15511.4
15559.2
15612.9
15681.6
15773.9
15926.6
16077.4
16223.4
16352
16435
16545.9
16730.3
16903.4
17046.7
17188.5
17325.8
17492.6
17738.9
17946.1
18046.1
18166.4
18342.5
18511.8
18662.1
18789.9
18854.5
18932.2
19046.9
19141.8
19180
19212.1
19226.7
19252.5
19311.5
19347.1
19313.2
19277
19233.7
19194.4
19166.8
19127.9
19054.3
18991.7
18963.3
18919.2
18826
18743.5
18695
18640.5
18567.2
18490.6
18403.3
18324.9
18275.6
18215.1
18117.3
18029.9
17977.3
17918.4
17837.6
17776.2
17780.8
17750.6
17599.9
17485.8
17499.2
17493.5
17420.6
17354.2
17311.5
17268
17222
17190.4
17211.6
17213.9
17146
17084.9
17049.5
17017.1
16996.4
16970.4
16924.3
16889.7
16900.1
16901.1
16865
16822.4
16753.5
16696.5
16686.8
16662.2
16577
16503.3
16477.1
16449.8
16417.7
16385.9
16355.1
16308.1
16191.6
16099
16110.5
16105.9
16029.5
15955.7
15893.3
15823.6
15721.3
15617.4
15505.8
15396.3
15296.2
15196.2
15095.8
14989
14852.2
14719.3
14605.6
14487.3
14346.3
14209.4
14092.2
13983.7
13919.2
13842.7
13705
13579.2
13514.8
13440.1
13310.6
13186.6
13091.6
12998
12912.2
12821.3
12702.6
12597.3
12566.7
12526.5
12432.3
12343.3
12284.2
12223.6
12153.9
12088.8
12051.3
12005.9
11912.6
11825.9
11779.2
11729.3
11658.8
11594.5
11568.6
11536
11459.8
11389.2
11354.4
11315.9
11251.9
11195
11185.8
11172.1
11127.3
11086.3
11072.6
11059.4
11049.4
11042.9
11061.6
11075
11047.7
11021.9
11007.3
10996.5
11015
11031.5
11032.9
11033.6
11027.9
11023.4
11028.7
11030.8
11006.3
10982
10959.7
10940.8
10952.6
10964.2
10974.5
10988.4
11034.8
11074
11045.4
11023.1
11060
11091.5
11071.3
11050.7
11025.8
11003.8
11010.7
11013.9
10978.2
10943.9
10923.7
10900.1
10839.4
10778.8
10719.7
10657.5
10558.7
10463.7
10413.2
10363.7
10325.2
10280.5
10156.5
10036
9960.68
9885.67
9814.84
9744.21
9676.38
9608.48
9539.65
9471.18
9408.04
9345.54
9292.69
9238.37
9160.95
9083.95
9014.02
8944.4
8879.96
8814.89
8738.77
8662.57
8585.05
8508.24
8445.1
8381.29
8304.06
8226.35
8138.54
8050.43
7956.03
7860.87
7748.78
7637.56
7547.15
7455.34
7328.26
7202.43
7109.62
7016.43
6912.33
6808.39
6709.08
6610.14
6522.62
6434.73
6334.03
6233.81
6150.99
6067.99
5977.78
5887.79
5807.67
5727.28
5634.17
5541.17
5454.06
5367.44
5309.9
5251.95
5166.83
5081.89
5010.86
4939.75
4861.13
4782.26
4676.57
4570.79
4453.51
4335.94
4161.41
3986.91
3823.77
3660.61
3469.09
3277.58
