-67.1782
-18.8255
29.5271
38.0789
46.5705
43.3147
40.0179
41.6891
43.3874
42.4083
41.4093
42.0928
42.7921
45.1705
47.5682
43.6569
39.6608
43.9288
48.3244
45.5526
42.6555
44.7558
46.9536
43.2838
39.4876
40.4736
41.5725
43.7428
45.9407
43.181
40.2838
38.3568
36.4586
38.2395
40.1376
42.8087
45.5061
44.6358
43.6367
42.349
41.0503
40.7119
40.4122
42.7
45.0977
44.1479
43.049
40.9957
38.8977
38.3237
37.8242
38.8456
39.9445
39.7154
39.4157
41.1039
42.9021
41.9609
40.8619
40.5172
40.2175
39.6355
39.0361
39.0939
39.1938
39.3874
39.5872
42.9655
46.562
43.1616
39.2655
39.6517
40.351
40.6787
40.9784
41.4635
41.963
42.185
42.3848
42.2154
42.0156
39.4207
36.6235
39.2495
42.3465
41.9579
41.2586
40.3762
39.4771
37.5733
35.5753
37.3139
39.4118
41.6007
43.7985
42.1851
40.187
40.7244
41.5236
39.4315
37.0338
36.259
35.6596
38.6587
42.0554
42.5795
42.7793
43.6061
44.5052
43.9744
43.275
40.6138
37.7166
37.6669
37.9666
39.0654
40.2643
40.9315
41.531
38.6829
35.3861
35.9702
37.0691
36.584
35.8846
37.0293
38.4279
40.2646
42.1628
41.8755
41.2761
37.1006
32.4052
36.2383
41.3333
38.1795
33.7838
36.6654
40.6614
39.7305
38.0322
36.6788
35.3801
36.4046
37.8033
36.5405
34.8422
35.4565
36.4556
34.2071
31.4099
32.7905
34.8885
38.1774
41.6739
40.0782
37.5806
36.7766
36.2771
34.3414
32.1436
32.98
34.3786
35.3568
36.2559
38.2456
40.4435
40.2978
39.6984
39.433
39.2332
38.6168
37.9175
36.0547
33.9567
35.5899
37.9876
39.2272
40.2262
39.1621
37.6636
36.659
35.7599
36.0928
36.6922
36.5542
36.2545
36.6904
37.2898
37.9708
38.6701
36.3595
33.3625
33.6927
34.7916
34.2714
33.3723
34.0076
35.0066
34.3943
33.3953
34.0037
35.0027
36.1621
37.3609
37.3601
37.0603
36.1224
35.0235
34.7204
34.6205
35.3145
36.2136
36.5584
36.7582
38.775
41.2725
41.012
40.0129
38.6995
37.3009
37.9409
39.1398
38.9307
38.3313
36.5616
34.4636
35.6343
37.7322
38.2776
38.3775
38.7097
39.1093
40.2813
41.6799
41.7689
41.4692
38.8641
35.5673
35.5665
36.5655
37.1823
37.6818
38.4101
39.2093
39.9324
40.6317
40.4965
40.0969
41.5134
43.5114
41.5848
38.3879
36.9225
36.0234
35.5747
35.275
36.6977
38.6958
39.5734
40.073
41.0194
42.1184
41.9542
41.3548
41.5705
42.07
41.0914
39.5928
37.652
35.5541
39.264
45.0583
44.6936
42.0962
43.0819
45.3796
46.8022
47.9011
47.6181
46.8189
47.6881
49.1866
48.8766
47.8775
47.6721
47.772
50.2463
53.643
54.1695
53.57
52.8275
52.0283
51.9427
52.1425
53.9792
56.4767
57.8387
58.7379
62.1141
66.5098
65.0473
61.1512
60.9854
62.384
65.6777
69.7737
72.3999
74.3979
72.1383
68.0423
67.9136
69.5121
75.3442
83.0367
84.085
82.1869
82.2901
83.2892
85.0452
87.1431
86.4962
84.598
86.0528
89.0499
89.3859
88.4868
90.7173
94.4137
98.5171
102.813
103.05
101.352
102.351
104.649
106.341
107.74
108.267
108.367
110.071
112.569
113.2
112.9
116.522
122.117
122.211
119.513
120.516
123.413
124.005
123.405
122.937
122.538
122.596
122.896
121.89
120.192
121.553
124.55
125.73
125.93
125.676
125.177
127
130.097
130.557
129.558
127.405
124.607
123.856
124.255
124.018
123.418
123.263
123.363
121.563
118.666
124.419
135.209
135.108
128.615
125.886
125.387
126.076
127.474
129.309
131.407
132.386
132.686
132.056
130.857
131.265
132.663
131.907
129.809
132.56
138.354
138.826
135.928
135.654
137.052
137.296
136.796
137.812
139.81
138.365
134.669
132.598
131.599
132.76
135.358
135.503
134.004
132.267
130.369
130.551
132.149
131.082
128.185
128.771
131.768
131.823
129.825
128.941
128.841
126.287
121.991
122.705
127
128.626
128.326
127.968
127.569
127.746
128.345
126.991
124.194
121.625
119.228
121.567
127.461
129.204
127.805
129.297
132.993
132.453
128.657
128.689
131.686
131.878
129.88
129.223
129.623
131.36
134.157
133.346
129.65
128.774
130.173
130.469
129.87
129.325
128.826
128.162
127.363
127.163
127.463
126.568
124.669
123.421
122.722
123.694
126.092
125.641
122.744
122.899
125.696
126.84
126.54
124.486
120.89
117.293
113.697
115.588
122.381
123.918
120.721
118.257
116.459
117.635
121.531
123.712
124.311
123.823
122.325
122.425
124.024
123.566
121.169
120.358
121.058
120.227
117.929
117.359
118.458
119.051
119.15
119.099
118.899
118.448
117.749
117.4
117.4
116.802
115.603
114.603
113.804
115.278
119.075
120.064
118.166
115.827
113.029
112.577
114.575
114.286
111.589
110.491
111.09
110.821
109.622
108.567
107.668
105.955
103.358
103.335
106.132
107.98
108.779
110.098
111.996
112.623
111.824
110.509
108.611
105.966
102.469
103.855
110.848
110.525
101.734
96.8156
96.4159
97.5774
100.574
100.646
97.2489
96.0373
97.4359
97.6108
96.312
94.8328
93.1345
91.8855
91.1861
88.921
84.7251
84.5826
89.4778
91.3574
89.4593
87.4728
85.3749
86.5296
91.8244
94.6687
94.369
91.6298
85.7355
83.9179
87.4144
89.7022
90.4015
92.562
96.658
98.4438
97.1451
96.4
96.4
96.2728
95.9731
96.3063
97.5051
101.266
108.559
111.17
107.273
106.082
108.679
113.43
121.222
127.119
130.316
131.913
131.213
135.699
147.687
155.856
158.454
162.183
167.578
171.967
174.864
178.682
183.877
192.06
204.748
213.153
215.051
217.699
221.495
227.254
236.046
242.767
246.264
249.488
252.285
258.253
269.243
277.116
280.013
284.364
291.058
296.038
298.236
301.077
304.974
313.016
327.901
339.525
345.718
351.95
358.244
364.983
372.475
381.666
393.754
405.108
415.198
425.836
437.424
445.853
448.75
453.381
461.074
470.635
483.522
496.981
511.467
519.698
516.601
521.138
539.62
551.354
550.655
556.945
576.226
589.703
592.301
596.557
603.95
611.033
617.527
626.036
638.424
649.25
657.042
664.226
670.22
677.726
688.215
693.33
687.736
690.339
709.42
723.849
728.845
732.561
733.66
734.4
734.4
733.59
731.092
731.043
736.138
740.56
743.557
745.504
745.205
748.257
758.547
764.06
759.165
754.301
749.506
745.983
745.283
744.152
742.054
740.293
739.294
738.326
737.427
732.686
719.099
711.223
716.618
721.027
723.125
721.663
711.773
703.297
698.202
696.854
704.546
711.396
716.191
719.138
717.539
718.264
724.758
730.255
733.252
739.248
752.834
763.302
765.8
769.051
774.246
779.967
787.06
793.135
796.532
803.152
818.337
831.271
838.164
847.346
862.731
874.722
877.419
883.459
898.744
910.158
910.757
913.735
923.426
934.829
951.113
962.839
961.441
958.841
952.747
951.014
962.104
969.167
964.272
958.578
950.486
946.555
955.246
961.21
958.813
957.926
961.723
964.987
966.585
964.994
953.305
945.066
947.863
949.363
946.666
944.623
944.723
942.804
934.213
928.014
929.812
931.291
931.691
930.711
925.016
921.138
923.536
925.689
926.988
925.555
914.466
907.743
916.634
923.405
922.506
921.157
918.16
916.204
918.102
918.842
915.246
910.982
904.189
899.192
901.091
903.848
909.942
916.847
926.937
931.969
916.884
903.23
895.338
889.984
894.979
899.253
900.552
901.677
902.077
903.335
908.231
911.406
907.21
902.005
892.414
886.617
897.506
904.752
895.761
888.219
887.22
884.662
874.972
865.813
859.119
853.442
852.543
849.287
834.801
822.286
819.289
816.647
815.748
814.18
809.284
803.512
793.322
783.721
777.127
771.487
770.788
769.21
763.017
758.162
760.46
760.376
747.389
737.045
741.241
743.48
734.788
727.34
726.94
726.112
722.815
720.175
721.374
721.767
717.371
712.45
704.358
697.75
700.247
701.944
698.648
695.051
689.557
685.149
687.746
689.326
684.231
679.657
678.558
677.767
679.065
679.341
672.548
667.52
674.913
680.641
674.447
669.084
669.784
671.182
677.775
682.982
677.688
673.584
678.679
683.11
682.311
681.655
682.155
682.154
678.058
674.784
678.381
681.348
678.951
676.656
675.257
673.869
672.57
672.676
685.563
697.054
695.556
693.801
689.605
685.567
683.07
681.364
687.558
693.565
697.661
701.304
700.205
699.098
697.899
696.808
696.908
696.033
684.144
673.374
675.572
677.577
677.277
676.547
670.553
664.265
654.275
644.957
644.358
643.292
635.999
628.984
625.787
622.879
624.077
624.449
612.66
601.452
599.054
596.854
597.753
598.432
595.535
592.655
590.057
587.244
580.651
574.322
572.824
571.09
564.896
558.784
554.288
549.871
547.074
544.1
537.307
530.463
522.471
514.434
505.343
496.588
496.289
495.627
485.337
475.235
470.44
465.557
458.065
450.739
448.741
446.445
433.957
421.763
420.364
418.826
411.733
404.804
405.004
404.949
392.761
380.835
382.733
384.508
379.014
373.584
372.485
371.387
370.388
369.234
353.849
338.578
336.08
333.537
324.446
315.355
306.164
296.968
286.078
275.189
264.3
253.41
