-111.175
-56.1291
-1.08303
3.78807
8.58337
6.70844
4.8103
5.19744
5.59705
5.79833
5.99813
6
6
5.40736
4.80795
4.10996
3.41065
4.18705
4.98626
3.91996
2.82104
2.8
2.8
4.07132
5.37004
6.37598
7.375
5.54936
3.65122
5.34971
7.14795
5.45381
3.65557
7.66622
11.8621
7.84538
3.54959
3.68927
3.98897
2.84527
1.64644
4.96111
8.45768
7.2583
5.85967
6.56512
7.36434
6.541
5.64188
6.26674
6.96605
4.71873
2.32108
2.38971
2.58952
5.25051
8.04777
7.82214
7.42253
7.58854
7.78834
4.88371
1.78674
4.22859
7.02584
7.29368
7.39358
6.55862
5.6595
5.97316
6.37277
7.14476
7.94398
7.5355
7.03599
5.88756
4.68873
6.63517
8.83301
8.44613
7.84671
4.66805
1.27138
2.65456
4.4528
5.15035
5.74976
5.1593
4.45998
4.49133
4.59123
4.6
4.6
4.87282
5.17253
6.01671
6.91583
6.4567
5.85729
5.98071
6.18051
6.65079
7.1503
5.7606
4.16216
4.2693
4.56901
4.06257
3.46316
3.93625
4.53566
3.79738
2.89826
3.24492
3.74443
4.06636
4.36607
4.57718
4.77699
2.3249
-.472357
1.84601
4.84308
5.11199
5.01209
6.05371
7.25253
8.7142
10.2127
6.81588
2.7199
2.72333
3.32274
3.22595
3.02614
4.21562
5.61425
5.5401
5.24039
6.92877
8.92681
6.7852
3.98794
3.68605
3.78595
4.05755
4.35726
5.9418
7.74003
7.31632
6.5171
5.4621
4.36317
5.47602
6.97455
5.07819
2.58064
4.31691
6.81446
5.17246
2.77481
2.98999
3.68931
5.14543
6.74386
6.49664
5.89723
6.21849
6.718
6.38249
5.88298
6.13322
6.53283
6.51689
6.41699
6.56583
6.76563
8.61981
10.8176
8.31169
4.81512
5.92887
8.02681
6.10032
3.30306
6.56904
11.1645
9.62954
6.73238
5.05838
3.65975
6.32854
9.92501
10.1131
9.51367
6.80938
3.61251
5.26131
8.05857
6.34417
3.54691
3.72332
4.62244
4.63965
4.43985
4.95984
5.65916
6.11913
6.51874
6.99793
7.49744
6.48853
5.0899
5.51275
6.41187
6.521
6.4211
6.79401
7.29353
7.55721
7.75702
5.60447
2.80721
5.09399
8.79036
8.4297
6.93117
5.89958
5.00046
6.11968
7.81802
7.03851
5.53998
5.66342
6.26283
6.55408
6.75389
6.8
6.8
6.9533
7.1531
6.51191
5.61279
7.84026
11.0371
10.2027
8.10475
8.81386
10.4123
9.5136
7.81526
7.62642
7.92613
8.97863
10.2773
10.0744
9.3751
9.2
9.2
8.90123
8.50162
7.65504
6.65602
7.8117
9.70985
9.68127
8.98195
8.57827
8.27857
7.75772
7.15831
6.63241
6.1329
6.51325
7.21256
6.52249
5.32367
7.40669
10.7034
9.19977
5.903
5.79792
6.89684
8.42982
10.1281
10.5278
10.4279
10.4
10.4
11.3328
12.6315
10.3523
6.65592
6.81318
8.51152
9.85401
11.0528
11.4
11.4
11.4
11.4
11.9646
12.7639
13.2111
13.5109
13.249
12.7495
12.74
12.9398
12.8604
12.6606
12.3912
12.0915
13.5269
15.7248
16.5384
16.7382
17.4901
18.4892
16.1161
12.2199
10.9314
10.8315
12.8528
15.8499
18.0964
19.9945
19.7836
18.5847
18.5392
19.0387
17.6442
15.3464
16.6909
19.7878
21.9433
23.6416
23.8647
23.3652
23.2
23.2
21.5334
19.0358
20.1941
23.1911
21.6153
17.7191
17.4572
19.0557
20.127
20.9263
21.7255
22.5247
21.8831
20.4845
20.9141
22.3127
23.8416
25.44
24.0529
21.0558
20.1941
20.4938
21.4386
22.7374
22.1709
20.5725
21.7312
24.4286
23.4823
20.4852
20.9932
23.4908
24.0823
23.5828
24.35
25.8486
24.6952
21.9978
21.6924
22.7913
22.698
21.8988
22.4132
23.7119
23.5764
22.5774
21.5784
20.5793
20.8816
21.9805
23.0177
24.0167
23.6611
22.4623
22.3683
22.9677
22.9553
22.5556
22.522
22.7218
21.5234
19.4254
19.3877
20.6865
21.9852
23.2839
22.7765
21.0782
20.9401
21.8392
22.3196
22.5194
25.2231
29.6188
27.7159
21.5219
20.066
21.8643
21.7736
20.3749
19.6823
19.4825
19.8691
20.6683
19.8896
17.9914
19.3551
23.0515
24.1356
23.3364
20.9172
17.3207
17.0108
19.1088
21.2067
23.3047
22.5965
19.7992
19.2849
20.4837
20.545
19.7458
20.817
23.3146
24.6259
25.0255
23.5676
20.6705
21.5315
25.3278
25.2113
22.0144
18.8175
15.6207
16.3647
20.2609
23.0509
24.949
24.1466
21.1495
19.2508
18.2518
17.5811
17.1815
19.7263
24.7214
24.6094
20.2137
18.6331
19.4323
19.8539
19.9538
19.4088
18.3099
19.2993
22.0966
21.8528
18.9556
18.2379
19.4367
19.8411
19.5414
20.2442
21.8427
22.6
22.6
22.7571
23.0568
22.5217
21.223
20.3921
19.9925
20.4214
21.6202
21.7873
20.9881
19.7777
18.1792
16.9392
16.0401
15.651
15.7509
17.1718
19.8691
21.0482
20.7484
20.1967
19.3974
18.7991
18.3995
17.6998
16.7007
17.0471
18.7454
19.4511
19.1514
18.5551
17.6559
17.3477
17.6474
17.6529
17.3531
18.2747
20.4725
21.0161
19.8173
19.4907
20.0901
21.4618
23.6596
22.7331
18.4374
19.1201
25.2141
26.9698
23.9727
22.305
22.1052
22
22
20.4932
17.2963
16.3503
17.9487
20.2009
23.1979
24.149
22.7504
22.3704
23.1696
22.4012
19.8037
19.5019
21.8995
22.9714
22.4719
22.1089
21.9091
22.3439
23.5427
23.9292
23.3298
23.3595
24.1587
24.3763
23.8768
22.4419
19.8444
18.4443
18.5442
19.9687
23.0656
24.6242
24.2246
23.1248
21.1268
20.8277
22.7258
22.1954
18.499
18.4722
23.2675
25.8281
25.4285
25.3711
25.7707
25.7445
25.1451
23.9522
21.9542
21.7704
24.0682
24.644
22.8458
22.2598
23.3587
24.0416
24.1415
24.1172
23.9174
23.3879
22.3888
22.9485
25.7458
26.5019
24.3041
24.3813
27.778
28.7892
26.2917
24.8805
25.0803
24.4392
22.5411
23.432
28.527
30.7674
28.6694
27.5578
27.9574
28.2785
28.4783
28.0141
26.5156
26.3384
28.2366
27.7759
23.58
22.3465
25.8431
27.7703
27.1709
27.4093
29.0077
29.8106
29.3111
28.4346
26.9361
27.5372
31.6332
32.7081
28.712
26.2371
26.337
27.5441
30.6411
32.9671
33.9661
34.4539
34.0543
33.3278
32.0291
31.2361
31.336
32.0826
33.9808
36.5221
40.2185
40.7166
35.4218
31.6112
30.5123
31.6978
37.0925
39.202
35.2059
33.6078
36.505
38.1926
37.5932
37.4405
38.1398
38.395
37.7956
37.9435
39.5419
41.0391
42.3378
42.3941
39.9965
39.7019
43.5981
46.5319
47.5309
47.8701
46.8711
46.4951
47.3943
46.044
40.0499
36.8425
39.4399
41.1678
41.0679
42.4405
46.9361
49.0455
46.0484
44.1897
44.7891
44.4458
42.0481
39.994
38.6953
38.7931
41.9899
43.244
40.1471
38.0306
38.1305
38.0173
37.4179
38.1193
41.8156
43.6186
41.0211
39.3493
39.8488
40.2593
40.4591
40.1285
38.5301
37.3707
37.2708
36.9383
36.0392
34.9379
33.3395
32.4295
33.2287
34.5122
37.0098
38.4888
37.3898
36.5719
36.472
36.7348
37.9336
39.1325
40.3313
41.0624
40.5629
40.5004
41.5994
42.4271
42.527
42.7346
43.2341
43.2258
41.8272
41.1449
42.4436
43.2947
42.895
42.7045
43.1042
42.959
41.2606
40.6437
43.1412
44.7956
43.9964
43.5775
44.2768
45.3284
47.4263
49.0499
49.2497
48.6569
45.6599
43.4491
43.6489
44.2875
46.2856
47.2922
45.1942
43.9118
45.2105
45.3436
41.7471
39.3067
40.6054
42.2785
45.1757
47.2608
46.6614
46.2
46.2
45.5841
42.8867
40.506
39.2073
38.1327
37.833
37.3778
36.3787
36.5472
40.843
43.7415
41.6436
39.9134
39.5138
39.6074
41.5055
42.4901
40.0925
37.8422
36.1438
34.9043
35.4038
35.8
35.8
35.6158
34.7167
34.7498
38.4462
40.818
37.9208
35.6596
35.9593
36.5148
38.1133
39.3415
39.0418
39.0314
40.2303
41.2191
41.319
41.1921
40.0932
39.0878
38.4884
37.7224
36.2239
34.5606
32.1629
30.7071
33.5044
35.8358
36.0356
36.0582
35.259
34.6701
35.0697
35.556
36.4551
36.8402
34.7422
33.1355
33.9347
34.5163
34.0168
33.6993
34.2987
34.6528
33.7537
32.8061
31.6073
30.4564
29.5572
28.9891
30.188
31.3712
32.4702
32.7083
28.2127
24.9918
28.888
31.8555
29.5577
27.6887
28.2881
28.8875
29.4869
29.8849
29.0856
28.2154
26.9167
25.814
25.9139
26.1933
27.5919
28.6503
27.5514
27.0426
30.3394
32.8563
30.2589
27.7526
25.8544
24.2898
24.9891
25.6379
25.9376
26.3368
27.4357
28.3388
27.8393
27.6047
29.3031
30.646
29.3472
28.3398
29.5386
30.7145
31.7136
32.2397
29.0428
26.5098
29.307
31.5935
29.6954
27.9573
27.5577
27.1686
26.8689
26.7131
27.812
28.7798
28.58
28.3308
27.6314
27
27
27.2659
30.0632
32.4046
30.3067
28.4455
28.945
29.3822
29.1824
29.1046
30.3034
31.2892
29.9905
28.9831
31.1809
33.1512
32.5518
31.7779
28.9806
26.5702
28.768
30.5285
26.9321
23.7395
25.6377
27.207
24.5096
22.0765
23.1754
24.3013
25.7999
27.1606
26.5612
25.8854
24.0872
22.4308
22.9303
23.3164
21.9177
20.6982
22.3966
24.0335
24.6329
25.1461
24.1471
23.2208
23.6204
23.995
23.8951
23.7952
23.6953
23.6184
24.018
24.422
24.9215
25.32
23.4218
21.6161
22.0157
22.442
23.5409
24.6
24.6
24.5966
24.4967
24.3709
23.4718
22.5271
20.1294
17.8312
18.9302
20.0264
21.0255
22.0073
22.307
22.5865
21.9871
21.3876
20.7882
20.1832
19.2841
18.395
18.0953
17.8103
18.5096
19.2306
21.6282
23.9547
19.7588
15.6336
19.4299
23.1814
20.4841
17.7985
17.4988
17.1988
16.7992
16.3993
15.7
15.0007
