-111.177
-59.6272
-8.07775
-1.31665
5.37679
3.30933
1.21139
2.49168
3.7904
3.30418
2.80467
.0288868
-2.76837
.657038
4.15361
2.03131
-.166536
2.84981
5.94677
6.88367
7.78278
5.54624
3.24849
3.39559
3.59539
3.89279
4.1925
3.90779
3.60809
3.98882
4.38843
3.62391
2.8247
2.31592
1.81641
3.05605
4.35477
2.47153
.473493
1.4585
2.55742
.775398
-1.12274
1.29173
3.88919
5.4346
6.93313
5.18656
3.28842
3.48574
3.78545
1.80389
-.294053
1.49714
3.49518
4.64127
5.74019
3.81622
1.71828
2.25989
2.9592
1.02445
-1.0735
1.24083
3.83828
2.50108
.902648
2.57624
4.47438
3.29393
1.8953
1.52071
1.22101
3.61538
6.21283
3.43349
.236622
-.0925078
-.19241
2.29242
4.98978
3.91037
2.51174
.561593
-1.43645
1.33518
4.53205
3.88471
2.88569
1.52134
.122708
1.82274
3.82078
3.18153
2.28241
2.47224
2.77194
.626802
-1.77085
-3.26496
-4.66359
-5.34095
-5.94036
-1.95168
2.54391
2.64093
2.24132
2.37914
2.57894
1.43812
.139395
-.891795
-1.89081
-.665245
.833286
1.53273
2.13214
2.64296
3.14247
2.13924
.940418
.535398
.235691
1.43207
2.8307
1.41944
-.3788
-.33716
-.0374541
.262252
.561958
1.38499
2.28411
3.00918
3.70849
4.6683
5.66732
4.32722
2.62888
3.00507
3.70438
1.73017
-.667478
-.827907
-.628102
.0868091
.886026
.571722
.0722122
1.28189
2.78043
1.97683
.778008
.940272
1.33988
1.82436
2.32387
3.8395
5.53784
5.29311
4.6937
3.67286
2.57394
1.05457
-.543862
1.63291
4.53007
3.15865
.960805
3.10506
6.10212
3.43437
-.361912
.579096
2.47723
3.13166
3.53127
4.67534
5.97407
4.21945
1.8218
-.493526
-2.79127
-.489663
2.80711
2.41677
1.21795
2.38958
4.08791
3.74765
2.94843
3.93888
5.3375
4.95078
4.15156
6.75253
10.1492
8.78097
6.28342
4.59152
3.09299
3.12148
3.52108
2.47757
1.07894
3.03938
5.83664
4.1661
1.36884
2.07338
3.67181
4.07939
4.17929
4.75436
5.45368
3.78302
1.48527
2.10324
3.50187
3.48557
3.08596
3.47047
4.06988
3.18319
1.88446
2.22416
3.02338
2.42176
1.42273
3.14071
5.63827
2.79296
-1.60273
.798427
5.19412
5.96887
5.66917
5.44631
5.2465
3.9736
2.37517
3.07035
4.46898
3.8849
2.68608
3.31275
4.51157
5.55866
6.55769
6.42164
5.92213
2.85647
-1.03971
.258376
3.25544
2.79866
1.20023
3.1964
6.39327
6.229
4.93028
4.22752
3.72801
4.8631
6.56144
6.62948
6.12997
6.36954
6.86905
6.33658
5.43746
4.46483
3.46581
4.95971
7.35736
7.56124
6.96183
6.58121
6.2815
4.74532
2.74727
3.86838
6.16613
7.45108
8.3502
6.00271
2.40624
2.83902
4.83706
5.54351
5.74331
6.58715
7.68608
6.57273
4.57468
6.06387
8.96103
10.3678
11.167
9.63059
7.13304
6.96464
7.76386
8.14077
8.34057
8.04905
7.54954
7.88995
8.58927
9.63757
10.8364
10.0168
8.31843
8.70228
10.001
9.98474
9.38533
9.75211
10.5513
11.9011
13.4995
13.1765
11.9777
11.8053
12.105
12.9505
14.0495
15.4886
17.087
17.6
17.6
15.5707
12.5736
14.2979
18.294
19.3982
19.0985
17.5918
15.4939
15.0006
15.3003
15.1333
14.7337
16.5276
19.4248
20.5325
20.7323
19.8749
18.4763
16.6824
14.6843
14.2627
14.6623
16.1753
18.2732
18.9347
18.8348
19.1906
19.79
20.5841
21.4832
19.9235
17.0263
15.7419
15.3423
16.1004
17.499
18.2565
18.6561
17.7133
16.0149
15.5912
15.8909
16.1906
16.4903
18.6901
21.9869
23.1368
23.0369
24.0071
25.6055
23.8155
20.0192
18.8502
19.2498
20.1483
21.3471
20.8054
19.207
19.1577
20.0568
19.1028
17.0049
16.0768
15.877
16.2296
16.929
16.9553
16.5556
18.8395
22.8356
23.1234
21.0254
20.1394
20.0395
20.604
21.603
21.6388
21.0394
22.3602
24.9577
24.9832
23.2848
22.6
22.6
22.0652
21.1661
21.0961
21.5956
20.2652
17.6678
16.953
17.5524
18.6796
20.1781
21.1506
21.7501
21.9417
21.8418
20.3487
17.8512
17.4942
18.6931
21.0451
24.242
24.6806
23.0821
21.3692
19.5709
19.6561
21.1546
22.255
23.0542
22.9465
22.1473
21.8
21.8
21.2371
20.2381
18.5659
16.3681
16.5179
18.516
21.1824
24.3793
25.3004
24.4013
22.8938
20.8957
19.7795
19.3799
18.8705
18.2711
18.4925
19.3916
20.4543
21.6531
22.1457
22.0458
21.6752
21.0758
21.0697
21.5692
22.0687
22.5682
22.1039
20.8051
20.4134
20.813
21.1063
21.3061
20.5526
18.9542
19.3608
21.5587
22.6
22.6
22.9142
23.5136
21.7129
17.7168
16.2158
17.0151
18.3321
20.1304
21.9286
23.7269
24.7542
25.0539
23.92
21.4225
20.353
20.6527
22.1718
24.8691
24.7829
21.9856
21.6083
23.6063
23.8467
22.3482
20.8496
19.3511
20.7426
25.0384
26.9518
26.4523
25.6068
24.4079
25.1787
27.976
27.9777
25.0805
23.1603
22.2612
23.5515
27.148
26.2864
20.6918
19.2478
22.2449
23.4635
22.7642
23.8361
26.8332
27.6372
26.0388
25.8647
27.2633
27.5272
26.5281
26.0942
26.294
25.7435
24.3449
23.5066
23.3068
24.13
26.128
27.8946
29.3931
30.3844
30.784
30.8163
30.4167
29.7428
28.7438
27.7448
26.7458
26.336
26.6357
26.4841
25.7848
25.0405
24.2413
25.6342
29.7302
32
32
30.4922
27.0955
25.3766
25.7762
25.6923
24.993
24.7313
25.031
26.8118
30.5082
32.7735
33.1731
30.7233
24.5294
22.2033
25.0006
27.9262
31.0231
31.6502
28.9529
27.951
29.2498
29.9156
29.7158
29.81
30.3095
30.6836
30.8834
30.0431
27.7453
27.311
29.5088
31.6655
33.7634
33.8105
30.9133
29.894
31.5923
31.3406
28.2436
27.6938
30.8906
31.9551
29.8571
29.641
32.2385
33.9992
34.4987
34.2846
32.9858
31.1348
28.4374
26.5645
25.965
26.6156
29.213
30.7611
30.6612
31.3734
33.3714
32.8302
28.2347
26.1655
28.1636
29.5904
30.0899
31.7639
35.3604
36.6954
34.2978
32.875
33.0748
32.9389
32.2396
32.9873
36.1841
37.9785
37.3791
37.4772
38.776
39.7826
40.2821
39.583
36.7858
35.9753
38.6727
41.0467
42.8449
43.071
40.4735
39.6173
41.9151
42.7992
41.1009
41.4409
45.5369
47.6408
46.0424
45.3128
46.2119
47.3529
48.9513
50.3436
51.3426
52.3416
53.3407
53.0828
50.3854
48.2622
47.2632
47.473
50.0705
52.4009
54.1991
54.1057
50.2095
48.6557
51.8526
54.1312
54.5308
54.5718
53.8725
53.8212
55.12
57.0951
60.4917
62.4479
61.3489
60.0273
58.2291
55.2925
49.8978
47.3313
50.9278
53.2751
52.8755
52.7862
53.3856
53.8308
53.9307
53.3872
51.3891
49.6346
48.4358
47.5395
47.3397
47.9213
50.319
50.5966
45.9012
43.7865
47.7826
49.5686
46.0721
43.6585
43.8583
44.2035
44.9028
45.8332
47.3317
48.3426
48.1428
48.7407
51.3381
52.4078
49.6105
48.1057
49.904
51.3395
51.839
52.7541
54.7521
54.4669
48.1731
45.1296
50.7241
54.6915
54.2919
54.4307
56.0292
57.5742
58.9728
59.7612
58.8621
58.2
58.2
58.4091
59.2083
60.1113
61.3101
61.891
60.6922
59.57
58.6709
58.8367
62.1335
63.9207
61.2233
59.3747
60.0741
60.0303
57.7326
57.4006
63.0951
66.9368
65.0387
62.3667
57.2717
55.2469
62.9393
67.9436
64.3471
61.0337
58.6361
56.683
56.1835
56.6585
60.3549
62.7859
60.9876
58.7332
54.9369
52.5201
54.8179
56.2189
54.5205
53.8445
56.7416
57.9427
53.1474
49.9021
52.1999
54.3894
56.1877
57.5142
57.1146
56.0139
52.3176
49.7578
51.4562
52.508
51.1094
49.9793
49.8794
50.0865
51.4851
52.1339
49.8361
48.2007
49.1997
50.3776
52.2757
52.9932
48.8972
45.7559
46.5551
47.5279
49.2262
50.9054
52.5039
53.5166
52.018
50.4073
48.3094
47.0626
49.5601
51.124
48.5265
47.0339
50.5305
53.4358
53.6356
53.1798
49.6832
46.9752
47.9743
48.5401
47.0415
46.057
47.5555
48.2241
44.8274
42.0502
42.3499
42.7158
43.4151
44.6049
48.3013
50.9154
47.9183
45.2404
44.2414
43.4
43.4
43.1665
41.668
40.4154
40.5153
40.7669
41.8658
42.3506
39.3535
36.7409
36.3412
36.2918
38.2898
40.1439
41.1429
42.0284
42.2282
41.938
38.6412
35.9242
36.8234
37.6953
38.3946
38.8659
37.8668
37.1322
38.1312
39
39
39.2309
41.0291
42.259
39.5616
37.4114
39.1097
40.2695
37.5722
35.4288
37.3269
38.7393
36.5415
34.833
36.8311
38.3251
35.9274
34.2729
38.4688
41.7242
37.4284
33.763
35.2615
36.5786
36.3788
36.1267
35.4273
34.9439
36.3426
37.4891
36.3901
35.2615
33.8629
32.6775
33.4768
34.333
35.7316
37
37
36.7268
33.7297
31.1782
33.1762
34.8867
33.588
32.6641
35.761
38.6499
39.2493
39.5318
36.235
32.962
29.965
27.5172
31.6132
35.4905
36.6893
37.8
37.8
37.5855
34.5885
31.7861
31.5863
31.5149
33.2132
34.5638
30.9673
27.7146
29.5128
31.1815
30.8818
30.5582
29.8589
29.2924
30.8909
32.3386
31.2397
30.1946
30.0947
29.9429
28.844
27.835
28.5343
29.1424
27.9436
26.8184
27.218
27.6264
28.2258
28.7115
26.6136
24.4835
21.5864
18.9222
22.1191
25.2109
25.5106
25.8274
26.6266
27.2901
23.8934
20.6364
21.8353
22.9744
22.0753
21.2476
23.0459
24.773
23.6741
22.5662
21.0676
19.5712
18.1725
16.7981
16.6982
16.6317
18.5298
20.3588
17.5615
14.8331
17.4306
19.9806
18.1823
16.4159
18.2141
20.0014
20.2012
20.402
20.8016
21.1896
17.693
14.1996
13.8
13.4004
