-71.9814
-30.8217
10.3379
17.0833
23.7768
19.32
14.8244
20.6622
26.5564
23.8234
21.0261
20.2082
19.409
20.3877
21.3867
21.3014
21.2015
19.921
18.6223
17.7163
16.8172
17.3879
17.9873
18.7823
19.5816
19.4048
19.205
19.7844
20.3838
20.2056
20.0058
18.3508
16.6525
17.1809
17.7803
18.6696
19.5687
19.1179
18.6184
20.9094
23.3071
19.4627
15.3667
17.2125
19.3105
20.7389
22.1376
21.5319
20.8326
17.8473
14.7503
16.7862
19.0839
19.2
19.2
19.6733
20.1728
19.3498
18.4507
20.7567
23.2543
17.9437
12.1494
16.3061
21.1014
21.7747
22.1743
18.6475
14.8512
14.4134
14.2136
15.0378
15.937
15.8142
15.6144
14.8584
14.0591
16.6827
19.5799
17.1229
14.2258
15.8423
17.8404
19.7465
21.6446
21.2496
20.6502
19.5016
18.3028
20.7573
23.5546
19.8811
15.5853
18.4739
22.0704
20.4036
18.2057
18.6338
19.3332
18.0447
16.5461
17.7524
19.2509
19.1301
18.8304
18.1716
17.4723
18.4748
19.6737
17.9231
15.8252
17.0269
18.6253
20.7576
22.9555
21.513
19.6149
18.957
18.4575
17.4276
16.3287
14.7888
13.1903
18.3683
24.4623
21.9511
18.2547
19.5523
21.5503
20.3139
18.6156
16.6556
14.6575
16.4886
18.8863
19.6341
20.1336
19.7668
19.2673
18.2492
17.1502
18.8111
20.909
21.3721
21.5719
21.6858
21.7857
22.1426
22.5422
21.7454
20.7464
22.3053
24.3033
24.1746
23.6751
21.9874
20.0893
19.9693
20.1691
22.0586
24.2564
25.1057
25.7051
24.7068
23.4081
24.1228
25.2217
25.5674
25.7672
26.2175
26.717
25.6337
24.2351
26.8257
30.2224
29.805
28.6062
29.1445
30.0436
32.098
34.3958
32.8241
30.4265
31.7247
33.8227
35.9206
38.0186
37.1739
35.6754
35.4
35.4
38.4912
42.2875
45.7592
49.1558
49.1523
48.3531
48.523
48.9226
46.4219
43.225
46.297
50.8925
53.0026
54.5011
53.1205
51.0225
52.8339
55.6311
58.7467
61.9436
62.3618
62.0621
62.2376
62.5373
64.259
66.3569
66.4848
66.0852
66.4716
67.071
69.1603
71.6578
73.8425
75.9405
78.1944
80.4922
82.1674
83.6659
84.3105
84.7101
85.1872
85.6867
87.5764
89.8742
91.7097
93.408
94.6453
95.7442
96.6898
97.589
98.4116
99.2108
105.196
112.788
110.264
104.57
103.807
104.606
108.583
113.579
113.441
111.643
112.48
114.178
114.525
114.425
113.876
113.176
115.166
118.063
119.992
121.59
123.337
125.136
127.156
129.254
131.869
134.667
140.634
147.727
149.747
149.947
156.599
165.59
168.951
170.249
175.559
182.352
187.618
192.314
197.299
202.394
211.106
221.197
226.236
229.333
233.725
238.621
247.821
258.711
270.602
282.89
289.968
294.963
302.093
310.085
321.129
333.417
343.582
352.873
356.094
356.793
371.71
392.59
408.275
421.762
430.909
438.202
447.31
457.2
468.134
479.523
493.411
508.396
517.291
523.485
537.684
555.467
570.634
584.621
596.96
608.549
618.974
628.864
649.331
674.706
688.719
697.41
714.378
735.258
752.688
768.472
775.286
777.784
800.255
832.424
842.598
841.998
842.803
844.301
855.8
872.283
887.106
901.092
906.529
907.628
909.189
910.988
921.087
935.473
944.275
950.17
954.492
957.989
956.849
953.253
953.758
956.455
956.621
955.422
957.135
960.432
960.697
959.298
963.238
970.131
969.137
963.743
961.736
961.636
962.62
964.218
970.835
980.326
979.746
973.353
970.305
969.206
971.821
976.617
975.702
971.406
973.178
978.573
985.152
992.445
997.003
999.9
998.397
994.201
997.603
1005.69
1008.98
1009.28
1016.89
1029.08
1036.49
1040.89
1045.16
1049.36
1054.46
1060.16
1063.97
1066.57
1069.77
1073.37
1068.84
1058.95
1053.92
1052.12
1052.18
1053.48
1051.38
1046.98
1040.74
1033.25
1027.59
1023.2
1020.75
1019.65
1017.79
1015.39
1017.8
1023.59
1026.93
1028.53
1026.99
1023.19
1021.31
1020.81
1014.76
1004.67
1006.91
1018.2
1020.99
1017.49
1018.63
1023.23
1022.46
1017.66
1022.65
1035.04
1038.3
1034.61
1034.64
1037.53
1040.43
1043.33
1040.17
1032.28
1029.86
1031.76
1033.38
1034.78
1034.57
1033.07
1031.18
1028.98
1023.92
1016.53
1015.94
1020.94
1019.2
1011.91
1006.53
1002.73
999.913
997.915
999.274
1003.47
1000.87
992.477
990.642
994.438
990.684
980.395
977.307
980.504
980.405
977.408
975.894
975.694
972.012
965.219
963.314
965.812
965.324
962.127
960.443
960.144
955.633
947.242
946.514
952.908
956.051
956.151
949.621
936.834
929.934
928.636
930.295
934.791
936.949
936.849
937.863
939.961
944.025
950.019
948.631
939.939
939.252
946.544
950.3
950.499
948.466
944.17
942.989
944.987
942.996
936.902
935.173
937.97
945.701
958.589
959.653
948.265
938.136
929.344
927.937
934.431
935.925
932.029
932.489
937.684
941.544
943.942
941.829
934.736
931.662
933.06
935.26
938.357
935.076
924.587
918.813
918.414
911.085
895.8
883.71
875.319
872.091
874.888
869.192
853.507
839.285
826.798
814.719
803.131
793.401
785.908
777.964
769.472
761.699
754.806
743.081
725.399
710.923
700.433
695.753
698.35
700.948
703.545
706.055
708.452
705.424
695.434
688.667
686.07
685.641
688.038
689.745
690.544
694.352
702.144
709.98
717.872
727.808
740.496
753.65
767.436
784.387
805.666
827.701
850.779
868.673
879.362
897.166
924.939
952.422
979.495
1007.14
1035.62
1071.64
1118.49
1156
1179.97
1208.05
1242.12
1273.03
1299.31
1323.17
1343.45
1372.3
1413.95
1448.56
1472.54
1496.16
1519.24
1547.2
1582.67
1607.54
1616.03
1631.12
1656.5
1683.11
1711.69
1732.1
1739.59
1754.63
1781.7
1808.77
1835.85
1859.8
1878.68
1897.9
1917.68
1943.12
1977.88
2008.64
2032.71
2062.57
2102.13
2143.77
2188.93
2238.77
2296.61
2342.16
2366.53
2395.91
2433.97
2469.24
2499.61
2538.36
2591.91
2638.45
2672.52
2708.44
2747.7
2783.7
2813.77
2850.27
2898.52
2943.05
2980.71
3016.24
3047.81
3081.61
3119.57
3164.13
3221.18
3267.77
3294.45
3318.83
3338.81
3367.29
3412.24
3449.7
3472.48
3498.71
3531.78
3555.37
3560.06
3566.35
3575.84
3589.29
3610.77
3627.82
3635.81
3644.62
3655.11
3665.15
3674.24
3674.44
3655.96
3649.71
3669.39
3685.54
3694.13
3695.86
3682.77
3670.5
3660.01
3657.11
3670.9
3677.17
3666.78
3654.88
3639.6
3619.19
3587.22
3561.22
3548.84
3535.66
3520.68
3498.6
3460.04
3428.19
3412.11
3403.71
3413.5
3408.55
3368.39
3342.52
3351.11
3353.07
3338.88
3325.97
3316.18
3314.79
3334.27
3348.46
3349.35
3361.26
3401.02
3427.41
3419.62
3424.32
3461.29
3487.72
3486.72
3497.42
3538.87
3574.05
3592.53
3619.59
3669.64
3710.18
3724.97
3744.22
3775.69
3806.49
3835.46
3870.68
3923.33
3962.72
3964.72
3974.09
4004.46
4027.23
4028.13
4030.77
4038.46
4048.41
4064.99
4076.87
4074.77
4073.6
4075.2
4074.47
4066.67
4058.32
4048.23
4031.99
3996.73
3972.9
3984.89
3989.61
3971.33
3952.59
3932.41
3912.09
3891.31
3874.98
3873.18
3867.16
3847.18
3827.5
3808.82
3791.64
3779.55
3767.67
3756.48
3745
3732.51
3717.8
3695.32
3679.78
3688.77
3690.49
3666.22
3648.28
3653.28
3652.52
3630.75
3609.84
3592.16
3580.68
3592.47
3598.4
3582.12
3566.06
3550.87
3540.07
3546.26
3548.08
3532.69
3518.87
3511.28
3507.11
3516.7
3521.66
3507.78
3495.41
3489.32
3481.74
3467.95
3454.37
3441.69
3424.26
3386.49
3355.44
3353.55
3348.87
3331.99
3316.19
3305.2
3294.48
3284.99
3272.56
3246.68
3221.71
3200.93
3178.28
3146.81
3120.76
3120.56
3113.94
3076.28
3040.87
3016.49
2993.02
2974.04
2955.09
2936.31
2917.07
2895.49
2872.96
2845.48
2819.06
2798.18
2776.42
2749.95
2724.38
2703.7
2683.75
2667.87
2651.59
2633.11
2614.66
2596.38
2578.92
2566.23
2550.8
2519.33
2491.54
2485.54
2478.79
2467.51
2453.75
2424.88
2398.48
2387.49
2378.07
2378.57
2375.61
2350.33
2328.99
2333.49
2334.42
2311.54
2289.93
2276.94
2266.21
2271
2273.47
2259.58
2246.81
2242.02
2238.5
2244.29
2247.73
2233.64
2222.04
2229.23
2236.61
2245.4
2251.95
2240.86
2232.59
2246.98
2260.78
2269.77
2275.85
2257.56
2239.78
2226.3
2215.01
2222.9
2229.8
2227.8
2226.1
2227.1
2229.14
2240.93
2251.83
2254.22
2254.45
2233.58
2216.49
2237.27
2254.77
2238.79
2223.81
2219.31
2216.31
2229.4
2240.81
2233.71
2225.82
2208.83
2191.76
2173.68
2155.89
2141.61
2127.47
2115.18
2102.98
2091.89
2078.83
2040.06
2004.36
2009.56
2012.59
1985.92
1961.27
1965.36
1968.15
1951.66
1935.32
1921.03
1905.69
1873.82
1843.74
1842.64
1840.72
1824.93
1809.43
1798.84
1788.09
1774.4
1760.57
1744.09
1728.05
1720.76
1712.53
1684.96
1657.71
1637.63
1617.81
1603.93
1590.25
1581.56
1572.69
1559.4
1545.36
1511.3
1477.46
1450.19
1423.42
1411.63
1399.55
1378.27
1357.1
1339.62
1322.18
1306.19
1290
1265.63
1241.3
1219.22
1197.14
1175.07
1153.21
1143.22
1133.14
1117.35
1101.47
1079.09
1056.86
1045.77
1034.66
1022.18
1009.52
977.952
946.561
940.967
935.267
908.293
881.289
843.825
806.377
783.199
760.022
