-85.7771
-35.0268
15.7234
22.0843
28.3782
26.9067
25.4081
23.9096
22.4111
25.8707
29.3673
26.332
23.235
25.1754
27.1735
23.3555
19.4593
24.6142
29.909
27.1526
24.2555
22.1422
20.0443
21.4669
22.9654
24.8543
26.7525
24.1701
21.4728
23.7329
26.1306
22.9016
19.505
23.3694
27.4654
26.827
26.0278
27.3499
28.7485
28.0302
27.231
24.4151
21.5179
23.5084
25.7062
26.7564
27.7554
25.9865
24.0884
23.0475
22.0485
21.7148
21.4151
25.8583
30.5537
28.1495
25.3522
25.2945
25.3944
27.0026
28.7009
25.1311
21.2349
19.4979
17.8995
19.6736
21.6717
23.1088
24.5074
27.2121
30.0094
27.8726
25.3751
28.3586
31.7552
28.4773
24.681
24.1225
23.8228
24.8154
25.9143
23.7892
21.3916
21.9353
22.7346
22.2496
21.6502
23.339
25.2372
23.9387
22.3402
22.8379
23.5373
24.3275
25.1267
24.3833
23.4842
23.9433
24.5427
25.9553
27.4538
24.174
20.3777
22.7888
25.8858
25.9307
25.631
23.4503
21.0526
20.6212
20.4214
21.916
23.6144
22.9991
22.1
22
22
21.7342
21.4345
22.9911
24.7894
24.7354
24.4357
23.6079
22.7088
22.3366
22.0369
23.3142
24.8127
21.6781
17.8818
17.6617
17.9614
19.3054
20.8039
22.6498
24.5479
25.0599
25.3596
22.8068
19.8098
21.0386
22.9367
20.3604
17.0637
17.0292
17.5288
20.4266
23.7234
23.6018
22.9025
22.2031
21.5038
22.4208
23.6196
21.8479
19.5502
19.708
20.3075
20.9914
21.6907
21.7157
21.6158
20.9273
20.1281
20.8389
21.8379
25.8501
30.4456
28.2774
24.7808
23.2836
22.1847
21.6675
21.2679
21.9462
22.8453
22.7518
22.4521
21.7398
20.9406
20.6353
20.4355
19.3323
18.0336
19.3568
21.2549
23.8887
26.686
25.406
23.2082
22.6373
22.4375
24.5911
27.2885
26.7476
25.4488
25.2
25.2
22.8636
19.9664
22.2933
25.8898
24.5155
21.918
23.5594
26.2567
24.1672
20.8704
22.8263
26.1231
25.1328
23.0348
24.1839
26.1819
27.548
28.7468
28.5272
27.9278
27.5642
27.2645
25.4749
23.2771
24.6772
27.0748
26.2736
24.5753
26.1456
28.6431
29.7434
30.4427
30.2903
29.8906
30.3406
31.04
31.8163
32.6155
33.3379
34.0372
31.9005
28.9034
28.3529
28.5527
30.4302
32.8278
31.4984
29.0009
30.3725
32.97
33.6757
33.7756
31.7622
29.0648
29.755
31.5533
34.1023
36.8996
36.4767
34.9781
35.7951
37.3935
37.8745
37.9744
37.0341
35.7354
37.2526
39.7502
41.1391
42.1381
41.8103
41.0111
41.9027
43.4013
42.9935
41.8945
43.1356
45.2336
46.9669
48.5653
50.9638
53.6612
54.4
54.4
55.1234
56.1224
57.6986
59.4969
64.0292
69.6238
72.2046
73.6032
77.578
82.5731
85.9268
88.6242
92.4602
96.756
98.7807
99.8796
102.819
106.515
111.341
116.635
124.675
133.866
136.881
137.28
142.299
149.293
158.17
167.861
175.254
181.648
189.916
199.007
209.967
221.755
226.849
228.947
238.684
251.871
258.882
263.078
273.501
286.788
293.32
296.716
305.828
317.617
326.963
335.155
340.979
345.675
356.508
370.294
377.086
380.483
387.568
396.459
403.01
408.405
409.4
408.201
417.039
430.926
434.805
433.606
438.024
445.316
447.339
446.639
447.976
450.374
456.308
464.101
469.085
472.582
474.06
474.46
470.251
463.558
463.335
466.632
468.703
470.102
467.834
463.539
463.411
465.608
470.044
475.738
475.251
471.255
467.83
464.733
464.297
465.396
465.674
465.474
467.351
470.448
468.588
463.793
465.878
472.072
473.465
471.966
469.224
465.728
458.699
449.508
448.718
453.113
455.046
455.446
457.564
460.761
456.493
447.502
447.476
453.171
451.996
446.401
442.261
439.064
436.35
433.953
428.786
421.792
415.279
409.085
405.583
403.885
403.379
403.678
399.403
392.01
388.171
386.772
383.307
378.412
374.458
371.162
370.914
372.812
373.892
374.392
369.649
361.157
358.471
359.969
358.112
353.816
354.595
359.09
360.828
360.528
362.061
364.958
364.431
361.334
356.474
350.28
348.223
349.322
350.252
351.051
351.062
350.463
349.751
348.952
347.761
346.263
345.099
344.199
342.135
339.138
337.247
336.248
333.761
330.064
327.851
326.852
324.266
320.37
317.128
314.43
314.341
316.439
312.041
302.15
296.521
294.523
294.567
296.366
293.505
286.612
281.159
276.963
273.83
271.633
271.394
272.893
275.658
279.554
277.93
271.337
267.833
267.134
267.687
269.385
269.212
267.314
264.432
260.636
260.451
263.648
263.812
261.115
259.544
259.044
256.301
251.406
252.455
259.248
262.195
261.396
261.202
261.601
260.042
256.546
253.249
250.152
246.657
242.76
241.991
244.389
244.71
242.912
238.947
232.753
230.434
232.132
229.727
223.034
218.87
217.372
214.952
211.556
212.31
217.504
217.028
210.434
207
207
206.762
206.262
204.338
200.842
197.014
192.818
190.977
191.776
190.981
188.383
184.151
178.057
174.893
175.093
172.653
167.159
161.526
155.731
152.049
150.85
149.423
147.724
144.797
140.401
136.867
134.369
131.42
127.924
125.685
124.986
124.242
123.443
122.599
121.7
121.156
121.056
119.455
115.958
115.494
118.891
119.4
116.203
114.836
115.835
114.969
111.672
111.699
116.095
119.288
120.886
121.5
120.801
122.146
126.242
129.956
133.153
136.308
139.405
142.754
146.45
151.986
160.078
168.794
178.385
188.514
199.403
212.394
228.378
243.583
257.67
275.879
300.055
322.363
341.944
364.233
390.507
412.879
429.463
451.372
481.242
509.719
536.093
562.943
590.516
613.039
627.824
645.083
666.162
690.874
721.244
747.223
766.304
787.048
810.425
830.032
843.619
866.354
903.817
933.969
952.251
969.472
984.957
1006.55
1038.22
1073.22
1113.78
1147.29
1168.97
1195.92
1231.78
1259.49
1273.28
1296.28
1335.14
1370.1
1398.27
1430.18
1468.64
1502.74
1529.11
1558.25
1592.32
1625.1
1655.57
1687.21
1720.98
1747.96
1762.54
1789.01
1837.36
1874.81
1891.99
1911.05
1933.63
1958.28
1986.85
2020.13
2062.39
2095.26
2110.04
2123.67
2135.06
2151.85
2179.23
2201.7
2214.48
2230.71
2253.79
2271.69
2279.18
2282.58
2277.69
2278.14
2289.53
2299.61
2307
2311.06
2308.16
2310.68
2324.56
2334.54
2336.24
2336.35
2333.05
2327.38
2316.59
2306.06
2296.07
2294.16
2310.05
2315.82
2299.13
2286.83
2284.33
2280.12
2272.02
2259.09
2235.12
2212.92
2194.84
2174.44
2148.67
2132.36
2138.25
2138.31
2124.52
2112.03
2102.64
2097.46
2102.46
2104.89
2101.1
2102.85
2118.23
2130.38
2134.47
2140.87
2153.06
2162.85
2166.54
2174.37
2192.75
2212.03
2233.6
2253.74
2270.13
2286.92
2304.81
2324.96
2351.13
2373.29
2384.68
2401.05
2430.92
2459.69
2485.47
2505.86
2511.35
2520.38
2539.26
2560.39
2587.86
2607.68
2605.68
2606.7
2616.39
2629.6
2653.08
2667.28
2654.19
2643.39
2639.4
2640.04
2654.63
2663.32
2654.13
2643.83
2630.15
2619.02
2615.82
2611.95
2605.95
2597.06
2578.98
2560.25
2539.47
2523.72
2524.22
2521.72
2509.43
2497.01
2484.12
2474.13
2473.83
2470.13
2454.95
2445.8
2457.29
2460.98
2437.7
2413.8
2387.72
2369.54
2379.23
2384.7
2375.11
2366.37
2360.67
2359.93
2377.31
2384.88
2356.11
2332.54
2328.44
2327.43
2338.12
2341.77
2318.39
2302.5
2315.69
2326.12
2325.72
2321
2299.13
2280.19
2273.09
2267.26
2266.56
2264.42
2256.33
2250.71
2255.4
2257
2245.51
2234.25
2223.96
2216.25
2219.75
2216.51
2183.64
2158.1
2165.19
2168.75
2156.37
2143.22
2126.64
2109.81
2091.83
2074.55
2060.56
2047.23
2037.04
2026.29
2012.8
1996.74
1968.07
1942.31
1931.02
1920.21
1911.82
1900.76
1876.08
1851.93
1830.45
1811.31
1804.52
1798
1792.9
1785.63
1766.54
1749.68
1744.98
1738.54
1722.36
1706.77
1694.58
1682.01
1667.23
1654.99
1657.69
1659.18
1653.48
1646.64
1632.85
1620.34
1615.65
1609.71
1596.02
1582.72
1571.83
1560.49
1546.31
1534.37
1537.17
1538.54
1530.45
1522.41
1514.72
1508.64
1513.74
1517.47
1511.57
1506.06
1503.26
1499.23
1486.25
1475.1
1477.59
1479.76
1479.46
1479.63
1483.43
1486.97
1488.47
1489.57
1487.47
1485.86
1488.26
1490.06
1486.86
1483.82
1482.12
1480.61
1480.71
1479.47
1466.28
1455.61
1467.79
1479.97
1492.06
1503.41
1507.7
1509.54
1487.46
1468.05
1475.14
1480.65
1470.06
1460.91
1466.81
1471.98
1469.38
1466.31
1458.02
1449.85
1443.16
1435.3
1413.92
1393.54
1385.05
1377.01
1374.51
1371.94
1368.45
1363.47
1339.29
1316.61
1313.91
1311.3
1309.91
1307.71
1294.23
1280.91
1270.02
1259.62
1256.72
1253.58
1246.59
1239.01
1221.93
1205.88
1207.28
1207.26
1182.38
1158.34
1149.55
1140.8
1132.91
1124.68
1109.8
1094.97
1081.28
1067.47
1050.99
1034.63
1021.25
1007.93
996.138
984.227
969.242
954.129
935.647
917.447
907.157
896.579
877.398
858.782
858.182
856.83
829.756
803.379
802.58
801.508
789.62
777.716
765.128
752.491
737.506
722.651
714.659
706.673
699.081
691.391
677.205
663.083
653.892
644.661
631.773
618.853
602.269
585.658
565.078
544.52
528.236
511.942
492.361
472.775
448.399
424.023
