-55.9768
-4.52719
46.9224
50.591
54.1875
56.6889
59.1864
55.5237
51.8273
52.395
52.9944
53.7917
54.591
52.8221
51.0238
54.4502
57.9467
58.787
59.5863
56.949
54.2516
50.5744
46.878
50.6139
54.5101
55.2832
55.9825
55.4156
54.8162
54.6056
54.4058
55.0791
55.7784
54.1541
52.4558
53.0763
53.7756
52.5465
51.2478
50.1415
49.0426
51.4008
53.8983
53.9042
53.8043
54.5651
55.3643
51.2004
46.8047
48.6002
50.6982
47.6632
44.3665
49.1326
54.3275
53.2747
51.8761
50.9498
50.0507
50.1885
50.3883
48.0481
45.5506
46.6204
47.9191
51.5599
55.3562
51.3931
46.8975
49.6786
52.9754
49.4762
45.4801
49.0089
53.1048
53.5854
53.7852
55.0026
56.3013
55.3846
54.2856
51.5286
48.6315
49.5949
50.8937
47.5145
43.7182
45.7797
48.3772
52.162
56.0582
51.2963
45.7018
44.4725
43.6732
46.9576
50.654
49.9134
48.7146
49.1421
49.7415
48.8082
47.7093
48.1398
48.7392
46.7353
44.4376
45.2748
46.4737
44.1869
41.4895
44.5888
48.3851
49.0669
49.3666
49.4888
49.5887
47.7396
45.6416
46.3723
47.4713
46.4534
45.1547
44.824
44.6242
45.5659
46.6648
48.5523
50.5503
48.8768
46.679
47.97
49.7682
49.1297
48.1307
48.6946
49.4938
50.2064
50.9057
48.9255
46.5278
46.0275
45.8277
45.9721
46.1719
46.0283
45.8285
46.3139
46.9133
49.1365
51.634
50.2094
48.1115
48.1403
48.5399
49.4487
50.4477
50.0919
49.4925
49.1465
48.8468
45.1757
40.8799
43.8158
48.1116
45.612
41.8158
44.8827
49.2784
47.3279
44.1311
43.6
43.6
44.0986
44.6981
44.6342
44.4344
45.1445
46.0436
45.1272
43.8285
44.5056
45.6045
47.5247
49.6227
49.0168
47.8179
48.9078
50.5063
49.8215
48.6226
47.5865
46.5875
46.5623
46.7621
47.6905
48.7894
51.1805
53.8779
51.2579
47.3618
49.4933
53.0898
55.2431
57.0413
55.7204
53.6225
53.5191
53.9187
53.2041
52.2051
52.9527
54.1515
54.5584
54.7582
53.457
51.7587
52.0304
52.8296
53
53
53.392
53.8916
54.5475
55.2468
55.556
55.7558
56.2669
56.8663
55.6803
53.982
59.0977
66.1908
63.3202
57.5259
58.7423
62.0391
62.1084
61.2093
61.4599
62.0593
61.1296
59.731
62.4503
66.4464
65.3463
62.6489
64.276
67.273
66.5622
64.6641
65.3321
66.8306
65.1674
62.4701
64.503
68.0995
69.674
70.5731
72.1444
73.9427
72.0161
68.8192
73.0524
79.8458
81.5259
81.426
80.2914
78.7928
79.2108
80.3098
80.453
80.2531
83.8661
88.8612
93.0519
96.9481
99.8962
102.494
103.2
103.2
107.19
112.684
114.851
115.75
124.73
136.818
140.632
141.231
148.073
157.364
160.143
160.343
168.964
180.952
192.086
202.875
209.194
213.689
222.431
232.921
238.894
242.99
253.35
266.337
282.834
300.816
311.379
318.772
329.445
341.534
355.431
370.117
383.761
396.949
417.264
440.741
457.938
472.324
488.224
504.808
519.676
533.762
554.554
578.431
598.623
617.105
632.117
645.504
659.365
673.451
688.891
704.975
720.182
734.968
752.04
770.222
789.41
809.091
814.396
812.598
818.333
827.824
838.444
849.633
855.454
858.551
863.697
869.891
881.355
895.541
898.823
896.426
900.381
907.674
913.399
918.295
924.947
932.54
930.202
922.51
917.276
913.38
918.838
929.428
935.387
938.783
941.09
942.788
937.391
928
923.134
920.836
924.574
931.767
933.83
932.931
930.074
926.078
923.97
922.971
920.655
917.558
916.337
916.237
909.715
899.325
899.192
905.286
906.67
905.172
901.635
896.84
899.556
906.949
909.247
908.348
908.428
909.127
907.143
903.447
898.048
891.555
885.122
878.728
871.428
863.536
857.992
853.996
844.839
832.251
823.432
817.138
811.261
805.667
800.667
796.071
786.797
774.309
771.974
776.67
771.01
758.123
757.843
766.434
762.928
750.84
740.499
731.408
729.051
731.549
732.426
732.127
731.712
731.212
731.115
731.315
729.052
724.956
726.738
732.932
729.628
719.138
714.94
715.539
719.471
725.965
722.89
712.4
710.044
714.04
710.993
702.401
701.329
706.224
702.405
691.616
684.145
679.35
675.546
672.549
663.456
649.37
645.079
648.876
650.273
649.673
645.977
639.683
632.198
623.707
616.132
609.339
604.158
600.361
597.047
594.15
590.612
586.516
577.849
565.161
562.272
568.066
565.312
554.923
549.842
549.542
546.991
542.395
545.209
554.8
555.293
547.401
541.943
538.746
538.232
540.23
544.695
551.488
551.37
544.676
540.788
539.589
537.323
534.026
537.006
546.097
546.163
537.372
533.1
533.3
528.798
519.607
513.605
510.807
508.01
505.213
502.267
499.17
494.448
488.055
481.71
475.416
471.614
470.415
465.567
456.876
449.056
442.163
436.476
432.081
432.54
438.234
436.796
427.605
421.846
419.848
418.705
418.505
419.109
420.608
418.575
412.581
406.586
400.592
392.777
382.887
371.787
359.3
349.312
342.219
337.293
334.896
328.366
316.977
309.474
306.577
300.63
291.039
283.76
279.265
271.7
260.411
253.93
253.331
253.447
254.446
252.327
246.333
242.29
240.692
238.564
235.766
234.991
236.789
233.774
224.583
221.099
224.995
228.327
230.925
232.486
232.686
233.96
236.658
240.082
244.478
249.896
256.689
264.372
273.264
281.986
290.478
297.626
302.921
314.653
335.332
354.015
369.9
388.476
410.854
438.548
473.814
510.351
548.713
589.198
632.756
671.722
703.991
742.526
790.279
835.86
878.218
923.7
973.85
1025.16
1078.2
1130.06
1180.11
1227.09
1269.35
1312.66
1357.62
1402.11
1445.86
1489.78
1533.93
1571.79
1599.66
1632.96
1674.92
1717.95
1762.7
1808.49
1855.94
1908.47
1969.31
2021.41
2059.07
2104.91
2164.35
2223.19
2281.04
2337.17
2390.42
2444.45
2499.79
2563.25
2640.67
2704.77
2745.73
2789.92
2839.77
2893.42
2953.76
3013.7
3072.95
3131.83
3190.07
3248.32
3306.56
3365.16
3424.4
3479.67
3527.62
3582.88
3651.71
3717.62
3778.07
3830.11
3866.27
3908.31
3961.56
4009.17
4045.94
4085.55
4130.71
4168.67
4192.55
4216.63
4241.1
4268.55
4301.92
4330.14
4348.02
4363.89
4375.68
4392.09
4417.97
4437.88
4445.47
4450.96
4452.05
4456.31
4467.2
4477.32
4485.81
4494.27
4502.66
4505.46
4496.17
4484.33
4466.95
4452.38
4443.98
4434.44
4422.36
4409.06
4393.08
4376.27
4357.59
4331.08
4286.72
4255.16
4253.07
4232.12
4167.39
4111.79
4077.62
4055.35
4061.24
4059.15
4037.97
4023.26
4024.16
4021.28
4009.19
4006.78
4028.16
4045.89
4054.59
4069.54
4100.21
4129.58
4155.66
4182.1
4209.47
4240.39
4280.45
4318.79
4352.66
4380.34
4391.72
4413.9
4464.75
4515.68
4566.83
4618.74
4672.68
4726.39
4779.44
4824.02
4845.2
4870.96
4909.53
4942.39
4959.17
4976.71
4996.39
5020.14
5055.6
5081.18
5077.98
5080.44
5099.52
5112.89
5109.3
5107.2
5109.6
5109.91
5103.92
5095.93
5081.85
5067.27
5051.19
5033.51
5010.83
4988.49
4967.21
4942.43
4906.47
4878.76
4877.76
4870.87
4844.69
4818.71
4793.33
4774.17
4775.77
4772.25
4751.47
4731.58
4714.69
4699.38
4689.49
4676.24
4651.27
4628.69
4614.61
4600.89
4588.5
4579.97
4585.36
4586.73
4573.34
4560.8
4551.41
4540.04
4521.26
4503.81
4491.43
4483.17
4490.76
4493.87
4479.59
4469.5
4475.89
4470.5
4418.25
4377.59
4383.59
4388.5
4389
4387.45
4377.46
4365.6
4345.92
4329.2
4325
4323.94
4336.33
4340.32
4307.85
4276.68
4251.21
4224.36
4191.39
4164.05
4162.16
4151.75
4102.4
4056.45
4026.28
3997.49
3975.21
3953.26
3932.88
3909.78
3873.52
3838.54
3809.87
3779.7
3742.14
3708.57
3695.08
3674.32
3616.37
3567.9
3568.5
3562.41
3521.15
3483.06
3461.88
3438.44
3402.78
3370.62
3357.73
3343.95
3325.16
3303.67
3266.81
3236.29
3242.28
3244.04
3221.07
3198.52
3178.54
3158.67
3139.49
3120.88
3105.8
3091.05
3078.36
3064.76
3045.38
3026.05
3007.07
2989.05
2977.36
2964.61
2944.73
2925.42
2910.04
2898.91
2917.19
2931.55
2918.26
2906.53
2905.93
2903.64
2889.05
2876.79
2881.79
2884.15
2866.57
2854.26
2882.74
2906.78
2895.99
2885.68
2879.19
2872.19
2861.1
2853.17
2871.66
2887.73
2883.23
2880.08
2888.67
2895.55
2887.16
2877.86
2860.28
2845.83
2860.62
2876.06
2897.74
2914.87
2887.7
2863.84
2873.03
2881.62
2884.12
2883.63
2851.86
2822.54
2819.55
2815.92
2805.33
2795.14
2789.44
2781.5
2747.54
2715.63
2708.23
2701.28
2699.68
2696.72
2676.64
2656.47
2635.09
2612.77
2577.91
2544.5
2531.21
2518.22
2509.32
2499.69
2479.21
2458.12
2427.65
2398.4
2388.41
2377.61
2353.53
2330.23
2320.04
2309.87
2299.98
2288.56
2249.3
2210.42
2178.85
2148.35
2138.96
2129.1
2109.62
2089.48
2055.01
2021.32
2005.13
1988.66
1965.18
1941.13
1902.77
1865.11
1846.03
1826.72
1801.25
1775.61
1745.14
1714.96
1693.88
1672.51
1641.24
1610.16
1586.19
1562.12
1534.55
1507.1
1484.92
1462.84
1445.56
1428.2
1406.92
1385.65
1364.67
1343.8
1330.31
1316.59
1284.82
1253.27
1241.38
1229.3
1195.94
1162.56
1127.49
1092.42
1055.25
1018.05
968.101
918.151
869.899
821.646
