-101.775
-46.929
7.91727
8.69826
9.39757
10.1964
10.9956
12.8878
14.786
13.015
11.2168
11.6948
12.1943
13.5828
14.9814
15
15
13.5243
12.0257
12.3927
12.7923
13.2899
13.7894
12.3331
10.8346
13.7279
16.725
13.2935
9.69704
11.7385
13.9364
14.8731
15.7722
13.6701
11.4722
14.1053
16.9026
13.9144
10.7176
11.0811
11.5806
12.2722
12.9715
11.9458
10.8469
12.7128
14.7108
14.2273
13.6279
13.4095
13.2097
11.6791
10.0807
10.9486
11.9476
12.3786
12.7782
13.3668
13.9662
13.8114
13.6116
12.377
11.0783
12.0326
13.1316
14.0431
14.9422
15
15
14.7201
14.4204
12.6312
10.733
12.1793
13.8776
15.6686
17.4669
13.1596
8.36433
9.01543
10.1143
11.3975
12.6962
13.3515
13.9509
15.651
17.4493
15.6779
13.5799
14.4046
15.5036
12.2279
8.53154
12.7471
17.7422
14.5702
10.5741
13.2787
16.6754
13.7472
10.1508
10.7016
11.7006
11.1702
10.4709
11.8363
13.4347
15.1227
16.821
14.4081
11.5109
10.7541
10.2546
10.6449
11.1444
11.3776
11.5774
12.3973
13.2964
10.8365
7.93934
12.3628
17.7575
15.1438
11.4474
12.0537
13.2525
15.0646
16.9628
15.4516
13.4536
12.7639
12.2644
12.7221
13.3216
16.0917
19.1887
19.0802
18.4808
16.7577
14.8595
15.2037
15.903
16.7744
17.6735
16.9415
15.9425
17.4274
19.3256
20.3691
21.2682
18.0747
14.1785
17.2579
21.5537
20.163
17.7654
18.4161
19.6149
20.9827
22.3813
22.3471
22.0474
21.5795
21.08
22.8456
25.0435
24.3956
23.1968
24.5865
26.4847
26.8833
26.9832
26.252
25.3529
27.8533
31.0501
30.7728
29.7738
28.9398
28.1406
27.6707
27.2711
29.9103
33.2071
31.5058
28.7085
32.5322
37.827
38.5554
38.2556
38.0373
37.8375
42.1011
47.3959
48.5619
48.7617
50.0114
51.5099
52.1222
52.5219
55.8148
59.8108
60.3595
60.0598
62.4793
65.5763
66.2798
66.3797
66.3204
66.2205
64.6122
62.6141
65.6054
69.9012
73.091
75.9881
76.206
75.7065
80.395
86.4891
83.3305
77.6361
81.7969
88.6901
89.4198
88.4208
89.6008
91.3991
97.3116
104.405
102.051
96.9559
98.9667
103.063
103.538
102.938
103.568
104.567
107.329
110.626
111.629
111.929
115.66
120.456
121.828
122.128
124.476
127.473
126.232
123.635
125.566
128.963
129.725
129.625
130.276
131.175
133.796
136.993
138.771
140.07
141.07
141.969
143.389
144.987
147.178
149.576
154.191
159.586
160.631
160.132
165.881
173.873
181.646
189.338
196.226
202.82
208.465
213.76
218.182
222.278
226.084
229.78
239.698
251.986
260.883
268.476
278.011
288.301
297.73
306.821
317.701
329.289
342.591
356.577
364.585
370.18
383.51
399.994
407.419
411.115
423.493
439.477
449.127
456.12
471.325
490.007
502.949
513.439
529.931
549.013
560.09
567.682
578.953
591.841
612.133
635.71
647.969
655.162
665.727
677.815
697.109
719.687
741.033
761.812
779.931
796.814
809.412
820.001
830.32
840.51
867.813
903.279
916.958
920.155
938.147
963.323
978.976
989.965
998.347
1005.44
1017.53
1032.12
1037.33
1037.83
1047.67
1062.26
1064.89
1061.39
1065.01
1072.3
1078.35
1083.74
1087.76
1091.06
1091.94
1091.54
1095.44
1101.63
1105.75
1108.74
1110.06
1110.46
1108.99
1106.49
1097.3
1084.41
1086.72
1097.51
1095.01
1085.02
1086.75
1095.14
1091.97
1082.18
1081.7
1086.6
1095.47
1106.66
1102.36
1088.98
1089.58
1098.47
1100.24
1097.74
1101.73
1109.62
1116.89
1123.78
1118.96
1106.97
1112.28
1128.27
1131.2
1126
1132.96
1147.55
1156.01
1160.61
1164.41
1167.71
1172.16
1177.36
1176.61
1172.02
1170.98
1172.28
1166.6
1156.31
1151.54
1150.44
1149.64
1149.04
1139.02
1122.64
1114.04
1110.74
1109.04
1108.44
1107.49
1106.29
1100.21
1090.72
1093.43
1104.71
1101.16
1087.07
1084.46
1090.06
1091.93
1091.14
1088.14
1083.54
1084.08
1088.37
1087.21
1082.02
1082.32
1086.71
1084.78
1078.08
1074.63
1073.63
1078.07
1086.67
1088.59
1085.39
1086.14
1089.93
1091.09
1090.2
1090.86
1092.76
1089.37
1081.77
1080.73
1084.93
1080.99
1070.5
1069.99
1077.58
1074.35
1062.27
1051.49
1041.8
1039.42
1043.11
1042.41
1038.01
1039.46
1045.86
1039.2
1021.42
1017.5
1025.49
1023.79
1013.7
1009.37
1010.07
1001.89
985.911
983.166
992.158
992.39
984.797
977.047
969.155
968.176
973.47
971.878
963.986
966.49
978.578
978.496
967.107
961.651
961.751
955.992
944.703
944.883
955.972
960.227
957.929
956.597
956.197
954.684
952.087
944.095
930.808
927.113
932.907
935.25
934.151
935.344
938.84
938.615
934.619
935.022
939.917
941.661
940.163
936.801
931.506
926.992
923.296
921.984
923.183
922.249
919.052
920.875
928.068
926.224
914.636
911.855
918.648
919.292
913.198
910.665
912.063
912.942
913.241
916.272
922.366
918.097
902.113
890.611
884.218
877.312
869.82
859.225
845.039
833.066
823.675
813.458
802.269
790.714
778.726
768.649
760.857
748.668
731.185
719.434
714.638
710.023
705.627
700.516
694.521
685.766
673.578
662.055
651.365
643.016
637.621
638.776
648.266
648.786
637.797
633.952
639.347
644.221
648.417
649.591
646.794
646.704
650.201
657.462
669.75
680.121
687.914
697.02
707.91
719.516
732.104
749.059
772.037
796.143
821.818
847.701
873.875
898.89
922.267
945.191
967.469
996.105
1033.87
1067.43
1094.9
1124.81
1158.28
1187.82
1211.6
1235.42
1259.29
1287.81
1323.28
1352.85
1373.53
1396.9
1424.38
1446.6
1460.79
1474.58
1487.77
1508.69
1541.66
1561.14
1559.44
1571.66
1605.93
1627.08
1627.28
1640.83
1675.9
1704.53
1722.71
1737.86
1748.05
1766.05
1796.91
1827.26
1856.73
1894.33
1945.58
1987.48
2013.56
2036.38
2053.67
2079.61
2120.47
2159
2193.46
2223.24
2244.82
2276.84
2327.29
2372.32
2407.68
2438.69
2461.87
2489.66
2525.83
2557.19
2579.76
2610.64
2656.79
2697.63
2728.6
2761.28
2797.14
2831.93
2864.7
2896.47
2926.34
2950.24
2962.62
2980.82
3010.29
3036.89
3057.87
3085
3124.26
3148.66
3143.47
3151.91
3187.78
3201.44
3170.07
3157.03
3181.51
3198.06
3198.26
3201.09
3209.38
3215.35
3216.45
3213.58
3202.29
3195.78
3199.47
3205.57
3216.86
3219.35
3202.67
3193.26
3199.85
3197.17
3173.89
3156.5
3152.31
3137.69
3099.53
3063.32
3031.55
3000.08
2969.31
2950.05
2957.55
2953.07
2920.5
2893.15
2878.16
2864.92
2855.83
2844.48
2827.7
2818.82
2829.21
2834.49
2827.2
2828.22
2849.9
2862.92
2854.23
2854.03
2875.3
2895.71
2913.89
2931.07
2945.66
2961.6
2981.08
3003.18
3032.15
3059.43
3082.2
3101.62
3112.01
3133.73
3186.18
3223.56
3219.66
3227.07
3265.73
3292.43
3285.74
3292.46
3337.01
3367.82
3359.43
3360.67
3389.64
3402.28
3367.42
3347.03
3369.21
3383.06
3372.17
3366.3
3375.49
3377
3355.22
3338.7
3338.3
3337.66
3336.26
3332.61
3321.92
3307.97
3283.69
3261.39
3245.41
3230.27
3217.89
3209.85
3216.04
3212.35
3175.99
3142.68
3119.61
3100.77
3096.28
3089.54
3075.16
3061.64
3051.16
3039.35
3022.97
3009.1
3004.1
2996.16
2977.68
2963.37
2964.17
2962.53
2951.94
2943.07
2940.57
2934.85
2917.07
2903.48
2905.78
2903.57
2884.09
2871.77
2887.26
2897.27
2885.78
2873.79
2859.8
2847.92
2844.53
2841.21
2838.21
2832.56
2815.98
2799.22
2781.74
2768.73
2774.62
2773.45
2741.98
2717.97
2726.36
2727.89
2699.22
2672.72
2655.94
2642
2640.9
2637.56
2623.98
2609.36
2589.98
2566.24
2521.98
2485.59
2486.69
2484.02
2463.14
2442.83
2425.35
2404.64
2367.87
2336.49
2332.19
2323.19
2290.12
2258.12
2231.64
2208.27
2201.17
2192.25
2173.57
2155.64
2141.75
2128.32
2117.43
2103.89
2075.52
2050.96
2048.07
2042.79
2023.81
2006.53
1999.24
1989.75
1967.17
1948.51
1953.5
1954.66
1932.28
1911.08
1897.19
1884.6
1880.2
1874.23
1858.04
1844.18
1845.58
1845.85
1838.56
1831.57
1826.68
1820.34
1804.06
1789.46
1786.77
1785.62
1795.61
1803.09
1792.2
1782.13
1778.13
1775.44
1782.63
1788.53
1784.43
1780.95
1782.24
1782.19
1771.3
1761.34
1758.94
1756.25
1751.16
1747.7
1758.19
1767.57
1767.27
1765.75
1753.36
1742.68
1747.58
1751.47
1745.97
1742.99
1763.97
1782.92
1782.13
1780.01
1764.83
1751.2
1753.39
1755.41
1755.51
1754.7
1744.11
1734.56
1736.46
1737.35
1726.86
1715.52
1694.34
1673.93
1662.74
1651.95
1646.06
1639.6
1626.01
1612.45
1599.16
1586.27
1578.68
1571.2
1565.31
1557.62
1524.45
1493.43
1493.93
1493.34
1476.15
1459.31
1447.72
1435.91
1420.52
1405.76
1401.46
1396.92
1388.13
1379.07
1365.09
1351.22
1339.74
1327.88
1308.8
1290.14
1280.25
1270.26
1258.07
1246.06
1237.97
1228.97
1198.4
1168.47
1154.69
1141.16
1134.67
1128.04
1117.45
1106.55
1086.57
1066.25
1034.98
1004.47
999.874
995.215
988.222
980.827
957.45
934.25
918.766
903.423
894.831
886.096
869.812
853.532
837.447
821.531
816.835
811.936
791.256
770.785
769.386
767.809
746.23
724.719
713.031
701.254
671.683
642.123
616.048
589.977
567.099
544.222
