1275.774632
1337.651339
1404.704171
1484.752564
1581.199390
1670.691299
1761.262356
1871.427812
1993.303045
2111.245880
2241.496992
2386.868945
2546.172500
2732.529718
2913.298045
3084.024294
3307.273947
3508.257105
3701.884474
3872.752218
4093.621959
4293.365188
4464.888588
4671.847970
4829.162429
5008.419925
5154.792444
5342.408665
5571.633158
5798.980603
6020.707274
6229.623861
6448.178158
6705.774237
6934.390752
7156.310827
7392.581017
7645.497086
7854.380603
8043.532857
8262.817966
8432.466541
8573.464286
8711.046165
8856.416654
8952.613522
9018.912707
9138.487778
9257.373421
9373.773202
9655.447594
9894.367876
10103.669718
10383.629624
10771.660904
11135.034774
11504.868362
11921.330526
12294.041278
12658.785047
13029.582143
13447.220847
13872.200733
14316.821053
14808.452632
15286.862486
15806.171053
16272.938872
16737.357476
17222.104041
17705.261073
18077.246391
18421.412260
18777.436898
19087.740263
19410.174662
19716.511165
20068.250038
20478.258045
20915.563684
21322.114915
21685.321316
22131.565752
22654.726504
23194.085499
23682.634586
24241.686278
24705.340977
25223.142857
25760.403008
26257.935338
26711.744068
27132.249624
27422.268173
27632.147932
27876.534586
28070.996234
28191.256579
28370.142857
28446.879699
28432.220904
28451.200000
28472.740977
28449.953008
28360.885714
28354.615066
28268.558647
28250.014286
28311.770301
28364.789266
28447.830451
28576.764474
28796.889474
29081.773684
29320.576692
29657.290226
30151.421469
30536.866917
31144.583051
31758.003383
32419.520301
33246.567232
34012.161842
34772.934398
35464.642481
36159.838418
36687.768797
37020.875940
37160.068421
37264.428947
37375.051789
37360.913534
37510.052919
37540.668609
37724.031262
38023.306015
38148.109211
38442.670056
38768.549624
38917.998684
39060.189474
39169.150847
39249.570677
39337.049248
39477.249906
39697.334211
39950.196610
40214.037406
40508.259322
40714.372180
40952.771617
41201.060902
41235.533083
41294.191525
41397.816541
41474.320301
41564.440602
41669.964407
41824.965977
42011.232707
42166.563089
42312.155263
42546.926554
42768.957143
42924.508271
43259.268797
43360.685714
43618.547744
43789.130451
43914.442373
44078.333835
44141.931391
44149.664850
44064.228060
44128.088722
44137.356579
44151.132203
44359.689474
44613.748776
44815.927444
45111.253008
45405.972932
45661.968233
46097.310714
46569.418045
47099.672881
47518.872556
48216.325188
48803.479699
49519.125752
50389.545677
51053.806767
51975.457895
52809.586842
53518.492655
54249.695489
54884.418045
55550.480451
56127.816949
56695.255639
57128.050752
57518.244444
57774.892105
57849.167797
57870.481391
57951.186466
57965.682109
57912.083835
57823.488158
57832.410526
57881.624482
57914.082331
57815.931579
57640.924060
57739.706579
57749.497368
57666.921429
57746.973070
57856.738158
58013.219397
58360.130075
58918.099436
59215.296610
59480.643985
59840.671053
60194.375000
60198.319774
60012.800752
59729.807143
59175.613158
58556.760526
57987.283051
57296.515789
56328.808475
55444.703759
54391.171186
53420.521617
52257.569925
51091.776271
49884.967857
48739.517105
47833.021053
46861.788136
45823.151504
44880.801128
44122.432203
43520.612782
42950.300753
42638.156391
42454.888889
42395.242481
42373.468797
42472.486466
42573.217857
42670.134087
42786.024812
42866.059023
42911.877632
42929.446328
42887.628571
43008.163158
43275.230508
43457.590226
43633.866102
43846.959774
44069.772505
44338.723684
44401.487970
44638.141541
44787.891729
44823.956497
44952.635338
45115.017326
45063.610526
44956.189454
44944.388158
44890.219549
44672.442105
44422.786466
44273.202825
44142.866165
43981.636466
43666.020113
43472.158647
43370.242857
43011.950000
42759.198117
42334.907143
41656.880827
41099.793421
40464.900000
39848.589474
39231.586842
38700.200942
38281.930827
37944.073635
37805.646617
37756.478195
37817.396610
38009.393233
38222.885902
38566.319549
39032.945009
39570.967481
40111.350376
40802.163158
41420.525000
42217.437594
42983.862782
43652.702260
44372.075564
45056.677213
45606.519549
46151.470489
46687.687382
46931.881203
47335.076692
47428.615038
47480.213559
47422.248872
47270.528947
47073.361842
46819.363158
46571.931827
46267.384586
45909.777401
45554.554887
45133.383051
44695.751128
44379.858647
44040.453672
43723.074436
43453.843045
43196.284962
42996.368738
42756.923684
42513.166165
42279.250000
42080.496053
41996.998305
41899.281203
41642.030132
41423.367105
41296.967420
41197.377068
41124.128571
40935.840678
40702.072932
40679.402448
40342.585714
40080.534087
40004.955263
39728.133898
39393.388158
39086.621053
38741.272316
38385.799436
37980.150471
37512.291353
36983.508475
36465.775940
35987.201504
35430.822556
34816.833835
34286.357062
33776.619925
33236.911864
32738.988910
32279.560075
31817.663158
31357.089474
30947.815631
30584.288722
30239.611864
29849.511466
29498.500000
29196.526316
28878.440602
28547.487030
28240.552632
28036.669492
27759.391917
27473.887970
27167.404511
26793.793785
26606.936842
26538.573684
26447.186629
26370.948120
26285.899623
26233.711278
26277.256309
26314.882519
26295.219549
26250.524436
26203.309586
26208.464030
26133.619549
26162.313910
26130.978908
26017.944737
26052.536842
26057.164474
26070.176271
26092.290977
26097.349624
26052.227256
25982.506015
25874.521429
25671.533271
25430.260264
25200.571429
24900.136723
24561.926692
24197.778571
23921.903578
23623.582895
23302.638158
22920.105263
22619.489190
22333.512218
22104.163647
21826.898722
21470.351541
21139.021299
20849.918271
20540.919529
20207.529154
19843.953729
19433.213045
19069.233929
18572.605763
18090.085789
17792.965789
17299.842237
16833.458738
16368.700977
15894.301767
15447.607669
15013.222632
14604.759831
14195.012632
13796.791299
13427.628045
13054.723616
12680.098252
12331.434361
12027.190414
11700.622199
11351.910565
