1.22037
46.3761
91.5319
99.0813
106.574
105.007
103.409
101.909
100.411
105.755
111.149
109.122
107.024
106.21
105.41
106.583
107.782
107.406
107.007
102.974
98.8784
103.895
109.09
113.112
117.108
110.758
104.165
104
104
100.5
96.9041
98.2551
99.7537
106.383
113.177
113.11
112.81
108.268
103.573
102.823
102.223
102.872
103.571
104.271
104.97
106.435
107.933
107.714
107.414
102.637
97.6424
103.198
109.292
108.651
107.652
109.872
112.269
112.778
113.177
108.863
104.268
107.669
111.565
111.612
111.412
107.465
103.269
105.524
108.221
110.266
112.264
109.886
107.189
107.371
107.771
106.873
105.874
105.06
104.261
103.369
102.47
104.887
107.584
107.065
106.265
103.998
101.601
104.878
108.674
106.169
103.072
105.625
108.722
109.727
110.527
108.059
105.262
108.26
111.856
107.321
101.926
101.851
102.35
103.839
105.438
108.024
110.721
111.806
112.705
114.677
116.775
112.719
107.924
114.697
122.889
123.445
123.045
124.506
126.204
126.311
126.212
130.61
135.605
139.368
142.965
146.122
149.219
147.848
145.85
153.118
161.709
162.974
163.174
167.29
171.985
173.816
175.214
184.67
195.359
198.269
199.968
203.046
206.343
211.274
216.469
223.896
231.689
237.768
243.562
248.844
254.039
262.9
272.391
279.755
286.748
293.911
301.104
312.192
323.98
336.613
349.401
363.116
377.002
382.395
386.192
399.048
413.634
422.947
431.239
439.197
447.089
457.48
468.37
483.248
498.933
511.881
524.269
540.297
557.08
568.665
579.155
597.63
617.81
635.855
653.438
670.693
687.876
717.647
750.215
770.307
787.59
809.754
833.031
871.078
912.538
935.296
953.678
986.193
1022.06
1063.16
1105.52
1131.96
1154.54
1184.49
1216.26
1240.27
1262.35
1302.54
1347.3
1366.19
1378.48
1409.5
1445.37
1467.93
1487.01
1514.54
1544.31
1568.96
1592.24
1632.34
1676.99
1709.1
1737.78
1765.2
1792.27
1833.85
1879.51
1909.21
1934.39
1967.87
2003.73
2048.27
2095.32
2127.47
2155.24
2197.58
2244.23
2291.73
2339.48
2362.25
2377.43
2399.65
2424.03
2456.57
2491.63
2519.09
2544.17
2565.9
2586.58
2591.98
2592.48
2606.56
2625.04
2649.4
2675.67
2690.46
2701.45
2718.35
2737.23
2758.73
2781.11
2826.95
2880.8
2910.13
2931.01
2978.86
3036.1
3083.44
3127.3
3178.38
3232.03
3289.79
3349.04
3418.4
3491.43
3545
3591.46
3665.11
3748.83
3810.22
3863.27
3930.24
4002.47
4072.68
4142.11
4201.37
4256.71
4326.74
4402.46
4495.84
4596.14
4671.54
4737.08
4829.66
4933.06
4990.27
5028.83
5091.95
5165.08
5223.7
5276.35
5329.07
5381.81
5441.11
5503.15
5559.43
5613.28
5672.72
5734.56
5755.08
5757.78
5816.93
5900.64
5978.39
6053.52
6122.07
6187.71
6263.69
6344.31
6410.41
6469.96
6511.52
6544.89
6630.46
6740.06
6835.25
6923.77
7015.68
7109.19
7191.71
7269.03
7349.6
7431.72
7508.31
7582.24
7659.8
7739.12
7814.15
7887.08
7959.14
8030.77
8087.46
8136.72
8181.45
8223.91
8248.07
8262.96
8295.49
8337.05
8380.12
8423.98
8469.08
8514.84
8508.14
8473.87
8466.57
8473.56
8485.7
8500.58
8486.26
8456.19
8420.36
8381.4
8376.18
8389.47
8386.35
8374.16
8367.81
8364.71
8356.31
8344.92
8362.02
8395.29
8408.16
8409.36
8451.54
8517.37
8552.77
8570.46
8590.53
8612.01
8662.48
8730.11
8797.25
8864.08
8910.53
8944.69
9029.64
9145.43
9251.24
9350.94
9458
9569.59
9677.98
9784.37
9915.87
10063.1
10203.2
10338.6
10459.8
10571.9
10678
10780.3
10870.5
10952.8
11018.9
11074.4
11100.8
11108.1
11115.7
11123.5
11122.3
11115.1
11120.4
11134
11172.9
11229
11258.2
11269.1
11285.6
11306
11335.2
11370.6
11414.5
11464.3
11518.1
11574.8
11608.2
11625
11665.4
11723
11740.9
11730
11750.6
11794.4
11812.8
11812.4
11845
11902.2
11949.4
11989.1
12030.5
12073.1
12115.1
12156.4
12179.9
12189.6
12221.2
12269.9
12305.9
12332.2
12375
12430.7
12477.1
12516.1
12511.4
12471.8
12465.3
12485.2
12507.3
12531.1
12548.4
12560.5
12594.9
12647.6
12673.1
12675.9
12707.3
12762.8
12804.2
12833.8
12854.2
12866.8
12895.3
12937.4
12983.9
13034
13065
13079.2
13104
13138.1
13174.4
13212.4
13262
13322
13336.6
13310.4
13314.6
13346.4
13353.3
13337.4
13300.8
13245.2
13236.5
13271.5
13275.1
13249.5
13235.7
13233.2
13252.7
13293
13322.6
13341.9
13374.6
13420.3
13480.1
13553.9
13607.9
13642.7
13692.7
13757.7
13832
13915.5
14003.1
14094.7
14145.2
14153.9
14205.6
14301
14391.8
14477.8
14589.9
14728.9
14887.4
15066.3
15210.4
15318.1
15444.6
15590.9
15733.4
15871.6
15982
16062.4
16168.2
16301.9
16430.7
16554.2
16663.4
16756.8
16857.2
16965.4
17051.5
17113
17172.6
17230.1
17280.6
17322.9
17346
17346.8
17342.7
17333
17341.8
17372.2
17376.3
17349.7
17321.1
17290.2
17289
17323.4
17334.1
17316.2
17286.6
17242.9
17230.2
17255.4
17281.6
17309
17315.6
17296.5
17283.7
17278.9
17281.3
17292.8
17320.3
17368.2
17376
17332.1
17328.7
17377.5
17426.7
17476.3
17529.9
17588.9
17650.7
17716.2
17783.5
17853.3
17922.3
17990.3
18033.7
18043.9
18044.1
18030.5
18028.5
18042.5
18015.4
17931.3
17865.5
17825.6
17735.4
17574.1
17438.5
17339.3
17238.6
17135.8
17018.7
16880.9
16730.4
16561.3
16395.8
16235.8
16073.1
15906.4
15729.3
15536.4
15361.5
15213.8
15051.6
14867.3
14700.2
14559.6
14392.3
14184
13999.8
13853.2
13712.5
13581.3
13466.3
13377
13284.6
13187
13087.2
12983.9
12906.2
12870.2
12847.6
12847.2
12833.9
12799.2
12785.8
12807.8
12833.1
12863.8
12883.5
12884.4
12896.1
12926
12964.7
13018.5
13047.1
13032
13010.4
12977.6
12963.1
12980.9
13000.9
13024.7
13044.1
13055.5
13068.2
13083.4
13118.7
13190.8
13261
13327.4
13368.5
13362.5
13368.5
13396.8
13421.2
13438.1
13459.8
13490.7
13523.1
13558.3
13594.2
13631.1
13661.9
13680.5
13682.2
13650.7
13638.5
13664.6
13683.4
13687.6
13683.3
13662
13629.9
13575.9
13541.3
13546.6
13528.7
13462.5
13408
13378.1
13344.4
13302.6
13268.7
13251.4
13235
13220.5
13190.3
13125.6
13068.1
13026.2
12978.5
12917.7
12846.5
12752.3
12663.3
12585.9
12507.2
12425
12328.1
12197.2
12090.2
12038.9
11969.7
11858.2
11760.5
11695.6
11640.7
11609.7
11583.1
11567
11545.9
11512.5
11498.7
11533
11575.5
11638.8
11682.7
11678
11696.2
11772.5
11847.3
11917.9
12004.4
12131.7
12250.6
12347.4
12451.2
12573
12681.1
12752.4
12845.9
12999
13141.6
13255.9
13366.1
13465.2
13563.2
13658.4
13765.6
13906.8
14035.2
14127.7
14203.9
14233.6
14265.2
14302.5
14335.4
14355.8
14376.2
14396.8
14399
14346.7
14315.3
14347.1
14360.4
14317.5
14283.8
14278.2
14257.4
14189.4
14122.9
14061.5
14007.7
13978
13929.6
13821.1
13731.6
13703.6
13668.7
13611.2
13557.3
13515.4
13461.8
13368.9
13294.6
13283.4
13262.4
13207.8
13157.5
13122.2
13084.7
13039.3
12996.5
12962.8
12926.8
12883.1
12843.7
12820.2
12796
12769.1
12739.8
12701.3
12668.7
12657.8
12654
12676.8
12682.9
12624.3
12574.8
12560.2
12535.9
12473.5
12423.6
12423.8
12415.2
12370.8
12331.9
12315.2
12293.5
12251.1
12212
12187.2
12160.3
12124.4
12085.9
12036.7
11993.1
11973.3
11940.5
11850.5
11763.3
11688.5
11619.6
11577.9
11532.4
11469.8
11404.5
11326.2
11247.5
11167.1
11080.9
10967.5
10862.5
10797.8
10730.9
10653.6
10570.5
10458.7
10356.1
10299.8
10241.1
10169.7
10093.5
9992.58
9897.07
9829.94
9761.73
9687.81
9618.94
9577.48
9528.06
9434.85
9351.23
9321.16
9283.65
9203.92
9134.02
9120.63
9097.76
9019.44
8942.3
8872.16
8806.25
8765.79
8724.04
8674.39
8626.67
8591.01
8552.35
8494.7
8439.38
8399.02
8360.95
8337.87
8310.45
8254.11
8204.01
8196.32
8189.11
8185.21
8179.14
8157.76
8136.4
8115.23
8099.45
8123.13
8141.31
8118.63
8098.67
8099.27
8099.43
8096.24
8094.8
8107.18
8122.99
8166.25
8203.24
8188.96
8172.76
8140.59
8111.48
8108.49
8107.96
8128.94
8144.57
8112.6
8085.83
8106.31
8125.32
8130.72
8136.7
8148.29
8159.65
8168.85
8177.04
8175.35
8174.66
8184.35
8191.51
8172.13
8149.72
8094.88
8039.66
7980.42
7922.44
7878.68
7834.9
7790.84
7747.79
7716.62
7682.84
7617.1
7552.77
7506.11
7458.55
7399.1
7339.86
7283.21
7227.32
7181.76
7134.68
7065.85
6998.49
6952.83
6907.02
6858.77
6810.51
6762.15
6715.09
6689.02
6661.25
6604.91
6550.1
6522.22
6492.05
6419.82
6348.63
6297.18
6244.7
6171.77
6098.9
6027.37
5955.94
5886.71
5816.14
5715.14
5616.78
5581.41
5544.51
5469.09
5393.36
5309.54
5226.96
5179.31
5130.42
5044.5
4959.14
4891.3
4823.18
4745.26
4667.47
4594.64
4521.61
4440.39
4359.88
4310.13
4259.86
4185.23
4111.26
4071.6
4031.63
3973.28
3914.96
3857.91
3801.05
3757.69
3714.23
3661.88
3609.26
3525.84
3442.36
3349.65
3256.87
3150.08
3043.19
2904.32
2765.46
2627.5
2489.53
