-115.775
-60.829
-5.88288
.384587
6.57852
6.20178
5.80217
5.99872
6.19852
5.60501
5.0056
5.69278
6.39209
4.52332
2.62518
3.19146
3.79087
4.39028
4.9897
5.29455
5.59426
1.77841
-2.11777
2.29851
6.894
5.92642
4.8275
4.31299
3.81348
3.8972
3.99711
4
4
4
4
5.93238
7.93042
4.72161
1.32494
-.532095
-2.33033
.865075
4.26175
6.70006
9.09771
7.09592
4.89807
3.941
3.04188
4.61922
6.31756
4.68905
2.89081
4.98171
7.27946
5.31745
3.11961
5.36163
7.85919
6.30314
4.50491
3.17704
1.87831
2.92654
4.12536
3.45054
2.65132
2.88046
3.18016
3.2
3.2
3.29309
3.39299
3.86449
4.36401
4.67811
4.97782
3.88991
2.69108
3.24618
3.9455
3.81577
3.61596
6.08185
8.7792
6.24826
3.2512
4.2814
5.68003
4.43
2.93147
2.0709
1.27168
3.8373
6.73446
6.36478
5.66546
4.3323
2.93367
3.61318
4.5123
4.05905
3.45964
4.92936
6.6277
7.42837
8.12768
6.13987
3.84212
4.40438
5.30349
5.75672
6.15632
5.93305
5.63334
6.84303
8.24166
7.07112
5.57259
5.75358
6.15319
7.082
8.08103
6.96793
5.5693
4.69753
3.89831
5.1142
6.61273
7.76159
8.86051
7.34279
5.44465
5.5481
5.94771
8.43124
11.2285
11.4267
11.2269
8.9526
6.35514
4.70636
3.20783
5.49536
8.39252
10.0878
11.5863
9.31599
6.41883
9.24747
13.0437
11.2979
8.60052
9.73122
11.5295
11.7151
11.6152
13.2935
15.2916
14.2483
12.6499
12.5686
12.7684
14.0613
15.5599
14.2899
12.4917
13.3718
14.7704
16.2525
17.751
16.0839
13.7862
14.8129
16.5112
16.8
16.8
18.9507
21.5481
21.4223
20.723
18.7065
16.4087
19.6959
24.1915
23.9348
22.6361
23.6261
25.1246
25.8893
26.4887
23.8341
20.4375
23.0461
27.0422
31.2002
35.3961
35.5539
34.7547
35.6473
36.9461
35.7533
33.9551
36.6466
40.4429
41.7598
42.4591
41.7224
40.6235
41.6734
43.2718
43.8382
44.1379
46.4966
49.3938
50.316
50.7156
48.6723
45.9749
46.2647
47.3636
50.4228
54.0193
54.4089
53.9094
55.9846
58.7818
58.6996
57.8005
61.7919
67.1866
64.1412
58.6466
61.3391
66.4341
67.9082
68.3078
69.0916
69.9907
70.2766
70.3765
68.4886
65.9911
68.1453
71.7418
75.7185
79.8145
79.2827
77.2846
76.2703
75.571
74.7207
73.8216
73.9764
74.4759
75.5761
76.8748
79.4466
82.4437
80.8098
77.613
77.098
77.4976
77.1542
76.5548
80.3275
85.6223
89.3651
92.5619
92.5891
91.4902
91.7146
92.4139
94.7263
97.6235
98.2537
98.0539
100.552
104.049
105.727
106.726
106.855
106.655
108.625
111.423
113.859
116.157
122.052
129.345
129.391
126.593
128.233
131.63
132.6
132.6
132.244
131.745
136.994
144.586
147.649
148.848
147.082
144.085
144.256
145.754
147.884
150.282
152.82
155.417
154.664
152.467
154.375
158.072
160.31
161.909
162.538
162.738
166.044
170.739
171.512
170.513
172.121
174.919
177.579
180.176
178.612
175.115
175.633
178.03
182.26
187.355
189.676
190.675
191.27
191.669
196.844
204.336
206.062
204.963
205.87
207.768
206.733
204.236
205.593
208.89
207.747
204.35
204.588
206.685
207.795
208.395
209.52
210.918
212.448
214.046
210.552
204.358
201.809
201.21
202.558
204.955
202.953
198.557
197.451
198.151
197.307
195.608
198.398
203.693
202.532
197.736
199.186
204.181
205.555
204.856
203.65
202.151
203.178
205.676
205.53
203.831
201.129
197.832
200.541
206.835
209.512
210.011
210.324
210.524
213.326
217.722
220.512
222.31
221.953
220.255
222.362
226.858
230.986
234.882
237.437
239.135
240.651
242.05
244.418
247.415
247.271
245.073
245.705
248.203
249.2
249.2
249.499
249.998
252.942
257.538
256.488
251.593
252.561
257.556
253.874
244.184
242.2
245.597
246.824
246.524
247.744
250.042
248.088
243.092
243.206
247.002
250.278
253.175
254.169
253.77
254.634
256.432
255.825
253.428
252.057
251.458
251.257
251.357
252.193
253.592
254.087
253.887
253.575
253.175
253.561
254.56
253.602
251.105
252.729
257.624
260.41
261.509
261.004
259.206
256.03
251.734
250.788
252.587
252.579
251.081
249.8
248.701
252.492
260.384
263.025
261.227
258.188
254.092
250.803
248.205
249.142
253.138
254.2
252.701
249.555
244.959
244.654
248.15
252.333
257.128
258.822
257.723
256.048
253.85
254.261
257.058
258.92
259.919
256.205
248.113
245.644
248.442
248.875
247.077
245.125
243.027
240.062
236.266
235.975
239.072
242.169
245.266
247.909
250.107
250.647
249.549
247.049
243.153
245.236
253.328
255.266
250.97
250.085
252.683
255.182
257.579
260.516
264.013
264.139
260.742
259.778
261.377
265.543
272.437
276.676
278.074
277.742
275.545
274.448
274.548
276.03
279.027
281.834
284.432
285.091
283.592
282.941
283.241
284.9
288.097
289.987
290.386
290.693
290.893
289.379
285.883
284.23
284.73
284.587
283.688
280.365
274.172
272.939
277.635
279.837
279.038
277.111
273.814
271.146
269.248
269.453
272.25
272.865
270.767
270.265
271.764
271.143
267.846
266.176
266.575
266.012
264.214
265.509
270.804
271.198
265.204
263.44
267.237
272.021
278.115
278.563
271.469
268.976
272.672
275.266
276.365
275.608
272.311
272.248
276.643
277.152
272.256
267.902
264.306
258.929
251.036
249.038
255.431
257.19
252.295
248.91
247.711
247.487
248.686
246.368
238.875
232.992
229.495
227.04
226.14
224.604
222.106
218.419
212.925
211.415
216.01
215.306
206.415
200.453
199.054
196.412
191.817
189.193
189.693
190.462
191.66
189.95
183.556
180.704
183.601
185.097
184.298
182.556
179.259
177.95
179.948
179.671
175.575
174.224
177.521
180.338
182.336
182.021
177.726
175.036
175.136
175.636
176.835
179.298
183.993
185.922
182.925
180.75
180.05
179.067
177.568
176.671
176.87
177.281
178.08
178.425
177.926
177.669
177.869
177.62
176.521
176.487
178.485
180.552
182.749
184.234
184.334
184.062
183.063
182.333
182.133
181.8
181.2
181.497
183.595
183.68
179.684
177.459
178.858
178.692
175.295
174.134
177.631
177.616
170.224
167.089
172.983
176.141
173.443
173.371
178.965
181.7
178.203
173.676
166.883
164.838
173.329
177.257
170.963
166.845
167.644
165.521
156.729
152.566
159.06
163.059
161.261
158.537
153.642
149.992
149.293
149.478
151.775
153.019
151.721
151.236
152.735
153.049
150.452
148.571
148.471
149.767
154.563
156.359
150.565
147.636
152.032
155.256
155.456
155.738
156.238
156.6
156.6
158.321
164.614
169.932
172.629
174.035
171.937
170.801
172.299
172.684
169.986
170.238
178.73
183.824
179.328
176.415
178.013
181.054
188.247
191.07
181.18
173.622
172.923
173.004
175.401
177.3
177.699
178.272
179.371
179.708
177.71
177.004
180.301
181.688
177.092
173.792
174.591
174.296
170.5
167.506
167.106
166.262
163.964
162.803
165.401
167.009
165.31
163.133
159.337
156.106
154.807
154.674
158.57
161.089
158.791
157.176
157.975
158.098
155.8
154.498
156.795
158.493
157.993
156.835
153.239
150.189
149.19
148.588
149.487
149.952
148.753
148.086
149.485
151.066
153.364
154.578
151.481
149.139
149.838
150.242
149.443
148.741
148.442
147.679
144.982
142.876
143.276
143.619
143.719
143.557
142.258
141.681
144.278
145.979
143.681
141.347
138.85
136.943
137.742
137.656
133.46
130.333
132.231
133.869
134.269
133.606
127.812
122.932
122.533
122.233
122.433
122.616
122.716
122.571
121.172
119.79
118.491
116.778
112.881
110.309
114.805
117.884
113.288
109.431
109.63
109.921
110.721
110.831
107.034
102.75
95.6573
90.9129
99.9041
106.851
101.657
97.3136
98.1128
98.884
99.4834
99.572
96.4751
93.9225
94.8216
95.7073
96.5065
97.0149
95.6163
94.2698
93.2707
92.5796
93.9782
95.3263
96.3253
96.715
92.8189
89.6203
91.4185
92.5303
88.6341
85.4014
87.0997
88.6932
89.4924
90.4406
92.5385
94.5576
95.9563
96.9123
94.3149
91.6522
88.4553
85.7387
87.0375
88.3467
89.7453
91.3495
94.7462
97.2453
91.7507
87.156
90.7525
93.7189
90.8217
88.4564
91.1538
93.6186
93.8184
93.8452
92.1468
90.2881
86.7915
83.9834
88.3791
92.2126
90.0147
88.1332
89.7316
91.1512
90.5518
89.8731
88.2746
86.8773
87.8764
88.6567
86.7586
84.7429
81.2464
78.0929
79.3916
80.6487
81.348
81.777
78.4802
75.7018
80.2973
84.2753
79.1803
74.4617
75.4607
76.3522
75.553
74.7942
74.6943
74.5944
74.4945
74.2815
72.0836
69.974
69.4745
68.96
68.1608
67.448
68.447
69.446
70.445
71.206
66.8104
62.6421
63.6411
64.4474
60.6511
57.0726
58.9707
60.8471
62.1458
63.2731
59.5767
55.9547
54.5561
53.203
53.3029
53.3318
50.9341
48.6794
51.6764
54.5436
52.2459
50.0225
51.0216
51.9526
49.6549
47.3925
46.9929
46.605
46.9047
47.1985
47.0986
46.9719
44.7741
42.6
42.6
42.5947
41.9953
41.4069
42.4059
43.3847
40.2878
37.1932
34.8954
32.6028
35.4001
38.1973
