-28.3931
-13.1081
2.17694
5.29229
8.38926
6.50844
4.6103
5.79232
6.99114
.157678
-6.73557
-5.21651
-3.61807
-1.22946
1.16819
3.96015
6.75741
1.78257
-3.31244
-1.33811
.759833
3.34772
5.94518
-1.23673
-8.62949
-2.55374
3.84
-2.23373
-8.62747
-8.8
-8.8
-10.0611
-11.3599
-3.36437
4.9275
-2.4329
-10.3252
-5.68242
-.587409
.369819
1.16904
-1.48889
-4.28614
2.88353
10.4761
3.62699
-3.86566
-4.96355
-5.76277
-4.56177
-3.26304
1.45758
6.35279
1.66744
-3.52747
-5.40924
-7.10758
2.6244
13.0142
2.0991
-10.0889
-7.03704
-3.04096
-2.33061
-1.8311
2.22834
6.52413
4.46284
1.96528
-3.51757
-9.21199
-6.43477
-3.0381
-2.1497
-1.45039
-.287559
.911266
1.55504
2.15446
3.7693
5.46764
3.75768
1.75963
5.73641
10.232
1.51927
-8.37104
-3.34216
3.05157
6.06599
8.76335
.979925
-7.81146
-.779037
7.81254
-.928294
-11.418
-6.51426
-.0206209
1.95531
3.45384
1.07557
-1.72169
-.650562
.84797
1.17953
1.37934
.414719
-.684204
-1.24688
-1.74639
-1.97836
-2.17816
-5.13646
-8.43323
-3.29515
2.89878
1.2966
-1.30085
-.0088664
1.78937
2.1764
2.3762
-.768172
-4.36465
-2.07792
1.01904
1.92568
2.52509
4.96027
7.65763
5.20891
2.01204
2.64431
3.84313
-4.24886
-13.7396
-4.25734
8.13052
2.45272
-6.03896
-4.00902
-.31264
.888376
1.68759
-.346281
-2.84383
-.459026
2.73784
.807129
-1.99013
-3.67896
-5.17749
-3.35836
-.960715
-3.57053
-7.0671
-4.46697
-.77059
-2.90338
-6.10025
-.194341
7.39822
5.65688
2.1603
3.94902
6.74627
7.1163
7.0164
-1.18318
-10.9736
-6.68527
.407783
-1.72441
-5.7205
-.595981
6.39717
4.70484
1.20827
2.66307
5.16063
.331058
-6.06268
-4.24327
-.646792
-.983228
-2.18205
-1.5826
-.58358
-1.29698
-2.39591
-1.54247
-.243744
-2.19112
-4.88847
-1.2712
3.8238
4.07315
3.17403
3.24169
3.5414
-2.82955
-10.8217
-8.95253
-4.65674
-5.55951
-7.75736
-6.28523
-3.88758
-.694065
2.70261
-.569528
-5.56463
-1.21475
5.57859
3.20805
-1.58725
-.1571
2.93986
1.71342
-.684229
-4.33647
-8.33255
-4.2724
2.02143
1.60554
-.692211
1.75732
5.5536
1.27651
-5.31702
-4.01242
-.415944
1.17237
2.17139
.705093
-1.49275
-2.15369
-2.35349
-.253809
2.54345
6.02879
9.72517
7.3209
3.02511
-1.65099
-6.44629
-6.31027
-4.61193
-.946157
3.34963
.701725
-4.19348
-7.95949
-11.3562
-10.398
-8.00035
-3.05651
2.73781
-1.77535
-9.76752
-6.43628
.756672
1.48549
-.0130368
-1.95619
-4.05414
-7.77808
-12.0739
-4.20701
7.98104
4.50993
-4.58116
-2.01414
4.7792
6.23437
5.73486
5.16242
4.56301
2.36344
-.433815
1.48392
5.1803
3.59567
-.000808149
-.278532
.720489
2.58292
4.78077
3.89314
1.79519
4.27706
8.57285
3.44863
-5.44265
-8.28467
-8.68428
-6.81278
-4.01552
-.652052
2.94442
1.60026
-1.79641
-4.98193
-8.07889
-6.12225
-2.02626
.389885
2.08822
.0872916
-3.50918
-5.92243
-7.82057
-2.01466
7.17634
5.63976
-.654071
-.322527
2.97424
4.82582
6.02465
.841554
-7.25052
-9.0473
-7.94838
-3.02851
3.66493
6.00411
6.30381
6.33216
6.23226
5.72649
5.02718
-.730746
-8.92272
-7.90112
-2.4065
.338791
1.73742
1.33081
.0320822
2.46659
6.76238
8.13353
8.03363
6.87335
5.17501
5.65724
7.25568
6.02119
3.32383
3.18823
4.38706
3.03176
.334403
-1.44883
-2.74756
-3.2
-3.2
.0451502
5.04025
1.10576
-7.68562
-5.38104
3.01074
5.29253
4.1936
2.77408
1.17565
1.04747
1.74678
3.27457
5.27261
7.84244
10.7396
8.31648
2.82186
1.30513
2.10434
2.58883
2.88854
7.70621
15.1989
11.9948
2.40424
1.35667
5.45266
5.07297
1.97601
1.04786
1.44747
4.37967
8.87527
6.28976
-.703383
-7.08274
-13.0769
-9.28168
.708534
4.47802
4.27822
2.92337
.82543
3.15099
8.3459
8.16519
4.46882
2.21734
.918616
-.0800689
-.879286
-.482247
.716579
1.2
1.2
-.820322
-4.21699
-3.58633
-.189663
.904851
.405341
1.25901
3.05725
4.97276
6.9708
4.58567
-.908945
.294794
6.28892
8.97415
9.27386
5.52371
-1.16973
-3.94234
-3.84244
-2.36341
.134139
-.689834
-3.9866
-.60596
7.78582
8.61307
3.71787
1.25992
.660505
1.07781
2.27664
2.46227
1.86285
1.82437
2.22398
5.47435
10.969
12.5645
11.0659
10.289
10.0892
2.31192
-11.5745
-9.36754
5.91748
7.52784
-2.06276
-2.62414
4.2691
7.29095
7.09114
4.93542
1.13914
3.18947
10.1826
8.81514
.323466
-1.23528
3.16041
4.93226
4.43275
2.65279
-.244373
.473097
4.36928
3.39309
-1.90172
-1.60346
3.69135
4.62293
1.62586
.147627
.0477246
1.87839
5.47486
4.13308
-1.76114
-2.73571
.860769
1.5682
-.429845
-2.58207
-4.87982
-4.46404
-1.46698
1.73409
5.13077
3.85319
-1.94113
-7.63423
-13.2287
-7.68145
8.8024
13.334
6.04111
2.1999
1.80029
2.94536
5.64272
4.86581
.570017
.822392
5.71759
8.2
8.2
8.05286
7.75316
5.69488
1.7987
.967683
3.36533
3.58239
1.48444
.351738
.251836
1.40165
3.8992
4.29046
2.39232
-1.0314
-6.12641
-3.48237
7.70666
10.0538
2.56111
-.128644
2.56871
3.29663
1.7981
.159477
-1.63876
-.972503
2.52407
2.36262
-2.03307
-.111923
9.17897
13.4654
11.867
7.06835
-1.52323
-2.01206
7.17893
10.1604
5.66477
3.42565
3.92516
6.49162
11.5866
10.9104
3.11808
2.76425
11.6555
13.6731
7.0796
3.1351
2.53568
4.35378
9.24899
8.98063
2.08738
2.29494
11.6857
14.1377
7.54421
4.23172
5.23074
8.93724
16.2301
16.6781
7.98664
3.25551
3.85492
5.00538
6.90352
7.78903
7.28952
7.29398
7.99329
7.22956
4.4323
2.71679
2.51698
5.00881
11.3026
13.9284
11.331
8.77455
6.27699
7.08605
12.6806
15.7969
15.2973
11.9272
4.3347
-.0792952
.220411
2.00157
5.99765
7.4836
5.18585
4.11718
4.9164
4.57151
2.47356
-.52727
-4.92296
-5.25638
.737748
4.12795
3.42863
3.19334
3.69285
4.19236
4.69187
5.26794
5.96725
6.20959
5.71008
5.09691
4.2977
5.68449
10.6796
13.95
14.3496
11.0193
1.42875
-1.92861
5.26434
10.3536
11.8521
10.8176
5.42289
2.29212
3.09134
3.92687
4.82599
6.26697
8.66462
8.83474
5.03846
4.7082
10.6024
11.4505
3.1586
-.291608
5.1031
7.40508
4.0084
3.47755
8.27285
9.2453
3.05137
.520529
4.91622
9.17447
13.1705
14.98
12.5824
11.6115
13.4097
12.6411
6.84676
4.77966
10.0745
12.4984
9.2016
8.19473
11.7912
14.5299
15.5289
15.2161
12.2191
8.43961
3.0449
2.02472
10.1168
11.735
-.253231
-5.39084
3.99996
11.609
15.4053
16.2292
10.6347
6.2972
4.69876
4.38073
6.87828
7.26556
2.96977
.986806
4.18367
6.61449
7.31381
7.76955
7.66965
8.084
9.68244
9.8082
6.51143
3.90141
2.90239
1.90337
.904348
.759878
2.65802
4.4098
5.80843
6.48017
5.38124
4.83104
5.63026
5.16737
1.57089
.338953
5.03435
7.6361
4.93874
4.65771
10.5519
14.1025
11.6049
8.83031
5.33374
4.258
9.55281
12.9357
11.2373
8.45428
2.75986
-.64618
2.15108
4.49399
5.59291
6.63877
7.53789
8.48968
9.5886
9.51127
6.1146
4.11886
6.11691
8.06345
9.86169
10.2035
6.3073
4.21139
7.40826
9.72452
9.42481
9.02525
8.32593
7.23032
4.93257
4.99381
12.2867
17.3612
15.563
13.4262
10.2293
7.60811
6.8089
6.41411
7.31323
7.69328
6.39455
5.86796
7.866
9.4464
9.64621
10.0531
11.152
12.365
13.9634
14.3632
10.6669
9.03306
14.5277
16.911
8.41932
2.46083
5.45789
8.30213
10.5999
13.6116
19.2061
22.2064
15.7127
11.2586
14.3555
16.4211
14.6229
13.0332
12.2339
11.9512
13.6495
14.3043
10.9076
7.10565
1.71094
-.733496
8.5574
15.0659
10.3705
6.38354
5.28461
6.25085
15.7415
20.7384
6.95193
-2.95908
3.53455
8.95116
9.75038
9.89511
7.19776
5.46259
7.96014
9.7803
8.58148
6.96607
3.4695
1.49582
6.49092
10.724
11.4233
11.6845
9.88631
8.5213
9.22062
9.57727
8.27854
7.30162
7.90104
7.84752
4.55075
2.64384
7.73885
12.049
12.3487
11.5661
5.17238
.581971
5.47717
8.60694
2.31311
-2.48629
.810482
2.92366
-1.47203
-4.18324
2.5102
7.54089
3.1452
.0948449
4.79024
8.85835
9.25796
9.0243
5.02822
1.6
1.6
1.38999
-.108544
-.447451
6.44579
11.6107
5.81634
1.53774
7.03236
11.8793
12.4787
12.4921
8.59596
5.05891
3.95999
3.2905
5.58825
7.20209
4.00522
1.39582
2.99425
4.30365
3.50444
3.55822
9.95196
15.064
10.4685
6.4
6.4
6.25362
4.95489
4.49704
10.7909
15.6827
9.08915
2.97587
.877931
-.486635
4.40857
9.03646
11.3342
12.9865
8.89052
5.26923
5.96854
6.48367
5.28485
4.21899
4.4188
4.63721
5.03682
5.09038
1.69371
-.972291
3.82301
8.76646
15.2601
20.2629
9.27367
-.8
-.8
-.588685
2.00877
4.49518
5.694
7.03981
10.1368
12.6004
7.30556
2.52485
4.22319
5.91438
7.51281
9.03476
9.53427
9.70269
5.307
1.18031
.88061
.720944
2.61908
4.53573
6.73358
8.57299
4.77671
1.62181
8.91466
15.3646
7.57221
.0599477
-2.53751
-4.85985
-2.16249
.694708
6.58893
12.032
8.53545
5.10793
3.10989
1.34105
4.53791
7.49891
5.10126
2.9004
5.39796
7.84202
8.94095
10.0109
10.3106
10.4491
6.05344
1.7515
.252972
-1.08458
2.7117
6.39432
6.19451
5.8439
-.0503228
-5.66035
.0340675
5.64283
7.54097
9.28061
3.48629
-2.20372
-2.40353
-2.61667
-3.61569
-4.56616
-2.26842
-.035708
-2.83297
-5.53631
.357915
6.16907
2.67249
-.808256
-2.00708
-3.19212
-1.59369
.00266759
.901786
1.79728
-.900074
-3.59743
