-7.3995
-6.30058
-5.20166
-3.30472
-1.40658
.19289
1.79132
-1.1808
-4.17786
.0640556
4.35985
-.845321
-6.14013
-2.84173
.554938
-2.65303
-5.9498
-3.24533
-.448073
1.46552
3.36366
-1.2055
-5.9009
-7.85808
-9.75622
-6.57927
-3.2825
-5.24544
-7.34339
-1.56762
4.4265
3.62989
2.63087
-.110813
-2.90807
-2.80676
-2.60696
-.575113
1.52283
-4.55855
-10.9523
-7.64683
-3.95045
.12927
4.22526
6.3128
8.31084
12.5995
16.9952
6.81791
-4.07142
-.417679
3.97801
2.39772
.499577
.4
.4
-3.85094
-8.34654
-2.00112
4.99202
5.11778
4.81807
3.86122
2.8622
.738989
-1.45886
.363217
2.46116
3.34632
4.14554
4.1069
4.007
.191132
-3.90485
-4.38541
-4.58521
.395413
5.79013
1.86134
-2.83406
-1.54191
.256327
-3.00105
-6.69743
-3.78964
-.293067
1.09834
2.29717
1.578
.678884
.144314
-.355197
4.23801
9.33302
3.99228
-2.40146
3.06684
9.76028
9.31575
8.11692
6.73778
5.33915
3.85056
2.35203
4.53393
7.13139
8.56442
9.86315
7.40812
4.51096
3.04067
1.74194
-1.42544
-4.82212
-4.22333
-3.12441
-2.20267
-1.30355
2.33585
6.33194
8.91681
11.3145
.599404
-11.8883
-4.26786
6.12195
6.78671
6.08739
3.37748
.380414
-1.83165
-3.9296
-2.98164
-1.58301
-3.91807
-6.81523
-5.46731
-3.46927
-2.59493
-1.89561
-4.2148
-7.01206
-6.88372
-6.2843
-4.74053
-3.04219
-2.62869
-2.42888
-.519887
1.67796
4.72844
7.92531
4.99727
1.00119
2.35206
4.64981
5.76209
6.66121
3.16733
-1.12846
2.58282
7.77773
5.06825
.872364
4.31078
9.20598
6.81949
3.02321
2.14949
1.84979
.30049
-1.49775
1.85685
6.25255
1.8593
-4.33463
-3.99378
-2.29544
-1.75243
-1.45272
-2.14094
-3.04006
.0852573
4.08134
3.07935
.981407
.845219
1.14492
-4.67117
-11.8641
-8.1564
-1.96247
-2.82881
-5.32637
-4.6666
-3.26797
-3.48457
-4.08398
.472782
6.2671
5.31039
2.71294
1.71896
1.11954
-.999447
-3.497
-.0108946
4.98421
5.44289
4.74358
2.85341
.655561
.912753
1.81187
2.237
2.5367
4.25487
6.35281
3.89152
.195146
-1.07047
-1.66988
2.6583
8.35272
5.54295
.348044
1.06778
3.46543
1.67114
-1.32592
.555281
3.85205
2.28289
-.714173
1.29644
4.79302
1.98826
-2.70713
.185782
5.38069
4.45929
1.66203
8.24452
17.7352
11.3289
-.0599469
.462262
4.75805
-1.76708
-11.7573
-6.80345
2.98696
1.93715
-2.65834
-5.82725
-8.52461
-6.42916
-2.73278
.664832
3.9616
2.19263
-1.30394
-3.46311
-5.16144
-5.00716
-4.20795
-1.85664
1.04051
2.46342
3.36253
3.23241
2.7329
.840285
-1.55736
1.60253
6.79744
4.04299
-1.65142
-.945243
2.15172
-.626917
-5.62202
-6.63829
-6.13878
-5.78356
-5.48385
-5.2561
-5.05629
.381642
7.8743
10.4293
11.0288
7.98863
3.49304
4.47737
7.67424
4.55459
-1.13983
.809593
5.9046
3.65923
-1.63558
-2.70731
-2.00799
-2.99321
-4.69155
-1.35037
4.14424
2.9383
-1.15768
-.938365
1.15958
5.54792
10.9426
7.61687
.423919
-.695771
.902663
2.36346
3.76209
4.74898
5.5482
6.62112
7.81995
2.26388
-6.4276
-5.25394
.540378
3.41759
4.91613
3.50597
.708711
-3.23516
-7.73076
-7.58594
-5.18829
.361016
7.45406
8.93081
7.63208
4.40007
.204181
.328792
2.62654
1.87571
-.422038
-1.66254
-2.36186
-.360016
3.03666
2.16373
-.933235
1.20903
6.10423
2.83761
-4.75495
-6.22822
-4.42998
-1.52839
1.96818
1.4529
-1.24445
-4.00632
-6.80358
-5.48463
-1.88816
.105318
1.20424
4.34874
8.64453
5.54783
-1.74502
-2.55755
.339605
.576621
-.722106
.378525
2.87608
1.47103
-2.22535
-3.6
-3.6
-3.28723
-2.78772
-1.78935
-.49062
-.808108
-2.10683
-1.98034
-.981316
.697182
2.79513
1.75276
-1.24431
-2.21586
-1.91616
1.62626
7.22078
8.05827
5.86043
2.32517
-2.07053
-.770205
4.2249
4.8712
2.67335
-.066335
-3.1633
-2.65975
.237409
2.83551
5.23316
3.398
-1.2974
-.704308
3.49158
4.7262
3.92698
2.47843
.580296
-1.84735
-4.64461
-1.57805
5.6149
5.09346
-.900668
.153041
6.24707
7.17458
4.37732
4.70423
7.30168
6.20895
2.41267
5.45454
13.5466
12.304
4.11208
.942431
1.54184
5.44007
11.8338
10.6324
3.63923
4.2715
10.7651
11.0107
6.41522
4.96093
5.95995
6.67948
7.179
6.28597
4.28793
2.06786
-.329787
-.625661
.772968
2.1716
3.57023
3.04671
.94877
-.875561
-2.47399
-2.00041
.197436
2.12363
3.82196
3.30075
.903103
1.04061
3.33835
4.23877
3.93906
5.67418
9.17075
8.82597
5.12959
4.51628
6.61423
8.92401
11.4216
8.11499
-.376687
-1.71898
3.37603
3.96694
.470362
-.678226
.320795
2.51539
5.81216
4.18927
-2.00466
-3.76184
-1.36419
-.0458172
.253889
2.44794
6.44403
5.74785
.552944
1.96295
9.75531
12.689
10.8907
6.97507
.980945
-.292531
3.10414
5.60038
7.19882
5.55842
.663218
.0860293
3.88231
6.54155
8.04008
6.87961
2.98343
1.93185
3.82999
5.28849
6.28751
7.04327
7.54278
7.70308
7.50328
5.13169
.436291
1.98949
10.2814
11.5842
5.29033
4.8128
10.707
14.5597
16.1581
14.5886
9.49356
5.52864
2.83129
3.65079
8.44609
9.73922
7.04186
6.251
7.64963
5.15871
-1.83444
-3.98621
-.489634
1.58365
1.98326
2.88575
4.38428
4.51718
3.01865
5.41809
12.5111
13.7374
7.84314
6.03788
9.23474
12.7895
16.7856
15.3921
7.30001
3.73127
5.82922
7
7
7.30768
8.007
5.38063
-1.51262
-2.17632
5.21644
8.87959
7.68076
7.94978
10.1476
10.4115
8.1138
6.02996
4.23172
5.45697
10.7518
12.8251
10.5273
9.45316
10.0526
10.148
9.5486
8.40577
6.50763
6.27371
8.37166
8.85462
7.05639
7.97827
12.7736
14.0823
10.3859
8.77151
10.1701
7.7905
-.101767
-1.44424
6.84763
10.7136
8.0163
7.04063
8.63906
10.5562
12.9539
13.0916
9.79485
8.70739
11.0051
11.3401
8.64273
7.50778
8.80651
9.28908
8.48987
6.8786
3.98144
2.08458
1.78487
3.20764
7.40353
10.3808
11.3798
10.7876
7.59079
5.67538
5.87518
6.26246
6.96177
7.21351
6.714
6.58551
7.08502
4.74271
-2.45024
-3.95298
4.33889
8.86969
6.87165
5.89055
6.68977
7.16388
7.06397
7.68263
9.58077
7.08386
-3.30596
-6.80173
2.18946
7.25785
5.1599
5.80325
11.4977
13.2079
7.51348
1.81906
-3.87536
-5.49199
.602035
5.14979
6.74822
7.18501
5.38677
5.45689
9.15327
11.1609
9.8622
9.80589
12.2035
15.4024
20.1977
21.4751
15.6808
9.72155
3.42772
1.13493
7.02916
10.4132
8.61497
8.40452
11.5015
11.5065
5.01283
2.74483
9.43827
12.2501
6.75547
5.08697
11.6805
15.1944
11.9975
9.45648
8.35755
7.47586
7.07626
7.41675
9.4148
12.6385
18.6326
20.7297
13.9363
9.0185
8.41908
7.39891
5.40086
6.47828
14.7701
19.2652
14.7696
11.5411
11.3413
9.85351
5.25801
3.97715
10.7705
14.9358
12.638
10.5984
9.19979
8.59884
9.99747
11.198
11.8974
11.0513
6.25605
4.83677
12.1296
16.9013
15.1031
12.0944
5.90048
1.94627
3.94432
7.32537
14.4184
18.4154
14.0197
10.2655
8.26743
7.38367
9.58152
11.0683
10.5688
9.44197
6.54481
5.3599
9.05628
13.4993
20.0929
23.007
15.2146
10.8453
16.5397
20.951
21.5504
20.0777
12.3853
7.81366
12.7089
16.6211
17.5203
17.6637
15.4658
12.9053
9.20891
6.5679
7.26721
8.56127
11.7581
14.6719
16.6699
17.0067
11.9117
8.53365
10.8314
12.508
12.1084
11.9369
12.5363
13.4297
15.3278
16.1498
13.2527
10.6
8.80174
7.42203
7.52193
7.77465
8.57387
9.84908
12.8461
14.5139
11.317
8.24764
5.65018
3.49475
2.99524
3.16303
5.86039
8.06197
8.36168
9.23431
12.3313
14.192
11.195
8.33839
6.04064
4.10063
3.60112
3.94778
7.74406
10.2545
7.45723
4.77569
2.57784
1.83092
7.22563
11.6945
12.194
11.3097
4.41649
-.182296
5.31232
8.48183
1.28887
-4.18342
-1.88567
.877903
5.77311
9.51647
7.91804
6.26703
4.36889
2.6787
1.97938
2.39373
8.18805
12.1531
7.15802
3.2009
4.39972
5.56546
6.56448
7.0403
4.84245
3.14539
4.04451
5.61389
10.7089
14.7635
13.265
11.4396
7.84311
4.4772
2.37926
1.2829
5.77849
9.03077
5.23449
2.17741
3.37623
4.77929
7.37675
9.61439
9.71429
9.99875
11.3974
12.74
13.739
13.8407
8.3461
3.64083
3.94053
3.82442
1.02716
-1.43965
-1.73936
-1.03638
6.35638
12.3254
8.62905
5.17265
3.37441
1.97408
3.37271
4.28179
1.68433
-.455484
.743342
1.81185
1.91175
1.39412
-3.80079
-7.47209
.619984
7.45094
4.35398
1.71064
2.70966
3.37176
1.27382
.264481
8.35655
15.0342
9.63954
5.15984
8.65641
11.3966
7.4005
4.3637
10.0581
14.7735
10.3778
7.04586
13.8392
19.3395
12.2465
5.3811
.785609
-3.52475
-4.92338
-6.10414
-5.00521
-3.31847
4.67369
11.176
1.28569
-7.26358
-.670046
5.4
5.4
5.00547
-.0895413
-4.30989
2.18375
8.09718
6.69855
5.62161
8.71857
11.162
4.86814
-.439164
7.85271
15.4294
12.8319
10.4064
10.5063
10.4951
8.79678
7.1761
6.77649
6.48089
7.87952
8.97112
4.87513
1.47402
10.2654
18.4806
16.1829
13.8002
9.80411
5.88482
3.48717
1.31509
3.81264
6.04132
2.44484
-.995788
-.895886
-.627305
3.66849
7.62044
2.92504
-1.49851
1.29875
3.81827
-1.47654
-6.44805
-1.75265
2.7271
.329454
-1.92328
.774077
3.34708
1.34904
-.62695
-1.72587
-2.65799
3.63584
9.61474
.623554
-8.11991
-3.82412
.485008
5.58002
10.597
10.3972
10.1528
6.45643
2.79676
2.49705
2.21856
4.3165
6.37386
2.57758
-1.21575
-4.41262
-7.59911
-7.2994
-6.99708
-4.09992
-1.20276
