-5.19865
-2.20158
.795479
2.49577
4.19411
7.58489
10.9816
9.41024
7.81181
4.42842
1.03175
-1.87008
-4.76724
-7.86195
-10.9589
-2.32524
6.46614
5.22267
3.82404
4.4873
5.18661
-1.56127
-8.45452
-7.71986
-6.82074
-1.62731
3.6675
6.04025
8.338
3.05365
-2.44096
-.465768
1.73208
-.42674
-2.72449
2.3208
7.61562
4.81088
1.71391
-2.34532
-6.44131
-3.23889
.257681
-4.39179
-9.3869
-6.7308
-3.73373
-1.78656
.111582
1.15248
2.15151
-3.12295
-8.71747
-6.72343
-4.32578
-6.28255
-8.48039
-6.33283
-3.93518
-4.45989
-5.1592
-2.09556
1.20121
3.65307
6.05072
3.67058
.97322
2.29578
3.89422
-1.59744
-7.59157
.564738
9.75573
6.77693
2.88075
3.52703
4.52605
5.52508
6.5241
3.18446
-.511918
-1.99751
-3.29624
-2.02119
-.522664
3.7276
8.2232
4.11509
-.780113
-5.40132
-9.99681
-4.38494
2.20859
.981171
-1.01687
-.201798
.897125
-2.62199
-6.61808
-3.83761
-.341033
1.80317
3.80121
3.19034
2.29122
6.05997
10.3558
9.99386
9.09474
4.17374
-1.22097
-3.67277
-5.77071
-6.71187
-7.51109
-3.51576
1.07974
2.22014
2.91946
4.94472
7.14256
3.60738
-.688414
1.35214
4.2493
7.4977
10.7945
4.62901
-2.86365
-.39072
3.50546
-2.10552
-9.09866
-1.21039
8.87973
6.98728
3.29091
-.665373
-4.66146
.0727512
6.16678
2.34289
-3.05182
-5.34884
-7.14708
-4.99617
-2.19891
-1.97131
-2.17111
-.832646
.765788
-1.89897
-5.29564
-4.77918
-3.58036
-.429469
3.0671
2.58388
1.38505
1.79136
2.49068
.9143
-1.08374
2.04766
6.14364
9.3168
12.3139
7.52705
1.23321
-.635019
-1.63404
2.53192
7.72683
3.69649
-2.19773
-4.77538
-6.67352
-5.18019
-2.98234
-2.76505
-2.96485
2.4336
9.02713
6.83261
2.73662
2.57355
3.27286
.457364
-3.13911
-4.45235
-5.25157
-2.95955
.0375131
3.11573
6.21269
3.2379
-1.15779
.342069
3.23923
1.947
-.350749
2.0933
5.68977
5.59826
4.59924
-.0787619
-5.67328
-3.28959
1.1061
-.546763
-3.74363
-5.59086
-7.08939
-.985223
7.10685
5.32404
.928351
.630426
1.42964
1.04975
.350433
1.92506
4.1229
4.67821
4.77812
2.92752
.529867
-1.71213
-3.90998
-1.60537
1.9911
3.80662
5.10535
3.46907
.971522
.0918348
-.307773
-.4
-.4
.443146
1.54207
-.722978
-4.01975
-3.12232
-.924475
4.16374
10.1579
9.85507
7.55732
3.97317
-.0229156
3.5285
9.52263
9.41914
7.32119
.26774
-8.42374
-5.50764
1.2857
-.809286
-5.90429
-5.03961
-2.14245
-3.62901
-6.62607
-2.87962
3.21441
-1.18661
-9.27868
-9.7046
-7.40685
1.21338
12.1027
9.13428
1.14211
-1.80438
-2.9033
-3.49172
-3.89133
-2.54532
-.547275
.0725382
.17244
2.15325
4.8506
4.66209
3.36336
7.53291
13.8267
9.28554
.494154
-1.85688
-1.65708
-2.81318
-4.51152
-3.43431
-1.23646
-2.58722
-5.38448
-2.16575
3.52867
7.10567
9.80303
4.26537
-4.72582
-6.27698
-4.67854
-1.1203
3.27539
4.32081
3.9212
2.26876
.0709164
.23287
1.43169
3.32262
5.52047
6.89014
7.88916
2.21278
-6.4787
-3.84742
3.94494
3.25236
-1.34314
2.6585
10.6507
6.8727
-2.41819
-2.61857
1.47741
.567751
-2.72902
-2.1138
.383755
-.279552
-2.4774
-4.2729
-5.87134
.286078
10.2763
10.0667
4.77194
3.46528
4.1646
4.06863
3.56912
1.35159
-1.74537
-1.94353
-.644808
2.6245
6.92029
7.09019
5.09215
3.02881
.930869
2.60865
6.30503
3.57601
-2.61792
-1.69405
3.10125
6.02572
7.92386
6.5419
3.34503
-.300676
-4.19686
-3.61835
-.521387
-.802024
-2.99987
-1.32223
2.57395
3.61998
3.02057
1.60032
-.297819
.762466
3.55972
.521285
-5.97235
-3.70847
3.78418
5.22813
3.03028
1.82703
1.22761
.00853836
-1.58989
.394363
4.59025
3.67543
-.420553
-3.41172
-5.70947
-2.80664
3.38729
1.46989
-5.62316
-4.69171
1.40232
5.55728
8.45444
6.21759
.623074
-.0346872
2.56277
3.90004
4.39955
.11404
-7.37862
-4.4383
5.55191
7.6391
4.34233
1.46014
-1.13732
-3.02641
-4.42504
-3.58799
-1.19033
1.96961
5.66599
6.32336
4.82483
3.09331
1.19517
.748304
1.34772
3.16208
5.85944
5.09724
1.80047
2.00898
4.80623
5.48459
4.58547
3.40099
2.00236
.66061
-.638117
-1.99352
-3.39215
-2.24898
.847987
1.86227
1.26285
1.50484
2.40395
.675905
-3.12037
-3.24036
-.4431
3.7418
9.03661
8.46857
3.17376
3.05968
7.15566
6.96802
3.27164
2.36611
3.76474
6.25391
9.65058
5.98422
-3.60638
-2.4782
7.71181
7.65333
-1.13806
-2.94276
1.25312
3.36064
3.66035
2.4662
-.0313563
1.29835
5.99375
8.04112
7.74141
6.96682
5.768
4.04348
1.84563
3.41866
8.41377
10.4869
9.88752
5.70137
-1.79128
-.894626
7.79686
7.09894
-2.39176
-3.86494
2.22908
4.38082
2.78239
.214902
-3.28167
-4.39031
-3.19149
-2.44817
-2.14846
-2.45374
-3.35286
-3.49868
-2.89927
-.899187
2.49748
2.70515
-.291907
-1.55184
-1.05233
1.42464
5.92024
8.10152
7.90171
8.19236
8.99158
6.85984
1.66493
-2.21634
-4.71389
-5.0793
-3.18116
-.269524
3.72656
4.06962
.473143
.945647
5.84085
5.68255
-.0118715
-1.48068
1.71619
4.01468
5.31341
5.76456
5.26505
5.84405
7.64228
5.65817
-.635662
1.39399
12.9826
14.1065
3.11731
.658127
8.15078
9.12386
2.43041
-.239947
1.858
2.68135
1.98204
-.983539
-6.67796
-6.2799
1.51246
5.3956
4.49648
4.3579
5.15712
5.77817
6.17778
4.93657
1.6398
1.12452
4.12158
4.30554
.908865
-.693687
.00562769
-.689082
-3.18663
-2.69183
1.70386
4.5022
5.20152
5.64297
5.74288
6.52726
8.2256
9.49809
10.1974
12.2108
16.007
14.698
6.40612
1.93598
2.73519
1.44435
-2.75154
-1.45551
7.53568
11.3921
7.9954
7.31884
10.5157
10.6772
6.48135
3.34684
1.74841
1.93754
4.7348
6.72345
7.52266
8.52305
9.82178
6.91639
-2.2746
-6.16642
-2.07043
3.25463
10.4476
12.9457
8.25036
5.59628
6.09579
5.46255
3.0649
2.88253
6.1793
7.50396
5.70572
3.06108
-.935006
-1.83063
2.26535
5.94244
8.93951
9.09514
4.59955
3.04377
6.34054
6.75026
2.35456
.457862
2.75561
5.53569
9.13217
11.6214
12.2208
10.2138
3.72014
1.42576
6.42087
8.00194
3.60625
-.500453
-4.09693
-3.52577
4.4664
6.88436
-.708204
-5.10249
-3.70386
-3.18875
-4.28767
-3.6645
.131783
2.6699
2.8697
2.44395
.845514
-.441903
-1.14122
-2.08106
-3.47969
-3.34086
-.243891
1.15457
-.743573
-.345056
4.55015
6.62475
3.12817
1.80148
4.79855
7.2978
8.79634
9.0412
6.74345
5.29839
5.59809
7.56038
12.9551
13.1652
2.57556
-3.37609
.42019
2.2317
-.165948
-.845502
2.15156
4.51621
5.51523
5.66577
3.96744
1.89435
-1.00281
-1.32419
4.07052
7.3066
5.70816
3.37432
-.621762
-1.14698
6.24577
9.40347
2.80993
-1.89016
-2.18987
-2.57915
-3.17856
-3.09573
-1.39739
1.06709
5.36288
7.81457
5.81653
4.54538
5.04489
4.5336
1.53654
.891575
6.08648
9.37267
7.87414
5.86634
2.56957
-.109065
-1.20799
-.437542
5.15698
8.09179
4.0957
1.47509
2.47411
3.22731
3.32721
4.4576
8.35378
10.2577
6.76115
3.37148
.274517
-1.23061
1.66655
3.66832
3.16881
3.68873
7.0854
9.36651
8.46739
8.03173
8.93085
7.35145
-1.43994
-5.61654
3.77426
8.86267
1.1702
-2.52796
5.76392
10.1423
2.6497
-2.65598
-1.25735
1.11636
6.51107
10.6
10.6
10.2162
8.6178
6.82905
4.4314
2.12812
.130079
.75263
9.94362
15.6775
9.98304
5.50797
5.10836
5.16497
6.76341
7.81908
7.01986
6.51209
7.01161
6.59995
3.00348
1.60977
8.00351
12.214
8.61757
5.36728
3.36923
2.67905
6.77504
9.55386
7.45592
5.98944
6.88856
6.45308
.958466
-1.8507
5.64195
10.536
5.34109
2.15249
6.84789
9.93769
6.64092
3.26466
-.431722
-2.49479
2.1007
5.62466
4.72554
3.88428
3.28487
3.25818
5.65583
7.27878
5.58044
3.86341
2.06517
2.30234
11.4933
17.9015
11.9074
6.65587
4.75773
3.50458
5.20291
6.6886
7.18811
6.32069
-.972167
-6.20286
-1.60737
1.13774
-5.05619
-9.74269
-7.04533
-4.02988
.565616
4.71437
6.61251
7.80759
5.40994
3.25461
2.35549
1.37658
-.0220503
-.774404
1.92295
3.49948
-.996112
-3.73938
3.15386
8.51438
5.31752
2.48016
1.68094
.423426
-3.47276
-6.08518
-1.18998
3.61887
7.91466
11.3728
9.77442
7.58795
1.79363
-2.27506
4.41838
10.0775
9.1784
8.18538
6.58695
5.10747
4.40816
3.52654
1.42859
.331091
6.02551
10.2548
4.36058
-.165835
4.92917
8.98388
5.58721
2.32301
.0252611
-1.64458
1.35248
4.30294
6.90039
8.92506
6.52741
4.2311
2.73257
.891048
-3.70445
-7.27832
-2.48302
1.99211
3.79034
4.97045
.874463
-2.45044
.946228
4.01008
4.10999
3.85387
.357293
-2.49949
.597471
2.64966
-5.2426
-11.8419
-5.84774
.091745
5.48646
9.87427
3.98005
-1.18213
1.31542
3.53185
2.73263
2.17479
4.27273
6.10247
4.90364
3.9507
5.84884
7.62321
7.92291
8.05674
6.1586
4.53954
6.43768
7.92835
4.13207
.759915
3.05766
5.1527
4.45338
4.16743
9.76195
14.93
13.831
12.2077
2.6171
-6.05351
-.259188
4.9342
.338707
-3.72646
1.16874
5.7192
4.22067
2.87786
4.37639
5.50529
-.388933
-5.59206
2.89962
10.7698
5.77472
1.11901
3.81636
6.15992
.465498
-4.86747
-1.5707
1.77956
6.47496
10.7463
3.75313
-2.87999
.616583
3.97737
3.27805
2.74275
7.43815
11.8267
5.73264
-.141794
2.05605
4.20735
4.50705
4.69405
-.00134581
-4.56706
-2.96863
-1.33853
1.95823
5.14499
1.84822
-1.43236
-3.63021
-5.71583
.877708
7.30932
-1.08246
-9.31604
.174655
9.52983
-.660187
-10.7906
-8.89251
-6.98874
-3.19246
.600704
1.30002
1.99933
