-13.1773
37.1734
87.524
93.6848
99.7788
96.4151
93.0184
92.1057
91.2066
91.3983
91.5981
94.3711
97.1684
91.8663
86.4715
88.0758
89.7741
91.1773
92.5759
92.7963
92.9962
95.5477
98.1452
92.6257
86.9313
92.851
99.045
95.8883
92.4916
94.4413
96.5393
94.2717
91.8741
91.8968
91.9967
93.9324
95.9304
95.325
94.6257
92.0018
89.3045
88.9119
88.6122
92.2417
96.038
93.4264
90.5293
94.5995
98.9952
93.8661
88.2716
89.806
91.7041
92.7485
93.7476
92.2854
90.687
91.5446
92.5436
90.0547
87.3573
86.1652
85.0662
91.3837
98.177
95.4148
92.0181
90.9586
90.0595
88.3207
86.5225
85.3759
84.277
86.987
89.984
88.624
86.9257
87.0775
87.3772
88.9693
90.6676
90.4315
90.0319
91.1949
92.4937
88.2889
83.5935
85.1221
87.22
87.126
86.8263
83.9747
80.8778
85.3289
90.5238
88.9128
86.6151
86.8527
87.3522
89.4781
91.7759
89.3854
86.4882
87.0096
87.9088
87.5512
87.0516
85.5668
83.9684
85.23
86.8284
84.8597
82.462
84.4246
86.9221
86.8448
86.4452
86.3114
86.2115
84.3437
82.2457
86.41
91.4051
91.912
91.8121
91.7122
91.6123
92.7389
94.0377
90.441
86.1452
89.1761
93.272
93.0167
92.1176
93.9971
96.2948
100.498
104.994
101.278
96.2829
98.2735
101.37
101.37
100.87
104.062
107.859
109.942
111.74
112.256
112.556
110.298
107.6
112.985
119.778
118.423
115.626
114.946
114.646
122.034
130.826
130.598
128.7
129.998
131.896
133.374
134.773
139.938
145.832
147.384
148.084
148.366
148.566
153.337
159.032
159.751
159.451
163.04
167.435
171.418
175.314
177.893
180.191
182.407
184.605
191.801
200.092
203.725
206.323
210.143
214.239
221.426
229.319
236.886
244.379
250.9
257.194
263.811
270.504
278.326
286.418
292.581
298.275
305.573
313.266
324.557
336.745
341.354
344.051
347.783
351.779
359.348
367.84
371.342
373.54
377.476
381.872
390.68
400.67
408.46
415.653
417.435
417.735
426.013
436.502
443.247
448.941
459.072
470.461
478.744
486.137
493.994
501.987
512.914
524.702
534.102
542.794
548.719
553.814
561.209
569.301
581.215
594.303
601.137
606.032
612.6
619.693
621.931
622.63
620.227
616.83
620.981
627.575
637.029
647.419
645.57
639.676
648.16
661.447
672.568
682.958
684.11
682.112
697.872
719.75
733.774
745.063
763.89
785.369
801.467
815.653
828.001
839.69
856.878
876.059
905.258
938.126
959.325
976.208
1001.53
1030
1057.82
1085.39
1107.03
1126.41
1158.28
1194.94
1234.77
1275.83
1316.68
1357.44
1398.84
1440.5
1481.09
1521.25
1562.97
1605.33
1652.09
1700.64
1754.86
1811.4
1862.16
1910.51
1962.95
2017.09
2076.44
2137.98
2198.39
2258.34
2323.51
2390.95
2454.97
2517.51
2587.4
2660.53
2743.63
2831.14
2911.48
2988.6
3064.28
3139.31
3222.64
3309.75
3391.05
3469.67
3558.74
3652.64
3751.65
3853.06
3936.55
4011.57
4087.14
4162.97
4236.63
4309.26
4392.32
4480.43
4554.39
4621.43
4674.29
4720.14
4775.53
4835.67
4884.85
4928.5
4961.62
4989.4
5008.25
5022.53
5047.76
5078.63
5116.98
5159.24
5192.92
5222.09
5230.57
5228.07
5222.58
5215.48
5218.58
5227.17
5234.21
5240.4
5232.73
5217.44
5217.92
5227.11
5225.85
5218.75
5205.97
5189.99
5195.29
5212.67
5225.86
5236.65
5220.9
5189.83
5189.7
5207.58
5210.49
5204.59
5202.02
5201.42
5198.13
5193.24
5174.44
5147.26
5149.74
5170.22
5180.97
5185.77
5205.76
5235.13
5251.51
5259.8
5276.26
5297.84
5298.18
5285.1
5292.26
5312.34
5319.35
5317.95
5306.01
5287.23
5259.02
5224.66
5185.83
5144.07
5105.08
5067.91
5042.59
5025.21
4977.96
4910.52
4882.66
4881.77
4850.01
4797.06
4781.77
4792.56
4782.35
4757.47
4749.19
4752.59
4751.43
4747.03
4739.37
4729.38
4736.05
4754.74
4745.94
4717.16
4699.29
4689.4
4685.31
4685.51
4683.31
4679.31
4680.17
4684.66
4689.78
4695.38
4686.12
4665.54
4654.45
4650.66
4659.75
4678.83
4693.48
4704.67
4713.34
4720.04
4697.82
4652.67
4634.99
4639.28
4618.52
4577.56
4554.07
4544.78
4516.76
4473.41
4458.34
4466.63
4449.08
4410.02
4391.55
4390.35
4376.86
4352.98
4322.37
4286
4270.87
4273.96
4265.06
4245.78
4225.65
4204.77
4186.76
4171.27
4167.92
4175.31
4163.39
4134.22
4116.88
4110.18
4107.52
4108.52
4100.86
4085.27
4059.66
4024.79
4012.35
4020.74
4015.82
3998.44
3990.2
3990.6
3987.11
3979.92
3978.39
3982.28
3989.64
4000.32
4008.84
4015.23
4016.43
4012.54
4007.08
4000.09
3995.5
3993.3
3986.17
3974.08
3956.14
3932.26
3926.28
3938.57
3945
3945.4
3932.26
3905.09
3894.37
3900.87
3903.81
3903.01
3915.05
3940.73
3950.62
3943.63
3942.07
3946.36
3951.09
3956.28
3966.15
3981.14
3989.14
3989.44
4000.24
4022.72
4028.15
4014.46
3999.18
3982.1
3968.05
3957.46
3928.13
3877.28
3843.84
3830.55
3803.25
3759.59
3726.54
3705.96
3682.59
3655.92
3620.96
3576.1
3540.49
3516.02
3480.89
3432.84
3403.43
3396.84
3387.92
3376.13
3361.8
3344.32
3320.81
3289.74
3276.9
3287.09
3286.21
3271.22
3263.85
3266.25
3278.66
3304.04
3322.39
3331.58
3348.5
3375.57
3402.17
3428.15
3453.57
3478.24
3516.71
3573.76
3623.17
3662.23
3715.68
3788.81
3846.23
3882
3932.35
4002.98
4077.9
4158.82
4242.06
4328.58
4422.14
4525.74
4637.17
4759.85
4878.36
4990.85
5121.14
5277.39
5425.1
5560.27
5696.93
5835.79
5975.61
6116.88
6266.78
6429.72
6574.82
6692.81
6828.15
6990.09
7140.69
7273.76
7419.17
7583.81
7728.16
7840.65
7978.66
8157.09
8313.27
8433.96
8580.86
8769.97
8954.1
9130.13
9326.2
9555.07
9781.16
10002.6
10224
10445.2
10688.5
10968.9
11256
11554.3
11834.9
12085.4
12347.4
12629.2
12884.5
13093.9
13332.4
13622
13906.1
14180.7
14451.4
14715
14983.8
15261.7
15559
15891.3
16212.7
16514.3
16816.5
17119.9
17410.7
17678.2
17937.8
18182.6
18443.9
18736.4
18991.3
19175
19367.2
19575.9
19784.2
19991.8
20199.8
20408.6
20587.7
20708.3
20825.2
20934.8
21062.8
21227.7
21361
21429.9
21510
21612.9
21696
21738.4
21765.3
21760.1
21783.4
21866.6
21917.9
21901.4
21904.9
21951
21972.3
21939.7
21915.7
21910.4
21894.1
21853.4
21801.4
21724
21632.7
21509.8
21390.4
21278.8
21161.1
21029.7
20878.5
20681.8
20517.2
20426.6
20311
20136.2
19986.3
19895.2
19816.7
19768.2
19728.1
19708.2
19695.9
19702.2
19718.4
19758.4
19807.8
19880.5
19961.2
20062.4
20170.6
20296.1
20427.8
20574.9
20721
20864.4
21012
21170.5
21339.9
21537.7
21719.7
21859.9
22025.5
22259.5
22489.6
22709.5
22918.3
23096.5
23279.7
23476.5
23672
23864.1
24042.4
24181.6
24312.1
24418.2
24510.4
24562.3
24622.2
24705.4
24764.8
24754.4
24742.5
24726.2
24713.6
24712.2
24698.2
24646
24593.8
24541.9
24475
24362
24243.1
24105.8
23988.5
23934.7
23860.5
23720.5
23591.6
23498.6
23401.3
23289.7
23181.8
23086.3
23002.2
22956.3
22894.1
22777.2
22674.9
22622.2
22553.3
22428.1
22331.4
22334
22316
22225.2
22145.5
22105.5
22062
22005.6
21951.4
21904.7
21863
21839.3
21810
21759.8
21714
21685.5
21651.8
21598.7
21538.7
21452.4
21385.9
21397
21397.1
21352.8
21300
21212.5
21128.1
21056.6
20999
20999
20984.5
20909.5
20841.6
20803.9
20764.1
20715.2
20655.3
20548
20452.4
20408.1
20348.2
20218.6
20081.6
19911.8
19748.7
19616.9
19491.8
19397.9
19297.1
19163.4
19024.6
18862.1
18698.7
18531.1
18367.7
18224.4
18079.4
17925.7
17777.9
17660.4
17541.5
17415.2
17287.3
17150.5
17015.6
16890.6
16767.6
16654.7
16531.7
16354
16197.4
16157
16107.1
16003.5
15901.3
15807.3
15711.6
15606
15506.3
15441.5
15370.7
15264.6
15163.9
15095.5
15030.8
14988
14935.1
14819.1
14711.5
14658.2
14597.9
14493.2
14398.6
14369.6
14338.6
14294.1
14249.6
14204.9
14154
14060.3
13976.2
13958.5
13942.8
13941.1
13940
13943.1
13949
13975.6
13999.3
14000.3
14001.2
14001.6
13996.7
13950.2
13909.7
13918.3
13925.7
13922.7
13918.2
13901.6
13885.5
13872.9
13861.4
13859.7
13858.7
13864
13870
13882
13896.5
13934.3
13968.1
13963.2
13957.4
13942.5
13930.4
13946.2
13958.1
13930.7
13901.7
13857.7
13813.9
13772.5
13727.5
13642.7
13561
13514.7
13464.6
13371.2
13275.6
13154.1
13038.1
12988.9
12936
12835.2
12733.8
12624.6
12514.7
12395.2
12283
12271.5
12249.5
12078.2
11915.6
11881.9
11844.8
11757.7
11669.8
11569.7
11471
11395.3
11319
11233.5
11148
11062.8
10976.2
10865
10755.7
10681.6
10605.7
10494.9
10383.4
10258.1
10132.7
10004.6
9877.45
9774.35
9670.49
9548.41
9424.87
9264.63
9105.87
8986.69
8867.34
8743.37
8618.7
8473.65
8329.49
8214.21
8098.44
7966.17
7834.03
7706.65
7580.49
7502.77
7424.2
7309.01
7193.94
7084.25
6974.74
6875.14
6775.67
6683.76
6591.7
6490
6388.63
6312.91
6236.71
6117.22
5997.78
5882.49
5766.82
5595.49
5424.01
5223.41
5022.75
4803.36
4583.95
4334.89
4085.84
