-100.777
-48.9274
2.92179
7.78807
12.5834
10.2107
7.81301
9.98591
12.1837
13.8858
15.5841
12.8289
10.0316
10.8889
11.7881
14.6587
17.5559
14.8453
12.0481
12.6873
13.3866
11.4402
9.44216
9.69338
9.99308
13.5135
17.11
12.9143
8.51861
11.0246
13.7219
11.3747
8.87718
9.76815
10.7672
11.1865
11.5861
11.1179
10.6184
12.0434
13.5419
12.1595
10.661
12.9959
15.4934
13.3046
10.907
12.8998
15.0976
12.6283
9.93093
10.6555
11.5546
12.7383
13.9371
13.9053
13.8054
15.217
16.7155
14.0662
11.169
11.3763
11.7759
11.8939
11.9938
14.6231
17.4204
15.3563
12.9587
12.3335
11.834
10.6828
9.48403
11.0722
12.8704
14.3905
15.8891
13.9648
11.767
12.0615
12.5611
10.3892
7.99156
10.5576
13.5547
12.6076
11.3088
10.7423
10.2428
9.56066
8.86135
8.8
8.8
11.5282
14.5253
15.4352
16.1345
14.5701
12.7719
13.5035
14.5025
11.7149
8.51806
7.75018
7.25067
8.99533
10.9934
11.3791
11.5789
12.315
13.1142
12.1298
10.931
11.8678
13.0666
13.7327
14.3321
14.8429
15.3425
12.1293
8.43296
7.20619
6.30707
7.87208
9.77023
11.7562
13.7542
15.4894
17.1877
16.4384
15.3395
13.4556
11.4575
13.2886
15.6863
14.6975
13.199
13.2599
13.5596
12.3034
10.8049
12.7561
15.2536
16.2884
17.0876
17.8009
18.5003
17.2295
15.6311
16.9383
18.7365
18.1473
17.1483
17.7656
18.6647
20.752
23.0498
22.7226
21.9234
23.2362
24.9345
25.3686
25.5684
23.1614
20.2642
20.8906
22.1893
22.4837
22.5836
26.2741
30.6698
28.0677
24.0717
26.9737
31.2695
31.1708
30.1718
28.6765
27.0781
28.4504
30.4485
33.2698
36.2669
35.4038
33.7054
37.251
41.9464
41.9826
40.9836
39.8215
38.6226
39.6202
41.1187
46.9184
53.7117
53.7856
52.2871
54.9881
58.6845
58.9166
58.3172
59.727
61.6251
63.844
66.1417
68.0396
69.8378
72.8328
76.1296
72.8207
67.8256
67.5145
68.4136
73.1141
78.8085
82.212
85.0092
87.3337
89.5315
87.7204
84.8232
85.7682
87.7663
92.189
97.284
98.7121
99.1117
98.4996
97.6004
99.8841
103.081
105.194
106.992
108.945
110.943
112.016
112.815
114.383
116.181
121.199
127.193
122.713
115.02
119.453
127.645
130.284
131.184
131.096
130.697
132.643
135.34
136.981
138.28
140.557
143.155
143.124
142.225
143.273
144.971
146.222
147.32
147.227
146.728
148.606
151.303
155.853
161.048
166.687
172.481
174.884
176.083
177.429
178.828
183.746
189.94
197.742
206.134
210.077
212.375
219.982
229.573
232.272
232.372
237.102
243.596
252.182
261.572
273.05
285.338
289.661
290.86
298.141
307.832
316.024
323.616
336.831
352.316
360.207
365.002
370.576
376.47
388.152
402.238
415.057
427.345
439.633
451.921
460.919
468.512
482.247
498.631
514.179
529.364
541.01
551.1
566.796
584.978
603.575
622.356
630.815
634.611
650.417
671.696
691.059
709.541
725.566
740.452
756.426
772.91
794.142
817.619
832.37
842.96
858.068
875.351
893.98
913.261
929.256
943.642
951.944
957.238
966.666
978.155
991.771
1006.46
1014.65
1019.54
1023.38
1026.68
1030.3
1034.1
1038.42
1043.02
1048.92
1055.51
1053.23
1046.24
1047.9
1054.19
1055.81
1054.92
1061.01
1070.9
1075.82
1078.02
1074.68
1068.29
1060.55
1052.06
1057.25
1070.13
1067.15
1055.16
1049.02
1046.22
1050.96
1060.05
1061.95
1059.65
1066.42
1078.5
1075.34
1063.16
1055.72
1051.13
1051.96
1056.05
1069.29
1088.07
1089.56
1080.47
1078.73
1081.53
1083.83
1085.83
1088.99
1092.89
1099.48
1107.77
1110.69
1110.19
1105.5
1098.11
1094.35
1092.95
1100.98
1115.16
1110.32
1092.94
1085.22
1083.92
1083.52
1083.72
1075.15
1060.67
1048.8
1038.71
1034.95
1035.55
1032.38
1026.58
1028.96
1037.06
1034.77
1025.18
1019.8
1017.4
1017.16
1018.45
1019.12
1019.31
1022.29
1027.29
1024.9
1017.11
1019.55
1029.54
1031.62
1027.83
1024.94
1022.75
1018.1
1011.61
1011.75
1016.94
1019.76
1020.76
1020.41
1019.01
1016.83
1014.03
1014.92
1018.72
1020.68
1021.18
1020.9
1020
1019.32
1018.82
1014.58
1007.28
999.442
991.15
987.509
987.709
988.618
990.116
990.039
988.641
982.749
973.058
964.932
958.139
956.343
958.841
954.003
942.813
936.266
933.769
931.324
928.926
930.819
936.513
936.351
930.956
932.868
941.36
938.906
926.518
917.887
912.692
908.485
905.188
904.532
906.33
905.807
903.11
897.637
889.545
886.317
887.715
891.205
896.7
901.94
906.935
905.098
896.606
894.164
897.661
899.299
899.1
898.5
897.501
896.95
896.85
897.793
899.791
899.613
897.216
897.379
900.176
897.823
890.131
888.789
894.084
892.567
883.876
884.149
893.939
900.013
902.111
900.652
895.358
894.85
899.545
904.336
909.231
908.619
901.925
900.48
904.876
907.53
908.229
907.662
905.664
902.125
896.83
887.862
874.675
865.007
859.412
854.924
851.728
849.908
849.708
844.297
832.708
820.755
808.367
798.427
791.434
780.063
763.38
757.345
764.338
764.531
756.339
752.602
754.4
752.384
745.591
743.124
746.121
744.371
736.579
736.707
746.997
749.925
743.331
741.985
747.48
751.55
753.748
759.169
768.859
777.181
783.674
785.909
782.413
781.883
785.38
796.26
817.24
836.455
853.239
867.013
876.603
890.479
910.36
925.768
934.859
952.77
983.24
1009.24
1028.82
1046.15
1060.24
1082.33
1116.1
1145.01
1166.79
1190.1
1215.67
1240.57
1264.44
1291.19
1322.26
1346.83
1361.51
1388.07
1432.83
1466.24
1482.13
1502.62
1530.29
1556.99
1582.17
1609.08
1638.75
1661.04
1671.53
1690.75
1724.01
1754.84
1781.72
1809.84
1840.01
1876.93
1924.98
1968.72
2005.29
2045.47
2091.72
2136.01
2176.97
2220.22
2267.37
2317.94
2374.39
2429.26
2481.41
2526.77
2560.23
2602.66
2660.9
2709.16
2739.63
2777.46
2828.51
2885.67
2953.9
3015.56
3065.21
3113.67
3159.93
3205.59
3250.14
3295.12
3340.87
3382.24
3415.31
3454.66
3506.01
3561.97
3626.81
3673.68
3685.66
3715.15
3778.88
3825.4
3837.88
3856.71
3888.18
3909.76
3911.46
3920.22
3943.3
3968.15
3996.62
4016.61
4019.11
4020.35
4018.95
4025.47
4048.65
4055.63
4028.25
4013.35
4025.14
4035.44
4042.54
4040.23
4017.46
4005.17
4015.96
4016.45
3994.07
3976.44
3969.45
3951.02
3906.77
3870.34
3851.75
3834.78
3821.49
3800.48
3761.52
3733.03
3729.14
3713.17
3668.61
3641
3653.89
3657.03
3636.65
3616.94
3598.85
3590.04
3604.03
3615.81
3622.1
3630.33
3643.42
3655.57
3665.36
3676.7
3691.98
3713.35
3750.41
3787.26
3823.52
3856.4
3880.38
3903.04
3922.22
3947.94
3991.2
4031.39
4063.26
4095.26
4127.63
4159.17
4188.44
4215.13
4234.62
4255.3
4279.37
4301.97
4320.35
4335.9
4343.3
4346.27
4336.38
4331.81
4342.9
4351.55
4352.95
4354.5
4356.5
4352.77
4331.69
4315.06
4312.06
4302.49
4272.52
4249.44
4247.94
4243.63
4230.45
4213.62
4185.15
4158.85
4139.56
4122.95
4115.06
4107.1
4098.9
4085.4
4054.13
4026.24
4009.75
3989.31
3955.34
3927.79
3922.39
3917.67
3915.27
3906.99
3877.92
3852.54
3840.35
3832.59
3840.89
3845.98
3839.39
3831.78
3820.39
3808.73
3796.04
3785.89
3785.4
3779.24
3751.36
3731.55
3743.04
3748.51
3730.33
3715.12
3711.72
3708.16
3703.97
3694.81
3665.44
3638.94
3624.25
3610.43
3600.24
3592.5
3595.09
3594.31
3579.02
3560.71
3529.24
3505.15
3513.55
3514.34
3481.27
3449.56
3423.99
3399.38
3379.2
3357.5
3328.72
3299.58
3268.71
3242.32
3237.22
3225.15
3179.4
3140.28
3133.69
3124.23
3100.55
3075.84
3045.86
3017.5
2997.32
2975.55
2945.58
2914.81
2879.85
2847.69
2830.5
2812.51
2790.13
2768.11
2748.03
2729.75
2721.56
2711.05
2687.37
2665.62
2654.93
2641.22
2609.85
2580.68
2564.6
2550.76
2550.46
2546.36
2518.99
2492.13
2468.45
2449.37
2459.46
2466.28
2451.99
2437.55
2422.07
2408.22
2405.32
2400.48
2382.4
2367.29
2372.79
2374.39
2348.62
2326.9
2334.3
2339.49
2328.6
2318.8
2317.1
2317.59
2334.67
2349.25
2344.45
2337.06
2309.18
2286.48
2305.26
2323.29
2335.18
2346.13
2349.23
2350.34
2334.56
2319.6
2311.8
2303.2
2287.31
2275.74
2303.41
2328.02
2324.12
2319.32
2305.83
2295.08
2310.96
2325.14
2322.35
2319.95
2321.65
2322.84
2318.75
2314.4
2307.41
2300.45
2293.86
2286.81
2274.62
2261.5
2237.52
2214.03
2196.35
2179.49
2172.8
2165.44
2149.65
2134.22
2123.33
2111.88
2093
2072.57
2030.71
1991.23
1985.53
1979.87
1974.67
1968.87
1953.89
1938.76
1921.38
1904.33
1892.85
1881.32
1869.13
1856.58
1837.59
1819.09
1809.19
1799.26
1788.47
1776.72
1745.85
1716.16
1710.86
1704.53
1675.65
1647.32
1631.24
1615.01
1595.33
1575.47
1551.3
1527.41
1511.23
1494.69
1468.32
1442.38
1429.29
1415.85
1391.28
1366.99
1352.6
1337.9
1311.42
1285.14
1266.25
1247.27
1224
1200.81
1182.13
1163.58
1151.99
1140.26
1120.18
1100.17
1084.89
1069.57
1051.79
1034.06
1020.77
1007.38
982.303
957.311
944.424
931.428
896.462
861.515
832.743
803.957
761.399
718.84
