35.8213
83.075
130.329
137.781
145.174
142.711
140.213
142.585
144.982
148.074
151.171
142.689
134.097
136.37
138.768
140.673
142.571
143.78
144.979
142.447
139.85
138.134
136.436
137.769
139.168
139.59
139.99
138.636
137.238
139.436
141.733
140.733
139.634
140.084
140.583
139.924
139.224
137.079
134.881
137.975
141.272
139.959
138.461
137.729
137.03
137.574
138.173
134.573
130.777
130.79
130.99
133.281
135.679
137.128
138.526
135.855
132.958
134.028
135.327
131.818
128.021
128.176
128.576
131.698
134.995
140.071
145.266
139.991
133.997
134.626
135.725
140.082
144.678
139.798
134.203
131.76
129.563
131.435
133.633
133.615
133.415
131.373
129.175
129.735
130.534
131.517
132.516
130.861
128.963
127.978
127.079
126.818
126.618
129.055
131.753
128.189
123.993
125.592
127.79
123.482
118.487
123.68
129.974
128.171
125.474
125.469
125.769
128.935
132.431
132.621
132.421
128.922
125.026
126.202
128
127.845
127.445
128.02
128.719
127.209
125.41
125.729
126.328
123.672
120.575
123.273
126.77
121.855
115.761
118.234
121.931
125.453
128.949
128.965
128.465
128.139
127.84
126.76
125.561
131.623
138.816
134.022
127.328
128.637
131.235
129.196
126.399
126.514
127.113
128.482
129.98
129.603
128.904
128.715
128.615
130.467
132.665
133.677
134.476
130.291
125.196
128.361
133.057
133.548
133.248
133.368
133.567
133.684
133.783
136.806
140.402
139.667
138.069
139.711
142.009
142.814
143.314
145.137
147.235
144.629
141.033
143.94
148.236
151.382
154.279
157.668
161.164
162.699
163.798
165.305
166.903
165.817
164.119
167.289
171.585
175.395
179.092
182.627
186.123
191.15
196.545
198.162
198.862
204.211
210.705
213.2
214.698
220.425
227.218
223.586
217.292
223.383
232.674
236.501
238.898
246.194
254.785
255.181
253.383
253.314
253.714
259.367
266.46
271.441
275.837
281.715
288.009
288.777
287.978
289.663
292.061
298.175
305.368
306.459
305.76
313.304
323.294
326.983
328.781
332.419
336.615
339.893
342.891
346.116
349.413
352.786
356.183
365.8
377.389
380.2
380.2
380.804
381.603
382.101
382.501
388.982
397.474
404.542
411.136
411.679
410.181
414.493
420.787
430.201
440.691
451.848
463.237
477.212
492.098
507.352
522.737
535.622
547.61
561.578
576.264
602.723
633.492
656.167
675.848
699.092
723.668
754.265
787.133
820.724
854.591
899.208
947.96
981.962
1010.23
1059.24
1116.39
1180.11
1246.45
1304.01
1358.05
1423.56
1493.69
1567.51
1642.84
1709.6
1772.84
1856.19
1947.9
2039.05
2129.96
2214.41
2296.13
2388.14
2484.55
2598.19
2719.27
2831.73
2940.42
3063.9
3193.87
3323.08
3451.95
3584.35
3718.32
3853.8
3989.97
4124.97
4259.43
4384.87
4506.15
4649.33
4802.68
4969.5
5142.63
5282.86
5407.54
5526.13
5641.82
5773.42
5912.69
6037.62
6155.61
6270.98
6385.07
6484.31
6576.22
6671.4
6768.2
6834.9
6886.45
6950.99
7022.12
7087.23
7149.27
7216.38
7286.12
7323.73
7344.61
7353.57
7356.26
7378.48
7411.05
7434.77
7453.75
7463.77
7468.97
7488.66
7516.23
7522.52
7517.12
7506.58
7493.19
7516.87
7561.22
7545.17
7495.12
7503.26
7544.41
7570.77
7588.65
7574.04
7540.68
7531.49
7536.39
7532.97
7524.68
7526.62
7534.61
7539.73
7543.12
7535.11
7520.22
7508.69
7499.2
7506.94
7525.22
7535.6
7541.09
7563.15
7595.52
7627.89
7660.25
7654.57
7624.8
7604.42
7590.03
7586.22
7589.22
7572.77
7543.69
7489.13
7417.9
7369.43
7335.96
7275.85
7198.03
7130.13
7068.89
6992.75
6906.53
6853.59
6823.32
6795.72
6769.94
6714.24
6637.82
6598.57
6585.29
6572.12
6559.03
6542.85
6524.46
6524.49
6537.67
6501.4
6429.47
6399.55
6400.15
6390.37
6372.98
6353.93
6333.65
6331.41
6342.6
6337.64
6320.56
6325.43
6346.91
6351.27
6342.58
6356.08
6386.65
6394.93
6385.94
6372.01
6354.23
6331.25
6304.18
6288.58
6282.08
6266.38
6243.3
6194.78
6125.75
6080.36
6054.18
6022.79
5987.13
5955.68
5927.7
5883.48
5825.74
5783.59
5754.52
5723.12
5689.75
5638.91
5573.17
5524.79
5491.33
5463.48
5440.51
5391.28
5319.15
5270.14
5241.47
5212.16
5182.29
5140.81
5088.96
5063.72
5062.42
5049.81
5026.93
4999.15
4966.88
4948.12
4941.83
4919.85
4883.28
4866.94
4869.54
4857.03
4830.25
4821.09
4828.68
4823.58
4806.29
4804.2
4816.79
4823.86
4825.56
4826.1
4825.5
4816.01
4797.73
4778.84
4759.36
4725.73
4677.88
4647.05
4633.46
4598.67
4542.22
4509.32
4500.62
4469.47
4415.02
4368.49
4330.23
4279.17
4214.63
4171.95
4152.47
4125.89
4091.73
4057.32
4022.65
3997.04
3981.25
3955.55
3918.99
3895.91
3887.71
3860.75
3812.9
3768.48
3727.92
3682.91
3632.86
3574.35
3506.22
3441.9
3381.96
3306.97
3214.56
3130.03
3054.71
2969.33
2872.12
2775.19
2678.59
2596.64
2532.2
2468.26
2404.92
2341.23
2277.09
2216.59
2160.55
2108.17
2060.32
2016.74
1978.48
1939.77
1900.51
1871.23
1854.54
1834.25
1809.38
1792.86
1787.07
1778.53
1766.44
1759.99
1760.89
1767.49
1781.57
1793.34
1802.03
1818.38
1844.95
1877.87
1919.33
1971.73
2038.96
2110.92
2189.34
2284.23
2401.81
2532.61
2681.76
2843.48
3022.81
3215.96
3428.65
3658.94
3914.29
4191.83
4501.23
4822.18
5159.85
5500.65
5846.01
6211.58
6606.9
7001.32
7394.44
7791.4
8194.1
8601.31
9015.3
9416.25
9797.38
10180.3
10565.9
10917.7
11217.2
11529.8
11862.8
12186.9
12497.2
12785.6
13039.4
13305.7
13592
13879
14167.2
14462.4
14768.9
15105.3
15490.5
15862.4
16212.2
16576.1
16963.2
17367.2
17799.5
18244.6
18711.4
19150.5
19542.1
19961.3
20427.9
20882.1
21314.7
21742.1
22160.3
22594.7
23057.5
23501.5
23912.1
24350.7
24839.7
25294.2
25686
26088.9
26511.9
26934.6
27356.4
27774.4
28185.6
28584.8
28961.3
29345
29742.2
30145.7
30561.3
30946.3
31272.4
31592.9
31902.7
32205.9
32496.3
32800
33130.1
33414.2
33606.4
33792.3
33965.4
34118.9
34232.5
34318.6
34348.3
34404.8
34516.3
34606.7
34653.2
34707
34775.8
34811.6
34777.2
34760.3
34780.8
34801.3
34822
34808.8
34721.7
34634.5
34547.2
34450.6
34333.3
34205
34052
33885
33686.2
33502.5
33353.4
33171.4
32913.7
32682.6
32513.3
32325.2
32093
31869.4
31666.1
31501.3
31428.5
31341.7
31221.3
31132.9
31122.3
31134.1
31200.7
31260.7
31304.3
31387.3
31569.2
31740.8
31886.4
32050.8
32263.6
32482.4
32716.8
32951.4
33186.5
33438.8
33736.7
34026
34292.3
34593.6
34988.6
35351.8
35628.7
35946.2
36374.7
36755
37002.1
37254.2
37520.4
37760.6
37927.1
38106.6
38323
38514.3
38633.4
38706.5
38646.1
38633.7
38762.8
38861.7
38870.6
38851.1
38745.8
38650.8
38587.2
38515.2
38417.8
38321.2
38227
38110.3
37923.1
37748.2
37612.3
37466.5
37288.7
37115.4
36956.3
36786.9
36584.3
36403.1
36292.3
36170.7
36013.2
35844.9
35640.6
35460.7
35364
35269.9
35184.8
35093.5
34980.8
34884.9
34848
34807.3
34753.1
34701.4
34658.8
34592.2
34437.6
34294.7
34195.7
34104.3
34041.1
33976.1
33903.5
33847.2
33853.1
33834.2
33719
33606.3
33503.1
33411.9
33368.4
33319.9
33251.3
33173.4
33057.7
32950.5
32878.4
32791.2
32640.9
32507.9
32448
32377.4
32261.2
32142.4
32011.9
31885.4
31776.4
31658.5
31500.9
31333.6
31122.8
30917.4
30736.9
30554.6
30364.1
30164.7
29923.4
29688.4
29483.5
29282.3
29098.9
28903
28646
28388.2
28127.2
27881.4
27712.1
27522.9
27231.5
26950.5
26723.6
26506.4
26340.2
26167.6
25961.1
25758.7
25578.3
25393.7
25186.4
24984.8
24814.8
24645.6
24480.5
24323.9
24216.4
24093.5
23880.6
23671.7
23486.3
23315.3
23231.9
23143.9
23027.8
22909.4
22776.3
22641.7
22496.8
22357.2
22251.7
22145.1
22031.1
21915.9
21792.9
21684.7
21677.4
21656.8
21544.5
21447.5
21457.8
21466
21459.4
21447.9
21401.1
21355.1
21315.2
21279.9
21279.5
21281.1
21297.8
21313.6
21322.5
21330.4
21330.1
21335.3
21386.2
21425
21363.7
21307.5
21295.3
21285.3
21293.6
21298.9
21275.9
21255
21252.6
21252.9
21279.3
21304.1
21313.5
21323.8
21343.5
21358.7
21329.7
21301
21276.5
21253.3
21242.7
21228.3
21173
21112.6
20994.8
20878.7
20781.8
20684.9
20587.6
20484
20305.4
20131.7
20017.2
19898.4
19727.1
19558.1
19419.2
19276.8
19087.4
18900.7
18750.9
18601.7
18461
18321.8
18205.8
18088.1
17943.5
17803.5
17735.1
17664.9
17565.6
17464.9
17337.3
17207.1
17031.6
16858.1
16721.8
16586.5
16468.6
16348.8
16190.6
16031.5
15852.1
15672.6
15490.5
15307.8
15109.8
14914.1
14772.5
14627.4
14392.6
14158.5
13941.5
13726.2
13557.6
13386.9
13155.4
12926.2
12767.9
12609.2
12433.5
12256.4
12030.6
11805.6
11612.2
11420.2
11286.1
11150.6
10948
10746.6
10608.8
10470.5
10308.6
10147
10001.7
9856.8
9747.51
9637.46
9458.34
9279.06
9082.65
8886.35
8704.63
8522.48
8254.64
7986.66
7670.47
7354.23
6988.79
6623.35
