32.0236
84.3723
136.721
141.388
145.984
139.628
133.235
136.28
139.377
136.921
134.423
136.577
138.775
139.195
139.595
142.557
145.554
140.484
135.289
134.905
134.606
133.424
132.225
133.862
135.561
136.088
136.587
138.061
139.559
139.308
139.009
141.231
143.529
141.373
139.075
137.551
136.052
136.193
136.393
134.668
132.87
132.608
132.408
132.017
131.617
134.66
137.857
134.659
131.163
130.524
130.024
129.715
129.415
127.882
126.284
131.785
137.679
137.716
137.417
133.723
129.827
129.412
129.212
125.069
120.674
123.117
126.014
131.342
136.836
135.8
134.302
131.966
129.568
132.187
135.184
132.897
130.2
130.37
130.77
131.538
132.338
127.61
122.415
126.78
131.975
130.107
127.609
127.125
126.826
127.439
128.139
128.564
128.964
128.545
128.046
129.996
132.194
128.959
125.163
128.053
131.649
130.648
129.149
128.1
127.101
126.282
125.483
123.429
121.231
122.519
124.218
126.005
127.803
123.907
119.311
120.309
122.008
121.58
120.88
121.33
121.93
121.647
121.247
122.08
123.079
125.044
127.142
124.333
120.837
123.197
126.394
123.398
119.502
120.392
121.991
124.457
127.055
124.454
121.058
121.637
122.836
123.949
125.047
124.684
124.084
124.687
125.486
123.801
121.703
121.998
122.697
124.676
126.874
126.094
124.795
126.467
128.665
124.343
118.848
121.886
126.481
128.127
129.226
132.427
136.024
132.573
127.778
128.59
130.488
130.716
130.616
129.767
128.768
129.099
129.698
131.79
134.187
133.442
132.043
133.863
136.36
135.894
134.795
137.885
141.881
140.961
138.963
140.316
142.414
143.045
143.344
147.549
152.644
157.252
161.747
165.271
168.568
168.473
167.574
167.803
168.302
169.043
169.842
176.173
183.866
184.28
182.882
185.552
189.248
194.218
199.513
197.504
193.607
195.809
199.606
203.481
207.377
206.939
205.341
208.38
212.676
214.541
215.74
223.509
233.099
232.625
229.328
231.246
234.643
238.893
243.389
247.187
250.784
252.913
254.611
261.471
269.863
274.489
277.986
276.347
273.15
271.788
270.989
282.544
297.929
294.83
285.939
289.111
296.104
300.524
304.121
304.773
304.474
310.046
317.538
317.072
313.975
315.671
318.968
326.746
336.037
340.337
342.934
349.915
358.407
368.084
378.175
387.452
396.443
406.613
417.203
426.028
434.22
450.918
470.698
487.261
502.646
519.125
536.008
549.328
561.316
584.838
612.711
645.792
680.858
713.11
744.279
769.477
792.354
824.775
860.94
913.563
972.705
1020.29
1063.24
1115.24
1170.88
1223.12
1273.97
1333.53
1396.67
1460.94
1525.67
1586.47
1645.61
1726.44
1816.45
1895.4
1969.63
2057.19
2150.5
2245.27
2340.68
2444.69
2552.48
2645.53
2732.05
2837.96
2952.55
3067.55
3182.73
3299.91
3418
3536.22
3654.5
3772.58
3890.56
4019.3
4153.07
4261.33
4357.53
4471.8
4594.68
4710.21
4822.2
4916.77
5002.89
5109.86
5227.04
5314.81
5388.04
5461.26
5534.49
5596.22
5652.17
5714.94
5781.17
5824.41
5855.88
5908.43
5971.87
6009.1
6032.68
6060.32
6090.09
6113.78
6134.26
6155.59
6177.37
6187.01
6190.11
6211.65
6243.22
6249.69
6242.4
6244.43
6251.62
6242.85
6225.17
6233.89
6257.46
6251.09
6227.71
6232.29
6252.87
6254.89
6246.2
6264.53
6298.6
6280.86
6232.71
6217.87
6222.77
6228.35
6234.35
6230.43
6220.54
6230.16
6251.64
6237.86
6202.5
6196.53
6208.72
6220.3
6231.48
6229.66
6219.67
6215.37
6214.67
6220.44
6230.33
6210.85
6172.49
6138.86
6108.29
6063.28
6008.83
5971.61
5945.73
5896.75
5832.42
5761.86
5687.13
5651.81
5643.12
5592.6
5513.57
5469.85
5450.37
5426.87
5400.6
5362.91
5317.26
5277.82
5242.75
5223.76
5216.16
5211.48
5208.89
5198.16
5181.58
5171.94
5167.34
5154.33
5135.15
5116.66
5098.67
5087.73
5082.04
5070.81
5055.42
5049.03
5049.43
5059.23
5076.22
5074.22
5057.64
5051.75
5054.15
5064.57
5081.25
5069.59
5035.63
5021.77
5023.87
5015.09
4997.6
4961.04
4909.09
4863.81
4823.95
4794.25
4772.87
4743.5
4707.53
4667.92
4625.26
4585.48
4548.12
4515.41
4486.64
4457.86
4429.09
4386.13
4330.99
4284.89
4246.63
4207.88
4168.72
4139.82
4119.94
4091.37
4055.11
4021.38
3989.91
3975.73
3977.13
3964.23
3938.36
3912.07
3885.39
3865.69
3852.4
3834.66
3812.78
3805.81
3812.8
3808.39
3793.2
3778.07
3762.98
3756.31
3757.71
3756.37
3752.37
3750.96
3752.05
3754.46
3758.16
3755.13
3745.44
3720.49
3680.33
3650.73
3631.75
3611.38
3589.6
3564.11
3534.84
3502.67
3467.5
3431.01
3393.15
3363.88
3343.6
3321.28
3296.8
3261.96
3216.1
3177.97
3148.1
3119.48
3092.2
3066.65
3042.98
3021.45
3002.26
2980.14
2954.76
2924.14
2887.68
2863.83
2854.14
2827.01
2780.15
2733.81
2688.06
2634.86
2573.12
2505.55
2431.22
2366.85
2314.11
2254.29
2186.15
2120.26
2057.02
2003.94
1962.98
1915.4
1859.85
1805.53
1752.68
1713.58
1691.3
1659.76
1616.8
1577.59
1543.02
1516.26
1499.28
1480.35
1458.97
1438.34
1418.66
1402.96
1392.37
1384.31
1379.51
1375.45
1372.36
1373.92
1381.62
1392.79
1408.57
1426.88
1448.56
1476.8
1513.86
1552.66
1593.82
1641.69
1698.74
1764.68
1842.91
1935.63
2048.52
2167.32
2294.4
2436.92
2601.26
2780.02
2979.33
3190.24
3417.82
3655.68
3908.43
4167.12
4434.45
4715.82
5017.83
5324.3
5637.39
5969.54
6330.19
6670.63
6980.63
7300.38
7634.95
7956.94
8259.64
8555.4
8840.42
9132.59
9435.89
9716.96
9963.12
10234.3
10545.1
10825.5
11057.5
11303.7
11573
11845
12121.7
12415
12735.8
13049.1
13350
13686.7
14082.9
14455.8
14789.7
15133.6
15494.3
15847.9
16189.3
16567
17007.4
17430.5
17823.7
18200.9
18549.8
18909.2
19287.2
19678.4
20093.4
20480.6
20817.9
21183.8
21601.6
22002.5
22372.7
22747.2
23130
23519.7
23922.6
24283.2
24564.4
24877.7
25251.7
25580.6
25823.5
26102
26449
26791.1
27123.7
27423.9
27660.7
27898.4
28137.5
28384.7
28647.9
28860
28969.6
29089
29228.4
29361.1
29480.4
29569
29594.2
29632.3
29697.3
29758.5
29811.7
29845.9
29840.1
29824.2
29786.7
29779.6
29838.6
29867.9
29832.6
29791.2
29736
29672.7
29591.3
29499.8
29385.8
29257.6
29097.1
28938.5
28783.9
28611.9
28399.5
28195.5
28011
27840.1
27701.1
27531.8
27290.6
27119
27113.5
27082.4
26989.7
26915.9
26888.3
26887
26950.6
27006.6
27043.6
27104.9
27227.4
27346.4
27456.6
27586.4
27766.2
27960
28190
28432
28705.5
28962
29174.2
29390.4
29617
29842.7
30065.8
30316.2
30640.5
30946.5
31202.5
31444
31645.1
31862.5
32125.3
32356
32496
32632.3
32758.4
32880.3
32990
33081.8
33121.6
33171.2
33249.5
33298.3
33259.6
33234.7
33251.2
33242.7
33158.5
33089.2
33065.5
33020.4
32908.9
32785.5
32625
32488.7
32429
32347.5
32196.2
32039.9
31867.6
31701.3
31554.8
31400.8
31221.5
31048.8
30898
30782.2
30784.8
30751.9
30597.6
30450
30325.1
30208
30118.3
30028.4
29937.8
29843.8
29737.5
29642.2
29586.6
29525.7
29444.9
29367.2
29300.2
29242.9
29221.7
29194.4
29143.8
29087
29006.9
28923.3
28826.3
28740.5
28698.6
28661.5
28643.4
28615
28545.5
28475.7
28403.9
28338.1
28296.8
28237.8
28105.5
27983.5
27905.5
27828.3
27754.6
27671.3
27545.6
27414.6
27260.3
27102.9
26932.4
26785.5
26745.6
26678.9
26490.2
26299.8
26101.4
25913.6
25775.7
25626
25419.6
25214.8
25017.4
24817.8
24606.4
24398.3
24206.9
24018.7
23846.5
23659.5
23396.5
23154.8
23023.7
22884.4
22701.4
22519.6
22343.2
22170.4
22016.6
21863.8
21717.2
21570
21419.6
21271.7
21137.8
21003.2
20864
20730.1
20626.8
20522.1
20409.4
20298.5
20199.5
20095.4
19959.9
19827.6
19714.6
19603.8
19506.7
19404.4
19268.6
19133.5
19003.2
18890.3
18894.4
18890.4
18831.1
18773.3
18724.9
18678.2
18642.7
18610.4
18600.5
18590
18575.2
18561.7
18557.3
18553
18549.3
18544.6
18532.5
18522.7
18530.9
18546.3
18620
18685.6
18685.3
18679.4
18627.2
18575
18523.5
18480.8
18514
18541.7
18520.9
18502
18499.9
18500.1
18521.7
18546.3
18600.6
18650.7
18660.3
18663.2
18599.2
18541.8
18551.1
18558.4
18544.5
18526.2
18460.9
18396
18336.7
18272.5
18153.6
18038.1
17960.7
17879.5
17751.3
17628
17564.8
17493.3
17318.3
17146.5
17016.6
16885.4
16736.3
16587.1
16437.6
16293.3
16221.1
16145.9
16024.5
15903
15780.5
15656.8
15512.8
15370.6
15256.3
15143.6
15057.9
14971.2
14867
14761
14623.2
14488.1
14406.4
14322.4
14192.8
14061.6
13897.7
13736.4
13632.8
13525.8
13340.5
13156.1
12993.9
12831.4
12658.9
12487.4
12344.8
12200.7
12016.6
11833.2
11672.2
11510.6
11328.4
11146.5
10975.2
10804.4
10653.7
10503.6
10374.2
10243.6
10056
9869.8
9743.72
9617.1
9461.35
9305.9
9167.83
9029.97
8906.1
8782.48
8678.88
8574.63
8411.09
8247.65
8095.7
7943.62
7772.19
7600.48
7372.6
7144.62
6881.18
6617.7
6322.19
6026.68
