40.0211
86.8752
133.729
140.184
146.578
144.808
143.01
144.192
145.391
143.317
141.219
140.705
140.206
141.879
143.577
142.713
141.814
142.193
142.593
137.985
133.29
133.984
134.783
137.44
140.138
140.297
140.397
139.621
138.821
142.785
146.881
142.828
138.533
140.239
142.137
140.944
139.645
139.021
138.422
137.63
136.831
134.495
132.097
137.654
143.548
140.548
137.151
136.236
135.437
137.876
140.474
138.033
135.336
131.975
128.578
130.956
133.653
133.328
132.828
134.591
136.489
134.53
132.332
129.853
127.355
130.104
133.201
136.204
139.202
137.068
134.57
132.817
131.119
128.306
125.409
130.484
136.178
132.992
129.096
132.677
136.873
134.713
132.015
130.697
129.498
131.051
132.849
131.169
129.171
129
129
128.18
127.281
129.928
132.925
128.935
124.239
124.977
126.276
125.767
125.068
127.614
130.512
129.54
128.142
129.077
130.276
129.415
128.316
128.915
129.714
129.8
129.8
129.444
129.044
127.846
126.547
125.248
123.949
125.921
128.319
124.631
120.135
123.12
127.116
128.215
128.914
130.226
131.625
129.44
126.742
125.092
123.593
127.229
131.625
129.855
127.158
127.493
128.292
127.968
127.468
128.349
129.447
131.665
134.063
130.966
126.97
128.284
130.482
132.338
134.136
132.95
131.252
132.871
135.069
133.702
131.704
132.247
133.246
133.4
133.4
131.461
129.164
132.836
137.631
137.058
135.459
136.204
137.403
137.182
136.683
138.766
141.363
144.044
146.741
146.288
145.189
146.654
148.652
148.752
148.453
146.012
143.115
141.943
141.144
147.637
155.729
160.306
164.102
165.697
166.796
165.21
163.012
166.171
170.566
175.043
179.539
185.326
191.42
195.178
198.375
201.491
204.588
209.048
213.843
216.959
219.657
223.87
228.465
230.514
231.913
233.629
235.427
239.839
244.934
249.555
254.05
255.946
257.144
254.884
251.688
259.939
271.328
274.973
276.472
280.779
285.874
289.023
291.621
295.383
299.479
305.665
312.459
313.768
313.468
316.25
319.947
324.565
329.461
333.589
337.485
344.669
352.861
358.003
362.199
367.231
372.526
373.952
374.151
376.773
380.169
385.226
390.821
393.781
395.879
395.874
395.175
402.039
411.43
416.414
419.911
429.069
440.158
449.984
459.375
468.321
477.112
490.782
506.167
522.289
538.673
554.91
571.094
584.638
597.226
619.686
645.76
674.533
704.304
728.547
750.725
783.131
819.396
858.265
898.125
932.287
964.256
1002.77
1043.83
1097.95
1157.19
1208.85
1257.5
1324.42
1398.65
1457.72
1510.67
1581.14
1658.77
1738.87
1819.99
1907.04
1996.55
2082.47
2166.89
2264.5
2367.7
2462.5
2553.71
2666.7
2789.08
2896.78
2998.08
3113.54
3235.22
3352.95
3468.94
3601.21
3740.78
3886.95
4036.1
4185.6
4335.25
4454.73
4560.32
4706.24
4870.88
5016.68
5153.64
5295.76
5440.32
5570.67
5694.25
5825.72
5960.99
6084.09
6201.27
6328.45
6460.52
6561.03
6645.95
6729.4
6812.12
6884.27
6951.1
7013.96
7074.8
7141.85
7212.08
7258.53
7292.7
7343.42
7402.76
7441.54
7469.51
7477.5
7474.9
7476.02
7479.11
7492.66
7511.84
7533.09
7555.47
7562.82
7561.92
7571.31
7586.4
7570
7536.03
7532.3
7545.59
7559.26
7573.14
7577.25
7575.75
7587.04
7605.72
7623.84
7641.62
7628.75
7597.88
7591.04
7598.44
7595.57
7586.58
7594.67
7613.05
7614.16
7604.76
7596.3
7588.41
7583.42
7580.23
7608.19
7655.54
7672.39
7670.09
7671.1
7674.19
7655.52
7622.95
7627.28
7655.35
7638.65
7592.89
7535.66
7470.92
7410.7
7353.46
7306.36
7266
7210.68
7145.35
7062.01
6966.5
6906.64
6871.08
6834.09
6796.13
6750.67
6700.02
6653.84
6610.78
6599.74
6611.23
6607.64
6593.36
6575.28
6554.5
6541.74
6534.74
6516.64
6490.47
6473.06
6462.07
6455.5
6452.21
6434.71
6406.63
6395.34
6396.64
6408.57
6428.55
6444.06
6456.15
6476.31
6502.69
6502.66
6482.18
6477.97
6486.46
6465.38
6421.02
6404.18
6409.18
6389.03
6348.77
6315.81
6288.74
6250.03
6201.88
6139.67
6065.94
6034.3
6037.39
5993.32
5910.01
5841.9
5786.55
5753.19
5738.4
5712.13
5676.06
5627.96
5569.52
5533.94
5518.15
5483
5430.95
5377.58
5323.03
5296.13
5293.73
5263.74
5209.09
5171.21
5148.44
5120.89
5089.02
5071.97
5068.48
5055.16
5032.78
5006.67
4977.1
4965.33
4970.22
4959.65
4934.47
4923.33
4925.52
4919.2
4904.72
4908.22
4929.1
4941.12
4944.52
4947.86
4951.16
4931.15
4888.1
4854.84
4831.37
4806.05
4778.87
4748.97
4716.3
4681.9
4645.74
4620.6
4606.82
4575.96
4527.41
4488.29
4459.01
4428.67
4397.2
4361.28
4320.62
4286.81
4260.34
4231.27
4199.4
4170.83
4145.86
4114.49
4076.13
4046.65
4026.96
4011.35
4000.26
3967.51
3910.47
3854.74
3800.49
3733.78
3652.85
3584.49
3530.54
3461.78
3375.86
3291.65
3209.43
3116.93
3012.33
2938.14
2899.97
2833.45
2733.05
2645.34
2572.91
2511.67
2464.02
2417.08
2371.03
2320.72
2265.18
2217.12
2178.35
2132.72
2078.47
2038.57
2016.8
1993.52
1968.35
1946.41
1928.63
1917.6
1915.3
1909.62
1899.53
1896.82
1903.81
1910.42
1916.51
1938.78
1982.64
2024.49
2063.65
2114.85
2182.39
2251.82
2323.85
2418.73
2545.1
2670.81
2795.59
2952.03
3152.83
3357.65
3568.14
3800.6
4064.35
4343.92
4646.22
4958.12
5283.9
5628.53
6000.67
6369
6731.75
7109.9
7510.91
7902.15
8278.78
8668.96
9079.55
9470.33
9830.97
10188.8
10542.4
10887.7
11220.2
11560.6
11913.2
12227.7
12482.4
12761.7
13079.8
13394
13702
14008.3
14311.9
14605.5
14882.7
15192.4
15555.1
15920.7
16291.2
16689.7
17135.1
17567.6
17978.5
18403
18850.6
19293.5
19728.6
20152.7
20558
20976
21416.1
21843
22246.7
22669.2
23125.1
23559.1
23954.2
24376.7
24848.3
25305.8
25737.7
26159.8
26564
26976.4
27404
27836.7
28279
28708.3
29113.6
29499.9
29850.5
30208.7
30581
30931.9
31241.7
31559.7
31893.6
32196.9
32440.2
32693.5
32966.5
33210.7
33397.8
33591.4
33797.8
33991.3
34158.9
34304.5
34405.5
34464.9
34438.2
34472.4
34633.5
34756.2
34798.3
34836.9
34867.9
34864.8
34788.9
34753.1
34803.8
34808.7
34713.6
34646.2
34639.7
34592.8
34456.3
34308.7
34136.1
33976.2
33845.4
33662.8
33362.2
33097
32913.5
32720.2
32504.2
32291.6
32086.8
31884.8
31689.6
31528.4
31448.4
31361.6
31258.6
31186.8
31191
31202
31229.5
31298.4
31469.7
31619.8
31716.6
31826.3
31968.4
32121.1
32300.7
32498.6
32743.6
32999.1
33282.4
33556.6
33807.1
34074.6
34387.1
34715.7
35087.6
35450.3
35788.4
36113.4
36402.6
36669.2
36873.3
37106.8
37422.5
37700.7
37873
38044
38211.3
38375.7
38532.3
38654.7
38677.8
38714.8
38792.7
38862.3
38907.1
38926.6
38870
38803.3
38706.1
38601.8
38475.7
38373.2
38343.5
38249.8
37955.8
37702.4
37577.7
37432.6
37222.7
37040.7
36948.9
36829.6
36620.3
36429.8
36301.8
36160.8
35976.8
35794.8
35619.4
35454.9
35327.3
35194.3
35042.6
34907.9
34832.9
34757.4
34680.1
34596.1
34488
34387.2
34313.6
34254.5
34248.8
34230.2
34164.2
34101
34048
34007.9
34017
34010.4
33943.5
33865.4
33743.3
33621.8
33502.7
33385.3
33274.3
33170.7
33096.8
33032.1
33005.5
32965.5
32870.9
32774
32667.4
32553.1
32406.4
32268.4
32167.8
32067.5
31968.5
31857.8
31695.6
31539.8
31412
31276.3
31104.8
30926
30713.9
30492.4
30227.8
29969.4
29740.2
29520.7
29347.4
29170.2
28974.2
28768.5
28515.3
28247.5
27906.5
27592.4
27413.9
27231.5
27029.5
26823.2
26594.7
26381.1
26246.4
26102.1
25906.6
25726.3
25628.1
25508.6
25272.4
25047.1
24882.9
24722.5
24583.4
24436.4
24244.7
24059.6
23913
23763.8
23598.8
23441.7
23332.8
23221.5
23094.9
22965.3
22817
22678.2
22598.9
22509.4
22354.6
22202.6
22070
21939.5
21824.2
21714
21639.3
21567.8
21518.4
21469.6
21424.4
21383.5
21373.4
21359
21314.6
21273.9
21261.5
21254.7
21290.1
21316.9
21278.2
21246.9
21274.2
21299.9
21312
21325.5
21350.7
21369.1
21330.6
21295.9
21293.7
21294.8
21325.7
21351.7
21333.4
21318
21329.9
21334.1
21267.6
21213.6
21279
21333.9
21285.8
21244.1
21267
21284
21241.5
21199
21155.1
21110.1
21052.5
20992
20898.1
20802.6
20689.2
20575.1
20452.6
20332.2
20236.5
20135.4
19968.2
19800.7
19627.9
19458.7
19337.2
19213.1
19053.8
18899
18807.2
18710.8
18549.6
18389.5
18246.5
18103.9
17966.8
17830.4
17706.6
17583.2
17466
17346.5
17186.7
17029
16907.6
16785.9
16660.3
16532.2
16355.6
16180.5
16033.2
15883.8
15693.6
15506.8
15393
15274.8
15057.2
14840.7
14650.6
14460.9
14280.7
14099.8
13900.2
13700.9
13507.1
13313.2
13116.8
12920.8
12736.2
12551.4
12361.7
12170.5
11926.1
11683.1
11500.9
11320.1
11201.2
11081.1
10901.3
10721.9
10564.2
10406.4
10240.3
10074.8
9953.33
9831.2
9658.87
9486.78
9337.13
9187.21
9008.09
8828.89
8638.68
8448.16
8195.7
7943.03
7617.35
7291.67
6968.19
6644.71
