-91.9802
-48.2231
-4.466
1.88434
8.17817
6.20889
4.21084
7.28015
10.3771
9.30919
8.21027
5.52785
2.8305
5.86195
8.95891
6.83131
4.63346
4.40324
4.20343
5.08366
5.98278
6.19598
6.39578
7.9647
9.56313
6.76966
3.8725
4.57922
5.37843
2.67822
-.119038
-.588043
-.987651
1.03311
3.13105
4.35943
5.55825
6.8535
8.15223
4.92827
1.53159
.0555563
-1.34307
3.00845
7.60394
6.46104
5.06241
5.95444
6.95346
5.85702
4.65819
4.98021
5.37982
5.77943
6.17904
5.53737
4.83805
4.98893
5.18873
3.69168
2.09325
1.90592
1.80602
3.11429
4.51292
5.25577
5.95509
6.93486
7.93388
4.82811
1.43144
2.22404
3.32297
4.79349
6.29202
7.41974
8.51866
7.58241
6.48349
5.84613
5.24671
2.80498
.207526
3.03337
6.33014
5.77448
4.87536
7.17975
9.7772
6.71201
3.11553
1.88863
.889605
1.80035
2.89928
3.63522
4.33453
3.40395
2.30503
3.28425
4.48307
1.3543
-2.24218
1.08846
5.18445
6.1386
6.73801
5.00858
3.01054
.923119
-1.17482
.829485
3.32704
5.2017
6.99994
6.57848
5.87917
5.88859
5.98849
5.11604
4.11701
3.29439
2.49518
3.89608
5.59441
5.53657
5.23686
5.46284
5.76254
3.35231
.555052
1.07222
2.07124
2.98323
3.88235
4.17366
4.37346
5.35298
6.4519
6.25424
5.85464
5.11006
4.31084
3.68372
3.0843
2.91415
2.81424
3.31393
3.91334
4.51276
5.11217
4.17683
2.97801
4.16109
5.75952
4.81179
3.41316
1.92985
.431319
1.46721
2.96574
4.46427
5.9628
4.26595
1.9682
4.62016
8.21664
7.96302
6.964
5.71447
4.41575
1.4509
-1.84587
-.322243
2.17531
5.25326
8.45013
8.25553
7.35641
6.04468
4.64605
6.29352
8.59127
5.96113
2.26476
4.22194
7.41881
6.44694
4.5488
6.07551
8.37326
8.6373
8.4375
7.50732
6.4084
5.71426
5.11485
5.24228
5.54199
4.87491
3.97579
3.8
3.8
4.92243
6.32106
5.96018
5.16096
6.19673
7.69526
8.5571
9.25642
7.89158
5.99344
5.91678
6.31639
7.74298
9.44132
10.194
10.6935
9.07063
6.87279
4.51812
2.12047
4.80685
8.90284
7.22533
3.92856
4.60084
6.39907
7.96443
9.46296
8.01904
5.7213
7.74882
11.0456
10.3362
8.43808
6.23255
3.9348
3.78325
4.28276
4.93517
5.63449
7.70645
10.204
9.27875
7.28071
7.33106
8.03038
8.80536
9.60458
8.5924
6.99396
6.97639
7.4759
6.32358
4.62524
4.72421
5.42353
5.97346
6.47297
5.78054
4.68162
4.3257
4.2258
4.2
4.2
7.5998
12.1953
12.2943
10.7958
9.73834
8.83922
10.1397
12.2377
10.7525
7.95522
8.22102
9.61965
9.34539
8.44627
9.143
10.4417
12.2468
14.2449
14.4393
13.9397
14.3036
15.003
14.5542
13.6551
14.7596
16.6578
15.4873
13.0896
14.1792
16.6767
19.1033
21.501
20.926
19.1278
18.6
18.6
20.1485
22.3463
22.0875
20.7888
22.3598
25.1571
25.3718
24.4727
24.1304
24.0305
26.0822
29.0792
30.4845
31.1838
34.7127
39.508
39.1419
36.4445
34.3648
32.5665
34.3265
37.7232
40.7787
43.6759
44.668
44.7679
46.6995
49.4968
49.5206
48.2219
48.8792
50.4776
51.7398
52.8387
55.4799
58.8766
59.0639
57.6653
58.7333
61.031
61.9994
62.2991
61.7373
60.7382
61.9859
64.3835
64.5412
63.5421
62.2147
60.7162
64.3914
70.7851
68.4947
61.6014
60.8926
63.49
65.698
67.6961
65.9411
62.1448
64.2191
69.5139
68.6344
64.3386
62.9282
63.128
63.5196
64.0191
65.4108
67.309
68.1271
68.3269
66.4365
63.3396
64.1574
67.2543
67.6446
66.4458
64.494
62.0964
62.6387
64.9365
67.8578
71.1546
71.9027
71.1035
68.5072
64.8109
63.7088
64.2084
65.0773
66.1762
67.1524
68.0515
68.8283
69.5276
67.3605
63.3644
64.1101
67.9064
67.2791
63.7826
62.8832
63.6824
64.7224
65.9213
62.5594
56.1657
56.0523
60.1483
62.2769
63.0761
63.5188
63.7186
62.3194
59.8218
57.0881
54.191
54.3532
56.6509
58.4796
59.9781
59.7818
58.3832
59.0232
61.1211
61.1873
59.7886
59.1421
59.0422
59.173
59.4727
58.9104
57.7116
57.8872
59.086
59.3146
58.8151
57.6331
55.9348
56.3903
58.4882
58.1573
55.9595
55.9569
57.6552
58.1756
57.776
58.2708
59.4696
59.8329
59.5332
59.3445
59.2446
57.5407
54.5436
54.4125
56.6103
55.4033
51.4072
52.1172
56.7127
57.0551
53.8583
54.4646
58.2608
57.1308
51.836
50.5867
52.7845
53.9612
54.2609
54.2393
53.9396
52.5195
50.1219
49.9568
51.755
50.6934
47.0969
46.6663
49.064
49.6217
48.5228
48.8903
50.5887
50.513
48.8146
49.0396
51.0377
51.5857
50.7865
50.1936
49.794
49.2916
48.6922
49.3216
51.1198
50.0619
46.2656
45.2637
46.962
48.9134
51.1113
51.6454
50.5465
49.6485
48.9491
48.2498
47.5505
47.2996
47.4994
46.7066
44.9084
45.2853
47.8828
48.6583
47.5594
47
47
47.3908
48.19
48.7946
49.1942
48.867
47.768
47.5378
48.2371
47.6387
45.6406
45.5095
47.4077
47.1128
44.4154
43.8071
45.5055
45.8799
44.781
43.7291
42.7301
41.5904
40.2917
41.6079
45.9037
46.7585
43.6615
43.4817
46.6786
46.5557
42.5596
41.456
43.7537
44.0857
42.0876
41.5462
42.7451
42.6295
40.9311
40.9477
43.0457
43.3013
41.3033
40.4237
40.9232
40.0864
37.5889
36.8208
38.2195
38.2053
36.407
36.6747
39.5718
39.5371
35.7409
34.5148
36.6128
37.453
36.6538
37.6247
40.9214
42.5421
41.9427
41.0866
39.8878
38.2631
36.0653
36.5803
40.7762
42.3983
40.5002
40.5759
43.3732
46.045
48.5426
49.4591
48.1604
48.2282
50.2262
50.5345
48.4366
48.2254
50.723
52.9348
54.733
56.4906
58.189
60.0086
62.0066
63.2402
63.3401
64.8414
68.4379
71.118
72.4167
73.7947
75.2932
78.646
84.8399
87.8934
86.0951
85.625
87.2234
89.4437
92.6405
95.4894
97.7871
98.5844
96.986
98.1052
103.6
107.152
107.552
109.202
112.898
115.803
117.401
119.112
121.01
121.902
121.102
124.088
133.478
137.481
132.286
131.313
137.607
142.111
143.51
144.799
145.898
149.273
156.666
162.083
163.981
165.45
166.149
168.519
173.914
178.142
180.24
181.53
181.33
182.388
185.785
188.486
189.885
193.081
199.674
204
204
205.264
208.96
210.754
208.856
209.863
216.556
219.724
215.928
215.436
221.53
225.865
226.665
228.025
230.522
232.79
234.588
234.594
230.897
228.238
227.738
229.719
236.912
239.943
234.149
232.3
238.893
244.001
245.899
244.654
236.562
232.718
238.212
240.51
235.715
232.4
232.4
232.676
233.575
233.073
229.377
227.375
229.273
227.655
217.864
213.239
220.732
224.309
218.615
214.217
212.918
212.468
214.067
214.938
214.039
212.418
209.021
206.456
205.957
206.141
208.039
210.022
212.22
213.435
212.136
211.367
211.967
212.76
214.059
215.688
218.185
219.262
216.565
216.742
224.634
231.531
235.727
238.265
236.267
235.331
237.329
239.669
242.966
246.289
249.685
251.707
249.809
249.147
252.044
254.302
254.702
254.467
252.369
250.649
250.05
249.325
248.226
246.632
243.535
241.028
240.329
239.678
239.179
240.13
245.624
250.088
251.287
251.486
248.489
244.454
237.061
232.687
238.181
241.379
236.983
232.795
229.298
226.258
224.759
224.979
231.073
233.782
224.791
218.822
223.418
227.044
227.244
226.243
220.948
216.951
217.651
218.2
218.2
217.966
216.867
215.368
212.371
210.25
211.449
212.131
210.833
210.168
211.966
212.954
210.756
210.124
215.718
218.729
211.336
205.577
206.476
207.531
209.229
210.041
207.143
204.953
205.752
207.042
210.439
211.741
203.949
197.859
199.258
199.686
195.79
191.948
188.351
186.045
189.641
193.078
195.776
197.211
192.716
188.099
182.904
178.823
180.121
180.827
178.629
176.264
173.067
170.929
174.126
175.803
169.709
163.792
158.797
155.063
157.96
159.549
154.154
150.254
154.45
157.923
157.424
156.469
152.972
150.045
150.345
150.541
150.141
149.479
147.281
145.529
146.429
146.944
145.146
143.474
142.575
141.979
143.278
143.842
139.746
136.186
136.087
135.63
132.833
130.426
130.626
130.979
132.378
133.714
134.613
134.99
131.693
128.947
130.146
130.405
123.812
118.45
122.246
125.74
126.939
128.286
130.784
132.854
131.555
130.466
131.066
131.263
128.166
125.24
123.741
122.777
126.374
129.23
125.633
122.36
121.96
121.995
125.992
129.755
131.353
132.41
128.314
124.674
125.474
126.209
126.309
126.302
125.203
124.4
126.698
128.485
124.788
121.45
122.049
122.34
119.143
116.454
119.651
122.453
120.555
118.853
119.552
120.171
119.771
119.114
115.118
111.608
114.606
117.116
112.92
109.177
111.874
114.203
111.106
108.151
107.351
106.474
104.377
102.579
105.676
108.393
104.697
101.189
100.989
100.665
98.0676
95.63
96.2294
96.6368
93.2401
90.0921
92.0901
93.9515
92.8526
91.6989
89.3013
87.012
87.3117
87.5847
87.1851
86.713
84.3153
82.0034
82.1033
82.242
83.5407
84.6906
81.0942
77.6341
78.8329
79.8783
75.2828
70.7877
70.2882
69.7955
69.5957
69.3197
65.4235
61.5665
59.7682
58.045
60.7424
63.3838
62.2849
61.1605
58.0635
55.0475
59.4432
63.7717
60.5748
57.3924
56.2935
55.1842
51.9874
48.8032
49.9022
50.9938
44.7998
38.6059
