-8.19684
-1.2037
5.78945
5.30124
4.80173
1.71377
-1.38319
-3.08912
-4.78745
-2.81672
-.818676
.38762
1.58644
-1.95581
-5.55229
.413182
6.50721
.106855
-6.48668
-3.85081
-1.05355
1.84169
4.73885
-.676444
-6.27096
-2.59368
1.3025
1.78961
2.18922
-.71619
-3.71325
-.889684
2.10738
2.78089
3.3803
4.75266
6.15129
4.5608
2.86247
1.7415
.642575
1.46428
2.3634
5.56258
8.85935
3.07031
-3.12362
.0359952
3.63247
5.03823
6.33696
2.31273
-1.98306
5.19884
12.9912
3.08193
-7.8074
-3.58226
1.51274
2.27135
2.77086
-.774807
-4.57109
-.481608
4.11389
-.471481
-5.66639
-1.7931
2.70249
1.60064
.102107
-3.25832
-6.7549
-1.14735
5.14648
-.61113
-7.30457
-4.56223
-1.06566
1.78473
4.58199
3.87884
2.87982
-2.89906
-9.09299
-5.19722
-.401921
-5.21714
-10.9115
-7.38135
-2.98566
3.14164
9.43548
6.54422
2.74794
-.0501328
-2.74749
-1.3701
.428136
1.32283
2.12205
4.72443
7.52169
7.0803
6.28108
3.68653
.889271
-3.25155
-7.54734
-.492482
7.89929
.595492
-8.5955
-6.21862
-2.42234
-1.02333
.0755897
-.863105
-2.06193
1.42425
5.52023
6.3528
6.75241
5.74394
4.54512
3.87314
3.27373
4.68942
6.38776
3.45297
-.143504
.882768
2.5811
6.62914
11.0248
5.2614
-2.03145
-1.70048
-.201953
-1.03726
-2.23609
-6.62589
-11.5211
-2.90692
7.8825
2.78946
-4.90301
-4.02992
-1.73218
-3.10919
-5.10723
-1.05154
4.04346
3.52398
2.02545
5.789
10.4844
2.30896
-8.18076
-2.61913
5.87254
2.05861
-4.03541
-4.15911
-3.16009
.104057
3.80043
3.14453
1.646
-.771049
-3.3685
-3.8
-3.8
-1.63913
.958323
2.89246
4.6907
5.08272
5.18262
.24862
-5.74551
-3.34226
.853632
-.535418
-3.13287
8.19873
22.5846
12.8573
-2.22794
-2.79831
-.100952
.237303
.0374991
-.973831
-2.17266
.190617
3.38748
3.59619
3.09668
3.24169
3.5414
1.7515
-.546246
1.64573
4.9425
5.44004
5.24024
7.83281
11.1296
7.82068
2.82558
2.51451
3.41363
.353014
-3.74297
-2.94102
-.843077
-2.29128
-4.68893
-2.52735
.869325
5.12852
9.62412
7.47136
3.47528
3.22416
4.02338
1.16485
-2.73133
1.60111
8.29455
10.6518
11.7507
11.3821
10.5829
7.54947
3.8531
5.5359
8.83267
6.84061
3.24413
.565106
-1.83254
.879099
5.17489
1.5602
-4.53383
-4.1792
-1.78155
-.670305
.02901
-1.83782
-4.53518
-.0057338
6.88751
6.3475
3.35043
1.70135
.502522
.2
.2
-.470465
-1.36958
2.04072
6.93592
5.53223
1.93576
1.96081
3.25954
1.16747
-2.1293
-1.82372
-.225291
1.66643
3.66447
4.56563
5.06514
2.42866
-1.36762
-3.63648
-5.33482
-6.30777
-7.00708
-6.76594
-6.16653
-3.11413
.881956
4.51828
8.01486
7.34963
5.05188
5.33027
6.629
4.28818
.4919
.609854
2.30819
-.180829
-4.37672
-3.47671
-.479647
2.72916
6.02593
5.45153
3.25369
2.67019
2.77009
3.7799
5.17853
2.52891
-1.86678
-1.80797
.190075
-1.21277
-4.10993
-1.19344
4.30117
5.0338
3.63517
2.99354
2.69384
3.42347
4.6223
6.09483
7.69326
3.96966
-2.22427
-2.0909
1.00606
2.06784
2.16774
3.8911
6.38865
5.17656
2.17949
.594729
-.30439
1.61287
4.90964
3.79359
.496824
-3.73325
-8.42865
-4.21718
4.47431
6.53844
5.23972
2.35512
-1.34125
-1.28236
.71568
4.29019
8.68588
8.36627
5.56901
3.55529
1.95685
3.02747
5.52502
6.07548
5.57597
-.423651
-9.41484
-5.11667
6.47197
7.51285
2.71755
.551161
-.148154
.558862
2.05739
1.89899
.800065
-2.01424
-5.81052
-3.33646
2.75757
2.66378
-1.03259
.306645
4.60243
5.5725
4.57348
4.95064
6.14947
4.35511
.758639
.829728
3.12748
4.7436
5.94242
6.33823
6.23833
5.7074
4.90818
4.53862
4.43872
4.58355
4.88325
3.35334
.655981
1.72771
5.22428
4.41855
.822071
-.902001
-1.40151
-1.17857
-.479255
1.06018
3.15812
3.04299
1.44456
-.0942555
-1.59279
1.54354
7.83737
8.03098
4.0349
3.28544
4.78398
4.98816
4.28885
4.29319
4.7927
4.06492
2.46649
1.8
1.8
.929238
-.569294
-2.93565
-5.93271
-6.39277
-4.99414
-4.22761
-3.9279
-.650277
4.84434
5.3737
2.17683
1.88065
3.77879
3.40971
1.31177
.964845
1.96387
4.93299
9.42859
7.92223
1.7283
-.496925
.402194
1.35701
2.35603
1.74539
-.152748
2.53983
8.93357
10.1466
7.14951
6.29426
7.19338
7.05277
6.05375
7.29033
10.3873
7.39919
-.692884
-.827074
5.76646
6.91212
3.41554
4.3797
9.175
9.90066
7.1034
4.6796
2.58166
4.47044
9.86516
10.3345
6.43835
3.65023
1.85199
3.26047
7.55626
9.49525
9.29545
8.57387
7.37504
4.40884
-.186655
-2.50357
-2.70338
.0374571
5.53207
6.19562
2.29944
1.01438
2.21321
3.66705
5.36538
3.81207
-.883329
.393398
7.48645
7.4205
.327452
1.16911
9.8606
13.3496
11.6512
7.46151
.768073
-.9125
2.48417
3.80451
3.00529
2.10759
1.10857
.99236
1.79158
4.39821
8.89381
11.0054
10.6058
6.81413
-.578625
-.10469
8.7866
8.92985
-.361047
-.412964
9.57725
11.8918
5.79782
3.45462
5.25286
2.70105
-4.6917
-3.46749
7.42184
11.8401
8.94298
8.80087
11.7979
11.2145
6.5191
5.29651
8.09377
10.7066
13.1042
12.4257
8.12997
5.66285
5.36314
5.83729
7.23592
9.40508
12.502
12.9815
10.2841
4.98063
-3.51104
-4.08411
5.10688
8.32923
4.13334
2.24346
3.24248
5.78677
10.2824
10.866
6.47029
4.61263
6.01125
3.18425
-5.10762
-5.89693
3.09426
7.25022
5.05237
6.24963
11.944
11.307
2.21591
-1.80764
.989621
3.82927
6.72643
5.65747
-.83617
-3.25609
-.0592278
2.17621
3.07533
2.89271
1.19437
2.31189
7.4069
7.4326
.239646
-.390403
8.40098
13.9674
14.8665
13.1249
7.53039
5.29163
7.98899
11.6117
16.6068
17.8383
13.4426
9.04689
4.65119
2.15859
2.5582
3.8652
6.56256
8.39628
8.89579
6.9345
1.14018
-.495635
4.39957
7.24532
6.84572
5.98443
4.386
3.70622
4.50543
4.73343
4.03411
3.3348
2.63548
1.74772
.548895
2.3496
9.14294
10.6772
3.38436
-.0498199
3.04714
4.92619
4.72638
3.38853
.0917661
-2.14606
-2.54567
-.475553
5.91818
8.19381
3.19871
-.754486
-2.85243
-3.02084
.27593
3.60824
7.00491
9.30602
9.60573
7.69131
1.69718
.211483
7.10473
8.33319
-1.0576
-4.22806
4.36352
9.2784
7.18046
5.62917
5.12966
4.22251
2.52417
2.14303
4.34088
6.30368
7.80221
7.93205
5.33459
3.03582
1.33748
1.09076
3.78812
6.48548
9.18283
10.7392
9.93998
9.01115
7.81233
5.77609
1.97981
.520433
4.01701
6.05002
4.95109
4.45297
5.25218
6.01997
6.71929
6.41927
3.92171
3.19307
6.38994
8.22995
7.03112
5.46459
3.06694
2.89186
7.78706
10.7462
9.24771
7.56885
5.47091
3.55212
2.05359
1.97888
5.27565
7.89467
8.89369
10.0976
11.7959
12.4766
10.6784
9.2556
8.75609
7.42474
4.02807
3.85058
11.7428
16.7493
14.4515
11.2547
5.76006
2.66493
5.7619
8.30476
9.40368
9.86988
8.67106
7.8
7.8
7.47458
6.27576
4.6731
1.97574
1.79067
8.48411
12.7898
10.492
7.93095
4.63418
4.05587
11.1489
13.9094
4.31884
-.946181
6.24677
9.27479
.183702
-5.18007
.41445
4.3484
3.34938
3.39886
6.59573
7.24143
.148379
-3.16045
5.13142
9.76674
3.0733
-.984387
3.2115
8.2229
15.8154
19.4113
10.2203
4.33251
9.12781
11.8173
7.62139
5.3513
9.44728
11.0585
4.36512
.386163
5.58107
9.98445
11.6828
12.4395
9.94196
7.57775
5.67961
5.25733
10.0526
13.2105
10.5132
7.75091
4.75385
2.7216
4.22014
6.35601
10.8516
13.1581
7.26389
2.99621
4.89435
6.48263
6.88224
7.32277
7.92218
9.19036
13.0865
15.1363
9.84148
6.1366
8.83396
10.9606
10.7608
10.1909
8.09292
6.8436
9.14134
9.85454
3.86041
-.338665
3.15791
6.82278
11.2185
13.8563
8.7613
4.47184
3.77253
3.74336
6.74043
8.80584
6.60799
4.8886
5.38811
6.34327
9.44023
10.683
3.09043
-1.67514
7.21615
14.4984
13.899
12.6968
8.50096
4.65253
2.55459
1.30685
4.40382
6.69307
4.79493
3.56705
5.8648
7.57932
6.18069
4.22165
-.773458
-3.57047
5.72042
13.4786
12.6794
11.0563
4.76244
-.437377
.661546
2.35858
7.55349
11.2948
6.39957
2.11482
1.51541
1.77004
7.26466
10.937
3.24455
-2.09351
7.49709
15.1025
9.90759
5.4793
6.07872
5.93588
.840873
-3.48456
-2.58544
-1.61054
-.112013
.777223
-2.61945
-5.47761
-4.47859
-3.72043
-4.71945
-4.61668
3.6752
11.0349
11.3347
11.2105
7.81383
4.48472
1.68746
-.457011
2.63995
5.92168
10.717
14.4023
8.80781
4.00954
6.00758
7.98506
9.7833
10.4015
.511248
-8.45934
-9.05875
-8.94083
-2.14748
4.15197
5.7504
7.40465
9.60249
11.1902
6.69462
2.68019
3.57931
4.43486
4.83447
5.16592
4.76631
4.48323
5.48225
6.4894
7.58832
8.32239
4.82581
1.83208
4.82914
7.22299
2.22788
-2.45141
-3.15072
-3.27815
4.0147
10.4593
5.56411
.993243
.893341
.675335
-1.2228
-2.85996
-.662113
1.39383
1.29393
.781823
-6.21132
-12.436
-6.14214
-.36189
-3.25905
-5.68219
.212035
6.03359
10.5292
14.4154
6.72292
-.53281
.865819
2.54987
10.1424
17.1796
12.1845
7.18519
2.09018
-2.51485
4.5782
11.0562
2.06497
-6.47314
-2.97656
.533724
4.42991
7.98338
1.28994
-5.16051
-3.86179
-2.50907
.687795
3.7074
.210825
-3.1167
.27997
3.53688
.739624
-1.93825
1.05881
3.9404
.743528
-2.41833
-3.51726
-4.52203
.772778
5.97577
4.07763
2.20971
3.10883
3.95493
-1.14008
-6.17936
-3.1823
-.209352
-2.10749
-3.97925
3.01389
9.99658
6.59991
3.20323
