6.79774
1.80264
-3.19246
-2.80099
-2.40138
-3.39556
-4.39458
.170554
4.76605
3.61003
2.4112
1.31135
.212425
.298772
.398674
5.13168
9.92698
6.65505
3.25837
4.18185
5.18087
2.45629
-.340963
.284555
.98387
.707206
.4075
-3.98309
-8.47869
-.143051
8.54843
2.30029
-4.39315
-3.14778
-1.64925
-.537191
.561732
-.846348
-2.34488
-5.86419
-9.46066
-3.16588
3.52756
4.08751
4.38721
1.33952
-1.85735
-2.95444
-3.95346
-1.99978
.0981634
-2.27137
-4.86883
-2.15429
.842773
5.35441
9.94991
5.2878
.0928876
-1.99112
-3.88926
-2.68296
-1.28434
-5.98778
-11.0828
-5.68538
.40865
-1.81762
-4.61488
1.63706
8.53031
3.13501
-3.15882
-2.29941
-.900782
.497848
1.89648
-.0351684
-2.23301
-2.4
-2.4
-2.76846
-3.16807
.476812
4.4729
3.97448
3.07536
1.62707
.128537
.821997
1.72111
-.296156
-2.5939
-3.8913
-5.09012
-4.11105
-2.91223
-4.33935
-6.03768
-6.47106
-6.77077
-2.29208
2.70302
.231236
-3.06553
-2.3228
-1.12397
.701849
2.59999
-.328133
-3.82471
-.00856687
4.68683
.216915
-5.3776
-.672727
5.3214
5.20267
4.30355
1.54811
-1.44895
-1.00619
-.107076
3.60819
7.70418
5.39011
2.19324
.310575
-1.38776
2.68345
7.57866
2.79226
-3.40167
-2.02435
.473199
-1.97856
-5.17543
-2.13463
1.86146
1.53561
.536593
1.0037
1.70301
-2.4163
-7.31151
-.960201
7.23177
.776666
-8.11462
-2.64869
5.24358
5.63262
4.7335
.346595
-4.64851
-4.55128
-3.55225
-3.56935
-3.76916
-2.61727
-1.21864
-1.67428
-2.4735
1.94082
7.33553
8.45168
8.75139
4.86621
.17081
1.48755
3.9851
6.89918
9.89625
9.48579
8.38686
7.37085
6.37183
.82328
-5.67036
-5.23206
-3.33392
.704725
5.20032
2.46835
-1.82744
-5.46775
-8.96432
-4.53213
1.6618
.435221
-2.46194
-.722247
2.07501
-1.21417
-5.90957
-6.07139
-5.17227
-3.95011
-2.65138
3.32013
10.4132
9.54965
6.7524
4.59653
2.59848
-.599226
-4.0958
-.65133
4.54358
5.44083
5.24102
2.10377
-1.79241
1.83491
7.42942
5.04504
.54945
2.98854
7.28433
3.9552
-1.43952
-.404474
2.39278
-.676147
-5.37155
-2.26493
3.02988
.620081
-3.97542
-3.9132
-2.51457
-.728777
1.16936
2.99026
4.7885
3.19693
.599473
.768454
1.76747
-1.37258
-5.76828
.998296
11.1883
7.11806
-1.37362
.17493
4.87033
5.39307
4.59385
5.15671
6.15573
3.6829
.0864237
-2.07975
-3.77808
-3.97475
-3.67504
-1.12871
2.16806
.609859
-2.58701
-5.3369
-7.93435
-6.14809
-2.85132
3.33553
10.5285
8.03938
2.14516
1.55827
2.857
.112276
-4.08361
-1.094
4.50052
5.12249
3.92367
.245225
-4.35027
2.10981
12.6994
6.8954
-5.09285
-3.26368
3.82937
6.01644
6.31615
5.03293
3.13479
5.25494
8.95132
9.57064
8.97123
.164995
-11.9231
-7.8562
2.73342
3.10306
-.693221
1.59726
6.39256
3.70633
-2.08799
.563856
6.75779
4.7396
-.755011
-1.84005
-1.04084
-2.19595
-4.19399
-1.25031
3.84469
2.76257
-1.0337
-.608168
1.68958
2.81408
3.4135
7.04093
12.036
8.31604
.623583
-1.8
-1.8
1.40687
6.10227
6.71554
5.41681
4.93216
4.83226
5.8823
7.48074
1.18774
-8.90237
-7.55959
-.666343
.124755
-2.07309
.409317
5.20462
6.99999
7.2997
6.27002
4.57169
3.20472
2.00589
-.580563
-3.87733
-3.28707
-.689616
2.82744
6.82353
2.50234
-6.18914
-3.58467
5.00691
6.82822
5.02998
4.14039
3.74078
3.08234
2.28312
4.2579
7.75447
6.556
2.75972
4.41363
9.10903
8.75443
5.55756
7.01286
11.1088
5.23022
-6.35842
-5.46972
2.62235
5.85256
6.25217
5.39287
3.79444
4.83148
7.42894
3.33315
-4.75892
-2.68665
5.50532
5.74054
1.14504
-1.40556
-2.70429
.0120693
5.20698
4.12126
-.873845
-1.75656
-.058221
.6
.6
4.80813
11.7014
11.8467
7.65086
8.18145
11.7779
11.4484
8.55123
6.19591
4.19787
2.6799
1.48107
-1.03363
-4.43031
-2.10374
4.09018
7.37247
8.6712
7.42324
4.42617
4.49865
6.6965
6.07032
3.47286
1.81362
.814597
1.9195
4.51695
5.30877
4.80926
6.92203
10.9181
12.4264
12.1267
9.86661
6.17023
4.08283
3.18371
6.17879
12.073
9.9201
1.72813
2.86384
11.0558
10.2923
2.69973
-.430546
-.13084
2.70186
7.49716
8.25377
5.85612
6.97999
10.8762
9.75922
4.66422
2.84404
3.64326
4.94027
6.6386
7.0142
6.31489
8.74592
13.741
13.6469
9.35114
8.10885
9.40757
10.7063
12.005
10.218
5.82236
5.36424
8.2614
7.28902
2.99323
1.69612
2.99485
3.17318
2.37397
2.31894
2.91835
3.4648
3.96431
4.41106
4.81067
3.84348
1.64563
2.27594
5.47281
7.41742
8.21664
7.50838
5.41044
4.0375
3.33818
9.08763
20.8761
22.8996
15.7066
9.28168
3.58726
4.26819
11.0615
12.4693
8.67305
5.23105
2.13408
4.28033
11.5732
13.1912
9.19513
5.14902
1.05303
-2.04639
-4.14433
-1.13015
7.06183
11.2989
11.4987
11.797
12.1966
11.6153
10.0168
9.49309
10.0925
10.6433
11.1428
11.5454
11.8451
9.63517
4.73996
5.37236
11.9659
14.299
12.0012
9.89418
7.99604
7.04748
7.14738
6.9163
6.31689
6.23544
6.73495
7.84405
9.64228
9.99295
8.69423
8.8835
10.7816
12.6335
14.4317
13.3251
8.82953
7.1346
8.73303
9.73715
10.0368
9.5627
8.16407
6.94675
5.94773
7.16005
11.0562
12.8855
12.1861
10.5921
7.89472
8.18168
12.1778
14.6661
15.2655
14.6287
12.4308
9.79344
6.59658
8.16944
15.8619
18.0218
13.0267
10.5903
11.4894
12.6044
14.003
13.8115
11.5138
9.25884
7.06099
4.86314
2.6653
3.68898
9.0837
10.4701
6.37411
6.43583
12.2301
16.436
18.4341
15.6059
6.01527
4.45815
14.2485
18.4339
14.6376
12.7692
13.6683
15.588
18.9846
19.8218
16.9247
13.6636
9.86735
6.63436
4.23671
3.04023
3.63965
5.87264
10.568
12.5674
10.4694
9.35781
9.75742
12.0021
17.0971
20.0047
19.5052
19.472
20.1714
16.5011
5.91148
2.74715
11.4386
16.3789
15.28
13.5718
10.8744
6.85109
.657155
.0413331
8.63291
14.5249
15.9235
17.0238
17.6232
15.0689
7.17663
3.78699
8.08278
11.0937
11.8929
11.5601
9.2624
9.2891
13.3851
13.9409
8.24653
4.31258
3.51336
4.28636
7.88283
9.45374
7.35579
7.41362
11.4097
12.5239
8.32803
6.15918
7.75762
10.8852
16.8793
19.4868
15.6905
13.1656
13.0657
12.6925
11.7934
10.7923
9.59353
9.74568
12.5429
12.9897
8.79381
7.00148
9.99855
11.8672
11.4676
9.71539
5.2198
4.16773
10.1618
14.0696
13.67
13.2704
12.8708
11.7626
9.16513
8.64848
12.5447
14.6273
12.8291
9.67113
3.5771
1.00268
6.09768
10.3807
12.8783
17.1758
25.4676
27.4378
15.2497
6.15652
4.05857
4.88346
12.3761
16.874
14.4763
12.7098
12.4101
11.9313
11.0321
10.6966
11.6956
11.2213
7.22522
6.47827
13.5713
19.4432
22.3403
22.9849
18.0897
13.1945
8.29927
4.85698
5.05678
7.18048
14.1736
17.5423
11.6481
7.67901
8.67803
9.67705
10.6761
11.3175
11.0178
10.8
10.8
11.9932
16.3889
18.3885
13.8929
10.8405
11.7396
13.1428
15.9401
17.3153
14.7178
12.0681
9.27085
8.52311
13.6181
16.5503
13.2536
11.8221
15.8181
17.9379
14.5412
12.1006
12.5002
12.4255
10.927
9.4037
7.80527
7.23889
9.83635
12.5801
15.7769
17.3778
13.9812
11.6638
12.7628
13.5524
13.3526
13.4359
14.435
14.5448
11.7476
11.2474
18.3404
23.3399
21.3418
19.0016
15.505
12.212
9.61455
8.96757
15.0616
19.8667
20.1664
19.4528
15.157
11.9746
12.7739
11.9504
5.25693
.471688
2.66953
5.07983
8.27669
12.6733
21.5646
26.89
18.6981
11.8075
9.90937
8.64554
9.84436
10.7189
10.3193
10.1405
10.8398
10.2473
4.45297
.252602
2.55035
4.61431
5.71323
6.63857
6.83838
7.99273
13.1876
17.7023
19.3007
20.0016
16.8047
13.6264
10.5294
7.89015
7.29074
6.81811
6.91801
6.74917
5.35054
4.62529
7.02294
8.7196
7.12117
6.31987
9.31693
12.6909
17.8858
21.2684
15.7738
11.5013
13.2996
14.5353
12.9368
11.7962
12.995
14.2746
15.973
16.6659
12.0704
8.95661
13.7519
16.6013
8.90887
2.87651
5.97347
8.64553
8.94523
8.99028
7.59165
7.15398
12.249
15.8852
10.99
7.03028
8.62871
9.73026
7.83212
6.12999
5.63048
5.15858
4.85888
4.99467
7.89183
9.93053
6.43395
3.4793
4.07872
5.17296
9.56866
12.8741
8.77814
5.47787
7.67571
9.07775
4.88186
2.49732
13.0869
21.4245
13.3324
6.37771
7.87624
9.5845
12.8813
15.7771
15.5773
14.7469
8.9526
4.03235
6.13029
8.40213
12.0985
14.8984
10.203
6.20954
8.20758
10.4524
14.848
18.3462
13.8506
10.0274
12.3252
13.6245
5.63233
-.53623
10.6528
19.907
10.3164
2.11906
7.81348
13.1515
14.8498
15.8945
10.1002
5.31966
11.4137
16.8002
14.4026
12.1675
11.7679
10.7972
3.20463
-3.15018
5.2416
12.819
10.4214
8.40564
11.2029
13.3496
7.0558
1.5824
7.07702
11.9432
8.14695
4.62624
5.02585
5.50821
7.20655
8.66426
6.46642
4.4
4.4
4.64846
8.94425
12.6818
6.98738
1.97168
8.86492
15.1145
9.61989
4.26513
1.56778
-.630455
7.06201
14.3908
14.191
13.5813
4.09056
-4.83573
-.939552
3.07711
9.97036
16.3135
8.82081
1.56375
.564732
-.31085
2.2866
4.8194
5.41881
5.91192
3.01476
.410271
7.80303
14.7381
4.84776
-4.8196
-5.61882
-6.35942
-4.56119
-2.74854
-.250987
2.27637
6.37235
10.2833
3.29017
-3.56764
-1.36979
.833157
3.43061
5.92767
-.765769
-7.324
1.26758
9.79174
8.59292
7.37145
1.57713
-4.1831
1.51131
7.19708
4.29992
1.40276
