103.681421
102.955028
97.889176
107.948038
114.128966
118.746449
113.282169
118.318030
123.619838
115.582502
124.791470
133.457557
136.758541
140.042605
144.109075
149.581249
146.599184
154.903763
159.751289
157.289566
171.701160
169.638113
175.137529
178.610509
184.940684
189.717068
194.806532
207.893483
208.404233
208.797465
222.390517
229.608109
232.480526
239.869932
249.973607
248.838827
239.923156
255.512498
259.426981
271.089643
278.077928
277.367590
286.319429
289.143985
285.839793
291.068433
300.178180
305.077742
310.813737
313.435213
316.149030
330.060759
340.428130
357.439132
363.451755
370.047483
389.945315
415.401421
450.640820
468.601006
485.736128
498.678305
520.932250
556.041256
589.882263
635.102350
682.673735
732.423049
768.439341
802.863859
854.925198
912.288075
950.094712
996.130494
1074.157180
1137.238083
1199.309887
1273.432580
1340.275564
1411.797049
1496.198701
1577.744211
1667.412256
1742.813684
1822.150075
1904.346165
1983.863816
2076.332556
2145.096203
2237.095677
2316.575865
2384.195085
2443.946917
2508.073390
2576.768929
2620.975526
2646.535254
2689.081316
2732.572857
2755.360451
2775.801864
2777.430714
2798.589511
2785.994586
2806.187857
2842.101582
2835.478722
2848.586617
2827.471015
2830.814689
2841.048797
2839.332820
2842.358553
2859.589474
2880.965113
2885.102519
2883.991808
2881.339887
2896.870847
2946.401992
2958.514135
2951.996855
2982.261861
3012.636579
3017.132857
3040.983409
3032.262669
3011.225564
3000.389474
2983.272763
2957.448041
2919.600789
2880.514256
2864.343271
2838.727608
2822.550677
2810.268853
2812.264181
2820.286053
2810.055827
2773.104925
2799.382599
2793.989925
2794.803910
2798.974388
2784.525000
2785.471017
2808.045996
2813.219322
2782.767669
2810.606147
2813.572801
2827.374586
2815.737533
2801.865207
2803.813308
2777.831353
2763.091808
2711.634248
2699.775564
2686.062712
2645.593158
2624.236761
2619.111429
2599.152218
2565.833327
2548.865714
2533.506729
2519.900602
2507.858343
2472.627970
2471.002368
2454.961015
2426.237627
2420.426429
2433.955695
2426.548136
2416.464737
2407.370904
2402.553797
2415.476955
2408.066992
2412.886222
2410.886748
2389.304361
2386.427684
2350.364511
2353.907105
2346.148722
2341.291259
2337.841071
2320.730602
2313.749474
2303.888289
2296.389718
2298.592932
2298.291241
2295.719455
2277.035499
2252.767970
2249.456109
2221.560866
2186.814098
2129.653898
2101.628741
2071.879098
2012.704218
1958.494192
1896.750132
1838.725789
1806.095650
1784.088872
1751.440376
1708.821654
1671.544549
1664.817575
1646.636767
1637.321205
1655.324492
1668.048380
1676.195263
1676.909361
1702.957401
1739.061429
1777.042105
1828.667500
1902.251375
1987.347594
2079.120357
2185.149398
2307.560827
2451.835593
2624.948741
2802.795593
2998.858346
3195.663578
3372.257049
3555.107481
3764.620094
3946.727838
4146.786184
4358.040526
4515.538079
4668.365150
4844.043308
5021.647119
5202.664643
5358.329736
5506.406541
5710.847778
5917.458665
6126.199323
6310.598684
6585.186372
6845.489115
7087.264436
7371.022613
7681.233947
7953.839322
8149.743421
8361.161711
8647.071017
8923.925865
9154.373861
9404.521090
9644.784821
9905.625075
10147.052632
10366.424436
10534.960902
10759.212994
11002.103571
11150.486252
11346.255263
11450.102072
11544.728008
11625.175940
11695.471429
11744.194361
11740.838418
11801.248120
11805.788722
11849.080263
11866.884211
11816.542857
11797.943985
11786.666667
11704.907143
11643.434398
11543.077632
11446.400000
11331.265414
11165.634774
11030.378719
10951.993233
10853.921846
10741.886278
10702.870677
10707.381356
10660.194925
10708.662782
10773.898872
10861.931262
10984.632707
11161.784962
11335.926316
11466.511842
11557.715789
11738.231955
11979.781356
12160.285150
12296.892279
12465.577444
12656.069173
12835.549529
12879.940226
12964.232331
13041.500564
13047.864407
13051.434586
13007.822368
13006.746053
12955.623684
12891.388512
12804.652632
12739.387947
12667.548872
12549.105085
12454.047556
12401.233459
12298.649529
12166.391165
12056.204699
12014.648872
11912.377589
11773.698120
11713.063158
11678.494737
11638.880263
11608.167608
11546.110526
11516.132768
11481.142293
11433.513748
11387.981579
11315.759774
11271.535593
11261.593985
11241.661394
11133.096429
11059.106403
11004.725188
10918.626742
10858.906579
10810.394737
10671.868362
10572.312406
10495.279096
10418.390226
10291.849153
10135.868609
9998.051053
9849.104361
9728.514718
9601.017514
9490.848496
9350.740904
9194.675940
9053.000998
8926.990526
8782.140526
8618.381130
8501.441617
8415.609322
8327.711485
8223.505932
8095.885113
7974.831372
7903.380150
7835.849248
7710.021977
7654.710545
7571.026165
7501.515188
7416.938531
7350.978947
7319.891316
7272.827928
7226.512970
7222.481394
7166.336466
7117.776252
7146.840282
7151.085000
7127.150827
7169.904267
7190.588117
7217.482481
7181.440508
7165.862768
7185.006504
7138.842895
7143.778553
7098.435593
7112.249323
7168.029737
7193.713496
7165.004962
7136.132143
7103.224568
7057.567740
7029.575714
6988.458757
6900.788045
6756.671429
6719.986422
6645.507237
6510.061579
6449.204737
6352.416987
6267.806335
6166.474323
6097.887556
6012.621880
5937.335104
5856.192632
5764.199492
5681.555169
5590.217363
5518.890038
5426.274925
5319.340169
5251.284887
5146.376316
5026.196974
4890.091676
4759.710714
4661.241635
4537.296278
4425.760226
4310.689379
4186.099530
4061.092373
3934.166128
3813.912053
3707.930470
3602.415940
3487.636328
3377.151617
3299.599153
