286.642526
291.365066
313.596812
315.474169
345.324322
368.372579
394.777915
409.711008
437.648569
471.474094
509.129835
540.441693
567.353066
603.368938
648.783925
694.845977
738.470039
772.193895
808.863139
867.492867
906.620171
936.088015
990.308539
1013.789004
1048.971695
1093.652105
1138.363853
1179.598195
1219.772180
1270.285574
1325.516767
1379.761864
1438.040263
1482.748644
1534.704098
1582.621955
1635.961657
1691.143553
1735.017684
1778.168571
1841.063352
1879.718665
1917.361429
1955.137744
1957.877199
1979.032373
2029.728759
2054.366215
2067.562105
2117.268531
2200.358947
2243.949737
2278.617175
2356.435113
2464.348550
2553.494643
2640.530038
2761.591579
2882.413759
2982.139209
3077.401466
3203.288814
3336.300602
3474.614135
3646.081053
3799.520433
3943.400132
4161.232556
4324.511733
4481.638158
4659.146893
4818.734060
4960.681186
5116.889041
5262.787857
5447.008271
5608.144004
5798.563032
6004.332857
6202.896711
6404.286384
6611.595000
6860.327632
7103.917256
7359.272524
7559.920977
7825.037180
8097.398477
8312.465639
8540.718571
8750.102237
8965.146610
9182.060602
9335.698795
9433.550959
9534.498496
9628.281318
9707.455263
9803.117857
9842.947895
9837.493051
9843.097857
9890.353759
9905.921541
9878.622500
9870.556667
9777.085489
9820.274060
9851.494962
9848.182203
9864.495263
9915.102519
9977.515921
10025.505263
10063.245113
10132.514098
10231.367420
10318.155263
10454.700000
10620.363910
10796.451128
10950.958192
11103.796429
11294.964662
11448.226692
11597.856309
11641.292293
11655.271429
11636.673684
11581.078947
11562.026365
11513.968045
11436.758380
11401.329135
11391.167608
11435.376692
11497.897368
11561.633333
11596.025188
11619.368421
11597.598308
11625.031450
11631.098496
11611.853947
11629.338230
11685.307895
11749.118644
11812.987030
11853.664407
11879.911278
11961.147368
11994.245489
11954.450000
11946.827307
11938.097368
11937.869925
11888.569173
11920.383616
11857.056955
11837.590977
11825.471563
11812.286842
11831.514124
11851.485714
11898.898496
11922.959023
11915.335714
11950.422932
12034.164474
12062.908663
12100.373684
12054.028571
12005.247744
12040.333145
12037.320677
12021.680451
11985.896610
12034.752632
12129.628814
12168.663722
12222.339474
12311.809398
12386.644173
12356.843609
12342.841353
12451.045763
12488.641165
12492.614286
12617.684586
12740.932331
12863.236466
12967.686466
13120.794737
13248.619737
13332.332768
13459.338722
13594.818421
13671.959774
13786.977024
13880.865414
13905.012970
13877.901318
13802.357143
13753.188136
13663.019549
13583.517293
13523.448588
13446.962594
13376.826316
13284.657895
13221.360075
13170.031203
13082.095489
13009.415038
12976.462030
12964.969173
12924.519925
12952.252731
13000.215977
13070.575518
13095.651128
13217.237594
13298.328814
13434.499624
13576.268421
13771.825000
13950.823729
14127.157143
14261.310714
14346.009962
14528.802256
14679.835593
14786.354699
14894.393220
15010.360902
15074.398305
15242.146617
15415.925188
15494.688701
15557.069361
15623.990789
15709.526316
15788.895480
15814.055639
15871.684211
15997.842185
16145.242857
16375.283804
16604.952632
16836.966667
17159.990414
17530.767293
17876.154887
18304.056767
18724.395292
19171.412030
19598.992481
20012.059211
20392.909605
20810.981579
21283.144737
21743.316949
22170.180451
22571.902260
22952.324248
23380.817514
23782.461278
24099.607895
24579.289662
24942.174436
25142.238418
25480.425000
25707.747269
25847.813158
25978.168173
26077.427632
26149.021805
26192.239850
26207.068797
26201.057062
26174.450376
26153.794549
26032.070489
25989.857143
25852.985714
25779.234774
25609.433145
25278.442857
24949.344361
24609.317105
24206.700000
23824.876692
23476.642857
23211.374200
22936.496617
22671.167797
22617.573120
22581.788722
22599.131638
22732.731767
22872.365977
23104.542105
23459.104708
23726.757331
23979.645113
24348.700000
24748.421053
25205.021241
25671.231955
26037.223164
26445.777632
26898.333145
27206.448872
27509.170301
27864.391714
28113.397368
28287.806391
28459.194925
28369.418644
28315.276692
28296.784023
28165.589474
27965.778947
27761.128060
27573.684023
27384.192090
27226.927068
27061.380226
26831.968797
26611.753008
26423.061017
26223.196617
25966.129323
25797.008271
25605.567797
25437.389474
25319.490226
25298.744737
25155.853947
24982.939736
24932.408271
24807.909793
24645.668233
24562.319962
24506.250752
24447.586842
24349.910169
24156.130827
24095.656685
23931.107143
23734.426365
23625.156391
23453.145951
23287.806579
23173.415789
22861.250847
22593.688346
22342.444256
22034.982707
21798.833522
21558.901880
21203.092481
20854.505263
20511.169549
20155.826554
19806.231579
19439.214689
19200.457143
18890.439360
18606.489474
18309.840789
18078.543503
17835.845113
17603.405085
17439.631767
17267.222034
17053.545113
16831.484211
16629.816353
16482.625564
16338.776836
16216.269361
16008.394737
15780.272932
15606.344633
15524.247368
15373.681579
15263.988701
15226.894549
15212.000377
15208.289474
15169.345951
15149.399812
15191.456767
15206.824060
15179.473308
15180.289831
15125.603008
15192.270301
15129.044444
15075.746617
15066.873684
15097.307895
15147.313559
15152.129323
15147.223496
15123.922556
15104.745113
14990.228571
14841.276128
14757.204143
14648.700000
14454.377401
14193.460338
14016.342857
13861.090395
13697.882143
13408.939474
13310.178947
13161.192279
12943.226316
12809.510150
12692.842105
12473.868421
12273.698682
12107.864662
11885.693409
11645.002820
11444.498682
11240.687218
11018.721617
10783.611864
10448.830827
10243.563158
10009.310132
9701.625744
9416.440789
9098.445865
8820.161447
8579.371880
8331.610395
8091.938741
7832.691638
7574.299925
7386.344331
7212.991635
7015.691278
6838.944746
6686.009831
6504.972486
