85.576500
89.503864
87.278427
79.382492
87.657981
78.856845
87.606332
87.360424
91.143693
89.483816
89.126814
97.049698
100.975544
98.800000
103.672752
111.738701
114.167500
121.033658
124.883248
121.683449
126.324205
133.330940
145.875102
153.962872
155.550751
156.294274
162.056173
168.181382
168.347278
169.565484
179.985774
189.640930
190.235711
193.815068
199.254224
204.335827
202.691524
213.441449
219.468610
232.336929
233.340976
227.918596
239.980286
238.534263
245.960218
254.285130
257.357440
268.307646
277.679395
284.221450
284.996233
304.159959
325.772175
331.683635
355.699917
371.862353
400.763053
432.544940
451.952962
479.077685
506.772459
550.765254
604.624212
664.272962
730.716105
783.700614
853.503677
943.418417
1031.171092
1111.694004
1215.727797
1306.935338
1427.950169
1547.395940
1659.510677
1794.700714
1946.627707
2090.072881
2245.790000
2411.018835
2573.036045
2744.286053
2909.171805
3077.082011
3242.667062
3442.075263
3616.483684
3807.196466
3977.032030
4138.390188
4252.009680
4384.917458
4526.960677
4644.044124
4737.288289
4805.003083
4877.497119
4959.042895
5007.911786
5067.036090
5095.596045
5122.825000
5108.491955
5138.099549
5148.522143
5160.750734
5130.346015
5136.433158
5135.301372
5177.816949
5194.364474
5199.430320
5195.286053
5188.958421
5214.788647
5194.608477
5196.238362
5183.678910
5173.730339
5205.896955
5262.008496
5283.824350
5309.018214
5314.902331
5327.201128
5320.741525
5286.362820
5217.750000
5155.200000
5110.045658
5035.848437
4935.812481
4853.828945
4795.638308
4749.367571
4691.016842
4697.928440
4661.817627
4593.331692
4544.830038
4563.669323
4523.453409
4522.517895
4511.472331
4513.447137
4547.831842
4551.068814
4527.593440
4524.086780
4553.192256
4567.556842
4557.619361
4543.971992
4516.504143
4457.535263
4423.229549
4377.643083
4316.958023
4262.096673
4201.091842
4146.983183
4084.758553
4010.366780
3943.902857
3885.340414
3853.931786
3819.909286
3762.453045
3712.643289
3702.825556
3652.816842
3646.091353
3630.707312
3580.255593
3586.448835
3579.675996
3568.837288
3547.425789
3535.450452
3560.709568
3568.121429
3540.678947
3527.026090
3491.969041
3491.068947
3460.713277
3449.632444
3402.696617
3350.630789
3308.347312
3294.472669
3252.101128
3169.911053
3103.191579
3069.615367
3057.969549
3055.941203
3032.806335
2982.965556
2932.265038
2898.503308
2831.658343
2721.475263
2617.060339
2523.324906
2431.253910
2319.184124
2197.724060
2100.579737
2025.778947
1955.107476
1880.063008
1806.201880
1752.051353
1722.541654
1683.052838
1637.306617
1609.902429
1601.676128
1591.960829
1597.464586
1624.697011
1656.543107
1683.430113
1746.036316
1823.630000
1934.855160
2097.684436
2274.427500
2467.513966
2727.990338
3041.474746
3412.836071
3762.134746
4207.461353
4708.360923
5171.437312
5604.556203
6118.521488
6561.132895
6968.470658
7369.520000
7749.318079
8061.675244
8352.083120
8680.526554
8993.394680
9282.155574
9631.819549
9949.315556
10343.569361
10745.029323
11137.396241
11575.020113
12043.296422
12434.554887
12848.204699
13296.378947
13684.030697
14062.543233
14466.154135
14899.089831
15340.643609
15767.604896
16227.968233
16548.585499
16931.064286
17361.873308
17722.277444
17956.215038
18229.933333
18516.934023
18776.634652
18982.947368
19132.160452
19267.024436
19338.582707
19370.572180
19437.928571
19499.948023
19515.510526
19527.397368
19531.627444
19558.775188
19510.285714
19405.963158
19291.448399
19133.485714
18945.534774
18710.748684
18488.900000
18277.162406
18053.900188
17791.220151
17569.184211
17460.433145
17412.135714
17404.432331
17342.253672
17445.778008
17548.454135
17744.136842
17923.746328
18152.904887
18464.337594
18690.621053
19005.934211
19363.775376
19642.451504
19986.298870
20371.484211
20646.432580
20886.727820
21168.117669
21384.486064
21587.232707
21712.866165
21790.923308
21890.800000
21868.033083
21805.401692
21717.851316
21606.334211
21452.706215
21308.484962
21159.364030
21007.552632
20868.090960
20694.766541
20502.662406
20396.593409
20273.109586
20005.058459
19879.273684
19817.798493
19752.498308
19636.474060
19532.173684
19465.656579
19370.750094
19311.775940
19201.666667
19106.680075
19090.251789
19053.704511
18986.556955
18927.520339
18792.166165
18771.871751
18675.500000
18507.178343
18451.680075
18327.189077
18250.896053
18180.536842
18060.535028
17888.977820
17660.298682
17388.416917
17189.222976
17026.612030
16761.390977
16437.734586
16139.423120
15861.653107
15631.831955
15372.827684
15187.859023
14995.342373
14727.815789
14565.359211
14393.502072
14176.616541
13977.369492
13810.015977
13675.398305
13536.868421
13371.692105
13238.284586
13138.895489
12980.760640
12868.318797
12763.962406
12606.936842
12556.239548
12461.327632
12345.150000
12300.715631
12281.944737
12219.066478
12185.192481
12190.744444
12216.684023
12245.557143
12259.045113
12252.577256
12204.979473
12180.775940
12239.871241
12187.505838
12191.306767
12156.242105
12130.192105
12138.532203
12215.557895
12219.716165
12250.218797
12246.800000
12201.257143
12147.210526
12061.322222
11940.942857
11776.342373
11571.270865
11452.735714
11300.785499
11134.169925
10956.347368
10819.557895
10613.223164
10503.188346
10346.998120
10239.286842
10120.144737
9987.155800
9807.336767
9634.034313
9534.400038
9387.151544
9178.889173
9058.071278
8887.246271
8641.959474
8485.792105
8262.761842
8080.157213
7800.954774
7598.411861
7408.475000
7211.319098
7006.754520
6783.415846
6588.917514
6418.870940
6229.525311
6061.254925
5903.021429
5751.931789
5591.415865
5431.784972
