96.257926
91.447305
96.478159
84.972189
93.480395
89.890643
91.936114
91.929315
93.971815
99.840406
97.213327
102.910188
105.973812
104.029610
107.917113
111.261407
116.202513
112.169789
117.417440
118.361675
126.084333
134.885203
125.502959
136.888391
136.325153
140.617410
148.583105
148.360009
149.290083
153.323301
156.551633
156.264416
153.034500
162.000390
163.626556
159.452992
163.566241
176.570957
186.053279
184.320286
177.191109
184.110648
192.326571
196.250902
199.595957
205.662934
213.386564
215.925151
217.368618
230.284693
241.344481
248.798107
246.854582
264.964150
285.511574
287.572491
313.381712
333.586534
362.876269
393.331806
430.859368
456.484186
495.045126
551.401767
593.089105
647.765073
729.228278
818.409305
906.723947
989.930244
1083.070169
1187.986090
1312.068418
1431.595940
1564.694323
1689.412932
1839.757425
1989.060508
2155.116316
2336.891523
2509.824689
2701.667895
2901.530263
3090.131880
3302.001299
3478.203233
3673.775677
3872.746861
4031.123872
4233.613647
4404.914944
4559.352712
4680.535940
4803.888249
4915.108045
5020.678872
5115.629510
5179.987237
5248.449643
5317.809624
5365.384407
5356.653214
5394.958008
5444.348195
5451.998214
5435.261073
5457.698045
5458.809850
5475.088553
5474.326441
5497.954436
5511.462011
5499.028684
5504.978947
5522.689248
5519.851109
5491.150716
5524.479586
5547.237966
5513.805940
5568.327143
5602.966798
5611.316447
5607.482989
5653.956842
5621.992203
5592.600000
5536.975338
5441.466316
5359.983026
5266.908362
5160.656165
5112.039134
5046.650357
4989.422957
4920.115564
4880.325827
4820.519435
4794.184211
4796.640583
4776.427632
4736.939736
4698.246090
4686.924944
4680.280056
4678.737895
4682.416780
4686.228477
4713.155932
4699.697293
4723.679850
4702.757650
4667.388346
4656.160810
4609.426635
4583.048571
4519.574887
4431.735593
4359.103008
4311.038271
4236.698362
4147.478421
4075.842919
4001.920000
3932.035282
3880.756842
3794.189286
3751.672406
3701.159962
3649.043371
3638.608947
3616.034887
3575.233515
3546.040659
3510.080752
3491.454098
3475.873898
3456.240000
3466.984934
3478.053496
3462.605414
3477.115188
3444.879436
3416.086992
3345.458947
3321.922599
3274.814079
3228.546466
3188.489436
3118.124117
3035.853308
2972.895113
2915.571053
2849.276053
2798.356949
2743.944436
2677.911880
2644.115846
2596.511563
2539.297368
2462.357444
2359.641751
2253.974962
2116.292373
1990.008778
1867.646692
1739.855141
1620.740526
1497.752368
1396.180000
1314.946215
1243.320282
1170.099549
1096.042632
1051.369737
1010.172218
981.239944
962.562782
941.579071
931.607565
922.336075
935.226137
943.965638
989.122075
1051.716579
1123.345000
1236.231488
1380.289925
1566.567143
1810.740489
2095.001805
2462.792034
2890.631015
3355.536271
3861.302256
4444.299868
5027.379305
5596.309135
6188.414369
6800.750244
7340.324605
7854.835263
8340.231695
8815.585808
9272.771353
9686.981299
10097.793609
10535.101695
10996.939850
11450.377778
11880.421617
12357.574812
12901.200752
13495.183083
14060.624105
14621.873684
15142.279511
15691.393421
16223.024859
16717.975188
17223.186466
17807.138983
18408.560150
18904.879096
19417.884962
19965.674011
20397.712030
20867.282143
21301.383647
21753.110526
22203.308475
22592.447744
22883.822976
23217.731579
23457.174953
23688.901128
23905.388722
24003.782707
23997.224812
23987.771751
24022.047744
23990.166541
24010.905827
24069.155639
24015.400000
23976.103383
23895.942938
23767.607143
23566.860526
23352.577632
23107.100000
22842.058647
22536.211842
22212.133145
21966.178195
21790.376083
21616.210526
21540.278195
21588.937853
21705.582143
21784.646053
21859.878947
22120.638795
22419.347932
22700.545113
23102.294737
23471.539474
23843.967669
24304.250752
24751.092090
25172.396805
25562.140113
25841.754135
26096.516353
26392.028249
26621.172932
26772.203383
26816.355827
26888.630508
26913.275940
26833.896429
26731.340789
26661.373684
26539.230885
26347.397932
26186.919209
26031.775188
25824.157627
25577.618609
25348.500376
25223.003766
25074.508083
24808.004511
24599.752632
24493.376648
24393.145865
24231.403759
24117.260526
24038.263158
23933.531262
23880.895489
23791.924859
23669.903947
23632.040866
23569.563158
23419.813910
23373.555932
23263.494737
23072.404143
23016.182143
22901.597928
22759.313534
22552.150094
22488.286842
22319.447368
22181.576271
21961.275940
21785.896610
21581.193609
21279.912994
20953.046617
20645.227068
20364.320301
20062.232519
19755.580226
19483.249624
19145.899435
18827.376316
18555.805085
18314.494737
18078.415789
17880.100000
17616.152632
17375.225424
17135.156579
16971.335593
16794.827068
16562.659211
16404.667857
16254.437218
16110.024670
15889.671429
15684.367669
15574.277444
15438.492655
15315.248684
15191.618421
15111.716949
15032.910902
15046.804520
15030.891729
14999.916949
15043.401316
15083.696241
15056.918797
15028.946429
15027.364407
15064.321053
15050.977632
15010.000000
15009.823308
15006.455263
15014.759211
15015.900000
15023.392481
15034.449060
14998.661842
14914.754135
14872.814286
14808.890602
14703.831638
14598.028571
14405.480226
14238.972744
14036.992857
13919.927684
13744.504323
13512.747368
13267.552632
13078.138795
12895.033271
12719.785338
12566.274436
12420.116541
12290.870056
12131.909774
11921.407156
11704.909398
11513.583804
11346.518797
11148.512594
10911.700000
10700.035338
10478.415789
10235.485526
9969.412881
9722.904662
9471.307312
9202.936635
8902.535338
8675.874633
8474.077857
8216.262881
7976.767105
7762.406648
7504.866861
7326.566241
7089.880433
6887.740827
6698.371130
