28.927126
34.120048
32.088827
29.279977
28.353707
37.399726
30.622519
31.239502
34.840581
38.122314
34.616443
31.383069
34.091358
41.324382
46.547923
44.803141
43.078330
43.543187
38.533491
34.988116
37.136948
45.010071
47.728902
40.331857
45.851395
46.394150
42.681659
48.109550
48.370408
42.243190
45.461043
51.256618
51.133550
55.751212
55.106122
60.275055
51.655991
54.907270
55.755689
55.800000
69.332416
61.821501
57.866271
66.465427
68.950519
69.979195
66.772486
63.695970
68.268674
58.189716
67.091491
78.791518
74.244231
82.280832
90.902179
97.347303
98.200000
102.137519
113.855859
125.783420
135.412917
152.482915
168.801053
182.515917
204.895421
232.572940
264.416624
287.318981
307.029872
348.328133
392.401056
424.827383
461.893424
503.483124
549.856778
615.517519
664.351915
708.055064
779.529684
844.193632
897.383254
975.791158
1041.702481
1116.189135
1187.041394
1256.276692
1344.886711
1412.933665
1473.823045
1544.295000
1598.160244
1629.824576
1698.402406
1736.990640
1752.716936
1797.405301
1836.756365
1851.717895
1887.443929
1916.017669
1942.406497
1931.138929
1925.866353
1931.748609
1948.695357
1947.114746
1935.639023
1935.862857
1947.181560
1956.220339
1954.961579
1946.620320
1943.164474
1950.794737
1956.702556
1951.828083
1950.720433
1947.315526
1961.343729
1948.396504
1967.385414
1965.082561
1985.840150
1999.726147
1962.993947
1948.248719
1944.295695
1917.724737
1865.677368
1825.053684
1804.078305
1759.956316
1717.824840
1701.730056
1689.517834
1665.818120
1658.003797
1650.859096
1642.414850
1621.640414
1598.675113
1608.193427
1604.383609
1573.961278
1569.421525
1579.300000
1589.035424
1605.742556
1583.055593
1580.942030
1567.159962
1576.130771
1563.937556
1523.033559
1523.912481
1514.904286
1494.270451
1467.214068
1446.116015
1420.873421
1394.237966
1366.683421
1344.392881
1319.501429
1274.589962
1244.730301
1221.416429
1206.513571
1197.667312
1175.717853
1158.183759
1151.811353
1143.240244
1135.996478
1128.264361
1114.224229
1103.880339
1102.183684
1108.380753
1119.877914
1120.138872
1100.961429
1095.929643
1096.422932
1076.444962
1048.509661
1027.586316
994.398921
990.574820
963.682177
931.690556
914.071406
888.457105
863.340513
832.796650
811.624496
812.340664
797.375583
780.426789
768.820707
743.802590
721.179422
680.410462
636.546271
597.255720
554.140925
508.583399
477.606656
454.354158
419.880474
380.999895
357.746148
341.879835
321.846737
310.644914
296.895363
296.597526
282.188369
290.157692
290.129149
281.619579
288.321981
291.287452
302.690353
309.928289
337.478500
376.728450
424.904669
486.842500
571.503665
681.156684
781.024000
922.933789
1090.344407
1283.482256
1488.637947
1685.910244
1899.437744
2100.072618
2317.277744
2508.735526
2697.552105
2873.695085
3040.702575
3191.894474
3340.535028
3499.998402
3618.406723
3746.612782
3946.308889
4134.202274
4331.440789
4472.928872
4686.150639
4887.310339
5078.745940
5263.303515
5435.417500
5640.873484
5838.492256
6017.988045
6217.407458
6417.038496
6583.049680
6745.619342
6912.305932
7103.362820
7238.218515
7384.325959
7516.406541
7678.170395
7814.540150
7919.515122
8010.687895
8096.379605
8155.347594
8210.542481
8251.018797
8269.444699
8303.241469
8336.859436
8335.623797
8281.122782
8276.906241
8262.874286
8248.754305
8215.762976
8180.559286
8123.299906
8007.565658
7895.710000
7790.834135
7695.107650
7588.360621
7504.774925
7462.967947
7406.923102
7384.686466
7394.910282
7439.065583
7483.359756
7544.143647
7608.703616
7701.978891
7826.236391
7953.466316
8074.099605
8216.579211
8359.967857
8500.428701
8637.971297
8779.056177
8905.727895
8985.883966
9093.325311
9146.907256
9234.088835
9226.169323
9283.808814
9213.761805
9227.738515
9202.583553
9135.978947
9047.672411
8995.107162
8923.580414
8860.039925
8846.679887
8807.544887
8710.232331
8617.692900
8531.430583
8485.037124
8428.774286
8367.829699
8361.260602
8301.307519
8270.007105
8277.560658
8254.137853
8191.146842
8142.375348
8104.542256
8087.510960
8062.563985
8022.226541
8026.092034
7949.224962
7891.687062
7870.621071
7828.030358
7813.621692
7738.902768
7739.313684
7664.418947
7579.517740
7559.267086
7484.674011
7364.256541
7293.634011
7212.782632
7057.997820
6920.290526
6834.957914
6743.760452
6665.267256
6488.151864
6424.311391
6349.292655
6258.170526
6145.784737
6106.882448
6008.475038
5940.607288
5885.794023
5830.249661
5781.577444
5715.291823
5634.996034
5559.658684
5497.515311
5419.734041
5393.032556
5378.166767
5312.309209
5273.389474
5221.833158
5222.160621
5222.450451
5190.849190
5185.830752
5220.425330
5233.580056
5206.946090
5192.986729
5193.093383
5164.703202
5195.349323
5202.697312
5179.327966
5167.446053
5159.160526
5166.080921
5173.899153
5203.917519
5219.286372
5213.199699
5214.883158
5181.938571
5123.913759
5086.373672
5052.717143
5001.858588
4934.928684
4891.544286
4808.849040
4732.274568
4636.885921
4601.021053
4513.806949
4462.176222
4415.410263
4341.836165
4298.383477
4256.544501
4207.100677
4150.234068
4068.007086
3986.287533
3915.627519
3837.688477
3765.666949
3663.015038
3554.534737
3484.064079
3402.482335
3294.697669
3222.742970
3165.240169
3058.689023
2973.516215
2905.051635
2821.447401
2740.280301
2670.149605
2608.468139
2544.535564
2454.685330
2387.681015
2300.035198
