-2.1995
-1.10058
-.00165754
.399005
.798614
-5.67112
-12.1647
-7.33137
-2.43616
-.119226
2.17852
2.10103
2.00113
-.963176
-3.96024
-6.85873
-9.75589
.628384
11.218
5.11615
-1.27759
-1.88995
-2.38946
-3.9647
-5.56313
-1.2081
3.2875
1.45196
-.546084
-2.25251
-3.95084
2.20867
8.60241
6.8637
4.86566
1.2251
-2.47128
-4.91416
-7.31181
-4.89809
-2.30063
-2.10397
-2.00407
3.36681
8.96133
5.75696
2.16048
4.38611
6.88366
5.76177
4.46304
4.30495
4.20504
2.39772
.499577
2.00924
3.70758
1.81622
-.281718
2.99371
6.59018
-.537762
-8.33013
-.820362
7.67132
5.67058
2.97322
7.00689
11.5025
5.36294
-1.53031
.420469
3.01792
-1.44496
-6.44007
-4.1116
-1.21444
-2.57263
-4.27097
-2.64607
-.747935
-1.98174
-3.48027
1.45562
6.95023
2.26342
-3.33109
-.87108
2.32579
.590674
-1.60717
.934116
3.93118
4.74565
5.34506
3.58509
1.58704
1.5811
1.7809
3.69743
5.79538
.139709
-6.35393
-1.15243
5.3412
1.24236
-4.05245
.415975
6.01049
.43311
-6.46013
-4.34626
-1.14939
.890689
2.78883
3.08879
3.18869
-.343684
-4.33977
-2.76688
-.469136
-3.37522
-6.97169
-1.06366
6.12929
2.43393
-2.76098
-2.69909
-1.89988
1.34703
4.9435
4.26612
2.96739
2.88702
2.98693
3.8683
4.86732
-.198059
-6.19219
-4.23397
-1.0371
2.24601
5.54278
3.67673
.979374
2.05947
3.75781
-1.73891
-8.43235
-4.61426
.980259
-.161069
-2.45882
-2.62986
-2.43006
-6.389
-11.0844
-10.0218
-7.92385
-3.79836
.697229
-.875695
-3.57305
.624907
6.11952
3.97984
.38336
-1.03698
-2.036
1.22358
5.31956
3.50082
.503753
2.90886
6.40543
3.18593
-1.40957
-2.77903
-3.47835
-1.94954
.0485017
-.670254
-1.96898
2.31723
7.81184
5.3587
1.16281
.4
.4
-.333897
-1.23302
2.42337
7.11877
9.94766
12.3453
8.26642
2.6719
-1.14587
-4.54254
-2.70248
.394487
4.37552
8.5714
2.18437
-6.80682
-6.68053
-4.28288
-.848062
2.84831
3.28165
2.88204
2.08548
1.18636
-2.24698
-6.34297
-2.14406
4.24967
2.76308
-.833392
-1.67861
-1.77851
.238703
2.83616
.271364
-3.72472
-3.89782
-2.9987
-3.73389
-4.93272
-3.18166
-.584203
1.54865
3.5467
4.69513
5.59425
3.1806
-.216073
-1.8453
-2.94422
-4.1198
-5.31862
-6.5939
-7.89263
-6.82735
-5.02912
.648301
7.54155
.702945
-10.4861
-8.43274
-2.13891
-1.58117
-2.8799
-3.87751
-4.77663
-4.24916
-3.25014
-.00449328
3.99159
3.20739
.809744
-.0234885
-.323195
-.771502
-1.27101
2.23112
7.12633
7.88264
7.18332
2.42979
-3.76414
-4.59131
-3.49239
-1.36696
1.13059
1.94625
2.14605
4.46083
7.55779
2.07213
-6.61935
-4.79278
1.00154
1.73189
.533064
-3.98451
-9.77883
-5.93172
1.66084
3.58473
3.28503
1.98349
.285153
-.913637
-1.91266
-.420803
2.07675
6.77444
12.3689
9.96575
4.27133
1.47071
-.127723
.73731
2.63545
5.30567
8.30273
7.87013
5.97199
2.6779
-1.21828
-1.49518
-.196451
2.00455
4.60201
1.87028
-3.22472
-5.97324
-7.67158
-.767596
10.0218
10.9296
7.3331
4.48932
1.99177
-2.82564
-8.71987
-6.51787
-.523746
1.60352
1.90322
5.92334
11.7177
9.08097
2.38753
1.7468
4.04455
5.33645
6.13567
3.52498
-.770805
-2.2
-2.2
1.65521
7.44954
8.47217
7.07354
3.09788
-2.19693
-2.5506
-.352752
-.322548
-1.42147
1.73648
7.13119
6.5841
2.88772
3.74826
7.04503
7.35626
6.05753
3.8529
1.15555
3.16753
7.76302
5.47674
-.617285
2.39371
10.4858
7.45506
-1.83584
-3.47933
-.781978
.2
.2
.960041
2.15887
4.05224
6.34999
2.35322
-5.33924
-3.87029
3.02296
4.91191
3.81298
5.08366
7.78102
6.5
2.80362
4.31242
9.00782
8.08209
3.6864
.0296066
-3.16726
-1.39243
3.50277
3.38095
.0841832
1.48345
5.87914
4.07408
-1.72024
-2.90927
-1.11103
1.9556
5.85179
5.35305
1.95638
-.66018
-2.75812
-2.88225
-1.68342
-.961532
-.561924
.610161
2.3085
2.17084
.772214
2.32507
5.92154
5.34081
1.84424
-1.5937
-4.99037
-2.13371
5.15914
7.09331
5.19517
3.23898
1.24094
.28429
.0844856
.172978
.472684
1.57688
3.27521
2.85465
.856604
1.59801
4.39527
.196768
-9.29393
-6.54168
5.54648
7.41092
1.4168
.207219
2.70477
4.5853
5.98393
6.43231
6.1326
4.05045
.553875
2.71888
9.41232
8.41769
1.22473
1.58242
8.07605
11.3295
11.9289
8.97137
3.07714
2.58107
6.57715
8.23701
7.9373
6.17594
3.17888
.883029
-.815307
1.67836
7.77239
9.42194
7.2241
5.0796
2.98166
1.30897
.0102397
1.1477
4.44447
4.83917
2.64133
.758895
-.839538
.128317
3.42509
5.4696
6.36871
8.2035
10.9009
9.14463
3.25041
4.16608
11.4589
13.6123
10.915
8.01284
4.91588
2.78797
1.58914
1.20323
1.60284
2.05305
2.55257
2.8
2.8
4.50747
7.90414
6.59856
.604438
-1.1543
1.34326
5.975
12.7683
11.6518
2.46084
.26204
5.25714
6.47578
3.77843
2.1069
1.50749
2.85422
6.25089
7.6608
6.96148
5.24867
2.45141
.759669
.260159
.0957406
.295545
1.35349
3.35153
8.4357
16.9274
18.1847
11.3914
9.58931
13.3856
11.4142
2.92254
.0810446
3.67752
4.6235
2.52556
2.65021
5.34757
6.47724
5.77793
6.18051
7.87885
8.5257
7.92629
7.37239
6.87288
5.78414
3.98591
2.18767
.389431
1.01761
4.61409
6.28683
5.58752
8.22886
15.0222
17.1592
13.4628
11.9739
13.2727
11.6704
6.37558
3.4
3.4
5.83954
11.4341
14.1663
13.1673
10.5709
5.87553
1.73882
-1.65785
-1.07597
4.81825
8.32775
8.62746
8.12178
6.52335
6.95017
10.147
9.69016
4.19555
2.88106
7.37665
8.5022
4.90573
4.12511
7.32198
7.34537
2.84978
1.02036
3.0184
5.91454
10.1104
10.528
5.43304
2.11698
1.41767
4.41998
12.9116
18.6406
20.2391
18.132
10.4396
5.00704
3.009
2.15507
3.05419
4.81694
7.9139
10.5421
12.4403
12.6672
10.2696
9.65071
11.8486
11.1609
5.86612
3.25071
4.94905
5.23837
3.24033
3.78063
8.47603
10.0055
6.30909
4.86236
7.16011
6.2875
.0935701
-1.23992
5.65332
9.18805
6.9902
4.75565
2.4579
1.32864
2.22776
3.99854
7.29531
6.72684
-.66591
-4.5018
-2.00425
.779161
4.07593
5.88017
4.98105
3.90523
2.5066
2.05688
3.35561
5.00383
7.30158
7.06234
2.06723
.908006
7.00203
10.4158
8.71751
7.42917
6.92966
4.59576
-1.29846
-3.00467
3.48897
7.49779
6.59867
5.96662
5.86671
4.63845
1.14188
.680501
6.37492
10.2
10.2
10.3956
10.995
9.16413
2.27088
-1.53038
1.16698
3.86433
6.56169
7.54095
4.84359
3.60079
5.49893
6.0458
3.64815
3.68638
9.08109
12.2724
10.5741
11.0036
16.1985
17.0729
8.18158
3.27874
7.47463
9.64374
7.14619
6.81256
11.508
13.0383
7.1441
3.38562
4.68435
5.74734
6.24685
8.06357
13.0587
14.7682
8.4744
3.8556
3.35609
3.48763
5.18597
5.97267
4.47414
4.07902
6.47667
6.79516
1.80005
-.683958
3.31212
6.17229
6.07239
6.66023
9.05788
10.363
8.76455
6.81358
3.91642
2.93073
7.12662
8.75677
3.36206
2.39796
13.6869
19.5245
10.1337
2.86019
1.56146
.885376
1.9843
3.90714
8.20293
11.5789
12.2782
10.8729
3.28039
-1.01619
4.47842
9.14922
11.3471
12.034
8.13784
5.34744
5.94685
7.76511
13.3596
16.0524
9.65866
4.56014
3.56112
4.03706
9.23197
12.7989
11.1006
9.98718
10.7864
10.2863
5.49098
2.60523
6.1018
7.7507
3.1552
1.02475
7.31858
12.2224
12.3223
11.7555
8.85836
5.67483
1.47895
-1.58168
-.58266
2.16889
11.26
16.4918
7.60052
1.38605
5.08243
8.98929
13.6847
16.1697
10.2754
4.83568
1.1393
-.817848
3.97745
8.93488
14.5294
16.4712
3.88352
-4.31195
5.17874
11.9145
7.41888
3.52724
2.12861
1.71361
5.40999
8.03727
6.13913
4.73227
5.43158
6.80408
11.0999
13.8968
10.1006
6.68876
4.99043
3.09286
.2956
-.799602
5.89384
11.3291
10.9295
10.5124
10.0129
9.46137
8.66215
7.98287
7.88296
7.68144
6.98212
6.98596
10.4825
12.854
9.55721
7.04525
8.54378
9.00843
4.11323
.207462
1.50619
2.86797
4.5663
5.56412
2.76686
.76891
3.16656
4.30464
-1.58958
-5.04211
5.34771
13.4017
8.00695
3.93976
7.63614
10.728
10.2285
9.27472
5.57835
2.63801
4.33635
5.62053
4.32181
3.68993
7.28641
10.1451
8.247
7.22123
11.9166
15.2187
9.22456
3.47413
-.621859
-3.07589
5.81539
12.8415
6.74746
1.43672
1.73642
2.15656
3.45529
4.1735
.577022
-2.48348
-1.48446
-.393797
1.40444
3.30402
6.00137
8.27829
7.17937
6.2
6.2
6.07193
4.8731
3.20282
-2.4916
-7.22988
-3.63341
-.359659
.0399493
.716464
3.91333
6.97449
8.77272
9.29824
-2.29041
-12.2233
-6.02933
.15549
6.24952
11.4436
7.44749
3.84357
4.34308
4.56998
1.87263
-.242099
4.05369
8.0894
9.18832
10.0572
8.25899
6.53811
5.73889
5.45241
11.4465
16.765
13.5681
10.6071
10.707
10.5288
6.63266
3.13514
5.13318
6.82284
4.12549
1.49179
-.20655
-1.6581
.639652
2.96727
5.76453
8.35377
7.55456
6.69393
4.79579
3.26394
8.15915
12.6754
10.2778
7.91508
6.21675
4.46562
1.66836
-.926344
.67209
2.23526
3.03448
3.71155
1.6136
-.408032
-.607837
-.868767
-2.667
-4.29489
-1.39772
1.35885
.160028
-.899775
2.19719
5.20911
5.50882
5.74033
3.64238
1.62116
2.42038
3.3127
7.90819
12.3527
10.2547
8.24117
10.2392
12.0379
3.34647
-5.19667
-4.99686
-4.7544
-1.65743
1.36812
-1.12943
-3.54279
1.75202
7.02298
9.62043
12.1498
4.85692
-2.37687
2.31853
6.99229
4.39484
1.7999
1.7
1.60009
