-30.9892
-7.01267
16.9638
8.62088
.229103
3.88356
7.57994
7.1032
6.60369
8.48412
10.3822
.00832668
-10.4814
-3.98224
2.7112
-.650187
-4.14676
-2.72428
-1.22575
-7.09111
-13.0852
-7.90857
-2.51386
.0448411
2.54239
-.13274
-2.93
-1.53897
-.0404369
3.59663
7.29301
7.01196
6.61235
.210225
-6.38331
-2.05891
2.63649
-.960505
-4.85669
.292508
5.78712
3.11905
.121987
2.30006
4.69771
2.12208
-.675182
2.73144
6.42782
1.36133
-4.13328
-2.594
-.695858
.348569
1.34759
-1.62916
-4.82603
1.70704
8.80009
3.07247
-3.42116
5.41924
15.2096
7.25709
-1.834
2.47148
7.66639
3.23219
-1.86282
-5.46518
-8.96175
-4.45215
.642852
-6.33904
-14.2313
-5.52966
4.46055
2.97982
.582165
-.615431
-1.71435
-4.19502
-6.79247
-6.35656
-5.65724
-3.85723
-1.95909
-2.62376
-3.52288
-3.41733
-3.21753
-.92157
1.57598
-1.83766
-5.83374
-3.38688
-.289919
.271649
.571356
-.213187
-1.11231
-3.81459
-6.71175
-5.29071
-3.39257
-5.44417
-7.94172
.488386
10.1789
4.13936
-3.75291
-3.44067
-2.14194
2.80512
8.19983
5.78121
2.38454
.228158
-1.76988
-3.94472
-6.14256
-3.84218
-.945023
.984085
2.78232
3.35123
3.75084
4.93897
6.2377
1.67946
-3.71525
-4.31278
-4.21288
-1.06707
2.52941
.395097
-2.60197
2.8045
9.49794
3.74423
-3.94823
-4.48254
-3.88313
.0721144
4.56771
3.91223
2.4137
-.198352
-2.99561
-.579831
2.71694
1.15367
-1.24398
-.0687743
1.72946
3.10334
4.40207
4.9387
5.33831
2.10525
-1.79093
-4.59141
-7.18886
-8.52498
-9.6239
-5.18586
.308755
-2.2316
-6.32759
-3.40942
.886372
-2.39869
-7.19399
-5.50669
-2.50963
-1.75126
-1.45155
-4.87419
-9.07008
-6.08646
-1.59087
.517235
2.11567
-2.36362
-8.15795
-5.59483
-1.19914
-.0730407
.326568
-.741618
-2.14025
-.93573
.862508
.794237
.294726
-4.00975
-9.20466
-6.56575
-2.07016
-2.73074
-4.62888
-2.34781
.948961
-2.9699
-8.66432
-9.87998
-9.97988
-5.37264
.421685
.883723
-.0153962
.117562
.51717
2.65906
5.25652
3.66703
.96967
-1.01846
-2.8167
-2.80696
-2.30745
-3.06253
-4.16145
-1.81887
1.47789
1.57584
.776622
-1.50126
-4.19861
-7.28411
-10.481
-8.25755
-4.46127
-3.13658
-2.53716
-2.78521
-3.28472
.595963
5.79087
4.31726
.820688
-1.83489
-4.23254
-4.11368
-3.21456
2.2483
9.14155
6.4756
.781185
-1.81073
-3.40917
-3.12072
-2.22161
-2.97863
-4.27736
-.995995
3.79931
3.95157
2.55294
2.12531
2.0254
.584574
-1.31357
2.36082
7.95534
3.17522
-5.21656
-2.30029
4.59295
5.44173
4.143
.712276
-3.48361
-4.74664
-4.94645
-1.63622
2.95928
.626435
-4.26877
.218729
8.2109
1.6954
-10.2928
-4.91889
7.06936
6.57622
1.28141
1.59877
4.09633
5.15877
5.65829
3.58166
.484691
1.31273
3.71038
1.41095
-2.78494
-2.50958
-.411641
3.31416
7.70985
8.08245
6.78372
3.93653
.439958
-1.51246
-2.81118
-2.08011
-.481675
-.209392
-.509099
-.878407
-1.27801
.265741
2.66339
1.53133
-1.16603
-2.13803
-2.33783
-1.84945
-1.05023
2.28802
6.78362
5.12078
.625189
3.08918
8.7836
6.17769
-.315942
3.63773
12.529
6.80922
-5.87834
-8.38124
-5.98359
-.156075
7.33658
6.7154
2.1199
-3.1442
-8.73872
-5.73345
1.5594
3.73412
3.33451
1.47689
-1.12056
.378796
3.97527
5.9247
7.02362
6.15196
4.25382
.652934
-3.84266
-.82938
6.16377
5.01957
-.475049
.84515
5.84025
7.53529
7.43539
5.07759
1.48111
1.29337
2.9917
.394005
-4.6011
-7.9981
-10.4956
-4.45361
6.43572
5.06326
-3.32851
-1.71308
5.67968
8.4
8.4
5.63041
1.23472
2.10998
6.10606
2.97103
-4.42173
-5.20455
-2.00768
2.86756
8.76179
8.70724
5.01087
2.79698
1.49825
3.77086
8.26646
5.82623
-.967117
-1.27504
2.52124
2.10939
-.987577
-.680208
1.81734
.376164
-3.61992
-6.106
-7.60453
-5.4908
-.99521
3.86044
8.95544
9.56449
7.16684
4.47111
1.57394
.102893
-.396617
3.1312
9.42504
10.4652
7.86777
5.44682
3.14907
3.02093
4.41956
3.18829
.0913215
-.967014
-.567405
3.19915
9.39308
7.95015
.957001
-1.19277
.205859
-.349269
-2.34731
-2.16918
-.370944
1.71265
4.0104
1.87181
-3.6228
-4.58299
-2.08544
.412114
2.90967
3.15567
1.65714
3.24372
7.2398
5.70206
-.192162
-.571942
3.42414
6.1991
7.99734
9.02124
9.42085
7.39543
3.39935
1.38033
.980718
2.82473
6.52111
4.3286
-2.76445
-2.41415
4.17939
5.68421
2.88695
1.70788
1.90768
4.79467
9.98958
11.811
10.712
10.4134
10.813
9.7774
7.47965
6.50592
6.70572
3.31752
-3.27602
-1.03796
9.15205
10.7528
4.55893
4.31323
9.50814
9.86875
5.77276
4.00714
4.40675
5.01272
5.81194
6.2
6.2
7.01918
8.61761
10.42
12.4181
11.6217
8.12518
8.52567
12.7216
12.8338
8.93761
6.84934
6.54963
4.59914
1.00266
2.0402
7.73462
9.0614
5.96443
4.15282
3.65331
4.7295
7.42686
7.8191
5.82106
6.41202
9.70879
8.72406
3.22944
2.19293
5.88931
8.76524
10.7633
11.1751
9.87641
8.3862
6.68787
4.70348
2.40573
3.19411
7.39
8.98532
7.68659
8.08301
10.3807
12.444
14.2423
13.7057
10.5089
8.986
9.38561
9.46109
9.16138
7.57064
4.47367
5.78432
12.2779
12.0969
4.00487
2.01261
7.30743
8.79492
5.69795
5.5344
8.93107
10.1709
8.7723
6.38943
2.79296
3.02711
8.02221
11.2878
12.3867
9.64455
2.05199
2.28339
12.4734
14.6117
6.41979
2.84552
5.24317
7.20714
8.60577
8.32071
5.82315
5.34547
7.54332
8.97112
9.37073
11.6015
16.2969
15.3546
6.763
3.48771
7.4838
8.87606
6.67822
5.5672
5.96681
8.23867
13.1339
15.0476
12.7498
12.3891
14.7868
14.4772
10.2813
8.61645
10.6145
11.9219
12.2216
13.7342
17.031
17.3101
13.1142
10.0795
8.78076
10.55
16.9437
19.6106
16.6135
13.6953
10.8981
9.86735
11.5657
10.7642
6.06876
2.69476
1.39603
2.41743
7.11283
9.92305
9.72325
9.40861
8.9091
8.48575
8.18605
8.68194
10.4802
9.79088
4.99558
3.64974
8.04543
8.4502
2.15637
.945591
8.33835
11.3761
6.98041
3.8696
2.97048
3.67803
7.17461
10.3806
13.078
11.5127
2.42165
-.705406
6.78725
11.4213
10.9218
8.78764
3.69264
2.13169
7.02689
8.33732
3.04251
.438777
2.83643
4.9908
6.68914
7.03973
4.84189
3.26255
2.86294
4.95745
11.8507
15.245
11.8483
8.45167
5.055
2.93431
3.33392
4.26766
6.2657
8.16418
9.86251
10.5711
9.27238
7.80968
6.01144
5.97359
9.57006
10.9955
7.89851
7.47482
12.6697
13.639
5.64684
3.41347
13.5036
17.5225
8.43141
3.42558
7.32176
11.0306
14.3273
17.2207
19.2187
18.1638
10.2715
4.83064
4.93054
6.00472
9.30149
11.237
10.0382
9.13989
8.94009
8.94929
9.4488
8.52449
4.2287
2.31975
6.11603
8.09748
5.69983
4.52336
6.3216
7.54224
7.34243
8.00316
10.8004
12.4012
11.0025
10.3112
11.4101
13.5486
18.3439
19.6795
12.087
8.12379
13.6184
14.9591
5.36849
.858233
9.84942
16.861
18.5593
19.0731
16.3757
14.2396
13.6402
13.2265
13.3264
13.4
13.4
14.158
17.0552
17.5137
11.02
6.38023
7.07955
7.72776
8.22727
8.77749
9.47681
10.5032
12.5012
13.2261
10.1291
8.71644
12.4128
15.6669
17.565
17.6349
12.0404
8.06599
9.16492
10.4077
12.1061
12.7339
9.93663
8.46063
11.2579
13.3298
13.0301
12.0807
8.98376
6.85307
7.95199
10.3511
17.1445
20.9074
14.3139
9.91742
13.1143
14.8666
11.5698
8.44931
5.95175
4.91694
9.11283
12.876
15.0738
16.4355
14.7372
12.7839
9.88674
7.57895
7.47905
7.52512
8.12453
8.95117
10.6495
11.8772
11.2778
10.8608
11.1605
10.3965
5.4014
2.37383
7.26904
10.9048
9.40629
9.11568
13.8111
16.9635
13.6668
11.3245
13.0229
13.5497
9.05412
6.20408
10.4999
13.6484
11.7503
10.5478
12.446
13.6196
11.5217
9.67458
8.97527
9.12654
13.2225
16.1969
13.8992
11.4974
8.6003
7.09093
12.2858
16.2104
13.9127
11.548
8.85062
5.7727
.777597
-2.04294
6.24894
12.6669
9.37013
7.33409
11.9296
15.3586
12.5614
10.0132
8.81437
7.35423
4.45707
2.72842
7.52372
11.4802
10.6809
10.0148
10.1147
10.0541
9.0551
8.05607
7.05705
5.41919
-.0754298
-3.74994
3.74272
9.85487
7.35732
5.09112
4.29191
2.98298
-1.61252
-4.15927
6.73006
15.2494
7.95654
1.86935
3.96729
6.31784
10.4138
13.5275
9.7312
6.59582
8.19425
9.86495
12.0628
13.6209
10.424
7.63495
7.93466
8.11981
7.42049
7.29544
11.6911
14.914
8.72009
3.62387
7.52005
11.3415
14.5384
16.6771
9.78385
3.34297
.845421
-.815054
4.97927
10.1703
9.87062
9.94897
13.5454
15.7267
4.43779
-5.08373
2.60873
9.80945
12.1072
13.8257
9.62986
5.72157
4.82245
4.16186
6.06
7.95814
9.85628
11.535
10.7358
9.77791
6.98065
4.27622
2.67779
1.66749
7.86142
13.1226
6.62898
.535662
-.363457
-.768924
5.42501
11.2743
12.3732
12.8882
5.09585
-1.60801
7.68289
15.9866
9.29319
3.01195
3.21175
3.60801
7.20449
10.3823
6.4861
2.98853
6.4851
9.54565
4.65044
.00999011
.209794
.447992
1.44701
2.32174
.623404
-1.1146
-3.71205
-5.97255
-.577841
4.61205
4.91175
5.18854
4.88883
4.70149
7.49875
10.1074
7.41006
4.8388
6.03762
7.25467
9.05291
10.8028
10.9027
10.9074
7.41082
4.0392
5.63763
7.17746
6.17844
5.16912
3.67059
2.2298
3.82823
5.34999
2.35293
-.570579
1.42746
3.37959
1.78116
.204318
.603926
1.00177
1.20157
1.40894
2.70767
3.99557
3.09645
2.19377
.0958312
-2.0008
-2.80002
-3.59924
