3.59964
2.80042
2.0012
.902734
-.196189
-.399112
-.598916
-1.99104
-3.38967
-1.31755
.78039
.701031
.601129
-5.22758
-11.1218
.234904
11.8235
-2.95391
-18.139
-15.9454
-13.4478
-9.87238
-6.2759
-6.29779
-6.39769
2.09101
10.7825
6.2273
1.33209
5.8659
10.6612
4.10627
-2.78697
-.386002
2.31135
-1.1749
-4.87128
.881815
6.97584
6.91132
6.61161
8.52063
10.5187
5.71237
.617362
4.99072
9.78602
2.93712
-4.45563
.914912
6.90904
4.06326
.766489
1.64343
2.74235
-2.69035
-8.48467
-1.99849
5.19446
3.4318
1.13405
-2.48073
-6.17711
-5.46122
-4.4622
-2.05794
.439611
.31954
.019834
-2.0524
-4.25024
-4.77238
-5.17199
-4.6426
-4.04319
-3.72189
-3.42218
-8.02538
-13.0205
-4.35344
5.43697
2.69959
-1.09669
-4.70913
-8.30561
-5.57309
-2.27632
-.993184
.105739
-.804663
-1.90359
-3.18478
-4.48351
-1.68987
1.50699
.801797
-.297125
-.0378007
.361807
-1.04566
-2.6441
-3.25079
-3.7503
-1.73086
.566887
3.40324
6.3004
3.01716
-.978924
-6.31564
-11.8102
-1.34175
11.0461
4.83639
-3.65529
-3.44576
-2.14703
-2.97451
-4.07344
.13142
5.02662
1.71917
-2.67652
-1.26389
.933951
-2.04893
-5.74531
-6.81329
-7.51261
-2.70462
2.88989
-2.59274
-9.68579
-6.85789
-2.5621
4.51226
12.0049
8.92819
4.23279
3.34068
3.04098
1.27514
-.722898
5.88376
13.8759
10.6216
5.52658
5.22828
5.72779
4.09081
2.09276
-.416861
-3.01431
-4.42082
-5.61964
-.537916
5.65601
7.44676
8.44579
6.8259
4.72796
3.22001
1.82138
-1.59539
-5.39167
-4.23824
-2.14029
-2.72067
-3.8196
-4.50101
-5.10042
-4.03371
-2.63508
-5.14264
-8.43941
-5.0201
-.2248
-1.79884
-4.696
-5.77766
-6.47698
-5.20044
-3.5021
-.0790056
3.71727
4.80968
5.30919
3.68346
1.58552
1.9339
2.83301
-.253933
-4.25002
-2.07851
1.51797
2.92861
3.82773
3.11163
2.0127
-3.759
-10.6522
-2.75751
8.73123
10.5189
9.91954
6.60088
2.6048
-.274335
-2.87179
-2.2062
-.707673
3.64892
8.74392
-.257737
-12.9453
-9.59608
-2.00351
1.33367
3.53152
4.31443
4.71404
4.01588
3.01686
2.72178
2.62188
-1.301
-6.29611
-5.29874
-2.60139
-4.40648
-7.50345
-7.89027
-7.49066
-3.2292
2.16551
1.01172
-2.08524
-2.87684
-2.97675
-4.37969
-6.17793
-8.20553
-10.3035
-10.1899
-9.39072
-3.57139
3.82137
3.85507
1.55732
-.513415
-2.51146
-5.03782
-7.73518
-4.63604
.359067
.849165
-.149856
.573539
1.87227
-.488908
-4.08538
-5
-5
-.987782
4.40693
.538576
-6.55447
-10.6173
-13.6143
-5.99672
5.39212
7.07669
5.27845
2.67368
-.223483
.243136
1.94147
3.05637
3.95549
.708762
-4.08654
-5.25492
-5.05512
-2.97441
-.177149
-.482202
-1.98073
-2.18415
-1.88444
-1.22596
-.426741
-.486238
-.885846
-2.85545
-5.45291
-4.84781
-2.94967
.29694
4.09322
3.57214
1.27439
2.29393
4.69158
7.79308
11.1897
12.9721
14.071
9.29049
1.99764
.846961
2.34549
3.28721
3.98653
1.9096
-1.38716
-2.26158
-2.06177
3.03805
10.3309
5.9246
-3.7659
-3.57473
1.12067
1.71045
.411721
.409387
1.0088
4.26159
8.75719
5.2477
-2.04515
-2.84419
-.546442
-.0023445
-.302051
.407028
1.60585
2.60351
3.50263
3.8
3.8
5.06663
6.96477
6.93531
5.93629
5.86509
6.2647
3.62474
-.571151
2.94114
10.4338
10.3725
6.37647
4.01764
2.51911
.955287
-.643147
.622766
3.42002
3.81587
2.91675
3.57061
5.06914
4.11624
1.81849
.935684
.835782
.54352
.143912
-.255696
-.655305
-.8
-.8
.534184
2.63213
.169823
-4.92518
-1.68558
6.40649
8.64466
7.44583
6.93725
6.83735
5.73659
4.03825
.40682
-4.38848
-6.2
-6.2
-1.73842
5.45453
4.49376
-1.50036
-.351812
5.24271
5.19035
1.59388
-.778932
-2.37736
.0493729
5.04448
4.62912
.732942
-.678808
-.479004
2.3784
6.9739
6.39182
2.39574
-.160137
-1.75857
-2.04112
-1.44171
.350042
2.9475
.0781983
-6.51534
-4.34351
3.84846
3.77628
-2.01804
2.30706
13.6959
13.3571
4.76554
5.05719
11.6507
10.0897
2.697
1.68983
5.2863
6.16359
5.06467
5.52255
7.12098
6.36341
3.86586
2.9718
3.27151
2.48685
.888415
-.0275047
-.427113
1.21377
4.41064
6.98617
9.08412
7.9736
4.37713
-.509488
-6.40371
-3.35438
6.73573
10.086
8.08793
6.58944
5.49051
4.05973
2.36139
1.87557
2.37508
3.09426
3.99338
7.57391
13.3682
12.1286
5.03555
1.41968
.720368
-1.71127
-5.60746
-4.75697
.138237
1.16389
-1.13385
-.700659
2.0966
3.4
3.4
3.4
3.4
3.24112
2.94141
3.38041
4.47933
3.37036
.273395
3.04223
11.1343
13.5912
10.8938
8.97622
7.77739
6.31964
4.6213
3.90318
4.10298
3.01793
.720181
.00958849
.808805
1.86304
3.16176
.0910871
-7.20177
-8.82616
-4.92998
-.529642
4.36556
7.40264
8.60146
6.14854
.0545125
-4.19587
-6.59353
-7.30368
-6.30465
-3.67423
.621563
3.14468
3.844
-.115962
-8.90735
-8.17313
2.51639
8
8
8.19383
8.59344
7.01431
3.31793
.390611
-1.70733
-1.07667
2.51981
7.16512
12.9594
11.4895
1.99881
-3.18913
-3.58874
-2.38738
.60968
.93393
-1.76343
.162089
7.35504
10.177
7.97915
4.6237
-.071694
.996452
8.78882
9.60247
2.20971
-.291346
3.00542
6.25667
9.45354
10.2482
8.15022
7.18052
7.58013
7.17093
5.7723
6.87899
11.0749
11.8856
8.48889
5.3583
2.56104
1.61811
3.01674
7.09661
14.5893
14.4678
4.57755
.48115
3.87782
4.93265
2.93461
2.23172
3.23074
4.57357
6.3718
8.2556
10.2536
10.378
7.98032
7.91405
11.011
10.7747
5.97944
1.89809
-1.19887
-2.70739
-2.00808
-1.51679
-1.31698
-.454626
1.34361
2.56485
2.96446
2.83084
1.93172
1.35918
1.25927
3.23133
8.22643
12.049
14.147
13.4687
8.67342
6.7209
9.01865
9.56329
7.46534
2.59206
-6.49903
-8.37042
.820571
6.7533
7.65242
6.91101
3.61424
1.6
1.6
1.48399
1.18429
-.308083
-3.70475
-2.54643
5.94524
10.4003
8.30234
5.674
2.17743
.0376899
.137592
-1.03731
-4.33408
-5.50484
-3.10719
-.895051
1.00309
2.67979
3.97851
4.68987
4.39016
3.65227
2.15374
.655208
-.843324
-.355052
3.64103
5.12216
2.1251
1.05757
3.45522
3.29425
-1.50105
-2.3382
4.05553
7.56739
5.76915
4.11071
2.71208
4.37174
11.7645
14.2846
7.59121
2.71893
1.32031
1.18581
3.48356
4.3206
2.32255
1.50661
3.00515
4.80589
7.20354
8.73323
8.53343
7.23845
3.74188
2.35675
5.25391
6.11775
2.82098
.828198
1.52751
3.29616
7.29224
8.09972
2.20549
-.967678
1.62978
2.22278
-1.47359
-4.06324
-4.26304
-4.21145
-3.61204
-1.95083
2.04525
4.8
4.8
3.53565
-.560333
-3.15486
-2.35565
-.369031
4.32637
7.08574
5.38741
3.89945
2.90043
2.34929
2.8488
1.80584
-2.88956
-4.81504
-.11964
2.90728
1.90826
1.83966
4.03751
5.57112
5.47122
6.37526
9.77193
10.4907
4.49657
1.98243
8.27627
11.7885
8.19204
6.26962
8.66727
9.29179
5.2957
2.73011
3.92894
4.58149
3.78227
2.84747
1.54874
2.673
10.3655
13.461
3.97029
-1.91224
2.18374
7.06977
14.1628
17.6487
10.9552
6.72641
9.52367
12.3209
15.1182
16.2035
12.3073
9.04502
7.64639
6.12196
4.22382
3.57389
6.67086
9.22292
10.122
10.6771
10.1776
10.3119
12.4099
12.67
7.17541
3.52768
5.72553
7.42379
7.52369
7.12812
5.13008
2.61728
-1.57861
-3.68628
1.10901
6.34144
13.0349
17.721
15.623
12.8014
7.50659
4.54338
9.63839
12.7999
9.20348
5.69511
2.49824
.0654958
.365202
2.04962
8.74306
12.7136
6.71945
3.12596
8.42077
11.6317
7.03626
3.0872
1.58867
2.15587
10.6475
16.5406
12.3447
9.42558
11.5235
11.6947
4.2021
-.84604
3.94926
7.28836
4.69091
3.16499
6.06216
8.05284
6.2546
4.78091
4.68101
4.69448
5.19399
5.89919
7.49762
9.76219
14.9571
17.8635
10.5707
4.12908
1.53163
-.313338
1.28509
2.98985
5.1877
7.43812
9.93567
12
12
11.5545
8.95708
6.83387
7.03368
6.83168
4.63383
3.16401
5.36186
6.82395
4.5262
3.00386
5.50141
7.18508
4.58762
2.06898
-.028964
-1.31742
1.77954
4.16943
2.6709
.944735
-2.05233
-4.62996
-4.82976
-4.42343
-.527244
2.58118
1.08264
.749897
7.34344
12.8438
11.7449
10.352
7.1551
3.94443
.647663
-1.47871
3.8161
8.11832
6.02037
4.0546
2.95568
2.15626
3.35509
4.48978
5.1891
5.74948
5.34987
4.92539
4.32598
3.59194
1.8936
.460215
.959725
1.73172
4.52898
6.95339
6.55378
5.89069
3.19334
1.48686
7.58088
12.7344
10.3368
7.79787
4.10149
.789327
.689425
.99812
4.7944
8.21028
8.31018
8.24872
6.75019
5.5879
7.48604
9.00612
7.00808
5.47544
8.3726
10.8977
9.79875
8.52681
5.52974
2.79109
2.69119
2.85273
5.74989
8.40852
8.50842
8.69988
9.8987
10.8131
8.51532
6.7014
10.4977
13.7292
10.2327
6.75871
3.56185
.974564
6.06957
10.3282
3.73465
-1.98978
3.90444
9.60271
12.5998
14.6454
3.15671
-7.11622
.476339
7.82211
11.4186
14.4177
8.02393
2.09245
3.69088
5.20558
5.30548
5.60469
9.40097
12.7197
7.32498
2.31489
4.61263
6.71361
4.91537
3.21381
3.51352
3.80881
4.00862
4.09891
1.70126
-.431321
3.76457
7.77326
7.07394
6.371
5.57178
4.69713
1.70007
-1.12564
1.17211
3.45771
5.35585
7.25683
9.25487
10.991
3.09872
-4.54365
-2.2459
.00676252
.306469
.707036
5.90195
10.9348
7.43823
4.00333
4.20314
4.43236
6.63021
8.81275
9.81177
10.7665
7.66957
4.55493
-.540078
-5.57523
-1.97876
1.61476
4.61183
7.5914
4.69424
1.8006
2.40002
2.99943
