2.59896
.301214
-1.99653
1.19204
4.38891
1.81155
-.785902
6.35391
13.5469
9.63344
5.63735
4.90722
4.20791
4.2
4.2
5.18577
6.18479
3.93724
1.63949
2.77822
3.97705
.276402
-3.51988
-7.41395
-11.3101
-5.73932
.0549987
.492206
.791912
.313968
-.185542
.479073
1.17839
5.45985
9.85554
7.68114
5.28349
6.06781
6.96693
-3.20011
-13.7897
-8.7262
-3.03177
-.116596
2.68066
-3.03404
-9.12807
-5.29589
-1.0001
-2.03823
-3.33696
-3.78021
-4.17982
-4.864
-5.56331
-3.8961
-2.09786
.172705
2.47045
-3.52753
-10.0212
-3.34446
4.1482
-1.31432
-7.60815
-7.62527
-7.22566
-4.11494
-.818175
.239616
1.13873
1.66547
2.16498
4.89408
7.79124
7.81459
7.61479
7.87752
8.17723
2.29204
-4.10169
-5.42904
-6.32816
-4.65351
-2.75537
-.765509
1.23253
1.49153
1.59143
3.33533
5.23347
3.30384
1.00609
-.836946
-2.63518
1.01132
5.20721
4.60395
3.50503
1.2315
-1.16615
-1.30984
-1.20994
2.21858
6.01486
2.09119
-2.70411
.0245554
3.62103
-1.00501
-6.59953
-.689902
6.60295
3.21777
-1.47763
-2.53273
-3.13214
-5.32621
-7.72386
-5.17132
-1.97445
-.0123904
1.78585
-1.60819
-5.70418
-4.18039
-1.88264
-.548642
.650183
.188078
-.511237
-2.78054
-5.27809
-3.5984
-1.30066
-1.34732
-1.74693
-3.53269
-5.53073
-2.16958
2.02631
2.94497
3.34458
8.64887
14.7429
8.21679
-.374786
-2.45655
-3.45557
-3.68546
-3.78536
.37793
5.27313
4.55384
2.85551
-1.04951
-5.3453
-4.30647
-2.30843
-3.60513
-5.50327
-3.69287
-1.19532
.797695
2.69583
2.74832
2.44861
-.0272324
-2.92439
-1.89697
-.0987283
-.383143
-1.08246
3.70351
9.59773
6.86884
2.37325
2.42719
3.42621
1.04179
-2.05518
-2.35302
-2.05331
-1.91787
-1.81797
.903877
4.20065
5.12696
5.52657
.544265
-5.64966
-.94292
6.25003
2.812
-3.08222
-.718859
3.57693
1.41184
-2.28453
.625435
5.12103
2.303
-2.29249
-3.11983
-3.01992
1.39878
6.8934
4.17046
-.624843
1.58345
5.57954
3.54194
-.0545361
-1.59195
-2.59097
1.14995
6.14505
.580529
-7.81125
.618967
13.6062
10.8328
3.73972
3.60788
5.40612
3.69346
.9961
3.2795
6.97588
6.40268
4.60445
4.2
4.2
2.7325
.834356
.0918348
-.307773
4.44126
10.7351
7.14112
.547583
-2.83489
-5.23254
-5.64748
-5.44768
-1.74901
3.04629
.406672
-4.58843
-3.52988
-.532813
5.10587
11.5995
8.98436
3.38984
-1.30367
-5.69936
-7.47399
-8.37311
-6.43393
-3.53677
1.81876
8.01269
4.54758
-2.24577
-.887609
3.30828
3.80873
3.00951
4.86396
7.66122
4.43007
-.964644
-3.64646
-5.3448
-4.19123
-1.99339
3.26751
9.66125
3.39925
-7.58998
-8.42385
-5.42679
-2.50207
.395095
-.60367
-3.10122
-1.28171
2.21486
2.98473
2.68503
2.31376
1.91415
1.87136
1.97126
-2.27007
-8.2642
-7.445
-3.84853
.880369
6.07528
5.27084
1.97407
-.689235
-3.08688
.0603951
5.55501
2.58045
-4.01309
-2.09134
3.50317
2.13753
-2.25817
-2.69772
-1.39899
2.80656
8.30117
8.48168
6.28384
3.81072
1.21326
3.14491
7.14099
5.32078
.825189
-1.55524
-2.95387
-.474476
3.82131
2.96129
-.335479
-.385342
1.11319
.318485
-1.57965
-.249682
2.64748
3.93528
4.43479
4.26569
3.76618
1.20006
-2.39642
.122277
5.71679
1.63539
-7.3558
-5.31202
2.38044
4.60471
4.00529
.90981
-3.48588
-1.92195
2.77344
2.83293
.43528
-2.28786
-5.18503
-8.08219
-10.9793
-8.95876
-4.26336
-3.30963
-4.40855
-3.12779
-.530338
-4.47311
-12.0657
-8.66328
.927318
2.74306
.145608
1.04244
3.9396
2.97322
-.223645
-1.4
-1.4
-.204041
1.6941
1.64701
.448181
-1.81406
-4.71122
-3.11861
1.17718
2.86216
2.96206
3.24786
3.64747
1.94688
-1.05018
.447716
4.74351
.446235
-9.24427
-5.47446
6.8135
6.41606
-2.07561
-2.72517
1.67053
.188417
-5.10639
-3.57599
2.41813
1.84999
-3.04522
-1.87955
3.31535
4.38318
2.68485
1.70191
1.2024
4.20875
9.60346
9.72711
6.23053
3.91455
2.41602
-.90636
-5.50186
-5.81677
-3.11941
.863675
5.75888
8.61545
10.0141
9.26483
6.96708
6.23142
6.63103
4.43597
.339984
.26644
3.1636
4.11366
3.61415
1.9732
-.524351
.16316
3.26012
6.92389
11.0199
7.71639
-1.2748
-3.6802
-.982846
-1.20232
-3.69988
-1.27847
5.01536
6.35176
3.75431
1.48989
-.508156
1.14425
5.73975
7.24886
6.24984
8.491
13.3862
12.0977
5.70402
4.98107
8.97716
9.17007
6.173
6.04511
8.34286
9.1303
8.63079
4.9604
-1.43333
-1.29422
4.5001
5.91955
3.5219
2.34684
2.24694
2.25296
2.35286
1.3447
-.653338
3.28892
12.5798
13.0196
5.42707
1.27822
.279204
-.719817
-1.71884
-1.1125
.985448
3.28975
5.78731
3.40239
-3.59075
-4.84966
-.653771
-.844123
-5.23982
-4.19916
2.09467
4.03594
1.73819
1.70914
3.90699
7.15945
11.4552
9.94825
2.6554
-1.69759
-3.09622
-.474632
6.21881
7.72141
3.92513
3.52646
6.62343
8.54331
9.24263
7.05984
1.86493
.805564
4.10233
6.52686
8.0254
7.7865
5.68855
3.39835
.900794
.126574
1.2255
4.0407
8.7361
12.0071
13.7055
11.8103
5.91608
3.08252
3.68194
5.21918
7.81663
6.11808
-.475455
-1.3495
4.34491
7.58522
7.98482
7.00118
4.40373
4.88241
8.9784
9.55419
5.95772
5.32011
8.21727
10.5705
12.2689
11.7107
8.41396
5.97093
4.5723
6.43954
12.3338
17.159
20.6555
22.0235
20.7248
16.3355
8.04363
4.67469
7.57185
6.00559
-1.28726
-4.39804
-2.1003
-.409693
.489426
1.3022
2.00152
4.54879
9.5439
12.9561
14.2549
14.0631
11.8653
7.59041
.49736
-2.50299
.0944677
2.60793
5.00558
6.69261
7.39192
8.67371
10.7716
11.296
9.5977
7.77572
5.77768
5.29731
6.99564
9.67372
13.7697
15.5093
13.811
11.5871
8.59001
4.22496
-2.16878
-3.83788
1.55683
3.68438
.887123
2.49076
10.7826
15.2082
13.7097
10.2091
3.61555
.381207
2.37925
5.19345
9.28943
9.98256
5.28717
2.05374
1.15462
3.16458
9.85802
12.4006
8.20469
4.57708
1.87973
1.21763
3.91498
5.26255
4.36343
4.99355
8.19041
9.12402
6.22686
4.54763
4.94723
3.80498
.00870033
-1.12197
2.37461
4.16417
2.96534
2.41674
3.01615
1.89103
-2.30486
-2.39155
4.9013
8.67605
6.0786
4.4
4.4
3.87283
2.37429
3.77653
10.5699
13.9226
10.8257
8.73088
8.53108
8.05638
7.05736
4.28171
-1.91222
-4.43737
.158124
4.28078
7.47765
9.86863
10.6678
10.6325
8.93415
9.42616
14.3214
16.9732
15.075
11.1108
2.9188
-.578819
5.61511
7.3049
-.387565
-1.92827
9.46057
14.511
6.11918
-.586315
-3.68328
-2.29009
8.79904
15.7086
13.5108
12.2811
13.1802
13.2724
11.5741
10.8009
12.0996
12.571
11.1724
10.8394
12.9373
14.4907
14.7904
13.2268
7.33255
5.34983
12.5428
16.4135
12.4174
9.21692
7.9182
7.58543
9.58347
10.2731
7.77555
6.40432
7.80295
9.00079
9.7001
7.83546
-.45641
-3.54245
6.54766
12.4232
7.52805
4.69753
7.19508
7.08834
.195091
-4.00222
-1.10506
2.63882
8.63295
11.4543
5.75986
3.72685
11.6191
16.224
11.8283
6.87551
.381874
-1.79285
8.09746
14.093
9.09794
6.41179
10.308
12.1958
8.29966
5.65552
6.65454
7.57749
8.2768
8.59872
7.7995
8.47318
13.5682
15.691
8.79772
3.67372
3.97342
4.66316
6.5613
7.75819
6.75917
6.50369
8.60164
10.5568
12.0554
13.318
13.8175
14.3872
15.1864
14.6167
9.52167
4.95581
2.15855
.319351
1.71798
2.73215
2.43245
3.05193
6.84821
9.77778
9.67787
9.77622
10.5754
11.0253
10.2261
8.66964
4.37385
1.98626
6.58175
8.84034
2.44661
-2.36846
-1.26954
2.26919
15.0567
22.6178
10.1301
.731999
3.32945
4.7515
1.55463
-1.12042
-1.71983
-2.41862
-3.51754
-3.77029
-.573424
1.94155
1.64184
1.16856
-.0302674
-.522724
1.97483
4.03779
4.23759
4.2691
3.56979
2.07481
-2.92029
-5.95645
-.262027
4.36377
4.16397
4.71665
8.71274
11.4152
8.11845
5.1897
3.99088
3.17329
4.17231
5.65106
9.44734
11.6176
5.8233
1.10045
1.69986
2.4151
3.71382
4.94715
5.84627
6.21229
3.81464
1.03399
-3.76131
-6.49168
1.80019
8.44196
6.14421
4.87633
9.27203
12.8027
11.504
9.77085
5.57496
2.66528
7.16087
9.71624
.924855
-5.31908
3.57221
11.2568
11.6564
12.07
12.5695
12.4616
8.56542
4.84616
2.2487
.965772
8.15872
13.7259
8.63089
4.70785
8.60404
10.8713
2.07991
-5.03163
-.536038
3.68599
5.98374
7.95104
7.55144
7.32043
8.31945
9.27108
9.8705
10.3417
9.84223
8.83867
3.94346
.0503977
4.04648
7.30127
4.60391
2.10218
1.20306
1.23246
9.02483
15.8638
14.5651
13.2663
11.9676
10.6588
9.26018
7.99011
7.89021
8.01326
10.2111
12.143
11.5436
11.4
15.6958
18.8077
10.1163
2.13762
1.43831
.721566
-.177553
-.957405
-.457894
.624246
8.1169
14.7237
11.327
7.851
3.45531
.103971
9.19506
17.2531
12.6576
8.24577
6.14782
3.9212
.0250213
-3.28712
1.20847
5.55541
7.85316
9.95407
9.25476
8.47905
6.58091
4.91722
6.81536
8.51039
7.01186
5.64045
6.33976
6.95534
6.15612
5.4
5.4
5.19237
1.19628
-2.14045
7.05054
15.44
7.94739
.993347
5.18923
9.14711
7.94828
6.79157
6.59177
6.42008
6.91959
7.54135
11.2377
14.597
9.0025
3.68915
6.2866
8.58985
2.09621
-3.99346
2.79988
9.20109
2.20795
-4.46507
.62994
5.502
1.50592
-2.41127
-2.91078
-3.41235
-4.01176
-4.52177
-.325882
3.78333
2.78431
1.81324
2.71236
3.48905
-5.20243
-13.6348
1.65019
16.716
7.22534
-2.22752
-6.2236
-10.1739
-4.8791
.396739
-.702184
-1.79547
2.70012
7.19572
