-3.39941
-2.10069
-.801959
1.89329
4.59064
4.50044
4.40054
.624325
-3.17195
-4.19164
-5.19066
-1.4392
2.35707
-3.03249
-8.5271
-8.30427
-8.00456
-.916569
6.27638
5.61452
4.8153
2.54624
.248494
-1.95146
-4.14931
-2.34564
-.4475
-5.75711
-11.2517
-2.06819
7.52241
3.04648
-1.84872
.226739
2.52449
-1.65123
-6.04693
1.22459
8.91705
6.4094
3.51224
.711113
-2.08614
-1.91249
-1.61279
-1.98256
-2.38217
-1.82733
-1.22792
-1.67624
-2.17575
-.108839
2.08901
4.38171
6.67946
3.29753
-.398843
-.883397
-1.1831
-3.08539
-5.08343
-1.15482
3.14097
3.86939
4.3689
-.190434
-5.08564
-2.87586
-.178506
-1.49265
-3.09109
-2.73452
-2.23501
1.33017
5.12645
1.22834
-3.26725
-3.41498
-3.21518
-2.27688
-1.27786
-4.23983
-7.5366
-7.8
-7.8
-8.1669
-8.56651
-2.92522
3.26871
-2.22798
-8.82152
-6.84816
-4.0509
.01954
4.21543
-1.5707
-8.36405
-6.8268
-4.42915
-.22442
4.17127
5.95237
7.45091
5.71079
3.61284
.706997
-2.29007
-.629438
1.56841
4.66001
7.85687
2.67087
-3.52306
.42715
5.62206
2.64848
-1.3476
-.559711
.838919
.469622
-.129791
-.1118
-.0118973
-1.8481
-3.94604
-4.81466
-5.51398
-3.23444
-.537086
-3.43444
-7.13082
4.52381
18.4102
11.7585
2.06798
.71317
.613268
-1.30595
-3.5038
-8.89987
-14.7941
-5.76832
5.62052
7.71628
8.31569
3.84988
-1.44493
-3.65614
-5.35448
-.386961
5.70707
2.84839
-1.5473
-2.28507
-2.38497
2.26798
7.76259
3.85811
-1.7364
-.234539
2.56272
1.56715
-.131181
-3.93175
-8.12763
-6.2832
-3.28613
-2.46521
-2.0656
-3.83704
-6.03489
-3.48429
.0122875
.76622
.966025
1.33166
1.73127
.311062
-1.48718
-1.71748
-1.61757
-2.42327
-3.42229
-1.71098
.586772
-.310971
-1.9094
-3.67132
-5.46956
.234264
7.62702
4.1191
-1.87503
-5.43458
-8.43164
-3.73781
2.75583
-.361094
-5.75581
-4.46361
-1.56645
-.357044
.442172
2.44399
4.74174
3.52046
1.42252
3.2339
6.03116
5.24703
3.5487
4.31147
5.7101
2.9906
-.805682
2.90294
8.59736
3.81095
-3.7816
.574165
8.16672
7.21241
3.91564
1.40103
-.896714
-2.72634
-4.42468
-2.30962
.887246
-.728857
-3.72592
-3.23851
-1.73998
-4.72119
-9.01698
-5.37753
.6166
2.61476
3.41398
-.385783
-5.58069
-3.97121
-.274828
-3.2129
-8.20801
-5.14051
.454009
3.46906
5.66691
5.29195
4.09312
2.66787
1.16934
2.15502
3.95326
.120243
-5.57418
-3.77983
.51596
.106162
-1.89188
1.02682
5.62232
2.04478
-4.34896
2.00329
12.7927
8.80039
-.390602
-2.72629
-2.62638
1.59048
7.2849
3.37421
-4.01854
-2.63622
1.95928
1.23089
-1.46646
-.454381
1.94327
2.67254
2.77244
.123325
-3.57305
-2.86848
-.470827
2.07072
4.66818
6.11755
7.11657
5.39633
2.59908
1.58591
1.2862
-.294526
-2.39247
-3.78069
-4.87962
-2.29817
1.79782
2.78826
2.48855
1.34423
-.154304
.452835
1.95137
-2.84949
-10.3421
-6.03904
3.35176
4.59916
2.30141
2.22465
3.12377
-1.99839
-9.79075
-9.50844
-5.61226
-2.47308
.324179
-.584192
-3.18165
-4.95798
-6.35661
-3.11551
2.2792
4.20411
4.50381
3.65024
2.25161
-1.78513
-7.07994
-4.28098
2.41246
1.43914
-3.25626
-1.91657
2.37922
3.66628
3.46647
4.13331
5.23224
4.27061
2.27257
3.91957
7.41614
6.28728
2.79071
-1.62821
-6.52342
-4.45589
1.23853
-.59844
-6.39276
-5.65763
-1.46174
-2.73415
-6.93004
-6.90723
-4.60948
-.564638
4.43047
5.74842
5.0491
4.54274
4.14313
5.2824
7.28044
3.33354
-3.95931
-5.32543
-3.32739
-.694023
2.30304
-.653555
-7.04729
-2.70705
7.88257
5.75726
-3.83334
-3.07029
3.82296
4.27317
.876503
-.711789
-1.2113
.0918908
2.48954
4.26753
5.66616
5.27344
3.77491
4.00047
5.2992
3.71311
.316442
-.204618
1.09411
.6242
-.974233
-.0802084
2.41734
1.33974
-2.05693
-.138393
5.25632
8.00204
9.00106
7.35971
3.96304
2.6
2.6
3.37502
4.67375
5.2
5.2
4.19317
2.49483
-1.09245
-5.98766
-3.70512
3.58773
4.1372
-.0586901
-1.50779
-1.00828
1.87934
6.47484
6.13602
2.23984
.71571
.915514
1.57659
2.57561
4.32166
6.61941
6.45465
4.4566
6.56774
11.7626
11.5543
7.25853
5.74008
6.33949
6.14812
5.34891
3.81793
1.71999
.126883
-1.07194
-1.87949
-2.379
-.817553
2.37931
1.30224
-3.19335
-1.82609
4.26793
3.30735
-3.38609
-5.13688
-2.83913
-.596103
1.60174
.527982
-3.2683
-2.66377
1.63202
5.00752
7.60497
7.39757
4.80012
4.29867
5.59739
4.80775
2.2103
1.37346
2.07278
.167433
-4.02845
-3.35197
1.64313
2.68088
.183327
-.421741
.677182
1.7761
2.87503
2.40863
.510488
-.503963
-.703768
1.99644
7.39115
7.00777
1.21345
-.366536
2.03111
3.81438
5.01321
4.88596
3.48733
-.299228
-6.39326
-3.63032
7.75852
10.8288
5.7338
3.14978
3.04988
2.14959
.451257
.646391
2.74433
6.28162
11.2767
9.25183
.0608401
-3.91063
-2.512
.357981
4.75367
4.89948
.603691
-2.42711
-4.12544
-4.85463
-4.55492
-3.43476
-1.43672
.176793
1.37562
3.62759
7.02426
6.55929
1.86389
.776885
3.67405
3.59238
.195705
-1.31748
-.718064
.115806
1.21473
1.51982
.920413
2.46
6.45608
9.57239
11.6703
10.0796
4.18538
.586787
-.312332
-1.85149
-4.14923
-.711334
9.57858
10.5768
.386809
-1.63477
6.25749
8.75772
4.66173
1.4605
-.637441
2.83238
13.2222
16.0731
9.4796
7.69847
11.9943
10.5759
1.88445
-.680771
4.61404
8.60195
10.8997
8.12346
-1.26734
-4.18238
1.41213
5.15869
6.45741
4.63319
-1.36093
-3.13921
.756972
4.61077
8.40705
9.75614
7.7581
3.66021
-3.33294
-3.72149
5.06989
10.4912
11.1905
8.24581
.153743
-3.32237
-.225403
.697601
-1.50024
.547434
8.73941
11.2436
5.44933
1.83828
1.43867
2.97034
7.36603
9.59961
8.60059
7.52188
6.32305
6.07577
7.2746
6.69809
3.40132
1.36074
1.26084
.926577
.227262
.616156
2.7141
4.6187
6.21713
5.58413
1.38824
1.3263
7.91984
10.2102
5.51477
2.10748
.808758
1.39453
5.0909
6.7626
5.06426
3.81351
3.314
4.15018
7.24714
6.02601
-2.56557
-4.91627
3.4755
5.47711
-3.61398
-6.56708
1.22528
7.78944
12.1851
14.3892
12.6909
10.0278
5.63209
2.94214
3.34175
2.57512
-.322038
-3.2192
-6.11636
-6.42729
-1.9317
2.73766
7.73277
9.06478
3.47026
-.337447
-.737055
.400803
4.49679
6.2828
3.58545
4.13043
11.0237
11.2012
-1.88597
-8.06291
-.470346
6.09342
10.589
12.9072
10.8092
8.05538
3.9594
2.08019
4.77755
6.6324
6.7323
5.80155
2.70458
2.55275
8.64678
12.6727
12.2731
10.2292
4.63471
3.40828
11.7001
17.0877
16.0887
13.4759
7.28199
.594659
-7.19771
-7.94243
7.24269
15.5774
8.28458
2.958
2.15878
2.41147
5.10883
7.20901
7.90833
8.04404
6.84522
5.88213
5.48252
5.52199
6.62091
6.00436
1.20906
-2.37328
-2.97269
-1.73632
4.058
6.00639
-1.68607
-6.15317
-2.45679
.396677
1.09599
1.01408
-1.08387
-1.38097
3.01472
5.18215
1.48577
.821214
8.21397
13.7356
14.2351
13.8462
11.0489
8.4922
6.59406
5.38571
6.08503
5.54661
1.55052
.351316
7.04476
11.3255
8.72802
6.18206
3.78441
2.56214
4.75998
6.19715
5.39793
4.64904
4.04963
3.47518
2.97567
2.94676
4.34539
4.24508
-.450322
-3.51246
-1.51442
.362719
1.86125
2.90406
2.50445
2.31895
2.81846
3.22359
3.32349
2.88524
.687394
-.605559
1.09278
1.82483
-.672718
-1.23135
4.76277
9.19646
8.29734
6.61355
2.21786
.866784
10.1577
15.7259
8.13333
2.92045
6.21722
9.01636
10.0154
10.071
6.67435
3.68133
2.1828
1.61041
4.50758
6.29953
3.90188
2.59906
5.49622
7.534
6.23527
6.497
12.8907
16.0331
6.24274
-.88453
2.71194
4.8719
1.17552
-.611561
5.48247
10.5929
11.5919
12.2664
11.567
10.3198
6.72329
3.33251
.834959
-1.03347
-.134348
1.62524
7.21976
11.0936
7.19744
3.92833
3.52872
2.47345
-1.62253
-4.84228
-3.94316
-2.80143
-.503683
2.25666
7.25177
10.8919
7.89481
4.84752
1.55075
.0574912
7.65005
12.6266
4.23481
-1.84689
4.04733
7.96269
1.46905
-3.84237
-2.84335
-1.71979
.0784449
2.26096
6.55675
10.3366
11.2357
11.236
6.14103
2.14003
4.43778
6.06447
3.76672
1.55533
-.143007
-1.98331
-4.68066
-6.70598
-4.60804
-2.55151
-.753271
.242019
-3.85397
-6.64884
-1.05433
3.07302
-2.42159
-5.63737
6.35089
16.6846
15.7854
13.3075
-.0793551
-10.5814
-.791001
7.89791
8.69713
9.12301
6.82526
4.94217
6.14099
7.11844
6.41912
5.5938
3.79556
2.10992
1.3107
.655321
1.15483
1.90431
4.70157
6.82646
3.32988
.39906
2.2972
4.17478
5.87311
6.90582
2.01062
-2.33077
-1.63146
-.486232
4.80858
9.1536
4.4582
.804641
7.29828
12.5899
5.89643
-.387123
-2.48507
-4.13855
-1.14149
1.61704
1.81684
2.2164
4.81386
6.97243
4.17517
2.04418
7.63869
12.6221
10.3243
7.92101
4.22463
.755933
.156521
-.185542
2.81152
5.43313
3.03548
1.07704
5.17302
9.01968
9.31939
9.50452
8.00598
6.22365
.129617
-5.01455
4.77585
13.5377
5.54558
-1.79903
1.79744
5.16229
4.46298
3.6287
.331932
-2.90989
-5.10774
-7.15681
-6.25769
-4.97187
4.31902
12.9796
7.98451
3.25054
4.44937
5.5759
4.97649
4.28539
1.28832
-1.6145
-2.01411
-2.2697
1.52658
5.1418
3.34357
1.69719
4.89406
7.94885
6.15061
4.30211
.60573
-2.87995
2.01525
6.71434
2.91806
-.769124
.729407
2.17951
1.08059
.0716742
4.36746
8.49408
1.30113
-5.72093
.472998
6.57193
3.97448
1.38498
-.313359
-1.93464
7.55606
16.9365
4.04914
-8.78607
-4.09067
.596579
-2.80009
-6.19676
