-30.7902
-9.01151
12.7671
12.401
12.0014
8.51555
5.01898
6.19232
7.39114
5.61505
3.81681
6.76905
9.76611
8.61473
7.4159
2.47116
-2.52394
-3.38705
-4.18626
-4.10181
-4.00191
-2.1382
-.240061
.191174
.590783
-2.52313
-5.72
-2.29352
1.30295
2.56647
3.7653
2.34484
.84631
.412741
.0131325
-.772952
-1.57217
-3.72131
-5.91916
-2.63204
.864534
-2.36111
-5.85768
-4.27495
-2.47672
-1.06104
.33759
3.26333
6.26039
6.4
6.4
.601781
-5.49225
-6.08457
-6.38428
-5.1694
-3.87068
-4.93358
-6.13241
-2.05213
2.34356
4.01111
5.50964
.718339
-4.47657
1.47671
8.17016
4.95402
1.05784
.240255
-.359157
2.39285
5.38991
1.79113
-2.30485
.0883992
2.98556
-1.24037
-6.03567
-7.69237
-9.091
-4.59419
.40091
4.29297
8.08925
6.19861
3.80096
3.78306
3.98286
3.54333
3.04382
1.35953
-.438708
2.21918
5.31615
5.50925
5.40935
1.778
-2.21808
.200977
3.29794
.264142
-3.43224
.0683891
4.36418
-.316706
-6.01113
-3.46501
.0315581
1.20438
2.10349
-.475383
-3.47245
-4.77882
-5.87774
-9.46273
-13.3589
-7.77574
-.982394
-.818774
-1.51809
4.83864
12.1315
7.63171
1.53768
-.517135
-2.01567
-4.91601
-8.01297
-7.00132
-5.40289
-3.10668
-.70903
-6.05668
-12.5503
-7.14823
.0447193
2.38615
3.98458
1.17465
-2.32192
-.988902
1.10904
-2.64421
-7.33961
-4.05084
.544653
-1.1127
-3.81005
-2.40535
-.307403
1.8758
4.07365
3.63439
2.73527
-.285659
-3.68233
-1.321
2.07567
3.27585
4.07506
-1.02567
-7.2196
-4.75234
-.656356
-.922828
-2.02175
-.693442
1.10479
-.687547
-3.1851
-3.76661
-3.96642
-2.17157
.0262733
-3.82864
-8.92365
-4.0924
2.80084
2.01945
-.378203
.105599
1.20452
2.22131
3.22033
4.21936
5.21838
2.1304
-1.86568
-1.78456
-.785538
-.355955
-.0562487
0
0
-4.37166
-9.76638
-2.88542
6.90498
3.07987
-4.01318
-2.42633
1.27005
-1.20695
-5.20303
-1.52124
4.07328
3.04588
.348526
-1.31421
-2.71284
.572575
5.06817
4.97047
3.67174
2.84701
2.14769
1.76359
1.46388
.928355
.328942
-.819352
-2.11808
-2.16535
-1.86565
-1.25386
-.554544
-1.02259
-1.82181
1.02751
4.92369
2.00579
-2.88941
-1.9146
.782756
-1.2194
-4.61607
-2.17249
2.0234
4.68629
6.88414
4.72411
1.22754
-.743872
-2.2424
-1.15481
.743324
5.75199
11.7461
5.55725
-4.53286
-2.39602
3.698
2.86634
-.230621
-2.12625
-3.62478
-2.57713
-.678994
-4.8309
-11.0248
-9.09868
-4.40328
-1.86259
-.0643563
-.0446276
-.64404
-1.98254
-3.58097
-5.99025
-8.68761
-4.03324
3.25961
3.95353
2.2552
2.01938
2.31908
1.59777
.498848
2.23655
5.03381
1.23008
-5.06375
-5.06378
-2.66613
-1.63927
-1.13975
.798775
3.29633
2.42138
.223538
-2.04587
-4.34361
-4.42909
-3.62987
2.5781
10.9699
7.01251
-1.97868
-3.67991
-2.38118
-.235486
2.26207
7.78616
14.5795
7.61581
-5.17166
-6.62023
-3.22356
3.45359
11.5457
10.0327
4.33828
3.50228
4.801
5.13079
5.03089
4.10281
2.80408
3.84519
5.94313
6.53138
6.43147
3.79977
.0034932
-1.67762
-2.37693
2.16248
9.15563
8.21153
3.51614
2.67644
3.67546
4.47214
5.17145
6.8123
8.91024
10.1364
10.9357
8.99359
5.69682
4.86666
5.26627
3.53886
.741602
.19764
.797053
1.26431
1.66392
-.63763
-4.33401
-2.57844
2.01706
.980386
-3.0157
-3.42058
-1.92205
1.85494
6.85004
6.32839
2.83182
-1.50595
-6.30125
-4.38736
1.20716
1.27053
-1.72653
-1.26112
1.13653
-1.26013
-6.35514
-9.28338
-10.9817
-3.5949
8.99277
7.77301
-1.41798
-1.32724
4.16737
4.94109
2.94305
4.39623
7.8928
8.26169
6.76316
4.14219
.845419
-.648649
-1.04826
.101293
2.19924
4.54426
7.04182
8
8
6.64966
4.45181
3.29408
2.79457
2.47802
2.27822
.315458
-2.78151
1.09005
9.48183
6.21639
-4.67294
-7.43469
-4.83723
.520617
7.71357
9.76262
8.36399
5.59417
1.89779
1.76669
4.06444
7.54669
11.8425
13.6
13.6
9.59929
2.80595
1.58323
4.28059
6.10131
7.30013
6.28559
3.68813
5.85084
11.4454
10.0973
3.70354
3.70998
8.40538
8.044
3.94801
2.31453
2.51434
2.37171
1.9721
1.00373
-.394895
-2.13361
-4.13165
.140096
9.23119
12.806
12.1067
8.77098
3.37626
1.95025
3.64859
4.06579
3.46638
2.47842
1.1797
4.80355
12.3961
13.1545
8.35922
3.509
-1.3862
-.644981
4.74973
6.16399
4.26585
4.43229
6.33043
5.90075
3.5031
1.8606
.861584
3.3559
8.85052
10.0613
7.56375
6.34665
6.24674
6.67841
7.57753
7.15263
5.5542
6.11912
8.61667
7.90751
4.31104
2.49525
2.29545
3.29573
5.39367
4.42469
.628415
2.01073
8.20466
10.5809
9.38209
7.82351
5.92537
5.40959
6.2088
6.49799
6.29819
5.64112
4.5422
2.98777
.989733
2.82327
8.41778
9.24143
5.34525
4.75064
7.448
7.5543
5.05674
3.20441
2.00559
2.78422
5.58148
5.96594
3.868
5.59557
11.29
11.5133
6.01867
3.2
3.2
5.23522
9.43111
12.2757
13.6743
11.6122
5.81784
7.6349
17.725
19.329
11.6366
8.07479
9.07381
10.8293
13.4268
13.9053
12.0072
11.5627
12.7615
12.4194
10.3214
9.665
10.664
11.2463
11.3462
10.2473
7.74974
8.51198
13.1075
13.6799
9.484
8.20146
10.3993
11.5093
11.3095
11.8769
13.3755
13.8855
13.1861
13.2474
14.2464
14.5327
13.9333
11.0722
5.37784
3.03886
4.937
7.75819
11.7543
11.0244
4.23104
5.75828
18.0462
19.4923
6.80476
1.54273
6.03832
7.82643
6.02819
7.65237
13.8463
20.0402
26.2342
24.2895
11.3022
4.89701
7.49447
10.1759
12.9732
11.7157
4.82247
3.75399
10.847
15.911
18.1088
15.938
7.54625
1.53353
-1.06393
2.78855
15.9756
21.6874
16.4925
12.3084
9.61101
10.0922
15.2871
16.8785
13.0822
9.04689
4.65119
2.59471
4.09325
6.42027
10.0167
11.1401
8.44273
7.07342
7.77274
10.2598
15.5546
18.104
16.3057
13.5072
9.11149
6.4
6.4
5.67645
3.77831
3.58503
6.18248
8.1769
9.17592
11.1123
14.6089
15.1962
10.9004
7.08692
4.08986
4.34059
10.1349
13.7266
13.5268
10.99
4.39645
1.3259
4.42287
6.58062
7.08013
6.25031
3.05344
3.17966
9.27369
13.8396
15.6379
15.9165
13.4189
11.3783
10.1794
9.29515
8.99545
9.98161
13.3783
13.3883
6.99458
3.93393
7.2307
9.2975
8.99779
10.3286
14.8242
17.496
16.5969
15.9328
15.733
14.1979
10.002
6.56945
4.6713
5.18153
10.5762
12.7898
8.494
5.5674
5.4675
6.43692
9.63379
11.8966
12.1963
13.4564
16.7532
18.7136
17.8145
16.6941
15.0956
13.6857
12.6867
12.8744
15.6717
18.0034
19.3022
18.3806
12.4863
8.79834
10.0971
12.8877
19.0816
21.0102
13.1179
8.32131
10.719
9.95158
1.7596
-1.18201
8.30869
14.116
11.1189
8.70728
7.70826
7.31983
8.41875
8.44912
5.85167
5.92184
12.6153
16.5169
13.4199
11.3697
11.9692
11.5009
8.30403
7.50666
12.9014
15.8303
12.3337
10.5703
13.3675
14.7718
12.474
11.2068
12.7053
13.8
13.8
13.7198
13.4201
14.9245
21.4181
24.0405
15.8486
9.74772
9.54792
10.0745
12.672
13.7761
10.5792
9.60534
15.1
19.3014
19.701
19.5723
17.8739
17.3489
20.346
21.8074
18.6105
15.2171
11.221
8.85818
11.5555
13.3582
12.3592
11.6959
12.0955
12.8758
14.8738
16.0697
14.671
13.366
12.367
12.2961
15.2931
16.4727
11.5775
7.98249
8.7817
10.6664
16.261
20.0619
17.6643
15.0888
11.892
10.6556
16.35
19.6429
14.3481
11.1303
15.4261
17.4064
10.9127
7.07467
13.0688
17.4632
15.8648
14.0995
11.7019
9.6554
8.95608
8.60461
9.60363
11.1296
14.726
16.8574
13.161
10.3192
10.9186
12.0887
15.5853
16.3738
5.98399
-.953488
6.53917
12.9818
14.9799
16.2599
14.4616
12.9626
12.7628
12.4335
11.5343
11.1112
12.8096
13.711
11.0136
9.12249
10.9207
12.8784
15.5758
17.2217
13.9249
11.0787
10.3794
9.7486
9.44889
9.84362
13.6399
16.1471
12.2509
10.0093
16.1033
20.5787
16.7824
13.7292
14.5284
15.4234
16.822
17.2276
12.3324
9.25856
16.0519
21.2466
17.6501
14.5393
14.1397
13.4854
11.3875
9.54086
9.14125
8.24565
4.44937
2.17868
8.97202
14.0476
8.75277
5.01205
10.8064
15.4411
12.8436
10.5183
9.91893
9.52072
10.4198
10.473
4.97841
1.41104
10.7019
17.9791
11.5854
6.06315
6.56266
7.84555
14.6389
19.5107
10.6194
2.93247
4.0314
4.92892
4.3295
3.83495
4.13466
5.23627
12.5291
18.9662
18.6665
17.5038
9.41173
2.83037
8.62469
13.832
14.1317
14.0752
10.9782
8.37478
10.0731
11.0352
5.4407
.59779
2.59583
4.76836
8.56464
11.81
9.812
8.13023
9.52886
10.5359
7.63875
5.12475
6.52338
8.01787
10.5154
12.3485
7.05368
2.42473
5.12208
7.79506
10.1927
11.8289
4.63596
-1.71377
1.98261
5.65636
9.05304
11.5684
2.9768
-4.62827
.566637
5.70592
10.1016
13.8554
8.76038
3.96063
3.36122
3.05462
7.0507
11.0098
14.4064
17.2774
11.8827
6.80578
6.90568
7
7
7.15621
10.0534
12.6858
10.4879
8.34505
7.24613
5.98883
1.59314
-2.41586
1.58022
5.30744
3.20949
1.35584
5.05222
8.41927
3.92368
-.243364
3.85262
7.72026
5.52241
3.47543
5.67328
7.62541
2.2307
-2.91192
-.0147576
2.68066
-1.51523
-5.36718
3.42421
11.9289
9.03179
6.16844
4.76981
3.40823
3.80784
4.21676
5.11588
5.95333
3.15607
.444131
3.44119
6.40382
6.70353
6.96761
3.97055
.996465
.596856
.217887
2.81534
5.38917
3.19132
1.02104
8.11409
15.1952
10.3999
5.60457
