-6.39756
-1.00285
4.39186
-.986577
-6.38129
.668451
7.7615
2.53393
-2.76088
-.915882
.982258
5.15667
9.35256
3.96751
-1.5271
-2.68434
-3.78327
-1.53724
.760511
-.378223
-1.57705
-1.89397
-2.19367
2.29851
6.894
3.19368
-.702499
-1.18961
-1.58922
-1.30838
-1.00867
6.46981
14.1623
11.2051
7.90834
10.6019
13.4991
9.93592
6.13964
3.883
1.68515
3.23254
4.93087
6.15003
7.34885
3.86132
.164938
.66811
1.36742
1.2095
1.0097
-.140633
-1.33946
-.45143
.547591
2.39856
4.2967
2.13283
-.264821
-3.32236
-6.41932
-5.84741
-5.04819
-1.33875
2.55743
-.666246
-4.36262
-1.51494
1.78182
.320766
-1.47747
-.575955
.522968
-.328992
-1.32801
2.77165
7.26725
1.67951
-4.71422
2.27726
10.3693
5.01245
-1.48118
-4.84953
-7.94649
-2.51308
3.68085
.355792
-3.8401
.0926501
4.78805
2.55702
-.340141
-2.96448
-5.56193
2.5486
11.7396
5.26546
-2.82661
-2.51575
-1.31692
.242533
1.84097
-1.14869
-4.64526
3.43807
12.8289
4.30547
-6.28415
-4.62937
-1.5324
.851127
3.14887
2.68813
1.88891
6.50576
11.8006
5.40122
-2.49104
-.394525
3.00215
2.51799
1.51897
2.10404
2.90325
.190112
-3.00675
-3.04955
-2.64994
-.239729
2.45763
.00890663
-3.18796
.751293
5.7464
5.87902
5.27961
3.03414
.536589
2.27452
4.67217
1.9815
-1.51507
1.95816
6.55366
4.96787
2.37041
4.14138
6.63894
4.94897
2.55132
3.56422
5.16265
-2.76654
-12.3571
-7.09509
.79718
.729852
-.76868
.774096
2.87204
4.04285
5.04187
-1.61123
-9.7033
-2.35897
7.93094
6.41949
2.62321
4.75556
8.05233
6.18412
3.28696
1.47023
-.128199
1.42412
3.62197
-1.70759
-8.60084
-.887517
9.90191
3.15564
-7.33408
-7.31098
-5.01323
.807753
7.40129
4.9217
.42611
-4.15103
-8.74653
-6.50876
-2.71248
-1.43193
-.732618
-2.30009
-4.39804
-3.83087
-2.63204
.661478
4.45776
-2.27436
-11.5652
-6.66541
1.72636
4.27976
5.37868
1.37155
-3.92326
-3.08993
-.692278
1.54659
3.74444
.319456
-4.57575
-4.33602
-2.73758
-1.69077
-.791652
1.60101
4.39827
8.3717
12.6675
9.37634
3.98163
5.1406
8.13767
4.13054
-1.86359
-5.917
-9.41357
-4.31511
3.27745
2.06499
-1.73129
-2.21479
-1.71528
-.139937
1.7582
2.2
2.2
4.72298
8.01975
2.2418
-6.34978
-5.66176
-2.06528
-4.46226
-8.75805
-8.96762
-7.8687
-1.93937
5.55328
4.76523
1.26865
-.425918
-1.52484
1.79461
6.58991
6.829
5.53028
1.17721
-4.2175
-5.0799
-4.38058
-5.38567
-6.98411
-2.3742
4.41914
4.65203
2.55408
.603173
-1.29497
-.480214
1.31802
1.43437
.934861
.216561
-.582656
.945619
3.34327
.663236
-3.93226
-3.39144
-.893883
2.25299
5.64966
6.24024
5.74073
6.2458
7.14491
6.25505
4.65661
6.26955
9.16671
5.30292
-1.29062
-3.2
-3.2
-8.93288
-17.0249
-13.6124
-5.42042
-3.98539
-5.38402
-2.85206
1.34383
1.27013
-.628012
-.990608
-.690902
3.15849
8.5532
8.18723
5.29007
2.46212
-.335143
-.302814
.995913
2.63873
4.43697
1.50024
-3.59477
-6.08955
-7.38828
-4.11551
1.2792
3.13607
3.33587
.618573
-3.47741
-2.50011
.896564
3.61875
6.0164
6.19473
5.29561
4.19532
2.99649
2.53314
2.43324
3.79996
5.89791
6.06825
5.26903
3.80708
2.00884
3.05194
5.54949
3.76472
-.231361
-.877453
.22147
3.48157
7.87727
5.87409
.479379
.097272
2.39502
.149558
-4.54584
-1.60579
5.48726
5.41954
1.42346
1.28631
3.28435
2.52524
.227493
-2.38987
-5.18713
.364019
10.6539
11.2869
6.3917
1.11648
-4.37814
-3.30609
1.58911
4.02945
5.02847
3.45477
.357801
-.8
-.8
1.19545
4.39232
5.04054
4.14142
3.67607
3.47626
4.69718
6.79513
3.84394
-2.25009
-1.46967
3.62534
4.00923
1.41178
2.16863
5.0658
2.24854
-4.2451
-6.98179
-7.28149
-1.54119
8.14932
6.22038
-3.37022
-2.15928
6.2325
6.96824
2.57254
.38268
-.316634
2.84643
8.64075
9.16401
6.06704
4.8
4.8
1.56413
-3.93048
-2.27124
4.42219
3.86878
-1.82563
-2.21962
1.17705
5.90889
11.6033
11.5701
7.3742
3.29363
-.702454
-.101462
3.89462
2.50754
-2.88717
-2.40348
2.49173
5.16876
6.16778
5.97651
4.87759
5.36024
7.05857
3.2969
-4.69527
-2.5907
7.39951
6.26617
-3.62413
-6.21755
-3.02068
.176181
3.37305
6.07213
8.36988
8.40794
6.60971
7.66722
11.0639
7.62024
-1.47085
-2.43745
3.35688
4.91338
2.91534
3.8406
7.23727
5.40181
-.892019
-3.04759
-1.64896
1.35611
5.7518
6.25279
3.35563
1.20265
-.295877
2.12467
8.0189
9.26982
6.37266
4.36917
3.17035
3.69984
5.79778
9.14798
13.6436
14.6044
12.3067
11.7696
12.8686
11.6975
8.40075
4.74422
.748141
.899141
4.99513
5.31691
2.02014
3.09277
8.38758
9.78533
7.38768
5.14127
3.04333
2.80351
4.40195
5.55017
6.24948
5.80275
4.20431
5.53419
9.82998
12.8404
14.5387
14.4152
12.4171
12.7242
15.4216
13.1363
5.64365
4.71921
10.7133
11.6194
7.12381
5.86176
8.05961
9.44033
9.93984
8.71602
5.61905
5.43024
8.4273
9.57269
8.67357
9.05109
10.8493
10.2461
6.94935
6.13783
8.13587
9.99383
11.6922
11.3445
8.64714
6.32022
4.42208
2.43172
.33378
-.294962
.803961
3.91442
9.40904
9.98738
4.69257
4.70081
11.0945
12.7046
8.50867
7.68281
10.9796
13.9184
16.416
15.5283
10.4333
7.95477
8.75399
8.31699
6.31894
6.65051
9.94728
10.4435
7.3465
6.16632
7.46505
6.68214
3.18556
1.71806
2.91688
5.19011
8.88649
10.2727
8.5744
7.64258
7.74249
7.33372
6.2348
7.03455
10.4312
13.0719
14.6704
13.4681
8.37313
5.35839
5.25849
6.0696
8.16755
10.3067
12.5045
11.0928
4.49926
3.00852
8.90274
11.6281
9.72995
7.67009
5.37234
6.73598
13.5293
14.1967
5.70498
1.83515
4.93211
6.76035
6.66045
3.72001
-3.57284
-5.80165
-.207138
2.53597
.837638
.616156
2.7141
4.23201
4.83142
3.96886
.771995
.33109
4.32717
6.34302
5.1442
4.4
4.4
6.73677
12.9307
16.0501
14.0521
12.3897
11.2908
9.48692
6.48986
5.48576
7.88341
8.7392
6.94096
7.18758
10.9838
13.3274
13.1275
12.9277
12.7279
11.6659
9.06842
8.22184
10.5196
11.6446
10.6456
10.6008
12.2991
13.1188
12.3196
11.2408
9.64238
8.66951
8.86931
8.7581
8.05878
7.25638
6.25736
8.26494
16.0573
16.7159
3.52886
-.235168
14.4504
20.9429
11.2524
5.23398
6.5327
7.8978
9.39634
11.6866
15.5828
15.4124
6.9207
1.94979
4.24754
5.60558
5.00616
4.9865
6.18532
6.64786
5.54894
5.78631
8.88328
10.1462
7.44888
5.91425
6.91327
7.38139
6.68208
7.56547
11.9612
15.1233
15.5229
15.6468
15.1473
13.1255
7.63084
5.64527
11.7393
13.5055
5.21359
1.19153
7.18565
10.955
9.45652
9.19561
11.893
13.0097
10.3123
7.67311
5.17555
4.90176
10.0967
12.7674
9.17089
5.77384
2.87667
.630244
.0308316
.527195
3.82396
5.53037
3.13272
2.50821
6.50429
10.0602
12.4579
13.3806
10.3835
6.5458
.451777
-1.92699
5.76547
12.0414
14.4391
16.4122
17.2115
16.6149
12.1193
9.42734
11.825
13.4184
12.7191
12.1485
11.9487
11.4934
10.2945
9.45071
9.65051
10.0013
10.8005
10.676
7.77887
4.93125
2.23389
2.36241
11.1538
17.5562
16.5572
13.672
4.88066
-.456813
5.1377
10.6371
15.832
19.3281
17.3301
15.1448
12.3476
9.64314
7.24549
6.41229
10.808
13.5613
10.764
10.0021
16.1961
20.1705
16.4741
14.2889
17.3859
17.8836
9.1921
2.8803
5.07815
6.45382
4.85539
5.70116
15.4916
20.9056
10.1161
2.65244
7.64755
12.872
18.9661
22.7052
17.4103
13.5274
15.1258
15.9947
13.9966
12.701
14.1996
15.1019
13.6033
12.0261
10.128
8.91172
10.5101
12.5907
16.6867
18.74
12.1464
6.36541
4.06766
2.57399
4.57203
6.58858
8.68652
9.28321
3.18919
-.731383
5.16284
10.6091
14.0058
15.5241
8.33116
3.48654
9.68047
15.3545
18.5514
20.0521
13.3586
7.74919
7.44948
7.56832
9.76616
11.7489
12.648
13.6616
15.26
16.083
12.8862
9.67336
6.3766
3.14288
.245716
-1.74855
1.1486
4.19948
8.09566
10.6564
5.7612
1.65992
2.05953
2.69568
4.69372
6.12282
4.22468
3.3628
8.65761
13.0012
11.6026
10.078
7.78023
5.45487
2.95732
1.11301
3.41076
6.07067
11.0658
14.7259
9.63089
5.44742
7.34556
8.71782
6.51998
4.70104
5.50026
5.97618
4.17794
2.39194
.693604
-.426665
2.6703
5.44739
5.847
6.1767
5.97689
6.38424
11.4792
15.5946
11.9982
8.66723
7.4684
6.16089
3.96305
1.59444
-2.20184
-4.44755
6.54168
15.6289
8.13626
2.04546
8.43919
13.577
7.28313
1.81326
4.01111
5.63908
1.8428
-1.03257
5.06146
10.6273
10.927
11.2178
11.4176
11.4606
9.86213
8.11887
4.8221
2.07467
5.37144
8.06677
3.97078
.675903
6.67003
12.2464
12.8458
13.219
10.8214
8.54859
7.84927
6.96409
3.66732
.829443
4.12621
7.4838
11.6797
15.5934
15.4935
15.1899
11.8932
8.95424
11.4518
13.6865
11.7883
9.87288
7.67503
5.52185
4.12322
2.99392
6.59039
9.84946
6.9523
4.03017
.633496
-2.32164
3.47268
8.94015
7.64143
6.39559
6.29569
5.93886
-.255072
-6.08353
-3.18637
-.182237
5.51218
10.8731
7.37656
4.01714
4.51665
4.83511
-.259894
-5.06636
-.670667
3.67388
6.27133
8.78412
8.18471
7.5265
4.52944
1.64508
3.64312
5.62676
6.92549
8.25215
11.0494
13.7433
10.3466
6.91468
1.12035
-4.53368
.661224
5.80324
6.10294
6.34786
.453635
-5.3429
2.94897
11.1719
5.47752
-.199111
.100595
.399396
-.200017
-.799429
