-92.177
-41.2269
9.72314
17.6803
25.5726
23.1111
20.6135
21.7923
22.9911
18.4384
13.8429
14.0969
14.3966
14.9926
15.592
18.4587
21.3559
18.4486
15.4515
16.48
17.5789
15.6402
13.6422
16.3382
19.1355
20.176
21.175
22.2714
23.3703
21.3586
19.2607
18.2299
17.2309
21.7503
26.4457
22.9285
19.1322
19.7714
20.5706
19.349
18.0503
17.904
17.804
18.375
18.9744
19.8607
20.7599
21.2772
21.7767
19.9903
18.0921
18.2851
18.5849
17.3668
16.0681
16.6626
17.3619
18.3446
19.3437
19.2114
19.0116
16.2718
13.3747
17.3306
21.7263
20.22
18.3219
18.6674
19.1669
18.0805
16.8817
16.4276
16.028
18.4154
21.0128
18.9751
16.5774
18.8052
21.4026
19.6614
17.5635
14.8207
12.0235
14.098
16.5955
17.7172
18.7162
17.5186
16.12
14.8127
13.5139
14.6759
16.0745
17.9279
19.826
19.9092
19.8093
17.4457
14.8482
16.6781
18.9759
16.4051
13.3081
13.7197
14.5189
15.9465
17.445
19.1227
20.821
19.1231
17.0252
19.0295
21.527
19.7534
17.4556
18.9757
20.9738
19.9597
18.5611
18.842
19.3415
18.6944
17.8952
19.2961
20.9944
19.6194
17.8212
18.1257
18.7251
18.3629
17.8634
17.8
17.8
18.5832
19.4823
18.6448
17.5459
17.7465
18.1461
18.2
18.2
16.3026
14.1048
15.3488
17.1471
17.7434
18.143
19.4848
20.9833
20.5163
19.7171
18.2358
16.6373
15.8896
15.2902
14.6907
14.0913
15.5242
17.3224
17.1776
16.6781
17.8643
19.3628
19.5159
19.416
19.6517
19.9514
19.0793
17.9804
19.3865
21.2847
20.0172
18.119
19.9609
22.5583
23.3316
23.7313
22.7246
21.4259
20.5398
19.7406
19.2707
18.8711
20.0319
21.5305
21.3084
20.709
21.4174
22.4164
21.2953
19.6968
21.271
23.5687
23.5942
23.0947
23.8096
24.8086
26.1306
27.5293
25.7053
23.1078
25.0111
28.0081
29.9629
31.6613
30.1605
27.8627
31.4689
36.5639
33.939
29.3435
30.3847
32.8823
35.3798
37.8774
37.136
35.5376
34.0179
32.5194
35.0299
38.6263
38.1454
36.547
38.39
41.1873
43.5944
45.8922
44.8435
42.8454
41.8566
41.1573
41
41
41.1545
41.3543
44.4046
48.3008
50.2758
51.6745
51.0802
49.8814
49.4471
49.2473
49.505
49.9046
52.7382
56.3347
57.6552
58.2546
57.1136
55.4152
54.6226
54.1231
56.3336
59.4306
61.5515
63.3497
65.4475
67.6454
66.1833
63.4859
61.9805
60.8816
66.0239
73.3168
76.8303
79.0281
79.6
79.6
81.2217
83.4195
85.9114
88.5089
94.4058
101.499
109.689
118.28
123.955
128.55
131.473
133.771
141.364
150.954
162.787
175.475
181.164
184.161
197.735
215.418
228.508
239.797
252.088
264.776
280.603
297.686
319.609
343.486
363.53
382.012
404.74
429.216
450.798
471.178
497.471
526.243
558.103
591.27
626.817
663.382
693.524
720.898
752.029
784.797
828.531
877.084
918.507
956.77
994.342
1031.6
1075.27
1121.82
1168.99
1216.45
1258.29
1297.55
1349.98
1408.53
1447.88
1478.25
1518.73
1563.99
1605.12
1644.28
1686.54
1730.3
1772.58
1814.14
1846.71
1874.88
1897.44
1917.22
1948.47
1985.43
2011.56
2032.24
2057.23
2084.4
2106.02
2124.8
2132.71
2135.01
2148.61
2168.09
2176.63
2179.43
2186.99
2197.08
2207.11
2217.1
2229.1
2242.19
2246.54
2246.14
2238.9
2227.91
2232.81
2246.5
2244.09
2232.7
2221.25
2209.76
2211.14
2219.83
2228.15
2236.24
2241.1
2244.1
2234.47
2217.48
2211.2
2211.2
2210.01
2208.11
2214.28
2225.27
2227.09
2223.4
2221.07
2219.57
2206.79
2187.11
2192.01
2212.1
2219.74
2219.64
2218.06
2215.57
2200.28
2176.91
2171.46
2177.45
2177.91
2174.82
2165.42
2151.93
2140.26
2129.77
2110.49
2085.41
2060.64
2036.06
2005.92
1972.06
1949.16
1933.67
1919.02
1904.93
1888.3
1869.92
1858.62
1852.23
1842.36
1830.07
1810.22
1785.05
1770.1
1762.41
1765.72
1776.91
1778.93
1774.33
1759.61
1737.53
1729.64
1732.14
1727.91
1718.72
1708.16
1696.57
1692.97
1695.37
1693.33
1687.93
1688.26
1692.96
1690.99
1683.9
1686.43
1696.42
1698.95
1695.65
1687.94
1676.75
1676.98
1686.27
1685.35
1676.26
1657.54
1631.07
1616.88
1612.69
1600.09
1580.61
1563.37
1547.99
1532.71
1517.53
1497.99
1474.82
1457.11
1444.02
1429.64
1414.15
1403.45
1396.86
1382.88
1362.5
1347.08
1335.99
1323.09
1308.61
1291.37
1271.69
1259.29
1253.39
1245.82
1236.72
1229.52
1224.02
1220.36
1218.36
1212.2
1202.21
1195.17
1190.88
1189.88
1191.98
1188.99
1181.2
1177.65
1178.15
1180.29
1183.98
1187.22
1190.02
1189.78
1186.58
1180.56
1171.77
1160.17
1145.78
1136.3
1131.7
1120.58
1102.9
1097.03
1103.12
1095.92
1075.14
1057.8
1044.02
1030.33
1016.74
999.737
979.157
964.659
956.567
944.114
927.03
911.878
898.79
885.415
871.728
857.036
841.252
831.284
827.687
824.186
820.789
810.016
791.035
774.737
761.45
747.929
734.142
721.99
711.7
693.226
665.354
639.148
614.872
591.564
569.386
547.575
526.196
504.771
483.292
462.678
443.097
429.091
421.798
409.586
391.404
377.356
368.365
354.944
336.063
324.308
321.411
316.43
308.837
304.07
302.871
298.376
289.684
283.968
282.07
280.869
280.569
279.706
278.108
277.459
278.058
278.787
279.686
284.136
293.327
306.35
324.532
340.765
354.351
368.909
384.793
405.129
431.603
463.052
501.414
543.23
589.884
643.702
707.639
776.44
852.166
938.023
1038.42
1134.74
1225.15
1328.28
1449.96
1567.12
1677.61
1796.47
1927.74
2059.85
2193.22
2326.15
2458.42
2584.94
2702.73
2824.02
2950.7
3069.68
3176.78
3282.74
3386.94
3496.3
3613.79
3724.66
3825.06
3922.81
4016.32
4110.25
4204.85
4302.01
4403.31
4511.02
4629.2
4747.2
4864.88
4983.02
5101.9
5231.34
5378.5
5516.64
5639.51
5779.41
5948.34
6090.99
6188.4
6301.25
6440.91
6567.64
6671.74
6794.12
6948.77
7096.12
7230.49
7365.61
7502.08
7639.89
7780.15
7909.5
8018.89
8133.38
8257.26
8388.16
8532.12
8668.09
8789.07
8906.49
9017.18
9126.63
9233.73
9334.27
9422.18
9508.19
9590.51
9677.19
9772.39
9867.03
9960.54
10035.6
10073.8
10107.9
10133.3
10168.4
10223.1
10273.9
10317
10351.1
10366.9
10372.3
10356
10346.1
10349.6
10363.3
10398.7
10425
10431.7
10426.3
10394.4
10374.9
10382.3
10377.9
10347.7
10311
10260.3
10214.6
10180.3
10144.2
10103.9
10051.1
9970.22
9899.67
9853.02
9798.22
9724.49
9652.61
9585.08
9521.11
9465.56
9415.58
9378.92
9348.49
9333.11
9311.06
9272.8
9261.25
9315.4
9349.64
9334.45
9335.56
9377.52
9425.93
9490.67
9554.87
9617.71
9683.7
9757.83
9829.85
9896.39
9965.97
10043.6
10127
10225.7
10325.5
10428.3
10520.9
10586
10665.4
10784.3
10892.1
10969.4
11044.5
11113.2
11177.4
11228.6
11279.8
11330.5
11379.7
11424.2
11464.9
11494.1
11513.4
11503
11496.1
11499.6
11494
11461.4
11441.5
11460.4
11465.4
11427.8
11395.6
11380.3
11355.5
11301.6
11242.3
11165.9
11095.8
11045.2
10987.1
10904.6
10836.9
10817.6
10805.6
10817.6
10803
10699.9
10616.2
10598.1
10570.6
10511.6
10468.2
10479.1
10472.4
10404.2
10342.6
10304.7
10269.9
10246.4
10227
10222.3
10216.4
10206
10183.1
10114
10057.6
10049.1
10045.4
10059.8
10067.2
10048
10021.7
9967.8
9919.63
9894.16
9868.9
9844.53
9823.13
9813.74
9793.86
9731.22
9681.93
9687.72
9684.66
9644.6
9608.53
9589.35
9566.03
9524.97
9479.8
9416.76
9364.6
9360.31
9350.39
9315.43
9273.52
9200.29
9127.55
9057.02
8987.76
8924.43
8858.56
8780.84
8703.26
8626.33
8555.95
8517.19
8471.45
8391.53
8313.28
8243.35
8177.85
8134.69
8087.92
8022.69
7956.74
7887.11
7821.74
7778.78
7730.04
7650.41
7572.74
7505.6
7443.27
7407.3
7369.59
7322.14
7273.78
7220.34
7165.62
7103.58
7046.38
7017.51
6984.06
6923.42
6870.42
6863.53
6850.92
6803.27
6754.44
6698.3
6647.74
6632.66
6611.95
6555.01
6502.51
6479.13
6453.8
6415.44
6378.91
6354.83
6333.94
6335.04
6338
6354.09
6363.14
6321.88
6284.3
6273.51
6264.47
6268.47
6269.18
6245
6226.5
6251.77
6270.51
6237.74
6211.22
6234.9
6258.59
6282.36
6299.95
6265.78
6237.02
6254.4
6270.18
6271.98
6270.02
6234.55
6204.54
6224.12
6240.2
6223.72
6210
6222.58
6235.18
6247.87
6258.72
6251.22
6243.16
6229.27
6213.64
6179.78
6150.06
6164.85
6174.84
6132.19
6091.8
6077.01
6059.56
6011.21
5962.41
5908.37
5856.91
5837.23
5814.63
5755.19
5697.28
5659.32
5621
5577.94
5535.1
5495.14
5455.1
5414.04
5373.42
5339.26
5303.34
5240.9
5181.41
5168.22
5154.32
5128.74
5101.96
5054.81
5008.85
4983.88
4957.49
4905.45
4853.22
4797.57
4743.28
4715.91
4686.31
4610.69
4535.62
4472.58
4410.98
4382.01
4351.38
4281.25
4211.25
4144.62
4078.91
4037.75
3996.02
3938.27
3880.16
3811.13
3743.18
3709.51
3674.93
3609.3
3543.67
3478.23
3413.29
3367.93
3322.51
3274.16
3226.05
3189.79
3153.11
3094.56
3036.2
2988.25
2940.53
2908.46
2876.13
2823.88
2771.55
2711.21
2651.1
2617.13
2583.05
2531.9
2480.63
2406.1
2331.49
2226.29
2121.11
2029.9
1938.69
