24.2204
69.3761
114.532
122.281
129.973
127.909
125.811
125.999
126.198
123.622
121.024
126.245
131.54
125.18
118.686
121.36
124.157
125.38
126.579
124.145
121.648
125.617
129.713
128.04
126.241
127.469
128.767
128.8
128.8
126.661
124.464
121.781
119.083
118.129
117.229
120.968
124.864
122.686
120.288
120.392
120.592
119.159
117.661
122.008
126.604
121.54
116.045
118.377
121.074
118.723
116.126
116.38
116.78
117.654
118.553
121.061
123.659
121.911
119.913
115.558
111.062
111.647
112.546
115.886
119.382
120.068
120.568
119.945
119.246
118.08
116.882
118.103
119.502
116.72
113.623
114.883
116.482
117.432
118.332
113.415
108.02
111.192
115.089
115.951
116.551
117.059
117.558
114.762
111.666
113.683
116.181
111.752
106.657
107.109
108.108
108.835
109.534
110.234
110.933
111.181
111.38
111.31
111.21
113.809
116.706
115.115
113.017
114.681
116.779
116.732
116.432
115.241
113.942
109.351
104.356
106.02
108.517
108.003
107.103
107.088
107.188
110.64
114.536
111.392
107.296
107.678
108.677
106.96
104.862
107.048
109.845
108.107
105.709
108.446
111.942
111.705
110.906
109.847
108.748
109.205
109.904
110.69
111.489
110.653
109.554
110.774
112.372
111.658
110.559
111.34
112.439
109.957
106.86
108.952
111.949
112.4
112.4
109.521
106.124
110.584
116.478
113.523
108.927
107.864
107.464
108.407
109.605
113.148
117.144
115.295
112.298
108.967
105.571
109.903
115.798
114.312
111.315
112.289
114.087
113.245
111.846
113.411
115.609
119.121
122.917
117.619
110.326
117.01
126.801
124.523
119.528
121.691
125.487
125.713
125.114
129.291
134.585
137.619
140.116
139.23
137.532
135.191
132.693
139.175
147.866
151.359
153.557
152.484
150.586
153.543
157.738
155.504
151.607
153.888
157.785
162.629
167.724
167.303
165.404
169.245
174.639
179.093
183.289
182.088
179.391
179.424
180.223
181.801
183.599
182.835
181.337
184.562
189.157
192.749
196.045
202.27
209.363
209.694
207.995
207.906
208.306
212.223
217.218
223.204
229.498
230.391
229.592
229.552
229.751
232.448
235.945
240.498
245.393
242.309
236.615
246.237
260.923
258.834
251.141
256.669
266.659
267.71
265.712
273.299
284.188
288.186
289.784
300.251
313.838
321.749
327.643
333.17
338.565
359.063
385.038
398.435
407.226
423.165
441.747
460.328
478.91
498.653
518.833
542.775
568.15
598.575
630.944
658.419
683.994
721.552
763.811
807.214
851.072
892.716
933.476
983.132
1036.38
1095.87
1157.91
1218.11
1277.55
1333.39
1387.74
1457.92
1534.75
1616.49
1700.31
1774.53
1844.67
1933.5
2030.41
2126.13
2221.34
2320.36
2421.06
2518.16
2613.67
2703.1
2789.82
2904.34
3031.41
3140.65
3241.75
3355.44
3474.92
3601.77
3732.04
3841.84
3942.04
4047.13
4154.52
4261.17
4367.47
4478.69
4592.28
4693.42
4788.53
4877.53
4963.55
5053.85
5146.25
5220.06
5284.6
5356.25
5431.48
5485.83
5529.58
5578.16
5629.21
5673.15
5713.41
5751.11
5787.47
5811.2
5828.28
5859.53
5898.3
5917.53
5926.32
5947.44
5975.21
5992.57
6004.26
6000.59
5988.5
5982.53
5979.93
5985.09
5994.58
5999.79
6002.59
6012.2
6025.69
6026.98
6021.28
6011.03
5998.14
5995.36
5998.45
6004.82
6013.12
6014.25
6011.16
6022.57
6042.65
6051.45
6053.44
6041.64
6021.46
6004.38
5989.19
5994.21
6011.69
6032.07
6054.25
6070.84
6083.93
6077.74
6059.36
6042.56
6026.78
6023.4
6027.99
5998.47
5946.82
5920.12
5909.73
5868.87
5807.93
5748.13
5689.09
5634.77
5583.62
5533.73
5484.68
5440.56
5399.8
5366.02
5337.05
5302
5262.74
5225.12
5188.66
5156.71
5127.94
5123.71
5136.9
5120.96
5084.2
5061.25
5048.27
5039.27
5033.18
5014.28
4986.01
4975.15
4977.15
4965.57
4943.89
4938.48
4945.27
4939.33
4923.74
4929.64
4951.92
4952.22
4935.64
4921.87
4910.28
4901.55
4895.06
4896.45
4904.04
4905.12
4901.02
4884.71
4858.64
4823.49
4781.03
4754.89
4742
4710.94
4664.98
4621.43
4579.88
4540.5
4502.93
4466.67
4431.51
4400.89
4374.12
4341.36
4303.49
4264.07
4223.31
4176.66
4124.91
4087.19
4061.72
4028.54
3988.58
3960.16
3941.98
3917.94
3888.67
3865.6
3848.12
3827.86
3805.08
3779.43
3751.16
3731.93
3721.04
3706.84
3689.56
3681.71
3682.71
3679.4
3672
3663.79
3654.8
3645.15
3634.86
3631.83
3635.83
3642.3
3651.19
3640.88
3611.71
3602.02
3611.61
3595.84
3554.78
3533.6
3532.4
3505.69
3453.14
3412.11
3382.84
3347.96
3307.3
3262.27
3212.72
3179.14
3162.26
3122.8
3059.56
3020.17
3006.08
2982.82
2949.76
2909.33
2860.98
2829.58
2816.59
2794.35
2761.98
2731.28
2702.41
2669.8
2633.03
2603.05
2580.67
2547.42
2501.86
2449.44
2389.2
2327.61
2264.47
2201.15
2137.61
2077.12
2020.17
1957.17
1887.04
1824.54
1771.09
1710.68
1641.95
1579.74
1525.4
1477.95
1438.89
1399.52
1359.75
1321.56
1285.29
1250.59
1217.82
1189
1165.12
1143.1
1123.42
1110.25
1105.35
1094.77
1076.88
1066.97
1067.37
1064.26
1056.57
1055.39
1062.79
1072.76
1086.14
1106.59
1136.46
1161.43
1179.82
1217.44
1281.18
1338
1385.35
1451.9
1544.91
1640.93
1741.13
1860.47
2006.62
2166.12
2344.44
2542.63
2769.11
2998.42
3231.79
3493.53
3796.33
4094.1
4384.52
4678.73
4978.54
5289.37
5616.55
5945.21
6276.08
6604.65
6929.73
7261.35
7602.92
7920.46
8201.18
8489.21
8788.52
9072.16
9331.41
9595.82
9868.35
10129.4
10372.3
10618.2
10869
11111.1
11339
11579.2
11839.4
12115.6
12417.7
12711.6
12992.1
13289
13613.1
13929.7
14233.8
14546.6
14874
15214.5
15577.6
15946.2
16324.4
16687.4
17024
17359.2
17692.1
18008.8
18297.2
18595.1
18910.1
19227.6
19549.7
19883.4
20238.1
20583.2
20910.7
21228.6
21528.9
21837.4
22160.8
22473.1
22764.3
23070.8
23406
23713.8
23969
24204.8
24403.1
24625.8
24896
25140
25333.1
25551
25818.4
26039.5
26168.6
26294.4
26413.6
26514.5
26578.3
26642.1
26705.7
26783.5
26890.6
26953.5
26924.2
26906.4
26912.7
26919.2
26926
26917.8
26877.8
26865.3
26912.6
26943.3
26938
26911.1
26836.6
26756.1
26662.6
26570
26479.3
26376.2
26245.4
26109
25960.2
25794.7
25591.1
25382.8
25163.3
24991.1
24929.8
24811.3
24556.9
24362.1
24309.4
24265
24240.4
24214.7
24186.1
24181.7
24236.6
24279.8
24293.9
24332.8
24433.8
24550.8
24708.5
24869.1
25037.5
25198
25338.5
25514.9
25785
26022.9
26175.6
26349.4
26578.9
26813.4
27061.1
27301.5
27522.1
27749.9
27997.1
28234.7
28445.9
28644.4
28807.4
28967.9
29121.4
29273.2
29420.1
29535.5
29560.1
29598.6
29677.7
29765.5
29878.5
29950.1
29899
29860.4
29859.8
29848.5
29804.4
29757.6
29702.5
29646.8
29589.5
29522.4
29425
29330.3
29244.1
29136.7
28961.4
28780.7
28582.1
28403.2
28288.9
28175.1
28062.6
27945.4
27812.6
27696.6
27637.2
27565.5
27452.1
27350.6
27289.9
27212.3
27075.4
26962.2
26933.5
26893
26810.4
26723.4
26619.8
26522.4
26447.6
26379.4
26335.5
26293.2
26257.1
26219.2
26174.1
26128.1
26078.6
26020.1
25927.1
25857.1
25877.6
25874
25774.5
25682.7
25622.2
25560.7
25495.4
25432.5
25379.9
25322
25242
25164.4
25096.1
25023.6
24932.4
24831.3
24686.7
24556.6
24490.8
24413
24282.1
24157.9
24063.6
23962.1
23827.5
23688.3
23527.7
23365.5
23196
23021.6
22823.6
22623.5
22412.8
22209.2
22040.7
21870.6
21692.9
21523.3
21395
21259
21084.6
20911.2
20743
20574.8
20407.3
20244.4
20106.2
19965.3
19809.5
19653.7
19498.2
19351.8
19255.5
19151.9
19006.9
18866.5
18752.5
18639.7
18533.8
18429.1
18331.5
18232.7
18126.7
18017.5
17888.1
17762
17656.3
17555.7
17487.7
17410.6
17275.5
17153.7
17119.8
17084.2
17036.6
16986.8
16921.7
16859.4
16816.6
16782.1
16805.1
16810.2
16685.9
16580.3
16610.7
16637.6
16637.9
16638.5
16641.5
16638.5
16589.1
16552.6
16618.7
16675
16653.4
16634
16632.1
16630.7
16633.2
16637.6
16658.7
16676.9
16670.4
16658.5
16598.2
16548.5
16595.9
16637.1
16620.2
16607
16629.8
16647.1
16609.5
16580.1
16631.9
16676.6
16649.5
16622.6
16596.9
16567.9
16503
16443.1
16437.3
16425.1
16339.8
16256.2
16191
16120.4
15986.6
15853.4
15729.6
15607
15501.4
15393.6
15256.8
15121.1
14999
14877.8
14768.8
14662
14586.7
14506.9
14361.6
14219.4
14124.8
14030.4
13936.5
13842.3
13743
13643.8
13544.2
13445
13351.5
13258.3
13168.3
13078.2
12985.8
12891.2
12753.1
12615.4
12484.7
12353.9
12219.3
12084.5
11944.4
11804.4
11664.2
11523.2
11361.2
11199.5
11049.3
10898.5
10732.4
10567.8
10449.5
10330.6
10191.4
10052
9904.14
9755.98
9596.84
9437.48
9269.44
9102.44
8979.96
8857.44
8733.16
8608.82
8481.45
8353.92
8217.46
8081.84
8003.02
7923.64
7801.56
7679.6
7568.41
7456.85
7304
7151.07
6987.43
6823.7
6640.98
6458.05
6203.99
5949.92
5672.29
5394.66
