-50.7781
-2.32561
46.1269
52.4843
58.7782
55.8133
52.8163
53.2968
53.7963
54.7916
55.7906
55.2062
54.6068
54.0073
53.4079
53.7943
54.1939
52.8226
51.424
57.0947
62.8891
59.6683
56.2717
52.7772
49.2806
54.3727
59.6675
57.0727
54.2755
53.6168
53.0173
51.9329
50.8339
54.2853
57.8818
57.7101
57.4104
57.4964
57.5963
55.3868
53.089
54.4405
55.939
57.6292
59.3275
55.8613
52.1649
52.0954
52.1953
54.3907
56.6884
55.5643
54.2656
56.7611
59.4585
56.8548
53.9576
52.5719
51.2732
51.8599
52.5592
52.4118
52.212
54.8286
57.6258
55.9263
53.9283
50.6214
47.2248
49.7987
52.7958
51.8828
50.684
50.9716
51.3712
53.6249
56.0225
52.7772
49.0808
50.6462
52.6443
51.8788
50.8798
53.0061
55.4037
51.931
47.9349
50.3458
53.3429
54.696
55.8948
54.6329
53.1344
50.2717
47.2747
51.8095
57.1043
55.6984
53.6005
52.7675
52.0682
49.746
47.2485
47
47
49.8725
53.0694
49.4589
45.0632
48.9794
53.8746
51.3679
47.9712
50.2695
53.2666
54.0439
54.5434
51.2335
47.4372
49.2983
51.8957
53.3466
54.6453
54.712
54.6121
53.6341
52.5352
53.4513
54.6502
54.8
54.8
56.1083
57.6068
56.6686
55.3699
56.9366
58.9346
59.0267
58.8269
58.4542
58.0546
55.5852
52.7879
54.8953
57.7925
59.8312
61.7293
62.5996
63.2989
62.8018
62.1025
63.7053
65.7033
65.5746
65.0751
65.7638
66.663
71.2032
76.3981
74.4966
71.2997
73.16
75.9572
76.5682
76.768
78.9812
81.5787
76.8107
70.6168
77.3657
86.6566
83.8681
78.6732
80.3764
83.4734
85.1608
86.5594
87.7926
88.9914
89.8602
90.6594
93.5168
96.8136
97.7285
98.1281
100.412
103.11
105.807
108.504
110.305
111.903
114.64
117.637
123.15
129.244
130.4
130.4
133.55
137.446
141.503
145.599
148.731
151.628
154.124
156.522
159.639
162.936
167.35
172.045
173.159
173.359
176.337
180.034
182.78
185.277
190.619
196.713
199.418
201.217
204.901
209.097
208.51
206.612
211.284
217.778
215.845
211.549
218.149
227.839
236.21
244.202
248.245
251.143
255.43
260.125
264.59
268.985
264.544
257.451
264.078
274.867
284.816
294.506
299.011
301.909
298.949
294.154
293.531
294.23
295.838
297.736
301.143
305.04
309.237
313.533
314.75
314.95
322.264
331.954
332.383
329.686
333.172
338.766
343.989
349.084
355.143
361.536
365.713
369.109
381.425
396.91
402.985
405.682
412.559
420.951
436.728
455.21
466.618
475.409
481.655
486.95
498.555
512.542
526.962
541.548
554.546
566.934
577.235
586.726
603.823
623.903
641.908
659.091
679.843
702.021
719.217
734.403
753.704
774.683
787.453
796.844
814.634
835.913
858.6
881.877
900.521
917.205
937.878
960.256
977.47
992.455
1011.68
1032.76
1060.71
1091.68
1118.5
1143.48
1172.52
1203.39
1236.67
1271.04
1292.57
1308.26
1326.61
1346.19
1388.15
1440.5
1474.14
1499.02
1523.08
1546.75
1578.75
1614.72
1647.44
1678.61
1702.72
1723.4
1752.13
1784.79
1794.6
1793.1
1813.33
1844.4
1865.1
1880.59
1889.84
1895.94
1910.29
1928.87
1942.38
1953.27
1963.17
1972.56
1976.32
1977.12
1981.64
1988.14
1990.85
1991.55
1995.95
2002.35
2008.55
2014.64
2015.44
2013.35
2003.02
1988.13
1990.62
2002.81
2004.83
2001.14
1997.12
1992.93
1995.08
2000.88
2004.33
2006.43
2014.27
2025.46
2035.89
2045.88
2045.58
2039.19
2045.49
2059.38
2063.98
2062.98
2073.1
2089.99
2091.57
2083.77
2093.71
2114.59
2132.33
2148.11
2159.35
2167.75
2172.53
2175.03
2172.58
2166.99
2180
2204.97
2216.13
2218.33
2216.12
2211.02
2204.6
2197.31
2183.72
2165.93
2148.27
2130.69
2124.91
2127.11
2131.09
2136.28
2131.23
2119.14
2107.35
2095.76
2093.12
2096.71
2097.55
2096.46
2092.67
2086.97
2093.69
2109.27
2116.44
2117.54
2111.75
2100.96
2099.34
2104.43
2102.46
2095.27
2086.41
2076.32
2081.36
2097.74
2105.25
2106.05
2111.95
2121.74
2128.37
2132.57
2133.84
2132.84
2138.63
2149.71
2142.75
2121.57
2117.49
2126.98
2128.26
2122.96
2123.36
2128.36
2124.21
2112.62
2100.59
2088.2
2078.49
2071
2061.76
2051.08
2047.34
2049.44
2053.59
2059.49
2057.61
2049.12
2044.66
2043.66
2040.41
2035.22
2030.77
2026.98
2017.28
2002.39
2003.45
2018.63
2021.42
2013.13
2014.72
2025.21
2026.27
2018.78
2016.92
2020.22
2025.91
2033.8
2032.63
2023.04
2018.66
2019.16
2020.07
2021.37
2017.75
2009.46
2001.06
1992.57
1998.97
2019.75
2029.04
2027.14
2032.35
2044.54
2046.68
2038.89
2042.05
2056.14
2050.64
2025.47
2020.44
2035.83
2043.65
2043.75
2047.39
2054.69
2053.1
2042.31
2048.86
2073.54
2084.4
2080.7
2083.74
2093.93
2096.59
2091.2
2096.14
2112.22
2123.76
2130.35
2130.65
2124.06
2134.42
2163.49
2176.39
2171.29
2167.23
2164.34
2166.41
2174.1
2167.6
2144.92
2129.31
2121.82
2117.98
2118.38
2113.2
2101.52
2091.43
2083.24
2072.03
2057.25
2037.09
2010.52
1996.23
1996.73
1995.69
1992.79
1985.99
1974.4
1958.87
1938.49
1929.78
1935.58
1936.36
1930.87
1928.02
1928.52
1927.79
1925.49
1921.75
1916.15
1913.87
1915.87
1920.51
1928.6
1939.67
1954.66
1974.16
1999.63
2019.03
2030.32
2041.87
2053.75
2072.34
2100.01
2128.74
2158.91
2181.77
2194.56
2216.38
2250.74
2279.87
2301.65
2331.13
2371.49
2410.74
2448.4
2484.71
2519.08
2556.54
2598.5
2645.22
2698.86
2750.33
2798.58
2839.31
2868.88
2907.1
2958.25
3008.8
3058.45
3102.32
3137.38
3171.74
3205
3244.63
3294.08
3340.53
3382.29
3419.73
3450.4
3488.57
3538.62
3586.79
3631.94
3682.61
3742.15
3803.18
3866.62
3928.96
3989.5
4053.02
4121.45
4197.49
4286.21
4372.68
4455.4
4537.3
4617.82
4695.98
4770.11
4854.99
4958.39
5043.97
5098.62
5162.85
5243.87
5330.31
5426.32
5514.06
5587.09
5665.05
5751.87
5840.49
5932.4
6029.54
6136.24
6228.95
6295.88
6378.61
6490.7
6586.98
6653.61
6724.53
6803.56
6882.58
6961.6
7037.72
7108.25
7169.34
7212.1
7253.71
7293.07
7331.93
7369.79
7416.03
7478.97
7525.65
7539.63
7553.91
7568.8
7581
7587.69
7599.14
7620.42
7632.79
7626.6
7632.29
7662.96
7685.11
7689.21
7694.13
7700.82
7705.02
7703.82
7690.18
7649.42
7624.24
7633.33
7630.48
7601.1
7568.71
7529.55
7490.14
7450.18
7405.59
7350.45
7294.7
7237.55
7174.91
7099.48
7038.57
7011.69
6976.69
6922.45
6884.26
6884.46
6876.99
6851.01
6839.23
6862.01
6883.14
6900.22
6916.27
6929.76
6959.34
7029.27
7085.48
7106.96
7137.74
7192.29
7253.17
7330.39
7398.42
7442.47
7496.13
7575.05
7649.69
7712.93
7776.41
7840.55
7906.46
7977.19
8051.72
8136.63
8217.84
8288.77
8355.33
8409.67
8460.73
8502.48
8546.58
8597.33
8640.17
8660.25
8678.04
8689.12
8703.69
8728.46
8740.71
8715.73
8705.29
8738.45
8751.68
8704.43
8665.41
8651.62
8639.05
8630.26
8616.49
8587.12
8555.2
8515.24
8483.54
8478.24
8464.62
8424.06
8376.43
8305.7
8253.58
8262.97
8257.38
8201.74
8154.31
8134.62
8112.12
8079.95
8044.89
7999.83
7966.89
7976.28
7977.63
7950.56
7928.13
7922.34
7907.82
7861.77
7829.5
7847.68
7855.69
7826.02
7799.29
7783.61
7766.59
7744.51
7725.76
7719.77
7713.61
7706.81
7696.27
7671
7642.25
7599.69
7567.69
7578.18
7582.53
7561.85
7544.44
7540.54
7531.52
7501.05
7470.35
7438.68
7411.13
7401.24
7387.83
7359.16
7326.57
7276.71
7231.68
7208.1
7180.52
7134.87
7088.58
7039.43
6993.19
6960.42
6924.83
6875.98
6827.49
6780.73
6729.51
6656.68
6590.03
6553.67
6513.2
6452.36
6388.1
6306.58
6234.1
6207.82
6181.97
6158.29
6127.98
6062.74
6000.31
5952.86
5905.92
5861.76
5823.14
5814.95
5800.06
5747.81
5698.73
5667.56
5636.86
5608.89
5581.18
5555
5524.17
5465.62
5414.05
5404.56
5392.95
5368.38
5346.62
5342.42
5333.25
5292.49
5253.98
5230
5206.38
5185.1
5161.87
5125.61
5088.82
5048.46
5012.82
5009.82
5009.24
5025.62
5039.46
5035.06
5028.41
5005.23
4984.68
4983.68
4983.28
4987.37
4991.51
4996.01
4998.75
4987.66
4977.85
4978.35
4980.9
5000.18
5014.43
4986.66
4962.95
4973.94
4984.17
4987.77
4989.17
4971.09
4956.12
4969.51
4980.53
4969.54
4961.43
4980.71
4997.86
4994.27
4991.61
4998.3
5002.3
4978.72
4956.81
4952.31
4946.85
4931.07
4914.97
4895.39
4874.87
4843.8
4812.49
4778.43
4744.42
4711.16
4679.65
4669.76
4657.58
4616.52
4574.89
4525.84
4477.21
4434.25
4392.6
4369.03
4346.22
4334.44
4321.2
4286.74
4251.87
4210.91
4171.19
4151.01
4130.49
4104.31
4078.02
4049.85
4021.18
3983.72
3946.68
3917.41
3886.45
3823.41
3762.09
3734.92
3706.4
3649.95
3594.91
3570.23
3544.08
3484.34
3425.37
3384.91
3343.63
3281.79
3221.33
3197.25
3172.44
3127.09
3081.61
3032.35
2983.05
2932.1
2880.81
2817.77
2755.89
2736.61
2716.63
2668.98
2621.26
2570.91
2521.16
2500.09
2478.88
2451.11
2422.91
2369.76
2316.84
2278.78
2240.9
2217.32
2193.56
2152.8
2111.93
2058.78
2005.62
1950.57
1895.43
1821.11
1746.75
1661.33
1575.91
1484.2
1392.49
