36.4193
79.1774
121.935
128.284
134.578
127.133
119.641
123.077
126.574
122.633
118.637
120.975
123.373
121.721
120.022
117.733
115.435
114.908
114.408
115.48
116.579
119.736
122.932
123.489
123.988
119.998
115.902
120.183
124.679
119.745
114.55
116.34
118.338
117.044
115.646
118.305
121.102
117.825
114.328
112.949
111.65
115.345
119.241
118.729
118.03
115.513
112.916
112.991
113.191
113.105
113.005
113.57
114.17
115.243
116.342
111.288
105.893
112.874
120.566
117.983
114.786
112.812
110.914
110.237
109.637
114.097
118.892
116.769
114.172
115.119
116.318
116.307
116.207
114.342
112.344
110.068
107.77
110.56
113.757
110.954
107.657
106.11
104.712
107.909
111.505
112.075
112.375
112.491
112.591
112.326
112.026
111.909
111.809
111.072
110.273
113.557
117.254
116.423
115.124
112.56
109.863
108.338
106.939
105.9
104.901
106.505
108.404
110.302
112.2
110.612
108.614
107.865
107.265
108.802
110.6
109.29
107.592
109.703
112.301
111.451
110.152
107.795
105.297
104.912
104.812
106.995
109.493
109.537
109.237
109.375
109.575
109.6
109.6
109.861
110.161
114.368
119.163
117.374
114.577
109.878
104.883
107.132
110.529
113.839
117.136
118.716
120.015
118.572
116.674
115.887
115.288
114.774
114.274
116.667
119.564
119.576
119.076
118.068
116.97
118.236
119.934
121.801
123.699
126.691
129.888
129.225
127.827
125.675
123.377
124.753
126.851
130.615
134.711
132.657
129.36
130.873
133.37
137.44
141.835
142.352
142.053
143.235
144.733
147.628
150.825
151.81
152.309
157.141
162.935
164.081
164.181
166.966
170.362
171.487
172.086
173.576
175.274
179.638
184.633
188.742
192.638
198.222
204.216
207.244
209.542
213.919
218.814
220.358
221.058
223.587
226.585
229.661
232.758
237.835
243.429
244.758
244.958
250.989
258.581
261.065
262.163
265.536
269.532
274.154
278.95
281.248
282.847
281.488
279.29
286.33
296.02
300.136
302.633
310.074
318.965
318.458
315.161
320.548
328.54
333.389
337.285
338.353
338.553
343.328
349.522
357.541
366.133
367.214
365.915
370.367
376.661
375.86
372.763
375.162
379.358
379.199
377.6
386.186
398.175
395.449
387.756
397.049
412.134
423.727
434.117
437.393
438.192
449.043
463.429
474.571
484.561
497.272
510.958
518.339
523.434
536.354
552.138
567.339
582.325
603.783
627.66
636.304
639.201
661.124
690.295
711.963
730.745
754.923
781.197
809.839
839.41
865.332
889.808
919.137
950.406
986.301
1024.06
1054.09
1080.96
1116.12
1154.68
1194.65
1235.21
1272.4
1308.16
1358.39
1414.73
1461.98
1505.33
1549.32
1593.58
1645.63
1701.07
1759.36
1818.91
1876.72
1933.76
1996.05
2060.69
2121.13
2179.67
2248.37
2321.7
2388.32
2451.86
2511.03
2568.17
2650.56
2744.76
2811.16
2864.41
2935.17
3014.3
3071.97
3119.32
3180.46
3248.3
3303.46
3352.41
3403.17
3454.82
3499.26
3540.12
3581.98
3624.34
3662.66
3698.92
3727.85
3753.03
3778.53
3804.21
3824.69
3842.47
3867.46
3896.23
3921.93
3946.01
3958.11
3963.8
3969.95
3976.35
3987.27
4000.66
3999.21
3989.62
3994.05
4006.23
4008.8
4006.01
3991.26
3969.78
3974.04
3992.93
4010.35
4026.93
4026.79
4017
4019.08
4028.07
4032.28
4033.68
4033.32
4031.92
4042.47
4060.15
4065.12
4062.42
4061.15
4060.75
4061.96
4064.16
4070.68
4079.87
4094.73
4113.11
4116.33
4110.04
4116.35
4130.63
4139.07
4143.76
4134.29
4115.71
4117.73
4133.12
4131.35
4118.36
4097.43
4071.25
4045.98
4021.3
3991.54
3958.37
3929.2
3902.73
3877.38
3852.81
3836.94
3827.05
3809.6
3786.92
3769.6
3756.01
3742.72
3729.63
3726.83
3731.32
3717.65
3690.97
3683.69
3690.38
3685.1
3671.11
3665.83
3666.93
3661.37
3650.88
3655.91
3672.49
3664.3
3637.53
3636.46
3654.85
3670.17
3683.15
3687.5
3685.2
3676.32
3662.33
3659.4
3665.09
3670.67
3676.17
3690.35
3711.43
3692.05
3640.3
3619.8
3624.49
3618.39
3603.5
3594.16
3589.37
3564.16
3522.1
3514.56
3535.74
3520.3
3474.14
3449.1
3441.91
3423.87
3396.6
3372.93
3352.35
3332.46
3313.18
3300.52
3293.62
3277.69
3253.82
3234.5
3219.21
3207.04
3197.65
3187.68
3177.19
3163.56
3147.07
3137.48
3134.18
3133.9
3136.4
3125.58
3102.41
3092.33
3094.53
3094.42
3092.12
3087.36
3080.27
3072.11
3062.92
3061.14
3066.54
3065.71
3058.81
3060.19
3069.68
3074.8
3075.6
3074.6
3071.8
3067.06
3060.37
3053.38
3046.08
3034.34
3018.06
3002.71
2988.32
2972.66
2955.68
2941.38
2929.89
2914.71
2895.62
2890.55
2900.34
2896.37
2877.69
2863.58
2854.39
2858.26
2876.35
2874.02
2849.35
2830.42
2817.83
2808.5
2802.81
2799.99
2800.39
2795.02
2783.13
2767.23
2746.75
2719.66
2685
2652.04
2621.08
2596.38
2578.99
2554.59
2521.92
2486.32
2447.26
2405.38
2360.12
2319.4
2284.13
2261.55
2254.36
2245.59
2234.9
2212.27
2174.9
2147.34
2131.95
2121.54
2117.34
2112.61
2107.22
2100.51
2092.12
2092.04
2102.63
2106.2
2100.71
2103.45
2116.94
2131.94
2148.92
2170.8
2199.18
2216.68
2219.68
2243.07
2293.92
2339.77
2378.83
2423.13
2474.58
2530.44
2592.38
2655.49
2720.22
2805.55
2919.74
3016.7
3089.33
3178.28
3290.47
3411.97
3546.84
3674.85
3792.94
3929.91
4094.45
4244.96
4374.83
4513.36
4664.71
4819.78
4980.42
5151.71
5339.02
5508.34
5650.3
5813.01
6007.52
6185.9
6339.35
6491.51
6641.66
6794.07
6950.01
7098.3
7234.47
7379.1
7537.25
7700.41
7871.64
8032.32
8175.88
8322.93
8475.68
8666.61
8920.56
9156.14
9361.14
9570.8
9788.28
10010.5
10240.6
10474.6
10714.8
10951.2
11181
11425.6
11695.8
11960.1
12213.9
12451.3
12659.5
12887.5
13150.7
13399.4
13622.1
13865.6
14146.8
14404.6
14619.4
14851
15113.6
15369.6
15613.3
15855.5
16095.1
16329.6
16554.5
16773.6
16981.7
17196.5
17424.1
17638.6
17827.3
18009.4
18178.5
18343.6
18500.6
18644.7
18762.9
18883.1
19007.4
19114.8
19188.1
19254.1
19305.1
19362.5
19433.3
19490.2
19518.1
19544.6
19568.2
19587.8
19599.1
19612.8
19631.8
19654.2
19684.1
19687.1
19631.3
19584.4
19556.8
19525.3
19484.9
19430.9
19346.5
19261.9
19176.6
19088.9
18995.5
18899.1
18795.6
18687.7
18569.8
18457.4
18357.7
18254.9
18144.7
18046.6
17977.5
17918.3
17883
17845.8
17803.8
17770
17756.3
17753.8
17779.1
17806.6
17839.4
17892.4
17996.1
18113.2
18264.8
18395.4
18472.1
18557.1
18663.5
18791
18973.9
19139.4
19258.7
19398.6
19594
19781
19945.3
20104.6
20250.5
20401.8
20568.1
20721.2
20837.4
20958.8
21095.1
21221.7
21320.6
21420.5
21523.4
21611.7
21657.7
21701.2
21737.7
21748.8
21684.6
21645.2
21680.3
21684.5
21594.5
21535.5
21571.6
21578.1
21492.6
21411.7
21345.2
21268.5
21160
21055.3
20962.5
20871.2
20784.9
20702.8
20634.7
20562.5
20477
20396
20329.9
20248.2
20113.6
19991.8
19914.3
19840.6
19780.1
19719.3
19658
19594.6
19524
19452.8
19379.4
19321.5
19319.1
19301.9
19230.9
19168.7
19139.1
19113
19099.9
19084.6
19060.7
19031.7
18983.1
18925.8
18834.9
18759.4
18744.4
18729.1
18712.7
18691.6
18651.6
18596.4
18479.7
18380.2
18351.8
18323.8
18297.9
18265.3
18204.3
18139.3
18057.3
17974.4
17887.8
17799.8
17705.8
17609.8
17505
17408.7
17350.7
17288.3
17205.5
17117.2
17003.7
16881
16716
16568.1
16501.6
16417.3
16246.5
16090.3
16006.3
15915.8
15792.7
15662.3
15494.9
15337.5
15230.5
15122.4
15008.6
14894.3
14777.4
14661.1
14547.6
14437.4
14345.3
14248.5
14125.8
14011.4
13942.7
13862.8
13718.8
13586.9
13524.3
13456
13354.8
13254.2
13156.8
13064.2
13000.9
12941.6
12907.7
12864.2
12761.8
12659
12553.5
12455.2
12402.8
12353.2
12321.5
12287.3
12235.6
12185
12141.9
12099.4
12061.3
12020.8
11963.4
11912.2
11905.7
11899.2
11892.3
11881.2
11838.9
11803
11815.5
11828.7
11847
11866.6
11896.9
11920.3
11888.8
11860.5
11857.9
11852.9
11827.7
11807
11824
11836
11805.4
11778.1
11781.1
11782.1
11765.2
11752.1
11773.4
11790.5
11766.3
11748.9
11797.9
11842.6
11845.1
11847.1
11843.5
11836.3
11791.1
11748.6
11734.9
11721.5
11710.3
11693.9
11618.9
11544.3
11475.8
11408.1
11350.4
11289.7
11192.6
11095.7
11002.3
10909.3
10821.8
10734.7
10652.7
10571.9
10507.9
10442.5
10355.9
10268.5
10170.3
10075
10022.6
9970.04
9913.79
9857.47
9799.93
9741.89
9675.45
9607.13
9505.73
9406.93
9355.48
9302.64
9223.52
9144.11
9058.89
8973.96
8894.94
8815.52
8727.5
8639.02
8539.92
8440.57
8335.37
8230.81
8142.2
8052.51
7934.33
7815.97
7692.79
7570.76
7482.94
7394.19
7275.61
7157.51
7056.11
6954.23
6834.75
6716.41
6643.48
6569.26
6438.99
6309.89
6236.46
6162.76
6074.95
5986.55
5863.97
5742.33
5683.59
5624.22
5516.13
5408.54
5347.4
5285.98
5193.77
5101.51
5000.8
4899.93
4764.16
4628.3
4461.47
4294.64
4136.29
3977.95
