-63.7776
-14.2262
35.3252
39.0908
42.7872
42.9991
43.1989
42.9019
42.6022
42.4017
42.2018
38.934
35.6373
38.7607
41.9576
40.2256
38.4274
40.9579
43.5553
43.3054
43.0057
42.608
42.2084
40.8309
39.4322
37.1552
34.8575
37.5272
40.3245
39.7195
39.0202
36.8658
34.6679
39.4407
44.4358
41.798
38.9009
37.8358
36.8367
35.7415
34.6426
36.3285
38.1268
37.1458
36.0469
38.5823
41.2796
41.8772
42.3767
38.3043
34.0085
35.0357
36.3344
38.0125
39.7109
41.0306
42.3293
41.6443
40.845
42.1198
43.5184
42.0948
40.4964
38.3347
36.1368
37.4989
39.0973
38.5456
37.8463
33.322
28.5267
34.3443
40.9378
41.0284
40.6288
39.8584
39.0591
39.0925
39.1924
37.4461
35.5479
36.4133
37.5122
37.6
37.6
36.1324
34.534
34.1254
33.8257
32.8867
31.8876
32.5291
33.3283
35.3098
37.4077
38.1445
38.7439
37.4417
35.9432
37.8781
40.1759
39.0476
37.5491
33.9814
30.1851
30.9669
32.2657
33.8331
35.4316
36.9406
38.4391
36.8164
34.8184
35.6678
36.8666
34.9579
32.6601
32.9315
33.531
33.5116
33.4117
33.9292
34.5286
36.7121
39.1097
36.1511
32.4547
32.0876
32.1875
34.7351
37.6323
34.9472
31.4507
32.3924
33.9908
34.4605
34.7602
35.6663
36.6653
34.2933
31.3961
30.9137
30.8138
30.886
30.9859
32.116
33.4148
32.2295
30.6311
31.8528
33.5511
35.1642
36.7626
35.1285
32.9306
33.9579
35.5564
36.4774
37.2766
37.5689
37.7688
36.7043
35.4056
36.6295
38.3278
36.9221
34.9241
34.6
34.6
32.5124
30.0149
30.683
31.9817
32.7818
33.4811
35.5899
37.9876
40.4679
42.9655
38.1185
31.7248
32.6582
35.1557
36.6677
37.9664
40.4122
43.1096
41.066
37.9691
38.0523
38.8516
40.0575
41.3562
40.4638
39.0652
40.0143
41.5129
42.123
42.5226
40.6664
38.2688
39.7288
42.1265
44.2836
46.3816
47.2799
47.8793
47.1224
46.0235
47.6305
49.9282
46.9068
42.5111
43.7382
46.4356
46.605
46.1055
48.2065
51.0037
50.9711
50.1719
49.4511
48.7518
49.6168
50.9155
51.9022
52.8013
56.6577
61.3531
61.3132
59.9146
57.277
54.2799
55.1447
57.1428
58.0622
58.6616
61.1822
64.2792
64.2335
63.2345
63.3058
63.7054
65.4777
67.6755
71.5467
75.9424
74.0412
70.145
68.5189
67.6198
70.5699
74.7658
74.2191
72.1212
71.2246
70.7251
74.0448
78.6403
80.6216
81.7205
84.9798
88.9759
90.5201
91.2194
93.9936
97.4902
98.1783
97.8785
100.085
103.182
106.058
108.856
116.272
125.363
129.628
132.126
133.456
134.355
141.364
150.655
161.034
171.823
181.6
190.991
201.175
211.665
224.817
239.003
255.127
272.01
287.748
303.034
320.174
338.056
357.932
378.611
403.408
429.882
453.1
474.978
501.515
529.987
557.826
585.399
619.429
656.193
688.548
719.018
756.398
796.759
832.038
865.106
911.013
962.563
1003.38
1039.45
1077.24
1115.8
1166.68
1223.13
1274.77
1324.22
1371.75
1418.41
1460.63
1500.79
1544.56
1590.01
1639.54
1690.99
1743.72
1797.07
1841.99
1882.85
1923.91
1965.07
1997.84
2026.52
2057.6
2089.86
2113.6
2133.08
2157.15
2183.52
2202.61
2217.99
2235.82
2254.9
2283.14
2316.11
2337.71
2353.4
2369.28
2385.26
2388.64
2385.35
2388.1
2394.1
2393.15
2388.45
2399.74
2419.72
2423.64
2418.74
2424.91
2437.2
2424.74
2398.46
2396.86
2409.15
2416.66
2421.45
2421.55
2418.95
2432.63
2455.71
2444.63
2413.66
2407.61
2416.2
2423.98
2431.27
2433.81
2433.51
2426.91
2416.52
2411.73
2410.33
2407.63
2404.13
2401.07
2398.27
2388.58
2374.59
2376.87
2389.36
2394.93
2396.13
2390.2
2379.71
2369.95
2360.65
2348.03
2333.25
2312
2286.52
2251.35
2209.79
2193.38
2193.68
2174.42
2142.05
2118.57
2101.08
2078.73
2053.05
2036.38
2025.89
2015.46
2005.07
1985.27
1958.89
1952.51
1960.21
1956.44
1944.56
1934.71
1926.31
1913.98
1898.79
1890.26
1886.56
1879.81
1870.82
1865.62
1863.22
1859.45
1854.65
1856.37
1862.96
1867.56
1870.66
1876.53
1884.53
1882.24
1872.05
1866.02
1863.23
1852.63
1835.95
1827.76
1826.26
1823.82
1820.62
1811.65
1798.06
1779.39
1756.61
1738.9
1725.32
1714.26
1705.27
1690.69
1671.51
1650.04
1626.66
1615.67
1615.07
1594.5
1557.03
1533.06
1520.57
1509.69
1500.2
1487.93
1473.24
1456.16
1436.97
1424.65
1418.36
1407.98
1394
1376
1354.42
1348.09
1355.48
1354.02
1344.53
1337.49
1332.7
1326.55
1319.16
1317.67
1321.67
1318.44
1308.45
1302.16
1299.36
1291.91
1280.02
1279.04
1288.53
1294.06
1295.76
1294.07
1289.07
1286.35
1285.85
1285.6
1285.6
1279.95
1268.66
1250.94
1226.76
1212.12
1207.12
1193.13
1169.95
1154.41
1146.71
1132.5
1111.52
1095.77
1085.48
1069.64
1047.96
1029.58
1014.69
998.216
980.034
964.928
953.14
943.218
935.326
926.766
917.475
904.528
887.545
874.912
867.119
857.255
845.067
828.237
806.159
782.166
755.991
731.537
709.059
684.776
658.401
632.396
606.821
586.297
571.711
553.559
531.181
508.849
486.571
465.743
446.661
428.302
410.819
397.156
388.165
377.294
364.107
354.617
349.722
341.412
328.825
321.358
320.359
315.097
304.407
300.15
304.146
305.137
302.239
299.949
298.451
298.118
299.317
303.825
312.716
322.078
332.068
342.229
352.618
364.789
379.374
400.078
429.15
462.127
500.489
539.52
579.481
629.427
693.365
759.373
828.305
908.365
1004.27
1107.27
1220.46
1333.24
1445.43
1565.71
1697.78
1836.4
1984.65
2130.57
2273.03
2413.29
2550.26
2694.2
2848.65
2995.09
3129.35
3263.11
3396.08
3521.08
3633.77
3749.23
3869.01
3985.57
4097.06
4208.21
4318.8
4433.08
4553.26
4677.27
4807.45
4932.02
5047.51
5158.87
5263.46
5386.11
5538.56
5684.12
5818.18
5964.75
6132.28
6294.85
6449
6605.1
6764.55
6912.43
7040.4
7188.2
7370.42
7525.55
7633.25
7759.04
7916.78
8069.21
8212.17
8355.27
8498.63
8650.49
8817.72
8973.33
9107.7
9251.31
9411.95
9574.2
9739.44
9897.52
10042.2
10170.9
10269.6
10365.3
10455.2
10561.4
10698.7
10821.4
10915.6
11008.7
11099.5
11194.9
11299.4
11376.7
11399.9
11444.2
11531
11596.9
11620.3
11642.1
11660.8
11678.9
11695.7
11714.4
11737.3
11763.7
11797.6
11823.8
11833.8
11836.6
11824.3
11820.3
11834.6
11839.7
11825
11800
11752.9
11702.3
11644.2
11588.9
11540.1
11488.6
11431.3
11359.2
11253.6
11164.4
11112.8
11050.6
10963.3
10885.4
10829.4
10782.5
10757.1
10720
10654.8
10614.2
10632.7
10639.3
10616.9
10605.2
10619.9
10644.2
10692.1
10741.3
10793.8
10860.3
10962.5
11050
11099.7
11163.2
11261.9
11350
11410.8
11493.6
11634.6
11763.8
11861.9
11964.1
12077
12188.3
12294.9
12409.3
12545.2
12666.9
12749.4
12839.6
12951.1
13051.3
13119.6
13188.5
13258.8
13322.4
13366.5
13399.3
13398.9
13407.6
13443.3
13459.5
13417.7
13392.7
13418
13434.8
13425.9
13411.4
13379.9
13346.9
13309.9
13254.3
13140.7
13059.9
13082.6
13079
12990.8
12908.4
12845
12774.3
12680.1
12598.9
12560.6
12529.5
12522.1
12508.6
12474.3
12439.7
12404.2
12363.5
12305.3
12262.9
12276
12273.8
12217.8
12164.4
12120.7
12084.7
12077.2
12065.7
12039.9
12014.9
11992.7
11971.7
11955.2
11938.4
11920.2
11899.2
11867.6
11846.4
11865.7
11873.8
11837.1
11802.1
11773.7
11747.5
11729.9
11715.2
11712.3
11698.3
11638.2
11586
11566.3
11536.7
11465.1
11404
11388
11373.6
11366.1
11345.1
11264.7
11186.9
11120.6
11061.2
11032.6
10997.3
10931.2
10862.7
10783.3
10700.9
10604.7
10512.2
10437.5
10361.1
10276.8
10195.3
10127.3
10059.8
9994.51
9925.92
9840.9
9754.95
9664.24
9579.83
9528.08
9474.69
9412.65
9350.06
9284.52
9220.75
9166.5
9113.62
9068.26
9025.29
8995.62
8956.71
8865.4
8779.04
8721.2
8663.13
8603.79
8545.37
8492.42
8439.93
8390.18
8345.02
8328.04
8308.37
8272.01
8231.59
8165.45
8105.09
8081.91
8057.87
8028.2
7998.26
7966.49
7934.67
7902.5
7871.47
7848.29
7826.74
7816.65
7808.18
7811.28
7812.64
7801.35
7792.33
7800.23
7808.2
7816.79
7824.99
7830.19
7836.06
7847.25
7858.23
7867.52
7873.88
7856.19
7839.75
7833.65
7827.96
7825.66
7823.08
7818.09
7812.92
7806.23
7801.5
7814.69
7826.25
7822.65
7821.5
7843.58
7865.41
7884.89
7901.84
7893.55
7884.73
7870.55
7855.89
7836.31
7814.05
7763
7714.07
7688.49
7662.06
7626
7590.38
7559.91
7526.35
7456.02
7387.63
7342.97
7298.71
7259.45
7219.27
7167.23
7114.27
7049.24
6986.17
6950.2
6912.52
6850.38
6788.95
6738
6686.36
6624.12
6563.82
6534.05
6503.78
6465.42
6427.49
6396.92
6364.27
6295.03
6228.15
6204.07
6175.59
6063.4
5954.96
5920.9
5885.54
5823.61
5761.57
5697.54
5633.08
5559.05
5485.55
5424.5
5363.55
5304.71
5245.11
5165.49
5085.4
4992.29
4899.64
4820.41
4741.72
4679.88
4617.89
4550.76
4483.27
4402.85
4323.5
4286.94
4249.75
4185.61
4121.71
4069.07
4016.26
3955.12
3893.96
3831.52
3769.02
3702.38
3636.08
3595.32
3554.31
3490.67
3427.1
3370.76
3314.05
3204.75
3095.48
2990.99
2886.44
2766.96
2647.46
2509.3
2371.13
