20.4223
69.8738
119.325
127.081
134.773
133.605
132.406
134.884
137.381
133.731
130.034
127.427
124.829
126.38
127.979
125.93
123.832
124.095
124.395
125.48
126.579
130.03
133.526
129.395
125.099
125.195
125.395
125.595
125.794
129.105
132.502
125.615
118.422
121.395
124.692
125.573
126.372
124.279
122.081
123.058
124.157
123.624
123.024
120.987
118.889
118.991
119.191
123.209
127.404
125.6
123.502
121.119
118.721
122.774
127.169
122.383
117.088
118.5
120.298
123.511
126.808
124.46
121.763
123.759
126.057
126.013
125.813
123.93
121.932
118.815
115.618
117.448
119.646
118.871
117.872
117.8
117.8
120.945
124.342
122.2
119.602
119.4
119.4
118.113
116.714
119.26
122.157
124.047
125.846
123.717
121.219
117.263
113.167
114.71
116.808
116.818
116.619
116.328
116.029
115.458
114.858
115.521
116.32
115.5
114.501
117.272
120.469
120.083
119.284
115.357
111.061
110.243
109.844
114.071
118.866
117.003
114.305
114.886
115.885
114.674
113.175
115.47
118.267
116.4
113.902
119.834
126.927
121.404
114.111
111.976
110.577
111.447
112.645
112.974
113.174
113.981
114.88
115.78
116.679
116.281
115.682
114.91
114.111
113.656
113.256
116.291
119.887
119.286
117.988
117.885
117.985
116.806
115.408
116.476
117.974
120.067
122.265
119.89
116.693
114.341
112.143
112.474
113.273
114.325
115.424
116.355
117.254
121.585
126.58
124.811
121.714
122.533
124.131
125.979
127.877
127.454
126.555
126.483
126.582
127.673
128.971
128.212
127.013
129.921
133.717
135.957
137.855
137.955
137.655
138.171
138.87
140.383
142.081
145.727
149.823
151.814
153.313
157.234
161.73
161.553
160.254
163.375
167.571
170.244
172.542
177.959
184.152
186.198
187.197
192.971
199.964
201.956
202.655
200.741
198.143
204.631
213.522
211.696
207.001
209.852
214.747
213.918
211.52
219.056
229.346
234.565
238.361
241.457
244.354
244.922
244.822
245.961
247.46
252.898
259.491
263.927
267.724
270.214
272.312
275.406
278.803
281.97
285.067
290.757
297.25
300.854
303.551
312.318
323.007
317.654
307.165
311.242
320.033
324.308
327.105
331.404
336.199
337.625
337.924
341.585
346.38
350.58
354.576
362.138
370.93
383.204
396.691
406.334
414.626
426.088
438.675
460.085
484.661
494.866
499.861
517.288
539.266
562.411
585.988
611.238
637.113
663.423
689.897
719.915
751.285
784.963
819.529
861.218
905.674
956.158
1009.01
1055.13
1098.58
1158.6
1225.23
1283.4
1338.15
1406.38
1480.1
1552.2
1623.63
1697.6
1772.63
1861.17
1955.38
2033.09
2103.82
2199.19
2305.09
2411.33
2517.73
2625.03
2732.72
2838.61
2943.71
3070.89
3207.85
3329.22
3443.61
3557.72
3671.71
3782.82
3892.61
4031.28
4183.23
4319.21
4447.79
4584.8
4725.76
4849.96
4966.25
5092.28
5222.95
5353.96
5485.13
5603.12
5714.71
5821.27
5925.37
6008.74
6081.87
6167.33
6258.94
6328.75
6387.59
6439.21
6487.16
6531.94
6575.1
6640.2
6716.62
6772.55
6817.81
6818.73
6796.35
6813.8
6852.36
6888.39
6923.05
6930.66
6923.66
6909.81
6892.23
6916.9
6964.75
6973.76
6961.27
6968.53
6986.82
6990.01
6984.72
6987.64
6995.23
6997.55
6996.85
7005.97
7020.76
7033.84
7045.93
7051.41
7053
7041.11
7021.23
7011.8
7008.6
7014.38
7025.57
7036.64
7047.63
7055.21
7060.7
7063.29
7064.09
7065.2
7066.5
7086.7
7118.77
7140.13
7154.72
7147.23
7125.65
7104.19
7082.81
7056.89
7028.02
6997.51
6965.94
6915.47
6852.53
6800.46
6755.6
6690.17
6610.95
6553.42
6510.57
6465.33
6418.48
6369.96
6320.31
6282.05
6251.68
6223.08
6195.71
6172.67
6152.69
6124.82
6091.35
6074.31
6069.02
6057.28
6040.89
6017.68
5989.51
5982.1
5989.89
5971.25
5933.09
5923.21
5934.4
5931.95
5919.26
5923.92
5941.71
5954.22
5962.71
5974.82
5989.7
5981.62
5955.75
5942.49
5939.1
5933.57
5926.38
5905.65
5874.18
5845.71
5819.64
5791.74
5762.37
5735.14
5709.67
5666.4
5608.56
5568.55
5543.28
5501.37
5445.63
5388.36
5329.82
5283.35
5247.08
5201.81
5148.86
5093.44
5035.9
5000.95
4985.57
4959.35
4923.69
4888.02
4852.36
4821.83
4795.85
4777
4764.52
4740.94
4707.37
4679.88
4657.9
4638.95
4622.76
4606.11
4589.03
4570.86
4551.67
4534.4
4518.92
4522.29
4543.47
4540.59
4514.81
4506.13
4513.82
4512.26
4501.77
4502.62
4514.51
4508.65
4485.37
4471.34
4466.44
4443.59
4402.83
4361.42
4319.36
4289.17
4270.98
4245.78
4213.41
4175.33
4131.38
4084.97
4036.01
3987.99
3940.94
3900.65
3867.48
3832.03
3794.17
3759.2
3727.33
3688.21
3641.25
3611.53
3600.54
3574.82
3532.96
3503.78
3488.6
3464.9
3431.73
3391.97
3344.82
3306.86
3279.28
3228.36
3150.84
3073.45
2996.23
2915.39
2830.38
2748.77
2671.15
2592.47
2512.55
2432.31
2351.68
2275.98
2206.15
2143.57
2089.72
2025.81
1949.68
1891.44
1855.08
1813.88
1766.73
1732.4
1714.02
1681.45
1631.1
1600.09
1593.49
1579.12
1554.84
1535.95
1523.96
1518.72
1522.22
1521.86
1516.46
1514.39
1516.69
1531.11
1561.58
1591.83
1621.8
1654.76
1691.72
1739.07
1800.51
1867.1
1940.72
2028.13
2134.52
2263.99
2425.53
2591.61
2764.04
2962.6
3198.07
3432.63
3665.9
3933.39
4249.98
4563.83
4873.73
5203.49
5562.24
5928.47
6305.7
6681.2
7054.13
7429.11
7807.14
8185.49
8564.31
8918.01
9233.5
9572.58
9947.81
10277.7
10537.4
10820.9
11141.5
11428.6
11662.9
11916.6
12200.8
12480.4
12752.4
13014.5
13260.8
13534.6
13853.1
14156.7
14435.9
14737.4
15075.7
15396.9
15689.8
16028.3
16443.2
16858
17272.7
17660.1
18001
18368.5
18781.8
19167.5
19505.4
19872.1
20289.4
20672.9
20996.9
21331.6
21685.5
22048.6
22428.3
22803.2
23169.1
23528
23873.9
24220.5
24568
24906.4
25227.7
25560.6
25915.4
26251.6
26553.1
26857.8
27169
27466.9
27739
28024.2
28334.9
28612.4
28824.9
29039.3
29257.2
29446.4
29578.1
29724.5
29900.8
30058
30176.5
30276.2
30337.1
30394.6
30445
30491.8
30531.3
30555.6
30548.2
30541.9
30538
30533.5
30527.5
30535.4
30573.4
30562.4
30444.7
30354.6
30325.4
30272
30165
30025.9
29815
29637.4
29535.1
29417
29263
29084.5
28849.7
28628.4
28438.2
28247.9
28057.6
27878.1
27724.3
27567.2
27402.3
27292.5
27315.2
27331.9
27333.5
27331.8
27322.1
27335.4
27405.8
27496.3
27637.1
27776.2
27911.3
28046.7
28182.7
28361.5
28650.7
28922.3
29148.5
29383.6
29642.4
29894.2
30127.6
30397.2
30764.1
31090.4
31306.3
31527.2
31762
32001.1
32252.2
32483.2
32658
32851.8
33099.7
33312.9
33427.3
33527.5
33586.8
33645.9
33704.1
33769.8
33857.4
33923
33922.9
33910.5
33861.1
33814.2
33774.5
33724.6
33643.3
33560.4
33472.8
33369.2
33215.8
33057.3
32882.6
32707.6
32531.3
32375
32283.7
32171.2
31989.1
31815.8
31671.1
31526.7
31383.2
31248.4
31143.4
31049.3
30992.1
30934.6
30875.7
30805.5
30695.7
30589
30493.9
30405.1
30338.9
30268
30180.3
30104.9
30074.5
30028.9
29926.8
29831.8
29763.5
29703.7
29676.2
29648.5
29620.3
29584.7
29520.5
29444.3
29320.5
29216.5
29191.4
29155
29073.7
28999.6
28954.7
28891.3
28751.6
28634.2
28610.7
28560
28394.4
28239.8
28131.8
28018.7
27883.6
27757
27667.1
27574
27466.1
27354.3
27224.8
27084.5
26894.6
26708.6
26540.9
26362.4
26133.4
25902.5
25662.2
25447.9
25358.6
25231.8
24921.6
24631.1
24438.7
24244.9
24044.2
23840.6
23621.8
23406.1
23206.7
23014.9
22863
22708
22536.9
22367.3
22206.1
22043.9
21875.4
21705.5
21527.1
21352
21196.3
21044.8
20917.5
20789.4
20656.4
20529.2
20436.4
20334.6
20178.2
20035.3
19974.7
19908.9
19811.6
19704.4
19533.9
19380
19332.3
19276.6
19168.1
19061.9
18970.7
18889.3
18874.8
18859.2
18835.2
18807.3
18752.3
18698.1
18649.6
18611
18644
18671.5
18657.1
18647.4
18673.3
18693.1
18666.2
18645.5
18673.3
18697.1
18689.4
18678.8
18644.3
18613.9
18619.1
18625.3
18639.4
18650.9
18640.3
18623.7
18553.5
18488
18466.3
18453.2
18521.7
18584.8
18597.6
18609.8
18616.3
18618.9
18582.8
18551
18562
18567.6
18517.1
18467.2
18423.2
18373.2
18257.8
18143.6
18043.4
17946.9
17893.2
17830.5
17662
17497.4
17380.8
17261.5
17107.5
16954.8
16817.4
16682.2
16575.8
16468.7
16352.3
16230.6
16032.8
15844.4
15794
15739.1
15614.3
15491.8
15405.2
15317.5
15211.6
15105.3
14992.8
14880.1
14763.9
14645.9
14494.2
14345.3
14251.1
14155.5
14033.9
13910.1
13742.2
13575.4
13430.9
13286.1
13136.5
12987
12838.6
12688.3
12492.9
12298.6
12133.7
11968.3
11791
11613.8
11440
11266.7
11105.8
10945.3
10801.2
10656.3
10480.5
10306
10185.6
10063.4
9867.57
9673.05
9539.58
9406
9266.33
9126.78
8993.81
8860.97
8736.49
8611.56
8451.51
8292.22
8201.91
8111.12
7966.16
7820.82
7620.92
7420.89
7195.11
6969.12
6671.81
6374.49
6071.69
5768.89
