23.2214
70.7748
118.328
125.482
132.575
129.315
126.018
125.205
124.406
124.797
125.196
122.825
120.427
123.462
126.559
123.544
120.447
119.613
118.814
120.96
123.158
122.024
120.825
121.289
121.788
121.507
121.207
120.128
119.03
119.778
120.577
120.697
120.797
122.543
124.341
122.661
120.862
117.136
113.339
117.819
122.614
117.71
112.415
114.212
116.31
115.443
114.444
118.218
122.214
122.114
121.814
120.659
119.46
116.649
113.752
117.86
122.355
119.01
115.214
116.414
117.912
118.094
118.194
114.82
111.224
112.78
114.678
114.519
114.22
112.8
111.302
115.389
119.885
115.183
109.789
109.214
109.015
111.96
115.157
118.908
122.704
114.986
106.294
109.185
113.081
110.465
107.268
109.38
111.977
115.671
119.467
114.332
108.338
110.619
113.716
112.729
111.331
113.011
115.009
115.381
115.58
111.543
107.047
107.769
109.068
110.546
112.045
113.275
114.474
113.617
112.518
108.744
104.648
106.069
108.166
109.377
110.475
109.537
108.338
107.493
106.693
107.041
107.54
108.832
110.231
112.068
113.966
113.236
112.137
109.465
106.568
103.583
100.586
104.464
109.359
107.655
104.958
106.159
107.958
107.854
107.455
109.211
111.309
111.772
111.972
111.571
111.071
106.974
102.279
102.796
104.195
107.299
110.696
112.051
113.05
109.805
105.809
110.873
117.567
116.91
114.912
110.891
106.496
107.229
108.928
112.052
115.449
118.009
120.406
116.207
110.713
108.217
106.319
109.407
113.503
114.697
115.297
116.31
117.409
118.508
119.607
118.071
115.973
116.914
118.512
117.899
116.8
120.196
124.592
125.971
126.67
129.159
132.056
133.817
135.316
139.162
143.558
147.953
152.349
152.878
152.478
156.901
162.495
164.722
166.121
165.92
165.321
168.79
173.286
178.895
184.79
181.872
176.677
179.322
184.017
187.528
190.725
192.346
193.544
193.25
192.55
196.477
201.672
206.711
211.706
210.771
208.174
210.168
213.465
216.684
219.881
221.374
222.373
224.222
226.32
234.119
243.609
246.568
247.567
252.016
257.51
262.011
266.207
268.496
270.195
271.589
272.887
280.559
290.249
285.411
275.92
280.015
288.507
292.331
294.629
299.78
305.874
308.149
309.148
317.018
327.208
330.321
331.021
340.636
353.324
365.196
376.785
384.013
389.707
401.151
414.638
429.007
443.692
463.437
485.016
503.377
520.561
542.776
566.852
587.583
607.064
633.436
662.408
696.154
731.719
770.17
809.731
856.272
905.523
957.932
1011.58
1065.73
1120.07
1181.06
1244.7
1306.41
1367.35
1437.45
1511.28
1581.78
1650.91
1730.49
1814.4
1896.56
1977.98
2065.44
2155.45
2264.01
2380.5
2496.91
2613.3
2723.07
2829.97
2935.2
3039.7
3167.03
3304.5
3431.54
3553.92
3690.41
3833.27
3967.48
4097.76
4230.76
4365.03
4507.97
4654.92
4788.95
4916.93
5045.38
5174.05
5309.69
5448.66
5569.68
5682.07
5783.23
5878.93
5981.61
6087.71
6187.79
6284.89
6364.4
6435.13
6497.62
6555.96
6636.31
6727.82
6774.13
6797.31
6838.86
6889.91
6928.09
6959.56
7000.52
7046.48
7058.02
7051.33
7077.77
7121.93
7119.75
7092.57
7104.48
7137.65
7156.5
7167.48
7163.42
7151.04
7145.57
7143.97
7135.66
7123.58
7126.15
7137.03
7153.26
7172.54
7193.47
7215.35
7207.99
7183.62
7179.13
7186.32
7195.46
7205.75
7200.9
7187.02
7179.87
7176.77
7165.65
7149.67
7164.17
7197.34
7210.62
7211.62
7216.31
7223.3
7218.39
7206
7219.86
7250.33
7255.25
7243.86
7224.99
7201.31
7185.64
7175.15
7134.58
7074.34
7007.59
6936.56
6873.21
6814.97
6740.94
6656.32
6596.38
6553.13
6513.38
6476.01
6427.28
6370.73
6324.05
6284.19
6271.09
6276.69
6268.91
6251.73
6223.62
6187.75
6159.23
6135.95
6118.83
6106.14
6078.64
6040.38
6015.95
6001.67
5985.66
5968.37
5950.75
5932.87
5934.22
5950
5960.1
5965.89
5976.96
5992.04
6007.69
6023.78
6020.61
6002.53
5980.18
5954.51
5931.8
5911.42
5898.78
5892.28
5864.53
5819.78
5789.73
5771.55
5734.96
5683.41
5627.85
5569.01
5531.29
5511.01
5479.28
5438.02
5390.68
5338.23
5282.21
5223.16
5168
5116.16
5080.59
5059.01
5025.17
4980.71
4935.67
4890.12
4852.91
4823.03
4792.79
4762.22
4734.34
4708.87
4682.03
4653.95
4627.92
4603.75
4583.59
4567.11
4550.99
4535.2
4516
4493.62
4481.61
4479.31
4482.05
4489.55
4485.88
4471.59
4467.91
4474.41
4477.65
4477.75
4475.27
4470.27
4465.38
4460.58
4455.84
4451.14
4427.14
4383.88
4353.83
4337.04
4289.44
4210.62
4152.9
4116.74
4086.53
4062.46
4025.58
3975.43
3926.74
3879.59
3830
3777.85
3729.34
3684.68
3640.8
3597.74
3556.99
3518.73
3485.2
3456.83
3437.8
3429.01
3410.96
3382.69
3348.27
3307.01
3260.24
3207.29
3156.74
3108.88
3055.8
2996.76
2920.42
2824.21
2735.23
2654.61
2573.71
2492.49
2406.18
2313.87
2234.49
2170.46
2101.64
2027.11
1952.13
1876.61
1808.57
1749.63
1701.02
1665.06
1624.13
1577.07
1535.5
1500.73
1473.28
1455
1434.91
1412.53
1391.65
1372.67
1355.65
1341.17
1326.64
1312.05
1305.58
1309.67
1319.99
1338.47
1350.25
1353.14
1371.1
1409.16
1450.03
1494.69
1548.5
1614.74
1686.54
1765.96
1866.43
1995.9
2132.06
2277.52
2443.07
2636.78
2846.39
3078.47
3330.86
3612.18
3910.94
4234.72
4566.87
4911.14
5264.46
5631
6008.17
6400.99
6778.47
7133.23
7506.56
7907.66
8294.31
8659.15
9016.78
9363.44
9714.4
10071.9
10387.8
10639.4
10919.5
11243.9
11541.3
11795.9
12055.4
12322.4
12583.4
12834.9
13098.2
13380.5
13675.2
13990
14303.4
14614.6
14932.5
15261.5
15592.1
15925.3
16289.9
16707.1
17094.7
17432.1
17777.6
18137.2
18517.2
18932.4
19318.2
19653.2
20009.9
20404.7
20784.6
21138.2
21501.4
21882
22230.2
22520.4
22821.7
23143.1
23495.2
23903.5
24291.9
24643.4
24990.2
25327.9
25653.4
25955.9
26267.8
26597.2
26899.9
27151.6
27411.1
27685.7
27968.8
28268.1
28514.2
28656.1
28816.5
29013.3
29193.9
29341.9
29498.2
29671
29792.3
29809
29864.3
29998.5
30101.3
30139.1
30153.3
30118.7
30110.1
30156.5
30179.6
30153.6
30156
30219.4
30246.1
30193.3
30147.5
30116.9
30076.9
30016.5
29943.2
29841.6
29712.7
29522.7
29341.3
29179.2
28994.5
28757.8
28540.9
28369.6
28192.2
28000.8
27811.9
27629
27459.9
27323.4
27192.8
27076.3
26988.1
26968.2
26948.3
26928.7
26933.4
26998
27077.1
27192.4
27313.3
27448.2
27584.1
27722.4
27883.5
28103.1
28327.6
28564.5
28792
28994.8
29205.2
29435.5
29680
29962.4
30250.3
30552.7
30852.7
31146.5
31426.4
31668.7
31904.6
32123.2
32347.9
32589.6
32816.7
33002.9
33188.3
33371.3
33514.6
33543.5
33607.6
33774.4
33890.4
33857.3
33837.6
33857.4
33853.5
33778.8
33703
33624
33547
33476.5
33387.3
33240
33110.1
33034.3
32937.1
32772
32622
32520.6
32420.6
32324.9
32212.7
32046.4
31889.3
31762.2
31629.2
31476.6
31323.5
31169.1
31032.1
30954.9
30863.4
30722.9
30592.2
30496.2
30409.4
30354.8
30293.5
30208.2
30127.8
30065.3
30013.3
29999.9
29970.4
29881.2
29813.3
29825.1
29817.9
29739
29669.4
29635.6
29584.3
29465
29358.6
29303.5
29251.3
29210.9
29164.2
29092
29032.5
29025
28999.6
28900.4
28800.4
28697.1
28595.1
28498.6
28405.5
28327
28245.9
28153.6
28053.2
27917.2
27778.3
27626.3
27474.5
27323.8
27162.4
26951.9
26749.7
26585.4
26413.8
26207.5
26006.1
25828.1
25643.8
25429.1
25215.4
25006.9
24801.1
24608.6
24412.6
24199.3
23988.9
23794.1
23594.9
23373
23163
23015.3
22869.5
22733
22589.1
22405.2
22224.9
22064.6
21911.8
21801
21690.4
21581.1
21467.2
21326.5
21194.6
21113.7
21023.6
20879.1
20742.1
20650.1
20547.4
20379.1
20225.1
20161
20084.6
19930.1
19788.7
19731.1
19669.8
19583.8
19502
19448.1
19391.1
19312.5
19239.6
19206.4
19174.4
19150.2
19122.3
19068.1
19019.7
19013.9
19017
19086.3
19144.2
19114.8
19085.3
19054.5
19039.9
19153
19249.3
19210.8
19172.2
19134
19099.7
19098.7
19098.9
19109.5
19116.7
19094.1
19073
19065.7
19057.4
19040.9
19027.2
19039.7
19055.5
19102.7
19147.7
19170.5
19188.3
19157.1
19127.3
19112.5
19093.6
19032.1
18970
18902.3
18834.7
18768.4
18695
18539.8
18396.5
18389.7
18368
18168.7
17973.6
17831.3
17690.4
17568.2
17444.7
17304.4
17166.6
17063.4
16958.7
16833.1
16706.4
16563.4
16422.1
16305.4
16189.2
16082.5
15976.2
15876.1
15775.2
15661.2
15548.1
15448.9
15349.9
15251.2
15150.5
15013.8
14876.9
14734.2
14591.3
14443.7
14296.9
14164.7
14030.8
13859
13687.4
13521
13353.9
13167.7
12981.3
12790.4
12600.3
12431.2
12262.3
12095.4
11928.1
11746.9
11565.8
11390
11215.1
11072.3
10928.3
10744.2
10561.3
10426.4
10291.5
10153.5
10014.7
9837.11
9660.9
9559.3
9456.95
9310.19
9163.7
9034.52
8905.37
8778
8650.05
8469.53
8289.6
8176.51
8062.75
7851.65
7640.25
7366.62
7092.87
6779.38
6465.86
6126.89
5787.92
