-65.9774
-16.0264
33.9246
41.5811
49.1737
47.7067
46.2081
45.7032
45.2037
44.4067
43.6075
42.6103
41.6113
44.2668
46.9642
46.4085
45.8091
43.6356
41.4378
45.2292
49.1254
44.7905
40.2949
42.6448
45.1424
44.4192
43.62
44.4766
45.3757
44.1363
42.8376
44.3522
45.9506
46.2904
46.5901
45.5372
44.4383
43.6286
42.8294
43.0887
43.3884
41.3833
39.2854
41.4042
43.702
43.0349
42.2356
44.1089
46.1069
41.6281
36.8328
36.7901
36.9899
42.0274
47.3222
44.6655
41.5685
43.5727
45.8704
43.549
40.9515
43.4341
46.2313
44.4285
42.3306
41.1695
40.0706
41.5893
43.2876
40.508
37.411
38.9688
40.8669
39.2349
37.3368
37.8489
38.5482
41.1902
43.9875
43.6461
43.0467
39.7759
36.2794
39.6768
43.6729
40.6062
36.9098
41.3595
46.5544
42.342
37.247
36.162
35.4627
40.4018
45.8964
43.1331
39.5367
38.9283
38.6286
39.3228
40.122
35.5118
30.3168
35.1078
41.002
39.4456
37.0479
39.2184
41.9158
42.7362
43.3356
39.0302
34.135
35.0237
36.6222
35.9121
34.9131
35.7745
36.8734
38.6795
40.5777
38.6832
36.2855
38.9041
42.2009
38.2973
33.4021
35.0779
37.6754
37.1258
36.1268
39.14
42.7364
38.5006
33.1059
36.0468
40.2427
40.6267
40.4269
38.239
35.7415
34.3651
33.1662
36.0116
39.5082
37.8537
35.3562
37.8266
41.1234
40.8309
39.9317
37.0715
33.8747
37.4833
42.2786
41.3025
39.3045
37.7298
36.2313
37.5206
39.3189
38.2514
36.653
40.184
44.6796
43.3865
40.9889
36.5825
31.7872
32.4195
34.1179
32.9838
31.2854
34.3244
38.3205
38.8342
38.6344
39.3445
40.2436
37.5942
34.1975
35.4112
37.609
37.8357
37.6359
37.8458
38.1455
36.5652
34.5671
37.054
40.5506
38.9222
36.125
38.9272
43.0232
40.6427
36.7465
33.981
31.4834
32.853
35.1507
37.2074
39.2054
40.9629
42.6613
40.4407
37.2438
38.1956
40.1937
40.3612
40.0615
37.3801
34.0833
35.855
38.952
38.494
37.0954
36.406
35.9065
39.6518
44.547
43.9533
41.8554
42.5732
44.0718
43.6198
42.6208
43.1004
43.9995
42.0264
39.2291
40.2261
42.324
41.2552
39.2572
41.1883
44.2852
44.1547
43.0558
44.0264
45.6248
45.4648
44.7655
46.8115
49.7086
51.0085
51.8077
49.3447
45.8481
44.546
43.9465
46.9699
51.1658
51.2966
50.0978
51.7522
54.3496
54.5507
53.9512
52.9037
51.7049
48.3456
44.2497
47.2122
52.6069
54.2964
54.696
52.2871
48.8904
51.7594
56.8544
57.1707
55.7721
57.7463
60.9431
61.9462
62.146
65.4818
69.9774
70.7636
70.1642
72.3938
75.6905
79.7831
84.1788
87.9973
91.5937
95.7658
100.161
103.696
106.893
111.235
116.03
122.824
130.416
139.219
148.509
153.755
157.351
161.302
165.398
173.517
183.307
193.168
203.058
211.685
219.777
227.169
234.262
244.147
255.237
263.333
270.126
283.374
299.458
313.605
326.892
336.659
344.851
357.31
371.696
382.307
391.199
398.858
405.951
421.437
440.818
459.654
478.236
487.117
491.413
500.714
512.403
523.956
535.445
544.177
551.569
565.601
582.884
595.219
605.109
611.333
615.729
620.723
626.018
631.577
637.272
643.693
650.487
654.183
656.281
663.569
673.559
672.939
666.746
668.844
675.338
680.139
684.035
678.52
667.931
668.341
674.735
679.258
682.754
680.205
674.311
672.392
672.692
675.613
680.008
684.022
687.818
693.075
699.169
696.65
689.157
688.926
692.922
689.931
682.838
682.082
685.079
689.578
694.973
689.517
677.529
679.713
690.503
695.715
697.514
695.235
690.44
691.432
696.028
697.554
697.155
690.453
679.764
676.881
678.979
682.718
687.513
681.644
668.856
662.954
661.556
659.495
656.997
652.339
646.245
637.699
627.509
622.804
621.805
617.835
611.84
609.933
610.832
606.418
598.326
590.764
583.571
580.424
580.124
582.922
587.917
584.292
574.501
573.593
579.087
579.722
576.825
575.831
576.23
571.056
561.765
560.95
566.444
568.4
567.701
569.391
572.887
571.282
565.788
565.772
569.968
571.8
571.8
568.827
563.532
562.541
564.939
569.398
575.492
572.649
562.659
557.979
557.579
553.762
547.169
539.806
531.814
524.369
517.376
515.618
518.215
514.184
504.594
498.63
495.733
493.483
491.785
487.775
481.781
477.608
475.01
470.599
464.605
461.906
462.106
459.287
453.792
451.042
450.742
449.075
446.178
445.69
447.389
448.356
448.656
445.525
439.231
436.614
437.413
438.213
439.012
436.368
430.473
428.163
429.262
430.922
433.12
433.59
432.391
435.798
443.69
445.079
440.084
434.938
429.643
424.299
418.904
412.812
406.018
401.905
400.506
397.18
391.885
385.704
378.611
372.204
366.51
364.284
365.682
361.389
351.099
344.443
341.646
340.345
340.644
339.598
337.101
332.162
324.569
321.792
324.289
322.086
314.694
309.381
306.384
302.728
298.332
293.796
289.101
281.977
272.087
265.312
262.115
258.964
255.868
248.436
235.949
225.343
216.951
211.166
208.468
203.313
195.221
191.027
191.526
188.505
181.213
175.492
171.696
168.839
167.141
164.819
161.722
160.399
161.298
157.959
149.267
144.18
143.681
145.019
148.715
150.016
148.218
147.634
148.633
148.941
148.341
149.848
154.144
158.996
164.59
168.396
169.795
174.627
184.118
193.102
201.394
211.282
223.37
236.21
250.097
265.98
284.662
305.87
330.645
355.545
380.62
412.751
455.009
495.227
532.49
573.044
618.4
664.564
711.918
753.638
787.006
826.219
874.172
922.204
970.357
1017.68
1063.73
1101.78
1127.55
1156.51
1190.37
1228.42
1272.98
1310.42
1336.69
1370.01
1414.46
1455.84
1492.31
1527.47
1560.54
1592.77
1623.64
1660.19
1706.04
1755.37
1810.41
1862.87
1911.02
1953.21
1985.38
2027.19
2085.34
2135.06
2170.43
2209.28
2254.14
2299.32
2345.08
2395.01
2452.25
2501.84
2537.9
2580.76
2635.71
2686.61
2730.27
2780.61
2843.05
2897.85
2938.71
2983.09
3033.94
3081.22
3121.88
3166.47
3218.42
3261
3285.88
3310.86
3336.03
3367.15
3409.71
3446.22
3471
3498.88
3532.85
3565.3
3594.78
3617.14
3625.33
3635.84
3651.03
3665.62
3679.01
3694.79
3715.47
3733.02
3744.11
3752.93
3757.02
3756.16
3744.87
3741.2
3753.69
3763.85
3769.05
3773.93
3778.12
3785.93
3801.62
3803.44
3774.76
3751.55
3740.47
3727.74
3711.36
3693.5
3672.32
3645.3
3604.94
3575.62
3571.72
3562.06
3538.98
3513.01
3480.24
3455.42
3449.43
3450.06
3466.54
3473.25
3456.37
3446.87
3455.36
3465.73
3480.72
3493.06
3498.86
3508.73
3528.81
3548.12
3565.5
3584.91
3609.49
3639.03
3681.39
3717.62
3737.9
3770.1
3833.63
3884.31
3900.79
3926.36
3976.31
4025.59
4073.04
4117.85
4155.41
4188.07
4207.15
4232.1
4273.46
4313.7
4350.76
4380.61
4389.9
4400.25
4413.64
4425.13
4431.13
4440.29
4458.77
4472.47
4471.97
4464.88
4438.01
4421.19
4434.88
4443.06
4434.37
4422.41
4400.33
4383.7
4384.1
4386.2
4393.69
4392.21
4362.04
4332.25
4303.68
4278.9
4266.51
4254.77
4245.18
4238.05
4239.15
4231.97
4196.8
4167
4155.51
4145.41
4140.12
4130.33
4104.86
4086.08
4090.97
4096.35
4103.44
4107.72
4101.83
4089.46
4053.39
4025.42
4027.42
4028.64
4026.94
4027
4033.69
4037.66
4031.16
4020.74
3995.07
3979.36
4002.84
4018.19
4001.2
3985.95
3977.66
3967.89
3952.11
3941.54
3952.53
3958.8
3945.31
3932.66
3923.57
3915.95
3914.65
3910.61
3894.62
3877.23
3853.66
3831.89
3818.2
3803.1
3781.63
3762.1
3751.51
3734.61
3688.46
3648
3634.31
3615.58
3572.82
3535.53
3524.64
3510.98
3483.7
3454.59
3416.32
3383.69
3379.39
3370.52
3338.25
3306.95
3280.68
3254.93
3231.95
3209.9
3192.82
3172.93
3137.87
3105.75
3089.87
3073.9
3057.41
3040.81
3023.52
3009.35
3013.04
3009.82
2966.17
2928.37
2925.37
2920.61
2905.23
2891.54
2888.24
2884.63
2879.03
2871.34
2850.36
2830.68
2819.39
2807.93
2795.35
2781.21
2756.73
2735.62
2737.32
2738.08
2732.38
2729.15
2743.24
2753
2731.83
2712.83
2709.73
2709.17
2727.45
2741.43
2722.85
2710.34
2744.71
2772.76
2751.08
2732.58
2739.68
2744.99
2735.7
2729.53
2749.51
2764.06
2732.19
2705.59
2724.97
2741.04
2727.55
2716.17
2723.96
2731.33
2734.73
2738.02
2740.32
2743.39
2754.08
2763.43
2759.44
2755.14
2747.75
2741.54
2747.73
2751.54
2729.76
2708.28
2690.1
2672.7
2664.11
2655.14
2641.75
2626.44
2588.28
2552.61
2547.52
2541.56
2524.67
2508.56
2502.47
2494.64
2463.67
2433.62
2416.13
2400
2402.99
2404.59
2385.61
2366.13
2339.05
2312.76
2298.67
2285.05
2278.95
2272.1
2252.52
2233.04
2215.26
2197.58
2181.79
2166.35
2157.36
2147.52
2120.95
2094.07
2060.9
2028.16
2004.69
1980.96
1951.59
1922.38
1897.11
1872.04
1852.26
1832.53
1814.15
1795.62
1772.84
1749.57
1711.61
1674.08
1650.3
1626.95
1618.05
1608.79
1585.61
1562.16
1527.99
1494.17
1475.29
1456.29
1431.72
1407.25
1388.67
1370.26
1361.97
1353.44
1329.27
1305.15
1285.37
1265.57
1244.69
1223.77
1198.4
1172.92
1132.26
1091.61
1052.75
1013.87
971.416
928.956
885.299
841.641
