-50.9768
.472809
51.9224
57.4863
62.9809
61.4071
59.8086
60.2968
60.7963
59.7092
58.6103
56.6206
54.6226
56.0816
57.5801
58.6843
59.7832
59.2097
58.6103
58.6
58.6
55.3663
52.0696
54.836
57.7331
55.848
53.85
55.5532
57.3514
56.7195
56.0202
53.6717
51.2741
51.3936
51.5934
54.3053
57.1026
57.7785
58.3779
59.266
60.1652
56.4547
52.5586
55.3709
58.4679
57.7392
56.8401
56.7045
56.6046
54.2188
51.7212
54.7367
58.0335
57.0617
55.8629
57.1252
58.5239
55.2937
51.7971
53.5796
55.6776
53.5422
51.1446
53.4408
56.0383
53.9516
51.5539
55.7938
60.4892
58.0945
55.1974
55.8378
56.7369
57.6361
58.5352
55.1699
51.4736
51.2925
51.3924
51.6769
51.9766
49.3286
46.4314
49.7849
53.6811
50.1475
45.9517
48.6204
51.9172
51.926
51.6263
51.2354
50.8358
54.7105
59.0062
58.674
57.8748
55.6268
53.2291
52.5482
52.0487
51.459
50.8596
50.2602
49.6608
52.7418
56.2384
55.1668
53.5684
52.685
51.8857
50.5515
49.1528
52.8263
57.1221
57.7775
57.9774
59.1517
60.4504
58.0365
55.1393
54.5354
54.2357
54.816
55.5153
55.9512
56.3508
55.261
53.9623
57.2092
61.1054
57.9367
53.7408
56.3329
59.9294
60.1395
59.8398
58.9336
57.9346
60.9982
64.6946
64.1651
62.9662
66.1558
70.052
67.2518
63.3556
68.5389
75.2323
76.5418
76.9414
74.1863
70.8895
73.4624
77.0589
79.3823
81.4802
80.6145
79.2159
84.2378
90.4317
89.4614
87.1637
91.5931
97.2875
97.8644
97.4648
98.9065
100.705
102.002
103.201
103.4
103.4
105.561
108.158
107.937
107.137
109.316
112.113
117.634
123.728
125.212
125.711
128.346
131.443
138.882
147.274
149.699
150.798
150.348
149.548
159.812
172.6
174.188
173.189
182.634
194.522
196.558
196.258
202.403
210.096
214.493
218.09
224.653
231.945
234.04
234.839
245.451
258.539
262.632
264.431
266.07
267.669
273.306
279.999
286.377
292.671
297.704
302.399
311.418
321.608
327.407
332.002
334.095
335.494
343.602
353.592
356.267
356.866
364.219
373.51
381.407
388.9
395.311
401.405
408.424
415.717
424.47
433.661
435.417
434.917
442.445
452.435
459.452
465.546
473.465
481.957
482.483
480.485
481.967
484.565
488.974
493.969
495.501
495.901
500.73
507.024
514.441
522.233
528.98
535.374
539.756
543.453
556.882
573.666
582.965
589.658
596.426
603.219
618.342
636.424
647.155
655.247
669.645
686.328
700.014
712.601
733.722
757.998
773.91
786.697
811.091
839.863
862.702
883.282
912.664
945.432
964.169
977.456
1016.57
1065.83
1098.4
1124.38
1163.2
1207.16
1238.09
1263.76
1307.75
1359.2
1394.02
1421.99
1454.2
1488.16
1523.26
1558.82
1598.6
1640.16
1689.77
1742.81
1784.62
1821.59
1876.23
1938.57
1994.18
2046.82
2106.12
2168.36
2226.18
2282.02
2343.72
2408.06
2467.18
2523.92
2597.43
2678.65
2747.45
2810.49
2878.84
2949.67
3004.42
3051.57
3100.62
3150.57
3214.35
3284.78
3353.46
3421.3
3472.3
3515.06
3560.96
3608.41
3642.2
3669.17
3702.79
3739.76
3774.6
3808.37
3840.75
3872.41
3880.04
3875.24
3899.41
3938.68
3956
3961.79
3970.26
3980.15
3987.57
3993.66
4008.78
4028.76
4021.18
3998.6
3994.53
4000.63
3991.8
3974.72
3978.86
3994.84
3999.13
3996.83
3996.7
3997.8
3999.66
4001.96
4008.88
4018.47
4016.76
4008.47
4005.71
4006.21
4006.59
4006.89
4022.45
4047.13
4042.68
4020.7
4029.93
4058.1
4066.63
4063.13
4072.18
4088.96
4114.67
4145.94
4158
4158
4181.19
4219.05
4241.06
4252.94
4263.56
4273.35
4269.14
4255.85
4234.47
4207.8
4190.52
4179.43
4161.68
4139.5
4107.45
4068.79
4033.35
4000.08
3986.72
3986.92
3989.01
3992.41
3967.41
3922.76
3913.58
3929.16
3932.14
3926.25
3914.21
3897.83
3893.68
3898.27
3895.5
3887.4
3879.43
3871.54
3869.29
3871.19
3868.84
3863.34
3871.14
3888.82
3888.24
3873.95
3875.53
3889.12
3909.51
3935.08
3935.92
3917.74
3915.26
3924.95
3930.21
3932.01
3930.06
3925.16
3906.4
3876.63
3862.12
3859.82
3862.45
3869.04
3870.29
3867.19
3852.4
3828.02
3808.95
3794.27
3782.15
3772.16
3760.37
3747.09
3731.9
3715.12
3702.65
3693.86
3670.93
3635.87
3622.38
3627.58
3617.78
3594.9
3594.14
3612.82
3605.55
3575.28
3557.36
3550.46
3544.2
3538.51
3535.8
3535.8
3533.35
3528.65
3521.15
3511.06
3506.25
3506.35
3499.18
3485.19
3475.57
3470.08
3471.55
3479.64
3491.35
3506.54
3515.17
3517.47
3519.91
3522.51
3520.12
3512.83
3504.83
3496.14
3487.3
3478.31
3478.38
3487.57
3492.7
3493.69
3493.85
3493.15
3479.21
3451.64
3442.21
3451.6
3464.17
3480.05
3490.24
3494.44
3497.71
3500.01
3495.17
3482.68
3485.76
3505.64
3522.13
3534.91
3529.73
3504.85
3507.42
3540.29
3553.3
3544.21
3536.81
3531.31
3516.49
3491.11
3475.03
3469.54
3455.49
3431.61
3401.85
3365.29
3342.74
3336.55
3310.84
3262.19
3219.07
3182.5
3159.78
3153.58
3135.33
3102.56
3068.08
3031.52
3012.61
3015.31
3010
2994.81
2981.77
2971.38
2966.09
2967.19
2961.22
2946.34
2942.88
2953.97
2958.4
2954.31
2954.09
2958.89
2968.97
2985.95
3003.59
3022.07
3043.3
3068.18
3091
3111.08
3134.05
3160.93
3193.95
3235.31
3286.92
3352.56
3412.31
3463.96
3514.82
3564.57
3624.72
3699.45
3775.08
3852.01
3939.94
4043.54
4144.02
4240.02
4336.07
4432.18
4531.86
4636.75
4743.31
4852.3
4957.27
5056.27
5169.09
5302.56
5438.06
5576.63
5699.73
5799.33
5896.45
5989.76
6095.31
6219.79
6335.71
6438.31
6535.51
6624.22
6715.41
6810.52
6915.32
7035.6
7150.1
7255.3
7382.24
7544.48
7692.44
7817.02
7961.16
8137.59
8320.13
8512.84
8703.16
8889.48
9078.13
9270.74
9460.62
9645.84
9823.21
9987.04
10171.1
10390.4
10593.2
10767.2
10941.1
11115
11291
11470.7
11653.9
11843.2
12051.4
12293.9
12513.2
12690.2
12876.5
13079.7
13277.3
13464.5
13639
13789.5
13946.7
14116.3
14276
14416.6
14569.5
14745.8
14916.7
15077.2
15215.7
15311.3
15404.2
15491.7
15575.9
15653.6
15732.8
15815.2
15875.9
15892.7
15930.9
16012.8
16062
16043.5
16034.5
16045.3
16061.5
16089.1
16113.7
16132.3
16123.6
16056.6
16031.4
16096.5
16133.3
16108.4
16078.9
16039.5
15981.5
15882.1
15809.7
15797.7
15742.3
15588.7
15444.7
15322.3
15203.8
15094.2
14993.8
14914.5
14828.5
14726.4
14630.8
14550.7
14482.8
14444
14405
14365.6
14345.5
14372.8
14393
14395.8
14417.8
14487.7
14561.8
14646.9
14715.3
14741.8
14803.2
14953.8
15100.4
15236.5
15366.6
15481.4
15597.5
15717
15847.7
16008.4
16165
16310.7
16454.9
16595
16729.1
16847
16975.6
17133.9
17280.9
17396.8
17507.4
17602.9
17689.8
17752.2
17821.7
17911.3
17980.9
17992.4
18009.8
18044.5
18060.5
18021.2
17983.3
17949.5
17912.2
17864.8
17817.6
17771.1
17732.4
17717.8
17692.3
17632.2
17566.6
17483.1
17401.2
17323.9
17256.1
17219.1
17162.5
17041.7
16931.8
16857.9
16784.1
16710.7
16637.2
16563.9
16499.2
16464.1
16430.3
16401.3
16368.8
16323.8
16276.4
16220.3
16171.6
16149.6
16123.7
16083.8
16047.9
16027
15998.2
15939.7
15894.6
15899.2
15894.7
15855.8
15828
15842.6
15839
15765.1
15704.5
15696.2
15678.6
15623.8
15577.8
15566.6
15540.5
15453.7
15380.2
15361.7
15340.5
15307.7
15269.9
15211.1
15159.5
15139
15109.2
15038.9
14968.5
14897.8
14822.5
14726.7
14635
14560.9
14482.8
14385.6
14284.8
14167.6
14060.1
13998.2
13925.1
13799.2
13672.2
13540.2
13417.3
13339.2
13254.5
13137.1
13019
12896.8
12781.3
12700.4
12617.9
12527.2
12432.7
12318.2
12208.2
12122.3
12039.7
11975.1
11907.6
11824.7
11740.2
11647
11558.6
11497.5
11439.9
11403
11360.9
11288.7
11218.5
11159.3
11094.9
10998.4
10908.8
10862
10815.3
10769.5
10718.1
10631
10550.5
10512.3
10471.4
10412.4
10359.2
10343.7
10325.6
10289.9
10256.2
10235.4
10217.4
10218.7
10218.6
10209.2
10198.1
10173.8
10156
10186
10211.1
10198.2
10186.1
10180.3
10174.8
10171.3
10171.6
10201.9
10228.4
10222.9
10214.6
10182.4
10156.9
10188.7
10214.7
10190.7
10171.2
10191.5
10207.7
10186.8
10171
10202.1
10233.6
10269.9
10298.5
10253
10212.5
10222.2
10228.8
10204.8
10179.2
10138.6
10101.1
10097.6
10090.7
10045.9
9999.77
9937.93
9875.78
9810.04
9741.92
9645.31
9551.11
9486.38
9420.46
9339.64
9260.63
9205.19
9147.77
9064.05
8982.13
8924.99
8869.48
8837.21
8801
8706.89
8617.06
8592.19
8565.05
8502.41
8438.63
8356.11
8276.51
8246.24
8213.62
8139.79
8065.76
7987.93
7909.73
7824.42
7741.23
7700.27
7655.83
7539.35
7425.22
7362.28
7297.79
7197.99
7098.4
7003.79
6909.73
6829.41
6748.83
6661.41
6573.42
6469.22
6365.07
6262.17
6159.78
6073.77
5987.6
5896.19
5804.79
5713.78
5623.16
5548.13
5472.9
5388.89
5305.24
5239.41
5173.29
5092.37
5011.63
4941.8
4872.13
4812.99
4753.63
4677.6
4601.37
4505.86
4410.58
4340.25
4269.71
4169.41
4068.89
3925.63
3782.32
3621.88
3461.41
3273.49
3085.58
