127.871684
122.994904
123.508494
130.427365
129.639390
135.358532
137.183220
133.948639
148.347618
153.006430
146.006680
145.270674
153.115588
157.221480
163.523211
178.945203
183.191395
180.910921
184.085429
198.264748
194.295090
203.149692
209.611524
221.331305
237.849424
236.426688
250.294972
255.901400
251.562639
257.797465
268.959695
278.344915
289.638316
289.363492
292.165891
303.227436
320.970038
317.312541
328.931697
354.734214
357.154079
356.019060
361.258571
367.749143
374.229684
384.274872
395.972049
404.364060
412.510447
430.341320
454.094805
463.734955
480.673407
509.737763
539.095130
582.357070
629.599859
671.208414
735.135148
771.639277
836.671305
921.442983
1007.230457
1096.683759
1191.285263
1309.269153
1436.243966
1574.303985
1713.596648
1893.035489
2054.669435
2247.647444
2450.927062
2621.275526
2850.641692
3075.483421
3307.238214
3546.936685
3816.655113
4111.647519
4380.682316
4627.870526
4899.047218
5181.398985
5482.475687
5771.736466
6055.596729
6312.907444
6594.641692
6839.567519
7038.766955
7300.418983
7499.017368
7679.803823
7824.089906
7952.229925
8079.123766
8188.680526
8291.916429
8328.904060
8419.645989
8462.511429
8467.171090
8441.933872
8492.691429
8516.192787
8457.986165
8513.808647
8526.665282
8502.981130
8510.305075
8563.793647
8598.728421
8581.773158
8580.481053
8600.106071
8576.132222
8614.997143
8694.199831
8755.009305
8804.623233
8896.595047
8929.099117
8928.337368
8943.830865
8960.354915
8899.018778
8804.846617
8700.832632
8555.567500
8419.323183
8311.021090
8165.042335
8098.172782
7988.159096
7962.026767
7909.713102
7840.196497
7793.324887
7747.188872
7762.819850
7719.970339
7630.454286
7607.107387
7639.644689
7635.668947
7626.918814
7679.652049
7714.918305
7712.189098
7687.736692
7680.714718
7641.090865
7598.469473
7518.422519
7466.989023
7377.073985
7300.203220
7168.400282
7086.149023
6989.055970
6867.581974
6781.645838
6704.552857
6590.355301
6435.596523
6395.252143
6371.108797
6300.081805
6242.491883
6128.621128
6102.288139
6068.085338
6068.513465
6016.930075
5973.672124
5993.497797
6006.272632
5975.141789
5957.006786
5973.802406
5979.712368
5958.702293
5921.266635
5874.890451
5796.978475
5693.915263
5613.482970
5547.352669
5428.466278
5360.617951
5243.903910
5156.712632
5104.715658
5035.503107
4968.511842
4925.521353
4874.972895
4802.824840
4714.970451
4581.473741
4426.862768
4254.869323
4049.964407
3826.337951
3616.693459
3410.178964
3177.265075
2966.827105
2797.421579
2644.171224
2514.867481
2391.453985
2268.126241
2206.925827
2133.109605
2080.791654
2050.524369
2012.017519
1975.879247
1953.042707
1979.795150
2015.416893
2102.514323
2217.097895
2367.337500
2568.472994
2834.764436
3193.698929
3632.796222
4120.684925
4697.333559
5376.412162
6092.437119
6869.407594
7711.153917
8554.276015
9375.525338
10156.750471
10877.556203
11511.013158
12105.210526
12671.514689
13219.100188
13688.004887
14083.963089
14521.252632
14989.183427
15433.951880
15878.933333
16469.198308
17089.819549
17648.800376
18293.062218
18908.555367
19599.424812
20228.946053
20774.377632
21320.531073
21930.460902
22557.581015
23172.505085
23753.089474
24319.311299
24996.656015
25507.279284
25994.293233
26552.733835
26935.212218
27272.287218
27711.819209
28128.424436
28459.549153
28819.586842
29091.327872
29325.492481
29497.972180
29573.669173
29626.094925
29620.076271
29578.913910
29736.278195
29598.491353
29595.431579
29578.428571
29515.016165
29389.106968
29094.200000
28733.210150
28469.735526
28096.400000
27692.044361
27333.842857
26979.751977
26666.649624
26458.308286
26315.296241
26209.816541
26248.738418
26451.420489
26570.828195
26763.399248
27163.356874
27486.468797
27969.837594
28381.389474
28821.765789
29296.189098
29773.983459
30387.124859
30982.360150
31431.903578
31876.158647
32269.059774
32601.129379
32917.655639
33048.790226
33206.797744
33269.267797
33234.513534
33252.562406
33112.801316
33027.810526
32847.670245
32578.951316
32303.309040
32063.779699
31806.872881
31494.089286
31279.701128
31214.431450
31025.140602
30761.411090
30513.763158
30311.347081
30191.212782
30086.113158
29921.171053
29799.152632
29712.025235
29593.659398
29461.282298
29418.361842
29381.073070
29272.595865
29181.070113
29081.501695
28915.088722
28745.844256
28463.846429
28409.385122
28160.233459
28019.797552
27851.532895
27722.178947
27530.914689
27318.959586
26983.981168
26608.818421
26303.117326
25961.763722
25566.892481
25207.331579
24797.727068
24452.022599
24111.881579
23713.276271
23375.755451
23035.012806
22768.052632
22485.860526
22227.142185
21938.731203
21708.511864
21478.827820
21228.232203
21000.357143
20807.604323
20592.980827
20298.915414
20053.978908
19861.479511
19631.087970
19413.796992
19303.894915
19035.486842
18853.834211
18725.745009
18629.730639
18678.292655
18679.554887
18704.338983
18746.830263
18730.642481
18764.170677
18881.387594
18919.392467
18799.259398
18817.871429
18803.280979
18781.626692
18718.023684
18784.851316
18900.027119
19004.144361
19066.142105
19071.176880
19040.709774
18934.628571
18777.474060
18617.592279
18447.571429
18256.600000
17991.919549
17739.121429
17524.435782
17340.448496
17036.885526
16857.447368
16648.955367
16381.928383
16121.386090
15915.115789
15698.335526
15464.964407
15247.385714
14997.666290
14727.683271
14505.558192
14249.133083
13971.550376
13697.498305
13340.060150
13078.221053
12827.709211
12405.142373
12068.256767
11749.029135
11437.647932
11117.030075
10810.751977
10540.153383
10266.825989
9963.110526
9669.391149
9422.734248
9195.142857
8937.322222
8651.873553
8450.239661
