94.353574
93.582500
86.371858
80.689229
88.035212
102.852414
102.202136
108.389338
103.829090
118.246043
121.613511
125.358100
129.182904
133.028814
142.360887
141.903169
143.166382
154.896342
153.467868
166.283070
167.750949
179.308316
186.011524
182.721344
193.885373
195.021707
205.473461
209.562325
213.861226
221.156670
221.937934
227.725849
241.195632
243.828220
249.412415
262.003180
272.112870
282.821271
286.535981
290.018429
312.629573
307.711957
318.379571
323.622872
320.566273
320.070313
326.164744
332.357156
330.142632
334.177951
349.062323
356.506675
375.927446
380.404568
398.990791
405.127647
431.744919
451.380752
470.299117
490.730256
512.736128
531.241237
554.913415
580.786346
610.432000
659.056923
699.686615
740.798684
778.801200
822.329117
849.190384
913.586053
955.643249
1014.434667
1080.023835
1129.365940
1187.996654
1259.369962
1330.871429
1393.298665
1464.544520
1554.358421
1625.874887
1701.145602
1799.763540
1878.705714
1964.208534
2055.310470
2140.048985
2224.055902
2319.055545
2402.179492
2455.930827
2521.548136
2576.325038
2611.902180
2647.661563
2685.994737
2717.010714
2719.773985
2733.003446
2750.715714
2781.637669
2787.234098
2802.917143
2794.341168
2798.401353
2787.933985
2782.329098
2800.201186
2806.624211
2823.791748
2831.869605
2812.248947
2822.687895
2836.959793
2825.573333
2855.195338
2861.406949
2854.023139
2888.092932
2876.755951
2919.830695
2938.101278
2938.098083
2944.761036
2919.882857
2905.767444
2891.459474
2863.172632
2830.858625
2785.513271
2788.234670
2757.149981
2745.061375
2713.615263
2683.244812
2693.080565
2702.838534
2685.957801
2679.483195
2660.850207
2644.666767
2638.676165
2623.570207
2619.231842
2632.060508
2642.588853
2670.647288
2676.365789
2675.767481
2672.980000
2644.098684
2647.733917
2657.542932
2654.083383
2634.912707
2602.324915
2571.592688
2552.175977
2549.132825
2515.376579
2470.118512
2461.842857
2452.383120
2437.874549
2395.018571
2381.084361
2394.642406
2375.719906
2356.693459
2349.181184
2329.923553
2283.849605
2274.727331
2287.543365
2285.610169
2285.501579
2289.607853
2288.800019
2282.989887
2274.039135
2308.987707
2297.953872
2293.061278
2270.259831
2261.276335
2267.932180
2255.657932
2231.011071
2232.542951
2232.326466
2216.531579
2210.464605
2223.342712
2246.720865
2251.159511
2232.034398
2256.338230
2265.156617
2232.587594
2217.833974
2169.644511
2160.693220
2123.766786
2078.875414
2029.479642
1997.820902
1947.876184
1916.247105
1888.548908
1869.571259
1856.206316
1819.957519
1809.619455
1798.753703
1790.463835
1795.787476
1793.104568
1822.822053
1801.053158
1818.188008
1862.110226
1905.480977
1946.984737
1971.397500
2008.113051
2063.330752
2125.104643
2206.924229
2305.500301
2395.174237
2502.971654
2640.905763
2768.016466
2957.040301
3106.035075
3262.574774
3449.284670
3607.830902
3779.007105
3944.912632
4123.091977
4282.046241
4435.194887
4619.666723
4771.035902
4876.634670
5065.437368
5256.427778
5464.119756
5673.599586
5903.914398
6144.885357
6358.696309
6632.638722
6851.342049
7115.658158
7376.921299
7610.810301
7855.963722
8091.095254
8323.375113
8594.001751
8847.313609
9098.036045
9304.956353
9542.086786
9738.445959
9904.287218
10112.324294
10264.253759
10413.637853
10600.160526
10752.017326
10838.209211
10907.905263
10989.134586
11050.298496
11058.963277
11041.243609
11040.673120
11019.516165
11057.521053
11057.757143
11026.734023
10991.121469
10912.371429
10850.603947
10706.351316
10607.900000
10491.256391
10326.657895
10159.878531
10040.492481
9948.623974
9871.557857
9904.526692
9889.701243
9914.774192
9969.465414
10053.394737
10113.523917
10233.835902
10332.278947
10506.968421
10668.234211
10843.276128
10993.816541
11138.653107
11339.899624
11533.936911
11657.222556
11773.955827
11864.355932
11904.129323
12014.392857
12043.997368
12102.823729
12043.377444
12030.819737
11991.623684
11936.057895
11906.843503
11849.420301
11762.264407
11686.235338
11599.341808
11485.221429
11385.376692
11293.686252
11191.803571
11152.825564
11060.842105
10953.168738
10880.105827
10841.778195
10771.276316
10708.119737
10686.771186
10626.211278
10585.251036
10553.412594
10512.250094
10470.698872
10428.234962
10393.922034
10298.593985
10292.138795
10264.239286
10189.190207
10163.084586
10003.759736
9979.919474
9929.524211
9854.108927
9731.705301
9616.735650
9544.080376
9424.893578
9282.115113
9172.607293
9029.351128
8892.685113
8802.298079
8654.565226
8497.580734
8418.155883
8270.180998
8164.654211
7998.406579
7912.777853
7787.090226
7689.138136
7619.540789
7540.994237
7464.754286
7359.608910
7240.293064
7189.813008
7132.733748
7070.821842
6953.257820
6829.771128
6824.373785
6808.303947
6770.913158
6715.395443
6671.428947
6656.476798
6657.781955
6637.871412
6637.177068
6628.279962
6602.799098
6629.263759
6622.371676
6617.629699
6642.475094
6619.691695
6618.372519
6563.376053
6572.344342
6571.765593
6611.626015
6622.033609
6612.281259
6599.255902
6587.629286
6563.831015
6537.147175
6493.131429
6403.188249
6362.504868
6298.939286
6235.859868
6116.262650
6020.589737
5956.104211
5862.240942
5780.705320
5653.528346
5575.394887
5511.864135
5456.213503
5381.698571
5293.501827
5226.824455
5158.461318
5072.619962
4954.230639
4875.103051
4797.826692
4672.144737
4570.035658
4452.743691
4329.317256
4223.107481
4122.522613
4000.147368
3882.806667
3806.361579
3713.449040
3583.795714
3463.423842
3353.365188
3274.632406
3159.715556
3090.824925
3041.421130
