123.363789
113.161168
116.289449
121.915767
107.819610
119.021639
111.269525
113.992977
126.203787
117.135665
117.516263
124.694531
124.390205
129.879932
137.294023
133.190921
139.006500
147.806289
154.701530
159.992190
160.583879
160.623985
161.301674
175.430917
182.074847
178.893786
176.492271
184.685254
190.178759
196.455149
203.510432
207.037322
214.353105
210.728085
219.059209
221.351263
227.334043
229.296468
232.548702
239.746429
248.237998
257.894064
265.992286
263.883406
267.770327
272.729475
275.525158
283.575910
291.981895
301.769546
314.106068
332.411774
347.957678
366.205624
398.529540
407.271344
441.800254
476.053113
523.914739
561.368390
606.285173
673.449000
746.608562
815.000556
893.290316
989.802469
1093.065827
1203.412744
1312.642316
1457.070865
1602.394520
1734.222932
1907.148757
2042.447876
2213.619060
2388.115075
2561.415094
2748.724482
2958.195865
3175.303026
3387.414350
3603.097632
3837.105188
4090.543158
4303.133710
4509.502105
4770.578308
4957.153816
5142.435639
5337.471241
5534.129286
5699.227288
5839.137068
5963.564972
6111.562162
6198.424699
6257.498701
6371.368026
6452.371786
6532.640677
6520.642147
6579.482500
6636.232331
6630.850226
6597.587143
6625.429699
6615.365113
6634.980075
6628.994380
6645.484011
6663.874737
6675.977613
6688.735789
6679.026316
6653.067970
6654.841015
6680.344275
6701.070075
6731.684915
6785.057162
6836.372857
6806.863785
6815.907820
6871.622387
6827.561316
6836.010904
6809.494436
6724.520902
6638.795263
6539.424605
6417.229962
6318.690451
6236.579360
6147.913985
6115.784143
6076.699098
6008.832782
5987.834181
5945.888158
5918.248308
5884.833609
5840.520075
5834.753759
5838.403515
5811.174821
5788.007632
5819.397797
5857.163308
5827.026441
5790.879850
5743.699774
5755.144436
5746.780714
5699.798795
5638.575846
5570.847068
5514.778647
5445.032316
5345.369737
5250.777481
5171.132090
5090.715395
5028.185141
4988.210000
4931.557011
4855.276560
4755.080714
4710.346842
4701.998778
4688.408945
4647.032481
4585.025639
4551.689305
4533.705706
4495.371165
4481.083966
4477.748475
4472.227368
4475.580753
4474.007274
4450.463045
4422.296316
4382.284812
4325.876598
4326.514060
4266.334407
4199.805019
4116.351729
4028.729699
3977.760226
3888.882820
3794.627744
3734.800526
3671.253421
3602.803559
3539.104737
3469.375733
3403.629887
3331.225800
3259.667820
3183.958571
3057.748380
2901.657105
2742.660847
2563.199154
2411.881729
2278.451412
2116.045695
1962.136711
1839.300789
1730.714727
1639.326278
1555.143759
1470.131880
1415.036729
1355.135902
1332.980677
1303.414011
1293.490113
1265.730753
1267.621429
1291.059286
1328.815085
1404.356992
1502.622368
1627.540000
1793.615424
2019.355263
2324.442500
2685.828477
3089.760526
3588.056949
4129.167951
4725.532373
5375.870226
5993.861394
6652.043797
7275.713271
7851.878908
8396.912951
8961.513421
9492.745263
9971.913559
10357.675188
10720.700752
11131.270998
11497.730075
11827.882486
12288.987218
12778.677778
13245.273872
13771.869925
14354.610150
14902.234962
15362.370621
15864.021053
16445.162782
16941.053947
17345.300942
17803.972180
18339.665414
18853.745763
19338.005263
19832.048776
20298.514662
20820.621092
21279.451504
21575.572368
22028.233083
22302.027068
22620.550282
22984.012594
23310.353296
23508.234211
23694.540113
23906.479511
24030.056391
24031.472180
24003.755639
23988.701695
23934.780451
23856.567293
23826.633647
23880.367669
23900.414286
23801.151692
23646.411676
23406.000000
23097.517481
22859.039474
22552.300000
22281.051128
21946.664662
21655.542750
21465.391353
21312.463842
21283.415038
21232.183459
21198.383051
21346.782519
21454.579887
21658.533083
21963.091714
22305.264662
22620.793233
22931.115789
23366.018421
23773.197744
24166.883083
24577.644068
24985.903571
25393.441996
25750.121053
26009.273120
26243.432203
26466.169173
26664.397744
26727.591917
26740.947458
26782.092481
26704.667481
26526.310526
26402.876316
26248.452166
26055.869173
25860.053484
25627.815038
25367.059322
25125.200564
24906.290226
24722.669868
24569.606579
24327.731579
24210.727068
24077.656121
23913.182331
23770.604135
23721.886842
23605.705263
23457.880414
23379.081203
23307.048964
23179.713722
23087.421657
23046.762406
23010.425940
22964.172881
22781.704511
22794.310358
22719.907143
22645.093220
22530.725940
22272.607910
22139.340789
22044.842105
21855.649718
21608.224060
21375.707910
21092.062406
20804.813183
20543.826692
20192.437594
19801.657143
19539.825752
19199.593220
18832.831203
18636.418644
18391.950564
18093.065913
17869.842105
17599.296053
17360.123164
17163.240977
16979.376271
16755.271992
16543.445763
16371.300752
16180.662782
15983.968045
15825.368045
15640.594727
15507.581767
15436.076692
15232.281955
15088.488136
15018.688158
14949.697368
14824.652542
14800.643985
14744.363842
14682.434586
14706.271751
14706.830639
14638.171053
14614.068797
14637.650564
14603.761017
14550.694737
14603.902820
14529.464783
14497.371429
14523.194737
14528.773684
14529.194915
14525.228571
14535.607895
14472.283647
14423.643233
14381.692857
14294.350564
14164.424482
14012.257143
13838.728249
13593.598496
13480.507143
13273.460452
13090.504511
12851.407895
12694.252632
12543.036723
12392.200940
12237.388722
12105.416917
11974.736842
11830.305461
11649.688722
11451.794162
11264.324248
11062.864972
10825.982331
10538.872180
10303.654237
10084.912180
9859.691579
9606.250658
9357.434087
9106.563421
8875.951654
8563.765470
8299.170827
8063.121525
7814.644342
7578.985593
7358.765188
7138.692354
6931.442895
6746.596391
6578.977006
6389.267914
6225.426384
