140.080579
139.745991
147.317320
148.911237
164.146932
172.082782
171.447339
179.985699
188.915433
197.501412
209.887481
222.724399
230.327695
238.544017
252.709045
264.727859
277.383276
304.744974
328.430327
327.546709
352.297539
360.071662
382.420806
399.141141
403.710797
414.479124
419.507250
433.101712
457.164932
478.559556
495.727026
510.186846
520.721211
535.565390
553.923462
581.335293
599.887861
617.858278
628.040488
667.504500
666.732085
686.231102
693.467571
706.181782
707.938944
711.196181
718.937421
725.862234
742.629250
755.961701
785.859511
798.495342
813.504316
838.400019
868.182832
931.009126
957.709145
989.767504
1029.191767
1082.373315
1131.692180
1177.983051
1242.302575
1327.545338
1405.721579
1473.926403
1561.582143
1636.648045
1726.133390
1837.807293
1930.000395
2032.467143
2149.183333
2275.592312
2399.964586
2528.892030
2664.900620
2810.785970
2958.061880
3121.513534
3283.788023
3426.430789
3601.459586
3781.306748
3996.208060
4185.595789
4366.658233
4531.343365
4716.995150
4911.657820
5045.527650
5211.669322
5332.571654
5414.464030
5541.309680
5646.282556
5695.969529
5770.922237
5839.545357
5876.173008
5938.347175
5961.170714
5946.290902
5965.636992
5977.111429
5960.659605
5933.671053
5939.372105
5957.734718
5959.481751
5971.781541
5979.908872
5968.245132
5959.784211
5967.404586
5982.047444
5985.074539
6004.601541
6057.848305
6061.514154
6089.105414
6171.778588
6196.297086
6230.332331
6273.137143
6273.420226
6251.184248
6210.653684
6156.757895
6094.309868
6012.220565
5922.791617
5857.016215
5808.233835
5751.240320
5718.438872
5690.401673
5672.895876
5634.859774
5660.414492
5665.603985
5676.227288
5667.038421
5651.114568
5637.468719
5640.550789
5638.685593
5634.329549
5685.262542
5670.048421
5664.976917
5660.688515
5662.261353
5636.854124
5596.503233
5544.020000
5518.041805
5458.296610
5414.303966
5371.696579
5302.953145
5227.923684
5168.854501
5135.225714
5126.412763
5095.082368
5034.867143
5011.857895
4988.494211
4968.180414
4955.274662
4935.447143
4880.014850
4900.337288
4884.956917
4853.318477
4843.641186
4849.431579
4845.904670
4843.613214
4868.285639
4889.812707
4873.539962
4831.562105
4840.486992
4830.600000
4850.898571
4866.072669
4836.513271
4825.116786
4833.285244
4839.318120
4807.540526
4805.477368
4812.583672
4812.700677
4840.710056
4859.508590
4871.019322
4846.763008
4800.901673
4758.642034
4701.466842
4615.190169
4562.338628
4467.021504
4381.303729
4296.483177
4203.919474
4143.681579
4107.307947
4033.428759
3970.724962
3978.551880
3955.578985
3929.113515
3940.914925
3917.998701
3934.335207
3960.111111
4011.030752
4052.687895
4072.045876
4152.461203
4263.593684
4371.192500
4463.087533
4568.356767
4696.710714
4864.057650
5068.106917
5238.341356
5523.953083
5767.887119
6069.043459
6376.965631
6685.392368
7031.893120
7374.893616
7756.419643
8057.954079
8400.294737
8705.433729
8984.231241
9286.640902
9567.099586
9834.285320
10149.199812
10511.800752
10895.588889
11301.556579
11664.249624
12147.056767
12635.299060
13193.008851
13674.754135
14119.179323
14552.100000
15045.870245
15517.063158
15934.962406
16393.525424
16873.596241
17324.437100
17835.607331
18257.011864
18701.221429
19098.100000
19500.689474
19814.103008
20185.792655
20424.864474
20748.990960
20940.997368
21074.329944
21330.752820
21483.493233
21519.450376
21566.894737
21573.602825
21613.806391
21650.616353
21587.550000
21597.978947
21614.785714
21475.517857
21347.275895
21270.214286
20964.064850
20680.884211
20442.800000
20153.575188
19870.903571
19617.854614
19404.189850
19266.670245
19190.807143
19156.603008
19140.148588
19196.309586
19330.927632
19506.397744
19741.092844
19993.793233
20291.557895
20591.631579
20915.131579
21285.260714
21634.328571
22043.858757
22450.877820
22786.296045
23108.235338
23358.772368
23621.256685
23852.349624
23896.386842
24007.234774
24123.532203
24004.163910
23967.084586
23977.926316
23855.010526
23683.985122
23481.235902
23262.547458
23063.666165
22834.730508
22629.822744
22513.749248
22300.478531
22131.731015
22042.095301
21881.042857
21772.662147
21655.335526
21545.355263
21423.942105
21370.353947
21264.727119
21155.540602
21072.544444
21018.340414
20910.023352
20793.035338
20775.904699
20700.205085
20534.039098
20444.148776
20416.317857
20377.640866
20193.377068
20075.316949
19964.785526
19811.994737
19724.885311
19562.259962
19293.257439
19035.028195
18820.701318
18619.974060
18369.175940
18010.258647
17651.807707
17416.137853
17159.251504
16929.924294
16625.835902
16398.381733
16204.378947
15978.839474
15768.913748
15550.639474
15314.642373
15122.119361
14975.471186
14827.331579
14672.627068
14518.238534
14375.950376
14281.919586
14092.589286
13890.298496
13848.428571
13745.019774
13619.880263
13535.713158
13424.474953
13346.498872
13353.937665
13376.573684
13392.253861
13406.916917
13426.275940
13437.684586
13406.643421
13376.305461
13404.875940
13384.316353
13394.646516
13337.587594
13222.097368
13322.898684
13320.469492
13366.297744
13420.027068
13417.056015
13373.987594
13307.407143
13221.335526
13106.059510
12974.071429
12842.825989
12655.681767
12509.435714
12353.090207
12138.861278
11972.909211
11783.084211
11614.142185
11446.166541
11313.837218
11188.423684
11031.403195
10849.880226
10700.445113
10562.748211
10404.269549
10267.589266
10105.964286
9855.426410
9677.406949
9468.330902
9253.734211
8979.910395
8766.387891
8506.386767
8260.854060
8039.108158
7801.326316
7590.959887
7395.134605
7196.738249
6984.274098
6774.662938
6616.175188
6430.267519
6248.245424
6078.579605
5902.355311
