143.158158
145.193333
137.769788
145.986726
150.783695
146.690934
150.765169
145.638406
149.646917
161.350062
161.978286
160.067669
162.727695
168.419356
177.978955
186.710633
188.472092
189.027763
198.320323
217.270068
217.918849
224.264271
240.006847
237.142464
240.985644
253.295850
251.909645
257.344504
265.231481
267.033249
271.249263
283.791947
298.255447
302.864627
309.558160
315.990414
320.261827
330.253137
334.222350
342.701357
352.381874
366.359263
389.041143
388.645699
376.083297
381.247177
397.395041
411.781977
426.352737
433.684962
443.855917
455.280718
483.759644
505.755726
531.014149
577.589712
609.726883
647.353827
708.346744
759.425066
811.012541
880.170254
962.738167
1046.333233
1138.622105
1251.187175
1367.228534
1503.321842
1654.604727
1810.645414
1971.548192
2167.535789
2349.254350
2542.129662
2744.843534
2986.581692
3222.354511
3454.917213
3727.369699
4024.083477
4309.298757
4582.254474
4863.021466
5194.717838
5511.052599
5813.997293
6086.852613
6384.542707
6701.128008
6951.200902
7238.493741
7467.733559
7671.448346
7870.844501
8056.450883
8229.296504
8373.198908
8467.925789
8560.127857
8669.599850
8706.897232
8780.089643
8828.931466
8836.163571
8865.517143
8839.810320
8897.128120
8882.628271
8883.924041
8877.359266
8897.639549
8941.224812
8965.447763
8974.210526
8996.471955
9033.196165
9053.498663
9083.776316
9119.764068
9123.727011
9168.872030
9233.846629
9312.370921
9337.277312
9355.566955
9353.740282
9306.777970
9229.931429
9151.783158
9024.294605
8846.714689
8713.752256
8589.476704
8485.527350
8399.903635
8315.511729
8253.030714
8245.227571
8196.908421
8190.663327
8162.803872
8127.535424
8071.830526
8033.306504
8041.178230
8031.823947
8017.116780
8035.586297
8010.462203
8052.698571
8092.427293
8070.374756
8004.196955
8012.206121
7966.622688
7877.703835
7811.196316
7713.021356
7664.816297
7557.993910
7416.666968
7306.842763
7207.188945
7103.450000
6999.783346
6891.683120
6813.649286
6706.040714
6620.110357
6555.624011
6473.924586
6420.684211
6394.743590
6340.832900
6288.904248
6246.571241
6215.482034
6172.368421
6134.930301
6161.054079
6215.253684
6203.365526
6167.809737
6118.338647
6078.892707
6033.524124
5970.654079
5864.817030
5804.751805
5701.441504
5600.269530
5515.448647
5410.123158
5313.728684
5223.455028
5131.338722
5063.827256
5000.155752
4910.379623
4820.374436
4703.164868
4576.491902
4393.492444
4197.725593
3975.820019
3747.244436
3539.079209
3320.313947
3130.722763
2973.068947
2812.671431
2668.075188
2541.792932
2412.029248
2315.289455
2226.580263
2156.043421
2133.934878
2107.770921
2077.614444
2074.818722
2085.010414
2121.264689
2170.364586
2259.018684
2393.120000
2584.181092
2834.430977
3149.585357
3545.357932
4031.913534
4628.676271
5339.258383
6080.682203
6884.942030
7742.255254
8658.073853
9562.907744
10431.745574
11313.538158
12181.660526
12972.268421
13705.910169
14366.053195
14941.893233
15513.228437
16103.439850
16653.653296
17253.013534
17844.355556
18502.520113
19227.265414
19970.665038
20859.349248
21640.530697
22463.977444
23300.055827
24130.127632
24856.288136
25562.474812
26331.161278
27112.930508
27865.630075
28598.945763
29335.406391
30103.420151
30849.694361
31498.132519
32073.087218
32660.036090
33199.933333
33869.966541
34252.735593
34645.231579
35095.900753
35428.997744
35615.701504
35700.477444
35831.612782
35950.915254
35826.976316
35832.249060
35803.309586
35782.473684
35785.985714
35756.881579
35641.580226
35469.107143
35068.779887
34740.259211
34365.100000
33859.548120
33451.213534
33062.928249
32600.451504
32259.869115
32101.462594
32018.748120
32093.564407
32174.726692
32369.977632
32561.030827
32897.567797
33246.644925
33778.988722
34279.810526
34842.277632
35418.011842
36062.185338
36592.328814
37172.605451
37841.480979
38285.449624
38668.836654
38992.030508
39253.880075
39512.030827
39633.594549
39751.959322
39928.554135
39845.095489
39725.044737
39515.021053
39317.010358
39061.901692
38736.207721
38412.360902
38065.875141
37738.564098
37481.790977
37133.338795
36819.260714
36593.139474
36493.489474
36219.416573
36070.126504
35827.200376
35610.436842
35484.875000
35309.021657
35116.075188
35036.788701
35030.841917
34902.549529
34747.156767
34650.423308
34431.666102
34388.025564
34205.976083
34042.085714
33931.060452
33731.450752
33530.885122
33332.236842
33020.247368
32779.890960
32482.831955
32173.356685
31815.430451
31442.701695
31014.376128
30489.077444
30031.861654
29632.503195
29196.922034
28646.506015
28262.303390
27900.282707
27465.878719
27144.368421
26721.655263
26403.000000
25981.345865
25646.201695
25333.212594
25007.877966
24717.571429
24460.352068
24189.553195
23892.008271
23734.384746
23450.981767
23201.224812
23040.339098
22793.739548
22558.175000
22414.863158
22284.939736
22158.441165
22066.975141
22038.344361
22004.299058
21950.671992
21934.301128
21943.653759
21932.563722
21945.498682
21989.126316
21881.350940
21936.716761
21950.459023
21908.294737
21890.559211
21810.805085
21910.847368
21930.103008
21888.137782
21896.208647
21836.085714
21709.575940
21586.933145
21370.614286
21079.277401
20864.575752
20544.292857
20263.664972
19974.368045
19665.593421
19386.352632
19136.957439
18860.632519
18599.413910
18401.361278
18227.493045
18003.862524
17694.293233
17435.944821
17229.732895
16916.354426
16608.253383
16264.773684
15889.935593
15578.727068
15205.521053
14880.406579
14522.870621
14129.890226
13745.795489
13366.555639
12949.637594
12610.254237
12269.785338
11908.603390
11570.901880
11225.970810
10915.173496
10641.143609
10398.103013
10086.065602
9811.837684
