768.179947
805.097264
838.866350
878.673327
900.740542
956.422558
1017.955695
1060.728323
1127.349864
1208.975852
1275.651034
1336.351348
1429.151425
1523.038831
1596.004564
1687.018266
1797.837526
1918.191763
2025.486729
2125.248496
2226.005386
2370.978722
2447.681620
2542.289117
2642.676102
2733.689211
2816.649361
2912.138102
3025.662256
3126.126478
3237.543703
3376.814388
3497.621316
3636.534068
3745.593759
3877.255188
4013.096949
4152.488233
4293.905198
4413.332857
4488.225104
4594.934831
4714.410000
4792.164812
4845.243891
4898.389492
4952.464361
5004.781450
5067.541316
5159.505217
5252.657820
5372.629117
5485.562938
5643.730301
5822.827213
5998.267801
6208.325424
6440.630977
6654.024981
6887.218380
7127.384737
7384.353898
7654.204192
7915.356165
8133.550000
8386.953955
8672.286523
8966.420226
9184.605763
9485.534229
9734.660565
9944.997594
10131.591977
10326.372970
10523.924398
10697.057331
10924.430395
11113.198776
11334.008872
11556.085996
11755.658588
12026.841579
12267.885714
12531.647688
12822.285066
13146.663759
13442.346541
13742.545564
14014.693910
14377.889737
14656.181410
14894.421356
15132.221429
15284.584181
15455.759962
15612.303308
15768.258399
15938.448421
16018.892500
16081.083233
16076.564294
16065.690000
16101.029361
16039.594925
15972.172143
15926.962448
15936.083308
15911.479850
15893.504793
16010.486045
16077.415977
16144.459398
16252.582105
16379.323684
16493.649023
16652.772293
16922.199322
17202.139887
17450.643729
17725.316880
18130.291880
18594.143258
19117.342086
19594.999887
20031.534023
20441.158757
20780.084398
21053.880451
21259.957895
21372.439474
21423.053484
21461.642481
21520.557627
21574.047368
21625.038418
21771.567669
21917.143797
22132.212994
22336.202256
22401.438346
22536.176692
22657.061205
22743.709023
22784.892105
22869.729379
22973.026316
23112.016949
23284.512594
23446.862712
23655.995489
23809.031767
23935.335714
24038.793609
24101.963842
24180.285150
24212.945865
24351.848120
24437.230508
24518.181955
24618.723684
24723.868173
24864.475000
25009.079473
25144.685714
25295.631579
25378.253008
25453.485714
25552.912406
25661.476316
25735.932580
25807.254887
25873.897744
25945.269737
25884.239171
25830.777820
25801.004323
25807.157627
25858.921053
25883.512618
25998.183647
26180.058271
26332.902256
26624.615977
26819.354323
27084.996241
27319.040113
27546.572744
27911.706767
28350.058647
28746.909586
29162.984211
29697.651880
30297.526316
30816.375000
31289.623164
31768.369549
32213.021241
32598.539474
33027.180791
33277.672932
33504.686278
33724.491525
33846.302256
33978.376271
34015.259586
33968.130827
33813.495104
33892.272180
33906.559211
33966.521053
34033.230320
33981.808459
33974.332331
34015.761654
33984.891165
33963.687406
33955.092105
34029.288512
34153.667105
34335.059887
34466.710526
34764.433083
34991.867232
35075.930451
35364.757895
35586.925000
35726.503955
35737.035338
35608.760714
35439.253947
35127.592105
34777.913559
34370.885150
33968.118644
33443.390977
32889.429567
32346.646053
31677.100376
31066.203013
30448.422744
29758.043421
29168.310526
28556.814124
27983.493421
27479.327444
26938.297175
26513.521053
26246.392279
25848.191729
25641.500000
25545.061278
25500.812406
25555.314662
25688.574436
25799.273258
25816.482707
25932.003759
25982.543421
26037.870810
26069.099624
26138.722932
26277.127119
26346.204511
26413.970056
26560.065789
26722.750094
26857.103759
26991.894737
27095.601880
27247.516541
27337.431638
27503.311466
27514.586817
27549.734211
27579.648964
27591.025376
27557.092481
27452.798496
27349.831015
27240.038983
27095.564662
27036.989474
26868.871992
26820.325564
26734.314286
26484.955827
26359.380603
26184.750000
25875.311278
25539.040789
25136.600000
24864.029323
24568.045677
24195.888512
23877.030827
23616.225424
23416.038346
23395.489474
23341.958757
23477.985150
23614.538158
23668.458271
23973.379849
24216.936654
24538.241353
24939.089474
25377.903947
25712.387782
26134.359023
26573.790395
26968.666917
27400.589642
27799.255639
28118.049812
28353.937288
28659.039474
28833.695865
28879.340977
28913.257627
29000.490977
28910.437782
28754.563158
28695.871053
28567.443315
28373.647368
28172.749529
27943.211278
27691.911299
27421.522556
27187.982707
27021.590584
26819.147368
26567.670301
26379.700000
26278.597740
26238.018233
26016.272556
25849.878947
25824.043421
25671.026930
25561.512030
25484.321846
25429.166541
25384.978719
25268.728571
25105.015414
24964.408475
24883.500000
24855.447081
24740.560714
24524.280226
24481.966165
24252.642185
24160.281579
23957.994737
23783.111299
23575.737406
23278.550282
23028.821429
22784.694915
22456.171805
22079.603759
21746.778947
21496.379135
21143.169492
20811.174436
20501.397740
20172.524624
19892.266629
19634.060526
19312.396053
19098.170038
18851.505789
18579.962542
18321.347594
18120.995085
17924.173910
17685.348515
17491.099323
17314.660827
17137.881017
16904.415150
16745.759699
16643.277293
16404.242712
16309.363421
16200.123421
16158.772203
16086.317970
16057.452203
16038.197594
16023.694802
16027.323966
16070.921692
16113.745038
16058.094680
16038.976478
16103.133910
16019.490977
15993.969887
15970.446842
15956.873947
15990.364737
15972.346271
16007.120902
16041.235921
16031.405113
16007.264248
15953.944286
15868.897218
15763.395367
15622.030000
15452.985537
15255.479286
15107.300714
14863.302825
14642.422726
14414.951974
14173.702105
14032.775537
13890.944492
13701.953647
13468.096992
13265.577820
13113.738192
12958.659699
12795.601959
12609.293252
12365.194689
12139.561917
11931.862989
11719.950000
11459.239549
11214.422105
10942.165789
10692.873296
10430.694248
10152.430451
9880.992086
9572.524962
9311.669831
9068.899643
8828.100452
8561.264624
8291.569755
8104.374530
7890.892180
7675.355254
7495.588985
7250.012542
