840.364947
884.719273
918.333774
942.676143
999.567475
1069.251789
1102.875458
1166.685677
1233.744759
1321.397977
1399.929462
1472.274748
1563.234194
1663.768729
1764.903872
1878.230859
2011.215395
2138.310789
2231.677406
2353.495094
2493.001168
2621.403308
2673.708606
2777.324248
2900.412938
2990.666917
3105.341165
3207.749342
3309.819699
3442.650226
3582.914417
3717.047778
3851.789474
3978.745085
4121.192406
4282.646541
4427.027571
4560.917331
4690.382241
4879.394286
4987.564256
5077.096974
5160.051429
5246.496992
5313.907538
5387.684407
5431.163308
5465.426403
5558.349211
5620.325537
5719.286241
5889.216165
6065.363107
6234.700602
6400.338305
6583.361410
6834.609115
7107.330000
7318.003741
7556.055838
7760.140338
8033.857119
8305.865395
8557.655338
8844.749474
9114.865028
9423.251635
9764.086241
10043.750264
10319.298271
10585.106384
10824.770526
11053.170508
11211.918609
11412.204549
11598.525827
11789.519079
11979.744388
12230.900977
12485.756617
12727.474463
13014.936053
13271.125188
13560.778571
13848.297721
14190.962406
14526.883966
14840.794117
15186.968835
15470.397970
15775.968571
16017.305085
16253.269699
16430.122203
16617.251109
16807.408346
16947.275198
17037.766053
17123.005714
17158.116165
17137.233898
17158.947143
17185.402932
17096.061241
17035.878929
17007.403032
16972.990075
16979.915789
16968.789774
17045.625424
17113.630940
17190.691786
17319.133947
17509.284737
17687.703684
17863.882425
18036.168418
18324.861767
18708.571017
19067.372274
19432.096015
19921.047382
20387.056579
20923.981391
21388.098496
21839.963465
22160.665602
22403.687970
22547.300000
22582.494737
22617.796045
22647.434962
22718.685687
22777.109774
22873.414501
22978.545865
23137.777068
23260.761582
23430.532331
23629.740977
23752.121053
23763.953861
23816.281955
23934.143797
24062.103766
24188.678947
24369.516949
24550.005639
24741.516949
24881.330827
25005.218045
25179.922556
25218.566541
25251.311299
25270.446241
25394.375188
25474.901504
25461.850282
25522.353008
25656.159023
25854.583804
25984.246053
26115.235593
26294.300000
26338.258647
26481.288722
26523.200000
26687.447368
26730.284211
26841.140678
26963.586466
26957.697556
26956.345489
26909.896234
26943.819549
26934.044361
26879.225424
26923.147368
27003.882486
27143.203383
27312.372556
27471.951504
27810.029887
27996.036466
28231.533083
28404.007910
28800.302068
29079.352632
29551.837970
29940.866917
30519.866165
30940.917293
31424.968421
32045.961842
32557.406780
32989.004887
33436.417669
33733.941353
34157.900942
34571.286466
34836.574248
34998.489642
35210.556391
35202.464407
35252.956015
35263.559398
35177.712618
35080.248872
35062.196053
35070.768421
35024.293597
35102.034023
35192.357143
35054.016541
35085.836090
35057.672932
35053.982707
35176.736347
35208.097932
35329.205085
35605.389474
35880.527820
36075.697175
36253.016165
36506.726316
36624.625000
36646.263465
36651.430827
36580.757143
36311.183083
35852.341729
35507.457627
35036.019361
34547.318644
34029.384962
33432.366478
32805.083271
32238.867669
31531.625424
30865.598872
30243.282895
29650.652632
29010.898305
28381.338158
27801.875940
27240.427495
26806.293045
26516.977401
26214.254135
26037.844444
26015.388722
25957.071053
26040.362030
26191.593421
26231.288701
26271.060902
26386.730263
26350.696053
26327.307533
26354.083459
26441.622932
26533.405085
26608.504511
26813.514689
26936.521429
27038.398305
27180.395865
27284.951880
27412.492857
27518.588722
27604.704520
27718.661090
27783.097552
27800.234211
27773.157439
27752.598120
27718.883459
27653.530827
27568.740602
27437.448588
27288.939850
27178.512030
27095.316541
27008.461654
26872.171429
26646.564098
26425.705273
26225.535714
25973.355263
25563.653947
25184.600000
24864.411278
24523.755827
24183.275330
23883.581203
23652.002825
23506.325752
23493.851128
23500.060452
23584.713722
23663.658271
23808.249248
24057.440678
24403.591541
24754.441353
25089.100000
25506.372368
25950.900940
26370.631955
26879.235593
27351.296241
27746.462524
28192.426316
28574.814286
28851.618079
28908.954887
28954.443609
29082.915226
29249.330508
29188.487218
29102.841165
29002.878947
28942.813158
28771.429755
28538.163158
28342.500188
28122.622556
27905.066102
27678.478759
27398.344361
27184.613371
26983.184211
26802.604699
26689.514286
26538.749529
26457.163346
26283.077820
26166.781579
26083.157895
25987.641996
25852.998496
25783.918644
25745.754511
25669.196045
25493.686842
25329.115602
25348.747458
25234.706015
25140.797552
25000.178571
24838.826177
24813.700376
24651.623729
24569.552632
24328.215789
24091.506780
23846.337406
23611.520339
23343.520677
23027.334463
22697.199060
22367.178195
22048.221053
21711.345489
21404.229944
21096.780451
20708.053107
20386.947744
20156.167985
19843.971053
19570.948816
19390.888964
19152.813985
18882.076949
18689.700019
18469.086271
18203.244511
17970.285320
17805.905056
17678.004549
17515.498192
17339.911071
17054.277293
16951.069774
16830.405367
16676.301711
16648.929737
16551.527928
16475.415282
16458.211940
16428.517444
16413.812034
16440.772688
16440.610376
16413.975789
16435.952838
16495.902260
16472.149098
16420.694211
16473.625800
16428.749624
16441.925789
16445.102105
16427.540678
16479.094962
16514.469662
16486.445658
16523.144286
16468.303571
16311.762876
16188.423691
16049.965714
15899.258305
15731.415357
15515.900000
15308.296516
15006.907801
14769.013553
14632.696842
14371.569397
14226.596805
14050.363872
13831.023158
13641.510808
13486.194313
13338.234135
13148.624783
12919.002989
12711.205009
12494.551466
12240.022744
12033.507797
11729.886992
11493.581579
11265.912105
10952.069944
10638.199774
10349.016090
10097.711974
9831.145789
9554.230169
9316.023308
9062.740339
8764.139774
8519.757721
8315.392143
8101.962331
7890.047759
7659.214305
7421.960960
