140.997
133.604
126.211
130.389
134.585
132.808
131.01
137.061
143.155
135.168
127.076
123.437
119.841
122.566
125.363
127.963
130.56
124.107
117.513
121.72
126.116
127.866
129.564
127.351
125.053
124.512
124.012
117.084
109.991
120.007
130.496
127.89
124.892
120.927
116.931
116.607
116.407
115.532
114.633
117.872
121.268
121.688
121.988
119.125
116.128
116.765
117.564
124.281
131.274
126.361
120.867
122.691
124.889
124.715
124.416
121.749
118.952
120.311
121.91
119.549
116.951
118.399
120.097
118.228
116.131
120.497
125.292
125.506
125.407
125.12
124.82
116.421
107.43
105.778
104.679
108.308
112.304
120.648
129.34
125.846
121.35
126.066
131.561
124.462
116.27
111.656
107.36
109.38
111.977
114.118
116.216
116.126
115.827
112.981
109.884
110.054
110.553
121.104
132.692
129.101
123.907
121.687
119.789
121.219
123.017
120.776
118.079
118.696
119.695
121.319
123.018
121.327
119.229
118.021
116.922
120.085
123.781
127.566
131.363
129.06
125.963
126.746
128.045
133.92
140.414
138.653
135.756
140.832
147.026
141.244
133.751
139.69
147.583
151.298
154.395
154.018
153.119
158.804
165.498
163.202
159.505
164.347
170.541
178.026
185.718
183.28
179.184
182.454
186.95
195.377
204.468
209.722
214.318
216.956
219.254
228.851
239.74
245.972
251.367
256.002
260.497
268.196
276.487
286.545
296.935
298.935
299.335
299.902
300.501
313.376
328.661
341.946
354.834
351.182
344.189
360.992
382.671
389.46
393.157
400.567
408.759
423.372
439.357
450.249
460.039
466.388
471.983
493.353
518.229
539.843
560.722
574.687
587.075
609.363
633.939
653.253
671.335
688.852
706.235
726.196
746.776
771.214
796.589
815.871
833.653
853.435
873.716
899.102
925.776
940.114
951.303
975.591
1003.26
1012.8
1017.6
1040.24
1067.62
1086.72
1103.6
1118.91
1133.8
1151.9
1170.88
1197.53
1226.3
1247.58
1266.76
1295.05
1325.92
1349.8
1371.68
1403.31
1437.78
1455.72
1468.8
1499.23
1534.79
1548.22
1555.02
1569.17
1585.55
1603.16
1621.14
1642.25
1664.33
1688.39
1713.06
1729.77
1743.96
1753.6
1761.8
1772.71
1784.49
1796.36
1808.25
1819.31
1830.1
1842.98
1856.57
1883
1913.77
1929.2
1939.39
1986.13
2045.48
2086.96
2122.22
2154.31
2185.28
2222.52
2261.98
2304.67
2348.53
2393.78
2439.54
2492.6
2548.35
2605.04
2662.09
2730.33
2802.76
2863.44
2919.68
2973.47
3026.32
3097.27
3175.2
3263.48
3355.79
3433.82
3506.25
3599.15
3700.15
3799.15
3897.35
3988.3
4076.31
4137.21
4187.07
4271.6
4370.4
4459.75
4545.16
4635.43
4727.74
4813.39
4896.2
4991.41
5091.91
5193.88
5296.48
5409.31
5526.6
5645.06
5764.04
5901.99
6048.35
6162.75
6262.85
6382.57
6511.14
6640.81
6770.99
6910.05
7053.21
7201.15
7351.3
7484.86
7610.63
7732.14
7851.62
8001.68
8166.31
8311.06
8446.22
8569.82
8687.81
8802.57
8915.76
8999.47
9068.6
9152
9242.51
9302.31
9346.67
9407.53
9476.76
9537.47
9593.81
9642.45
9687.1
9725.52
9760.69
9784.33
9801.91
9825.17
9851.45
9865.94
9874.13
9840.07
9783.22
9786.69
9822.95
9817.8
9789.93
9778.2
9775.4
9751.38
9715.52
9725.16
9760.43
9771.03
9767.64
9774.47
9787.16
9827.52
9883.87
9893.36
9875.58
9895.06
9936.42
9964.79
9985.47
10000.2
10011.4
10047.3
10098.2
10134.2
10161.3
10212.4
10278.3
10339.2
10397.2
10453
10507.6
10613.5
10751.8
10840.7
10898.3
10955.1
11011.2
11062.8
11111.4
11113.4
11085.2
11076.6
11080.9
11056.5
11013.1
10972.2
10932.9
10872.3
10797.4
10749.1
10718.9
10703.3
10697.7
10686.7
10672.2
10663.7
10659.4
10677.1
10710.1
10722.4
10720.1
10715.9
10710.3
10707.6
10707
10728.3
10765.2
10775.7
10766.9
10770.5
10783.2
10773
10745.8
10752.1
10783.2
10797.1
10798
10802.8
10810.6
10844.4
10898.1
10924.4
10929.8
10947.1
10973.4
10983.6
10981.1
10967.2
10944.5
10932
10927.7
10925.1
10923.8
10908.8
10882.8
10849.3
10809.6
10788.3
10782
10764.6
10738.1
10722.6
10716.3
10696.3
10664.8
10623.6
10574.1
10568
10598.8
10604.3
10588.3
10575.9
10566.8
10570.7
10585.9
10570.1
10527.2
10520.8
10546.7
10530.1
10475.3
10445.5
10438.1
10435.1
10436.1
10415.8
10376.1
10348.5
10332.1
10329.3
10339.2
10337.3
10324.3
10308.9
10291.2
10287.1
10296
10303.4
10309.3
10336.4
10384.1
10403.9
10396.8
10414.4
10456.5
10490.8
10517.5
10528.9
10525.1
10540.7
10575.9
10611.6
10647.7
10685
10723.5
10770.7
10826.8
10861.2
10873.1
10910.6
10975
11015.5
11030.9
11085.1
11180.6
11250.2
11291.9
11346.9
11416.3
11474.3
11520.1
11562.5
11601.2
11644.2
11691.7
11737
11779.8
11789.7
11762.7
11771.4
11820.5
11795.6
11686.7
11609.7
11569.7
11539.3
11520.3
11480.2
11415.7
11365.6
11332.7
11288
11229.3
11165.7
11096
11046.7
11021.8
10991.4
10954.1
10933.6
10933.7
10926.2
10909.3
10867.3
10794
10724.2
10659
10633.6
10658.6
10668.9
10660.5
10671.5
10707.4
10737.5
10760.2
10783.2
10806.7
10838.3
10880.8
10931.6
10993.6
11048.3
11093.3
11147.4
11213.5
11278.7
11342.7
11423.5
11527.5
11607.9
11655.8
11706
11759.7
11817.9
11882.4
11951.5
12027
12110.1
12204
12309.9
12432.9
12560.6
12695.3
12804.7
12877.2
12981
13130.6
13276.8
13417.9
13569.8
13738.1
13877.4
13973.3
14053
14107.9
14200.4
14350.4
14496
14635.1
14767.2
14888.6
14994.5
15076
15186.7
15343.5
15462.6
15521.2
15614.7
15764.4
15919.3
16082.6
16271.5
16502.3
16739.6
16987.9
17226.3
17448.4
17684
17942.4
18198.8
18452.1
18689
18898
19143.1
19450.3
19724.4
19940.9
20158.2
20376.6
20586.9
20783
21022.3
21338.6
21618.9
21834.6
22051.8
22271.6
22510.6
22785
23033.2
23233.3
23440.8
23662.2
23889.4
24127.5
24348.3
24536.4
24709.7
24854.7
24998.1
25138.3
25281.3
25430
25597.4
25801.5
25957
26016.5
26087.1
26179.7
26257.1
26303.7
26339.2
26352
26366.1
26382.9
26391.5
26383.2
26378.8
26382.5
26397.7
26437.2
26439.9
26364.9
26309.2
26294.8
26271.8
26230.1
26172.5
26080
25998.9
25943
25850.2
25675.6
25495.5
25302.8
25125.7
24983.9
24839.6
24689.5
24526.5
24333.9
24147.9
23977.6
23807.9
23639.5
23482.5
23352.2
23238.8
23165.4
23095.3
23032.9
23002.2
23049
23089.3
23113.9
23149.9
23214.2
23286.8
23380.1
23505.5
23712.1
23902.5
24051.6
24197.3
24334.6
24478
24637.6
24836.5
25139.1
25415.8
25623.7
25822.4
25996.3
26205.9
26512
26790.1
26991.5
27206.1
27457.1
27669.8
27775.4
27895.6
28056.9
28226.8
28420.9
28557
28525.8
28529.4
28634.2
28719.7
28748.5
28756.5
28702.8
28652.9
28614
28581.8
28569.7
28546.7
28490
28406.6
28240.4
28085.2
27964.6
27841.4
27710.1
27592.4
27518.6
27431.3
27300.3
27163.9
27009.9
26886.1
26862.5
26822.7
26728.4
26628.9
26512.1
26385.2
26223.6
26081.8
26008.9
25952.8
25955.5
25936.2
25839.1
25751.1
25695.5
25645.2
25613.7
25581.9
25548.9
25509.3
25444.7
25389.9
25371.7
25349.2
25311.2
25268.6
25208.8
25147.2
25078.7
25008.6
24931.7
24876.6
24908.2
24920.3
24853.5
24779.7
24677.6
24583.9
24524.7
24457.2
24354.8
24265.1
24229
24187.5
24122.8
24057.5
23989.4
23914
23805.9
23694.9
23570.8
23434.4
23242.4
23063.4
22944.2
22820.6
22676.6
22523.2
22325.8
22141.8
22021.8
21874.6
21595.7
21343.2
21219.7
21089.2
20924.6
20762.4
20612.5
20465.3
20331.4
20187.6
19992.3
19810.3
19698.5
19578.1
19411.1
19245.7
19088.6
18931.7
18776.3
18635.4
18574.7
18512.2
18439
18357.4
18227.8
18100.2
17983.8
17875
17810.8
17735.7
17594
17463.5
17401.2
17333.6
17232.3
17135
17063.1
16990
16909.2
16835.5
16807.9
16771.7
16678.9
16594.2
16565
16531.9
16472.4
16416.5
16385.6
16356
16336.5
16318.6
16312.3
16303.5
16275.6
16257.7
16314.8
16360.7
16320.1
16292.9
16372.3
16435.9
16373.3
16316.4
16305.8
16295.5
16287.4
16280.4
16282.6
16281.9
16255.4
16231
16225.3
16220.8
16226.7
16235.1
16267.5
16297.5
16305.4
16312.6
16312.2
16308
16267
16232.3
16262.9
16287.3
16247.6
16202.7
16102.7
16005.8
15943
15877.5
15780.8
15682.4
15564.1
15446.3
15334.4
15225.5
15153.2
15077.4
14957.5
14835.7
14688.4
14545.7
14464
14382.8
14308.4
14233.9
14156.3
14075.9
13955.3
13835.6
13729.3
13625.1
13553.8
13480.6
13377.3
13273.8
13166.8
13058.4
12924.1
12793.1
12721.6
12647.1
12514.3
12381.1
12241.2
12100.9
11951.9
11804.4
11692
11579.4
11459.9
11338.6
11175
11011.5
10851.3
10692.2
10559.6
10426.4
10275.1
10122.9
9939.96
9758.95
9638.87
9518.33
9382.47
9246.16
9093.71
8941.58
8802.22
8662.36
8501.02
8341.14
8250.83
8159.93
8038.45
7917.09
7802.6
7688.26
7584.07
7479.97
7383.77
7287.05
7143.49
7000
6864.23
6728.22
6556.79
6384.98
6137.22
5889.44
5632.09
5374.71
5088.99
4803.27
