51.5999
51.5
51.4001
51.9985
52.5979
48.2195
43.8238
45.4891
47.1874
50.0757
52.9729
50.5258
48.0282
49.284
50.5828
45.9669
41.2715
43.4627
45.7605
44.4254
43.0268
39.2764
35.4801
34.5198
33.6207
39.3583
45.2525
46.4714
47.5703
43.0313
38.3359
44.2146
50.4086
46.2433
41.7477
46.4309
51.426
47.9359
44.1396
46.0208
48.1187
45.319
42.322
47.9501
53.9443
47.6965
40.9031
42.4134
44.3116
45.2572
46.1563
48.1961
50.294
47.744
44.9467
47.8291
51.026
46.8546
42.2591
43.414
44.9126
44.0592
43.0602
42.8122
42.6124
39.5085
36.2117
39.5525
43.3488
44.8128
46.1115
44.8966
43.498
40.613
37.6159
40.7373
44.3338
47.0052
49.6026
47.3076
44.6102
41.8207
39.0235
43.9475
49.542
47.4317
44.6344
47.512
50.9086
47.364
43.1681
41.0684
39.1702
40.7279
42.626
40.6221
38.2244
40.8976
44.0944
44.2193
44.0195
43.1886
42.2894
42.8297
43.529
47.1009
50.9971
49.9668
48.3684
52.6687
57.6638
50.9765
42.8844
42.8898
43.8888
42.2242
40.2262
40.5315
41.1309
38.0177
34.4212
37.7044
41.9003
41.872
41.2725
45.5026
50.3978
47.0574
42.5618
44.4477
47.2449
46.7278
45.7287
43.3373
40.7399
38.0556
35.3582
40.8911
47.6845
45.2289
41.3327
38.4714
35.7741
41.8535
49.3462
43.5319
35.5397
33.886
33.2866
35.5929
38.3901
44.5979
51.3913
50.6986
48.7006
47.8059
47.1066
46.1532
45.1542
42.888
40.3904
43.7928
48.2884
48.7477
48.448
46.5543
44.3565
44.0837
44.1836
42.9475
41.4489
41.0334
40.8336
40.6338
40.434
43.1362
46.4329
46.1728
45.1738
47.1456
49.743
49.706
49.1066
45.7147
41.7186
42.8845
45.1823
46.7443
48.143
48.8077
49.3072
49.0746
48.675
50.6288
53.1263
57.405
62.1004
62.2731
61.374
58.8636
55.9664
56.927
58.8251
62.5673
66.7632
64.7208
61.1243
62.1552
64.353
67.4263
70.7231
71.8763
72.4757
72.6
72.6
72.126
71.5266
72.4244
73.7232
75.9652
78.4627
79.8625
80.9614
81.2
81.2
82.8384
84.9363
88.4351
92.3313
89.3186
84.3235
92.337
104.125
102.475
96.8802
97.9112
100.908
103.598
106.195
105.574
103.975
106.276
109.772
109.914
109.014
112.755
117.95
121.021
123.418
124.076
124.175
121.936
118.939
120.308
123.105
125.076
126.775
129.447
132.444
135.665
138.961
138.757
137.358
138.783
141.181
148.173
156.764
160.552
162.65
170.203
179.693
184.699
188.096
195.819
205.11
211.11
215.905
231.713
251.593
260.928
266.322
275.997
287.286
308.341
333.117
343.968
349.463
373.952
405.821
424.128
437.115
461.552
490.524
520.138
550.008
573.616
594.696
630.75
672.909
706.999
737.769
767.903
797.774
835.669
876.928
920.013
963.87
1006.33
1048.19
1096.61
1147.85
1198.41
1248.66
1300.3
1352.55
1402.24
1450.79
1504.38
1560.22
1608.91
1654.37
1720.34
1795.67
1851.35
1898.01
1950.6
2005.94
2058.98
2110.93
2158.47
2203.92
2260.81
2323.15
2376.45
2425.4
2466.69
2504.25
2549.26
2597.91
2635.13
2666.7
2701
2736.66
2769.2
2800.17
2821.34
2837.52
2868.31
2906.57
2927.44
2939.33
2948.59
2956.48
2967.45
2980.04
2995.76
3013.14
3021.87
3025.96
3018.96
3005.97
3014.15
3033.83
3029.7
3012.52
3013.86
3025.45
3027.03
3023.04
3020.26
3018.16
3023.96
3034.25
3040.48
3044.37
3041.43
3034.54
3026.63
3018.14
3018.21
3023.3
3028.84
3034.63
3018.22
2988.55
2985.38
2998.17
3013.44
3030.23
3036.97
3037.57
3027.42
3010.64
3016.27
3035.85
3048.55
3056.95
3058.85
3056.66
3058.24
3062.23
3051.58
3031.5
3021.18
3017.18
2992.95
2955.49
2937.23
2931.63
2899.81
2850.56
2818.72
2798.54
2773.59
2745.41
2717
2688.43
2671.82
2663.43
2651.32
2636.64
2631.36
2632.66
2615.2
2584.53
2571.92
2572.12
2573.6
2575.99
2569.74
2557.25
2555.47
2561.46
2550.62
2527.44
2514.73
2509.73
2509.55
2512.94
2512.86
2510.16
2512.64
2519.03
2528.49
2540.28
2540.99
2533.2
2528
2524.8
2520.82
2516.22
2509.28
2500.49
2491.47
2482.28
2471.98
2460.79
2441.81
2416.53
2391.92
2367.84
2345.63
2324.95
2308.43
2295.34
2275.44
2249.87
2230.54
2216.45
2193.65
2163.48
2143.02
2130.83
2113
2090.32
2065.88
2039.9
2025.45
2021.06
2008.74
1989.46
1970.18
1950.9
1939.74
1935.84
1932.47
1929.58
1921.65
1909.16
1897.41
1886.32
1877.67
1871.28
1864.16
1856.37
1844.71
1829.42
1831.61
1850.29
1854.54
1845.04
1840.96
1842.06
1845.75
1851.94
1853.68
1851.09
1839.46
1818.98
1809.2
1810
1808.1
1803.5
1796.76
1787.87
1772.98
1752
1738.63
1733.04
1719.22
1696.94
1676.97
1659.38
1641.02
1621.84
1602.41
1582.73
1566.78
1554.8
1539.82
1521.63
1509.12
1502.73
1491.36
1474.57
1459.65
1446.76
1436.87
1430.27
1419.09
1402.81
1381.11
1353.34
1329.83
1311.15
1278.46
1229.81
1190.41
1161.64
1125.92
1082.16
1043.34
1010.27
976.836
942.969
906.222
866.061
829.041
795.774
769.895
752.911
731.415
704.441
679.849
658.171
641.145
629.856
617.498
603.811
591.987
582.496
574.286
567.692
560.088
551.197
545.631
544.332
539.331
529.54
525.041
527.438
529.145
529.944
534.998
545.688
554.11
559.505
577.547
612.613
642.083
663.962
690.903
724.77
764.768
813.221
868.236
932.373
999.714
1071.54
1151.28
1242.19
1346.99
1471.57
1592.01
1706.49
1823.47
1944.05
2075.08
2221.33
2362.29
2495.46
2649.76
2835.37
2994.85
3115.23
3237.08
3361.16
3483.54
3603.32
3720.34
3833.13
3947.25
4063.44
4171.74
4267.74
4366.93
4471.13
4574.44
4676.34
4776.39
4873.5
4966.28
5052.1
5145.07
5249.67
5359.04
5476.22
5595.56
5718.44
5833.63
5936.03
6052.34
6192.01
6329.18
6462.15
6598.44
6740.4
6866.84
6966.54
7072.7
7190.09
7308.93
7430.31
7548.94
7662.73
7779.18
7900.36
8012.22
8107.32
8219.49
8362.55
8498.82
8622.7
8743.56
8858.84
8970.08
9073.77
9165.41
9234.45
9319.72
9435.71
9533.69
9597.33
9660.55
9722.99
9803.91
9920.7
10021.3
10090.1
10146.2
10177
10206.8
10234.5
10273.5
10335.1
10374
10366.8
10368.2
10386.9
10400
10401.2
10405.9
10418.1
10424.2
10417.3
10414.6
10421
10423.7
10418.4
10407.8
10385.9
10369.5
10365.4
10352
10318.1
10279.8
10231.7
10182.9
10132.8
10078.8
10016.4
9952.39
9884.75
9811.64
9725.93
9644.48
9572.95
9505.72
9448.58
9393.33
9342.58
9287.67
9222.84
9182.03
9199.22
9217.5
9238.48
9265.01
9305.17
9334.23
9335.73
9344.06
9369.54
9412.67
9500.48
9578.07
9629.52
9683.98
9746.22
9813.11
9892.14
9981.75
10099.2
10206.6
10287.1
10368.8
10453.8
10551.8
10685.6
10795.9
10842
10911.2
11044.5
11149.9
11177.4
11215.2
11281.6
11343.3
11391.4
11443.7
11507.6
11560.7
11582
11605
11632.8
11646.2
11616.9
11587.4
11557.2
11536.2
11543.5
11530.9
11457.4
11389.7
11340.4
11294.9
11261.7
11224
11172.3
11122.2
11076.7
11032.6
10993.1
10954.8
10920.5
10879.8
10817.9
10774.7
10794.4
10789.9
10703.9
10621.9
10553.3
10504
10520.9
10520.1
10457.4
10408
10405.2
10395.9
10363.2
10335.8
10327.7
10311.8
10267
10233.1
10239.2
10235.3
10194.2
10155.9
10128.9
10103.6
10085.3
10071.6
10075.6
10073.8
10049
10024.9
10003.3
9985.06
9980.37
9967.74
9922.79
9879.16
9840.99
9800.48
9750.13
9704.51
9678.94
9651.13
9613.77
9586.39
9602.38
9601.19
9524.46
9456.75
9429.17
9395.8
9336.26
9272.96
9192.44
9119.89
9084.33
9041.54
8964.82
8888.61
8814.88
8742.53
8676.79
8607.34
8519.73
8436.57
8375.53
8313.46
8246.23
8180.42
8121.88
8057.31
7961.5
7877.81
7857.83
7828.11
7746.39
7670.83
7628.67
7582.62
7515.19
7454.04
7427.96
7399.12
7354.56
7312.74
7286.67
7257.78
7212.42
7166.36
7116.11
7069.46
7044.59
7016.74
6970.69
6924.29
6875.74
6829.05
6794.18
6759.16
6723.09
6688.52
6663.75
6636.66
6594.21
6555.97
6546.38
6531.54
6480.49
6434.8
6426.81
6421.04
6431.13
6439.64
6436.64
6435.44
6447.63
6458.32
6457.62
6455.65
6443.86
6435.25
6451.63
6464.84
6452.55
6443.67
6462.76
6477.85
6459.56
6442.85
6439.56
6437.17
6442.77
6448.4
6454.4
6459.46
6456.07
6454.69
6472.07
6487.42
6483.42
6479.42
6475.32
6469.23
6443.26
6419.74
6421.34
6423
6425.3
6427.53
6429.03
6425.39
6365.25
6306.45
6262.79
6218.88
6172.02
6126.31
6094.14
6059.27
5991.34
5925.85
5891.18
5857.32
5833.84
5807.38
5740.94
5677.53
5655.75
5631.91
5578.76
5526.24
5482.88
5438.79
5383.65
5332.15
5337.94
5339.87
5278.83
5220.18
5201.9
5180.8
5110.27
5042.01
5015.23
4987.09
4932.84
4879.02
4833.77
4787.89
4729.05
4670.98
4629.82
4587.71
4523.97
4460.65
4407.2
4353.33
4288.69
4224.65
4176.5
4128.16
4074.51
4019.88
3935.76
3852.53
3797.58
3742.64
3688
3633.19
3572.45
3512.09
3466.73
3421.24
3369.79
3318.53
3276.37
3234.11
3186.46
3138.52
3073.88
3009.89
2989.21
2968.1
2913.25
2858.66
2827.29
2795.57
2724.94
2654.36
2591.02
2527.41
2408.43
2289.52
2197.02
2104.49
1995.5
1886.5
