124
123.3
122.601
117.612
112.617
121.958
131.349
128.618
125.821
117.668
109.476
112.666
115.963
114.42
112.821
116.447
120.144
113.707
107.113
110.338
113.735
112.624
111.425
111.791
112.191
111.907
111.607
115.204
118.9
117.833
116.635
115.048
113.449
115.82
118.318
118.207
118.007
110.865
103.472
109.551
116.144
109.486
102.293
110.913
120.203
119.739
118.84
115.268
111.572
105.209
98.7152
106.004
113.996
113.546
112.647
112.505
112.405
110.227
107.929
106.48
105.081
112.432
120.324
108.69
95.8023
104.368
114.358
113.785
112.486
107.549
102.354
105.631
109.527
110.822
111.921
109.497
106.8
108.728
111.025
108.615
105.818
101.639
97.3432
98.8384
100.836
106.595
112.689
102.674
91.1854
93.488
97.0844
102.412
107.907
108.764
109.163
108.02
106.721
106.238
105.838
106.794
107.893
101.058
93.3653
97.9977
103.992
108.101
111.997
109.175
105.579
106.183
107.282
105.26
102.862
102.155
101.655
106.838
112.733
106.755
99.2629
102.113
106.308
105.83
104.731
102.136
99.3386
101.81
105.007
108.204
111.4
116.87
122.664
114.765
104.875
105.079
106.778
102.745
97.8501
95.8138
94.2154
98.3219
103.317
109.692
116.285
114.532
111.435
109.97
108.771
112.711
117.507
114.952
111.156
111.026
111.526
114.237
117.334
112.198
105.605
106.293
108.291
109.445
110.444
108.998
107.1
111.845
117.839
112.256
104.464
101.861
100.262
103.59
107.886
108.85
109.149
114.851
121.645
119.152
114.756
113.834
113.635
120.202
128.194
130.917
132.516
130.993
128.795
128.4
128.4
128.727
129.126
133.848
139.542
142.959
145.856
147.617
149.116
144.947
139.453
149.383
162.97
163.505
160.908
165.544
171.937
173.521
173.92
172.08
169.683
177.178
187.168
187.131
184.533
190.748
199.24
204.484
208.88
208.931
207.832
215.007
224.398
229.78
234.076
232.726
229.829
231.703
234.9
234.43
232.931
240.071
249.662
257.234
264.227
266.497
267.396
264.047
259.451
269.109
282.995
293.27
302.461
300.001
294.007
295.046
298.243
301.974
305.87
312.048
318.941
321.586
322.885
323.805
324.604
330.838
338.83
340.198
339.398
349.862
364.048
361.908
354.316
359.57
369.161
378.454
387.645
398.47
409.859
418.728
426.72
442.621
461.303
469.148
473.144
491.697
515.474
534.631
552.114
578.591
608.362
623.839
634.029
660.657
693.425
726.918
760.685
793.222
825.29
865.656
909.213
957.231
1006.98
1059.39
1112.84
1166.71
1220.76
1282.51
1347.35
1409.84
1471.38
1556.62
1651.53
1721.38
1780.92
1854.37
1933.59
2035.83
2147.72
2243.4
2332.21
2429.49
2530.39
2631.5
2732.7
2826.18
2916.29
3041.87
3183.03
3315.54
3444.22
3569.78
3693.96
3814.63
3933.71
4067.55
4208.11
4342.86
4474.93
4597.86
4716.54
4844.68
4977.25
5110.7
5244.57
5373.44
5499.91
5633.47
5770.44
5894.76
6012.94
6123.42
6230.11
6310
6376.63
6450.46
6527.89
6611.76
6698.87
6786.06
6873.27
6940.6
6997.74
7041.64
7078.7
7118.72
7160.28
7194.25
7224.22
7247
7265.99
7281
7293.88
7308.26
7323.45
7324.27
7317.28
7317.51
7321.7
7333.75
7350.13
7340.99
7317.62
7339.5
7386.85
7412.35
7425.43
7423.21
7412.22
7406.55
7403.95
7411.02
7423.71
7438.85
7455.43
7448.42
7427.44
7440.18
7473.05
7489.7
7496.59
7502.68
7508.27
7521.12
7538.4
7543.64
7541.44
7564.92
7604.38
7630.28
7647.66
7679.24
7719.8
7756.82
7791.59
7788.42
7760.85
7720.97
7673.12
7635.84
7605.47
7556.13
7494.29
7437.85
7385.01
7330.84
7275.8
7206.92
7128.7
7073.05
7032.79
7005.32
6986.64
6941.22
6877.28
6856.24
6865.13
6845.34
6805.38
6781.9
6770.11
6763.51
6760.61
6754.29
6745.5
6731.04
6712.46
6707.25
6711.85
6671.05
6596.72
6592.95
6641.7
6654.32
6639.84
6641.85
6656.33
6659.76
6654.77
6654.46
6657.76
6678.45
6712.62
6732.65
6741.64
6737.44
6722.85
6697.68
6664.12
6630.72
6597.45
6558.87
6516.01
6474.26
6433.4
6393.36
6354
6316.33
6280.07
6237.97
6191.02
6144.88
6099.42
6043.03
5977.4
5926.92
5889.35
5843.19
5789.64
5749.22
5720.15
5680.51
5631.66
5582.96
5534.41
5495.82
5466.05
5436.86
5408.18
5380.35
5353.28
5331.91
5315.73
5301.84
5290.05
5268.91
5239.14
5208.59
5177.32
5156.32
5144.93
5149.27
5168.45
5172.06
5160.88
5162.23
5175.62
5174.53
5159.44
5163.59
5186.47
5203.34
5214.33
5196.35
5149.69
5119.15
5104.66
5080.91
5047.84
5018.24
4992.17
4958.83
4918.07
4896.27
4893.97
4867.15
4814.9
4764.8
4716.95
4674.25
4636.99
4595.75
4550.3
4510.25
4475.98
4440.37
4403.3
4370.12
4341.14
4306.88
4266.82
4238.91
4224.43
4186.59
4122.75
4081.09
4064.3
4027.03
3966.59
3890.46
3796.45
3702.49
3608.58
3508.51
3401.32
3293.39
3184.59
3079.24
2977.94
2874.36
2768.06
2676.24
2601.71
2532.53
2469.8
2401.64
2326.92
2261
2205.85
2158.89
2122.03
2082.04
2038.19
1999.21
1966.34
1936.3
1909.83
1890.78
1881.19
1861.49
1828.82
1814.62
1824.32
1827.37
1821.78
1825.16
1840.35
1846.16
1839.57
1845.77
1869.04
1904.07
1954.92
2012.6
2079.53
2154.91
2241.82
2355.49
2506.04
2659.69
2817.63
2984.94
3165.36
3373.94
3622.3
3882.4
4159.23
4460.79
4797.86
5129.63
5453.71
5802.7
6188.02
6571.12
6950.94
7336.61
7730.92
8131.96
8543.06
8937.78
9307.82
9671.99
10027.2
10375.2
10712
11017
11272.9
11550.2
11860.8
12155.4
12425
12691.4
12952.8
13219.3
13493.8
13745.4
13959.9
14211.7
14524.2
14816.7
15076.4
15359.5
15681
15995.9
16299.9
16634.4
17020
17398.7
17765.7
18126.5
18476.7
18821.5
19157.2
19492.8
19828.4
20158.2
20477.9
20824.1
21217.3
21538.1
21730.2
21991
22375.1
22731.2
23036.5
23351.4
23683.7
24023.6
24377.3
24710.6
25006.1
25295.6
25574.1
25834.8
26062.1
26312.9
26608.6
26877.4
27094.5
27324.7
27580.4
27816.3
28013.7
28195.5
28346.5
28487.9
28610.1
28751.9
28932.8
29064.1
29094.8
29130.8
29177.6
29219.6
29251.3
29280.1
29302.7
29317.2
29314.7
29305.9
29283.8
29264
29248.8
29242.6
29255.8
29253
29215.7
29187.4
29179.1
29116.9
28935
28769.4
28640.5
28483
28260.5
28044.6
27843.8
27663.9
27532.1
27379.2
27177.2
26984.6
26813.8
26642.2
26468.5
26330
26275.9
26199.3
26068.8
25974.5
25968.8
25987.7
26066.8
26139.5
26196.5
26275
26407.6
26520.2
26582.2
26702
26969.3
27220.2
27428.7
27642.3
27869.3
28098.8
28335.1
28583.2
28862.7
29129.8
29363.2
29606.7
29877.2
30140.3
30383
30615.3
30819
31035.6
31288.4
31515.7
31671.4
31822
31958.5
32082.7
32171.5
32234.6
32222.8
32237.1
32328
32417.2
32501.4
32539.8
32440.6
32372.7
32399.8
32390.9
32272.1
32160.1
32069.7
31977.4
31879.2
31760.7
31577.9
31401
31243.2
31104.8
31029.5
30927.6
30738.9
30569.8
30465.7
30352.9
30211.1
30074.9
29957.9
29850.5
29775.9
29694.5
29589.7
29481.8
29363.2
29259.8
29210.1
29163.8
29129.8
29085.6
29004.4
28925.3
28854
28783
28713.7
28651.8
28617.7
28580
28528.4
28472.1
28397.9
28322.3
28241
28167.2
28123.1
28065.8
27956.5
27871.4
27883.7
27876.5
27789.6
27705.1
27630.5
27536.3
27359.8
27206
27148.3
27091.1
27035.7
26970.5
26863.2
26746.4
26588
26444.6
26368.3
26284.1
26164.5
26031
25833.6
25643.9
25490.3
25331.2
25146.6
24954.3
24725.4
24514.3
24388.8
24230
23908.2
23615.4
23466.4
23309.8
23115.1
22923.7
22748.3
22572.8
22397.4
22228.4
22093.5
21949.8
21759.9
21580.6
21458.7
21333.9
21192.6
21046.5
20873.1
20700.8
20534.1
20372.7
20242.6
20111.6
19976.4
19838.9
19688
19547.8
19472
19392.5
19290.8
19188.9
19085.6
18979.5
18855.7
18739.9
18674.9
18609.1
18537.7
18461.3
18351.7
18252.5
18223.7
18192.2
18141.4
18090.4
18037.7
17987.8
17958.6
17933.3
17935.8
17938.3
17941
17945.5
17963.4
17977
17958.4
17943
17953.5
17966.8
18002.8
18027.9
17963
17904.5
17900.3
17896
17889.9
17886
17902
17913
17879.5
17850.3
17859.9
17868.9
17872.1
17879.1
17921.9
17962.1
17976.3
17983.4
17920.4
17866.4
17904.3
17936.5
17907.7
17874.9
17799.4
17724.1
17651.6
17575.2
17454.4
17336.8
17255.8
17170
17025.2
16883.5
16778.8
16669.7
16505.8
16345.5
16231.9
16115.9
15968.6
15824.3
15722.1
15620.6
15530.1
15437.3
15310.6
15183.4
15048.1
14917.2
14857.2
14793.8
14676.6
14562.1
14492.3
14417.8
14263
14111.4
14019.8
13926.4
13798.1
13668
13502.4
13338.4
13207.3
13077.1
12966.3
12853.9
12704.6
12554.3
12377.1
12201.1
12053.4
11904.1
11713.9
11524.6
11361
11197.9
11047.3
10896
10724.5
10554.7
10440.8
10325.5
10163.3
10000.7
9824.96
9650.13
9514.27
9377.8
9213.07
9048.96
8918.09
8787.4
8667.31
8546.98
8410.12
8273.7
8171.8
8069.58
7938.51
7807.33
7664.07
7520.51
7333.59
7146.49
6921.51
6696.38
6421.45
6146.51
5862.99
5579.47
