99.3969
92.6036
85.8102
92.4833
99.1768
90.7378
82.2461
88.0622
93.9564
89.2401
84.4448
91.1298
97.9232
96.0245
94.0265
90.9441
87.8471
91.1449
94.5416
94.4036
94.2038
94.9839
95.7831
94.4309
93.0322
87.7297
82.335
88.5311
95.0248
93.3531
91.4549
92.7581
94.1568
91.8764
89.4788
89.2067
89.0069
91.1213
93.3191
88.9735
84.378
90.1539
96.3479
94.4916
92.2937
85.9834
79.4897
84.1631
89.358
89.5047
89.4048
88.5445
87.6454
91.9634
96.5589
92.3509
87.6555
88.9114
90.5098
93.051
95.6484
92.7896
89.5927
81.3265
72.7349
72.481
72.7807
79.905
87.4975
88.3731
88.7727
90.8481
93.0459
88.3692
83.1743
86.0446
89.5412
90.725
91.7241
89.2152
86.418
92.3718
99.0652
94.4524
88.8579
83.0799
77.2856
78.4475
80.2457
85.6059
91.3004
84.6001
76.7079
82.0931
88.7865
83.5015
77.0079
81.6519
87.4462
85.5604
82.8631
83.8622
85.2608
85.4899
85.5898
88.7418
92.2384
85.4343
77.4421
80.2643
84.3603
84.3541
83.8546
83.889
83.9889
83.7336
83.4339
78.4388
72.8443
78.3877
85.3809
83.554
80.5569
83.6322
87.5284
82.2924
75.7988
72.8097
70.3121
73.7589
78.0547
79.7339
81.0326
82.9405
84.9385
85.9815
86.8806
83.7945
80.0981
81.3287
83.3268
86.5322
89.9289
89.3674
88.1686
83.8791
79.0838
81.0553
84.1523
87.762
91.4584
92.5116
93.111
93.5403
93.9399
87.4648
79.7723
86.3902
95.5812
93.5363
89.4403
91.0757
93.773
95.5454
97.1438
99.1617
101.26
98.2521
94.256
95.0195
96.7179
97.9163
99.0153
100.613
102.311
107.492
113.386
113.159
111.661
110.987
110.488
112.129
114.227
117.557
121.153
120.161
118.163
119.68
121.978
122.237
122.037
125.986
130.881
140.808
151.897
151.733
148.936
153.084
158.878
163.786
168.482
174.785
181.478
181.758
180.459
183.319
187.215
193.744
200.937
199.216
195.22
197.893
202.289
202.012
200.513
209.522
221.31
224.509
225.408
230.867
237.56
233.668
226.875
231.735
239.827
249.402
259.392
261.055
260.356
264.547
270.142
282.783
297.468
296.011
289.817
298.184
310.872
313.262
312.563
319.375
328.466
334.117
338.712
341.249
343.147
349.913
358.205
360.276
360.376
364.637
370.232
374.694
378.79
374.154
366.661
370.281
377.574
390.933
406.318
412.889
416.485
425.818
437.107
446.018
454.11
462.869
471.86
487.282
504.964
519.33
532.517
552.394
574.672
595.557
615.937
633.1
649.084
675.789
706.459
732.111
755.887
787.135
821.202
858.162
896.225
938.256
981.813
1029.47
1078.72
1125.53
1171.39
1223.47
1278.02
1332.92
1387.97
1448.92
1512.26
1597.17
1690.88
1759.67
1818.22
1885.93
1957.46
2036.74
2119.26
2217.71
2322.9
2414.31
2499.83
2584.23
2668.15
2758.75
2852.25
2968.04
3093.62
3198.23
3293.53
3409.54
3534.82
3656.66
3776.94
3882.95
3982.45
4098.31
4221.69
4342.61
4462.39
4593.88
4730.84
4838.43
4932.14
5041.75
5158.93
5276.86
5395.14
5485.72
5562.84
5654.85
5754.16
5831.6
5898.23
5972.53
6050.65
6119.47
6183.61
6222.63
6248.9
6302.2
6369.34
6425.07
6474.93
6504.48
6523.46
6550.04
6580.61
6578.47
6558.99
6566.26
6587.84
6598.97
6604.46
6621.28
6644.26
6646.66
6637.77
6632.15
6628.36
6628.73
6631.43
6634.51
6637.81
6654.87
6679.74
6683.4
6674.91
6685.35
6706.73
6707.65
6696.66
6690.08
6686.09
6688.87
6695.66
6704.83
6715.42
6699.44
6667.48
6679.89
6719.25
6735
6736.3
6770.83
6825.88
6863.01
6888.98
6901.64
6905.93
6919.04
6937.72
6958.17
6979.75
6977.38
6959.6
6947.27
6938.48
6895.8
6830.96
6776.12
6727.87
6681.18
6635.52
6584.24
6529.2
6482.97
6442.71
6400.02
6355.66
6315.03
6276.97
6247.35
6223.57
6218.98
6227.77
6211.11
6176.54
6146.48
6119.6
6113.93
6123.42
6118.98
6104.5
6090.7
6077.42
6054.73
6025.16
6025.01
6046.59
6043.6
6022.32
6018.28
6027.17
6036.12
6045.11
6044.86
6037.57
6037.79
6043.78
6054.5
6068.89
6067.4
6053.52
6043.82
6037.43
6020.84
5996.16
5972.27
5948.99
5927.65
5907.87
5879.65
5844.59
5805.51
5763.16
5721.12
5679.37
5635.04
5588.59
5545.39
5504.93
5465.07
5425.71
5377.99
5323.14
5279.74
5246.17
5203.83
5153.87
5125.69
5116.5
5101.2
5080.52
5041.41
4985.96
4959.54
4959.04
4947.76
4926.78
4908.52
4892.74
4872.99
4849.61
4835.96
4831.26
4821.23
4806.25
4779.81
4742.64
4739.45
4768.32
4793.46
4815.04
4812.85
4787.87
4782.81
4797
4806.78
4812.28
4818.28
4824.77
4802.29
4751.14
4724.6
4722.6
4720.55
4718.45
4707.92
4688.84
4660.26
4622
4599.99
4594.69
4554.77
4478.95
4440.98
4442.58
4428.46
4397.79
4372.07
4351.59
4330.62
4309.14
4294.68
4287.79
4275.01
4255.83
4236.45
4216.87
4192.07
4161.5
4127.57
4089.91
4055.03
4023.26
3988.39
3950.03
3897.19
3827.86
3752.86
3671.33
3595.28
3525.55
3451.16
3371.34
3288.71
3202.8
3121.96
3047.13
2970.62
2892.1
2826.81
2777.46
2732.62
2693.26
2647.16
2592.81
2550.32
2522.44
2496.4
2472.62
2434.96
2379.92
2349.33
2349.63
2337.93
2310.96
2297.24
2300.54
2296.3
2282.31
2281.77
2298.75
2312.89
2323.28
2339.56
2363.63
2383.69
2398.37
2428.09
2478.04
2531.89
2591.04
2657.52
2734.04
2823.5
2930.8
3058.2
3213.55
3376.88
3551.41
3734.93
3931.14
4143.5
4378.87
4623.1
4880.05
5149.16
5435.88
5719.88
5999.9
6297.64
6621.42
6929.35
7213.77
7503.96
7802.76
8089.86
8359.29
8615.29
8850.86
9088.32
9328.68
9570.54
9814.7
10040.6
10238
10431.9
10620.3
10818.6
11032.5
11226.9
11390.1
11551.7
11710.6
11886.4
12089.5
12314.7
12576
12840.1
13108.8
13368.8
13614.3
13876.5
14166.6
14463
14770.1
15051.4
15288.6
15540.4
15817.3
16076.8
16306.2
16541.8
16788.1
17041.7
17308
17566.3
17810.3
18059
18316.1
18572.4
18827.3
19109
19439.6
19718.4
19901.7
20098.8
20321.6
20545.4
20770.9
21010.2
21275.6
21490.9
21610.2
21772.6
22017.7
22211.2
22304.8
22406.3
22523.1
22659.8
22835.8
22981.2
23065.6
23155.5
23256.3
23319.8
23307.7
23320.2
23382.9
23425.6
23426.9
23436
23461.4
23469.3
23440.5
23414.5
23394.1
23379.6
23377.7
23381.4
23397.2
23379.3
23288.1
23217.7
23193.3
23125.1
22960
22823.8
22752.6
22655.6
22500.5
22339.9
22167.2
22007.6
21878.4
21743.6
21596
21435
21242.4
21085.3
21012.4
20953.6
20928.4
20890.8
20823.4
20777
20781.9
20784.6
20782
20811.1
20918.8
21033.9
21167.6
21305.1
21452.2
21592.5
21715.2
21845.4
21994.9
22157.5
22353.9
22561.8
22800.2
23012.1
23153.5
23319.9
23553.2
23806.5
24114.2
24390.1
24579
24761.2
24924.5
25080.9
25218
25367.7
25553
25726
25863.9
25972.7
25997.7
26043.2
26147.9
26231.1
26251.4
26258.3
26225.4
26195.9
26176.4
26143.4
26069
25986.6
25879.2
25772.7
25669.1
25569.3
25481.4
25398.3
25330.2
25243.9
25099.2
24966.2
24871.1
24771.8
24658.4
24549.3
24454.2
24361.9
24278.9
24200.7
24139.1
24063.2
23938.5
23830.3
23779.2
23732.2
23699.8
23658.3
23584.5
23513.6
23453.1
23403.2
23391
23370.1
23317.4
23264.9
23212.5
23154.9
23077.3
23010
22981.1
22946.3
22888.6
22827.5
22752.8
22678.9
22608.7
22558.6
22588.6
22605.5
22569.7
22526.8
22454.7
22389.4
22352.7
22314.9
22273.2
22219.5
22115.5
22019.7
21958.8
21899.2
21844.5
21790.9
21741.9
21675.8
21533.9
21388.2
21225.3
21064.2
20911.2
20769.1
20677.1
20565.1
20359.4
20167.9
20044
19900.6
19662.7
19445.9
19332
19208.1
19034.3
18869.9
18752.4
18622.4
18428.1
18245.7
18125.1
17998.3
17838.9
17689
17589.9
17488.7
17376.7
17260.4
17120.4
16986.9
16890
16794.9
16710.2
16621
16506.3
16391.3
16274.3
16166.7
16115
16060.9
15992.9
15924.3
15852.6
15775.1
15662
15557.7
15510
15452.3
15329.1
15216.3
15172.1
15121.3
15026.8
14944.1
14941.5
14930.6
14862.4
14801.9
14794.7
14784.2
14750.4
14723.4
14746.7
14767.4
14768.9
14770.3
14771.4
14775
14797.3
14820.4
14849
14869.8
14828
14790.7
14789.8
14788.5
14783.6
14777.4
14760.5
14747.8
14771.1
14790.6
14777.3
14764.5
14757.8
14752.3
14757.7
14767.8
14823
14869.4
14831.3
14796.6
14796.5
14793
14754.4
14716.7
14687.6
14656.3
14600.7
14542.7
14457.3
14371.4
14280.3
14189.6
14104.1
14019
13939
13857.6
13760.1
13661.9
13554.3
13447.3
13347.7
13246.8
13129.1
13015.5
12958.5
12897.7
12783.3
12671.7
12600.4
12526
12402.8
12284.3
12239.1
12189.7
12071.5
11953.8
11846.1
11739.4
11651.2
11565
11514.3
11461.5
11368.4
11273.5
11141.6
11009.5
10873
10737.2
10615.5
10493.9
10372.3
10250.4
10121.4
9991.21
9829.47
9669.11
9545.43
9421.1
9278.24
9135.59
8999.32
8862.35
8703.01
8544.79
8424.8
8304.88
8187.1
8069.27
7949.79
7830.24
7707.76
7585.33
7465.34
7345.88
7253.57
7161.02
7054.32
6947.34
6820.76
6694.64
6603.93
6513.35
6434.83
6355.81
6221.95
6087.87
5924.53
5760.93
5544.14
5327.34
5103.65
4879.92
4605.09
4330.26
