105.300474
105.972252
105.339818
107.254278
120.384508
113.849060
119.424288
111.657609
120.058889
126.720209
125.708060
130.056731
134.325201
141.427458
154.109654
160.378266
165.014171
164.594579
170.970703
177.923662
187.581938
193.459383
194.526006
200.636579
202.150751
216.369015
223.488047
226.178425
228.929180
233.437522
240.736511
247.289043
251.257789
255.870119
267.731620
278.200218
276.504996
292.547442
305.344473
307.138714
319.945844
317.592671
326.185000
327.004519
331.732889
345.455343
346.426778
346.038013
357.626684
356.455166
368.772654
375.789350
389.755927
401.844252
425.596678
440.511664
457.908866
489.416090
517.778494
534.474399
553.942071
593.438814
634.403998
662.167722
698.222263
748.538678
793.190400
845.111680
914.913215
977.409581
1040.668531
1099.768346
1157.905593
1248.420395
1330.804361
1390.770414
1473.882462
1564.346516
1664.191053
1776.311353
1876.145367
1960.967632
2060.777143
2191.643910
2305.267928
2431.216541
2543.460620
2644.479793
2741.717406
2842.511241
2950.735883
3053.910847
3132.170451
3209.173635
3272.266410
3335.262293
3400.023974
3446.075658
3487.714286
3513.230075
3532.568983
3538.142500
3561.561128
3547.213985
3535.567857
3560.789755
3543.189699
3541.614511
3542.599323
3544.022881
3554.419586
3562.387594
3568.353947
3571.468947
3560.693910
3564.691297
3597.065273
3611.441429
3610.611864
3614.065244
3615.678195
3622.348757
3647.755771
3659.838665
3647.496955
3650.882335
3635.435338
3607.714060
3573.977368
3523.925395
3481.457363
3467.317707
3449.623616
3400.976654
3345.617458
3318.075113
3299.269154
3266.014011
3242.996165
3290.366485
3271.253459
3252.814200
3234.025113
3242.184662
3256.414802
3242.989737
3227.256441
3223.288064
3211.261864
3224.413158
3251.022650
3240.187688
3241.295301
3240.131525
3198.509436
3194.219173
3145.950752
3141.197345
3101.787519
3090.017105
3090.637288
3067.483421
3026.615047
2979.140000
2945.623722
2924.049380
2914.924286
2890.700414
2855.550789
2830.639454
2827.525038
2816.475733
2804.059436
2787.344463
2782.599248
2773.957801
2746.595424
2729.194737
2724.560866
2732.907556
2754.872256
2746.904398
2741.879793
2731.053703
2699.241053
2691.321017
2665.410677
2644.274361
2649.199812
2642.567613
2605.721203
2592.686466
2576.228947
2567.563684
2566.536893
2557.650639
2549.197143
2539.919455
2529.023540
2524.290451
2502.636711
2471.320621
2436.941090
2387.208136
2333.554925
2268.497594
2206.273559
2149.078759
2097.553816
2038.086842
1980.476949
1939.472030
1900.979098
1864.047293
1849.987274
1831.346560
1820.491015
1802.896648
1799.894474
1821.103333
1824.307970
1867.497180
1892.358136
1944.450075
2011.758421
2080.725000
2167.587721
2275.625188
2397.767500
2534.647406
2689.409023
2863.981525
3058.638083
3264.443729
3501.156541
3723.820960
3955.532180
4204.649549
4485.279793
4717.913515
4959.618553
5191.709474
5414.111582
5654.400695
5885.735075
6099.325989
6330.660639
6572.287495
6823.301504
7077.926667
7385.996992
7671.585752
8026.155940
8375.818778
8760.286403
9153.471128
9562.339023
9917.857237
10304.666855
10714.160902
11123.943797
11541.261017
11933.510526
12321.036723
12768.551316
13167.166102
13586.539474
13995.464850
14336.410338
14676.136090
15021.345763
15337.176880
15672.506591
15955.118421
16134.334463
16353.537406
16546.562406
16666.030075
16769.870301
16846.405650
16901.718045
16929.734962
16918.895301
16962.260150
16984.400000
16973.984774
16873.998870
16792.107143
16767.714286
16558.748684
16359.300000
16164.035338
15959.701880
15785.377589
15629.084586
15509.967797
15431.383083
15341.833835
15369.094350
15412.340602
15474.652444
15591.360526
15708.869680
15952.668985
16118.336842
16372.994737
16629.907895
16877.590789
17106.746992
17406.345763
17671.430827
17921.319397
18235.887970
18384.987594
18588.903955
18748.944361
18778.322180
18846.839098
18942.645763
18921.113534
18917.463910
18787.180263
18747.181579
18712.021092
18597.179135
18446.220527
18297.490977
18119.836723
17935.983459
17812.584962
17700.462524
17601.923684
17402.138910
17296.900752
17168.207156
17073.750564
16975.524060
16891.189474
16832.510526
16760.312994
16672.422556
16631.107721
16603.946617
16536.615443
16464.240602
16396.301128
16305.352542
16263.818797
16167.658945
16096.778571
16012.909416
15954.827068
15869.543691
15756.122368
15606.973684
15488.837853
15322.138910
15122.796987
14983.963910
14835.378531
14627.895113
14407.871429
14166.229323
13948.428195
13840.072316
13606.396617
13384.951977
13158.613910
13013.609793
12834.847368
12681.282895
12480.502637
12284.018045
12121.747458
11980.423120
11861.957627
11710.092481
11541.542857
11434.773120
11324.206015
11178.083804
11081.544925
11037.613534
10925.140602
10805.044068
10721.285526
10659.205263
10586.246893
10571.080263
10514.733710
10479.612782
10501.855744
10497.068233
10481.180827
10514.844737
10534.909398
10519.396045
10559.683459
10549.149436
10477.174011
10447.939474
10366.442105
10461.052632
10465.754237
10506.277444
10525.239850
10483.131767
10501.605639
10507.035714
10424.620113
10327.808475
10250.942857
10163.814124
10068.314098
10002.442857
9814.390151
9690.718628
9560.920132
9393.255789
9297.784444
9120.819041
9012.403910
8900.402744
8773.552575
8653.325932
8547.960977
8418.911921
8277.275545
8182.352618
8067.182293
7912.524098
7797.640678
7623.753383
7404.917895
7235.884474
7061.348550
6903.192970
6771.719248
6591.481466
6368.633308
6166.194802
6015.690714
5865.308870
5691.630639
5531.807363
5382.969812
5240.877895
5112.485932
4929.339492
4793.811186
