4.461586
3.865615
7.016088
4.361473
3.300832
-0.041407
5.348543
4.831139
5.847893
3.747083
5.294863
7.200000
6.236209
5.368334
6.113432
6.075803
3.583610
2.380298
4.294693
4.181315
6.253277
7.113573
6.849284
9.247260
8.440349
5.777427
6.703260
10.666746
10.336527
9.266334
9.310332
8.288930
11.218592
12.254866
11.148045
13.637069
15.530472
12.198288
6.951337
10.265942
12.101488
12.835548
15.529829
12.809122
12.378148
15.941189
15.513894
14.027766
16.272022
16.106522
16.718566
14.017852
14.532208
15.837762
17.510140
19.474757
15.381842
21.972043
24.260613
24.327271
28.776614
29.733585
28.327423
30.620289
37.408711
45.477367
46.054560
50.658658
52.045839
51.921902
61.414626
68.298611
72.908118
87.162675
88.760463
96.808667
108.608094
114.492966
130.951677
148.933274
155.669870
169.474158
186.077143
199.644442
209.433979
224.400150
245.725449
261.609327
273.842579
279.534898
298.329211
309.314576
322.454820
331.720565
334.103030
340.234643
347.795913
351.424145
358.056429
362.829684
370.098977
371.012929
373.272286
361.343553
359.194429
372.141218
367.764406
361.127902
372.260816
371.410158
366.361038
361.407991
366.174803
371.506368
360.202383
363.638259
365.896303
369.597526
363.699983
358.657746
359.703353
358.630335
354.542915
354.056496
358.266996
348.082011
338.499831
339.310744
333.834000
319.336237
314.566100
315.707853
305.536343
300.941983
296.350354
291.081113
279.623086
276.349644
273.538508
277.970295
272.807519
267.711576
268.967602
268.835944
269.361508
267.444579
261.313949
260.108376
259.469017
258.701639
264.979626
259.530726
259.801019
256.077738
260.964667
250.402165
248.374722
238.809836
239.740932
235.609917
231.121970
224.403737
216.960863
215.271429
209.815855
208.360038
199.954929
200.192060
197.756261
190.797388
191.205714
191.431603
188.864288
184.378160
184.347996
182.790094
180.403695
176.249895
175.131870
176.714545
173.639229
171.246034
170.584523
175.512400
164.258805
168.017859
160.731451
161.830207
158.754955
149.364141
151.900744
150.458331
149.918789
143.035961
132.557192
130.974429
134.336729
134.655835
134.248488
131.294820
125.147083
118.325644
119.136233
108.708119
106.272711
99.975982
95.051531
90.888344
87.061497
80.602768
75.115898
71.863792
70.946112
71.448024
68.004374
68.176155
65.035314
66.109180
65.139607
65.810063
60.739535
63.041550
62.554730
64.631066
68.774858
67.467100
71.397512
81.919069
90.555618
96.527322
105.369244
121.745000
136.330194
154.267373
179.917128
210.820089
233.073350
254.637102
299.974514
330.134199
357.289895
384.948105
421.780085
459.188526
489.908150
519.175885
544.139573
567.844863
605.382632
627.964667
654.731147
691.505590
719.744008
767.634071
805.283759
836.544293
875.881340
915.688211
958.150322
996.386083
1036.301673
1082.020847
1124.971504
1167.487024
1212.260451
1249.286347
1281.650188
1310.265827
1351.854004
1383.422256
1410.367740
1436.825113
1460.788588
1471.803158
1503.670245
1515.709831
1526.971053
1551.369248
1562.204361
1567.448814
1571.464624
1558.051241
1567.398177
1583.569774
1573.341429
1584.506579
1579.364388
1549.557143
1537.147425
1520.639079
1504.150000
1479.621729
1467.898045
1448.620565
1426.752857
1416.443823
1389.945677
1385.587895
1396.330960
1396.353139
1399.202143
1404.927594
1409.993070
1429.573195
1441.396541
1463.066316
1494.831842
1508.241805
1529.003158
1557.537232
1578.681673
1591.252335
1605.974211
1636.683835
1655.200000
1654.063120
1650.427368
1673.904549
1688.955424
1670.171729
1663.892481
1659.853684
1651.286053
1645.113371
1640.511729
1620.066573
1601.169699
1593.389605
1583.710602
1572.242218
1547.630226
1514.947199
1524.012237
1491.510301
1486.598832
1474.011278
1476.227932
1474.946579
1465.810658
1453.819680
1448.286767
1430.761168
1428.170169
1428.144576
1412.401090
1403.114756
1389.424407
1380.637293
1379.228286
1377.478214
1358.392203
1337.940038
1328.316196
1323.558158
1326.464211
1309.862712
1292.251053
1286.269661
1275.852820
1254.586139
1227.868308
1206.056015
1192.887970
1172.912312
1157.810169
1154.745414
1113.864576
1097.783985
1116.623164
1083.686842
1060.510526
1052.556535
1030.776880
1018.742881
1011.093195
984.761949
968.291338
969.399868
957.758368
944.639955
933.737169
912.921763
902.915023
904.205278
903.739124
882.521605
880.098711
868.242175
859.712868
857.372220
855.204068
856.162838
864.579468
863.530425
857.948947
866.631468
862.868339
864.469120
865.049276
866.161949
851.285188
840.668947
855.595934
867.493644
865.098549
863.798915
866.598752
858.176094
843.296500
839.262241
841.020431
836.308571
828.046853
811.165053
791.878714
785.818518
753.645389
753.997658
744.445474
727.947456
728.813897
722.383436
714.998658
700.707344
674.092254
662.602865
666.480013
655.264169
631.581733
618.413831
618.921383
608.936763
584.686556
572.514842
562.078816
558.664202
539.864199
526.320105
510.420197
494.669534
486.830966
473.365479
456.853870
444.424805
429.542098
414.891780
400.133361
393.996810
397.696669
375.097949
