152.178947
161.802637
156.731859
161.671429
168.362237
175.301474
175.661983
181.404902
182.276008
183.989447
191.875207
201.388795
205.214602
209.850322
220.611436
228.598825
234.262513
243.388789
254.693571
269.399188
275.469548
287.128842
288.224331
300.110348
312.317034
320.261714
329.125017
333.802957
336.452722
353.233719
370.729872
376.217401
383.668579
381.965085
400.882944
410.870617
427.830505
432.478564
453.643751
459.110786
465.578974
479.830173
487.129571
481.385714
486.166284
499.416650
501.728038
509.330081
530.439829
536.243288
546.105068
548.195724
566.340412
590.745308
600.426395
637.726090
671.508503
696.730053
717.856530
749.987663
779.802996
809.131000
858.754331
915.475301
958.220368
1011.282249
1078.209060
1136.997256
1206.899454
1277.000301
1347.828305
1422.326241
1516.925932
1597.891128
1686.050714
1772.057857
1868.589436
1970.494576
2071.590827
2195.988947
2337.960904
2465.100526
2600.223383
2742.849398
2876.548493
3035.520902
3166.254135
3312.772519
3456.587857
3555.797481
3701.896128
3792.529492
3883.339474
3971.026422
4041.579117
4109.692481
4161.819247
4206.020000
4276.225357
4321.923534
4346.073277
4333.884643
4326.547293
4341.815263
4323.042857
4349.562806
4333.271053
4351.673985
4341.507782
4328.827006
4355.986128
4370.816541
4361.457105
4353.864211
4331.543383
4316.550771
4323.709435
4325.074624
4344.129831
4337.241372
4353.708195
4367.339849
4364.489737
4389.596880
4410.481842
4393.374991
4379.750940
4367.878195
4304.566316
4225.737632
4176.554049
4114.802068
4069.558154
4024.480771
3975.165443
3946.106917
3943.008684
3930.112147
3903.787782
3890.154286
3881.990113
3894.047006
3866.036165
3834.979718
3831.230320
3837.121579
3843.300169
3855.267613
3863.878644
3852.995263
3870.127368
3879.793590
3859.289323
3855.681431
3807.204229
3797.474135
3774.297444
3720.020904
3676.236805
3649.402744
3623.099944
3575.692500
3541.721789
3527.474286
3478.516654
3444.997951
3421.769286
3396.113985
3366.249774
3373.078738
3400.107444
3364.986917
3321.844981
3307.886610
3300.605752
3292.395414
3278.261695
3275.512105
3275.295443
3272.275883
3291.347293
3304.126053
3279.295620
3278.142312
3244.696316
3237.393164
3225.107331
3195.123421
3182.109737
3166.109305
3189.237068
3184.298947
3166.472105
3154.740395
3145.705424
3156.501015
3177.073195
3176.713083
3190.130094
3205.462707
3205.121410
3162.684275
3135.000564
3068.185932
2995.063571
2943.653158
2884.609341
2828.851297
2774.737237
2730.765789
2691.633710
2636.208195
2599.105940
2595.922180
2562.949568
2552.961109
2564.074925
2576.763766
2573.650977
2577.068098
2610.270526
2629.543741
2667.754746
2727.857970
2796.701053
2858.627500
2925.164727
3029.049474
3149.977500
3265.368515
3399.851504
3545.539153
3739.860789
3932.512203
4160.868271
4387.417665
4645.261955
4896.943308
5169.508983
5438.988383
5712.821711
6016.975263
6265.059718
6525.693816
6780.637632
7025.770301
7337.355564
7609.994802
7892.636842
8186.522222
8606.738515
9017.562444
9416.718459
9933.329812
10354.222222
10795.570677
11249.047932
11724.821053
12169.354426
12672.254887
13221.902256
13717.667797
14184.915789
14678.013559
15180.723120
15697.690584
16141.646992
16613.091165
17034.108459
17468.193233
17925.254802
18295.324812
18633.569115
18938.292105
19190.885122
19361.492669
19528.701504
19700.122556
19814.221992
19876.964972
19918.843233
19980.594361
19987.706767
19938.736842
20010.857143
19974.093421
19859.606026
19741.578571
19623.640977
19426.705263
19196.300000
18890.324060
18612.269173
18423.948211
18258.295865
18071.822411
17934.955451
17927.274436
17919.641808
18047.378383
18175.305827
18267.863158
18429.827495
18713.141917
19017.846617
19282.415789
19610.327632
19923.234023
20281.528195
20603.261582
20923.852256
21259.462900
21518.728571
21811.110526
22034.134840
22141.355639
22229.049248
22388.257895
22455.355932
22409.790977
22318.010338
22271.698684
22165.605263
21982.981733
21814.519173
21693.955932
21560.133835
21423.635028
21268.771241
21051.494361
20907.073823
20756.634586
20562.592857
20492.744361
20398.354237
20206.860150
20039.748496
19929.897368
19885.956579
19919.944256
19831.931579
19671.351224
19602.218421
19567.462147
19462.520301
19343.795301
19306.805085
19290.735338
19099.612994
19047.300000
18993.731262
18948.787970
18819.487947
18727.881579
18551.957895
18360.144633
18148.838534
17977.451412
17803.900000
17557.134087
17308.413346
17056.573684
16753.055639
16544.145489
16308.048588
16027.919925
15785.585876
15549.409586
15320.938983
15101.189474
14895.406579
14722.351412
14566.055639
14425.603390
14214.487030
14039.064407
13904.227820
13744.481955
13596.890226
13421.058647
13251.790584
13152.998496
13008.367669
12901.188722
12806.028249
12682.725000
12644.763158
12578.047458
12539.241165
12538.304331
12517.919549
12527.604143
12557.053383
12527.852256
12510.036466
12580.123684
12598.596610
12559.256391
12476.436842
12425.670056
12490.982331
12469.907895
12482.482895
12510.391525
12528.445113
12539.018985
12510.984962
12485.855639
12476.178571
12423.056955
12330.204143
12214.457143
12063.188136
11958.367293
11776.564286
11685.988324
11394.238722
11214.775000
11108.068421
10969.386817
10755.974624
10617.067293
10499.709398
10364.654887
10243.512994
10109.806015
9959.520866
9822.435226
9661.480716
9469.518421
9317.511128
9124.446271
8880.988872
8754.611579
8488.106053
8296.710753
8057.331880
7862.971635
7623.942180
7417.451278
7202.914520
7019.259568
6838.366497
6647.677932
6479.556629
6272.883835
6115.948947
5959.045782
5813.215132
5678.265876
