141.910842
144.727780
152.189310
164.514391
172.879034
172.875750
192.750627
201.106850
214.996546
222.320209
239.400910
255.331505
268.769979
286.701028
307.235880
328.720525
347.535461
368.288553
391.898944
404.256421
430.941682
440.013218
464.524872
496.224645
517.253712
521.583274
541.955368
564.119972
583.090970
605.739394
634.782929
664.298064
682.219684
701.118712
731.432118
750.716203
779.131360
809.130754
827.007838
844.355357
853.965870
892.383964
913.656143
918.729789
944.104583
962.277904
962.425071
970.156390
984.430842
1009.476704
1042.963534
1070.443120
1089.772316
1137.808271
1182.523070
1215.217105
1268.255292
1313.725113
1357.423421
1410.423484
1485.580113
1552.207119
1618.937538
1705.118045
1785.085263
1851.518531
1930.001711
2025.013421
2105.548701
2193.761880
2295.339266
2381.635338
2466.743729
2556.888214
2624.600038
2706.264474
2807.296748
2910.040132
3015.155564
3139.873741
3259.489774
3362.145000
3488.060113
3593.992387
3723.675311
3871.285188
4010.979624
4120.469549
4242.022820
4366.185564
4487.391071
4580.718814
4654.976466
4741.441055
4814.482462
4874.186090
4918.503748
4946.546711
4987.505357
5014.454662
5051.774463
5047.932500
5062.038722
5073.782782
5057.966429
5081.576403
5037.265113
5029.438195
5052.763797
5075.137006
5089.384436
5095.679586
5100.446579
5111.259474
5136.223910
5204.618383
5277.846234
5253.104662
5319.941864
5334.276128
5428.760977
5513.031337
5622.945602
5656.296635
5722.503759
5776.177288
5795.607143
5802.436316
5800.844737
5799.782237
5776.473842
5701.918835
5674.227137
5699.643026
5706.232448
5730.688722
5752.562218
5771.017401
5734.834098
5761.034004
5801.031729
5805.814200
5805.492556
5798.820996
5813.774143
5852.655263
5880.622881
5919.140996
5960.320678
5923.829398
5977.116560
6042.935883
6056.417556
6059.196968
6030.570169
5994.301579
5972.589549
5949.059492
5919.280376
5921.411466
5928.051808
5931.718026
5943.961205
5940.884286
5921.963346
5912.344699
5898.223571
5929.066090
5950.561391
5946.919303
5948.553759
5932.396504
5906.809549
5878.072863
5884.763872
5903.165771
5911.193898
5887.864211
5864.813503
5911.102180
5984.341880
6000.583045
6049.962143
6042.529436
6063.276466
6116.373277
6129.432124
6181.453083
6221.402782
6254.065132
6329.748365
6391.040000
6447.430000
6498.479868
6555.581130
6640.778271
6718.058008
6748.968289
6763.440942
6758.410301
6795.603026
6790.637439
6796.627707
6795.340847
6746.209643
6714.386917
6648.314727
6615.185038
6569.657237
6525.987105
6481.618719
6416.040263
6357.560301
6335.082857
6306.270959
6246.814492
6305.114774
6328.373503
6334.720846
6326.528908
6392.324887
6465.104793
6530.148023
6572.564850
6645.280789
6746.657500
6846.596535
6930.747293
7011.938929
7084.008045
7159.974662
7307.251186
7428.570244
7547.008814
7654.396241
7739.447006
7804.808477
7911.404850
8000.562015
8080.176523
8171.230921
8260.183684
8313.868870
8361.978195
8423.167256
8498.309454
8622.700583
8782.545405
8908.273759
9078.787778
9296.561090
9544.437068
9785.376617
10068.706767
10343.897740
10638.669925
10916.095677
11127.906579
11384.736911
11652.874436
11917.468045
12206.272881
12510.624812
12825.634463
13135.241541
13476.496987
13787.135338
13990.436842
14258.738346
14519.875188
14715.980791
14899.353383
15049.575330
15248.565789
15375.291902
15489.305827
15587.646617
15621.187970
15683.506955
15799.472316
15844.493609
15848.550752
15773.704323
15847.007519
15831.028571
15676.891541
15633.266855
15464.771429
15318.518421
15140.796053
14918.000000
14712.390226
14476.166917
14275.967232
14185.237970
14140.744068
14104.482143
14103.796241
14123.681356
14106.275940
14170.445865
14299.185714
14480.347458
14734.206579
14927.016541
15153.647368
15421.773684
15723.860338
16021.472932
16258.463842
16505.221053
16756.271563
16932.730827
17151.103008
17399.435593
17469.523684
17623.742481
17649.740602
17639.161017
17588.873684
17491.983459
17466.128947
17389.323684
17341.789831
17273.610902
17102.190960
16936.284962
16819.081356
16656.674812
16446.639098
16296.029567
16251.576880
16068.872180
15966.892481
15963.838795
15906.528947
15836.068045
15760.197368
15711.748684
15660.448023
15583.834586
15508.299058
15432.729511
15383.045009
15368.602632
15320.577256
15230.338983
15203.909774
15216.699247
15050.503571
14873.142373
14814.611654
14739.355556
14666.828947
14572.505263
14501.985876
14345.236842
14144.314878
14012.442481
13834.573070
13589.382143
13379.557895
13157.290226
12917.932895
12715.694350
12479.335338
12283.475706
12089.315414
11937.701507
11809.457895
11635.934211
11500.232203
11391.559023
11230.671186
11109.044549
11032.430508
10913.036090
10749.479887
10601.303195
10489.196617
10401.746893
10347.256203
10178.540602
10092.850376
9998.611864
9904.632237
9857.125526
9751.035687
9718.257782
9742.987194
9737.944060
9751.163672
9756.594812
9737.828045
9743.824662
9759.850883
9762.919981
9731.160301
9792.418947
9716.813465
9757.307143
9743.592632
9753.511447
9786.213390
9801.611729
9808.880489
9798.789511
9762.117519
9731.583571
9653.486992
9546.945556
9445.435714
9293.364802
9251.685620
9134.796429
8972.300282
8895.611466
8723.044868
8559.134737
8453.348362
8380.067011
8236.831692
8099.358872
7947.492481
7802.055989
7691.923233
7589.670151
7467.148759
7322.558493
7175.107180
7056.688947
6894.941186
6707.131278
6600.843158
6380.214605
6197.191186
6041.670451
5892.161071
5671.388271
5521.178947
5374.604350
5214.257199
5063.196158
4904.306353
4767.154482
4661.467180
4531.271654
4441.068945
4306.835357
4172.133672
