56.317026
61.460282
58.280470
55.656565
60.710908
57.415183
56.492737
56.870685
54.104180
54.591760
56.364965
60.795961
59.759270
57.388376
58.584047
58.512531
64.285557
65.552824
65.127854
56.314893
62.548198
58.404753
64.263565
63.568470
60.933905
62.144705
67.948439
66.442543
66.997835
69.424071
66.431944
63.224118
62.791145
66.699295
70.524643
69.395714
68.422638
66.726874
68.040248
70.063600
69.927905
71.251760
70.202171
77.260744
78.479253
75.393419
76.954726
78.936801
77.847691
76.074591
78.693646
80.419560
82.061524
87.107203
87.452549
90.330358
90.309049
98.529229
101.060647
108.255994
113.436906
118.217610
123.909417
134.484850
147.863105
153.525277
163.613152
170.490075
183.704416
196.838880
211.805141
223.397564
249.257774
264.996709
291.454455
310.476658
336.001423
360.457870
382.921744
408.042945
434.144627
459.360289
483.158613
515.103079
542.577881
569.684459
598.554124
639.789248
657.098252
690.593985
703.877586
737.829068
750.067782
763.878580
791.568008
809.777132
823.694729
835.963303
833.503857
847.185744
847.904333
857.490786
869.801162
859.305147
870.007679
864.589778
851.175722
874.278947
882.392348
869.291418
860.303056
855.198585
852.595289
861.464368
870.696143
864.364752
859.242659
862.007865
860.758881
851.306694
847.702729
848.146962
850.081412
845.270857
845.283086
831.006955
830.719697
830.465684
819.386737
802.635776
781.260309
765.055015
752.177885
744.649549
727.129716
725.111286
722.505045
719.317650
724.093962
709.429831
694.744829
688.580105
684.710383
686.968391
678.134350
669.383526
681.189797
692.985226
689.810593
679.260466
675.983026
674.908147
662.404207
667.365959
661.959363
649.104233
641.463857
629.165441
621.644156
619.882970
618.129994
604.329961
577.665665
565.185000
576.855444
570.531831
547.950000
534.808530
536.563432
540.742723
527.766962
529.712440
527.930064
524.942452
521.774173
520.109038
510.172729
508.015632
514.404480
516.165216
514.438259
506.959237
507.246774
506.973827
498.192850
486.666802
484.841363
474.362361
457.616801
455.362387
459.102682
440.143045
427.130947
422.027421
410.909497
402.241793
403.079844
401.691135
394.718610
390.838767
387.005675
371.264331
355.062541
348.479983
333.013211
314.048985
306.794699
294.365167
278.831053
270.490316
262.171107
253.750410
247.561444
237.421466
231.768919
234.183551
225.366139
226.188164
219.675855
220.104335
225.018850
225.747643
233.921192
237.991105
240.598579
254.938750
272.406857
287.618135
309.081107
341.785977
383.572771
431.931119
484.071810
544.097661
619.451241
686.858902
766.105039
849.040004
927.048930
1003.032938
1075.323421
1147.177368
1225.997232
1311.493534
1383.370226
1441.829699
1503.628966
1566.957420
1650.152180
1718.404444
1799.635282
1886.444737
1966.123797
2067.849511
2154.843089
2259.302707
2376.289925
2448.275132
2533.584821
2628.249962
2729.213571
2829.078983
2916.119098
3009.780264
3089.695432
3191.574068
3305.773797
3386.373966
3426.673459
3519.553158
3575.941977
3653.945019
3705.948945
3745.993947
3795.655913
3852.618064
3887.488271
3898.655038
3909.570564
3938.493785
3980.474023
3974.460677
3938.902688
3930.360226
3925.375714
3915.202218
3899.404294
3872.008571
3839.137368
3819.616316
3770.070000
3723.379098
3668.081880
3615.756177
3588.321353
3559.829058
3524.584793
3510.511880
3510.604972
3529.850602
3577.797011
3600.223308
3656.493315
3707.272857
3738.624060
3798.837895
3872.256579
3941.487086
4008.740865
4100.674068
4168.288477
4205.314708
4267.323910
4313.132763
4351.501431
4403.413534
4436.240451
4473.286767
4463.340339
4432.274737
4432.228158
4424.617895
4433.942632
4390.010621
4367.205639
4334.083484
4282.701504
4277.878362
4278.290207
4217.641504
4167.780395
4151.376917
4111.270883
4087.444737
4067.231412
4044.887331
4034.224511
3998.380526
3999.249211
3993.057232
3970.605789
3927.194557
3913.678252
3918.444049
3897.809361
3867.743534
3836.824407
3814.781955
3801.428079
3814.360000
3789.286478
3795.693534
3744.354426
3724.251184
3713.133158
3674.809831
3624.231278
3594.093465
3576.000038
3518.696139
3451.623402
3410.244060
3361.683008
3317.831015
3241.484972
3213.615376
3154.912203
3102.947350
3065.677533
3034.757895
2970.600000
2924.905556
2900.231429
2870.844407
2840.385132
2812.022542
2782.722857
2755.322707
2726.842406
2699.574511
2688.625725
2654.141748
2608.809323
2578.602406
2573.234915
2578.247105
2526.049211
2511.126252
2527.220940
2527.871751
2497.460301
2484.617439
2492.659398
2507.200038
2516.527180
2495.970470
2481.836516
2498.160451
2482.365451
2487.085066
2490.856654
2472.317895
2499.476316
2513.357627
2507.490376
2498.616560
2506.601466
2505.783571
2500.005714
2479.357801
2447.645066
2427.960000
2388.269548
2341.463177
2354.257857
2322.242637
2265.990846
2250.881316
2212.127368
2186.010188
2168.096353
2153.018910
2103.715414
2081.408816
2059.922128
2018.656767
1979.843917
1944.045301
1900.021111
1853.308571
1838.858891
1804.213898
1742.214737
1704.609474
1656.051711
1617.286478
1578.950865
1533.147293
1482.809154
1457.532030
1426.636102
1374.269718
1323.572260
1290.857707
1262.422618
1225.291560
1196.316541
1160.890753
1128.841109
1115.148249
