110.743632
115.057605
115.228434
113.317342
122.521237
119.433876
125.424288
129.110233
132.406173
131.940808
136.507211
143.470674
147.749598
148.695051
152.366105
165.777706
179.889645
184.059342
187.218282
196.538660
199.699499
214.857120
220.257795
217.210447
227.427831
236.834135
244.094579
254.023688
259.605120
264.141928
267.988620
273.494855
288.429158
295.215169
305.909055
308.973782
328.798540
340.571592
339.358936
356.557643
356.338075
357.868055
376.508571
384.795436
390.607765
393.285130
395.849143
411.019124
426.331026
433.465531
441.257737
446.143355
470.476316
490.019571
508.251687
538.027382
560.363072
598.777173
640.192103
674.786795
713.029406
765.680492
807.566382
853.377632
937.105316
1019.674049
1088.236579
1171.275226
1273.959322
1387.990677
1482.313559
1587.950075
1694.062260
1815.242932
1947.209737
2110.920489
2255.895883
2411.049040
2599.112857
2792.099962
2974.664915
3160.814737
3361.278759
3566.951109
3758.881299
3961.546992
4180.845244
4377.675301
4549.677782
4726.701992
4919.474962
5105.129153
5232.739474
5357.648211
5454.860263
5522.131729
5609.088945
5710.385658
5777.890357
5794.770000
5809.204859
5851.875357
5895.274774
5899.811729
5903.406429
5899.112787
5898.471955
5939.330827
5906.570771
5901.641751
5892.753534
5902.176071
5906.742500
5879.345789
5892.380526
5913.711147
5917.045499
5877.833271
5889.146102
5898.474004
5925.083008
5942.754576
5958.708289
5959.712519
5918.608684
5923.570169
5890.063534
5839.643233
5774.344737
5668.797632
5560.254765
5480.779436
5441.299510
5357.384154
5275.891864
5262.549624
5224.474041
5185.866441
5128.702895
5135.345019
5102.560376
5064.401055
5045.873609
5033.882632
5030.249303
5021.131053
5007.616780
5015.844906
5026.902203
5033.063684
5041.303891
5038.465545
5010.459135
4969.612203
4902.665320
4839.628120
4802.760451
4764.380395
4704.362331
4645.930075
4584.805763
4513.376579
4428.073089
4359.225714
4329.657914
4275.550113
4249.179286
4209.807180
4171.982218
4145.635876
4098.367368
4098.362350
4096.881579
4052.462147
4052.980865
4043.568083
4020.758475
3994.154737
3974.093258
3977.335320
4000.231955
4023.047180
4006.060282
3978.947312
3960.559774
3916.238757
3872.551917
3833.791090
3789.652368
3741.017368
3716.488891
3685.153609
3633.452632
3599.558553
3580.752203
3564.057970
3564.454117
3568.610902
3544.915254
3492.340376
3433.904511
3367.297533
3284.059323
3193.076780
3091.720658
3017.760526
2888.987326
2790.455263
2704.970921
2620.446842
2547.768041
2476.571090
2415.541880
2374.851053
2320.069041
2270.878008
2268.682895
2254.657552
2236.660526
2249.801525
2244.159098
2283.675188
2324.895028
2367.491805
2417.482895
2512.400000
2617.374181
2750.388346
2919.992500
3107.579173
3351.902105
3638.484746
3959.591541
4324.419661
4745.567068
5232.530000
5663.549098
6127.358571
6612.865217
7108.825056
7538.440395
7988.624737
8451.695141
8883.053929
9256.893947
9595.487853
9968.823703
10394.719397
10838.775188
11266.922222
11750.851504
12314.426692
12857.352632
13472.198684
14080.153484
14662.777444
15222.768421
15745.223684
16272.987382
16806.171429
17349.169737
17939.657627
18577.884962
19217.364218
19842.057519
20435.931638
20938.992105
21418.272180
21897.252256
22281.333083
22718.423164
23114.677256
23512.205273
23805.681579
24103.089642
24377.481955
24524.353383
24600.351880
24700.660150
24814.387571
24895.814662
24911.037782
24941.781579
25021.500000
24968.557143
24941.137594
24814.831827
24481.878571
24358.185150
24144.928947
23759.700000
23400.674436
23141.709774
22822.765348
22552.624812
22436.958380
22319.414662
22344.835338
22339.613559
22448.054887
22600.166165
22762.935714
23148.386441
23380.703759
23744.751880
24074.221053
24517.943421
24887.440977
25282.371053
25782.318644
26262.421805
26649.018079
26987.149624
27341.035902
27680.871940
27891.105263
27927.328571
28121.861090
28179.672881
28168.286466
28151.098684
28065.723684
27897.786842
27757.677213
27482.380451
27227.321469
27068.050376
26897.514124
26697.634398
26474.172556
26259.899435
26130.419361
26034.576128
25796.727068
25691.934840
25526.695865
25413.797744
25260.334211
25209.111842
25146.196798
25011.078947
24894.300753
24853.900564
24778.520716
24653.145865
24603.562594
24532.969492
24324.778947
24306.237288
24253.853571
24164.238983
23988.422556
23855.253861
23660.196053
23476.636842
23403.671186
23242.233271
22925.009040
22602.329699
22272.151601
21923.934211
21631.304511
21365.132331
21070.138910
20739.851412
20405.790602
20160.670621
19805.656579
19600.457250
19254.757895
19044.894737
18828.462335
18541.798872
18309.649153
18161.875940
17975.732203
17762.266917
17587.492105
17434.262594
17257.448496
16995.842185
16863.819361
16706.263910
16533.102256
16410.819209
16196.309211
16125.105263
16106.538041
16080.372932
16019.316573
16065.009774
16067.083427
16047.950000
16056.756767
16057.951128
16121.165789
16132.048023
16065.006015
16030.661278
15980.473446
16048.289098
16013.263158
15985.181579
16061.310169
16056.778947
16067.597556
16059.508459
16065.188722
16024.835714
15933.344549
15811.242373
15630.685714
15454.493220
15265.521053
15031.828571
14947.627495
14715.330075
14457.172368
14212.936842
14015.232768
13917.181955
13734.752256
13583.850000
13397.426316
13166.320904
12941.272180
12745.159699
12589.978759
12428.722411
12186.398872
11926.091729
11676.701695
11387.425564
11134.884211
10862.122368
10551.969115
10337.222932
10015.032744
9687.120695
9445.925113
9212.749322
8962.281936
8710.254802
8454.534699
8221.052298
8024.374868
7822.509699
7613.309981
7359.386241
7173.725367
