21.1982
17.302
13.4059
14.597
15.7958
18.488
21.1853
20.0077
18.8088
17.2134
15.6149
16.8866
18.1853
18.0024
17.8026
17.0114
16.2122
12.9534
9.65666
16.3748
23.268
17.5206
11.5265
12.7691
14.1677
16.9327
19.73
11.4234
2.83184
10.9597
19.5513
17.5687
15.271
13.2637
11.2657
9.94395
8.64522
13.9997
19.5942
12.198
4.30577
3.51984
3.02033
6.64176
10.438
9.93052
9.2312
9.58178
9.98138
11.4287
12.9272
16.3268
19.8234
16.9646
13.7677
10.3815
6.98485
7.27232
7.77184
14.0218
20.6153
17.8956
14.5988
15.7143
17.1129
21.5094
26.1049
18.0797
9.18841
14.1974
20.1916
14.1764
7.2832
14.0461
21.8385
16.8378
10.8437
16.5055
23.099
19.3536
14.7581
15.5054
16.7042
17.2596
17.7591
14.3145
10.5182
9.65083
9.05141
12.1053
15.502
16.2557
16.7552
16.6181
16.4183
15.7648
15.0655
15.1811
15.3809
15.3096
15.2097
14.8394
14.4397
11.3413
7.9446
7.15116
6.65165
14.0344
22.3263
18.4631
13.1683
10.8164
8.81837
12.0704
15.9665
12.4045
7.90895
7.93155
8.53096
9.30717
10.1064
10.3764
10.5762
7.69584
4.39907
8.65387
13.9487
17.4912
20.788
18.2278
14.8311
12.4811
10.2833
15.5696
21.9634
16.9824
10.2889
11.046
12.9442
15.7067
18.6039
12.0143
3.92226
4.86513
7.26278
10.6048
14.1014
13.7434
12.7444
15.3347
18.5316
18.5737
18.0742
16.3837
14.4856
12.2479
9.95018
10.2774
11.0766
13.5655
16.3627
14.6929
12.1953
16.5931
22.2875
23.5356
23.9352
23.163
22.164
17.9084
13.0132
14.3659
16.9634
14.6573
11.3606
15.2774
20.6721
13.2454
3.15529
9.48725
19.2776
19.6828
18.0843
11.0652
2.87325
5.0871
9.5827
11.5443
12.943
17.6034
22.9981
19.2004
13.3062
13.255
14.5537
13.1809
11.1828
9.83087
8.63204
12.3477
17.2429
15.7085
12.6116
12.8017
13.8007
16.9592
20.6555
19.2459
16.5485
14.647
12.9487
11.9649
11.1656
11.3168
11.7164
10.773
9.47428
11.8005
15.0973
17.2935
19.1917
16.8556
13.359
12.3653
12.0656
16.2911
21.7857
19.9648
16.0687
17.7617
21.0585
19.0124
15.4159
14.9862
15.4857
15.4459
15.2461
18.5043
22.8001
21.1172
17.6207
20.9285
26.3232
23.2533
17.5589
20.2313
25.5261
25.9655
24.8665
23.7676
22.6687
26.0983
30.9935
30.1674
27.4701
22.2199
16.1259
17.2959
20.8924
25.0117
29.3075
27.1222
22.7265
19.8168
17.4191
17.541
18.5401
24.0475
31.1406
30.0515
26.0554
32.2047
41.9951
39.3208
32.1279
30.2731
30.373
30.6188
30.9185
34.273
38.7686
41.8134
44.311
44.4936
43.7943
44.0329
44.6323
46.0232
47.7215
55.232
65.0224
68.2293
68.8288
71.2123
74.3092
77.762
81.3585
86.4454
92.1398
95.2155
97.2136
102.176
108.37
108.511
106.113
114.033
126.321
130.49
131.189
141.87
156.855
158.616
154.62
161.173
172.362
183.413
194.402
198.421
199.32
209.579
224.064
229.492
230.791
240.711
254.598
258.386
257.487
263.459
272.65
283.401
294.89
301.441
305.637
309.968
314.363
324.005
336.193
340.535
341.035
345.813
352.707
357
359.997
363.725
367.821
372.646
377.841
384.754
392.546
395.332
395.531
397.636
400.733
399.835
396.838
398.346
402.243
404.056
404.755
407.791
412.087
409.265
402.571
403.748
409.243
408.692
404.795
404.939
407.336
404.812
399.517
397.982
398.582
404.645
413.836
417.897
418.996
417.316
414.019
410.219
406.123
406.671
409.967
411.137
411.037
407.82
402.725
403.349
407.445
409.372
409.971
404.579
395.488
397.48
406.371
415.876
425.767
422.747
411.558
410.31
415.405
418.19
419.489
414.304
404.913
404.764
410.658
403.668
388.183
382.24
382.64
381.424
379.126
378.498
378.997
374.684
367.091
364.414
365.114
364.692
363.493
361.764
359.666
355.809
350.714
348.015
347.016
349.862
355.456
357.394
356.694
350.73
340.94
338.587
341.684
345.184
348.98
345.389
336.297
334.454
338.051
341.477
344.774
345.01
342.912
342.508
343.407
346.445
351.141
351.966
349.768
345.167
338.673
334.909
333.31
334.265
337.262
332.737
322.147
318.723
321.12
324.122
327.619
325.424
318.531
315.673
316.172
313.086
306.992
301.331
296.036
293.061
292.061
291.224
290.524
285.113
275.622
274.988
282.081
282.423
276.829
270.81
264.417
266.043
274.835
274.9
267.107
262.405
260.507
254.695
245.304
241.424
242.623
247.809
256.7
258.214
252.819
252.256
256.252
255.384
249.889
248.118
249.916
250.495
249.896
247.171
242.375
243.428
250.221
248.678
238.888
237.952
245.844
245.266
236.174
234.578
240.572
241.968
238.672
236.458
235.359
232.201
226.906
224.395
224.795
221.837
215.344
209.577
204.582
203.351
206.148
208.177
209.376
207.511
202.316
201.412
205.208
204.209
197.915
189.872
179.881
174.223
173.424
173.891
175.789
173.158
165.365
159.386
155.49
153.261
152.961
149.434
142.141
135.124
128.43
122.331
116.936
111.724
106.729
105.768
109.664
110.22
106.724
103.003
99.0066
97.1579
97.9571
97.6873
96.0889
92.9383
87.8433
83.8079
81.1106
81.3582
85.3543
86.331
83.4338
80.0575
76.0614
76.8357
83.8289
85.6414
80.6463
77.8
77.8
80.3668
86.3609
92.6106
99.2041
101.94
99.4427
98.1266
98.4263
101.96
109.952
115.729
118.426
128.363
148.443
162.56
168.255
178.07
193.755
208.824
223.011
239.85
260.53
279.747
296.83
314.318
332.4
354.385
382.158
406.848
426.928
447.965
470.443
485.943
490.838
500.586
517.769
537.818
562.294
582.161
594.848
612.199
636.875
655.48
664.471
673.77
683.561
698.097
720.276
738.989
752.076
767.247
785.828
803.883
821.066
838.849
857.63
872.757
881.748
894.895
915.075
937.396
963.37
987.986
1010.26
1031.88
1052.36
1069.18
1079.57
1097.36
1128.23
1153.28
1167.97
1184.12
1202.9
1218.48
1228.27
1239.94
1255.02
1274.64
1302.61
1326.53
1342.91
1359.4
1376.09
1390.32
1399.91
1416.03
1444.6
1465.55
1471.85
1481.33
1497.02
1511.65
1524.24
1536.36
1547.55
1561.74
1581.92
1591.48
1579.69
1572.76
1575.65
1580.09
1587.68
1592.93
1593.33
1590.16
1579.57
1575.91
1586.8
1590.71
1579.82
1576.85
1590.84
1600.21
1599.61
1593.35
1574.77
1566.78
1582.06
1588.29
1574.4
1564.43
1563.23
1561.48
1558.48
1553.11
1542.32
1530.02
1514.23
1500.67
1492.28
1481.71
1466.03
1452.66
1444.76
1438.2
1434.8
1432.98
1434.98
1436.75
1437.95
1439.81
1443.31
1443.82
1436.93
1434.11
1441.5
1449.26
1457.95
1466.81
1476.1
1486.09
1497.88
1509.09
1518.78
1531.88
1553.96
1577.4
1604.47
1621.11
1609.72
1607
1627.78
1649.47
1673.64
1694.77
1707.46
1718.83
1726.52
1737.9
1759.68
1772.35
1759.06
1753.91
1772.19
1787.74
1795.33
1801.99
1805.88
1807.29
1801.3
1798.95
1807.54
1810.01
1793.93
1785.09
1798.48
1805.33
1791.95
1777.95
1762.07
1750.89
1754.58
1752.52
1732.04
1718.99
1729.98
1732.27
1706.09
1685.4
1682.8
1680.85
1681.04
1681.95
1685.25
1685.2
1673.71
1662.62
1652.93
1647.2
1655.29
1659.53
1650.14
1642.38
1640.49
1634.11
1611.53
1593.73
1593.43
1594.86
1602.65
1608.02
1604.32
1599.33
1589.44
1581.33
1580.03
1577.06
1567.56
1560.65
1563.84
1566.3
1565.8
1564.66
1560.97
1558.35
1560.15
1560.18
1552.88
1547.46
1549.86
1549.13
1535.14
1524.46
1527.96
1529.43
1522.14
1514.27
1503.88
1493.82
1485.23
1477.62
1474.42
1470.28
1461.78
1452.14
1437.16
1422.38
1408.59
1395.26
1384.07
1373.67
1367.07
1359.43
1346.64
1333.07
1315.59
1301.36
1303.56
1302.96
1288.08
1274.74
1269.45
1264.09
1258.39
1251.42
1237.64
1226.64
1230.73
1231.31
1212.53
1196.81
1198.21
1195.25
1167.58
1144.49
1147.78
1149.37
1140.98
1133.41
1130.71
1125.89
1108.2
1093.39
1096.19
1097.19
1087
1077.49
1072.3
1068.55
1074.14
1077.72
1068.03
1059.26
1056.66
1052.73
1039.74
1029.18
1035.38
1038.75
1022.26
1008.88
1017.67
1025.07
1022.38
1020.65
1026.15
1031.63
1037.02
1040.54
1029.55
1020.64
1028.14
1035.4
1040.79
1044.65
1035.96
1029.6
1042.68
1053.32
1043.03
1034.62
1042.61
1049.11
1042.32
1036.36
1037.96
1038.93
1034.14
1031.17
1045.55
1057.49
1045.6
1034.99
1037.09
1038.95
1038.45
1037.89
1036.7
1034.79
1025.3
1016.08
1009.89
1003.96
1000.96
998.525
1002.62
1005.87
998.973
992.253
987.658
982.225
966.24
950.814
942.622
934.263
923.673
913.442
908.147
903.22
903.519
902.934
889.348
875.557
858.674
843.439
854.129
863.304
847.819
833.535
839.529
845.297
847.095
848.104
834.717
821.236
805.951
791.429
792.028
791.992
778.805
765.878
758.585
751.478
748.581
745.153
729.069
713.447
709.451
705.52
703.322
700.747
687.56
674.325
659.639
645.108
635.518
626.021
619.727
613.044
592.065
571.774
578.867
585.437
569.353
553.55
551.153
548.565
535.978
523.465
515.373
507.244
496.654
486.139
481.343
476.58
474.782
472.89
460.502
448.146
440.253
432.317
415.433
398.543
379.262
359.998
358.5
357.001
