18.6146
50.9829
83.3512
81.5047
79.6066
78.6044
77.6054
74.7185
71.8214
66.0485
60.2541
66.7319
73.3254
69.7454
66.049
66.9858
67.9848
68.787
69.5862
66.949
64.2516
68.6095
73.1051
68.7993
64.3037
65.4688
66.7675
69.235
71.7326
71.3139
70.8144
67.8897
64.8926
69.3503
74.0457
65.0212
55.5305
59.4426
63.8383
67.2717
70.6684
67.727
64.5301
64.1125
63.8128
58.4441
52.8496
60.0446
67.837
65.3425
62.3455
63.9109
65.7092
63.5234
61.1258
58.8228
56.525
55.2664
54.0676
60.4103
67.2037
71.0807
74.7771
71.9959
68.799
69.0684
69.5679
62.308
54.5157
57.1719
60.5685
59.5897
58.291
57.7355
57.236
59.703
62.4003
60.6573
58.5594
56.2768
53.9791
58.9585
64.553
63.1616
61.1635
64.0269
67.3237
62.3828
56.6884
58.7573
61.5546
58.0634
53.9674
56.692
60.0887
62.0334
63.8316
67.9842
72.3799
64.9392
56.2477
53.146
50.6485
55.9777
62.1716
60.5558
58.0583
58.1583
58.5579
58.3319
58.0322
59.3377
60.8362
59.8432
58.5445
55.3812
51.9845
51.157
50.6575
61.3843
73.5724
60.5351
44.1512
50.4724
59.8632
58.2779
55.1809
56.4646
58.3628
53.2675
47.1735
46.2255
46.0257
51.3086
57.4026
57.8527
57.4531
58.2663
59.2653
52.8307
45.2381
55.6703
68.9573
60.5604
48.672
53.5247
61.1172
59.202
55.7055
58.9602
63.3559
57.0083
48.8164
50.6624
54.2589
57.6856
61.0823
61.0072
60.3079
56.9897
53.1934
52.3471
52.0474
53.7659
55.8638
61.0658
66.8601
61.3553
53.6628
52.3165
52.2166
54.8658
58.0627
59.6804
60.9791
59.293
56.9952
61.5631
67.5572
64.0612
58.5666
55.8711
53.7732
57.0959
61.5915
57.9755
52.5807
58.1392
66.1313
64.7459
61.2494
60.0305
59.3312
62.5272
66.6232
63.9188
59.6231
62.7573
67.6525
65.7802
62.2836
63.127
65.0251
66.1215
67.0207
71.4388
76.7336
80.6721
84.2686
85.3979
85.8974
84.174
81.8762
81.796
82.2955
82.874
83.4734
83.994
84.4935
86.408
88.7057
89.1216
89.0217
88.296
87.3969
86.3418
85.2428
85.1556
85.3554
88.738
93.0338
93.6128
93.1133
91.5325
89.6343
89.2
89.2
95.4245
103.516
102.257
98.1614
100.487
104.783
102.673
98.5774
104.141
112.733
110.703
105.308
110.356
118.748
115.592
108.699
112.646
120.138
121.549
120.95
118.553
115.556
121.074
129.466
132.643
134.041
137.223
141.02
143.927
146.524
149.048
151.545
154.706
158.103
164.955
173.047
177.619
180.916
190.502
202.39
212.82
222.71
236.237
251.123
258.464
262.96
277.439
295.721
310.035
322.822
337.193
352.178
368.024
384.208
407.334
433.208
463.365
495.234
521.409
545.286
568.665
591.843
619.479
648.95
683.15
719.315
754.705
789.771
829.118
870.277
904.998
936.966
977.66
1022.12
1071.37
1122.72
1173.1
1223.05
1269.41
1314.16
1365.68
1420.23
1470.3
1518.35
1567.78
1617.83
1682.59
1754.12
1816.99
1875.83
1925.08
1969.84
2033.45
2105.98
2157.74
2199.6
2235.93
2269.6
2326.87
2395.6
2442.74
2479.31
2529.04
2585.29
2633.93
2678.79
2706.03
2724.41
2748.36
2775.13
2807.33
2842.29
2865.93
2883.71
2899.98
2915.47
2928.66
2940.65
2949.63
2957.02
2977.63
3005.3
3009.94
3002.14
3005.87
3015.86
3022.69
3027.78
3030.82
3032.72
3035.07
3037.66
3039.17
3040.07
3047.22
3057.91
3064.21
3068.01
3071.87
3075.77
3086.1
3100.19
3090.04
3065.66
3074.73
3103.61
3098.51
3073.14
3077.13
3098.81
3108.37
3110.56
3111.58
3111.88
3118.48
3128.97
3137.12
3143.82
3144.8
3142.21
3146.89
3156.18
3151.32
3137.44
3135.46
3141.16
3133.04
3115.95
3097.18
3077.3
3071.33
3074.52
3058.52
3029.74
3000.49
2970.92
2943.2
2916.73
2896.19
2879.71
2866.37
2855.18
2838.79
2818.81
2809.95
2808.85
2789.69
2757.82
2745.12
2746.02
2750.36
2757.15
2755.3
2747.2
2739.81
2732.91
2720.83
2704.95
2698.26
2698.36
2694.22
2686.93
2675.41
2660.72
2658.66
2666.16
2681.81
2703.69
2700.6
2678.32
2675.86
2688.75
2686.55
2672.56
2663.55
2658.45
2658.98
2663.98
2654.82
2634.34
2625.81
2626.91
2608.77
2575
2553.04
2540.76
2533.28
2529.79
2510.53
2478.16
2451.61
2429.93
2409.5
2390.12
2372.95
2357.66
2337.92
2314.34
2291.4
2269.03
2244.78
2218.91
2200.58
2188.89
2176.09
2162.3
2143.35
2119.77
2101.5
2088.02
2084.11
2088.91
2086.4
2077.21
2059.86
2034.98
2021.76
2019.36
2013.25
2003.66
1995.04
1987.35
1995.27
2018.05
2025.63
2018.64
2004.12
1982.34
1970.38
1967.99
1966.29
1965.3
1966.61
1970.2
1965.45
1952.36
1942.51
1935.92
1923.71
1905.83
1896.01
1894.41
1884.49
1866.01
1839.58
1804.91
1785.83
1783.03
1768.46
1741.49
1715.19
1689.62
1673.7
1668.1
1656.88
1639.6
1618.2
1592.33
1569.98
1551.5
1538.19
1530.6
1509.44
1473.17
1451.83
1447.24
1431.2
1402.23
1373.63
1345.46
1315.61
1283.84
1249.53
1212.26
1175.37
1138.91
1100.51
1059.85
1018.23
975.475
932.353
888.795
854.756
832.179
803.779
768.314
739.813
719.833
699.181
677.702
652.259
621.889
600.299
589.71
582.652
580.055
573.325
561.337
551.012
542.82
534.889
527.297
523
523
526.281
533.874
534.805
526.913
531.255
551.935
567.036
574.629
591.123
619.695
652.318
690.48
730.029
771.488
822.771
887.707
952.768
1018
1095.17
1189.17
1289.86
1400.05
1520.05
1654.11
1793.65
1941.11
2091.49
2246.14
2404.3
2567.64
2722.94
2866.3
3030.52
3225.92
3413.64
3589.77
3751.35
3890.81
4043.41
4216.14
4377.72
4522.08
4667.38
4814.13
4953.31
5080.59
5200.79
5309.78
5430.66
5570.52
5695.65
5797.05
5921.53
6083.47
6230.56
6353.34
6476.91
6601.79
6733.38
6876.14
7019.23
7162.89
7309.93
7462.68
7615.02
7766.67
7918.25
8069.7
8231.86
8412.58
8583.97
8739.01
8883.73
9010.21
9149.73
9312.47
9461.91
9587.49
9719.54
9863.29
10002.7
10134.2
10260
10375.5
10509.1
10676.2
10832.7
10969.1
11120.4
11299.5
11444.9
11526
11606.9
11687.4
11787.9
11926.9
12044.2
12118.6
12196
12279.3
12362.2
12444.2
12522.5
12593.1
12656.9
12706.7
12743
12751.5
12761
12772.7
12784.4
12796.2
12804.7
12806.4
12795.4
12757.2
12735.1
12747.3
12752.7
12743.6
12735.3
12728.6
12719.6
12705.8
12682.9
12640.1
12608.4
12601.2
12565.2
12464.2
12373.1
12304.4
12238.4
12178.5
12113.6
12037.3
11961.7
11887.6
11823.1
11781.2
11735.1
11679
11624.6
11574.2
11535.3
11524.8
11519.4
11526.4
11544.7
11590.9
11625.4
11630.4
11657
11738.3
11802.5
11823
11860.5
11941.7
12030
12136.9
12241.3
12339
12430.3
12504.6
12596.5
12735.6
12856.1
12926.1
13010.2
13132.9
13249.6
13349.8
13452.8
13563.6
13666.6
13747.5
13817.2
13855.1
13893
13931.2
13963.9
13980.5
14008.2
14068.3
14110.7
14100.8
14092.8
14090.3
14083.6
14064.1
14050.1
14053.1
14049.7
14026.4
13987.1
13897.5
13821.7
13789.6
13746.9
13670.1
13598.1
13541.6
13481.7
13410.6
13348.8
13318
13279.6
13216.4
13158
13116.2
13072
13019.8
12956.4
12854
12775.9
12782.6
12770.7
12693.1
12628.3
12609.5
12593.3
12586.4
12573.3
12537.7
12503.3
12473.7
12447.7
12434.7
12423.8
12420.9
12411.2
12375.4
12338.9
12299.3
12269.3
12276.8
12276.1
12242.8
12206.6
12158.6
12118.8
12112.8
12102
12071
12035.6
11981.6
11931.4
11896.8
11855.7
11786.7
11724.9
11694.7
11662.7
11623.1
11575.5
11492.3
11416.9
11377
11332.1
11264.9
11198.5
11136
11070.9
10993.9
10921.5
10871.5
10806.4
10668.6
10544.2
10485.5
10419.1
10314.7
10213.7
10129.7
10052.4
10009.4
9962.48
9894.94
9822.54
9724.54
9626.85
9530.84
9440.93
9383.98
9323.73
9245.31
9167.33
9091.8
9023.25
8994.28
8961.81
8909.16
8855.15
8793.22
8731.41
8670.37
8611.33
8564.37
8519.34
8486.07
8447.21
8373.48
8304.53
8265.87
8227.82
8193.76
8156.43
8097.68
8042.35
8009.79
7980.86
7976.66
7967.85
7927.09
7887.88
7859.61
7832.55
7814.17
7798.38
7801.58
7802.89
7790.21
7780.32
7791.6
7799.2
7778.33
7761.88
7780.36
7793.86
7767.28
7744.28
7750.58
7758.27
7777.65
7793.76
7781.97
7771.1
7768.2
7766.88
7779.57
7788.34
7761.47
7736.83
7733.03
7732.08
7758.15
7784.2
7809.97
7828.45
7774.1
7726.59
7748.97
7767.75
7748.87
7730.92
7722.93
7712.79
7679.02
7646.03
7621.86
7596.74
7560.78
7524.16
7479.7
7433.21
7361.78
7293.48
7264.6
7231.26
7139.85
7051.68
7006.93
6963.52
6938.64
6911.19
6847.16
6785.19
6753.62
6719.9
6653.57
6588.59
6544.93
6500.66
6446.41
6393.1
6355.54
6317.08
6263.04
6208.74
6149.9
6093.08
6074.8
6053.82
5979.4
5906.45
5864.19
5821.35
5765.91
5710.15
5647.21
5583.98
5513.85
5444.02
5381.88
5319.48
5250.05
5180.84
5118
5053.97
4954.06
4855.32
4793.38
4731.14
4658.81
4586.48
4514.15
4441.69
4363.66
4286.55
4248.99
4210.53
4129.31
4048.58
3994.04
3939.23
3869.2
3799.7
3765.83
3731.34
3648.62
3566.24
3514.59
3462.86
3402.22
3341.46
3263.24
3185.1
3124.16
3063.11
2965.1
2867.07
2741.7
2616.32
