130.398
127.302
124.205
124.1
124
125.891
127.79
125.515
123.217
125.679
128.177
129.684
131.183
122.31
113.319
119.41
125.704
124.816
123.817
126.255
128.752
128.604
128.404
125.466
122.469
122.205
122.005
124.143
126.341
126.789
127.188
121.573
115.779
121.699
127.993
117.379
106.19
111.489
117.383
116.734
115.835
116.664
117.563
118.942
120.34
115.618
110.623
109.827
109.228
117.296
125.788
120.212
113.918
116.825
120.222
121.914
123.513
119.349
114.853
113.751
112.852
117.033
121.529
119.265
116.568
114.62
112.722
106.336
99.6429
108.622
118.712
123.589
128.085
126.635
124.737
118.296
111.503
112.202
113.501
114.246
114.945
116.658
118.456
115.475
112.078
113.726
115.824
113.437
110.64
114.967
119.962
119.033
117.534
115.49
113.392
110.296
107.099
111.146
115.942
111.521
106.126
105.6
105.6
109.018
112.815
114.636
116.235
113.623
110.526
111.004
111.903
110.573
108.975
111.825
115.222
114.89
114.09
118.252
123.048
119.445
114.75
118.698
123.793
124.4
124.4
119.219
113.325
116.893
121.788
124.323
126.521
119.124
110.333
113.029
117.425
121.386
125.282
126.84
128.038
126.385
124.287
123.224
122.325
124.609
127.406
125.739
123.342
120.944
118.547
120.593
123.39
124.311
124.911
134.528
145.717
142.308
136.313
136.501
137.799
134.79
130.993
127.028
123.032
125.595
129.392
137.466
146.358
145.54
142.843
143.485
144.784
148.749
153.244
147.933
140.64
138.571
137.572
138.889
140.687
145.951
151.945
158.433
165.027
161.683
156.188
162.328
171.02
171.619
170.42
173.625
177.821
176.159
173.162
178.443
185.636
187
187
196.61
208.499
216.037
222.53
222.193
220.194
222.446
225.742
231.518
237.912
236.647
233.45
237.893
244.287
245.441
245.241
249.239
254.334
258.007
261.304
266.964
273.258
277.666
281.562
281.302
279.904
280.538
281.737
288.163
296.056
298.812
300.11
306.533
314.425
315.116
313.717
321.973
333.062
337.757
340.554
344.812
349.507
348.3
345.303
352.016
361.706
371.854
382.144
383.003
380.905
376.986
372.49
378.74
388.43
391.177
391.677
392.402
393.201
397.454
402.849
409.517
416.61
416.159
413.162
420.818
432.107
436.857
439.355
444.002
449.396
462.33
477.914
489.371
499.361
505.235
509.63
529.204
554.279
562.755
565.153
582.72
605.897
618.382
626.874
648.64
675.414
702.26
729.134
750.236
769.117
787.927
806.708
834.316
865.385
891.804
916.379
940.741
965.017
996.837
1031.7
1067.35
1103.31
1143.31
1184.97
1209.55
1227.03
1263.24
1307.3
1350.37
1393.03
1437.65
1483.1
1530.23
1578.09
1614.66
1646.33
1694.24
1749.29
1807.73
1867.67
1928.44
1989.58
2038.47
2081.82
2134.1
2190.45
2237.76
2280.92
2345.23
2419.35
2490.01
2559.04
2608.67
2649.13
2702.58
2762.22
2814.78
2863.94
2930.57
3005.7
3050.25
3079.82
3121.16
3168.31
3208.53
3245.3
3270.96
3291.04
3322.45
3359.62
3377.29
3384.98
3402.55
3425.23
3450.93
3478.2
3495
3506.29
3503.67
3493.68
3517.02
3558.18
3565.72
3555.13
3538.33
3518.15
3519.77
3533.36
3535.5
3531.3
3529.67
3529.47
3526.78
3522.68
3526.49
3534.78
3546.76
3560.84
3560.74
3552.45
3564.43
3588.2
3582.14
3558.57
3549.42
3548.82
3558.36
3573.94
3595.2
3619.88
3622.73
3612.34
3612.67
3619.57
3637.58
3662.46
3683.02
3700.9
3721.92
3744.89
3755.82
3759.11
3775.83
3801.1
3804.86
3794.77
3777.53
3755.65
3752.13
3760.62
3748.35
3722.37
3703.9
3690.41
3671.42
3648.74
3617.66
3580.9
3562.37
3556.28
3543.38
3525.79
3509.15
3493.17
3486.54
3486.44
3479.25
3467.06
3459.02
3453.92
3452.38
3453.38
3446.77
3434.69
3420.86
3405.78
3406.43
3418.62
3413.05
3394.37
3395.62
3411.7
3419.91
3422.21
3423.14
3423.04
3430.37
3443.35
3453.91
3462.6
3465.78
3464.68
3458.87
3449.38
3444.08
3442.08
3430.11
3410.23
3402.79
3405.28
3398.32
3383.74
3370.64
3358.75
3335.72
3303.55
3289.87
3291.47
3283.09
3266.41
3247.34
3226.26
3215.62
3213.83
3200.22
3176.54
3159.2
3147.32
3130.45
3109.27
3098.65
3097.25
3087.51
3070.43
3058.16
3050.17
3041.6
3032.51
3021.73
3009.45
3003.49
3003.29
2993.34
2974.46
2965.55
2965.85
2956.73
2938.85
2923.39
2910.2
2906.57
2911.97
2912.55
2908.55
2919.66
2945.23
2951.6
2939.41
2935.17
2938.67
2935.76
2926.57
2926.07
2934.16
2925.89
2901.32
2892.04
2898.13
2892.96
2876.38
2872.94
2882.93
2884.7
2878.01
2867.73
2853.75
2845.13
2842.14
2844.54
2852.63
2842.75
2813.77
2805.41
2819.1
2825.57
2824.28
2822.59
2820.5
2820.83
2823.83
2824.02
2821.12
2809.76
2788.98
2780.35
2785.35
2778.25
2757.47
2731.08
2698.31
2663.18
2625.31
2593.79
2569.62
2544.1
2517.03
2481.28
2435.32
2395.82
2363.95
2329.71
2292.65
2260.12
2233.04
2205.43
2177.16
2156.7
2145.81
2130.99
2111.3
2091.36
2071.08
2062.02
2067.01
2066.75
2059.86
2056.97
2059.16
2060.27
2059.97
2058.93
2056.93
2063.61
2081.59
2097.5
2110.68
2133.63
2169.49
2197.74
2215.82
2241.15
2276.21
2315.56
2360.71
2406.55
2453.3
2503.83
2559.58
2617.71
2679.15
2745.5
2818.72
2900.28
2993.58
3090.93
3194.03
3282.24
3349.07
3443.83
3579
3706.12
3821.51
3935.16
4046.25
4167.12
4302.48
4430.04
4545.93
4664.73
4787.91
4903
5005.8
5116.6
5239.68
5353.73
5453.84
5563.43
5687.81
5792.79
5867.32
5953.45
6057.94
6157.02
6247.43
6335.12
6418.44
6518.4
6645.38
6769.09
6887.48
7008.99
7135.67
7268.64
7412.1
7557.42
7705.88
7858.01
8016.35
8175.8
8337.15
8484.46
8607.64
8743.6
8901.75
9062.36
9227.3
9380.46
9512.83
9651.85
9802.7
9947.37
10080.9
10213.8
10345.5
10487.1
10646.7
10802.5
10951
11089.6
11209.7
11331.2
11455.2
11573.3
11680
11792.6
11916.3
12022.9
12096.5
12185.8
12305.6
12396.7
12431.2
12495.2
12617.2
12719.8
12783.8
12842.8
12891.7
12930.1
12947.5
12964.8
12981.9
12998.4
13013.7
13035.4
13070.6
13086.6
13062.3
13040.6
13024.6
13004.7
12977
12967.2
12996.4
13018.4
13024.8
13015.3
12971
12920.8
12857.8
12802.9
12766.3
12704.7
12586.3
12477.7
12391.4
12311.7
12247.4
12177.7
12095.8
12006.4
11899.2
11805.1
11742.2
11688.5
11657
11622.5
11580.4
11551.1
11552.7
11554
11554.9
11570.1
11620.5
11667.6
11706
11753.6
11824.4
11899.5
11985.8
12062.9
12116.2
12186.6
12301.2
12412.7
12516.4
12617.8
12713.2
12812.5
12922.7
13040
13176.6
13311.8
13443.5
13562.8
13647.9
13730.3
13804.9
13876.1
13937.6
14007.4
14100.7
14174.7
14192.9
14205.7
14202.9
14216.2
14276.8
14303.9
14231.3
14190
14243.1
14272.1
14228.3
14193.4
14186.4
14163.7
14092.8
14025.2
13968.1
13914.2
13870.3
13821.8
13758.7
13690.7
13606.5
13529.1
13473.8
13423.5
13389.3
13352.6
13307.4
13257.4
13191.1
13132.1
13097.9
13064.5
13033.7
12994
12923
12867.1
12865
12854.3
12812.9
12774.4
12747
12711.8
12648.6
12596.8
12587.6
12579.5
12575.6
12569.2
12553.7
12537.1
12516.6
12488.2
12429.7
12373.1
12324.3
12278.7
12245.6
12219.5
12221.9
12219
12194.7
12161.8
12092.9
12030.3
11993.3
11957.5
11926.9
11900.4
11891.8
11871.3
11798.9
11734
11701.7
11659.7
11573.8
11493.9
11440.2
11386.5
11332.2
11276.9
11216.3
11145
11023.1
10915.5
10876
10822.7
10703.6
10591.9
10517
10437.4
10334.6
10232.5
10134.4
10036.9
9942.31
9853.05
9791.51
9729.71
9666.58
9599.1
9508.49
9424.01
9372.76
9318.89
9250.55
9182.57
9116.53
9049.39
8975.96
8905.93
8855.48
8805.53
8758.47
8706.74
8627.22
8554.95
8526.48
8497.38
8464.41
8430.01
8386.65
8342.75
8295.39
8247.44
8195.59
8143.99
8094.04
8045.14
8003.28
7967.72
7974.92
7976.49
7939.22
7905.99
7901.09
7892.7
7859.23
7830.23
7833.83
7835.6
7823.81
7815.67
7835.15
7850.99
7838.7
7826.85
7818.46
7812.69
7827.98
7843.81
7864.09
7878.62
7845.16
7814.2
7804.71
7797.49
7810.08
7817.51
7778.94
7745.55
7759.24
7771.75
7773.35
7778.16
7813.53
7844.35
7830.97
7819.18
7823.38
7825.35
7804.67
7784.53
7769.94
7754.49
7729.71
7703.21
7657.76
7612.98
7575.81
7537.14
7481
7425.06
7371.61
7318.74
7272.88
7228.2
7198.33
7165.29
7091.06
7018.81
6972.95
6925.95
6863.11
6802.06
6766.39
6729.08
6667.54
6607.3
6566.84
6526.48
6487.61
6447.65
6389.81
6332.63
6286.57
6241.5
6213.62
6184.15
6125.51
6067.21
6015.46
5963.45
5906.21
5848.74
5786.81
5725.2
5670.85
5614.39
5509.9
5408.15
5372.19
5335.07
5269.04
5201.75
5101.15
5002.21
4950.16
4896.8
4804.09
4712.24
4647.91
4583.76
4526.12
4468.05
4394.32
4320.91
4260.17
4199.2
4128.47
4058.3
4014.44
3970.25
3908.41
3846.64
3789.2
3731.88
3683.03
3633.67
3545.36
3457.74
3433.76
3409.37
3338.54
3267.69
3193.06
3118.34
3024.33
2930.25
2812.57
2694.89
2583.2
2471.51
