89.713074
84.278533
85.302457
90.882189
94.157431
94.762220
89.220524
92.435865
101.563043
106.191261
108.326553
104.861390
103.898344
105.537655
108.919180
119.759780
126.803566
132.195263
136.753214
148.054318
146.665463
154.378586
157.304066
163.472932
159.361102
164.267782
170.625735
181.773308
186.649338
190.136388
198.951633
204.728736
205.921868
205.688288
223.514744
229.321549
231.988301
244.230261
249.037518
245.025643
258.833785
262.219060
263.863857
268.911481
278.025306
280.111098
286.166996
297.885591
303.803487
320.546038
325.697594
334.873583
345.120616
365.191154
376.813207
405.363165
455.181855
471.608887
487.541367
517.532674
559.993105
604.893932
642.476338
692.204594
760.127000
820.323864
892.692620
973.487523
1054.240904
1159.370113
1267.944859
1342.655489
1456.057062
1555.036335
1670.217820
1785.011466
1920.735113
2056.793691
2199.161429
2356.940113
2507.464237
2655.771842
2816.333571
2968.263872
3144.807533
3300.481504
3456.831372
3642.147406
3778.903008
3943.427180
4047.811598
4206.490678
4303.433308
4392.348832
4469.852162
4529.868722
4590.047175
4643.241184
4712.160357
4772.466241
4779.494068
4803.451071
4811.008647
4832.792105
4811.915714
4848.306083
4855.502180
4860.252180
4841.699756
4856.942316
4881.539662
4882.633929
4867.798289
4865.990526
4888.127669
4893.519079
4880.014369
4893.821617
4945.834915
4944.069173
4978.907594
4978.152411
5000.667462
4998.879398
5009.160489
5029.463974
5000.566823
4921.099248
4840.944737
4792.279342
4752.170132
4677.562556
4593.323484
4550.387763
4517.526704
4470.220376
4449.695338
4456.771921
4411.814060
4424.150865
4382.947462
4347.786798
4340.052632
4324.944906
4324.756798
4336.683684
4341.622881
4353.775921
4354.181017
4351.508496
4359.508327
4349.796222
4312.318722
4287.267684
4262.010752
4203.195789
4163.580752
4130.551299
4067.301955
4010.269248
3987.477363
3927.138026
3857.957928
3838.737143
3785.020414
3724.461410
3702.464286
3685.300639
3642.112274
3616.721601
3596.197218
3563.152350
3559.378553
3551.447778
3544.899098
3521.300940
3521.229322
3514.863158
3502.588588
3520.006805
3534.916504
3522.717068
3499.795714
3493.141579
3455.782406
3447.398475
3412.502594
3393.817218
3343.032444
3318.027368
3305.146353
3279.138947
3243.402632
3208.473158
3192.184802
3173.149624
3124.381184
3091.565583
3094.527910
3043.810677
2982.502820
2907.820433
2840.669248
2743.160508
2634.776880
2543.392857
2436.021751
2347.047293
2270.150263
2187.360789
2127.992750
2101.265940
2049.714135
1972.274887
1945.429041
1918.778346
1894.786767
1914.738154
1906.462218
1890.823465
1891.326767
1934.101729
1960.465932
1997.769662
2050.596579
2144.890000
2240.591940
2363.703383
2550.008214
2756.586297
2990.527669
3302.173390
3626.897105
3979.977458
4351.709474
4789.118719
5214.197406
5597.674398
5987.170282
6350.512312
6770.303421
7121.757895
7450.524407
7755.264624
8049.023045
8367.478682
8656.908102
8933.655857
9290.182256
9682.271111
10018.298008
10432.850752
10870.563158
11280.840602
11698.138418
12086.366917
12471.439662
12917.794737
13289.203390
13672.761654
14104.436278
14515.413559
14906.079699
15305.477401
15724.612030
16080.003202
16479.072556
16765.294925
17053.140414
17321.200752
17608.833898
17797.210902
18048.565348
18294.718421
18428.565913
18475.121053
18516.178195
18551.424812
18586.688910
18666.390960
18741.004511
18740.507143
18638.338722
18691.324812
18652.257143
18563.039474
18496.444821
18253.771429
18093.155075
17854.971053
17643.400000
17397.702256
17088.051128
16846.135405
16731.457519
16650.728060
16549.886278
16512.964662
16559.586441
16685.003571
16777.132143
16934.754887
17134.407345
17413.146617
17665.950376
17900.173684
18199.521053
18500.825564
18827.662782
19175.525424
19514.862970
19791.676836
20029.678947
20322.774624
20488.048964
20584.025564
20750.022932
20855.799248
20837.005085
20791.973684
20763.283647
20686.747368
20588.986842
20455.755932
20295.707895
20185.802637
20026.629323
19778.974576
19576.643233
19451.107143
19336.698305
19195.368233
18989.195301
18855.288722
18833.498305
18801.105827
18621.001880
18546.334211
18465.168421
18405.086817
18432.054887
18371.832580
18248.002256
18142.344633
18062.716917
18021.810150
17944.266102
17800.208271
17722.820716
17666.203571
17554.623540
17524.267293
17423.165725
17259.792105
17182.389474
17000.035593
16859.477068
16664.391149
16401.072180
16198.667608
15985.373684
15725.230827
15510.245865
15245.394925
15012.409605
14693.683835
14512.427119
14258.885902
14073.395104
13896.468421
13722.926316
13523.474765
13422.094361
13265.498305
13105.987782
12967.032203
12798.080451
12620.692105
12478.912406
12379.806015
12253.527872
12067.843797
11947.298496
11858.248872
11750.757062
11653.046053
11578.307895
11518.362335
11465.985902
11462.169492
11498.096241
11499.758004
11488.716917
11463.245113
11432.359398
11434.971617
11385.320151
11382.604511
11383.234774
11454.232392
11294.546617
11286.342105
11359.505263
11362.722034
11359.959398
11350.328008
11328.959398
11330.129699
11281.578571
11189.880075
11116.183427
11026.600000
10900.544068
10753.825000
10587.885714
10466.762712
10281.904511
10094.155263
9996.124211
9802.645480
9708.382763
9617.688158
9469.212293
9326.220094
9169.061337
9019.501579
8886.845160
8766.337782
8630.216930
8385.729850
8230.463402
8081.654237
7875.626090
7708.162632
7533.344605
7328.313484
7113.089474
6911.006109
6686.584568
6475.315414
6304.178475
6105.184868
5897.791130
5740.765827
5602.655819
5441.095019
5255.661353
5133.026441
5038.484680
4869.333503
