27.132853
24.337418
25.255700
25.026147
24.873522
22.283052
22.000000
28.589189
23.594870
16.489996
23.005204
29.559207
32.223945
30.864872
26.440239
28.452972
32.755799
36.236918
36.797400
36.787585
31.707832
38.888056
43.808549
40.810631
38.187144
41.906214
46.083919
38.341022
36.013676
44.360783
47.204642
46.696845
48.459616
43.343873
48.507557
50.150484
57.564918
41.705561
58.224545
50.326764
54.694113
65.400860
53.754100
52.851412
52.734733
58.963653
62.911152
53.994525
56.946882
64.109173
67.858144
67.838791
70.688463
64.129432
69.865392
79.430514
80.800000
84.586011
98.905179
110.583282
113.654556
122.877034
138.255938
149.077639
160.968211
180.909635
202.148348
221.526034
232.801149
264.902455
293.729610
325.701887
362.243249
376.243336
426.182782
454.009590
495.796086
552.062171
595.329233
635.170868
686.249102
749.078132
813.632338
848.841096
909.371661
976.158835
1025.951335
1071.680583
1122.533421
1176.549812
1203.107613
1260.791525
1307.790150
1340.441375
1368.375714
1409.028835
1448.651940
1467.936842
1478.994643
1477.954511
1507.418362
1510.045000
1495.404436
1510.965977
1545.377500
1530.528588
1516.546917
1530.056842
1529.031147
1537.300621
1547.212669
1556.725244
1555.109342
1541.886316
1541.250150
1542.915150
1547.243597
1550.439850
1543.323898
1531.476109
1537.568496
1541.714162
1549.046034
1557.754774
1546.674286
1531.390245
1533.307876
1506.685113
1473.710000
1457.561711
1429.408023
1403.355113
1375.181431
1342.580583
1345.990734
1345.932331
1313.478966
1293.042542
1290.652030
1291.566936
1280.957350
1268.128908
1269.667293
1248.596165
1246.350358
1254.593158
1241.462542
1248.646861
1258.909492
1249.755789
1243.434323
1238.643365
1235.385075
1219.864840
1226.012350
1208.418120
1166.255714
1162.416328
1156.672462
1140.645376
1127.370113
1109.112895
1076.217439
1047.544286
1035.677011
1014.016429
995.680500
982.340098
971.496098
941.049267
931.240068
929.369692
930.178333
915.712738
896.316789
897.088402
897.263169
884.929842
872.113196
870.788133
881.308474
884.410278
867.233671
866.943891
865.038940
844.087667
835.809573
816.583846
803.455075
788.306855
761.549263
752.000000
737.281842
725.542618
713.188791
689.648665
669.957237
665.071122
661.541951
625.866135
614.235737
590.691697
566.793008
533.434102
501.248944
476.291857
448.859872
409.683442
385.446211
363.719316
332.102851
313.494338
308.492165
295.533692
279.651372
255.350220
260.857500
254.592610
251.359880
242.557228
248.954391
247.648263
262.689130
271.856083
272.941316
295.910750
325.562670
355.377211
398.412107
456.448746
522.774034
593.480254
691.371605
799.795508
927.893489
1053.017420
1208.020789
1364.110263
1534.238983
1689.343195
1852.929342
2011.503158
2139.070960
2263.417707
2389.598120
2517.230226
2649.913177
2764.650508
2902.443835
3008.221111
3150.129680
3268.802970
3419.351391
3567.116278
3732.751318
3909.566541
4085.773647
4250.239737
4404.972524
4569.398759
4712.959793
4848.355763
5005.151429
5149.241940
5292.019662
5421.268041
5581.589624
5723.209417
5813.657444
5932.340677
6045.325650
6168.011372
6268.493974
6345.942895
6420.697947
6493.106109
6516.212632
6540.074962
6574.762387
6578.710056
6617.992444
6621.495470
6618.033233
6621.288647
6607.011429
6569.688346
6565.889341
6529.300000
6456.604944
6419.961184
6357.090000
6278.501128
6205.788008
6125.541921
6064.798759
6026.370847
5981.675865
5977.894135
5972.903559
5971.651692
5965.499643
6000.167368
6068.917439
6164.379117
6234.360301
6336.931579
6402.411842
6480.311147
6609.220376
6740.081638
6850.882970
6938.524482
7019.983910
7122.536090
7177.107307
7246.561316
7280.300226
7303.201617
7315.102373
7326.763534
7313.623910
7288.703947
7265.237105
7237.754539
7178.199135
7132.771431
7108.333308
7045.033672
6958.549774
6899.225263
6824.057213
6774.477726
6747.934192
6674.999323
6647.126083
6643.235902
6584.150113
6510.807895
6493.991447
6472.901902
6452.141579
6418.022542
6397.108534
6381.921601
6333.534962
6294.980602
6307.164746
6291.105564
6239.369510
6248.430357
6176.545876
6135.347368
6075.751111
6057.811447
6033.034211
6000.161977
5916.322914
5854.558927
5809.252895
5758.179454
5682.639474
5591.894662
5515.599774
5409.833252
5351.879774
5266.107970
5183.372486
5096.493835
5037.344482
4981.664211
4919.150132
4851.630979
4759.149173
4689.469322
4639.434417
4583.124068
4512.152256
4450.166372
4420.212462
4393.765113
4344.214670
4269.253346
4230.560752
4184.894511
4149.174859
4154.435526
4171.070526
4109.062618
4064.048534
4056.530716
4074.082707
4066.891469
4034.219511
4025.014098
4031.225602
4024.125263
4031.237778
4027.370150
4047.556485
4012.973202
4014.537481
3986.744474
3988.667895
4017.014237
4025.763759
4038.280075
4005.992688
4038.956579
4061.675714
4019.984906
3990.046648
3964.262857
3920.620000
3888.098515
3825.475000
3777.923729
3716.165658
3648.625658
3626.541053
3563.726798
3511.938083
3453.755602
3399.865977
3362.028102
3324.521469
3277.746617
3223.367194
3181.452556
3154.269793
3100.842857
3049.975395
2972.618814
2928.446241
2854.048947
2787.320526
2741.534746
2667.755602
2586.458045
2523.354586
2445.860451
2354.880678
2267.836147
2230.122768
2191.383835
2101.432279
2048.450733
1999.184060
1947.526121
1899.544192
1838.433277
