103.980000
99.795270
96.722711
99.528055
102.985712
104.829791
104.154661
106.510233
106.765429
111.109656
112.917500
111.732331
111.770648
115.629610
126.531474
136.555079
134.054882
133.777789
137.551297
146.888434
150.771051
176.200699
159.984977
166.499675
168.448966
175.623282
177.658088
177.000000
184.903707
190.771292
192.798577
203.417493
210.369816
210.147780
218.627511
223.772684
228.923817
232.408671
234.687196
232.797714
255.058680
265.700464
263.405429
269.139511
276.487019
276.368533
276.570876
281.467704
286.878289
300.163832
318.202970
317.290464
334.441768
352.902011
366.976047
395.198291
419.000143
454.445436
489.354976
517.512808
556.539124
611.583000
659.841102
705.207850
772.491263
855.877028
948.078241
1037.748308
1123.672486
1229.929850
1334.390847
1447.122481
1579.851921
1718.771485
1850.279511
1984.357556
2144.928327
2325.260565
2512.672105
2688.540113
2879.344915
3088.367105
3252.133872
3457.290414
3662.253578
3830.251429
4055.857932
4264.250996
4479.734211
4644.381504
4815.913026
4963.739661
5094.454286
5210.434765
5300.369098
5398.673383
5490.761224
5532.140658
5584.413214
5680.381053
5728.835819
5727.109643
5795.954060
5779.608609
5780.438571
5811.122128
5811.787970
5790.048421
5792.781560
5804.746949
5807.005188
5810.571917
5831.417105
5836.663684
5804.844662
5802.914211
5826.250697
5821.310226
5834.575932
5843.743722
5847.392180
5873.992241
5911.969624
5928.930808
5955.358383
5928.875537
5875.112162
5822.203383
5740.090526
5647.734605
5563.847571
5444.773346
5359.524313
5334.304117
5258.621733
5206.946466
5167.511692
5138.205198
5129.780263
5141.237914
5094.845376
5065.445895
5026.744962
5007.580752
5012.045122
5001.925789
4999.654237
5034.540113
5046.136949
5029.565865
5038.851429
5011.603722
4969.717368
4945.129247
4884.089831
4853.151278
4798.245263
4718.398531
4631.836372
4586.719135
4528.410132
4445.431316
4372.248531
4311.610000
4267.315564
4207.687688
4113.397857
4072.231917
4050.569492
4008.652542
3961.145414
3920.655301
3912.633026
3870.542768
3864.102707
3849.571955
3819.228475
3808.242632
3822.042618
3836.038947
3837.050150
3830.022519
3807.504549
3771.128365
3712.723008
3660.920734
3620.513778
3544.492368
3516.556579
3460.530940
3430.272011
3345.981278
3295.858421
3273.910132
3214.097119
3161.230451
3138.522914
3085.580996
3035.491940
2980.295338
2920.677086
2825.036309
2696.880451
2568.376610
2432.189511
2303.849023
2176.332335
2038.257180
1929.952763
1837.499737
1748.975838
1671.155865
1595.769023
1520.336466
1468.880432
1439.998966
1397.845752
1370.245480
1363.359549
1364.914463
1347.251729
1363.423008
1383.660621
1421.169662
1507.629474
1602.217500
1723.594011
1895.075188
2106.284286
2357.432180
2655.821692
3006.351695
3445.206278
3922.141864
4415.488045
4935.246309
5493.184229
6046.916391
6606.495330
7148.642951
7660.949605
8123.562632
8574.282203
9001.294305
9387.018985
9760.965330
10133.220865
10494.504143
10896.853383
11356.700000
11803.887594
12282.728571
12805.632707
13368.320489
13892.238983
14402.106015
14886.429323
15385.698684
15885.482863
16354.478195
16873.302820
17375.240678
17809.084211
18307.959134
18803.212030
19335.938230
19821.900376
20246.602068
20643.822932
20957.395489
21325.023164
21654.654323
21916.357815
22203.071053
22421.684181
22602.286842
22737.485714
22806.482707
22833.843045
22847.132203
22862.330075
22821.032895
22811.361090
22829.587970
22790.057143
22720.739474
22621.730508
22556.892857
22277.323684
21993.873684
21781.500000
21557.542857
21219.308459
20918.675141
20713.402256
20519.975518
20431.799436
20436.315038
20403.084181
20532.918797
20571.301128
20757.343985
20961.553107
21176.594549
21595.218797
21943.394737
22332.055263
22690.715226
23032.060150
23431.856497
23864.912594
24223.803578
24518.157143
24860.433835
25096.093032
25178.263158
25391.101504
25503.573872
25542.318644
25500.178947
25468.664662
25385.257895
25284.389474
25138.315066
24999.656015
24781.528249
24544.014286
24367.024859
24193.254887
24029.735338
23874.469680
23650.470677
23520.324060
23425.455639
23268.724482
23127.083835
22973.066541
22861.700000
22790.964474
22777.558380
22653.188722
22523.046893
22455.213158
22386.242750
22317.856391
22241.430451
22132.852542
22082.195489
21986.214124
21923.889286
21802.686252
21627.648496
21557.806780
21440.647368
21210.763158
21048.081921
20842.270113
20560.500753
20333.557519
20089.401507
19840.071241
19616.112782
19312.345113
19040.106015
18715.901130
18438.010526
18206.699435
17924.722556
17644.609981
17328.536842
17182.552632
17011.743315
16753.973684
16490.838983
16309.692669
16180.225424
16003.496992
15823.610714
15669.094925
15435.039474
15259.635217
15112.108459
14872.086466
14784.104511
14700.376836
14628.373684
14578.431579
14504.808475
14401.859211
14393.533333
14383.115789
14344.892655
14371.024624
14390.832707
14376.602632
14428.147744
14441.586441
14429.953383
14432.330263
14419.978343
14401.874060
14445.418421
14411.573684
14422.628814
14500.063910
14537.106579
14490.874812
14434.412406
14365.800000
14271.863346
14165.997363
14040.128571
13898.511864
13735.397180
13539.707143
13322.261959
13106.493045
12911.407895
12743.815789
12551.314878
12407.634211
12218.830451
12094.996992
11936.498684
11773.622976
11630.446617
11478.860829
11306.149624
11100.207533
10908.422556
10726.429323
10509.733898
10243.654887
10056.415789
9739.629342
9586.215104
9328.189699
9058.874793
8822.271673
8577.726090
8342.473164
8089.663741
7840.001695
7617.077143
7404.384388
7215.317256
7011.520226
6826.032900
6651.604737
6462.951356
