97.872779
100.572602
99.840717
110.837605
101.706085
104.040891
113.529610
110.022842
116.418520
121.389447
117.334233
121.266109
127.207301
126.747525
128.177293
132.833927
137.513684
141.539868
146.434932
153.026758
162.078748
156.844526
160.033463
169.736192
172.706508
180.640008
183.238406
177.754737
180.671466
197.582844
207.734615
201.343637
197.631132
203.012288
214.076716
215.887932
228.563337
234.444814
248.254134
235.999571
240.165870
235.176466
252.039857
258.534308
258.577748
262.527748
267.678267
277.072478
280.499855
273.789601
286.927338
292.662900
291.850599
311.043143
326.839249
342.209953
358.109392
373.163970
392.335573
418.222648
432.539680
454.573119
480.456451
510.231707
551.831947
576.539589
606.092998
660.354504
702.776648
745.038271
798.367017
844.444188
902.033520
942.983190
1006.317613
1072.309624
1150.132199
1215.091394
1279.929624
1351.413628
1427.500791
1522.467368
1604.717782
1674.532293
1766.716817
1847.264662
1914.142444
2013.548008
2125.589173
2192.498910
2252.377162
2335.076780
2407.160602
2479.560565
2520.701071
2560.600226
2624.105838
2657.521053
2663.421429
2691.560301
2724.614237
2754.601429
2746.543609
2748.928872
2768.401071
2757.517834
2758.313609
2759.248045
2766.836429
2769.137514
2780.155602
2797.818440
2796.766447
2791.308421
2808.210226
2814.910902
2813.496290
2844.536805
2862.128644
2852.668553
2877.071353
2897.780960
2917.942594
2927.179624
2938.754023
2941.460960
2951.968665
2944.395789
2905.579474
2866.396974
2848.775461
2830.493496
2784.188117
2753.672688
2746.828512
2732.800526
2706.561729
2675.097514
2669.221090
2669.656635
2663.501898
2655.421808
2655.531880
2635.243835
2647.212825
2657.936316
2638.250169
2643.461842
2634.957627
2651.182030
2653.712368
2700.093402
2668.396165
2655.569021
2647.893966
2641.358571
2626.547293
2592.653277
2557.191654
2549.523120
2541.094087
2507.765395
2482.038531
2469.818571
2429.109643
2391.247538
2391.050714
2359.079624
2318.587350
2303.612298
2309.797218
2281.479173
2279.931071
2270.931431
2261.672857
2263.129699
2234.061017
2223.970000
2234.267627
2216.749868
2214.651767
2249.858722
2244.254699
2207.993665
2196.805489
2223.055876
2217.836729
2197.411579
2177.755150
2156.927575
2135.517801
2131.770376
2124.520000
2115.788684
2090.340565
2083.940414
2101.379887
2068.906767
2059.777495
2078.822030
2035.856203
2017.967571
1971.565226
1923.935424
1884.600075
1832.941203
1772.104068
1730.179530
1676.503289
1619.657632
1563.436893
1505.386974
1459.583534
1436.920451
1422.941654
1390.402801
1369.168158
1342.975028
1341.447462
1351.342561
1361.169624
1381.741410
1399.657966
1424.431053
1467.086579
1517.037500
1577.814557
1665.465038
1760.240357
1866.647820
2015.781917
2153.335763
2303.994906
2496.856441
2661.876992
2833.350000
3025.528083
3228.197669
3459.897175
3647.030865
3811.306842
4010.924211
4199.595311
4370.096635
4548.600301
4716.348230
4876.065150
5049.387081
5184.485038
5386.438889
5557.046090
5777.990865
6004.899699
6221.339906
6457.793277
6729.315038
6976.171673
7238.201579
7511.242655
7772.679211
8016.529079
8257.656780
8491.633308
8710.056516
8966.671805
9233.185895
9473.990789
9690.714756
9895.050996
10100.284211
10269.313559
10465.303759
10626.477778
10795.223684
10919.639925
11045.332331
11155.503759
11204.839850
11240.090977
11289.415254
11307.091729
11305.657519
11294.320865
11302.027068
11326.885714
11250.102256
11247.761205
11194.885714
11105.698120
11021.226316
10943.700000
10840.515038
10700.185526
10552.021469
10443.944737
10356.805650
10244.520489
10183.293233
10204.346893
10180.524624
10265.158835
10299.572932
10385.278154
10481.737782
10569.198496
10706.900000
10873.103947
11062.300000
11222.148872
11396.286441
11585.528759
11728.375518
11868.937594
12048.093233
12159.042938
12233.072556
12349.007143
12393.469925
12468.032203
12484.742857
12435.519549
12405.021053
12356.400000
12263.189642
12187.664474
12111.541620
12010.819549
11952.321469
11893.731203
11732.509774
11617.651224
11585.814850
11457.121241
11365.348120
11283.010923
11217.035714
11150.701128
11078.326316
11065.230263
11027.932768
10993.567669
10970.001318
10921.021617
10865.891149
10801.027820
10729.352068
10713.442373
10688.936090
10654.543503
10580.989286
10510.283616
10435.924812
10411.954049
10372.405263
10255.747368
10170.427684
10079.700000
9990.861507
9878.531729
9749.971770
9629.999549
9511.624737
9382.800000
9234.024361
9108.304859
8936.336504
8811.465819
8683.174774
8589.768682
8434.917895
8305.133816
8135.562147
8018.585038
7948.667288
7846.054718
7752.632034
7690.732932
7597.660959
7479.742086
7397.604436
7322.158286
7238.722519
7107.509023
7109.723083
7030.272825
6950.929868
6890.849211
6864.009473
6823.371842
6773.181620
6761.849774
6785.125744
6782.407519
6741.885038
6726.002068
6746.048534
6744.975009
6770.316391
6754.297011
6708.300678
6737.440827
6737.143421
6717.314868
6741.538814
6766.425338
6741.080526
6745.321109
6756.220451
6735.314286
6694.904624
6668.600000
6645.317143
6572.089548
6482.274380
6394.507857
6333.944576
6243.192707
6144.988289
6080.404211
6006.064501
5918.470263
5828.488120
5724.540226
5659.304492
5597.281921
5514.915038
5429.721507
5356.184323
5296.808079
5219.997256
5132.666184
5029.719322
4886.522932
4813.072105
4728.243816
4576.867156
4512.071767
4361.499248
4231.254737
4134.245113
4002.797684
3885.036147
3794.618927
3698.379474
3589.555405
3462.016447
3367.608421
3275.195857
3176.895470
3119.854463
