121.421684
124.447629
121.167575
125.202109
122.526203
134.278697
134.585356
133.144511
128.456169
131.442220
132.473447
137.131505
141.221902
145.565525
155.253338
164.531718
174.895211
178.979579
179.408639
183.809711
191.651565
198.444421
202.331789
212.588778
215.857542
214.810853
212.550359
219.626645
233.503707
244.075431
251.720389
254.088962
252.482842
263.357864
266.941534
274.754526
283.840945
304.177904
297.327249
307.150857
308.885041
327.237122
324.745857
332.698331
345.247226
350.347277
351.068711
354.567211
361.475908
364.902900
380.433669
390.915758
404.573921
429.207872
434.870637
455.644953
485.436540
510.026662
532.729444
571.061787
587.187688
617.935169
668.369327
701.243316
732.174263
783.835411
841.273919
900.765827
957.137644
1027.404455
1089.233842
1144.094361
1227.115876
1310.112726
1382.643985
1459.920714
1555.189436
1650.753842
1736.676015
1844.794079
1959.180734
2052.372632
2173.853496
2276.949248
2377.318192
2518.464361
2660.888008
2743.721692
2872.515639
2966.768835
3094.570320
3194.414746
3262.425940
3352.814689
3431.585432
3499.413008
3563.170716
3601.510000
3643.974286
3688.507744
3721.427514
3740.721786
3752.646842
3773.265376
3763.402143
3765.842109
3778.305489
3778.916767
3784.828741
3780.888475
3787.169436
3800.011541
3807.928947
3806.070000
3808.687669
3835.777575
3834.166008
3860.876128
3868.628814
3899.939492
3927.519699
3949.881488
3971.045921
3981.901278
4008.682970
4008.815725
3995.230320
3972.961278
3940.990526
3912.790395
3877.446573
3825.916466
3800.844878
3783.718571
3762.964294
3719.744436
3723.003741
3710.089944
3696.253534
3670.517575
3692.714925
3677.662241
3664.222707
3645.302519
3645.212637
3666.702368
3680.704237
3696.661635
3706.937797
3693.548722
3672.866128
3677.638083
3692.351053
3684.273296
3690.144492
3674.553383
3636.827068
3578.220734
3560.959060
3533.359060
3493.823258
3467.293553
3430.733559
3387.970000
3359.855019
3306.963553
3286.091429
3268.300526
3252.078308
3225.195461
3205.462632
3195.442857
3144.616598
3132.577382
3149.971617
3139.259793
3128.925932
3116.203158
3105.627006
3112.926523
3107.607594
3093.412293
3116.217425
3119.437613
3091.365639
3078.316836
3080.007086
3068.397970
3060.291917
3031.742180
3030.098421
3038.299098
3006.072632
2997.860395
2997.062090
2970.790714
2964.271898
2967.408120
2951.289944
2946.034737
2916.601936
2882.595819
2821.256391
2749.984407
2692.407030
2611.709398
2549.465782
2469.049267
2379.136053
2305.062895
2247.690621
2199.310094
2143.883158
2086.162857
2058.480432
2037.660169
2021.908120
1984.842881
1968.256316
1967.339623
1995.969474
2017.824662
2042.432994
2082.935150
2132.901053
2210.467500
2311.794953
2431.444812
2572.050000
2726.078421
2890.190639
3081.298305
3313.666692
3550.134407
3768.489925
4033.849021
4325.021165
4609.914586
4912.652279
5178.819079
5390.220526
5670.542632
5967.395141
6198.531391
6436.666880
6703.450829
6916.820940
7116.849605
7358.424361
7624.751111
7897.367237
8210.781353
8567.831992
8885.579549
9196.832806
9548.903910
9947.464962
10274.660526
10610.495857
10974.777068
11335.542857
11686.862712
12018.899248
12341.517702
12697.572744
13066.961394
13357.187594
13647.415414
13994.732707
14260.903759
14514.857627
14757.631955
15018.294350
15288.331579
15438.192090
15548.105075
15732.881203
15862.030827
15864.180827
15919.905085
16020.106767
15951.273496
15986.101128
15999.954135
15975.914286
15928.297744
15924.397175
15849.292857
15773.528947
15589.934211
15426.200000
15262.401504
15131.615414
14982.517514
14789.424812
14637.975895
14513.360902
14417.125564
14446.284746
14361.254699
14487.244173
14608.023684
14732.778531
14897.274248
15081.366165
15232.600000
15405.784211
15630.728947
15931.438346
16212.885876
16423.843233
16636.227119
16892.147368
17123.317293
17277.678154
17496.100000
17547.807143
17608.994361
17656.623729
17702.603759
17667.615602
17623.422368
17602.010526
17502.208098
17359.315602
17220.195857
17103.501504
17022.027684
16899.996241
16713.056015
16604.479473
16487.967293
16382.328195
16266.104511
16081.756685
16020.286278
15921.487594
15876.457895
15786.706579
15716.473258
15649.521053
15637.339548
15603.154699
15521.061770
15427.013910
15325.610714
15288.011864
15262.669173
15143.070998
15093.521429
15043.411488
14900.186466
14790.842561
14714.397368
14638.110526
14507.485876
14373.441541
14234.954237
14082.281579
13914.393409
13713.355263
13527.863158
13393.983459
13214.677444
13034.862712
12837.750752
12646.290395
12521.118985
12280.189266
12114.563158
11902.798684
11682.627495
11512.843609
11374.852542
11250.665789
11091.320339
10921.800752
10823.945301
10740.267669
10582.660902
10477.318644
10377.881955
10293.993985
10148.712782
10074.306215
9995.151974
9939.256053
9876.132768
9801.002932
9739.140527
9721.678120
9719.491488
9719.312218
9697.693947
9691.341579
9739.617425
9724.161055
9721.504286
9726.822838
9668.608060
9686.033947
9690.090526
9659.471711
9685.294068
9675.495338
9697.513120
9703.127105
9728.038684
9692.828571
9622.120038
9580.514595
9509.931429
9427.496441
9350.733064
9252.907143
9107.263258
8954.432180
8889.362105
8733.762105
8600.143239
8461.002162
8392.417669
8282.885940
8144.163327
8039.938550
7947.698571
7820.021055
7710.007068
7647.858945
7516.177932
7357.770301
7252.819831
7107.066015
6951.317895
6817.784737
6655.404953
6495.977068
6299.873158
6153.946880
5971.916466
5777.517175
5629.245489
5491.130169
5338.014248
5189.836798
5032.558102
4876.861353
4742.119266
4583.533853
4484.482542
