-123.179
-76.7245
-30.2701
-11.9455
6.3366
7.09689
7.7962
10.3833
12.9808
5.06687
-2.9253
-3.2969
-3.59661
1.04231
5.73771
-.706066
-7.2996
1.94619
11.4369
.897813
-9.99152
-3.34074
3.65241
.86619
-2.13087
-2.98078
-3.78
-1.55975
.737996
-1.33854
-3.53638
-1.65979
.338252
-1.34266
-3.1409
.181664
3.67824
4.66781
5.56693
4.15659
2.65806
3.27222
3.97154
1.98745
-.110498
-2.30408
-4.50193
-7.65422
-10.8511
-6.14232
-1.04732
-4.31695
-8.01333
-6.30286
-4.30482
-1.36016
1.6369
3.21698
4.71551
1.40629
-2.19018
-1.74148
-1.04217
.408171
1.9067
1.81263
1.61283
-2.13946
-6.13555
-2.20191
2.29368
-1.96165
-6.85686
-1.81185
3.98248
1.24808
-2.14859
2.68792
8.18254
-1.64662
-12.7357
-10.5602
-7.2634
-4.79391
-2.39626
-3.02552
-3.92464
-2.16942
-.171382
-5.02331
-10.5179
-4.34698
2.94587
1.78117
-.216871
-1.67044
-3.06907
-4.6488
-6.24723
-4.59292
-2.59487
-4.38348
-6.58133
-5.09071
-3.19257
-1.1149
.983046
-.680991
-2.77893
.575008
4.57109
3.21641
1.21837
-.423738
-2.02217
-5.13
-8.42677
-4.63617
.0592278
-.814341
-2.41277
-1.62979
-.530871
-6.64834
-13.7414
-6.87281
1.91858
5.19033
7.68788
3.45429
-1.74062
.129428
3.02659
4.87944
6.57777
1.24287
-5.15086
-3.4876
-.590444
1.52877
3.52681
3.97248
4.17229
3.08139
1.78266
-1.31894
-4.71561
-5.02869
-4.82888
-5.91097
-7.2097
-5.69472
-3.69668
2.89504
10.2878
6.73202
1.2374
.0612935
-.338315
-3.86371
-7.9597
-5.65002
-2.15345
-3.53405
-5.8318
-2.84426
1.15182
3.39025
5.28839
5.26599
4.86638
2.88396
.586211
-1.04665
-2.54519
-.810051
1.5876
.262906
-1.83504
-3.60289
-5.30123
-5.6
-5.6
-2.06835
2.22744
2.42645
1.72713
6.01395
11.4087
5.63184
-2.66004
-2.08494
.512511
.0261693
-1.17265
-2.12861
-3.02773
-1.90782
-.30939
1.20848
2.70701
4.76813
6.96597
5.07496
2.1778
3.0396
4.83784
3.68414
1.786
.763309
-.0359078
-2.7405
-5.93736
-3.43221
.563875
.294014
-1.10461
2.85537
8.25009
4.05469
-2.73865
-.357829
4.53737
3.09709
-.0997761
.682382
2.58052
.820918
-1.97634
-.504029
2.19333
3.0323
3.332
.387757
-3.50842
-2.78213
-.68419
-.0463093
.153495
-2.17614
-5.2731
-7.45262
-9.35076
-7.436
-4.33903
-2.23088
-.43264
1.21386
2.8123
3.50268
3.90229
2.94335
1.54472
1.42584
1.72554
.748831
-.649798
-4.59461
-9.38991
-6.56664
-1.17192
2.50938
5.60634
6.2514
6.05159
2.7394
-1.65629
-2.20873
-1.40951
-5.77021
-11.9641
-13.8941
-14.2937
-8.38764
-.195668
3.38939
5.28753
2.95573
-.940448
-4.10929
-7.00645
-1.99693
5.99523
3.35305
-3.34039
-6.06576
-7.26459
-7.09634
-6.39703
-3.18628
1.00961
.0532163
-2.94385
-1.15954
2.53683
1.46496
-1.5321
-1.47736
-.178635
-.295434
-.994749
-3.31742
-6.31448
-3.53999
1.65492
2.77886
2.17945
1.16008
-.0387441
-3.1221
-7.01828
-.752621
9.9369
6.60644
-2.88426
-1.64739
4.34673
.95491
-6.63765
-3.90743
3.48533
2.84922
-1.44657
-1.70517
-.106734
2.71986
6.11653
1.96127
-5.73119
-5.01153
-.316136
-.0852343
-1.98337
-2.12786
-1.42855
3.1714
9.66504
8.51423
3.61902
-1.94479
-7.83901
-7.73338
-4.63642
-1.67239
1.22477
1.9349
1.5353
1.59823
1.89794
4.43763
8.13401
3.88236
-4.50941
-5.69725
-3.0998
-2.06941
-1.86961
-1.01881
.180011
-1.41199
-4.50896
-4.04703
-1.64937
-.735489
-.635587
-2.59379
-5.69075
-5.58172
-3.68358
-.506959
3.38922
6.07457
8.07261
8.29174
7.49252
-.843772
-13.5313
-12.5804
-3.68916
-.777671
-1.37708
-.0312639
2.46629
.585084
-3.91051
-.673726
7.21854
4.54325
-4.54784
-4.09612
2.19771
5.58833
7.18676
5.52173
1.82535
1.13655
2.33537
2.61645
2.31674
-.300486
-4.39647
-6.18237
-6.48208
-5.0851
-2.58755
.634804
4.33118
3.27142
-.924472
-2.72002
-2.91982
-1.1458
1.95116
1.29225
-1.90461
-2.90289
-2.40338
-.600913
2.09644
1.78329
-.614363
-2.83551
-4.93346
-3.16128
1.33431
3.66754
4.46675
6.37266
9.07001
7.58771
3.09212
1.43142
1.83103
2.80723
4.20586
1.58204
-4.01247
-2.8494
3.34453
5.25806
3.95934
3.00187
2.30255
-1.40082
-7.39495
-9.09625
-7.49781
-7.19402
-7.89334
-4.77833
1.3157
.422576
-5.97116
-4.23248
3.95949
3.43707
-4.05558
-1.92432
7.96599
11.0773
8.67961
7.16065
6.36144
3.92054
.124262
-2.03621
-2.83543
-1.46141
1.73546
3.95789
5.35652
1.84666
-5.8458
-5.53045
1.6625
1.62648
-4.66735
-3.54524
4.04732
3.18802
-5.10385
-4.71019
3.38188
5.35323
1.85666
1.98735
5.38402
4.90507
.908986
4.11339
13.9038
13.1939
2.80408
-.283921
3.41246
3.91025
1.41269
-1.23904
-4.0363
-2.94247
1.85283
4.86304
6.16176
7.30807
8.30709
5.35843
-1.43491
.342377
10.5324
11.7331
4.04062
2.45107
6.94667
9.34948
9.64919
6.82206
.827932
-.964086
1.53347
2.20911
1.01028
.69427
1.29368
1.11151
.112486
-.497307
-.697111
.266069
2.46391
.849071
-4.84535
-5.78122
-1.58533
2.65842
6.95422
8.8186
8.01939
5.55841
1.26262
-.952717
-.852815
.848053
4.34463
4.37123
.47505
2.18235
10.2744
12.5075
8.01191
4.39609
1.79864
3.95034
11.6428
13.3666
8.07182
6.34292
8.84047
8.92541
6.12815
3.10427
-.192503
-2.81233
-4.61057
-2.36477
4.82818
6.78679
2.2912
.111795
.811109
2.57474
5.6717
7.88566
8.98458
8.76486
6.86672
5.14361
3.64508
2.8
2.8
.761728
-3.93367
-4.35507
.839838
3.37024
2.37122
3.63954
7.93534
6.78033
-1.71135
-4.31102
1.0837
1.11992
-6.17293
-9.72805
-8.12961
-3.56329
5.12819
7.28762
.294469
-3.96564
-4.36525
-2.04474
4.14919
6.32335
2.72687
2.0696
5.66608
8.53128
10.3295
10.9957
9.99667
6.06049
-2.23138
-3.27615
6.51425
9.81017
3.31654
.629078
3.72604
6.86246
10.0593
9.25207
2.25892
.10926
5.50397
5.76856
-2.0238
-2.39175
8.99708
15.8846
15.5849
13.4861
8.49103
7.11367
11.6093
11.6343
4.34149
-.2
-.2
.512388
2.41053
2.77943
.581589
.49859
3.99516
5.42496
3.32701
4.86346
12.6558
14.7153
6.82303
1.40048
.301562
1.15332
5.44911
6.36767
1.27267
-.820839
2.47593
5.55948
8.25684
10.5654
12.1639
11.5482
6.85279
3.10102
1.10298
1.08587
4.78225
7.96026
10.1581
9.36649
2.87285
.752453
7.04629
8.2446
-.446887
-3.80202
3.29103
7.0598
4.26254
3.33472
6.13198
7.70132
6.8022
6.00205
5.40264
6.11505
9.51172
10.7568
7.55994
6.46933
9.7661
9.93868
3.54494
.28842
3.68509
5.33185
3.23391
2.93835
6.53482
8.43435
6.63611
5.18139
4.48208
4.99307
8.18994
10.9551
12.7533
12.4985
7.60334
2.64725
-2.44776
-4.54798
.247319
3.6
3.6
4.67492
8.27139
8.96089
2.76696
.0501664
5.64468
8.22424
3.52884
2.14807
8.84151
12.2138
7.41846
2.7379
-1.65779
-4.94244
-5.44195
-3.98927
2.40446
6.74713
5.84801
4.08396
.0878736
-1.88573
1.41104
3.8
3.8
4.23702
5.83545
5.6441
.648998
-1.33083
4.8631
9.10601
8.00709
6.08571
1.88982
-.936652
.062369
1.58417
4.58123
7.13726
8.43599
9.09103
7.8922
6.46341
4.36547
4.19458
9.68919
13.5735
12.6744
9.85306
1.26148
-4.85324
-3.45461
-.286737
8.30484
13.5324
8.33748
5.36725
9.36333
12.4
12.4
11.3057
6.71017
3.15281
2.95301
3.19777
4.8961
5.68955
3.4917
2.39817
4.99563
5.99632
1.60063
-.985858
2.61062
5.84838
7.84643
8.46661
4.27072
1.70489
4.90175
7.77114
9.46948
10.2158
7.51847
4.26366
-1.03115
-3.75537
3.03798
7.62119
3.92481
1.98009
6.67549
9.73897
6.5421
4.51154
7.00909
9.26345
10.5622
12.3024
15.799
17.805
13.8089
11.2887
14.7853
15.8076
6.6166
.337923
6.23215
10.9427
10.643
9.88983
7.19247
5.69188
9.38826
11.5488
6.95333
2.9803
1.78148
1.34336
4.34043
5.77876
.0843454
-4.10382
-1.30656
1.50822
4.40538
7.14658
9.14462
10.0975
6.00155
2.92181
4.81995
6.48371
6.98322
6.3907
.296668
-4.37489
-1.77744
.383845
.283943
1.06176
6.45648
10.4798
7.18306
5.05381
9.2497
11.724
4.73086
-.59298
3.4031
5.8413
-.552437
-4.68423
4.20706
10.6038
2.4118
-3.73646
2.25767
7.15866
5.46032
4.07
4.56951
4.86195
3.86293
2.83669
1.63786
.626827
.826631
.70921
-1.48864
-2.46242
4.73053
10.333
5.13813
.423174
-.975455
-1.73992
1.95646
4.88179
2.28433
-.216775
-2.01501
-3.8014
-5.49974
-6.82523
-5.32669
-3.73652
-1.43877
.4874
-.511621
-1.33361
-.734202
-.221737
-.421541
-.215786
3.38069
6.25426
2.95749
.359837
3.85641
6.71761
3.92035
1.2121
-.686041
-1.95409
2.64141
6.59104
4.3932
2.01861
-2.07737
-5.34468
-.349575
4.18218
3.98237
3.66056
2.06213
.898167
4.39474
7.17551
2.0805
-2.6
-2.6
-2.5762
-2.2765
-1.82207
.475675
2.08727
-4.70607
-10.361
-1.66955
5.97108
-.023044
-5.4818
-3.78347
-2.0581
.0398424
1.80316
-1.1939
-3.66263
1.63218
6.44576
3.9482
1.34312
-2.95267
-6.88444
-4.88639
-2.81578
.480989
3.45456
.757204
-1.6287
1.66807
4.67013
2.07267
-.313613
1.48462
3.29207
5.29011
6.87823
-.414618
-7.38315
-6.98354
-6.44337
-2.54719
1.41394
7.00846
12.1571
5.46371
-.989713
-.690007
-.335339
1.6627
3.59392
3.39412
3.30513
7.00151
10.5418
8.34395
6.1314
3.33414
.489545
-4.40566
-9.02092
-.329436
8.15902
5.96117
3.70666
-1.88786
-7.34116
-3.34507
.540061
-4.15534
-8.77517
-6.47742
-4.14963
1.54479
7.18762
5.38938
3.57637
-1.21892
-5.98696
-1.59126
2.79929
2.09998
1.40066
