9.59811
5.40222
1.20633
-1.49329
-4.19064
-6.39022
-8.58807
-2.63841
3.35572
-.4674
-4.36358
-.441267
3.55482
-.054584
-3.75096
-.251237
3.34524
7.13848
10.9347
10.2145
9.4153
8.12614
6.82741
3.18163
-.514743
-3.23514
-5.9325
.136332
6.43016
6.40559
6.20578
2.22257
-1.87342
3.32481
8.81943
6.00481
2.90784
3.86065
4.95958
2.2094
-.687757
-1.37619
-1.9756
-2.19167
-2.39148
-4.12152
-5.91976
-2.27767
1.61851
1.22851
.629096
5.06748
9.76288
3.45487
-3.43838
-2.00144
-.103297
-2.07824
-4.27608
-3.36303
-2.26411
-2.01185
-1.81205
-5.17961
-8.77609
-.193862
9.19694
6.62146
3.22478
-.265177
-3.76175
3.4476
11.4398
5.96155
-.532086
-1.37081
-1.77042
2.91789
8.0129
2.67666
-3.51727
-3.90788
-3.80798
1.71522
7.70934
4.71447
.918187
-4.43408
-9.9287
-2.0887
7.00239
3.8811
-.414691
-1.8913
-3.09012
-.386885
2.71008
-2.43299
-8.42712
-2.85592
3.93742
1.62477
-1.67199
-2.08996
-2.18986
3.4553
9.74914
7.89201
5.09475
2.02937
-1.0676
-2.11343
-2.91265
-3.17797
-3.37777
-4.37667
-5.47559
-2.2335
1.56278
5.00547
8.40215
7.82979
6.73087
1.1437
-5.05023
-3.78039
-1.48264
-1.63807
-2.13758
-.976156
.422473
2.43165
4.5296
3.40758
1.80915
.210718
-1.38771
-2.11981
-2.71922
-2.10849
-1.30927
3.19838
8.29339
9.17209
9.3719
4.93574
-.259173
-4.16925
-7.86563
-5.23799
-1.54161
-3.21686
-5.81432
-3.90316
-1.2058
2.93438
7.33007
5.62906
2.8318
-1.31715
-5.71285
-7.07428
-7.8735
-5.05688
-1.5603
1.93627
5.43284
2.401
-1.89479
-2.01549
-1.31617
-1.69984
-2.29925
-2.06756
-1.66795
-2.7608
-4.15943
-1.753
1.44387
.597109
-1.10123
-1.15302
-.853312
3.22444
8.11964
4.32967
-1.36475
-3.95306
-5.8512
-6.11846
-6.01855
-5.8373
-5.6375
-2.3539
1.64219
.214167
-2.48319
-2.43467
-1.73536
.816956
3.81402
1.34596
-2.45032
-4.7233
-6.62144
-3.08108
1.81412
-.630631
-4.92642
-7.94883
-10.6462
-6.03961
.454023
-.259064
-2.85652
-2.21501
-.716483
4.24939
10.1436
8.57013
4.97365
1.37718
-2.21929
-1.27925
.918596
.463758
-.735067
-4.73557
-9.53087
-5.7094
.584432
.451344
-1.5467
.162636
2.95989
3.21479
2.71528
-1.31912
-6.41412
-3.15432
2.64
5.68198
7.87983
2.45187
-5.3405
-.658639
7.93294
9.3172
8.41808
2.22201
-5.67026
-5.71312
-3.21557
-5.31005
-8.90653
-4.16874
3.32392
2.65382
-.742853
-1.15185
-.552436
-.921473
-1.62079
-7.07532
-14.1684
-9.62701
-1.03543
2.67817
4.67622
.924646
-4.86968
-5.15021
-3.45187
-1.53357
.464471
1.43875
2.03817
-.935985
-5.23178
-4.07251
-.875641
4.64245
11.0362
9.18287
4.18777
6.91237
12.6068
10.8902
6.29476
3.06261
.365252
-.328441
-.228539
6.22273
15.2139
8.83284
-3.75482
.264988
11.0544
7.97168
-.819704
-3.7529
-4.25241
3.55348
14.8424
8.72448
-4.7623
-6.49022
-3.19345
-.106077
2.89099
5.33124
7.52908
6.11782
3.12076
.469747
-2.0278
-3.07606
-3.47567
-1.39781
1.79906
1.9079
.609176
1.9791
4.57656
2.1249
-2.6704
-3.58768
-2.68856
.856304
5.6516
5.64419
3.34644
.171867
-3.42461
-1.70815
2.58764
2.92709
1.32866
7.88724
18.4769
12.3336
-2.15223
-5.13886
-2.3416
-.803539
.0955797
1.91979
4.21753
7.1741
10.4709
11.7314
11.9312
9.05293
4.55734
3.39177
3.99118
2.63763
.239978
-1.44374
-2.74247
-1.64703
.750624
2.89023
4.88827
2.51285
-2.28245
-.0245663
6.16936
6.8019
4.30434
2.12543
.12739
.670651
2.66869
3.59001
3.88972
3.30545
2.20652
3.56247
6.35972
4.63902
.243331
-1.65021
-2.04982
-2.51179
-3.0113
-.83784
2.95844
2.29314
-1.10353
.564987
5.36029
7.01527
6.71557
5.00414
2.40669
.971717
.272402
-.670862
-1.76978
-2.2
-2.2
-2.98775
-4.28647
.515211
9.3066
7.80304
-.488836
.4006
7.39375
7.26917
2.37397
1.95004
4.5475
5.18405
4.48474
3.84465
3.24523
5.42022
9.5162
7.7288
1.83457
1.62825
5.42453
10.8572
17.4507
15.5985
7.70625
2.42627
-.970399
.955591
6.74991
9.89191
11.0907
9.35892
5.46274
4.77355
6.47189
6.8005
6.10118
8.24567
12.5415
11.1692
5.4748
4.07321
5.97135
5.39278
2.89523
1.18298
.0840534
4.63075
13.6219
16.1518
13.5543
12.1225
11.623
13.7783
18.0741
17.575
13.1793
8.34424
3.14933
5.67031
14.5616
17.8911
16.5924
13.2834
8.28834
6.59549
7.69441
9.7103
12.5076
11.2203
6.425
2.05808
-1.938
-1.13239
3.86271
5.72159
4.82247
4.18816
3.78855
4.18041
5.27933
4.59091
2.29316
2.71882
5.61598
5.69556
3.19801
4.13125
8.22723
8.64642
5.64936
6.8311
11.9261
11.2135
5.01962
6.86386
16.3546
17.9398
11.9457
7.27256
3.87589
2.50367
3.10308
6.9795
14.0725
14.4864
8.29245
6.00038
7.59882
7.10447
4.50701
2.85257
2.15326
5.35943
12.5524
13.6887
8.59371
6.29427
6.89368
9.39821
13.8938
17.9029
21.3994
18.5965
9.10582
5.64786
8.64492
9.67127
8.57235
7.85639
7.55668
7.11395
6.51454
8.6689
13.8638
16.0799
14.981
14.0233
13.2241
12.0966
10.5981
9.7533
9.6534
9.3675
8.86799
9.10934
10.2083
9.18621
5.68963
5.2692
8.46607
10.9772
12.6755
12.3709
9.67357
7.47479
5.87636
6.08311
8.48076
9.26079
8.06197
8.78687
11.8838
11.462
6.66667
5.41908
8.61595
11.8128
15.0097
15.0418
11.0457
6.8746
2.47891
2.26529
7.4602
11.5275
14.125
14.8229
13.0247
10.0661
5.57049
4.75398
8.84997
12.4349
15.3321
17.2543
17.8537
17.0608
14.3634
10.7001
5.70504
5.14087
10.7354
14.5825
15.9811
15.5163
12.4193
10.6412
10.7411
11.6614
13.7593
14.8775
14.5778
12.8156
8.91938
5.75095
3.65301
5.17622
12.0695
16.3601
16.7598
17.1992
17.6987
15.4625
9.06881
5.47616
6.17548
7.18884
8.68737
10.6546
13.352
14.7279
14.0286
11.4732
5.9786
4.17739
8.27338
10.8383
10.9382
9.85755
6.86049
7.08371
12.5783
13.5125
6.91892
1.86265
-.634907
1.60443
11.7944
15.4173
7.92465
3.45835
4.15766
4.15947
2.96064
2.34606
2.74567
3.58111
5.17954
7.93394
12.7292
13.9677
8.87267
4.52803
1.53097
2.15862
9.35157
13.5406
12.2418
10.0645
6.26822
3.93979
4.3394
5.67735
8.77432
9.31403
5.01824
2.6467
3.94543
6.71329
12.3078
13.8259
7.43217
3.30132
3.60103
4.63946
7.13702
10.7362
16.5305
19.6699
17.472
15.0432
12.1461
9.60968
7.81144
6.6652
6.865
6.87038
6.47077
7.3917
11.0881
12.4155
8.71916
7.37721
11.0736
15.1178
19.9131
19.8689
9.27932
3.03056
6.32733
8.91033
9.90935
10.4458
9.9463
10.3048
12.6025
13.6215
11.7234
12.3663
18.8599
21.9574
17.1621
12.8146
9.51789
6.93303
6.03391
5.54733
6.04685
6.6049
7.30421
9.05025
13.346
14.1185
6.22622
1.74737
5.74345
7.88779
5.39024
5.38243
11.6763
15.5257
13.128
11.958
13.9561
13.9039
8.5092
5.12268
7.02082
8.23612
7.6367
7.661
9.35934
11.0577
12.756
13.3586
10.9609
9.4653
10.4643
13.4121
21.8039
24.6019
11.6146
3.99763
11.6901
16.0096
10.6149
7.44321
10.74
11.6786
5.68452
3.18765
11.0799
16.3509
13.7535
13.2613
19.1556
22.6171
18.621
16.5994
20.6954
22.0348
14.7419
10.6391
16.6332
19.392
11.7994
6.82579
10.3224
13.2106
14.1097
15.1944
16.8928
17.3027
13.4065
10.5369
11.1363
11.8035
12.7026
12.5481
8.75179
6.77783
11.1735
14.3136
13.0149
12.8514
16.7476
18.6749
13.48
9.57152
10.3707
11.4461
13.5441
14.4422
10.8458
7.12417
2.92828
.96338
7.55692
12.1861
9.18909
7.91461
13.4092
16.8366
12.0413
8.59748
10.5955
12.3181
12.9175
13.1857
12.0868
11.8365
15.1332
17.5136
16.0151
14.3276
11.8301
9.8187
9.9186
9.92598
9.52638
9.51123
11.2096
11.8212
7.52539
4.69874
8.59492
11.7645
11.5647
11.8732
14.5705
15.8989
10.704
6.7084
8.50664
10.2879
11.9863
12.881
9.78404
6.35616
1.26115
-1.00528
11.1828
21.4808
21.9803
21.8893
18.6924
16.063
16.4626
16.6288
15.5298
14.0927
10.796
7.63579
5.23814
3.54453
5.84228
7.84435
8.14406
8.06447
5.76672
3.9871
5.28583
6.24384
5.14491
4.2
4.2
4.57274
7.27009
9.76331
10.9621
12.4695
15.966
18.4977
14.7014
11.6604
13.6585
14.7587
9.76358
5.67787
7.87571
9.52644
7.32859
5.16746
3.26932
1.82882
3.72696
5.35261
4.953
5.15927
9.95457
13.7418
9.74569
6.75174
11.6469
15.1923
7.89946
2.226
9.81856
16.4079
14.6096
12.6228
9.02636
5.78972
5.68982
5.95298
9.44956
11.9868
5.79292
.568361
4.36464
7.67653
6.3778
5.38604
7.38408
9.09072
7.8919
6.89802
7.99694
8.67755
4.98117
2.18781
9.08106
14.9172
9.12293
3.75936
3.25985
3.14106
7.43685
11.2685
9.57015
8.32423
12.62
16.0932
9.19999
3.20747
8.90189
13.8802
9.28467
5.15541
7.45316
9.71154
11.4099
12.7454
8.74929
5.19126
8.28823
11.0865
9.18835
7.4
7.4
7.43349
8.03291
8.47611
6.17836
3.77679
-.518997
-4.48511
-2.18736
.110383
2.40813
4.76573
8.3622
11.5135
5.01986
-1.07364
1.92342
4.8
4.8
4.74651
3.34788
1.96013
.861206
-.100564
2.7966
5.50301
2.50594
-.345329
1.45291
3.2341
4.43292
5.45978
.164964
-4.90935
-1.21297
2.37069
1.07197
-.183533
.615684
1.4894
6.28471
10.9333
6.93724
3.0103
3.70961
4.39617
4.09647
3.76977
.972514
-1.75316
3.54165
8.76216
3.26755
-2.20246
-2.70197
-3.1914
-.294243
2.6002
2.8
2.99981
