624.734368
652.741124
673.821568
710.122925
748.045525
786.530534
823.031627
859.122331
912.140017
981.861669
1037.670338
1095.846422
1177.471635
1260.096102
1335.889774
1426.532938
1518.943158
1606.054737
1697.949812
1792.616541
1890.868267
1976.837594
2054.520169
2149.598064
2222.885480
2299.713797
2383.402105
2474.734492
2582.559398
2678.175217
2752.498289
2841.897401
2954.007632
3079.969322
3212.066729
3320.457519
3416.063710
3519.194981
3675.509868
3741.268571
3858.057062
3923.692444
4013.028571
4119.931729
4165.649624
4204.701168
4275.266917
4335.254878
4392.009868
4460.592618
4528.428722
4601.714229
4749.084633
4887.388158
5039.937062
5179.250150
5388.304953
5543.672707
5760.058665
5969.140678
6158.625526
6371.044407
6581.512932
6801.726316
7048.938947
7264.738249
7494.568459
7743.777180
7977.062994
8207.216165
8439.068192
8652.435639
8822.490056
9009.771541
9166.338271
9368.487293
9546.564117
9719.167401
9906.703910
10112.648684
10317.351412
10499.389474
10715.591729
10945.017481
11163.890772
11431.633083
11705.348308
11957.788534
12207.349248
12450.738722
12742.725940
12953.091525
13167.892481
13390.208851
13547.688534
13687.621805
13840.485122
13961.573684
14040.492857
14072.759398
14125.189266
14097.014286
14108.134962
14075.080451
14070.710714
14033.490772
14000.374436
14029.824812
13984.490602
14025.069492
14084.973684
14185.827444
14315.597368
14393.800000
14506.203008
14689.402068
14847.746139
15031.562030
15279.186441
15577.115789
15939.075940
16306.833522
16790.568797
17200.233271
17549.985338
17929.800000
18250.904135
18506.724812
18648.715789
18728.189474
18836.516761
18936.819173
19071.485499
19073.014850
19154.612053
19300.184962
19381.937970
19548.971186
19652.620301
19843.028759
20050.136278
20125.610923
20183.487970
20287.860902
20360.598682
20425.723684
20540.830508
20690.348684
20861.720339
20981.424812
21199.760526
21313.750940
21380.961654
21481.430320
21518.171992
21567.191729
21745.635338
21720.423729
21875.201128
22005.894737
22123.188889
22233.403947
22353.421846
22529.771429
22591.643985
22634.357331
22796.135714
22934.239474
22895.787030
22994.178154
23140.648120
23248.846617
23218.739662
23160.159134
23129.727068
23105.668797
23104.938983
23113.584211
23121.509416
23197.729135
23380.757519
23589.887218
23813.411090
24055.903947
24157.479699
24430.127119
24753.809962
25117.159774
25423.828195
25726.027068
26164.470301
26601.533835
27053.873684
27528.765789
28003.465537
28417.892857
28761.993985
29114.989850
29447.794350
29759.696241
29960.703383
30195.300753
30356.944361
30417.769492
30384.270865
30335.785714
30355.944821
30300.431203
30290.461842
30296.994737
30255.056309
30235.983459
30304.536090
30402.499248
30427.351316
30380.613722
30433.660526
30444.982298
30537.938158
30667.927684
30724.447368
30973.100188
31175.262147
31365.009023
31479.171053
31581.250000
31701.796798
31684.085714
31595.514286
31511.176504
31282.877444
31036.254237
30653.246053
30329.367797
29836.020301
29296.939925
28890.019173
28295.281203
27775.382109
27234.664850
26640.561842
26051.231579
25536.825989
25040.002444
24506.966917
24026.078531
23661.281767
23336.577966
23031.021053
22787.177778
22667.138722
22610.298872
22621.693609
22635.944361
22727.197175
22761.182707
22857.719925
22935.417105
23023.058757
23064.248872
23069.036278
23126.361017
23230.579699
23338.029190
23445.931767
23537.579096
23636.268797
23748.642105
23780.105827
23864.987218
24019.777401
24087.939098
24168.197928
24239.894737
24222.479096
24188.117857
24171.312030
24134.416541
24104.544925
24029.233333
23831.517669
23762.583459
23608.712406
23494.600752
23428.000000
23258.160902
23194.757627
22971.864286
22758.901128
22480.918421
22170.400000
21906.230075
21601.718421
21282.779661
21012.550376
20791.797552
20647.656767
20572.515789
20583.778531
20634.399248
20654.463534
20742.484586
20929.093032
21185.646805
21466.618797
21835.126316
22225.452632
22498.442105
22848.427820
23236.690960
23586.330639
23923.988701
24223.057143
24506.644925
24763.606026
24966.993609
25080.334586
25156.331203
25255.962712
25292.826316
25273.350376
25151.107895
25051.976316
24997.604896
24819.477068
24639.776648
24498.121805
24257.324859
23969.976692
23791.084211
23641.742750
23425.880263
23289.049060
23055.197744
22901.431450
22812.901128
22714.234211
22558.250000
22491.814474
22417.781168
22298.637594
22193.049341
22146.686654
22091.196422
21979.414286
21877.913722
21800.484746
21706.951128
21680.360640
21591.907143
21400.394727
21290.270301
21159.371940
21007.256579
20838.631579
20661.436158
20473.202068
20275.086629
20134.451128
19952.880603
19656.228947
19336.287970
19059.560150
18789.974248
18436.044068
18171.853383
18002.940678
17689.711654
17450.592279
17215.747368
16935.851316
16708.300188
16491.204511
16276.788136
16055.360526
15895.540678
15728.747368
15536.000940
15374.747932
15179.839098
15086.503390
14974.691353
14750.844361
14567.327068
14484.239548
14353.589474
14255.250000
14241.023540
14177.256579
14139.309416
14107.418045
14062.252542
14053.712406
14091.271805
14132.927068
14135.374812
14095.460452
14092.835338
14080.245301
13996.193409
13990.756391
14010.607895
14098.440789
14115.715254
14125.764662
14084.714662
14081.477068
14124.824060
14115.964286
14027.546617
13939.666855
13870.128571
13737.103390
13552.697368
13371.485714
13246.944256
13076.726128
12873.875000
12663.257895
12435.205085
12276.590789
12139.195865
11993.892481
11820.811090
11681.125424
11551.434586
11386.857815
11199.706579
11000.247834
10822.799248
10664.886278
10448.401695
10284.129323
10026.989474
9782.257368
9577.967910
9363.493684
9121.216880
8884.045658
8628.070752
8405.934463
8170.217444
7921.969322
7690.351955
7477.152542
7319.111673
7131.506692
6908.683898
6752.589549
6556.101751
