400.309368
406.862034
423.433353
454.761925
468.869068
491.259429
526.231627
552.908887
577.567456
618.093900
660.089004
690.916467
733.841276
783.328486
832.271895
894.379384
943.714368
991.409947
1049.781955
1109.467820
1171.918814
1214.743233
1282.860113
1330.867519
1374.796554
1421.760301
1474.451861
1523.203459
1577.472632
1641.346893
1698.534887
1755.032185
1826.468684
1891.583559
1963.654474
2035.172707
2096.285537
2157.246541
2239.460960
2285.897857
2364.195085
2456.333872
2482.204286
2520.098045
2560.098214
2589.137288
2617.156880
2650.554463
2695.159211
2733.040151
2788.450677
2864.301053
2918.686723
2985.167218
3087.226328
3152.469474
3278.858079
3380.515865
3502.051203
3651.841676
3770.094474
3892.864746
4026.922782
4154.629248
4287.355263
4415.967891
4559.919530
4702.107857
4828.181620
5012.024173
5149.639435
5274.100376
5410.942316
5515.679643
5593.299624
5678.732143
5810.697556
5923.397834
6017.930075
6138.966034
6258.179492
6375.253421
6522.790789
6632.358026
6792.067043
6921.318647
7090.253440
7243.685000
7425.006466
7567.833195
7726.549812
7861.050847
7992.877895
8107.178267
8195.435639
8255.608985
8338.640546
8429.069211
8447.688571
8494.546165
8512.677571
8513.785000
8529.451165
8504.359586
8551.228929
8487.234294
8463.608120
8464.519098
8449.253252
8477.031017
8534.561917
8567.006898
8618.129079
8689.520000
8729.596466
8811.920113
8913.536139
9045.697293
9208.684068
9371.455902
9622.481353
9842.219341
10062.707707
10271.734962
10487.332331
10759.086441
10914.950564
11057.536090
11194.521053
11294.701316
11348.676460
11318.906767
11417.273823
11414.292669
11411.657627
11495.522556
11598.066917
11711.723729
11784.465414
11856.028008
11888.073120
12014.123164
12080.967669
12088.509211
12115.925235
12198.128947
12287.442373
12338.099624
12415.677966
12502.296992
12582.223120
12641.040414
12717.812406
12769.277213
12760.083647
12781.315789
12856.646617
12912.252542
12956.312218
13020.384211
13098.239548
13151.342105
13202.022599
13290.857143
13364.400376
13395.907519
13466.814286
13523.425188
13582.983459
13594.125235
13605.501504
13645.130075
13655.693985
13643.135782
13605.344737
13597.330639
13584.708475
13597.478947
13615.770056
13637.678759
13727.485338
13836.656391
13966.325752
14056.908647
14199.850376
14314.239548
14484.158647
14683.796241
14836.904511
15032.596053
15271.627068
15567.601504
15822.252632
16032.684211
16286.158757
16551.614662
16760.687030
16967.687030
17174.725989
17324.781955
17487.757143
17527.147081
17590.492857
17691.918644
17703.296617
17671.431579
17768.364783
17698.539474
17618.431579
17625.215789
17661.010169
17673.736466
17659.772180
17654.637594
17679.786278
17697.901880
17691.445489
17745.396045
17790.691729
17823.889454
17896.702256
18033.474436
18121.002260
18166.772180
18226.618421
18275.550000
18310.782109
18287.054887
18249.239286
18250.030451
18173.904511
17982.005085
17736.794173
17546.371186
17321.005263
17019.559134
16742.902256
16421.184211
16087.286817
15754.092669
15434.007895
15069.378947
14769.175141
14531.232331
14208.313910
13893.612618
13706.397744
13473.280414
13301.409023
13203.755556
13117.977632
13089.110902
13073.918421
13063.417293
13096.586252
13167.930827
13235.802444
13303.926316
13265.287571
13296.901128
13351.686278
13347.955932
13384.970677
13439.896422
13503.496805
13566.889831
13622.951504
13701.758459
13765.094737
13760.257895
13869.702260
13874.575000
13868.367608
13909.247368
13930.861582
13942.245865
13930.784211
13885.153383
13829.859962
13782.213559
13728.993233
13637.681955
13579.534023
13478.845865
13453.042857
13345.497556
13379.424105
13240.164286
13073.374436
12903.893421
12765.900000
12595.072180
12372.441541
12187.860829
12040.874436
11922.024859
11888.161278
11841.942105
11770.553672
11788.534398
11867.646053
11918.724436
12071.603390
12195.337406
12329.836842
12492.110526
12662.127632
12873.478383
13059.565414
13275.242373
13516.996241
13724.241055
13908.223308
14046.108647
14166.000753
14291.977444
14339.003008
14380.727632
14419.611864
14463.997744
14474.820113
14421.121053
14306.586842
14219.677589
14190.907143
14104.266102
13974.364662
13856.837853
13726.696617
13596.311278
13487.984934
13380.630451
13299.140789
13173.294737
13134.156121
13067.785526
13011.291729
12909.792105
12811.652632
12758.095857
12733.092481
12695.470245
12669.003383
12617.444256
12530.890977
12483.724436
12437.922034
12355.974436
12389.561394
12279.260714
12188.149906
12126.409398
12060.351412
11988.817105
11871.189474
11802.461017
11738.452256
11609.040113
11483.749248
11335.754426
11163.915789
11022.840602
10858.038346
10671.769925
10530.902260
10370.465038
10270.961017
10084.032519
9933.225330
9838.838421
9688.043289
9536.423484
9408.743571
9281.011695
9186.766654
9062.243051
8938.888346
8869.258947
8785.759492
8675.171992
8557.903051
8467.226353
8386.933609
8321.695188
8250.624802
8189.851579
8148.229474
8127.865819
8091.366767
8070.603578
8057.256692
8043.094105
8037.652820
8039.019023
8060.964173
8097.085113
8089.568663
8082.904286
8051.636974
7931.812542
7964.600038
8000.056316
7987.885526
8003.644746
7989.860977
7988.354549
7975.416711
7948.109098
7955.608571
7971.009229
7962.276554
7899.251429
7767.841412
7721.593609
7619.235714
7510.172373
7409.916617
7279.722632
7169.636316
7104.496139
6994.045695
6909.934098
6821.571805
6736.078026
6665.415217
6580.388271
6487.734124
6377.041447
6246.032090
6184.104511
6104.051485
5993.496271
5818.250602
5698.525789
5538.977237
5419.996347
5320.321541
5185.660075
5020.809098
4887.724060
4772.911299
4652.382406
4508.729379
4375.350489
4264.680810
4130.205056
4041.224586
3964.831582
3866.810038
3724.906384
