151.664737
155.185648
157.722030
164.156011
170.761390
181.123673
187.610508
186.873947
189.295220
200.879009
215.246425
226.839247
232.852897
241.774983
258.101338
274.870181
288.009105
293.163579
313.908673
325.576182
343.594288
364.552391
380.053162
390.157148
396.380638
409.329496
427.088440
440.706829
449.813624
460.693058
473.346893
493.207183
521.708763
533.573525
540.837235
565.002263
589.382249
606.874889
621.976631
646.918000
661.112836
679.623773
681.072857
688.837752
705.093096
715.714870
723.056447
732.882348
744.205776
756.121516
763.023466
776.881908
787.294158
821.167462
839.551431
861.087568
881.509145
909.024767
954.799575
977.001550
1012.217030
1045.796271
1070.748421
1105.969699
1144.790000
1175.742637
1203.856485
1255.234812
1288.001751
1310.363026
1367.587966
1399.704737
1422.992260
1471.229680
1500.680113
1518.143421
1537.082613
1551.811525
1578.761654
1617.418722
1649.364294
1672.670263
1695.026015
1740.127556
1784.830527
1817.929474
1860.005977
1905.611259
1953.761917
1982.277105
2020.578195
2083.365593
2102.990150
2116.078663
2143.351109
2177.909248
2195.527627
2193.246447
2207.337143
2220.992105
2239.611638
2251.149286
2234.416654
2224.322481
2207.466429
2204.866497
2217.413383
2208.827895
2199.976278
2206.574011
2220.645902
2236.004831
2244.717632
2251.508421
2268.292030
2291.089211
2328.130640
2350.593045
2368.427627
2422.604041
2481.073383
2507.012637
2565.126917
2629.720056
2675.024060
2738.788437
2798.684267
2846.360301
2881.155789
2905.323289
2926.065160
2932.450752
2928.383089
2942.344004
2957.011507
2944.637293
2979.266147
2999.129887
3011.718872
3010.020357
3034.287180
3040.241469
3051.682331
3086.235207
3095.436667
3109.366053
3134.337458
3121.059680
3133.342373
3148.787669
3172.753383
3184.336861
3215.782857
3209.573107
3211.622707
3267.774887
3269.441805
3289.621073
3297.814173
3289.842256
3308.270979
3316.312895
3316.333107
3343.271429
3348.946466
3357.811147
3398.875714
3409.320977
3383.422820
3394.489699
3415.813534
3422.179793
3399.825000
3406.755744
3420.219737
3400.262331
3381.105085
3384.993158
3394.906742
3402.429286
3407.237143
3412.407820
3451.623214
3485.618647
3498.700000
3519.230791
3545.396109
3583.121504
3656.520677
3683.581635
3720.522556
3768.359850
3817.551053
3886.645658
3948.674689
3997.335301
4059.829455
4103.056128
4115.893371
4172.172932
4190.916034
4242.955348
4277.850865
4274.670678
4261.948797
4254.796391
4273.770659
4256.231880
4240.554079
4227.076053
4248.275198
4250.120282
4217.732556
4226.437594
4231.570338
4247.202838
4234.690451
4224.333672
4234.220489
4236.670282
4243.300902
4273.426485
4290.808418
4309.192669
4333.256316
4342.097500
4358.328456
4364.183459
4335.685714
4316.830883
4310.324098
4247.671017
4207.708534
4178.449153
4123.640977
4072.661299
4008.329868
3936.251241
3837.911168
3753.103759
3692.689868
3628.178947
3529.354068
3432.775075
3374.107444
3309.479153
3224.249023
3193.834708
3179.762406
3095.542222
3071.577312
3069.380489
3052.392970
3025.596316
3026.869115
3051.247293
3066.484568
3074.720921
3046.861412
3055.072368
3069.433891
3057.795593
3058.777293
3070.147627
3105.663778
3098.646968
3118.088083
3124.276241
3162.239173
3158.044962
3170.698531
3141.679004
3161.652241
3170.300263
3155.140320
3154.224323
3154.106241
3141.764286
3128.311203
3122.756497
3116.715865
3085.406692
3077.551635
3050.863158
3074.610000
3015.681541
3007.479341
2972.507143
2938.105846
2898.939737
2861.090000
2827.560000
2795.363496
2751.947476
2712.809662
2692.356667
2666.747951
2634.461203
2606.999661
2622.711541
2635.022632
2632.624662
2660.535443
2677.702162
2683.955639
2724.568421
2764.984737
2811.330094
2842.796579
2869.453220
2898.688327
2934.038606
2973.706692
2994.773252
3037.918173
3062.163271
3076.227105
3092.897538
3090.400169
3082.663158
3089.823553
3054.832105
3035.253947
3032.324934
3029.629023
2996.342298
2966.333759
2947.754124
2910.912068
2878.982519
2854.609492
2823.190376
2813.447256
2762.337444
2755.521073
2751.375414
2724.071203
2724.431053
2695.409868
2666.969247
2637.718195
2632.799171
2630.138590
2626.200282
2615.499361
2592.156898
2597.686102
2574.927594
2534.654162
2503.396786
2491.637495
2494.993985
2478.275631
2455.335263
2461.552105
2432.530226
2413.683609
2379.368738
2348.268571
2314.730791
2265.224530
2237.230451
2220.395564
2171.231598
2137.665763
2065.017895
2067.753785
2043.129586
2020.411017
1993.877368
1957.506711
1931.110282
1907.478233
1869.652203
1848.625357
1825.052542
1798.197970
1768.047989
1734.364267
1731.439323
1698.289473
1676.290865
1666.319098
1630.409398
1617.747966
1609.556053
1592.069474
1588.834275
1584.793064
1573.880245
1561.432256
1559.314388
1552.099117
1545.189436
1551.368195
1544.912180
1532.803070
1551.834060
1549.596109
1531.797872
1548.143308
1536.829211
1540.605789
1542.616441
1527.471429
1519.944887
1517.781259
1522.350902
1527.207143
1528.872180
1521.071356
1506.465714
1504.553390
1488.487594
1440.499286
1418.739755
1393.925470
1383.071316
1357.427895
1337.459153
1320.886090
1303.339699
1284.300789
1266.793102
1254.179228
1233.510602
1211.346121
1193.375789
1175.339322
1168.919812
1128.452350
1110.771186
1094.080451
1074.954737
1056.681974
1018.363202
985.435308
972.372265
954.687186
922.878248
897.795311
871.337094
850.162085
833.683301
800.738727
772.208566
763.588827
739.776708
708.682889
712.743322
