688.889053
732.218348
773.360376
811.640357
850.945763
893.626220
937.493475
1002.901496
1052.225913
1118.607015
1199.378883
1257.034881
1333.221235
1429.308921
1520.130579
1618.443723
1707.537184
1814.859132
1949.973718
2037.456100
2147.298945
2241.610075
2327.135217
2431.715789
2519.071638
2609.871767
2683.430244
2802.380132
2912.289850
3006.040508
3122.373515
3229.961657
3344.064474
3502.297627
3626.627462
3728.531429
3856.829548
4005.132312
4118.781450
4256.445714
4343.455047
4455.539398
4545.457143
4624.331729
4677.356823
4733.479567
4801.824737
4851.864972
4899.738684
4973.195593
5073.332782
5229.135639
5330.212712
5488.902331
5664.763145
5845.442951
6046.371601
6239.032331
6475.423045
6724.703917
6925.762444
7159.734407
7404.581316
7639.005865
7877.325263
8138.899736
8403.073722
8662.015865
8935.641186
9217.725789
9500.800113
9705.262331
9937.146045
10080.056617
10222.870639
10439.177707
10657.226391
10819.543258
11004.213459
11244.191974
11481.438362
11691.952895
11950.532519
12239.280771
12461.486893
12720.440827
13014.938665
13329.013665
13659.706278
13994.171353
14286.024323
14496.026949
14720.796767
14905.703691
15067.487688
15214.382895
15378.656817
15530.354342
15585.108571
15580.224586
15632.999605
15663.855000
15643.762857
15588.491992
15575.590714
15509.549849
15511.411353
15495.001278
15524.851429
15617.453955
15663.400602
15704.636466
15790.066842
15934.034211
16088.156165
16281.750827
16452.709623
16758.636203
16992.635085
17356.787444
17733.816165
18196.049567
18714.225169
19095.729211
19547.963083
19949.704143
20301.610019
20575.258647
20699.621053
20750.857895
20843.917326
20932.269173
21010.520716
21092.182143
21156.607345
21249.869925
21364.184962
21522.074011
21747.080451
21928.242481
21974.541353
22092.202260
22201.690226
22239.603947
22295.067608
22416.276316
22637.591525
22834.032143
22956.672881
23130.830827
23209.198684
23360.788722
23470.462030
23501.039925
23615.057707
23641.318045
23702.475940
23803.218079
23955.351504
24119.826316
24278.394727
24363.852632
24395.551412
24506.657143
24662.956203
24766.284962
24894.642857
25042.491353
25166.419737
25252.370433
25250.809023
25332.112030
25337.730639
25317.921092
25238.869549
25198.055827
25155.525424
25199.305263
25294.087571
25428.728195
25601.764662
25804.753383
26056.963722
26196.225000
26458.517293
26684.144068
26977.577444
27315.311654
27715.725188
28125.134211
28594.894737
29045.147368
29589.421053
30121.481579
30606.803390
31056.968045
31505.163910
31930.158647
32241.114313
32550.994737
32833.684398
33034.411488
33159.331579
33313.120339
33314.802256
33238.426316
33155.100188
33155.404887
33204.644737
33263.626316
33260.441996
33250.536278
33288.669925
33304.672180
33363.725000
33323.098120
33339.090602
33395.587006
33469.388346
33570.679284
33851.467669
33995.611466
34103.662712
34346.136090
34633.036842
34780.750000
34919.621657
34968.167669
34869.832143
34732.421617
34468.004135
34104.215254
33612.504135
33336.493220
32769.613534
32168.537288
31648.405075
30912.265414
30397.002072
29834.830075
29176.253947
28542.189474
27920.946893
27370.382895
26905.253383
26433.201883
25994.024812
25629.309793
25277.241353
25102.211111
25013.574624
24976.591353
24993.730451
25063.523120
25209.101695
25277.256391
25328.436842
25440.330263
25523.249529
25492.745489
25511.898120
25631.677966
25732.493233
25852.013371
25941.264286
26115.301318
26288.475940
26485.383459
26516.334962
26590.725564
26687.471751
26798.712782
26895.882109
26881.328947
26934.550659
26975.114098
26970.696241
26873.218045
26721.978759
26601.532768
26443.865038
26399.293233
26309.289850
26161.011278
26122.685714
25947.212970
25733.329379
25535.414286
25254.481391
25030.647368
24639.900000
24287.316541
23948.199248
23584.516761
23318.558647
23112.104331
22871.868045
22801.748872
22838.841243
22955.982707
23023.155263
23184.996992
23430.935782
23732.206767
24046.178947
24432.226316
24775.367105
25168.961466
25554.977068
25963.980791
26355.249624
26730.318079
27144.538346
27465.430639
27702.045009
27899.239474
28043.213534
28182.324436
28238.274576
28303.223308
28230.596429
28128.677632
27982.560526
27830.410546
27707.452632
27553.167420
27271.338346
26986.420339
26814.170677
26634.269925
26369.035405
26178.615038
25936.639662
25863.631579
25631.015066
25541.353759
25393.103008
25319.636842
25183.488158
25054.995480
24975.386466
24907.677589
24850.744361
24803.500565
24677.071429
24507.263910
24458.791525
24379.769173
24178.417702
24086.717857
23938.231262
23894.891729
23712.140490
23587.455263
23330.547368
23222.681356
22951.263722
22744.634463
22519.939850
22249.307721
21980.559774
21642.280451
21315.030075
20983.081391
20665.644068
20361.152632
20072.275706
19709.656842
19429.302109
19116.839474
18899.634605
18677.017495
18388.425301
18135.952203
17948.899925
17727.606102
17496.746917
17274.576748
17075.426278
16916.538647
16688.844539
16529.299699
16368.270977
16240.667594
16083.410395
16013.350395
15875.901579
15851.107401
15781.218083
15699.373484
15618.269925
15597.599642
15657.449117
15663.632632
15639.034436
15678.256579
15650.647740
15647.408496
15619.434850
15645.327684
15602.341917
15616.201579
15591.786579
15563.440169
15617.632857
15646.507782
15552.450432
15493.577180
15501.783571
15464.833139
15334.402976
15166.522857
15042.009040
14878.307444
14635.492857
14461.669096
14308.030207
14043.946184
13852.282105
13710.149228
13477.015263
13266.341504
13126.300865
12984.118797
12794.930075
12611.294812
12481.069228
12308.451880
12059.904953
11888.084173
11656.922744
11430.162034
11236.588195
10931.317368
10695.206711
10425.817740
10193.072707
9908.457895
9624.961898
9324.802256
9092.375537
8858.461823
8577.930056
8306.372594
8088.289812
7894.642650
7683.462481
7471.524670
7281.776711
7078.584294
