139.836895
137.371411
140.132447
137.550989
151.158695
145.735910
152.101051
157.008541
151.484567
151.387139
162.972977
166.003832
168.775786
177.472215
180.997406
187.090633
198.256447
198.448658
196.023820
204.696996
215.607829
221.078278
226.134181
223.863034
236.645418
245.583763
252.167647
252.850380
255.095203
262.398733
270.920389
279.077712
283.529421
286.260492
293.421004
301.491594
308.641853
318.882643
331.852047
327.500929
337.571861
346.406639
352.328286
354.683451
358.593934
366.049844
366.227951
370.140147
388.508987
388.278710
385.052489
401.268624
405.427249
416.829898
427.878469
460.698412
474.763188
498.456008
509.721964
527.385245
563.580793
585.969085
616.298419
662.230789
692.768474
725.577902
761.451286
805.310331
846.706431
891.199889
946.591921
996.028331
1035.187119
1091.978515
1136.775564
1204.191729
1265.516579
1312.121940
1369.153383
1439.364793
1506.061638
1569.547105
1637.109173
1705.877650
1777.908192
1856.409850
1938.419211
2022.446805
2057.469549
2147.358045
2215.622387
2292.681525
2347.679023
2381.253804
2435.591278
2484.277782
2508.759774
2535.594605
2566.448929
2597.082857
2586.500000
2615.041429
2633.166917
2632.058158
2618.900714
2632.379642
2638.487744
2622.697293
2624.636767
2636.398475
2662.140226
2667.570019
2659.503684
2666.984211
2666.366316
2668.452086
2697.779153
2708.962180
2714.588644
2718.842838
2749.885263
2796.010094
2809.686372
2826.895583
2834.667143
2868.860866
2890.065376
2898.132932
2886.091579
2855.553816
2834.180923
2819.137293
2814.858475
2814.105714
2801.840791
2767.268346
2758.432368
2759.918870
2740.476128
2743.870263
2744.883195
2738.887439
2726.905714
2738.856203
2751.240942
2744.270789
2753.870678
2774.888064
2759.123729
2759.381353
2781.088233
2788.003929
2791.892556
2787.813258
2787.181053
2801.853985
2762.166015
2746.872994
2717.225789
2704.026579
2701.395669
2680.209079
2648.824595
2638.274286
2641.136429
2610.828853
2598.255000
2582.846654
2559.711147
2584.809529
2554.714511
2521.774154
2511.382726
2523.465122
2515.462368
2505.641147
2492.775085
2481.341053
2477.962976
2471.903628
2469.820714
2492.453233
2504.490827
2485.745338
2495.059925
2481.192881
2455.698703
2465.803835
2461.404173
2462.138835
2437.846504
2428.806316
2437.272105
2438.513421
2437.300621
2449.944248
2451.246071
2420.367425
2413.859247
2438.623008
2437.841635
2420.636196
2398.675414
2354.323559
2290.039774
2246.793534
2229.319077
2162.875226
2096.091974
2054.518947
1999.234124
1931.370132
1883.312857
1849.136767
1823.817876
1822.553383
1796.094962
1774.828267
1780.052406
1776.735951
1775.628346
1787.643947
1800.204689
1839.023722
1887.123684
1943.477500
1992.273616
2061.597820
2161.513929
2275.550902
2397.146692
2495.492373
2655.336034
2799.791525
2924.745865
3084.817175
3219.369342
3353.501842
3508.836290
3624.480827
3747.416184
3878.714737
4001.284350
4117.296560
4209.708271
4276.208719
4358.682030
4475.938908
4594.599774
4684.525556
4786.231673
4947.867970
5106.689361
5263.773289
5438.605330
5609.135188
5783.225846
6001.312368
6177.831846
6334.778233
6522.119549
6707.440508
6860.664586
7024.706836
7236.851316
7424.388719
7587.008609
7765.615207
7961.785414
8093.020677
8266.135198
8417.069868
8534.378418
8631.702368
8744.182976
8826.219079
8860.983534
8917.456992
8970.468929
8986.571073
9045.861504
9041.326109
9038.864173
9040.688421
9037.781429
8991.611485
8996.846026
8917.908571
8891.729850
8804.369474
8717.150000
8639.110602
8526.838026
8392.484539
8284.753459
8209.509567
8149.092876
8125.745414
8094.803785
8096.097538
8099.564398
8154.069774
8215.935009
8302.778665
8392.538872
8459.519474
8593.819079
8711.691842
8840.085188
8989.629153
9111.719944
9220.839190
9334.919624
9428.760996
9528.028983
9581.027256
9644.732180
9710.472368
9737.482712
9739.260000
9712.168045
9675.782105
9667.450789
9626.348117
9526.519060
9429.039906
9370.546090
9306.944520
9205.757444
9134.042256
9117.606761
9016.851184
8953.667256
8867.409474
8756.663597
8741.098402
8706.234887
8665.904211
8605.974737
8574.600207
8531.764887
8498.855122
8466.532274
8444.435518
8404.515451
8333.686617
8328.469153
8298.813383
8222.000414
8184.825714
8129.399736
8084.826391
8018.378644
7966.236316
7948.074211
7886.891130
7794.829154
7731.584331
7635.331729
7518.917288
7417.608759
7322.808872
7236.694887
7125.281786
7023.513503
6878.758534
6771.984407
6672.735827
6609.484708
6482.138947
6377.811974
6249.898437
6156.756278
6105.768814
6046.994023
5972.436102
5892.100226
5822.181053
5759.542914
5678.024023
5615.899284
5544.880395
5510.243835
5429.310902
5390.807740
5321.663289
5277.773947
5232.997797
5178.361541
5197.786535
5188.366316
5158.250094
5173.301992
5180.426241
5164.120113
5177.973797
5164.028041
5121.753835
5144.466654
5144.643597
5139.703947
5161.021316
5158.840263
5154.880000
5154.959699
5167.539756
5143.631071
5131.268271
5132.952143
5113.584511
5088.457985
5063.174286
5015.395593
4955.922538
4858.377143
4812.344576
4723.260921
4667.700000
4598.766316
4531.774539
4482.067519
4404.195526
4323.477368
4265.700376
4236.296158
4201.875038
4135.054878
4056.339041
3994.052561
3949.186880
3901.881071
3772.766610
3708.754286
3643.115789
3580.557895
3476.641469
3414.928195
3305.895320
3222.070902
3145.752857
3031.609605
2941.878703
2868.779209
2786.973421
2718.080075
2635.565188
2565.044662
2482.604030
2417.844962
2346.769831
