119.110579
120.951702
120.434637
118.922410
116.011356
126.067598
124.832695
129.733850
128.883249
131.448650
136.577049
138.800000
140.245596
144.240836
150.430353
156.718288
160.451158
164.152763
172.244590
179.225447
184.674218
200.228173
200.246271
200.326293
208.104734
213.378293
219.548444
223.202316
227.905444
235.869891
237.585301
236.012465
244.681053
252.685271
257.606226
259.820594
270.878846
281.871789
288.653151
297.840071
304.277928
308.213039
320.650714
324.827985
325.542665
327.774032
331.478267
339.920373
347.127355
352.881335
372.288323
387.767686
403.019876
415.556338
437.397876
448.300297
483.072840
527.248541
558.239141
594.606205
636.513925
684.547644
746.990806
815.397383
886.807684
970.258742
1056.514699
1169.944323
1282.062429
1380.823947
1530.119774
1656.973534
1795.406102
1955.203308
2123.255075
2284.174060
2463.255414
2665.630471
2890.257744
3111.930132
3338.406780
3598.375000
3840.502368
4060.440789
4289.851789
4578.272857
4822.466936
5047.234624
5289.434323
5515.538045
5724.574756
5931.335085
6102.824737
6256.596667
6364.405526
6464.803947
6586.759360
6677.290921
6737.967143
6808.779023
6869.052486
6879.447500
6901.751466
6911.607744
6945.436429
6934.795480
6939.663158
6986.967519
6991.276635
6994.092203
7005.504511
6976.199643
6953.762500
6981.097368
6986.231654
6968.520526
6975.668550
6960.796165
7003.410000
7010.160451
7003.839850
7023.555009
7033.863722
7051.295583
7036.344699
7008.446328
6945.751071
6853.202632
6752.303684
6633.562632
6500.383013
6401.807068
6345.671751
6263.126353
6160.809586
6100.702256
6058.112989
6042.989040
6000.846729
5977.362500
5912.706805
5876.552938
5838.745338
5826.163271
5815.320904
5808.745526
5820.264576
5827.954023
5849.642034
5837.814812
5839.868102
5827.843139
5803.787068
5745.053917
5702.956974
5633.892256
5567.972707
5463.695706
5406.092970
5337.482218
5258.095480
5184.527237
5086.099454
4990.625714
4949.654211
4900.324079
4819.576429
4742.766767
4667.706861
4633.316026
4583.042932
4536.332763
4502.569417
4498.232279
4488.478609
4449.806805
4416.517119
4431.033158
4452.914614
4446.293966
4437.788759
4431.479173
4433.402726
4388.679323
4317.713083
4258.352373
4201.103064
4128.316767
4043.847143
3990.373008
3942.136165
3856.335263
3787.312632
3734.056711
3690.667853
3660.792895
3617.955357
3555.478778
3501.118512
3447.383684
3378.142444
3287.157589
3131.717970
2987.503220
2868.004211
2692.877820
2530.467232
2398.776429
2279.276842
2179.670000
2060.732486
1964.648346
1925.378496
1858.847895
1773.414398
1747.862218
1687.295188
1665.115800
1651.502538
1633.942166
1622.403985
1641.801861
1666.642712
1728.133571
1835.875263
1921.102500
2043.709058
2225.718421
2457.525357
2750.087820
3088.242744
3506.394746
4015.812293
4571.083729
5179.309474
5863.388211
6563.865075
7210.858083
7928.765763
8605.994586
9316.843816
9951.969474
10506.384746
11075.498308
11606.242481
12114.932768
12677.604511
13197.061582
13773.683459
14365.144444
15034.747744
15673.090977
16380.300376
17146.395301
17925.721846
18615.678195
19327.412030
20070.989474
20765.998870
21487.368045
22197.911654
22870.674576
23588.896992
24361.720527
25162.636842
25873.143503
26558.029323
27227.058647
27778.798872
28361.383459
28953.796610
29506.430075
29959.174200
30421.628947
30774.365913
30995.106391
31247.624060
31452.784211
31542.910526
31624.053107
31649.306015
31686.189850
31731.266917
31685.494737
31598.471429
31551.091917
31438.409040
31271.600000
30993.335902
30620.275000
30176.500000
29804.482707
29447.828947
29090.724105
28788.974436
28543.410358
28356.102820
28245.932331
28273.102825
28422.718045
28605.435526
28867.330827
29169.535405
29585.695113
30013.974436
30429.268421
30981.098684
31516.738158
32001.739474
32612.835593
33245.865789
33713.804143
34112.231579
34521.249060
34842.176460
35109.348120
35280.656015
35437.104699
35625.566102
35533.266165
35475.834586
35384.740789
35234.215789
35028.193597
34871.403383
34566.064595
34260.830075
34077.045763
33816.777444
33491.058647
33218.735028
33008.446805
32792.357331
32611.275188
32400.775895
32108.238534
31981.659398
31937.971053
31779.830263
31688.748399
31608.068421
31497.347834
31392.477632
31279.950471
31112.046241
30948.440789
30867.481356
30684.439098
30463.277401
30534.107143
30425.390584
30254.920677
30099.764407
29978.905263
29701.747368
29440.354802
29184.105827
28821.730132
28491.990602
28135.403202
27688.211278
27229.469925
26782.693985
26447.775940
26146.858757
25717.554135
25421.841243
24944.529135
24551.558004
24190.536842
23948.171053
23614.935593
23292.773308
23085.847458
22823.040038
22521.657627
22259.162406
22016.862782
21773.764286
21535.097744
21374.525047
21126.393233
20909.021053
20686.337594
20483.447458
20386.339474
20321.328947
20259.519021
20236.771241
20192.354049
20140.600000
20196.798682
20224.188534
20220.204511
20252.630827
20233.930827
20286.292090
20277.645865
20229.934962
20160.799623
20158.833083
20132.610526
20220.328947
20285.003390
20249.394737
20248.649812
20235.539286
20215.528571
20179.328571
20043.569361
19835.663089
19616.757143
19365.555932
19162.678008
18921.928571
18643.908098
18340.417105
18091.875000
17878.142105
17694.288701
17432.429511
17190.246241
16986.707895
16779.784962
16583.847081
16354.439098
16101.537100
15862.338910
15614.509228
15370.168421
15045.196241
14762.269492
14479.447368
14130.289474
13763.372368
13408.507533
13087.251880
12692.808647
12323.868797
11966.651128
11641.183616
11293.655451
10959.483051
10678.871805
10392.128060
10111.250940
9855.466767
9595.423898
9314.632782
9045.673955
