73.681332
71.493126
70.117214
71.940523
69.890275
75.014907
75.430859
76.968817
73.780212
73.328493
74.161849
77.002893
81.031176
81.400779
83.883451
90.397824
88.909486
91.061729
92.742795
90.774258
100.864821
103.147571
105.479734
104.005560
106.319090
111.922940
116.918485
116.306673
116.549902
118.309068
120.709009
126.516154
128.110053
125.385458
129.906667
129.000466
132.757815
145.446011
141.944776
143.910786
151.008891
156.429244
158.066286
162.069805
162.639793
161.289842
167.441838
175.797045
176.706579
178.141145
181.913880
187.052577
197.901740
211.012914
214.484793
228.184107
241.326772
258.337947
282.657538
301.765972
314.825805
347.814356
385.548113
412.814226
451.826316
499.245589
543.599707
597.699038
650.128925
724.021412
789.603181
868.269571
953.282627
1031.503720
1128.776805
1229.334812
1335.760338
1446.939021
1573.413308
1707.657143
1830.713559
1964.997368
2125.306278
2276.036090
2435.627797
2566.239098
2720.198308
2865.959868
3020.352782
3134.316805
3261.417086
3352.827966
3447.835789
3547.934840
3633.795338
3713.393383
3791.078682
3838.886579
3861.746071
3908.814812
3929.849492
3930.931071
3954.268872
3980.505752
3953.465000
3989.482072
3995.794286
3987.114436
3991.028741
3990.744237
3994.651090
3996.086297
3988.013947
3981.293158
3981.575338
3982.429718
3966.581601
3956.111917
3986.664407
3980.996974
3980.791880
3957.825348
3927.158365
3947.650376
3961.106316
3912.713503
3874.773102
3819.868045
3743.853158
3670.287105
3587.033823
3524.733308
3490.327966
3427.956711
3375.549021
3325.973985
3297.335583
3292.183277
3254.321692
3243.844492
3223.965320
3213.441469
3198.842331
3176.155921
3165.378663
3168.030000
3164.371017
3153.779248
3158.749492
3177.195263
3172.196842
3131.059511
3127.619737
3125.246328
3072.293759
3016.436165
2983.709850
2929.721525
2876.254135
2848.975977
2797.604275
2736.916447
2696.136874
2645.880000
2586.060940
2542.180470
2514.432857
2474.546353
2443.596654
2401.360094
2389.561729
2393.420752
2328.827538
2315.345669
2323.526391
2313.801823
2297.259492
2301.327895
2311.502467
2314.029286
2317.338609
2302.585038
2284.664850
2278.965508
2250.901729
2197.921864
2161.231372
2112.151504
2089.852481
2038.242011
2007.415320
1938.951880
1891.513684
1875.494605
1854.756949
1812.509887
1780.345357
1777.875150
1737.223427
1702.956165
1663.274925
1592.481224
1521.917143
1444.723898
1380.962312
1294.225263
1226.452806
1152.430338
1100.434474
1049.442105
993.688881
946.641246
915.342316
889.245008
846.618479
819.989030
798.845026
783.270642
787.286256
786.655458
788.908586
796.448882
793.623531
816.221068
859.135684
907.536500
979.916011
1082.842932
1198.853571
1334.209267
1520.221053
1751.042542
2009.331128
2325.886780
2661.936917
3046.581130
3467.920320
3866.602218
4294.515028
4742.634925
5150.913553
5505.316842
5869.934689
6260.406523
6602.519662
6911.662806
7247.198440
7560.541921
7913.168421
8282.755556
8690.855000
9087.089511
9507.610263
9982.325639
10418.326742
10895.100000
11348.048684
11759.206579
12229.563465
12679.834586
13094.048120
13558.206780
14016.834586
14446.843126
14987.459023
15398.532392
15835.359774
16267.358271
16657.587406
16978.312030
17287.490395
17675.169173
17957.075706
18207.913158
18437.044821
18621.629511
18748.624060
18867.670677
18960.738346
18969.163277
18975.113534
19002.363910
19089.880075
19070.161654
19010.785714
19004.221617
18902.479473
18816.714286
18689.240038
18417.857895
18178.500000
17952.127068
17705.739662
17501.885876
17344.916165
17203.223540
17076.692293
16991.153383
17068.829944
17178.487406
17261.245865
17339.043985
17528.303013
17780.448308
18060.378947
18362.684211
18640.390789
18995.012594
19359.840977
19674.363842
19979.409023
20336.656685
20667.406767
20836.582331
21025.989831
21226.351880
21352.887594
21471.793797
21454.749153
21394.604511
21380.413346
21292.739474
21181.468421
21067.275518
20915.804135
20724.419774
20550.003008
20469.317514
20350.325940
20072.262030
19916.427495
19822.602632
19617.640789
19540.766917
19399.887382
19315.515038
19250.276692
19176.497368
19125.830263
19065.738418
18991.527068
18894.845386
18842.881015
18769.488324
18662.784962
18634.082143
18613.577966
18552.978947
18437.448776
18309.521429
18188.758945
18099.827820
17985.988136
17881.589474
17720.842105
17621.988701
17477.459774
17285.863277
17055.448872
16839.497175
16626.653947
16362.667669
16123.140602
15931.138346
15673.881921
15434.192105
15200.711864
14939.269925
14726.962524
14443.647368
14285.921053
14148.389831
13950.602632
13779.569492
13626.444737
13475.032203
13312.029323
13158.796241
13062.272180
12963.822180
12814.810734
12677.374436
12471.603008
12400.248120
12371.550847
12244.018421
12146.634211
12085.854802
12070.734962
12053.446893
12054.231579
12065.635405
12072.611278
12059.064662
12047.499624
12073.400752
12078.892844
12063.208271
12009.395489
12011.996610
12010.376692
12042.613158
12070.755263
12088.866102
12102.998496
12101.509774
12122.610150
12110.697368
12011.621429
11912.541165
11839.344256
11739.700000
11645.336723
11510.621053
11351.235714
11212.228060
11052.308835
10827.435526
10708.236842
10555.795292
10381.375564
10246.509398
10107.818797
9973.945658
9848.099567
9720.538421
9589.856516
9444.340338
9282.865348
9124.826128
8953.236598
8798.988644
8548.215038
8436.305263
8201.515658
7988.309209
7782.453647
7618.637105
7401.613214
7192.461504
6964.895537
6767.494624
6579.934915
6375.679211
6189.540810
6011.936598
5891.364361
5690.780433
5553.825019
5382.814802
