118.543263
122.147333
118.240214
119.803534
121.674136
129.912573
135.195864
130.352278
125.759256
132.293673
137.647274
141.203006
146.098344
150.852062
155.134977
157.912684
158.919250
164.062526
170.195301
169.978549
170.689405
183.971053
187.153729
187.236353
192.940684
197.717068
200.776573
207.763122
213.123301
218.975177
225.470128
230.732503
239.292263
240.118085
242.487374
250.907947
251.186947
263.457045
264.575284
261.380643
267.408891
270.506175
279.122286
285.256015
290.956496
291.214030
294.542925
305.488571
307.163553
308.434288
315.677293
314.325818
314.306655
333.199395
352.314866
364.963509
384.236559
389.259586
397.825532
418.076680
440.614703
455.247390
474.367434
505.487827
534.379632
560.779723
592.880323
617.519451
648.474601
681.062164
719.024718
753.258985
791.713034
828.909972
866.044297
911.100312
956.009517
1011.489454
1051.634436
1087.436259
1140.022147
1186.911316
1237.437594
1285.174267
1334.100942
1390.351805
1450.647406
1498.144624
1571.887556
1615.704135
1671.721936
1713.211356
1754.923459
1802.250904
1832.478703
1856.383233
1884.557006
1908.817632
1929.684643
1942.442256
1968.609605
1958.940000
1966.623271
1993.514887
1962.217857
1979.805141
1978.598045
1960.591203
1956.874906
1974.696497
1984.959662
1996.812932
2009.774737
2007.502105
2007.483835
2013.674774
2007.917947
2017.355376
2042.900339
2064.055846
2064.744812
2064.016535
2095.364098
2099.853477
2133.297669
2146.970640
2145.822744
2150.803308
2152.862632
2151.871842
2142.570565
2102.807406
2079.276949
2107.640282
2095.034915
2058.613534
2064.865602
2063.789379
2039.839586
2028.141447
2062.581297
2049.452354
2050.410301
2046.521034
2035.312203
2036.118947
2042.087458
2042.963891
2044.482712
2070.753083
2053.673120
2079.488534
2072.426880
2069.208079
2066.486955
2056.966391
2051.850602
2029.332316
2010.301842
1998.042256
2002.593465
2003.360395
1987.311394
1969.520000
1960.039680
1960.871692
1927.502143
1922.697820
1902.371259
1889.481883
1877.022857
1883.305094
1873.066466
1860.728399
1857.733083
1853.011617
1845.795763
1837.865789
1829.572994
1825.765451
1836.242556
1852.207030
1839.959643
1832.123515
1830.282707
1831.824294
1816.606560
1834.120827
1814.196429
1815.380583
1812.531391
1813.482180
1807.572632
1806.609474
1803.573107
1806.796504
1822.906165
1815.108590
1800.663013
1796.655113
1785.416297
1789.406478
1771.479511
1718.484746
1704.169342
1663.384662
1637.082166
1598.303195
1546.427763
1524.643158
1489.579435
1431.872895
1410.153383
1407.974361
1367.412124
1329.721936
1324.962180
1333.519718
1321.959342
1303.548870
1309.780677
1328.339793
1335.073503
1367.465188
1399.173684
1423.427500
1466.424689
1523.270226
1584.425357
1656.625677
1734.204211
1819.918475
1930.814831
2031.840508
2117.055865
2202.206177
2317.346898
2402.458383
2505.402486
2608.527801
2694.433947
2765.422632
2823.062542
2911.371692
3004.139398
3057.638776
3110.060301
3184.757420
3267.054887
3333.957778
3423.048421
3506.654361
3616.776955
3723.358985
3836.584896
3975.107218
4110.498684
4225.337368
4333.240565
4451.777256
4584.646842
4707.626271
4817.693308
4944.901676
5075.560714
5193.683202
5317.256729
5432.880714
5544.728759
5665.722030
5746.541808
5831.882650
5944.667533
6011.082105
6081.375782
6143.966222
6166.601504
6172.193083
6203.927199
6261.336893
6298.024511
6309.664380
6319.696955
6296.934586
6272.952857
6240.923759
6236.330697
6204.557143
6149.070301
6106.525526
6047.790000
5974.583158
5915.154887
5849.659115
5765.678835
5689.945066
5650.305338
5639.488647
5586.734407
5606.004812
5631.667030
5642.298308
5678.282222
5699.072932
5757.974812
5860.140526
5956.297632
6029.689643
6091.175301
6159.216384
6242.340357
6322.897288
6405.540902
6504.565545
6561.032335
6624.666466
6626.996654
6596.747914
6640.833220
6644.363083
6654.230489
6630.288289
6617.405263
6571.166930
6507.239981
6479.415235
6444.123985
6385.753390
6331.611222
6260.874586
6196.624162
6175.408628
6147.525338
6045.357970
5959.054294
5942.561015
5946.847857
5899.364211
5865.754342
5836.285141
5826.898346
5796.411676
5781.970169
5768.572448
5715.748308
5673.971447
5658.677288
5637.574436
5604.681789
5560.476786
5514.948550
5492.675113
5475.439341
5425.421974
5366.323684
5350.568362
5310.759586
5249.257665
5185.598910
5120.674746
5049.009549
4976.466842
4897.431053
4790.372801
4727.891186
4651.921128
4586.738362
4521.160188
4469.452279
4405.807895
4317.180658
4252.054878
4200.459286
4141.687458
4091.663383
4031.736780
3967.647895
3910.766767
3866.160977
3847.716579
3787.898098
3734.358929
3745.725489
3685.616391
3630.033842
3608.382632
3580.028684
3559.855932
3527.436071
3503.631017
3502.890451
3488.291469
3472.280940
3465.608421
3461.545752
3468.932312
3462.769247
3465.421955
3458.527011
3450.544991
3482.474398
3458.554211
3464.703947
3462.768475
3472.091504
3478.494192
3463.620132
3440.114398
3435.177857
3428.165113
3402.432429
3377.130000
3343.295819
3301.671391
3293.775714
3214.484482
3174.729756
3128.431447
3096.781579
3033.825424
3013.016673
2964.479662
2906.503346
2867.667143
2837.065556
2805.882932
2760.001883
2703.741880
2667.285857
2636.119812
2591.255526
2548.753051
2498.745940
2462.979474
2396.623158
2333.371525
2285.912293
2228.568045
2151.787951
2095.986316
2043.676328
1985.084079
1921.436328
1860.615188
1813.050339
1758.170451
1693.093233
1662.449567
1599.339342
1567.944237
