162.739632
163.412379
164.844021
168.631353
176.994254
184.101474
189.872492
195.663286
199.026704
207.891365
213.205831
224.954267
238.922889
251.070062
262.872286
273.981040
293.868158
308.806763
318.831549
338.717079
352.444083
356.866045
373.083234
385.025968
400.947638
410.817410
423.223820
431.408229
439.153045
451.855149
471.768229
490.958512
500.020974
518.060068
536.929942
545.526135
573.645313
587.024519
603.102951
609.574286
618.267915
647.838051
666.721714
670.032549
670.380103
683.291522
690.950857
693.066077
708.672079
717.141019
740.452226
759.888440
786.533446
820.713838
850.365339
877.510492
921.709139
974.868992
1012.696805
1067.298343
1139.012932
1199.470508
1256.301541
1335.201278
1422.006842
1492.448286
1574.720921
1688.191429
1799.155348
1903.318440
2010.521582
2106.724436
2252.984350
2374.949662
2497.292406
2638.904323
2783.042519
2931.602542
3092.206541
3259.233590
3446.572373
3645.574737
3811.373910
3992.281767
4178.977815
4391.122707
4593.556654
4767.226654
4930.380113
5108.261729
5304.974774
5460.957119
5588.621128
5683.132637
5761.039699
5844.083083
5942.312147
6015.409737
6025.675714
6063.407368
6111.987740
6108.115357
6125.471654
6175.064850
6175.753929
6188.674294
6185.987970
6178.124135
6178.612368
6169.885876
6141.122406
6150.842049
6172.848553
6170.049474
6181.407594
6182.728308
6191.437966
6192.711353
6187.043729
6225.450357
6256.142932
6252.331864
6275.506090
6313.478835
6326.127820
6344.880471
6306.082707
6256.870752
6202.803684
6102.215395
5983.823635
5889.926316
5827.055706
5749.100771
5700.819360
5699.177293
5698.782951
5677.705198
5664.679774
5606.019962
5612.319756
5596.608663
5568.129624
5546.373327
5530.039115
5537.617895
5560.016780
5557.557914
5542.629153
5540.873158
5540.691541
5519.151541
5510.426692
5497.198814
5458.956335
5458.076617
5406.884887
5379.465537
5308.497274
5224.222632
5177.353239
5126.374474
5078.874369
5071.581429
5040.436203
4978.023177
4947.427143
4918.016203
4937.815320
4892.685198
4866.707519
4833.498477
4808.529060
4816.320019
4819.040677
4793.819850
4807.922542
4820.764211
4792.582316
4783.493477
4804.501466
4805.468383
4810.714511
4787.866861
4778.445113
4754.077910
4742.928365
4730.197669
4673.278684
4651.642011
4652.056692
4666.418872
4637.234737
4637.707500
4646.883051
4634.511842
4637.619342
4628.306805
4620.769040
4617.537744
4641.117538
4574.771883
4497.155564
4441.997966
4371.005808
4285.561955
4186.848550
4101.856278
4016.043289
3959.098684
3900.555330
3838.100771
3796.071805
3753.131128
3718.060977
3708.822180
3705.685940
3677.170603
3706.527876
3746.351130
3783.854962
3833.782519
3897.426554
4024.299774
4119.110526
4222.125000
4341.437024
4501.278571
4703.230357
4888.260808
5091.807820
5388.587288
5680.978553
6003.181695
6322.184211
6676.603710
7034.963496
7417.901992
7782.937721
8127.175771
8470.441842
8865.616316
9245.641186
9572.331579
9912.207895
10263.817137
10563.759211
10893.247458
11359.835338
11860.500000
12347.587406
12947.488722
13508.328571
14087.913910
14628.293409
15268.367669
15774.734586
16328.998684
16885.093032
17439.549624
18063.847556
18694.698305
19280.917293
19903.323729
20562.965789
21143.311111
21736.698496
22207.258083
22678.774248
23107.000000
23546.087006
24015.468233
24391.400565
24673.665789
24912.278908
25171.730263
25338.822556
25443.541353
25553.252632
25615.754802
25704.958647
25780.906015
25720.724624
25631.337594
25632.571429
25595.285714
25491.656121
25295.071429
25079.530639
24769.665789
24442.500000
24113.206015
23737.296805
23442.116384
23214.003008
22984.980038
22898.115602
22933.110526
22997.869492
23091.239286
23218.853195
23459.894361
23718.637100
23996.190038
24302.895489
24665.310526
25106.255263
25584.934023
26046.737218
26450.373446
26848.018045
27268.991525
27639.578947
27962.417857
28261.504143
28358.301504
28604.255639
28737.542293
28753.903390
28773.763910
28663.413722
28575.951316
28451.205263
28266.690584
28103.506579
27885.559510
27595.193233
27328.619209
27095.079887
26855.421053
26652.436535
26470.213158
26346.046617
26183.239098
26047.423917
25935.558271
25744.016917
25671.813158
25549.238158
25391.005273
25326.636090
25191.047458
25024.091729
24946.894350
24915.237218
24859.660150
24733.994915
24580.918045
24588.796987
24430.667857
24245.293974
24105.577068
23979.174200
23851.742105
23686.557895
23503.549718
23259.137970
22981.977213
22686.803383
22393.152919
22084.019737
21741.243609
21385.017293
21006.111278
20683.977401
20322.136090
20002.383616
19682.585150
19434.170056
19183.231579
18927.517105
18646.265537
18394.651504
18173.418644
17966.121992
17769.776271
17554.824060
17360.049060
17204.871805
17010.493233
16860.032957
16714.676316
16517.331579
16419.796241
16161.583051
16024.818421
15915.434211
15803.457250
15752.378383
15771.458757
15751.837594
15740.136911
15784.890789
15837.891729
15829.064662
15765.915789
15743.873070
15694.366165
15672.804323
15629.577589
15604.978195
15541.797368
15545.618421
15626.800000
15640.036090
15612.938346
15583.058271
15575.065789
15535.957143
15447.337970
15274.608475
15042.214286
14902.814124
14763.115038
14527.914286
14344.157062
14119.517669
13896.350000
13718.957895
13564.948399
13351.376128
13166.344737
13037.346992
12859.162030
12636.147269
12443.147368
12244.841055
12031.568797
11843.565725
11602.185338
11368.867857
11118.403390
10886.665414
10597.100000
10317.535526
10018.145009
9744.017556
9464.985583
9182.348496
8934.928195
8705.021525
8454.879398
8198.434181
7953.652030
7715.423917
7500.912105
7315.680376
7116.806591
6874.131335
6774.657684
