130.321421
130.235132
130.624942
133.280485
136.114220
139.279258
142.135881
150.444083
152.455476
152.001814
163.379421
173.169305
175.578098
176.704921
184.920008
199.444514
209.309066
224.599632
233.013485
243.712318
249.890866
268.068880
271.753729
275.915846
280.123096
286.617410
297.120793
303.061566
309.645105
319.431981
329.346893
339.904024
351.117921
364.413153
374.362959
379.380519
395.095851
413.351143
417.829780
432.708071
437.602900
448.652088
457.659714
461.529789
467.191579
479.809058
485.359241
481.817211
491.816645
506.797171
510.562113
530.297648
557.986102
573.174598
587.507420
613.671880
630.490356
658.538940
686.954305
717.186795
754.968481
790.592000
829.224212
876.247338
923.551474
971.483815
1026.058214
1091.728684
1135.772655
1184.016711
1229.159548
1312.181579
1375.383333
1440.153289
1524.777331
1617.001015
1684.850019
1758.879925
1852.337895
1943.215752
2042.286949
2146.479211
2238.566579
2380.933008
2470.704444
2551.883910
2696.878929
2796.309887
2920.601692
3029.826955
3140.100376
3218.110847
3324.830977
3404.405650
3465.480019
3526.985451
3575.828060
3620.602500
3665.057857
3699.785789
3722.905876
3733.425357
3736.185038
3750.773985
3765.828214
3723.659793
3749.823684
3756.822857
3740.524154
3777.236271
3785.957556
3766.379492
3777.677632
3801.345789
3806.165940
3809.341165
3827.660998
3842.213647
3877.215932
3906.521654
3918.069474
3959.684557
4006.288590
4029.559267
4065.830526
4073.116422
4082.473985
4081.196241
4053.691579
4003.303289
3955.627100
3924.505414
3862.883107
3850.980902
3829.323974
3794.168647
3803.009793
3798.137797
3768.642707
3796.294680
3783.583177
3771.497213
3770.213308
3767.511053
3760.782750
3762.077632
3780.006441
3801.068985
3801.504237
3796.735789
3828.372876
3809.601259
3818.134211
3802.724200
3770.972218
3770.617218
3769.081880
3721.003277
3716.235658
3709.452293
3698.289718
3690.709342
3664.500113
3626.507143
3602.349605
3600.107425
3609.745714
3610.876391
3569.916842
3535.883220
3512.084436
3499.162669
3518.696241
3493.530226
3479.174511
3478.242481
3465.455254
3449.185263
3446.133766
3449.255038
3450.926579
3464.275263
3477.533534
3461.834624
3471.845639
3451.079548
3451.074455
3450.356767
3441.715714
3469.443722
3496.525959
3474.825489
3459.818947
3452.435658
3455.479774
3479.720865
3504.641786
3522.464229
3545.208023
3564.995038
3521.467707
3509.027608
3494.048609
3488.232034
3436.232162
3387.767143
3326.704482
3267.886711
3209.165921
3180.735526
3157.914783
3130.916560
3111.282030
3081.551353
3059.831805
3065.202350
3046.657895
3041.599925
3073.421898
3104.532147
3098.181353
3127.557951
3170.384294
3202.126579
3240.736842
3305.885000
3385.865179
3485.913233
3611.789643
3740.773741
3862.994549
3992.262881
4127.586654
4304.069322
4530.264586
4695.714426
4886.695940
5078.539774
5301.732298
5504.871485
5706.291579
5926.820526
6130.991751
6343.771203
6575.098271
6765.196045
6930.633289
7164.772618
7406.333534
7585.964444
7829.885113
8197.115677
8510.853421
8868.843346
9223.487232
9588.159624
9922.778985
10272.936842
10598.723164
10942.158647
11303.553571
11686.542373
12060.303008
12372.741243
12762.076128
13136.803390
13517.654135
13824.727444
14139.101880
14449.191729
14724.080226
15030.494549
15190.164218
15387.186842
15587.270433
15810.246429
15952.324812
16016.322556
16079.727632
16100.125424
16094.246241
16082.228195
16156.702256
16174.375940
16175.900000
16158.007143
16117.172881
15933.171429
15810.730263
15667.513158
15497.300000
15290.908271
15109.624812
14911.817891
14713.364286
14588.499812
14497.029887
14471.943609
14511.146328
14570.798120
14634.513722
14748.334211
14847.332392
15029.228947
15237.678947
15465.173684
15701.867105
15966.210150
16219.258271
16476.025424
16769.041165
17013.887947
17178.326316
17396.863346
17636.201695
17804.851128
17963.215414
17885.195301
17913.430508
17923.548120
17950.022556
17886.840789
17846.365789
17736.013559
17593.259398
17478.569303
17344.497744
17220.294915
17098.959774
16909.104135
16765.235970
16633.267105
16521.394925
16366.828571
16335.535405
16228.138722
16108.845865
16048.036842
15956.471053
15913.762335
15924.702256
15864.853107
15793.978383
15753.980038
15685.032331
15589.492669
15502.628814
15445.540602
15425.298870
15417.278571
15301.419962
15199.558271
15014.510923
14965.019737
14828.694737
14722.766102
14604.800188
14440.323352
14278.781955
14104.373446
13913.653195
13740.595489
13540.265414
13285.732895
13081.766102
12841.954887
12688.058192
12508.094925
12322.489454
12146.610526
11962.740789
11840.368550
11652.515038
11469.649153
11320.580639
11171.013559
11057.500752
10947.176128
10796.120113
10691.048872
10578.398682
10409.078947
10337.266917
10280.832331
10164.755932
10082.423684
10032.176316
10010.685687
9931.553553
9935.127288
9959.429850
9959.140960
9972.528741
9965.771880
9956.585827
9980.978440
9939.913239
9950.377068
9924.895207
9933.370640
9906.881617
9934.390789
9969.576053
9988.568136
9947.922030
9907.736203
9891.320207
9907.844887
9922.284286
9868.174662
9770.680546
9665.031429
9554.796102
9535.420658
9386.368571
9198.963145
9011.441805
8916.531579
8805.977895
8691.725687
8542.430094
8428.123120
8344.005451
8211.633910
8077.017156
7967.646090
7868.599736
7778.275545
7656.217326
7483.581090
7346.455996
7214.509153
7074.267143
6920.936316
6745.745000
6596.170075
6434.989023
6230.587162
6070.396485
5912.361278
5749.744011
5575.937143
5421.797627
5288.823684
5131.439341
4976.044173
4850.970451
4737.117910
4651.714117
4487.008588
