66.658984
63.472382
66.179993
61.378654
62.277920
62.400000
65.274222
62.976016
60.462468
63.381411
61.219520
66.300337
68.944794
64.210746
66.808026
73.698466
76.690829
77.409861
76.859186
74.615429
80.702234
86.394559
81.062453
87.052328
84.369969
85.083620
88.791457
90.285334
92.766102
96.647251
99.497630
100.406452
98.879308
100.873810
107.676404
107.290526
104.262397
113.545829
111.696991
114.757214
113.983996
121.584724
123.934286
124.325226
126.324457
128.857435
130.115602
132.270642
136.856566
140.665090
147.397962
153.642912
162.177582
172.581357
178.867621
190.772303
206.309392
216.517278
227.861989
248.476680
275.391289
300.768373
325.876312
359.396534
402.703947
443.774260
484.901235
547.710173
605.665740
678.094983
747.929062
818.809436
897.585554
993.667051
1093.938910
1195.337218
1295.639079
1417.753898
1545.641203
1677.909286
1826.841130
1965.188684
2089.326429
2234.894211
2396.323503
2527.532331
2677.492049
2836.249511
2981.717895
3089.121541
3230.868853
3353.657966
3447.775263
3522.207533
3599.158722
3662.991880
3715.252712
3772.646579
3821.675714
3873.483083
3890.295650
3916.698571
3958.462744
3952.474474
3937.537143
3948.374972
3955.150226
3949.044211
3945.859549
3967.292373
3981.528722
3985.806898
3984.785526
3965.533158
3954.874737
3961.546805
3923.546629
3915.908271
3897.703559
3913.397989
3914.078797
3921.680979
3929.019474
3881.255094
3872.747556
3849.140132
3791.400714
3748.232105
3675.157895
3585.857895
3535.809887
3458.279323
3385.319134
3356.406410
3303.516403
3253.696391
3221.574229
3205.461469
3164.685226
3137.477462
3117.074267
3103.467778
3070.014812
3041.168703
3036.823785
3023.517368
3018.314407
3049.590695
3046.122034
3033.242932
3036.322350
3024.181880
2997.012218
2969.094275
2934.646729
2907.777444
2840.888722
2801.014237
2755.329229
2710.248120
2644.681638
2578.920526
2523.087024
2460.595714
2416.017556
2381.136861
2349.656429
2292.692744
2273.874793
2246.039153
2215.796842
2197.358158
2167.840752
2144.763635
2135.157519
2142.405921
2150.963051
2143.542632
2132.735951
2126.544605
2120.803271
2121.870940
2098.845056
2072.603139
2063.890977
1999.620339
1947.911071
1907.875902
1880.589586
1797.497613
1746.659436
1708.528647
1661.541579
1611.963947
1567.567514
1533.886541
1504.979887
1474.533929
1454.973258
1424.717669
1371.421353
1314.830716
1241.831917
1162.147966
1110.947632
1039.228195
952.238949
884.247712
828.846368
771.574553
723.115524
681.418241
637.496925
603.317023
579.506137
552.654227
541.373398
522.802945
523.375712
519.814559
512.760474
529.214571
536.065107
559.039835
594.797763
652.054750
711.545484
786.850286
900.420214
1057.159229
1264.597293
1503.244576
1782.567594
2092.145763
2462.049398
2842.473390
3257.930150
3700.689098
4137.980452
4538.386109
4939.182632
5338.487895
5709.042034
6059.678346
6392.188120
6727.030452
7065.060113
7359.175028
7692.702707
8064.388889
8470.258703
8873.936880
9297.622632
9769.867030
10176.163842
10622.598496
11145.731391
11554.580263
11936.746328
12373.442481
12822.191165
13270.708475
13728.551128
14188.672316
14671.172556
15105.876083
15515.792105
15871.274436
16236.636466
16576.766165
16902.628249
17191.106203
17482.213183
17646.792105
17868.938230
18111.843233
18246.318045
18317.372180
18428.973120
18530.690960
18528.140602
18536.866353
18510.839098
18500.687970
18561.442857
18571.770865
18474.753107
18317.900000
18119.827820
17961.506579
17715.000000
17461.260150
17254.449624
17040.148964
16821.919925
16694.658004
16653.360714
16586.102256
16648.799435
16777.715602
16865.290414
17023.084962
17286.310358
17434.839662
17706.676692
17952.005263
18291.282895
18632.042105
18909.789474
19295.279661
19659.595301
19909.336347
20207.091729
20490.224812
20744.896798
20887.552256
20957.360150
21051.347368
21083.737288
21082.239850
21039.658271
20964.651316
20873.273684
20743.818456
20599.237406
20485.703013
20377.882707
20190.394915
19946.204323
19777.857895
19684.694539
19594.680639
19546.937406
19350.475188
19252.095104
19181.938534
19090.920677
19013.402632
18881.193421
18777.213936
18785.675940
18799.645009
18691.312218
18546.619774
18502.570677
18478.328008
18360.379661
18301.839098
18297.165348
18259.392857
18129.627495
17950.372180
17929.737100
17829.218421
17665.984211
17548.742938
17466.764474
17266.906403
16987.811654
16772.334840
16572.332143
16297.760902
16021.211278
15799.246053
15603.366102
15381.701504
15135.041243
14894.591353
14709.240490
14590.921053
14373.209211
14214.973635
14025.411278
13885.274576
13703.860338
13523.128814
13390.980451
13257.810150
13148.589098
13070.896992
12955.392844
12776.846992
12637.444361
12566.736090
12430.722599
12312.690789
12313.955263
12254.534652
12194.740602
12179.538795
12169.948872
12182.385687
12180.937970
12158.779323
12217.387594
12293.978571
12202.790960
12171.539098
12186.903008
12156.349906
12202.324436
12176.318421
12161.721053
12213.911864
12250.075188
12242.462594
12209.471617
12199.475940
12188.692857
12116.007331
12007.041055
11903.857143
11754.497740
11569.030827
11465.828571
11299.723352
11097.368233
11017.311842
10824.373684
10668.866290
10564.944549
10447.508271
10306.833835
10214.934962
10100.122599
9910.608271
9742.843522
9637.024680
9491.618493
9265.811992
9052.153797
8942.765254
8682.575338
8493.787368
8302.014211
8102.750019
7838.734662
7652.714756
7457.038233
7252.427218
7067.098983
6893.986034
6725.145480
6530.440150
6335.565725
6198.334887
6009.800677
5826.906667
5671.855244
5497.081695
