139.404368
141.798902
140.331697
148.931274
153.507746
155.068158
155.200000
159.278850
161.847610
170.358801
174.520722
178.721126
187.596836
197.776751
205.926421
211.986124
219.157605
229.247921
244.825771
258.445974
263.389689
269.883293
285.080842
294.541752
295.444243
308.674143
313.711953
320.997840
331.521564
337.899746
344.904267
357.145633
369.641974
379.795729
392.741318
408.914880
413.598670
420.205641
423.143458
433.026143
446.286819
464.352553
466.138571
473.270301
482.140310
492.048117
501.269883
502.258279
509.682895
525.617576
526.123940
541.439133
565.713339
578.285850
605.167484
629.323716
648.926902
675.315594
708.809829
744.768802
779.761357
822.911542
861.730658
905.485489
962.915474
1007.765814
1064.507726
1126.370376
1199.653898
1287.931165
1348.644633
1411.070150
1504.603672
1588.525695
1671.043459
1773.346241
1869.717820
1965.708023
2073.501955
2179.746372
2294.452881
2436.228684
2567.720226
2688.649248
2826.560395
2950.324586
3077.154812
3232.770376
3388.254135
3521.281316
3630.936523
3735.004068
3820.555564
3893.888889
3989.431278
4084.463233
4150.414482
4199.904211
4232.023571
4263.474812
4309.815424
4315.914643
4322.745865
4335.827068
4335.631786
4348.149341
4344.080075
4341.176316
4322.178346
4329.450113
4371.487180
4383.036861
4379.023289
4385.200526
4374.237820
4388.422162
4402.126328
4405.282970
4437.385593
4458.961748
4480.183684
4499.888211
4507.721560
4556.414135
4567.668947
4585.474350
4565.777538
4524.257444
4487.684211
4437.698026
4385.675744
4356.839173
4318.964633
4267.025940
4228.067401
4208.311880
4183.076673
4188.384350
4171.386466
4176.925959
4179.651466
4139.268644
4124.122481
4121.709944
4119.357326
4123.118947
4120.820847
4123.436692
4127.975254
4100.256692
4161.263571
4172.322519
4166.762744
4144.908343
4116.267932
4110.499699
4084.147820
4035.355311
4012.100263
3981.689662
3938.598550
3922.427632
3898.725556
3854.211429
3844.716654
3813.467331
3799.278571
3780.733421
3740.670639
3716.998399
3713.146090
3685.185019
3679.169962
3669.712260
3642.816391
3641.907086
3624.607627
3602.935789
3599.279736
3603.666203
3616.588233
3624.396504
3627.635150
3619.667237
3593.656992
3595.186836
3567.325000
3536.338835
3553.481617
3542.729831
3541.899436
3545.233609
3536.571579
3512.080658
3510.159153
3520.677556
3523.518365
3537.104060
3516.823315
3513.804812
3473.439173
3486.527024
3450.266992
3412.025085
3336.095113
3282.458797
3205.083578
3127.237820
3076.398158
3018.090526
2965.501111
2921.829981
2890.020226
2875.006316
2832.401917
2808.001128
2811.803045
2816.426987
2822.414492
2812.331168
2829.679398
2855.579286
2911.708249
2961.638571
3025.643684
3097.192500
3152.820094
3255.231278
3395.948571
3521.371109
3679.816541
3868.108475
4071.486222
4265.217458
4488.590677
4772.020904
5047.146034
5284.818835
5542.291902
5816.196128
6093.013553
6368.305263
6657.421525
6922.474154
7151.138872
7392.085951
7652.649906
7894.851846
8148.021729
8443.645556
8784.015865
9142.145639
9540.173835
9911.042481
10316.108851
10777.130827
11197.454699
11584.044737
12017.632768
12459.371805
12890.525940
13314.164407
13743.989474
14189.392655
14578.810338
15008.121846
15529.786466
15849.064286
16214.411654
16594.240602
16934.661582
17186.396805
17503.306026
17751.818421
17938.905838
18128.818609
18296.454887
18412.522556
18485.265226
18514.849153
18546.289098
18655.404511
18627.922932
18655.435338
18670.514286
18615.550940
18532.152919
18415.700000
18291.765602
18145.257895
17948.300000
17722.209023
17484.623496
17286.961959
17073.860526
16892.185122
16856.153383
16759.572180
16761.706780
16808.791917
16845.862970
16950.989098
17149.608098
17333.404511
17556.554135
17863.810526
18148.196053
18419.738346
18652.609398
18892.623729
19199.720677
19504.639360
19737.242857
19957.909211
20186.601695
20345.272556
20474.504887
20609.060902
20668.184746
20651.098496
20567.515414
20459.802632
20391.647368
20282.241996
20181.707707
20035.234652
19890.757895
19739.581356
19540.832895
19376.151128
19168.883616
18993.512030
18962.556579
18784.832331
18752.540301
18574.803947
18423.861654
18394.692105
18282.092105
18261.950282
18195.013534
18136.545386
18113.380639
18037.509793
17949.104887
17881.255075
17775.698305
17711.214286
17626.097363
17502.753571
17383.940490
17354.778947
17229.924105
17122.753947
16942.715789
16822.380791
16647.000000
16502.818079
16342.166917
16117.539736
15912.606015
15704.684211
15452.063158
15247.392293
14993.726554
14804.827820
14551.460452
14395.615789
14194.734087
13984.168421
13722.396053
13515.385876
13364.109398
13199.477966
13021.485150
12905.983051
12749.678195
12560.518985
12463.653759
12325.651880
12165.548023
12109.710902
11917.920301
11824.256391
11715.610734
11642.306579
11580.223684
11543.349906
11497.634774
11489.440113
11460.642105
11411.139548
11407.578383
11433.639098
11424.015038
11409.792105
11446.703013
11441.914286
11479.223496
11374.949153
11326.708647
11324.781579
11324.967105
11361.605085
11408.535338
11401.602444
11403.756579
11424.607895
11381.664286
11320.474436
11263.598682
11164.028571
11070.403955
10941.242669
10810.692857
10667.913183
10526.557143
10340.728947
10163.478947
10005.296987
9908.529756
9788.449323
9647.767744
9489.078102
9389.349812
9291.236466
9127.681243
8981.034154
8859.139190
8680.143835
8563.443139
8412.729661
8270.915113
8088.020526
7904.572500
7664.300640
7499.951767
7304.977199
7123.884436
6932.941128
6724.028192
6526.359305
6346.262429
6154.482519
5967.804821
5823.021184
5667.979699
5543.395386
5392.299117
5242.568983
