69.398279
63.153067
64.101430
64.310592
65.510825
69.747037
59.886405
70.394020
68.877163
66.867336
69.091779
72.660617
73.050698
69.916559
69.701115
73.729387
75.028664
74.505629
73.303847
73.449182
79.465031
78.846229
76.344980
76.163163
76.804290
78.944705
84.114070
84.650572
85.355482
86.857256
83.142276
82.289711
90.537829
92.909780
89.710183
88.934861
91.476700
89.228399
92.570227
95.710629
93.839644
92.038572
91.733086
95.186140
96.855413
97.754252
101.146977
103.199734
103.830000
106.593563
107.009571
111.952113
116.840627
121.899113
123.571889
131.101393
139.073092
146.808887
154.376481
162.146699
175.910929
190.496220
203.983624
217.334609
233.781737
256.197763
277.581239
309.909977
335.522104
358.131250
394.868062
426.248692
466.152260
499.451758
547.244173
592.295602
640.595269
680.890160
728.863827
790.880556
850.235203
906.811421
964.065692
1019.375207
1070.933578
1149.155789
1216.057669
1291.467763
1310.154474
1359.898910
1434.666579
1475.080508
1506.786316
1531.014633
1561.240000
1598.078421
1628.180207
1648.904079
1672.942143
1709.157744
1713.738983
1720.324643
1720.003158
1738.824474
1735.587500
1729.575932
1753.426767
1730.559549
1728.577556
1745.912542
1754.422481
1751.280451
1742.670132
1731.761053
1722.112180
1722.293327
1739.296422
1743.590226
1736.158644
1739.286767
1726.836541
1744.939567
1737.620827
1714.441786
1708.417970
1703.855461
1683.220620
1661.466842
1646.514737
1620.542895
1582.118927
1555.540602
1538.005650
1512.273459
1489.858757
1478.577895
1447.375865
1449.275141
1444.108797
1422.713064
1428.041504
1411.701507
1414.269023
1416.689023
1404.445650
1402.334474
1400.012712
1386.924756
1397.447288
1397.099023
1388.339925
1388.146278
1366.913008
1348.632825
1360.705959
1334.325940
1294.554511
1292.842542
1254.631090
1238.273571
1225.769284
1199.558289
1179.194030
1164.902857
1150.788872
1120.099662
1105.463571
1096.864436
1101.928083
1099.920866
1075.246316
1070.208064
1058.654361
1048.880056
1043.906654
1035.232688
1032.150508
1034.091579
1036.182938
1037.549023
1043.526316
1050.140977
1023.997425
1011.104060
997.713985
994.028876
972.564346
945.945805
927.321590
893.393335
882.294534
860.323887
836.484895
815.845066
798.777548
778.268496
761.488669
762.169425
746.857753
738.430083
716.609259
694.265313
673.305538
633.177424
604.548897
568.798947
539.613358
513.188598
487.261197
458.365474
430.639258
413.059231
398.650511
374.363759
354.463889
356.829543
351.510244
348.119399
347.005603
339.298443
341.442481
343.356669
351.033780
370.977902
385.901632
411.703500
443.204168
488.328564
552.496429
621.426041
704.291650
818.420542
950.635742
1088.392034
1242.564737
1413.175895
1589.439361
1757.177895
1936.179661
2095.877613
2251.915526
2422.858947
2597.800621
2755.396598
2895.440338
3033.175556
3165.524398
3284.654765
3421.724060
3588.144444
3747.645075
3879.968835
4080.166353
4288.956560
4471.951751
4644.061278
4841.103665
5012.213684
5174.309454
5332.620301
5509.113947
5690.236102
5863.375865
6061.188701
6238.739398
6409.167495
6608.494361
6790.333571
6955.635019
7088.052406
7219.922373
7345.338853
7495.994218
7595.900000
7644.299322
7695.489455
7730.786015
7771.289173
7834.277895
7857.431299
7840.180977
7842.064098
7841.289962
7867.823083
7853.310000
7801.305489
7830.601770
7785.693571
7705.089286
7604.759868
7523.350000
7408.804286
7280.365019
7184.636271
7118.309962
7071.868531
7052.375150
7055.949699
7064.830452
7071.909662
7169.187820
7209.913722
7284.439341
7420.160207
7523.952030
7609.350000
7720.356711
7846.965940
7984.679436
8161.219153
8350.290357
8503.124840
8601.024286
8657.647857
8749.434426
8843.324436
8917.061617
8933.277650
8957.943051
8944.272406
8929.344380
8918.848816
8859.775000
8834.137928
8805.348402
8715.536723
8648.016992
8610.078418
8529.396184
8448.284436
8417.259567
8390.316071
8302.726297
8261.269173
8179.391262
8146.775395
8128.896241
8081.243421
8051.850395
8000.046535
7986.006541
7965.488079
7925.069643
7911.224313
7897.623233
7838.404248
7775.397966
7744.633985
7706.341017
7734.852143
7702.404840
7703.631053
7625.387439
7596.340395
7570.845263
7472.152768
7360.877368
7302.602316
7223.293571
7130.302147
7039.467481
6939.937669
6848.999323
6736.943835
6679.685198
6498.722820
6435.984576
6341.817274
6233.409247
6142.413684
6042.893816
5948.983672
5911.491654
5854.442373
5781.619887
5728.646780
5682.534962
5625.077143
5556.629173
5491.374286
5445.730038
5395.082143
5357.613684
5310.091955
5267.940960
5229.938421
5162.548684
5137.692147
5125.883571
5102.974802
5089.236842
5087.517006
5095.413365
5098.556316
5096.307782
5099.296034
5084.475819
5087.515263
5095.761560
5081.746215
5087.725714
5089.055526
5082.517895
5108.871186
5120.953383
5101.199812
5083.749398
5063.655977
5063.887857
5060.631485
5007.742674
4932.554286
4875.504746
4829.776259
4769.174286
4700.795424
4650.571729
4580.337500
4513.858421
4475.766648
4436.819417
4325.657256
4246.529135
4213.912237
4171.106328
4101.491579
4044.499171
3982.536955
3884.751450
3816.750526
3733.663008
3656.848305
3558.809474
3530.009474
3427.786974
3344.405217
3254.188120
3142.700226
3047.705432
2974.055038
2884.079774
2796.536880
2729.303107
2663.109436
2581.990282
2493.108120
2425.342180
2366.774162
2326.246541
2241.864746
