144.376737
140.198635
140.367011
140.916139
145.825322
151.433299
151.661983
149.873947
155.626011
162.775278
167.009053
171.128232
174.467498
178.009486
182.654774
192.032610
205.745908
205.402421
215.432891
222.439169
226.741606
230.522662
238.665970
244.694726
254.713028
267.462801
276.494579
277.594727
275.783880
281.079584
292.512327
304.020574
316.311921
323.187864
323.662961
331.196323
349.382857
361.831137
375.856951
376.922500
389.230885
398.406639
407.523571
416.321158
418.057335
421.630527
429.793868
441.490424
457.114711
466.175164
480.973165
499.309442
516.181706
537.525729
580.747653
609.324893
625.399734
676.812511
733.527006
791.372770
847.715711
913.606492
989.955641
1078.004586
1174.963684
1268.370019
1378.931259
1505.500677
1641.572147
1796.547895
1967.654350
2140.759323
2286.097797
2488.386711
2702.960865
2906.205263
3127.910695
3376.415028
3619.106090
3881.577895
4167.848757
4433.601842
4702.663910
4958.100789
5247.620056
5557.844135
5864.010583
6121.957895
6408.111880
6667.466880
6929.933722
7152.429492
7366.626015
7513.998870
7648.954060
7822.652406
7967.853352
8045.837237
8113.085357
8191.533308
8255.872147
8302.313929
8365.291504
8328.962180
8313.510000
8376.115198
8389.882030
8377.240075
8387.605620
8398.902147
8412.920639
8408.528853
8418.018816
8408.254737
8360.420977
8422.246034
8441.706422
8427.946805
8454.404407
8449.942782
8482.678120
8556.061733
8585.582613
8603.310432
8613.970226
8603.784746
8540.690282
8431.578571
8303.417368
8174.058553
8067.997232
7972.036579
7840.570471
7750.236842
7661.564708
7600.715038
7577.847857
7523.398362
7445.313872
7429.298534
7388.141485
7362.511469
7351.162256
7306.746353
7254.669247
7265.841316
7298.954237
7299.711654
7338.667797
7351.066391
7324.163271
7299.533026
7278.780677
7210.250038
7179.283083
7107.513759
7034.673910
6925.032938
6854.839962
6786.721729
6667.315122
6538.981711
6452.609736
6381.950000
6288.141898
6195.202425
6125.112143
6050.182669
5986.528778
5921.644331
5890.564436
5805.384173
5784.702444
5752.540301
5723.010639
5702.444305
5697.785763
5715.862105
5723.106836
5722.762575
5736.268985
5719.602256
5690.976353
5626.427481
5579.706466
5512.210113
5410.860000
5337.098083
5276.424173
5201.896541
5121.266241
5025.482406
4956.542632
4891.096053
4809.876102
4753.218233
4720.052049
4669.635338
4618.652542
4534.682707
4450.315282
4318.445217
4141.125226
3972.015932
3775.172519
3577.236992
3399.090584
3205.154398
3042.354868
2916.236316
2768.008588
2641.034267
2579.457970
2513.989098
2427.288496
2361.534248
2322.705865
2283.382373
2264.120357
2255.777232
2247.690000
2274.595883
2336.456045
2411.499173
2507.574474
2640.620000
2805.819379
3033.413233
3362.803929
3758.922951
4192.881015
4723.316441
5320.315526
6007.574237
6735.582256
7505.813578
8239.360226
9008.359887
9826.926554
10530.000000
11267.076316
11901.889474
12483.809040
13090.530451
13652.912030
14157.440113
14663.194925
15184.253296
15793.505263
16425.266667
17082.031579
17761.857143
18463.889850
19218.613346
20000.261959
20729.828571
21481.354511
22313.969737
23072.632203
23762.236090
24530.034586
25294.213559
25980.149624
26725.510923
27480.435526
28226.481544
28855.982331
29506.384774
30142.690414
30763.818045
31352.966667
31913.869737
32363.432015
32756.934211
33105.478908
33360.584023
33540.676692
33801.981955
34012.042669
33955.565537
33912.069549
33959.206767
33930.435902
33812.051880
33783.971429
33673.168233
33513.616384
33282.964286
32982.126692
32549.293421
32119.200000
31718.615789
31262.528383
30846.461770
30555.448872
30317.457627
30140.366541
30109.256391
30129.146893
30282.991353
30424.824436
30598.849248
30986.080414
31460.414662
31956.624060
32478.310526
32942.047368
33514.927444
34104.975940
34651.620904
35235.474060
35807.820716
36281.081955
36750.363722
37230.964595
37453.459774
37624.109398
37806.210150
37830.467797
37851.939098
37826.113534
37640.564474
37412.994737
37206.661582
36999.576128
36718.449341
36374.179699
36106.895480
35843.311654
35469.981203
35248.645009
34975.454699
34695.643045
34494.584211
34216.005085
34108.293233
33939.243609
33828.884211
33690.985526
33626.130132
33560.156391
33377.116384
33213.035714
33097.443315
32921.869925
32771.274812
32743.576271
32635.148120
32439.350282
32248.057143
32131.916384
31926.580827
31876.359134
31740.176316
31387.931579
31173.055932
30871.980263
30494.856121
30199.136842
29843.318644
29429.437406
29028.366165
28525.807519
28048.273872
27643.778531
27198.431203
26804.925989
26399.356955
25970.976083
25611.478947
25313.973684
25060.253484
24760.438722
24439.667797
24143.620677
23857.403390
23588.284211
23360.335902
23135.148684
22906.714286
22721.009228
22354.448684
22137.144361
21922.986466
21741.418079
21670.346053
21536.171053
21413.151412
21314.297368
21259.818832
21254.527068
21302.297740
21301.661466
21269.252256
21297.268797
21338.434398
21343.738795
21250.412782
21176.897744
21269.337853
21213.253383
21268.692105
21287.452632
21265.061017
21375.110526
21399.408271
21324.350940
21244.716541
21208.792857
21121.552256
20948.699623
20770.942857
20569.081356
20327.675000
20088.121429
19770.212618
19456.185714
19131.934211
18912.394737
18642.535782
18289.158647
18129.763158
17920.435714
17627.046241
17386.399435
17172.874436
16953.566855
16708.475000
16403.457250
16102.821805
15722.081203
15482.872881
15091.475940
14770.605263
14416.838158
14159.788512
13775.334211
13439.859398
13057.064286
12690.929323
12322.237853
11967.186842
11666.085876
11385.062406
11044.579661
10673.537970
10411.231579
10089.325800
9859.390827
9587.166102
