134.658737
139.043388
135.278959
143.175865
144.843237
154.904981
159.381085
169.099571
166.821599
176.540015
184.088718
188.670674
200.081430
213.492927
222.340564
230.383113
239.599053
247.884947
252.951323
273.765368
297.055851
307.853549
319.623047
332.946701
346.779582
344.565865
359.256086
373.901556
382.531805
394.093058
407.609957
414.996979
422.155947
445.516220
463.353444
481.403211
493.088891
511.844742
528.099825
546.541429
542.991109
563.266367
582.251857
585.181647
584.797645
592.861782
601.077094
604.412461
614.309066
630.759791
645.163496
659.838820
687.500282
711.686282
745.564917
762.335150
790.672333
837.639865
885.235361
926.296821
955.481571
1003.188576
1065.112688
1128.484135
1196.405789
1251.604350
1308.931034
1385.142293
1467.714369
1550.553102
1605.348362
1699.160827
1792.632825
1877.895526
1972.409887
2050.916842
2152.626466
2268.326648
2388.028947
2517.158778
2647.179266
2777.879474
2927.652030
3083.881090
3213.517119
3350.001278
3471.055489
3624.451748
3768.662970
3883.389474
3984.928064
4089.983051
4203.755564
4290.987250
4359.146748
4414.477068
4479.612486
4537.567105
4553.823214
4614.443835
4632.601582
4640.421071
4662.277444
4683.895526
4702.436786
4691.939397
4661.321504
4658.614511
4685.046729
4664.049209
4647.189624
4650.998797
4671.289868
4696.880526
4692.512105
4692.362857
4694.044275
4681.453571
4734.413559
4765.369455
4797.618722
4832.726008
4849.274887
4897.589267
4917.387030
4911.012863
4909.211729
4882.603383
4838.291579
4785.034737
4723.703107
4678.360338
4613.226817
4561.671842
4528.279793
4528.453759
4540.743402
4548.156949
4570.762820
4548.302406
4525.509868
4496.072015
4509.951353
4502.720000
4476.440847
4467.448947
4467.685424
4488.084060
4524.419322
4533.853985
4549.403195
4514.907707
4498.339850
4485.114105
4440.889568
4400.579699
4362.281955
4371.594633
4335.645263
4290.461053
4255.351751
4206.074868
4170.037646
4164.967143
4154.700902
4140.454981
4103.467857
4091.958797
4073.163102
4049.441318
4039.707143
4044.214511
4029.947688
4018.880056
3981.420338
3984.657575
3991.645254
3996.160526
3991.693352
3976.000019
3993.968271
4020.542331
4010.549624
4005.485150
3988.745714
3979.214520
3988.731278
3970.541880
3952.244248
3947.187989
3966.427180
3968.736842
3998.452632
3997.061184
3976.526554
3987.295526
3998.020113
4003.385470
4019.287684
4006.994887
4018.005282
3997.807326
3959.313008
3918.061186
3871.470789
3807.850677
3768.403465
3707.368496
3672.520132
3621.294211
3570.156290
3550.572218
3525.206316
3500.844286
3507.821372
3478.337049
3484.754248
3460.521921
3481.995902
3527.656629
3545.158722
3561.526992
3579.583164
3658.772519
3736.714211
3793.945000
3881.837024
4005.753684
4131.418571
4255.074192
4383.650902
4522.310000
4725.174662
4903.511864
5121.080301
5309.585104
5541.395564
5807.155000
6046.687401
6262.315921
6465.147895
6662.985789
6918.387966
7169.354267
7369.824098
7576.810264
7801.910771
8022.702561
8299.891429
8605.577778
8890.338383
9247.586090
9683.640376
10054.872556
10443.380603
10870.369173
11284.396429
11673.911842
12045.414313
12375.104135
12716.252256
13139.049153
13599.709023
14030.625424
14453.064662
14844.647269
15269.334586
15561.594361
15947.700564
16265.906767
16568.268927
16866.504887
17153.449718
17348.757895
17558.680603
17733.295301
17864.675188
17988.436090
18039.427444
18046.860452
18113.536842
18085.570865
18117.671617
18132.007519
18125.542857
18070.834398
17999.604708
17840.907143
17696.955827
17522.297368
17264.700000
17002.711278
16781.462594
16571.856121
16385.074812
16233.608098
16081.525940
16015.173684
16158.961582
16217.416917
16338.289474
16487.310150
16697.902448
16876.614662
17112.664662
17360.331579
17713.256579
17975.053759
18207.597744
18533.620904
18891.609774
19187.055367
19434.082707
19698.875376
19950.214878
20125.357519
20123.122556
20260.723120
20305.542373
20275.394737
20327.461842
20286.025000
20174.094737
20067.832203
19863.638722
19736.528625
19671.718045
19504.772316
19304.626316
19179.889474
19065.045009
18916.439474
18853.053383
18724.551880
18569.413371
18537.477444
18397.185714
18244.228947
18229.173684
18153.787006
18062.718045
18012.070998
17951.508835
17870.774388
17791.273684
17692.807143
17591.013559
17560.430827
17471.507533
17407.428571
17333.663089
17214.109023
17114.248964
17014.078947
16931.684211
16798.410734
16678.871617
16520.304896
16249.713534
15979.617891
15787.110150
15588.366165
15332.822556
15102.137218
14957.566667
14745.206391
14519.625989
14274.510714
14091.852731
13922.178947
13673.447368
13552.267985
13367.027820
13184.630508
13068.517105
12917.244068
12770.924812
12676.419925
12548.111654
12390.593985
12250.642185
12130.263158
12050.244361
11959.357895
11867.451977
11754.946053
11698.800000
11610.668927
11597.146241
11565.526930
11536.474436
11555.225424
11560.665602
11581.542857
11624.074060
11591.411090
11561.874765
11567.298496
11559.718421
11533.417514
11548.265789
11514.913158
11565.713158
11548.279661
11638.066917
11629.283271
11617.053571
11587.180075
11549.057143
11459.810526
11332.780414
11260.500000
11161.988136
11022.041165
10885.928571
10687.641431
10550.556955
10457.680263
10312.242105
10177.513748
10046.329323
9941.651128
9787.219511
9668.492312
9540.865405
9382.297669
9229.745104
9077.659662
8941.169341
8809.373985
8604.296823
8489.496441
8247.306541
8061.285789
7894.614605
7626.183955
7475.476053
7261.122274
7055.605714
6878.210075
6668.731525
6466.986034
6318.292542
6158.819286
5956.209379
5787.593026
5662.248872
5519.817476
5321.026805
5171.147740
