127.201
129.199
131.197
121.424
111.634
114.985
118.381
119.294
120.193
119.605
119.005
117.021
115.022
117.766
120.563
118.431
116.233
124.759
133.451
127.12
120.526
118.93
117.432
120.138
122.935
122.902
122.802
119.099
115.302
122.782
130.574
125.27
119.576
120.465
121.564
117.735
113.739
118.807
124.201
121.802
119.104
113.43
107.636
110.467
113.663
111.313
108.716
112.322
116.218
115.066
113.668
114.55
115.549
115.126
114.626
112.328
109.93
111.689
113.687
114.366
114.965
116.505
118.104
117.918
117.619
112.916
107.921
112.555
117.849
116.894
115.495
113.166
110.768
110.228
109.829
109.985
110.185
111.125
112.124
113.308
114.506
117.363
120.36
114.533
107.94
108.501
109.699
110.624
111.523
114.157
116.954
113.554
109.558
108.472
107.673
104.333
100.737
111.266
123.254
120.153
115.458
111.664
107.968
107.6
107.6
105.894
103.996
106.845
110.242
105.774
100.379
103.902
108.498
111.135
113.533
113.001
112.102
108.279
104.083
108.727
114.521
113.171
110.874
110.776
110.976
116.444
122.638
121.472
119.275
119.262
119.562
120.821
122.22
128.753
136.046
129.446
120.754
122.286
125.383
126.319
126.918
122.688
117.693
123.539
131.132
129.023
125.327
130.367
136.861
135.663
133.166
139.28
146.873
144.937
141.341
146.911
154.104
161.043
167.936
162.241
154.249
156.793
161.288
163.429
165.128
169.846
175.141
176.753
177.652
172.873
166.979
177.08
190.367
190.938
188.94
189.678
190.977
195.419
200.514
200.657
199.758
207.421
216.912
219.093
219.692
224.224
229.619
235.504
241.498
242.763
242.963
256.504
273.087
278.959
282.356
292.715
304.703
312.653
319.646
323.175
325.873
331.865
338.658
352.988
369.172
377.918
384.812
387.237
388.536
396.838
406.928
415.431
423.523
427.655
430.752
439.379
449.469
456.17
461.965
470.825
480.515
484.09
485.988
499.618
516.502
526.051
533.544
538.079
541.776
540.504
537.807
552.144
571.426
584.373
595.462
602.776
608.97
617.393
626.484
641.4
658.084
667.275
674.168
682.587
691.478
697.403
702.398
708.152
714.146
710.379
703.485
707.838
715.83
729.769
745.654
751.252
753.45
759.392
766.585
774.599
782.891
802.208
825.286
841.379
855.066
876.83
901.406
918.96
934.045
950.236
966.82
988.771
1012.65
1036.67
1060.75
1095.79
1134.85
1162.83
1186.71
1223.97
1266.22
1308.41
1350.57
1386.14
1419.21
1461.73
1507.89
1561.02
1616.86
1671.2
1724.95
1790.43
1860.56
1921.49
1978.73
2031.85
2083.3
2164.63
2258.14
2325.81
2382.86
2460.79
2547.41
2626.56
2702.59
2774.96
2845.79
2931.6
3023.81
3102.62
3175.65
3281.25
3401.03
3503.19
3597.6
3698.23
3801.63
3914.35
4031.23
4139.86
4244.76
4353.43
4463.82
4571.41
4677.7
4794.64
4916.52
5056.57
5205.12
5323.89
5428.59
5516.24
5595.77
5693.7
5800.5
5896.67
5987.68
6073.59
6157.01
6231.33
6301.17
6380.33
6464.15
6521.05
6564.4
6602.66
6638.32
6670.49
6700.86
6735.38
6772.04
6812.84
6855.8
6867
6861.5
6883.43
6919.9
6938.65
6947.94
6943.22
6930.93
6942.65
6967.42
6960.01
6934.93
6931.85
6940.94
6926.18
6898.11
6903.79
6928.46
6919.87
6892.4
6873.12
6858.54
6871.06
6899.23
6911.87
6915.47
6914.91
6911.91
6901.2
6885.91
6912.66
6964.51
6977.14
6966.15
6969.46
6981.45
7013.95
7059
7073.91
7070.22
7078.77
7094.96
7106.97
7116.36
7136.46
7163.33
7181.06
7192.94
7185.26
7164.98
7137.12
7104.36
7065.61
7022.95
6982.7
6944.04
6913.66
6888.78
6834.9
6761.57
6711.37
6676.81
6637.84
6595.88
6562.75
6535.68
6519.64
6511.25
6500.03
6486.85
6476.71
6468.72
6471.13
6480.92
6458.09
6411.93
6385.81
6374.12
6375.33
6385.92
6381.17
6365.19
6356.39
6352.89
6358.84
6371.83
6376.71
6375.52
6379.78
6388.17
6408.75
6438.62
6431.1
6394.83
6381.87
6386.96
6388.75
6387.95
6380.39
6367.5
6359.79
6356.2
6335.78
6301.92
6259.86
6211.21
6174.96
6148.78
6130.74
6119.35
6100.46
6075.39
6049.99
6024.31
5986.09
5937.33
5897.13
5864.17
5835.19
5809.62
5785.76
5763.38
5744
5727.22
5705.95
5680.78
5654.49
5627.21
5601.11
5576.03
5563.09
5560.99
5546.02
5519.44
5516.02
5533.6
5530.57
5508.69
5501.27
5507.16
5482.71
5430.06
5405.17
5406.27
5413.07
5425.26
5429.71
5426.82
5425.45
5425.55
5433.73
5449.71
5450.31
5435.93
5424.51
5416.02
5406.78
5396.79
5388.3
5381.3
5387.17
5405.95
5402.79
5377.42
5351.89
5326.22
5322.46
5341.24
5343.3
5328.01
5311.06
5292.38
5281.14
5277.75
5285.98
5306.56
5321.54
5330.53
5325.73
5306.05
5296.18
5296.98
5294.35
5287.95
5277.38
5262.2
5247.34
5232.86
5206.36
5166.4
5140.7
5131.11
5108.39
5070.73
5005.17
4907.56
4841.31
4811.34
4772.05
4721.9
4656.37
4572.75
4508.38
4466.82
4422.26
4374.11
4331.48
4295.52
4257.25
4216.19
4178.59
4145.22
4105.95
4059.4
4023.27
4000.09
3976.87
3953.59
3942.32
3946.22
3945.81
3939.91
3929.69
3913.9
3915.5
3939.57
3958.92
3972.11
4004.47
4062.01
4111.9
4151.66
4197.37
4251.02
4304.79
4358.74
4432.91
4534.51
4625.43
4701.76
4796.69
4917.27
5031.54
5137.04
5254.18
5387.65
5530.11
5685.26
5854.66
6044.38
6223.39
6387.03
6571.61
6786.5
6988.43
7171.45
7375.29
7609.76
7842.66
8073.24
8305.85
8541.52
8752.96
8927.89
9125.18
9356.46
9575.3
9775.11
9992.42
10236.8
10443.5
10591.5
10767
10985.5
11200.2
11408.9
11616.9
11824
12040
12270.3
12509.7
12764
13010.3
13243.7
13513.6
13843.9
14166.9
14477.9
14774.2
15045.8
15330.3
15636.5
15959.4
16310.7
16638.3
16924.8
17227.6
17558.7
17865.9
18131.2
18415.8
18734.4
19053.1
19372.1
19681.6
19974.3
20269.8
20570.5
20875.7
21189.2
21489.7
21766.3
22062.9
22396.6
22697.5
22936.8
23163.4
23365.8
23589.1
23852.4
24093.3
24291.4
24486.2
24674.5
24854.1
25016.7
25150.8
25228.8
25336.2
25502
25635.7
25704.8
25773.7
25842.3
25912.3
25985.1
26027.8
26008.4
26023
26108.6
26148
26090.2
26066.8
26116.2
26121.5
26032.6
25982.9
26017.8
26026.4
25977.6
25912.3
25810.8
25704.4
25587.3
25465.7
25334.1
25192.4
25027.9
24864.8
24704.8
24538.9
24359.4
24162.3
23923.9
23716.5
23581.5
23459.4
23367.6
23280.7
23204.9
23143
23114.6
23113.7
23180
23243.4
23299.4
23355.5
23411.8
23480
23578.2
23699.6
23879.9
24042.2
24158.8
24310.2
24551.6
24769
24924.2
25107.6
25365.7
25621.7
25872.4
26130.8
26409.9
26677
26911.7
27148.1
27389.3
27616.2
27803.7
27992.3
28183.9
28369.5
28538.1
28676.5
28728.4
28795
28903.4
29003.1
29077.3
29125.1
29095.4
29058.1
28998.4
28946.6
28918.6
28877.7
28797.4
28728.5
28694.6
28650.8
28576.2
28481.2
28322.4
28179.3
28085.5
27991.1
27894.8
27767.9
27542.1
27353.4
27286.1
27217.5
27144.8
27054.9
26907.7
26773.4
26682.2
26592.8
26509.9
26418.1
26295.9
26197.4
26182.2
26149.4
26054.3
25965
25896.6
25824.8
25740.7
25670.4
25650.7
25622.7
25564.2
25519.5
25526.6
25499
25340.2
25202.7
25147.2
25093
25044.4
25007.2
25014.8
25001.1
24902.3
24813
24762
24710.9
24659.5
24590.7
24449.7
24337.3
24344
24335.2
24260.7
24177.5
24056.3
23947.3
23891
23818
23671.3
23526.7
23391.7
23259.2
23138
23010.2
22851.8
22696.1
22552.2
22391.8
22153.8
21928.6
21764.7
21593.6
21387
21181.2
20979.6
20783.4
20613.8
20451.8
20327.4
20190.9
19992.5
19812.2
19725.5
19625.5
19456.2
19292.2
19156.6
19015.7
18845.9
18684.4
18568.7
18454.2
18346
18237.5
18127.7
18014.3
17880.3
17756.4
17692.2
17616.7
17474.2
17338.1
17240.5
17148.5
17090.6
17026.5
16922.8
16819.5
16719.1
16618.9
16519.9
16418.7
16303.1
16195.5
16141.5
16086.5
16024.7
15967.1
15937.5
15906.6
15866.2
15833.5
15855.9
15873.5
15856.6
15838.5
15812.1
15791.9
15819
15841.6
15829.8
15818.5
15810.2
15802.2
15797.4
15789.6
15758.2
15732.3
15751.8
15764.9
15723.7
15684.3
15659.6
15637.3
15636.2
15638
15666.9
15692.4
15686.6
15683.3
15703.6
15722.8
15731.1
15732.5
15665.1
15605.8
15628.6
15642.8
15567.1
15491.5
15417.9
15345.8
15290.8
15235
15171.8
15099
14914.7
14740.9
14691.2
14635.1
14501.8
14372.3
14291.9
14207
14064.1
13926.1
13852.3
13776.3
13668.6
13559.8
13435.5
13316.6
13276.5
13231.8
13119.2
13008.1
12920.3
12832.6
12745.5
12655.7
12518.2
12382.9
12285.2
12187.3
12086.2
11983.7
11853.5
11723.7
11601.7
11478.6
11331
11182.5
11012.5
10845.3
10744.3
10641.5
10494.9
10348.2
10196.9
10045.9
9905.23
9764.36
9617.5
9470.41
9316.36
9162.53
9015.68
8868.26
8701.52
8536.18
8422.29
8307.76
8167.7
8028.28
7916.69
7805.08
7692.29
7579.37
7459.58
7340.28
7249.27
7158.04
7052.45
6946.93
6847.53
6747.86
6623.48
6498.95
6357.69
6216.03
6017.63
5819.08
5591
5362.85
5108.79
4854.73
4589.29
4323.85
