134.996
125.305
115.614
124.079
132.57
123.043
113.452
118.07
122.765
122.106
121.406
122.983
124.582
125.094
125.593
125.501
125.401
121.858
118.262
122.815
127.51
126.13
124.632
119.808
114.913
120.363
126.057
125.713
125.213
126.075
126.974
118.172
109.081
112.963
117.259
121.168
125.064
120.764
116.169
111.092
105.997
112.234
118.927
121.021
122.919
120.322
117.525
117.495
117.595
114.171
110.574
110.4
110.4
115.143
120.138
123.334
126.431
119.326
111.634
121.57
132.559
122.475
111.087
111.339
112.338
117.552
123.047
119.193
114.697
109.455
104.161
107.337
111.134
109.821
108.122
116.807
126.297
117.749
107.759
115.031
123.723
121.913
119.215
115.139
110.943
108.123
105.426
113.804
123.194
121.26
118.263
122.101
126.597
121.271
114.977
111.587
108.49
111.822
115.818
112.676
108.78
108.49
108.59
106.711
104.613
103.233
101.934
107.532
113.926
113.706
112.707
110.638
108.44
109.535
111.033
114.663
118.559
110.141
100.15
105.276
112.369
111.7
110.002
114.816
120.511
111.892
101.303
105.169
111.063
116.958
122.852
119.588
114.992
118.403
122.999
124.121
124.72
117.176
108.385
109.015
111.113
112.004
112.703
114.779
117.077
116.627
115.728
113.972
112.074
108.98
105.683
110.145
115.94
116.715
116.615
117.449
118.448
117.16
115.462
113.257
110.959
111.358
112.258
110.718
108.72
113.266
119.06
115.145
109.351
115.247
123.439
116.219
105.929
111.015
119.207
121.429
122.428
122.6
122.6
121.527
120.228
119.177
118.178
124.078
131.47
131.325
129.527
129.772
130.471
131.823
133.322
131.892
129.794
136.054
144.246
147.419
149.417
151.657
153.955
158.912
164.506
164.073
162.175
167.733
175.125
178.599
181.097
183.275
185.373
189.143
193.338
193.406
192.407
192.675
193.274
201.458
211.648
207.89
200.397
201.315
204.512
207.552
210.549
214.485
218.681
221.316
223.514
219.875
214.58
224.967
239.852
239.561
234.865
240.52
249.211
249.505
247.307
248.414
250.512
253.606
257.003
259.864
262.561
271.588
282.578
284.667
283.968
283.193
282.394
284.319
287.116
292.102
297.796
302.211
306.207
311.104
316.299
321.943
327.738
336.296
345.786
349.466
351.165
363.191
378.775
388.876
397.068
407.773
419.362
426.307
431.601
451.012
475.488
492.632
507.117
535.643
569.31
584.015
591.708
622.675
662.336
698.951
734.416
766.192
796.562
841.362
891.713
928.392
959.762
1008.64
1064.38
1124.64
1186.68
1246.22
1304.76
1366.86
1430.4
1499.83
1571.66
1646.74
1723.17
1811.66
1905.17
1970.38
2023.73
2107.61
2204.42
2302.06
2400.07
2485.93
2566.55
2665.96
2773.55
2888.09
3005.67
3106.65
3200.26
3321.82
3455.88
3568.48
3671.38
3782.86
3898.25
4008.71
4116.9
4238.19
4365.57
4492.94
4620.32
4718.73
4803.44
4912.92
5034.2
5131.13
5216.35
5306.74
5399.65
5485.99
5569.11
5673.62
5788.71
5852.13
5889.79
5938.49
5992.74
6038.7
6080.46
6113.7
6142.57
6186.33
6237.78
6264.6
6278.58
6302.65
6332.02
6351.14
6364.83
6380.41
6396.99
6408.51
6417.3
6422.86
6426.65
6422.52
6414.02
6414.66
6420.36
6417.14
6408.95
6415.33
6429.92
6425.58
6410.49
6409.89
6417.58
6417.87
6413.87
6413.6
6415.5
6422.62
6432.81
6438.1
6440.5
6449.72
6463.01
6460.64
6448.85
6435.07
6420.09
6459.88
6533.21
6568.73
6580.92
6589.11
6594.8
6585.03
6565.55
6566.81
6581.2
6597.9
6616.08
6611.65
6592.67
6563.57
6527.9
6503.35
6486.07
6436.82
6366.48
6299.51
6234.78
6192.47
6165.2
6125.34
6076.99
6034.28
5995.42
5951.23
5903.38
5882.62
5880.62
5855.09
5813.13
5793.86
5790.57
5773.19
5745.81
5732.54
5729.34
5727.01
5725.31
5697.58
5650.93
5629.58
5626.79
5619.11
5607.82
5589.66
5566.38
5562.56
5573.35
5588.75
5607.63
5614.1
5611.1
5591.05
5557.88
5555.16
5576.04
5588.28
5593.78
5577.98
5545.41
5525.15
5514.66
5495.96
5470.68
5435.23
5391.57
5348.74
5306.58
5258.6
5205.85
5174.12
5159.73
5119.77
5058.53
5013.81
4982.94
4950.66
4917.2
4876.93
4830.88
4796.75
4772.88
4725.12
4656.69
4621.28
4614.68
4586.19
4538.44
4506.25
4487.87
4468.22
4447.44
4425.67
4402.99
4385.18
4371.79
4360.76
4351.86
4340.27
4326.18
4309.82
4291.34
4276.93
4266.34
4262.18
4264.07
4270.68
4281.77
4292.35
4302.44
4290.43
4257.06
4245.15
4254.15
4257.79
4256.19
4253.44
4249.54
4234.89
4209.52
4178.46
4141.7
4106.97
4074.3
4036.89
3994.63
3958.72
3929.35
3895.03
3855.56
3823.04
3797.76
3758.04
3703.09
3669.03
3657.14
3633.05
3595.88
3562.66
3533.69
3493.9
3442.35
3401.24
3371.57
3349.3
3335.22
3305.43
3258.18
3210.6
3162.64
3098
3014.48
2943.15
2885.71
2818.31
2739.49
2654.92
2563.71
2475.31
2390.2
2310.13
2236
2161.6
2086.88
2014.11
1943.68
1872.56
1800.64
1738.45
1688.1
1638.11
1588.56
1546.88
1514.91
1480.23
1442.17
1408.8
1381.33
1359.07
1343.38
1323.43
1298.06
1277.06
1261.68
1257.31
1267.2
1269.76
1262.77
1265.49
1280.98
1298.52
1318.8
1343.02
1372.49
1410.56
1460.21
1527.5
1618.71
1704.6
1783.23
1894.52
2050.87
2206.42
2360.87
2530.72
2722.13
2927.16
3151.44
3394.52
3664.35
3931.56
4195.01
4478.49
4790.99
5107.5
5429.89
5741.92
6038.73
6340.57
6649.86
6959.52
7269.72
7563.58
7832.81
8108.63
8394.45
8668.04
8922.89
9158.9
9365.8
9574.88
9787.37
10000.4
10214.4
10414.1
10591.1
10775
10969.8
11181.2
11419.1
11663.1
11916.9
12159.1
12382.3
12638.2
12947.7
13251.2
13544.8
13828.7
14096.4
14354.4
14596.1
14846.4
15111
15381.4
15661.7
15934.1
16192.6
16442.6
16677.4
16906.6
17125.6
17376
17682.5
17965.8
18207.5
18456.8
18720.1
18978.3
19227.5
19468.7
19695.3
19922.7
20151.7
20365.4
20550.6
20751.2
20980.8
21177
21309.6
21443.9
21581.8
21737.9
21929.4
22097
22217.5
22331.3
22431.6
22541.8
22671.7
22783.9
22860.9
22909.8
22901.8
22910.1
22951.9
22991
23024.6
23049.5
23056
23062.6
23069.4
23066.3
23042.5
23007.5
22948.9
22906
22897.1
22881.2
22849.9
22804.8
22729.3
22640.7
22523.3
22395.7
22245.3
22088
21915.4
21766.8
21672.9
21545
21339
21156.7
21029.3
20895.8
20748.1
20616.8
20524.7
20431.3
20334.7
20281.1
20331.1
20372.4
20392.5
20415.1
20443.9
20481.4
20540.5
20614.8
20727.2
20850.8
21002.5
21163.9
21349.9
21519.1
21645
21787.3
21972.2
22166.9
22387.3
22608.3
22831
23053
23273.5
23472.5
23613
23783.7
24036.6
24260.1
24402.1
24553.6
24732
24922.3
25146
25333.2
25416.5
25497.7
25572.5
25624.5
25610.1
25591.1
25558.7
25533.3
25529.1
25522.6
25508.9
25482.3
25416.7
25341.5
25236.9
25145.2
25093.5
25037.5
24967.7
24877.8
24724.5
24592.6
24528.6
24443.2
24288.1
24141.5
24022.4
23919.2
23868.7
23816
23756.3
23680.5
23550.7
23443.8
23415.8
23368.3
23253.7
23150.7
23088.3
23034.8
23013
22978
22895.9
22829.3
22819
22797.3
22734.3
22668.6
22592.4
22520.5
22464.9
22405.6
22331.9
22270.3
22255.3
22230.9
22169.7
22120.9
22120.3
22093.1
21960.2
21857.3
21874.9
21878.6
21825.7
21755.6
21614
21502.6
21517.3
21523.1
21491.4
21444.4
21332.1
21217.1
21090.8
20964.2
20837.1
20708
20570.7
20440.7
20344.5
20239.8
20095.8
19948.3
19784.6
19626.5
19495.2
19357.3
19188.4
19021
18861.1
18701.8
18545
18387.6
18227.9
18074.9
17956.1
17832.6
17684.9
17540.1
17410.9
17275.1
17104.5
16942.4
16825.9
16717.5
16652.5
16578.8
16456.4
16335.2
16221.1
16108.9
16008.3
15911
15832.9
15751
15647.2
15544.6
15448.8
15355.8
15280.1
15205.7
15139.1
15066.2
14953.6
14845.2
14762.9
14677.6
14573.2
14476.6
14431.5
14386.9
14346.1
14304.7
14259.2
14214.2
14173
14137
14137.3
14131.9
14085.3
14041.8
14020.3
14002.1
14008.5
14014.6
14018.2
14022.9
14036.4
14042.7
13992.5
13956.5
14035.1
14100.8
14060.8
14025.1
14026
14026.2
14020.2
14013.1
13997.1
13981.3
13969
13960.8
13991.2
14017.7
14008.1
14002.2
14031.8
14055.4
14021
13984.5
13926.3
13870.8
13841.3
13806.5
13716.5
13633.2
13621.6
13605.8
13543
13478
13387.5
13295.8
13190.7
13089.1
13028.5
12963.3
12842.9
12727.3
12671
12611.7
12512.4
12412.3
12301.7
12193.1
12111.6
12029
11931.9
11837.5
11783.5
11727.1
11635.7
11542
11412.2
11285.6
11213.4
11140.4
11054.6
10968.5
10876.8
10786.2
10714
10639
10510.5
10383.2
10278.9
10173.7
10050.3
9926.35
9789.18
9652.54
9527.86
9402.75
9267.29
9131.94
8999.77
8868.32
8755.83
8642.59
8508.32
8373.89
8234.53
8095.87
7979.89
7863.42
7730.45
7598.8
7515.78
7431.37
7291.61
7153.13
7070.11
6986.57
6878.38
6770.05
6654.86
6540.29
6461.97
6383.59
6301.37
6218.73
6103.95
5989.05
5864.17
5739.44
5631.25
5522.45
5326.64
5130.82
4931.11
4731.34
4508.16
4284.97
4061.99
3839.01
