68.6029
75.0965
81.5902
79.1062
76.6086
79.1884
81.7859
80.2102
78.6118
73.0468
67.4523
63.7381
60.0418
71.26
82.6489
73.7309
64.5399
63.4162
62.4172
68.8802
75.4737
68.5447
61.3518
66.4808
71.8756
64.1922
56.2
63.7922
71.7843
69.8614
67.6636
64.5926
61.4957
59.9478
58.4492
64.2937
70.3878
69.3465
68.0478
64.5358
60.9393
64.5452
68.4414
65.6291
62.5321
61.3479
60.249
62.5861
65.0836
66.0572
66.9563
68.806
70.7041
69.1874
67.4891
63.4242
59.2283
58.4332
57.8338
62.4192
67.3144
67.3178
67.0181
69.4408
72.0383
72.9494
73.7486
75.8567
78.0545
69.7105
60.6194
58.2312
56.333
61.681
67.5753
63.5502
58.7549
60.8977
63.595
61.2152
58.418
61.0556
64.1525
65.9626
67.661
71.9276
76.4232
69.9353
62.4426
62.8046
63.9036
64.7291
65.5283
66.6003
67.6993
67.8
67.8
66.0795
64.1814
64.9035
65.9025
62.6641
58.9677
60.3992
62.3973
61.7023
60.7033
63.8245
67.421
63.6887
59.0932
62.078
65.9742
64.7983
63
68.0385
73.9327
72.8281
70.8301
64.4122
57.4191
59.5988
62.9955
68.7683
74.8623
74.8097
73.9106
70.9963
67.7995
66.6132
65.7141
70.6588
76.4532
78.3313
79.63
83.6205
88.0162
85.5678
82.0712
83.5881
85.8858
81.0254
75.0313
79.4488
85.5429
83.0518
79.1556
85.1098
92.7023
91.7489
89.3513
94.2863
100.48
100.039
98.4405
100.152
102.45
99.0742
94.6785
105.405
118.892
118.218
114.922
115.745
117.344
121.795
126.79
129.776
132.373
129.042
124.547
127.799
132.594
141.96
152.25
154.58
155.28
155.234
155.035
155.66
156.459
163.021
170.814
172.611
173.11
181.639
191.929
194.944
196.343
208.342
222.728
223.448
221.05
227.579
236.171
247.029
258.418
266.495
273.788
281.323
288.915
291.204
292.203
301.941
313.829
325.397
336.886
342.391
346.387
351.1
355.995
364.78
374.571
379.293
382.689
390.51
399.501
401.873
402.472
413.919
428.305
437.359
444.952
447.226
448.025
452.647
458.341
468.238
479.328
488.165
496.357
503.62
510.613
518.997
527.788
539.969
553.156
567.65
582.535
596.501
610.187
607.589
599.997
595.836
592.739
603.713
619.098
626.593
631.588
632.8
632.8
639.064
647.356
651.884
655.181
660.205
665.799
677.909
692.195
700.356
706.45
715.226
724.917
744.34
767.118
783.3
797.187
815.138
834.519
849.183
862.17
881.333
902.712
925.337
948.415
972.15
996.127
1021.2
1046.67
1073.02
1099.69
1137.76
1180.11
1215.09
1247.26
1285.78
1326.74
1361.44
1393.71
1440.04
1491.89
1540.02
1586.67
1638.68
1692.83
1744.98
1796.33
1843.35
1888.61
1957.36
2035.78
2093.67
2143.02
2193.21
2243.76
2313.34
2390.96
2473.2
2557.42
2633.96
2707.19
2788
2872.12
2959.36
3047.98
3121.36
3188
3291.49
3411.47
3503.23
3582.26
3666.22
3752.44
3871.09
4004.66
4092.24
4158.47
4248.59
4349.89
4439.25
4522.97
4627.18
4741.17
4841.8
4936.01
5015.56
5087.99
5172.22
5262.23
5327.44
5380.38
5436.13
5493.28
5539.25
5579.61
5630.71
5687.25
5718.95
5737.94
5752.9
5765.79
5786.88
5812.26
5853.15
5902.21
5927.1
5939.19
5938.65
5931.35
5930.75
5933.74
5934.02
5932.82
5922.01
5905.93
5893.25
5882.46
5872.57
5863.18
5867.73
5880.11
5891.16
5901.45
5903.23
5900.13
5900.08
5901.77
5894.06
5880.88
5885
5899.29
5908.3
5914.2
5909.52
5898.53
5888.97
5880.28
5883.15
5893.04
5904.36
5916.55
5935.78
5959.35
5976.59
5989.88
6004.82
6020.8
6044.31
6072.59
6088.3
6095.99
6097.05
6093.86
6075.63
6047.66
6011.65
5970.39
5939.97
5916.69
5879.98
5834.32
5789.86
5746.2
5701.35
5655.7
5628.94
5615.05
5599.33
5582.35
5560.41
5535.03
5498.18
5453.33
5443.48
5458.26
5475.8
5495.28
5483.65
5449.79
5439.6
5446.5
5441.88
5428.89
5408.35
5382.28
5381.37
5399.05
5390.11
5361.33
5346.15
5341.15
5343.32
5350.91
5359.47
5368.76
5390.7
5422.37
5424.1
5402.62
5387.53
5377.44
5366.4
5354.61
5348.01
5345.51
5327.19
5296.22
5276.76
5266.57
5255
5242.31
5215.62
5177.46
5155.6
5147.21
5119.46
5075.6
5036.42
5001.15
4971.25
4945.87
4919.42
4892.05
4867.95
4846.67
4822.02
4794.45
4765.75
4736.08
4722.78
4723.88
4712.64
4690.46
4688.71
4705.19
4694.39
4659.02
4640.89
4638.39
4627.39
4608.61
4597.88
4594.59
4581.97
4560.69
4548.03
4543.43
4544.59
4551.18
4537.04
4503.18
4500.68
4528.25
4543.22
4546.02
4548.87
4551.76
4549.57
4542.38
4532.92
4521.23
4516.4
4518.4
4515.56
4507.87
4504.25
4504.75
4494.52
4473.34
4465.01
4469.91
4474.21
4477.91
4473.3
4460.02
4451.54
4448.15
4431.91
4402.04
4392.82
4405.71
4417.64
4428.53
4441.95
4458.14
4455.01
4430.74
4422.41
4431.71
4439.67
4446.17
4443.24
4429.76
4415.61
4400.73
4371.74
4326.68
4279.81
4230.86
4188.62
4154.16
4112.27
4061.72
4014.24
3970.39
3927.26
3885
3835.82
3778.38
3735.08
3708.8
3678.24
3642.48
3608.69
3577.32
3553.6
3539.32
3522.05
3501.07
3485.72
3477.43
3465.6
3449.32
3441.96
3445.95
3442.25
3428.66
3426.23
3438.21
3452.07
3468.35
3493.01
3528.68
3551.02
3555.71
3583.04
3640.58
3693.32
3739.57
3787.9
3839.05
3885.01
3923.87
3977.69
4052.11
4122.9
4188.64
4269.06
4370.06
4472.02
4575.32
4685.46
4805.34
4928.91
5057.79
5198.09
5354.94
5503.05
5638.42
5793.63
5978.05
6152.21
6311.16
6490.04
6698.74
6878.51
7014.67
7161.86
7325.8
7487.85
7646.99
7806.09
7965.14
8115.47
8252.24
8393.12
8540.48
8694.18
8857.92
9016.89
9168.24
9329.85
9507.97
9687.51
9869.33
10051.9
10235.9
10451.1
10718
10960.8
11163.4
11379.5
11618.2
11856.2
12093.2
12339.9
12603.4
12863.9
13119.6
13366.1
13596.6
13825
14049.3
14273.8
14498.5
14715.6
14919.3
15148.2
15422.2
15686.7
15933.7
16192.8
16473.7
16729.6
16939.3
17150.8
17365.9
17583.2
17804.6
18014.6
18203.2
18377
18522.2
18675.8
18845.3
19018.2
19197.8
19374.3
19544.9
19685.6
19767.1
19846.7
19922.3
20008.2
20114.7
20198.6
20236.6
20282.3
20343.5
20382.1
20373.8
20364.9
20354.6
20364.9
20418.5
20449.1
20430.7
20402.6
20353.6
20326.4
20345.8
20349.9
20320.4
20287.6
20247.3
20168.6
20004.5
19851.2
19722.2
19613.6
19551.2
19456.4
19287.9
19121.7
18961
18805.1
18660.5
18527.2
18420
18313.2
18207.6
18125.9
18101.2
18076.6
18052.1
18030.9
18017.4
18005.1
17995.8
18014.1
18100.8
18193.7
18302.1
18418.4
18554.5
18683.7
18794.9
18910.2
19036.4
19159.4
19274.1
19406.1
19583.7
19767.5
19967.7
20157.8
20320.5
20501.1
20730.1
20942.2
21108.4
21270.6
21421.9
21573.3
21724.8
21868.3
21989.6
22108.9
22222.7
22314.5
22343
22375.1
22417.8
22459.4
22498.2
22513.6
22459.7
22425.9
22452.8
22453.7
22375.7
22298.6
22223.6
22148.1
22070.9
21989.6
21895.4
21805
21726.8
21653
21593.3
21511.6
21358.2
21218.1
21121.4
21029.5
20953.4
20878.7
20808.8
20735
20648.3
20568.5
20512.6
20451.5
20372.9
20302.8
20262.5
20221.1
20176
20128.1
20070.1
20013.3
19960.9
19906.5
19844.4
19783.3
19725.4
19676.8
19662.4
19645.9
19621.6
19587.7
19516.9
19461
19463
19450.6
19381.8
19315.5
19259
19200.1
19131
19073.4
19062.2
19041
18978.2
18912.1
18831.8
18755
18693.5
18636.2
18597
18562.9
18550.4
18511.3
18355
18213.3
18136.3
18053.3
17943.4
17828.5
17691
17553
17413.4
17284.1
17203.8
17109.7
16949.9
16787.2
16609.7
16441.8
16320.1
16194
16045.9
15901.3
15774.2
15645.5
15509.3
15380.6
15290.4
15196.3
15081.9
14968.6
14860.6
14742.7
14571.2
14413.6
14332.1
14251.5
14175.6
14100.9
14031.9
13953.2
13817.9
13699.1
13676.4
13641.1
13530.9
13429.7
13382.8
13333.4
13269.6
13198.7
13083.9
12977.9
12927.6
12874.6
12804.3
12737.6
12693.7
12647.4
12584.6
12525.4
12491.1
12451.7
12377
12307.1
12270.6
12244.6
12293.9
12329.6
12266.8
12216
12254.5
12289.9
12301.2
12312.4
12322.7
12331.4
12327.6
12322.1
12303.7
12286.4
12278.8
12271.2
12264.2
12254.8
12224.8
12196.8
12186.9
12178.7
12185.7
12190.2
12172.7
12161.3
12208.2
12250.7
12251.7
12254.4
12273.4
12288
12257.2
12227.8
12211.8
12195.4
12174.8
12149
12067.6
11989.1
11942.2
11892.5
11810.7
11728.9
11647.5
11566.2
11486.7
11406.3
11314.8
11224.3
11147
11072.7
11037.4
10995.6
10865.8
10738.6
10647.5
10561.4
10545.6
10524.7
10429.2
10332.6
10220
10112
10075.2
10037
9974.87
9910.12
9801.33
9693.64
9605.43
9517.77
9440.25
9362.25
9275.34
9186.9
9068.21
8950.27
8847.57
8745.97
8668.14
8588.25
8461.48
8335.3
8223.41
8111.8
8007.31
7903.2
7809.49
7714.87
7594.69
7474.78
7363.09
7251.33
7137.24
7022.99
6903.11
6784.15
6699.34
6613.97
6506.78
6399.54
6290.75
6182.5
6099.98
6017.59
5942.17
5866.31
5765.21
5664.4
5583.18
5502.07
5429.14
5355.79
5243.9
5132.23
5045.82
4958.95
4806.9
4654.82
4496.47
4337.95
4119.26
3900.61
3717.89
3535.17
