37.999
35.8011
33.6033
38.3881
43.1834
34.6382
26.0466
32.4584
38.952
38.7025
38.4028
32.7588
27.0644
32.2349
37.5297
36.4171
35.2182
24.1813
12.9923
21.4403
30.2317
25.0106
19.516
26.5389
33.8318
25.509
16.8175
21.6649
26.8598
29.1385
31.3364
31.303
31.2031
33.7172
36.3146
27.9941
19.3027
27.3888
36.0803
32.5509
28.5548
25.6151
22.7179
28.7335
35.1272
32.8177
30.1203
28.0911
26.0931
24.1903
22.2921
27.5229
33.1175
28.1829
22.6882
25.7131
29.2097
30.7225
32.1211
32.1057
32.0058
31.0592
30.0602
31.5959
33.2942
33.4937
33.5936
30.4214
27.0248
28.3859
30.0843
32.155
34.2529
29.755
24.7599
26.6249
29.0225
35.3055
41.899
36.6767
30.4827
29.5394
29.0399
25.8747
22.478
24.9517
27.9488
32.7764
37.7715
32.8113
26.9171
31.7771
37.6713
35.3808
32.2838
34.6316
37.5288
32.8197
27.3251
32.2212
38.2154
36.0952
33.0982
28.9316
24.6358
24.4693
24.769
25.427
26.1263
28.8812
31.8783
31.5757
30.8764
28.1305
25.1334
23.113
21.2149
26.6699
33.0636
31.5017
28.9042
27.8944
27.0952
30.2562
33.9525
32.995
31.3966
33.3027
35.7004
36.0874
36.1873
30.6178
24.2241
28.3605
34.0549
34.4527
34.0531
31.7475
29.15
27.8492
26.7502
33.4132
41.3054
39.4744
36.0777
37.5746
39.8723
41.0565
42.0556
39.1234
35.527
33.5505
31.8522
31.0896
30.4902
35.8318
42.2255
40.321
36.9243
36.8224
37.3219
35.5457
33.3479
30.7296
28.0322
33.3047
40.0981
38.0195
34.2232
40.2801
48.2723
47.6839
45.3862
45.4986
46.0981
45.205
44.0062
40.4912
36.4952
37.8631
40.3606
46.4806
53.3738
50.5755
45.6803
51.6826
60.0744
56.7773
50.8831
54.9373
61.2311
59.4714
55.875
60.9618
68.0549
74.4193
80.6132
77.1966
71.5022
75.5562
81.9499
78.4582
72.564
79.0967
88.6873
92.2795
94.3775
90.5715
85.2767
89.6914
96.5847
97.2061
96.2071
100.91
107.104
103.897
98.2026
98.8125
101.11
102.779
104.278
104.208
103.708
110.248
118.74
122.941
125.938
124.654
122.157
127.034
134.027
132.89
129.393
137.25
148.439
143.604
134.013
136.641
142.935
140.721
135.925
138.317
142.912
146.135
148.932
154.392
160.686
160.531
158.333
164.005
172.197
167.709
159.117
161.592
167.686
170.626
172.525
175.546
178.943
177.335
174.038
180.724
190.814
191.617
189.219
192.75
198.344
208.078
219.267
219.473
215.776
221.343
230.234
231.207
229.309
242.986
262.367
265.631
262.933
277.547
298.626
302.514
299.916
306.072
315.563
328.228
342.115
352.188
360.779
368.223
375.216
388.292
403.776
421.188
439.37
450.08
457.772
481.008
510.579
524.72
532.513
547.363
565.146
576.453
585.045
604.305
628.082
657.738
689.906
706.58
716.57
735.469
758.247
788.381
821.749
840.997
853.984
874.494
898.371
925.757
954.729
984.387
1014.36
1041.32
1066.89
1089.05
1109.63
1134.5
1161.37
1191.91
1224.18
1237.58
1241.97
1280.36
1335.11
1355.29
1358.68
1373.68
1394.36
1411.76
1427.55
1443
1458.28
1475.43
1493.51
1501.39
1504.09
1514.05
1527.74
1538.46
1547.65
1551.98
1553.78
1563.7
1577.88
1575.22
1563.64
1570.99
1588.47
1580.77
1559.5
1557.63
1566.32
1567.27
1563.97
1563.51
1564.61
1566.28
1568.28
1557.17
1538.69
1535.38
1540.67
1550.41
1562.7
1562.64
1555.45
1561.83
1576.11
1572.02
1557.13
1556.37
1563.96
1569.74
1574.43
1572.58
1566.79
1567.52
1572.22
1579.7
1588.89
1585.17
1573.48
1575.22
1585.31
1588.95
1588.55
1593.72
1602.41
1601.29
1593.89
1578.72
1558.54
1554.78
1561.67
1558
1547.41
1537.18
1527.19
1519.24
1512.64
1498.28
1478.69
1471.93
1473.83
1460.22
1436.04
1425.25
1423.65
1421.41
1418.71
1414.01
1407.92
1403.29
1399.69
1400.19
1403.58
1399.76
1390.77
1384.39
1379.89
1381.12
1386.52
1393.76
1402.35
1400.37
1390.58
1379.93
1368.64
1360.32
1354.22
1361.84
1379.82
1386.18
1383.68
1377.63
1368.84
1372.04
1384.52
1391.46
1394.05
1384.02
1364.04
1359.49
1367.18
1361.11
1344.02
1337.06
1338.26
1338.52
1338.02
1327.47
1308.69
1295.11
1285.82
1282.64
1284.53
1281.54
1274.45
1260.05
1239.47
1231.02
1232.92
1237.4
1244.09
1234.78
1211.6
1199.68
1197.58
1197.56
1199.35
1193.21
1180.02
1173.75
1173.65
1168.6
1159.11
1159
1167.39
1167.8
1160.91
1153.39
1145.3
1145.39
1153.08
1152.52
1144.23
1146.88
1159.87
1161.39
1152
1144.9
1140
1136.02
1132.93
1139.45
1155.33
1156.75
1143.96
1138.85
1141.35
1138.9
1131.5
1129.54
1133.04
1136.24
1139.14
1136.69
1128.8
1127.41
1132.7
1129.81
1118.42
1111.48
1109.18
1110.04
1114.24
1110.83
1099.34
1093.4
1093.4
1097.34
1105.53
1107.84
1103.74
1098.21
1091.12
1088.87
1091.97
1096.77
1103.46
1099.89
1084.8
1076.99
1077.39
1067.98
1047.4
1035.14
1032.45
1024.98
1011.99
998.406
984.12
972.406
963.714
954.245
943.856
929.687
911.006
893.956
878.871
875.835
887.424
887.509
873.523
858.642
842.657
838.7
849.689
848.838
833.153
829.212
840.102
849.277
856.27
855.255
843.966
840.911
848.503
853.407
854.806
857.931
863.326
867.775
870.972
880.115
897.199
913.728
929.513
944.534
958.521
966.937
967.737
982.815
1017.58
1045.28
1063.16
1087.66
1121.43
1155.24
1189.1
1227.79
1273.35
1308.77
1329.65
1366.53
1426.57
1481.46
1528.81
1573.49
1614.25
1665.56
1732.49
1791.38
1838.23
1887.24
1939.49
1990.23
2038.68
2084.61
2126.67
2175.12
2233.47
2287.32
2334.17
2386.55
2447.59
2497.1
2528.37
2574.34
2643.77
2707.23
2761.08
2815.31
2870.15
2936.29
3020.91
3098.32
3163.86
3233.74
3310.87
3389.07
3469.1
3538.43
3589.68
3660.27
3763.87
3856.57
3930.49
3996.53
4048.88
4113.32
4198.94
4276.9
4341.34
4417.88
4515.98
4605.41
4679.23
4752.1
4823.23
4902.03
4994.84
5076.3
5136.84
5203.84
5282.87
5359.21
5430.54
5494.86
5545.91
5600.43
5661.57
5721.82
5780.36
5835.24
5882.99
5925
5955.77
5992.28
6040.14
6077.31
6093.19
6114.45
6146.52
6175.32
6197.5
6215.61
6225.4
6234.48
6242.07
6254.49
6276.97
6289.91
6282.82
6280.46
6288.16
6293.75
6294.85
6296.67
6300.07
6299.01
6288.22
6275.55
6258.77
6237.45
6206.09
6174.72
6143.35
6108.3
6064.94
6014.89
5949.55
5896.56
5871.98
5849.57
5832.19
5804.59
5753.04
5710.21
5688.04
5663.82
5634.75
5619
5635.38
5647.46
5649.06
5656.06
5676.34
5691.4
5693.5
5708.05
5753.8
5803.04
5861.08
5908.64
5929.42
5947.91
5960.5
5991.54
6070.66
6142.25
6194
6249.95
6317.09
6383.08
6446.02
6506.43
6559.98
6616.25
6679.99
6731.28
6748.17
6784.27
6874.09
6941.03
6943.42
6953.32
6984.59
7013.62
7036.2
7054.46
7060.15
7070.43
7094.21
7106.19
7083.11
7069.72
7085.4
7092.64
7074.26
7050.99
7012.73
6980.8
6968.51
6954.24
6933.76
6909.52
6873.35
6840.49
6818.22
6791.01
6747.85
6714.1
6711.1
6697.64
6649.59
6610.74
6602.64
6591.86
6571.98
6553.95
6542.26
6525.89
6493.32
6465.71
6455.42
6441.58
6415.21
6387.5
6355.04
6322.57
6290.1
6268.31
6285.59
6300.54
6306.83
6305.13
6273.46
6244.29
6224.61
6209.43
6211.53
6206.79
6175.53
6151.43
6155.53
6152.46
6120.89
6096.1
6098.59
6097.82
6083.74
6064.61
6024.65
5992.44
5992.64
5989.97
5975.19
5961.5
5952.51
5936.28
5888.63
5847.97
5838.08
5822.99
5784.72
5750.05
5731.57
5705.72
5646.18
5594.1
5576.62
5554.44
5510.18
5463.31
5403.96
5347.69
5306.23
5267.11
5239.43
5205.89
5143.15
5085.21
5051.44
5020.45
5003.67
4981.13
4928.79
4876.09
4821.54
4770.79
4740.32
4711.42
4691.04
4670.37
4648.09
4624.69
4595.02
4564.66
4530.39
4497.25
4470.58
4443.47
4413.8
4383.75
4351.48
4319.89
4292.42
4267.64
4259.35
4250.82
4240.83
4224.67
4169.43
4120.89
4115.59
4110.83
4109.53
4103.05
4061.99
4024.26
4009.18
3994.45
3982.16
3971.66
3973.76
3974.83
3968.53
3965.19
3983.37
3997.87
3984.98
3973.72
3974.71
3976.24
3981.84
3984.42
3963.34
3946
3958.69
3969.11
3960.92
3954.15
3959.35
3960.53
3927.46
3899.73
3918.51
3934.51
3925.72
3918.5
3925.59
3932.85
3941.64
3949.66
3950.26
3950.02
3941.63
3934.18
3936.18
3936.78
3923.09
3911.17
3917.66
3920.81
3888.15
3857.6
3850.41
3843.29
3836.99
3826.65
3769.3
3714.76
3693.58
3671.99
3645.31
3618.76
3593.68
3568.15
3536.79
3505.73
3478.86
3453.35
3446.76
3436.54
3374.7
3316.3
3308.51
3300.9
3296.11
3289.1
3247.24
3206.45
3183.07
3159.61
3134.84
3109.92
3082.44
3055.73
3042.95
3028.92
2991.25
2953.71
2918.54
2883.39
2848.42
2814.23
2796.85
2778.03
2726.68
2676
2641.24
2606.48
2572.12
2537.39
2493.03
2448.58
2401.53
2355.62
2343.83
2331.51
2302.24
2272.33
2220.58
2169.18
2130.82
2092.64
2061.57
2030.73
2009.75
1988.71
1965.14
1941.34
1905.87
1870.48
1839.51
1808.59
1780.61
1752.64
1724.67
1696.68
1666.81
1636.93
1606.56
1576
1517.75
1459.53
1404.18
1348.79
1279.56
1210.34
1155.9
1101.45
