81.4076
98.391
115.374
116.697
117.995
115.312
112.615
110.215
107.818
108.792
109.791
108.711
107.612
100.192
92.6994
101.866
111.257
107.563
103.667
101.538
99.4401
100.87
102.368
95.3588
88.1659
98.1502
108.54
105.488
102.092
101.611
101.211
100.133
99.0339
103.937
109.032
106.881
104.483
102.664
100.866
98.9717
97.0735
91.2381
85.244
90.5585
96.3528
93.7308
90.7337
96.8993
103.493
104.657
105.556
104.744
103.845
104.843
105.942
103.16
100.163
102.55
105.248
100.592
95.4972
97.8341
100.631
97.4204
93.8239
93.9747
94.3743
91.0345
87.438
92.4243
98.0188
95.0486
91.4521
92.4077
93.7064
100.289
107.282
104.007
99.9112
97.2922
94.7946
95.9817
97.4802
95.0262
92.2289
94.0179
96.2158
86.9725
76.6826
76.8046
77.9036
87.3871
97.677
95.7808
92.6838
93.9426
95.641
89.552
82.6588
82.1807
82.3805
85.1047
88.1018
88.0401
87.6405
87.959
88.3586
90.1914
92.1894
95.26
98.4568
90.9522
82.1608
88.3187
96.3108
96.6673
96.0678
92.6335
88.8372
85.8365
82.9393
84.6286
86.9263
88.9601
90.9581
93.6586
96.4559
94.1716
91.1745
92.5483
94.5464
89.7411
83.9468
91.0323
100.023
96.1638
90.3695
90.9861
92.5846
92.8864
92.9863
89.2053
84.8096
85.5767
87.1752
85.5113
83.3134
84.4561
86.1545
83.6653
80.4684
84.519
89.8138
90.5149
90.415
89.721
88.9218
87.9532
86.9542
88.4896
90.4876
93.9185
97.6149
93.491
87.8965
89.2651
91.9625
91.4793
90.3804
93.206
96.8025
94.401
90.8045
92.8595
96.0564
97.3462
98.2453
97.8209
97.1216
93.9466
90.2502
93.7987
98.8937
99.4715
99.0718
98.8361
98.6363
99.0087
99.5082
96.6644
93.0679
96.0606
100.556
98.7219
95.4252
98.9288
104.024
105.888
106.987
110.584
114.78
115.198
114.699
115.001
115.5
112.641
108.944
110.434
113.231
117.7
122.595
126.458
130.054
128.107
124.711
125.343
127.041
127.873
128.472
124.355
118.96
123.524
130.817
135.607
139.703
132.096
121.206
127.983
139.772
144.806
147.903
146.664
144.167
142.828
141.828
146.762
153.455
150.543
144.749
147.616
153.11
156.235
158.632
157.522
155.324
158.603
163.598
165.786
167.085
167.4
167.4
170.947
175.643
172.434
166.639
169.405
174.999
179.92
184.615
187.144
188.943
196.328
205.619
202.279
194.586
199.492
208.783
218.147
227.538
232.285
235.382
237.082
238.281
246.812
258.001
264.51
269.305
284.457
303.438
316.019
326.209
339.373
353.659
360.783
365.179
384.148
408.724
429.055
447.736
475.818
507.587
526.26
539.747
566.864
599.433
627.731
654.305
685.492
718.559
751.839
785.206
825.844
869.501
902.952
932.124
975.192
1024.14
1066.87
1106.93
1158.99
1216.24
1263.32
1305.98
1355.78
1408.73
1461.75
1514.8
1568.47
1622.41
1682.07
1744.31
1799.07
1850.42
1911.42
1976.85
2041.95
2106.89
2177.4
2250.53
2308.53
2359.38
2419.02
2482.86
2529.63
2568.2
2627.14
2695.97
2754.88
2808.92
2857.62
2903.68
2938
2966.47
3012.29
3066.84
3095.34
3110.62
3134.96
3163.93
3192.71
3221.38
3249.26
3276.74
3301.46
3324.74
3331.23
3328.83
3341.93
3363.31
3362.69
3350.2
3351.1
3359.3
3361.62
3360.72
3366.32
3375.51
3388.1
3402.58
3405.63
3402.23
3399.34
3396.74
3398.59
3402.99
3406.88
3410.48
3412.81
3414.41
3422.87
3435.35
3441.88
3444.88
3454.07
3466.96
3461.26
3444.38
3455.09
3482.57
3489.96
3485.07
3483.51
3484.01
3500.02
3525.7
3543.89
3557.37
3555.26
3543.27
3532.13
3521.54
3517.16
3516.76
3521.93
3530.72
3504.12
3454.37
3430.51
3423.71
3413.98
3402.29
3377.8
3344.73
3310.29
3274.93
3257.09
3251.2
3237.13
3217.45
3188.74
3153.77
3135.99
3130.19
3111.15
3082.77
3083.86
3105.83
3114.13
3112.63
3095.45
3066.98
3060.09
3068.88
3060.84
3040.46
3039.21
3052.1
3054.05
3047.85
3038.35
3026.36
3026.15
3034.84
3043.42
3051.91
3058.65
3064.04
3064.88
3062.18
3055
3044.31
3037.42
3033.52
3039.76
3054.05
3045.86
3019.68
3000.03
2985.65
2968.12
2948.04
2935.37
2928.78
2912.17
2887.3
2865.04
2844.96
2828.52
2815.13
2794.33
2767.25
2740.02
2712.65
2692.31
2678.03
2664.76
2652.37
2627.82
2592.65
2573.33
2567.93
2548.61
2516.94
2490.44
2468.56
2450.16
2434.87
2417.96
2399.58
2396.64
2407.83
2401.76
2379.78
2367.65
2364.65
2361.6
2358.5
2345.54
2323.26
2313.53
2315.72
2325.72
2343.21
2352.46
2353.76
2345.95
2329.26
2320.85
2320.55
2319.5
2317.7
2309.95
2296.26
2286.66
2281.16
2269.71
2252.23
2236.73
2223.24
2217.58
2219.98
2201.83
2162.36
2132.97
2114.08
2095.06
2075.88
2059.94
2047.45
2026.76
1997.29
1979.21
1973.42
1958.38
1933.31
1912.76
1897.18
1873.52
1840.95
1819.21
1809.52
1803.22
1800.72
1783.6
1749.93
1722.66
1702.68
1667.21
1613.97
1573.36
1547.39
1511.36
1463.61
1413.33
1360.08
1317.39
1287.22
1250.68
1206.52
1164.31
1124.45
1087.93
1055.46
1030.86
1015.87
995.207
967.535
943.202
923.022
904.527
888.143
871.009
852.926
839.02
830.428
821.968
813.676
807.17
802.974
800.123
799.024
802.717
812.707
820.721
826.115
834.975
848.462
862.332
876.718
897.081
925.553
960.143
1003.1
1051.52
1107.46
1165.79
1227.43
1303.42
1399.53
1493.65
1584.96
1687.85
1807.23
1939.25
2089.4
2249.68
2424.61
2593.52
2753.67
2924.4
3110.72
3296.8
3482.51
3673.72
3873.12
4078.86
4294.15
4499.85
4690.96
4876.11
5052.14
5227.07
5400.3
5571.58
5739.81
5895.65
6032.02
6179.63
6345.07
6501.74
6644.4
6788.55
6935.11
7077.02
7211.39
7355.3
7514.85
7676.99
7843.43
8011.78
8183.31
8364.13
8560.54
8756.87
8953.08
9152.57
9357.67
9557.81
9749.42
9946.33
10152.4
10344.4
10511.6
10683.3
10862.8
11051.9
11258
11447.7
11607.8
11776.7
11961.6
12150.1
12345.5
12526.8
12682.2
12843.8
13016.9
13186.3
13348.9
13529
13742.4
13925.2
14049.7
14163.8
14257.9
14378.1
14548.9
14696.6
14799
14902
15006.3
15114.1
15228.7
15321.3
15369.6
15438.4
15548.8
15624.8
15630.2
15645.8
15682.4
15706.9
15705.9
15715.9
15749.2
15770
15764.5
15758.2
15750.3
15728.2
15675.6
15648.7
15677.7
15689.2
15662.4
15636.4
15611.9
15559.2
15443.1
15348.7
15303.6
15256
15203
15144.5
15073.3
14999.3
14918.6
14844.3
14785.2
14709.9
14596.3
14501.8
14453.1
14411
14384.9
14359.8
14337
14312.2
14282.7
14276
14326.4
14361
14356
14385.6
14502.8
14612.7
14704
14805.1
14931.7
15051.9
15155.4
15263.6
15384.2
15489
15551.9
15654.5
15863.3
16043.7
16147.4
16253.7
16367
16486.6
16623.5
16747.6
16835.9
16941.7
17097.5
17232.9
17310.2
17387.1
17463
17525
17547
17570.7
17599.7
17629
17659.4
17683.6
17689.3
17684
17645.2
17604.3
17557
17509.6
17462.3
17409.8
17341.4
17280.4
17242.8
17203.7
17159.6
17107.5
17029.4
16952
16877
16804.8
16742.2
16669.8
16564.8
16477.1
16447.6
16405.4
16319.5
16236.2
16161.2
16096.8
16069
16047.8
16049.5
16031.7
15944.4
15873
15859.3
15837.7
15786.7
15746.1
15743.6
15729.7
15673.3
15623.8
15601.1
15578.3
15555.9
15525.6
15464.9
15423.7
15458.9
15477.3
15429.2
15376.7
15307
15243.3
15204.2
15165.2
15126.1
15089.5
15063.2
15031.9
14979.4
14926.4
14871.5
14819
14777.2
14731.7
14669.8
14599
14488.9
14390.7
14345.8
14299.5
14246.9
14181.8
14059.1
13946.9
13883.5
13812.5
13705
13596.8
13485
13371
13246
13126.7
13035.1
12941.3
12835.8
12732.7
12641.9
12552.1
12467.1
12381.9
12295
12207.2
12114.6
12017.3
11894.7
11776.2
11680.2
11589.4
11527.3
11466.4
11411.6
11357.2
11304.6
11243.4
11132.2
11024.4
10937.1
10860.8
10851.4
10834.1
10769.4
10697.5
10580.7
10477.2
10458.2
10435
10384.2
10330.7
10259.1
10193.7
10169.9
10145.9
10120.7
10093.4
10052.6
10011.7
9970.63
9932.74
9917.55
9903.09
9893.9
9888.61
9912.28
9931.11
9913.23
9894.99
9874.01
9857.57
9876.85
9894.51
9899.1
9902.39
9895
9889.63
9901.12
9908.98
9885.9
9865.98
9873.57
9878.16
9855.98
9840.37
9884.53
9922.49
9902.81
9884.06
9874.17
9869.03
9910.19
9948.35
9956.54
9962.37
9944.09
9927.83
9932.83
9936.51
9926.12
9911.18
9846.14
9781.33
9718.99
9660.13
9641.65
9616.11
9506.52
9402.43
9365.77
9327.29
9265.95
9203.86
9132.03
9059.89
8983.67
8909.67
8866.42
8820.57
8737.95
8656.39
8590.36
8524.85
8467.3
8409.33
8344.7
8280.9
8230.85
8183.06
8173.37
8159.04
8063.44
7968.91
7893.98
7821.35
7792.27
7760.43
7673.61
7586.58
7495.07
7404.59
7336.36
7267.54
7185.52
7104.61
7050.27
6994.66
6907.35
6819.78
6725.68
6631.57
6537.36
6442.67
6333.68
6225.76
6152.24
6077.93
5977.23
5877.04
5795.62
5714.56
5647.83
5581.08
5513.75
5445.5
5334.11
5223.31
5143.69
5064.12
4987.6
4911.06
4833.84
4756.8
4694.06
4631.25
4562.12
4492.84
4406.82
4320.87
4243.34
4165.56
4035.59
3905.65
3787.76
3669.85
3520.99
3372.14
