113.199
110.601
108.004
111.092
114.189
116.888
119.585
112.843
106.05
105.008
104.009
104.594
105.193
106.089
106.988
109.464
111.962
107.769
103.474
103.498
103.598
106.932
110.328
110.302
110.202
109.809
109.41
106.77
104.073
105.458
106.957
106.612
106.212
107.749
109.347
107.951
106.452
106.014
105.615
105.119
104.619
108.057
111.653
109.883
107.885
104.261
100.565
107.94
115.832
111.056
105.662
105.78
106.18
106.674
107.174
102.751
98.0555
99.8782
102.076
107.29
112.685
113.941
114.94
110.118
104.923
103.382
102.083
101.906
101.806
98.6281
95.2314
97.6997
100.597
102.937
105.234
106.883
108.482
103.974
98.9795
98.4153
98.2155
95.2522
92.0554
94.3737
97.171
98.4089
99.5078
95.2066
90.4113
97.3066
105.299
104.268
102.37
100.472
98.5739
102.846
107.742
105.755
103.058
100.089
97.0923
94.9066
92.8087
92.7799
92.9797
100.361
108.553
104.026
98.0316
97.0425
96.6428
97.2242
97.9235
102.805
108.2
109.244
109.743
107.939
105.841
105.777
105.976
104.059
101.862
105.208
109.304
108.483
106.984
101.105
94.6115
93.1006
92.3014
99.0905
106.983
99.1233
88.9333
90.3785
93.5754
98.0718
102.767
103.573
103.773
106.301
109.198
107.277
104.579
95.6148
85.6246
92.9368
103.127
104.087
103.488
104.253
105.252
98.3393
90.0474
96.9477
106.538
107.661
107.262
105.595
103.697
103.4
103.4
105.418
107.816
105.18
101.583
99.0749
96.7772
98.3205
100.618
101.916
103.015
104.197
105.396
107.59
109.987
111.475
112.774
110.607
107.71
109.67
112.667
111.064
108.467
112.015
116.91
118.454
119.253
123.151
127.746
128.763
128.962
131.353
134.25
136.662
138.96
142.307
145.904
152.078
158.872
153.851
145.958
150.172
157.365
159.76
160.958
173.008
187.793
179.976
166.389
172.253
183.143
191.577
199.369
198.788
195.991
197.528
200.225
206.931
214.724
217.341
218.54
216.532
213.634
212.844
212.644
214.779
217.576
223.323
229.917
237.13
244.523
244.655
242.657
248.902
257.594
263.826
269.321
272.056
273.954
273.941
273.342
283.418
296.805
298.555
296.657
298.779
302.176
309.129
317.221
323.879
330.073
330.772
329.673
326.547
322.75
327.342
334.734
344.293
354.583
360.999
366.094
369.777
372.974
383.73
397.117
407.252
416.243
432.753
451.934
472.88
494.458
507.679
517.869
537.931
561.607
582.221
601.702
638.566
681.924
718.318
752.085
781.8
809.973
844.927
882.49
937.466
999.205
1046.81
1088.87
1142.38
1200.42
1257.03
1313.08
1381.15
1454.08
1536.09
1621.81
1700.24
1775.66
1866.83
1964.53
2052.59
2136.61
2227.37
2320.97
2428.02
2540.81
2648.16
2753.15
2854.11
2953.32
3080.35
3219.61
3354.52
3487.49
3616.39
3743.46
3858.63
3968.42
4116.99
4283.22
4414.97
4530.86
4663.33
4803.49
4938.01
5069.88
5212.6
5360.46
5492.08
5615.96
5740.44
5865.22
5976.95
6082.35
6200.69
6325.36
6400.63
6451.48
6545.26
6660.45
6723.86
6761.22
6825.96
6904.58
6961.86
7008.21
7073.28
7148.01
7215.18
7278.42
7316.05
7340.22
7352.65
7358.84
7376.23
7399.61
7400.92
7390.33
7405.56
7434.83
7446.62
7448.82
7449.53
7449.43
7451.84
7455.63
7446.77
7430.79
7464
7525.14
7517.28
7469.93
7472.55
7504.02
7512.63
7507.94
7503.18
7498.38
7500.99
7507.98
7508.16
7504.26
7523.31
7556.18
7570.46
7573.46
7585.75
7603.74
7621.9
7640.19
7672.69
7714.05
7729.51
7728.71
7738.8
7755.78
7749.1
7727.33
7727.86
7742.74
7729.45
7697.88
7667.4
7637.63
7579.5
7502.68
7434.73
7372.69
7317.65
7267.3
7204.19
7132.46
7083.02
7048.75
7020.94
6997.56
6964.27
6924.11
6879.54
6831.88
6819.47
6831.86
6816.31
6780.95
6770.74
6778.53
6758.4
6718.14
6695.88
6686.69
6686.55
6693.04
6685.97
6668.89
6652.72
6637.24
6629.91
6628.72
6635.76
6649.05
6674.86
6710.23
6712.83
6690.26
6689.69
6706.17
6707.12
6695.93
6683.84
6671.06
6660.66
6652.17
6622.09
6574.74
6535.51
6502.84
6473.92
6448.05
6401.2
6337.16
6285.6
6244.34
6194.57
6137.73
6083.82
6032.37
5992.34
5961.97
5917.42
5860.77
5806.97
5755.63
5703.69
5651.24
5620.02
5607.34
5573.39
5520.74
5476.99
5441.12
5397.55
5347.1
5313.47
5294.99
5264.94
5224.38
5208.91
5216.4
5210.02
5190.84
5174.92
5162.03
5149.97
5138.68
5125.8
5111.41
5106.14
5109.54
5105.95
5095.66
5081.71
5064.22
5062.13
5075.02
5086.89
5097.78
5095.31
5079.63
5063.34
5046.46
5025.39
5000.12
4963.87
4916.52
4881.23
4858.25
4838.52
4822.14
4791.83
4747.07
4709.25
4678.68
4647.82
4616.65
4584.51
4551.34
4516.82
4480.86
4446.39
4413.52
4366.29
4303.45
4268.12
4262.92
4228.48
4161.75
4111.56
4079.79
4034.09
3972.75
3908.69
3841.55
3765.31
3678.7
3580.51
3469.01
3366.55
3274.54
3171.05
3054.17
2944.17
2842.27
2742.2
2644.29
2547.3
2451.39
2363.1
2283.98
2200.7
2112.39
2036.97
1977.33
1920.29
1866.44
1815.75
1769
1726.15
1688.18
1653.84
1624.07
1602.39
1591
1578.21
1563.62
1553.79
1550.09
1546.26
1542.27
1547.9
1566.18
1579.26
1585.46
1601.92
1632.09
1669.84
1717.79
1786.43
1883.14
1968.37
2037.9
2136.15
2274.02
2426.81
2600.34
2789.59
3000.89
3226.88
3473.64
3738.86
4030.38
4338.13
4669.21
5021.47
5404.4
5789.68
6178.4
6573.22
6977.02
7378.29
7775.8
8171.95
8566.07
8945.12
9301.47
9664.21
10036.6
10404.5
10765.2
11099.6
11393.5
11683.9
11969.1
12236.3
12475.2
12740.6
13048.1
13323.3
13546.7
13797
14090.3
14359
14587.8
14838.7
15125.8
15434.9
15780.2
16132.2
16495.2
16851.2
17195.8
17558.4
17951.5
18316.6
18633.8
18972.9
19350
19722
20085.2
20429.2
20739.6
21058.9
21393.9
21732.9
22079.2
22433.7
22803.2
23144.9
23436.4
23746.4
24090
24424.1
24740.3
25050.1
25347.7
25649.7
25959.9
26265.7
26563.2
26853.9
27131.5
27365.2
27514.5
27716.9
28022.5
28277.4
28433.2
28591.5
28755
28913.8
29063.6
29202.8
29320.8
29418.2
29473.9
29530.3
29587.8
29631.6
29647
29663.8
29683.6
29688.5
29662.2
29666.1
29734
29793.8
29836.6
29832.6
29727.6
29651.5
29638.5
29617.6
29579.4
29514
29388.7
29254.5
29100.7
28939.8
28763.3
28583.2
28395
28222.1
28084.4
27936.1
27762.8
27580.8
27378.1
27181.3
26998.4
26845
26762.3
26677.5
26587.8
26528.8
26544.7
26576.7
26648.2
26701.8
26711
26770.4
26955.6
27133.7
27293.6
27442.4
27562.6
27709.6
27925.8
28150.2
28396.2
28648.5
28917.6
29185.7
29450.7
29712.9
29967.4
30211.2
30425.8
30653.1
30915.3
31159.4
31353.8
31572.1
31857.1
32111.7
32280.2
32441.2
32580.8
32721.5
32865.5
32969.4
32956.9
32965.5
33035.9
33069.5
32993.9
32948.9
32996
33010.3
32925.3
32844.6
32777
32712.7
32658.3
32582.1
32437.9
32294.8
32155.1
32001.9
31805.9
31621.2
31472.9
31328.2
31195.3
31058.8
30910.7
30788.3
30751.2
30684.4
30517
30367.3
30277.6
30187.4
30095.5
30015
29974.7
29912.6
29773.7
29662.8
29652
29621.8
29521
29424.3
29342.7
29272.5
29245.1
29217.5
29189.3
29155.2
29098.8
29035.6
28946.5
28865.2
28814.3
28770
28751.6
28716.2
28613.5
28525.8
28498.6
28453.1
28332.6
28223.4
28160.9
28096.7
28025.6
27948.4
27844.8
27761.7
27766.5
27725.2
27484.1
27281.4
27247.8
27188.4
27013.5
26841.8
26684.3
26522
26337.7
26145.2
25913.9
25687.9
25486.5
25287.1
25097.4
24916.3
24777
24633.6
24469.8
24292.7
24049.9
23817.8
23639.2
23456.6
23254.1
23053.9
22865.4
22680.5
22514.4
22347.5
22175.6
22014.9
21913.9
21799.8
21613.9
21437.5
21314.4
21188.9
21049.6
20912
20783.6
20655.5
20528.6
20401
20269.3
20139.3
20019
19894.4
19742.9
19601.7
19524.5
19436.8
19282.4
19142.6
19096.2
19045.7
18967.9
18887
18785.7
18694.7
18673.6
18644.4
18558.9
18476.7
18418.4
18366.6
18361.8
18358.3
18364.3
18363.3
18310.4
18272.9
18352.7
18419.7
18387.9
18359.3
18356.9
18352.6
18333
18317.1
18331.2
18345.4
18360.7
18374.4
18374.7
18370.1
18322.5
18277.2
18251.4
18232.7
18278
18317.3
18299.8
18281
18249.5
18227.6
18299.1
18360
18316
18275.9
18275.4
18271.9
18235.9
18198.2
18142.4
18085.3
18014.8
17939.8
17815.2
17691.1
17574.5
17459.4
17361.1
17261.2
17142.2
17019.2
16845.4
16676.1
16566.1
16456.5
16351.1
16241.3
16071.4
15905.6
15798.7
15689
15537.9
15388.8
15269.3
15153.6
15097.2
15035.6
14890.2
14750.7
14710.4
14663.8
14508.5
14356.8
14271.8
14183.4
14030.9
13880.7
13774.1
13665.8
13523.6
13380.3
13215.4
13051.7
12917.9
12781.6
12587.9
12394.9
12219
12044.3
11898
11751.2
11587.6
11424.5
11273.6
11121.6
10937.6
10754
10584.6
10415.8
10264.9
10114.5
9978.4
9841.55
9670.81
9500.81
9365.65
9231.04
9126.15
9020.31
8859.07
8698.25
8565.68
8433.39
8323.3
8212.86
8070.4
7928.13
7806.84
7684.98
7478.98
7272.9
7050.62
6828.12
6531.51
6234.92
5959.29
5683.66
