109.998
106.602
103.205
109.285
115.379
112.612
109.815
118.146
126.538
119.956
113.262
113.299
113.399
110.931
108.433
108.006
107.606
105.042
102.445
112.12
122.011
114.361
106.369
106.298
106.398
109.133
111.93
109.467
106.87
111.174
115.67
116.673
117.572
115.18
112.682
114.339
116.137
113.596
110.899
109.164
107.466
110.089
112.886
119.325
125.919
116.253
105.864
101.009
96.414
102.105
108.299
107.079
105.481
110.522
115.917
111.845
107.25
107.661
108.36
108.588
108.788
106.354
103.757
104.633
105.731
103.833
101.735
103.47
105.468
104.294
102.895
98.89
94.6941
102.482
111.174
97.0601
81.1757
91.3784
103.666
100.261
95.5659
100.911
107.105
109.714
112.012
107.614
102.619
98.6304
94.7342
96.044
97.8422
94.9013
91.5046
101.203
112.193
107.937
102.142
94.7182
87.1256
94.2608
102.952
104.161
104.56
103.071
101.372
99.4944
97.5963
102.864
108.958
110.672
111.871
107.363
102.168
104.536
107.833
111.663
115.559
106.963
96.7736
104.705
114.995
111.349
105.854
106.432
107.831
117.659
128.648
118.61
105.623
109.595
115.988
112.352
107.257
112.257
118.75
125.591
132.484
131.407
129.11
130.183
131.781
131.741
131.441
132.519
133.817
135.288
136.786
135.03
132.732
139.664
148.156
153.066
157.362
149.578
139.688
150.931
165.916
167.522
166.723
173.02
180.613
180.367
178.669
176.634
174.536
183.428
194.417
198.292
200.79
202.953
205.051
213.064
222.255
228.122
233.317
230.386
225.79
236.994
251.48
255.485
257.284
260.811
264.707
269.342
274.138
288.192
304.276
313.412
321.005
328.842
336.734
345.928
355.419
360.689
364.985
381.829
401.61
416.06
429.247
434.378
437.575
451.38
467.764
472.844
475.142
494.395
517.872
528.823
536.615
535.096
531.2
539.53
551.019
565.279
580.264
590.589
599.68
609.165
618.756
629.447
640.436
647.74
654.034
671.591
692.27
712.014
731.495
733.621
730.824
744.095
761.978
779.163
796.147
804.789
810.983
823.263
837.349
846.594
854.386
866.394
879.681
896.409
914.191
920.306
922.804
930.854
940.644
955.366
971.65
977.189
979.287
975.271
969.277
978.113
991.8
998.579
1003.07
1019.78
1040.56
1050.43
1056.62
1078.54
1105.81
1118.37
1125.86
1142.03
1161.21
1176.99
1191.58
1224.22
1263.28
1287.2
1305.68
1339.41
1378.68
1417.57
1456.33
1495.02
1533.68
1565.15
1593.92
1620.3
1645.77
1692.73
1747.88
1800.5
1852.15
1904.01
1955.96
2010.64
2066.38
2128.86
2193.99
2251.78
2306.62
2370.08
2437.02
2506.58
2577.21
2646.07
2714.2
2784.95
2856.78
2932.9
3010.82
3096.05
3184.36
3267.63
3348.75
3430.99
3513.71
3609.17
3710.17
3821.16
3936.55
4037.4
4131.81
4241.06
4356.94
4463.33
4565.43
4683.73
4809.4
4923.79
5032.98
5154.12
5280.79
5421.82
5569.58
5688.09
5792.79
5879.43
5957.45
6080.06
6224.12
6315.72
6381.86
6483.73
6603.11
6682.31
6741.66
6812
6887.82
6941.25
6983.41
7023.05
7061.41
7113.65
7172.99
7202.42
7216.41
7253.71
7303.17
7319.54
7318.55
7333.93
7358.01
7372.58
7382.07
7400.52
7423.8
7417.63
7395.46
7394.11
7404.2
7392.3
7368.22
7368.58
7382.56
7400.32
7420.2
7430.01
7434.11
7423.02
7403.24
7391.06
7383.27
7399.97
7430.94
7426.03
7400.06
7398.37
7411.06
7419.36
7425.06
7441.42
7464.19
7484.05
7502.13
7516.99
7529.88
7560.8
7602.86
7634.7
7660.18
7687.49
7715.96
7729.26
7732.96
7755.38
7789.75
7807.76
7815.25
7789.05
7741
7709.31
7688.34
7662.78
7634.21
7590.39
7536.45
7486.87
7440.21
7385.27
7324.73
7275.6
7234.24
7216.57
7215.17
7200.31
7176.14
7148.31
7117.94
7108.39
7113.48
7108.47
7096.28
7097.55
7108.44
7096.74
7068.77
7055.38
7052.58
7044.54
7032.65
7025.93
7023.04
7043.45
7081.21
7116.29
7149.36
7142.5
7105.43
7104.53
7131.21
7133.87
7118.09
7121.16
7138.84
7141.61
7132.72
7117.84
7098.26
7080.07
7062.99
7065.83
7084.62
7063.8
7011.05
6973.73
6948.95
6926.05
6904.67
6871.96
6829.9
6802.46
6787.17
6760.21
6723.44
6696.64
6678.26
6669.69
6669.49
6658.7
6638.82
6600.31
6545.66
6525.48
6535.37
6521.87
6487.81
6484.93
6509.71
6508.95
6485.37
6463.26
6442.48
6438.67
6450.26
6447.4
6431.31
6431.92
6447.9
6444.21
6422.23
6408.3
6401.9
6403.27
6411.96
6405.81
6385.53
6385.09
6403.67
6425.81
6451.38
6467.34
6473.93
6478.16
6480.06
6477.13
6469.44
6459.8
6448.21
6448.58
6460.97
6464.32
6458.53
6463.56
6479.64
6476.62
6453.94
6449.85
6465.04
6491.46
6529.62
6553.63
6562.72
6562.8
6553.3
6556.12
6572.11
6584.97
6594.46
6592.36
6577.68
6574.96
6585.35
6588.9
6584.9
6584.5
6588.1
6591.18
6593.67
6579.9
6547.73
6498.61
6430.18
6379
6347.63
6299.82
6232.99
6179.16
6140.49
6098.98
6054.13
5997.02
5925.39
5868.37
5828.81
5801.99
5790.5
5764.25
5720.1
5674.37
5626.71
5585.23
5551.37
5531.57
5529.28
5513.1
5479.53
5459.56
5456.77
5451.68
5443.69
5449.09
5471.67
5493.98
5515.96
5537.33
5557.91
5586.74
5626.4
5656.95
5675.43
5711.24
5770.18
5824.23
5871.68
5914.73
5951.79
6015.18
6114.58
6208.57
6295.08
6372.07
6435.81
6526.3
6654.27
6774.96
6885.35
7000.27
7121.65
7248.25
7382.31
7545.53
7750.93
7952.06
8146.97
8335.13
8513.35
8703.01
8909.6
9107.11
9291.03
9486.78
9700.38
9918.84
10144.7
10333.8
10466.5
10642.1
10884
11087.7
11231.8
11388.8
11566.2
11751.6
11949.5
12139.9
12318.3
12507.1
12712.5
12939.6
13202.1
13466.9
13735.5
13994.8
14238.5
14508.1
14820.8
15125.2
15415.6
15704.6
15991
16294.9
16628.5
16943.2
17225.2
17496
17747.3
18020.1
18330.8
18627.1
18898
19148.9
19364.2
19629
19982.3
20318
20621.6
20899.3
21129.8
21385.2
21686.6
21980.8
22261.7
22514.4
22714.5
22944.9
23232.5
23469.5
23609.8
23776.6
23994.3
24190.8
24346.3
24510
24689.8
24851.2
24976.3
25085.7
25163.8
25243.8
25327.5
25392.2
25418.3
25449.3
25490.6
25534.2
25582.8
25603.7
25566.9
25546.7
25561.3
25557.9
25516.6
25472
25420.4
25405
25467.8
25492.2
25433.3
25378.8
25334.2
25233.6
25008.8
24822.6
24722.7
24611.6
24475.2
24326.1
24148.1
23955.3
23728.5
23511.8
23318.3
23139.1
22993.4
22861.9
22764.1
22679.3
22625.5
22597.2
22630.8
22649.3
22631.2
22623.9
22643.1
22685.6
22785.9
22887.8
22993.8
23113.4
23267.3
23423.1
23583.7
23748.8
23925.7
24120.5
24361.9
24597.8
24819.1
25034.1
25232
25445
25698.4
25957.7
26232.9
26499.3
26742.1
26953.3
27077.2
27212.2
27378.4
27532.3
27651.4
27775.4
27913.1
28035.7
28114.7
28185.2
28231.5
28268.9
28280.3
28292.5
28307.4
28303.9
28245
28186.7
28130
28058.5
27941.7
27839.3
27781.3
27690.7
27497.8
27337.8
27281.9
27211
27091.6
26958.1
26779.2
26616.1
26504.6
26399.2
26313.9
26226.9
26134.3
26048.4
25985.2
25908.5
25785.2
25671.6
25591.2
25507.9
25414.2
25327.5
25265.2
25204.9
25151.5
25089
24993.8
24916.6
24905.5
24896.8
24896.7
24875.4
24774.8
24680.9
24612.7
24556.6
24547.1
24522.3
24437.6
24364.3
24335.5
24297.1
24221.1
24158.8
24151.7
24129.9
24047.9
23970.6
23912.4
23853.3
23790.8
23724.6
23643.3
23566.2
23507.3
23438.9
23329.5
23216.5
23087.8
22953.5
22794.5
22645.5
22541.2
22419.9
22220.9
22032.1
21890.8
21744.6
21576
21399.3
21184.4
20976.7
20803.6
20625.2
20421
20228
20090.5
19939.2
19718.4
19515.6
19404.3
19292.9
19181.4
19060
18887.5
18719.8
18578.1
18438.4
18310
18187.6
18098
18000
17855.6
17718.5
17622.8
17525.7
17419.6
17317
17234.5
17144.7
17010.5
16880.5
16775.9
16676
16604.7
16536.6
16488.7
16430.9
16309.6
16190.4
16084.4
15985.5
15933.5
15880
15817.5
15759.2
15729.4
15693.7
15617.1
15550.6
15555.7
15560.4
15562.5
15561.7
15539.1
15520.7
15533
15543
15534.6
15528.2
15537.4
15541.9
15508.8
15477.3
15458.5
15444.1
15465.7
15481.4
15447.4
15419.4
15442.8
15459.7
15420.2
15383.7
15375.1
15366.3
15355
15348.2
15382.9
15414.3
15413.8
15412.5
15403
15393.5
15384.1
15372.4
15336.2
15294.8
15198.6
15110.2
15105.3
15091.9
14984.8
14880.1
14803.2
14722.3
14595.4
14469.9
14360.4
14251.8
14153.6
14055.3
13956.6
13856.9
13744.3
13632.1
13524.2
13416.5
13311.2
13208.4
13142.2
13073.9
12975.9
12879.2
12801.1
12721.5
12615.8
12512.9
12456
12395.7
12279.6
12163
12036.3
11911.8
11826.5
11739.2
11610.7
11482.1
11351
11219
11066.7
10914.9
10773.1
10631.4
10495.3
10360.1
10247.5
10133.5
9984.03
9835.54
9712.66
9588.33
9423.3
9258.76
9109.1
8960.62
8849.63
8737.81
8597.55
8457.19
8313.54
8170.91
8069.51
7967.33
7831.26
7695.56
7577.07
7458.83
7353.23
7247.67
7144.28
7040.95
6942.34
6843.31
6710.84
6578.94
6499.62
6419.34
6231.42
6043.61
5871.38
5698.88
5472.61
5246.26
4998.31
4750.33
4479.69
4209.06
