.398827
-2.19863
-4.79608
-3.80248
-2.80346
-4.09422
-5.39295
-1.72368
1.97269
1.50418
1.00467
.0103168
-.988704
.481588
1.98012
6.43595
10.9315
3.62143
-3.87123
-2.91996
-1.82104
4.27534
10.4693
4.73238
-1.26174
-1.4
-1.4
1.03505
3.5326
.781017
-2.11614
-5.40135
-8.69812
-2.41023
4.18331
5.65605
6.95477
2.66095
-1.83464
-.556588
.941943
-3.70555
-8.60075
-2.47483
4.11871
4.49564
4.59554
9.08588
13.7813
4.76089
-4.92961
-5.78021
-6.17982
-1.74172
2.95368
-.491787
-4.38797
-.160125
4.53527
4.61146
4.41166
5.99925
7.69759
4.32651
.630132
1.05577
1.75509
-2.03295
-6.12893
.96997
8.86224
8.93452
8.43501
1.43256
-6.0601
-2.98457
.911616
.829969
.43036
-.615431
-1.71435
-2.3527
-2.95211
.768733
4.86472
6.94277
8.84091
8.63388
8.23428
2.90269
-2.89163
.792311
5.38781
4.61776
3.31903
2.47403
1.67482
-3.19914
-8.49395
-1.50061
6.79126
4.26414
.567764
.55985
.959458
-.346501
-1.84503
.866271
4.06314
4.22125
4.02144
6.49702
9.29428
5.32878
.533483
2.84121
6.03808
4.45097
2.25313
2
2
6.23363
11.0289
7.37577
2.58047
1.82438
1.62458
.723868
-.275153
-3.98411
-8.0801
-4.23892
.756188
1.83513
2.33464
.055587
-2.64177
-2.82673
-2.62693
-3.55082
-4.64975
-7.2148
-10.012
-3.60229
4.28998
6.51606
7.81479
7.65738
7.25777
5.49081
3.49276
2.51789
1.71867
2.70588
4.00461
1.90845
-.78891
3.37253
8.76725
5.29148
.196473
1.59141
4.18886
1.74097
-1.6557
1.5752
6.0708
3.45209
-.543991
-.865993
-.466384
-2.23273
-4.43058
-1.22626
3.06953
2.30754
.5093
2.18525
4.5829
3.10197
.804222
-2.72843
-6.52471
-6.37868
-5.37966
-1.7587
2.43719
4.0174
5.01642
7.64632
10.6434
3.71595
-5.47504
-.545491
7.64648
8.6333
7.93399
5.37717
2.38011
1.63887
1.43906
4.85588
9.15168
5.10941
-.984622
-.920354
.67808
.202179
-.796842
-2.35297
-4.0513
-.0335196
5.4611
4.30335
1.40619
4.67095
9.56615
10.994
11.4935
9.63481
7.13726
5.18859
3.39035
1.27925
-.918596
-1.94614
-2.64545
1.32469
6.6195
4.5396
.343712
1.02609
3.12403
2.20973
.411496
5.2388
12.0321
8.06713
.874176
2.57258
6.96828
6.47092
4.47288
2.01729
-.580166
3.36374
9.35787
8.0688
4.47233
2.23792
.439688
-2.1133
-4.91056
-2.43827
1.75761
7.45517
13.6491
15.3498
15.5496
9.40057
1.1087
-.702016
-.302407
-1.0173
-2.11623
-.0286542
3.16821
4.29563
4.69524
5.31599
6.0153
5.39131
4.29239
4.36661
4.86612
.0274543
-6.76589
-3.20319
4.18957
6.27273
6.37263
3.571
-.325177
3.22992
9.62366
7.86481
2.9696
2.67926
4.1778
3.02138
.823538
4.13577
9.63038
5.06272
-3.52886
-.164233
8.02774
10.8258
11.4252
6.92876
.335222
1.08206
4.87834
3.95884
1.06168
2.16529
4.96255
2.6503
-1.84529
-2.15304
-.654507
1.88805
4.88511
3.5096
.212835
4.45997
12.0525
13.8479
13.0487
8.18915
1.49571
3.44874
9.34297
6.82067
.426936
-3.30578
-5.80333
-.000561505
9.68994
11.104
8.60645
6.1089
3.61135
7.38647
14.1798
11.0198
3.02764
3.14932
7.2453
10.0041
12.102
6.86681
-2.02447
.716354
9.30793
8.42241
2.72799
5.09505
11.5887
10.3082
5.01345
2.28039
.881764
1.31686
2.71549
5.68119
9.47747
9.04233
6.34497
5.5298
5.72961
10.0707
16.6642
18.4194
17.5203
14.1772
9.48176
7.4794
6.97989
8.78165
11.8786
11.1519
8.25472
11.139
17.3329
15.7998
9.80566
10.6939
15.5891
13.8751
8.28055
9.27472
14.1699
12.497
6.90247
4.48821
3.9887
5.78919
8.98605
9.51837
8.41945
7.62938
7.02996
8.64724
11.6443
10.6517
7.15516
6.5342
7.73302
11.9812
18.1751
17.0741
11.2798
12.5751
18.4694
18.2632
14.0673
12.6408
13.0404
11.7598
9.36214
9.05794
10.1569
10.1231
9.32385
10.1884
12.1865
12.2301
10.9313
11.5806
13.5786
15.4002
17.0985
16.51
14.3121
12.6987
11.4999
14.4365
20.3308
16.7047
6.21494
6.4284
14.4206
13.1873
5.19509
5.59259
12.1861
17.348
21.444
21.7732
19.2756
14.503
8.00941
7.18381
10.6804
11.7481
10.9489
13.921
19.8153
18.5857
11.7923
8.40872
7.7094
11.2434
18.1366
20.3674
18.8689
19.4721
21.7699
19.6034
13.809
11.859
13.0578
12.3961
10.1982
12.0899
17.3847
18.6047
16.4069
14.1549
11.8571
11.5012
12.7999
15.6035
19.6995
18.5478
12.8533
10.5201
11.1195
10.7621
9.5633
10.7477
14.0445
15.1779
14.3787
15.2616
17.6593
18.381
17.5818
18.1914
20.0895
20.0123
18.1142
17.3553
17.6551
15.0657
9.77091
7.50836
8.10778
12.8031
21.3946
21.7748
14.2821
13.0895
17.9847
20.2482
19.9484
18.3379
15.4408
15.3559
18.0533
18.1994
15.8018
15.4969
17.2951
17.4059
15.8074
15.8404
17.5387
17.0705
14.3731
14.9618
18.9579
19.046
15.0499
14.119
16.4168
16.2432
13.4459
11.6622
10.9628
12.811
17.4065
20.8531
23.051
21.4825
15.7881
15.1739
20.169
23.3674
24.5662
23.5519
20.0554
18.8565
20.2551
20.7665
20.267
19.628
18.8288
19.2798
21.1779
20.7245
17.5277
17.1774
20.1744
21.8457
21.9456
21.8634
21.5637
19.7683
16.1718
14.2902
14.4901
14.8247
15.3242
20.0738
30.064
32.0812
24.1889
20.9086
23.4062
25.0649
25.6643
24.022
19.5264
16.9125
16.7127
19.0395
24.6341
26.3255
22.9288
21.1295
21.4292
19.4942
14.599
14.5379
20.9317
23.5354
21.0378
20.363
22.1612
22.5671
21.0686
21.2919
23.8894
27.1556
31.3515
30.8044
23.6114
21.8018
27.5961
28.4035
22.1097
19.2204
21.2184
22.4408
22.5407
20.8124
16.4167
17.1557
25.4476
28.5089
23.8135
22.9219
27.7172
27.7711
20.6781
16.4396
16.5395
18.612
23.707
25.0727
20.677
20.3827
26.4767
27.7127
21.3189
16.5106
14.2129
11.9151
9.61737
10.3435
15.938
19.6666
20.3659
19.5876
16.3908
15.1538
17.1518
19.8998
23.8958
23.9756
17.482
14.142
16.1401
15.8868
11.7908
12.9445
23.1345
28.322
24.8254
21.6557
19.0582
14.5462
6.65396
3.75567
9.7498
15.4223
20.5173
23.5868
22.9874
23.1301
24.6286
24.7565
22.3589
20.2408
18.6424
20.2412
27.8338
32.2816
30.7831
27.7726
21.8784
19.1616
22.5583
21.9125
13.4208
11.0423
20.6329
27.1343
27.5339
26.7651
23.6682
21.2017
20.0029
19.7278
21.3263
21.4489
18.5518
16.9586
18.0575
20.4202
25.4153
26.2878
18.4954
15.6329
23.2255
27.1273
23.1312
21.317
24.2142
25.7286
24.2301
24.1369
27.1339
28.269
25.2719
25.1428
31.4366
33.5631
26.2703
22.2352
25.6318
27.1227
24.2256
22.0798
21.6802
22.4152
25.8119
26.3312
20.0374
15.9241
17.0231
17.2146
15.2165
14.963
18.9591
20.7314
17.0351
16.4939
23.7868
27.0913
20.3978
16.1093
17.9075
17.3737
10.8801
9.99454
23.5812
31.045
22.5534
17.3078
20.6046
21.5524
16.2576
14.3525
21.5454
26.1808
23.883
21.4784
18.781
17.7816
21.478
25.148
28.7445
31.4
31.4
31.7113
32.9101
32.1522
25.7584
22.5842
28.7781
31.3462
23.2541
18.9612
25.9543
31.3248
31.8243
30.491
23.5977
19.9972
26.4909
32.497
36.9926
37.5466
25.7582
17.2317
19.03
20.281
19.7815
20.2022
23.5989
25.7788
23.9806
23.7369
28.6321
31.8478
29.4502
26.9841
24.2867
22.494
23.7927
24.1723
21.375
20.0889
24.085
26.3189
22.3228
19.5056
20.9043
22.5409
25.0384
26.7641
25.6652
24.4601
22.8616
22.4209
26.3171
29.6294
30.7283
30.6911
26.2954
23.3115
25.8091
26.7867
21.7916
17.8201
17.92
18.7552
22.5515
25.7771
26.6762
28.2572
32.6529
34.252
24.1619
16.4009
18.4988
20.7291
23.5263
25.0146
20.8187
17.9921
21.189
23.7085
23.2089
21.4597
14.0669
8.78832
13.184
16.7114
16.2119
15.9402
16.7394
17.4346
17.6345
18.2112
20.6088
22.2104
19.9127
19.1887
26.2817
30.4627
19.9729
12.4753
20.2677
26.8485
27.1482
27.8947
30.9917
32.7015
27.0071
22.1689
21.9691
21.9537
22.9527
23.6027
22.304
21.0652
20.1661
19.4443
19.744
20.1167
20.9159
21.6863
22.2858
23.4388
27.9344
30.2459
19.1568
9.65522
10.0548
11.1213
16.4161
20.7183
18.6204
17.1437
19.7411
21.7005
19.4027
16.6689
10.9745
6.44206
9.93864
13.373
16.3701
18.7552
16.7572
14.9639
14.6642
15.0753
20.7697
24.8679
16.8757
10.2009
13.6975
17.363
22.3581
26.6562
25.3574
24.7543
29.8493
32.9165
19.0301
8.15057
22.9361
35.2027
25.5122
16.8302
17.13
17.5187
18.7175
19.548
16.9505
14.8849
17.882
20.6372
21.0368
20.9902
16.4946
12.8544
17.9494
22.6
22.6
22.1996
17.5042
13.6078
18.503
22.7237
19.327
16.1048
14.906
14.4111
22.3034
29.2531
24.6576
20.635
23.8319
26.0422
15.4526
6.01717
12.0113
17.7757
20.3731
22.6819
20.8836
19.0981
17.4997
16.2036
19.5004
22.3192
17.6238
13.2347
13.8341
14.2883
12.2903
10.2222
6.92547
4.24641
12.838
20.5704
11.9788
3.68962
1.39187
-.330442
9.85957
19.3267
13.1328
7.27581
9.07405
11.1012
18.5939
25.3797
14.3905
4.13346
13.3244
22.1177
19.72
17.2448
12.4495
7.83037
8.82939
9.83126
10.9302
11.9497
10.0516
8.0432
1.64947
-4.43995
2.6531
9.60412
9.80392
9.96647
8.16823
6.44
8.83765
11.1794
9.78077
8.47397
14.2683
19.9298
13.4362
6.99646
6.59686
6.21101
7.80944
9.40886
11.2071
13.0003
13.1002
13.1951
8.29986
3.40466
