66.2093
86.8891
107.569
119.969
132.357
130.907
129.408
124.73
120.035
113.852
107.658
107.501
107.401
107.894
108.393
111.554
114.751
118.637
122.533
121.127
119.629
113.623
107.529
109.16
110.958
111.39
111.79
113.845
115.943
116.778
117.577
111.197
104.604
110.499
116.793
120.865
124.861
124.614
124.215
112.653
100.664
105.674
111.368
113.325
115.123
113.191
111.094
100.406
89.3165
102.897
117.682
114.883
111.187
113.846
116.843
111.888
106.493
107.806
109.504
114.125
118.92
115.343
111.247
111.282
111.581
112.63
113.729
111.743
109.545
105.762
101.865
108.675
116.268
111.505
105.81
108.181
111.178
111.955
112.554
108.446
103.95
103.508
103.408
104.319
105.318
108.152
111.149
111.308
111.208
110.835
110.435
109.944
109.445
107.217
104.82
105.144
105.744
108.879
112.275
108.805
104.609
106.634
109.332
111.219
113.017
108.891
104.096
107.541
111.937
108.736
104.64
102.238
100.04
100.156
100.555
101.31
102.109
103.44
104.839
105.442
105.941
102.913
99.4164
105.336
112.529
107.341
100.448
100.213
100.913
105.72
111.115
108.137
103.941
100.528
97.2314
109.13
123.316
115.324
103.935
102.746
103.145
107.34
112.135
107.809
102.015
103.69
106.587
109.655
112.752
108.927
103.932
103.456
103.755
106.522
109.719
109.266
108.167
107.746
107.446
112.3
118.094
117.736
116.237
115.748
115.448
116.91
118.708
113.057
105.964
111.647
119.839
121.283
121.383
120.901
120.302
115.391
109.597
109.923
111.522
118.319
126.211
122.002
115.208
123.774
135.662
130.098
120.707
124.313
130.807
131.592
131.093
130.105
129.006
133.669
139.663
145.981
152.375
154.811
156.31
159.178
162.375
163.804
164.803
163.076
160.678
163.879
168.474
166.847
163.65
176.37
193.154
192.551
187.456
189.647
193.743
191.598
187.802
193.068
200.76
202.557
202.757
209.7
218.492
211.953
201.163
205.12
213.212
216.479
218.377
222.837
228.031
227.574
225.476
230.715
238.108
246.965
256.256
250.331
239.841
245.831
256.821
258.33
256.931
260.718
266.113
269.606
272.503
272.745
272.145
276.237
281.832
284.106
285.304
289.891
295.585
293.471
288.776
288.349
289.348
294.828
301.821
306.207
309.704
313.795
318.091
322.386
326.682
335.265
345.355
349.548
351.646
362.345
376.132
377.454
374.257
389.634
411.812
432.167
451.848
460.546
465.141
475.685
488.472
500.319
511.808
525.678
540.463
561.005
583.782
605.484
626.763
652.192
679.266
698.775
715.259
740.852
770.123
797.762
824.736
857.584
892.849
925.009
955.879
987.101
1018.47
1056.16
1096.52
1130.86
1162.63
1199.42
1238.38
1289.73
1346.48
1389.48
1426.44
1467.14
1509.5
1552.21
1595.06
1655.2
1723.13
1776.72
1823.77
1872.13
1921.08
1985.59
2057.32
2110.34
2154.6
2214.79
2282.53
2337.48
2386.33
2440.91
2498.26
2545.18
2587.04
2632.52
2679.77
2726.09
2771.94
2803.6
2828.17
2864.38
2906.44
2934.65
2955.83
2981.3
3008.98
3026.24
3038.13
3060.46
3088.23
3101.92
3108.22
3121.37
3138.15
3142.89
3141.19
3143.91
3149
3156.56
3165.45
3169.5
3170.9
3163.94
3152.35
3165.58
3192.65
3198.24
3191.75
3187.36
3184.16
3186.56
3192.15
3196.99
3201.38
3203.06
3203.16
3197.6
3188.71
3206.55
3240.21
3240.29
3220.31
3212.67
3212.47
3209.91
3205.92
3206.94
3211.04
3218.03
3226.83
3238.57
3252.16
3272.74
3297.72
3307.95
3308.85
3297.73
3278.95
3274.64
3279.63
3267.3
3243.72
3230.23
3223.34
3213.49
3201.71
3185.9
3167.42
3136.55
3097.39
3065.56
3038.69
3035.05
3047.24
3034.79
3005.42
2988.79
2981
2962.74
2937.16
2924.55
2921.05
2916.68
2911.68
2915.54
2925.73
2919.55
2901.57
2889.02
2880.43
2876.68
2876.48
2874.5
2871.21
2867.57
2863.67
2862.91
2864.51
2866.05
2867.55
2876.53
2891.22
2887.15
2868.67
2866.68
2877.47
2885.85
2892.34
2886.76
2871.67
2868.34
2874.34
2861.46
2833.48
2824.04
2829.54
2820.48
2799.6
2786.3
2779.21
2758.05
2725.28
2708.05
2703.76
2688.6
2664.32
2643.56
2625.78
2607.67
2589.29
2574.08
2561.59
2551.57
2543.68
2529.01
2508.43
2493.75
2484.26
2465.92
2439.75
2430.04
2435.03
2421.16
2390.29
2378.79
2384.89
2380.49
2366.51
2358.76
2356.76
2345.65
2326.07
2323.41
2336.6
2334.36
2317.58
2312.32
2318.01
2314.22
2301.33
2299.27
2307.66
2309.17
2303.97
2305.99
2315.08
2310.06
2291.08
2282.5
2284.3
2293.07
2308.86
2304.79
2280.61
2259.01
2240.02
2233.75
2240.54
2241.25
2235.66
2229.38
2222.39
2214.91
2206.91
2195.72
2181.14
2164.57
2145.89
2138.41
2143.01
2144.68
2143.18
2135.58
2121.3
2109.91
2101.71
2092.81
2083.12
2074.42
2066.83
2054.41
2036.52
2011.22
1977.45
1950.33
1930.85
1912.11
1894.23
1864.86
1822.11
1789.08
1767.5
1746.2
1725.22
1694
1650.54
1616.46
1593.69
1575.65
1563.36
1547.79
1528.21
1505.14
1477.77
1459.3
1451.91
1440.75
1424.86
1414.23
1410.24
1408
1408
1401.61
1387.02
1386.64
1404.62
1411.89
1405.2
1409.69
1428.87
1444.18
1454.37
1470.89
1495.87
1521.36
1547.53
1566.54
1575.83
1595.04
1627.81
1673.89
1738.32
1791.27
1828.23
1883.33
1963.85
2040.94
2113.17
2189.02
2270.04
2355.7
2448.01
2551.71
2671.89
2793.49
2917.17
3034.55
3142.64
3253.27
3367.66
3495.74
3644.29
3797.15
3956.49
4107.11
4244.48
4372.85
4487.44
4603.83
4723.01
4854.62
5005.57
5146.34
5271.12
5387.78
5491.57
5606.65
5739.71
5863.98
5974.07
6096.81
6240.07
6380.52
6516.39
6662.62
6825.96
6984.62
7135.47
7293.82
7464.75
7633.72
7799.35
7977.5
8177.01
8359.7
8513.45
8683.92
8883.42
9072.03
9241.57
9416.16
9599.68
9785.17
9974.19
10151.9
10309.5
10478.9
10669.7
10856.8
11037.2
11209.1
11365.1
11536.1
11734.7
11906.3
12027.4
12172.3
12362.2
12527.8
12647.1
12772.4
12909.4
13055.1
13217.6
13354.7
13442
13532.7
13630
13741.9
13883
13981
13992.6
14034.2
14136.5
14216.3
14250
14282.8
14313.5
14335.9
14341.2
14347.3
14355.2
14368.7
14394.1
14411
14409.9
14411.8
14419.8
14430.1
14445
14444
14408.4
14374.1
14342.9
14304.1
14248
14179.1
14081.1
14003.6
13973
13915.5
13796.3
13691.7
13620.9
13545.6
13459.9
13372.8
13282.5
13216.2
13207.5
13182.7
13119
13074.5
13077.1
13080.1
13083.9
13089.2
13098.2
13109.7
13127.6
13165.4
13253.6
13333.9
13393.9
13469.8
13586.7
13697.4
13791.8
13884.9
13974.9
14068.9
14174
14281.2
14394
14516.3
14664.3
14801.2
14907.3
15013.8
15121.5
15226.7
15324.8
15428.6
15548.6
15652.7
15711.6
15779.1
15871.1
15939.6
15939.5
15940.9
15946.8
15961.3
16001.6
16025.1
15998.3
15976.4
15969.2
15951.1
15899.3
15853.6
15826.4
15783.6
15691.9
15622.5
15623.9
15596.6
15477.5
15377.9
15341.1
15298.9
15238.9
15170.2
15073
14996.1
14987
14957.9
14861.2
14768.6
14690
14618.4
14571.3
14527
14492.7
14463.9
14454.3
14434.4
14377.9
14330.6
14316.6
14289.6
14215.2
14156
14153.2
14141.2
14095
14054.6
14036.5
14020.6
14013
14002.7
13981.8
13956.6
13914.5
13873.9
13839.5
13811.7
13810.4
13785.9
13666.7
13567.8
13552.8
13538.9
13530
13506.8
13423
13353.2
13343.9
13320.9
13237.8
13162.4
13120.3
13075.2
13016.2
12958
12902.7
12840.3
12744.8
12649.7
12556.4
12463.9
12374.4
12292.6
12247.9
12188.2
12056.3
11934.2
11859.9
11784
11700.6
11613.7
11509.1
11406.2
11312.1
11225.8
11180
11120.3
10987.1
10860.4
10768
10677.6
10597.7
10520.1
10454.6
10386
10300.7
10220.8
10171.7
10118.9
10045.3
9972.52
9904.89
9842.55
9811.68
9772.07
9679.66
9592.85
9540.4
9487.22
9429.48
9373.79
9331.13
9285.52
9220.88
9162.86
9148.17
9130.26
9090.79
9051.59
9014.13
8979.33
8962.94
8939.46
8866.03
8800.51
8791.62
8780.67
8754.69
8734.76
8759.74
8784.08
8803.66
8819.04
8801.96
8789.04
8808.92
8828.02
8840.8
8848.85
8818.08
8791.32
8798.12
8801.58
8776.6
8756.31
8776.79
8792.05
8760.88
8734.04
8746.52
8761.18
8796.05
8822.27
8766.23
8720.6
8776.44
8823.84
8786.97
8753.88
8759.27
8764.1
8763
8759.09
8725.03
8690.94
8656.68
8623.47
8602.19
8578.74
8530.08
8480.63
8421.69
8364.15
8323.79
8279.44
8184.84
8092.7
8032.66
7972.86
7916.21
7859.9
7808.15
7756.28
7702.73
7649.98
7608.92
7565.69
7489.47
7415.45
7376.19
7334.46
7252.44
7172.72
7131.86
7090.6
7042.34
6994.44
6952.88
6910.64
6855.39
6800.61
6755.06
6708.06
6631.34
6555.49
6498.54
6440.68
6362.06
6283.74
6212.71
6141.13
6055.72
5971.22
5911.28
5850.67
5771.15
5691.26
5600.35
5510.05
5439.21
5367.55
5267.35
5168.35
5113.5
5057.34
4949.05
4841.57
4769.54
4698.23
4660.87
4622.53
4532.92
4443.4
4359.79
4276.74
4231.98
4186.87
4114.34
4041.88
3975.55
3909.2
3841.26
3773.28
3697.75
3622.11
3523.61
3425.05
3308.27
3191.48
3078
2964.51
