17.1986
14.1016
11.0047
14.99
18.9861
16.7102
14.4125
11.0218
7.62509
11.864
16.1598
13.4289
10.6316
9.80982
9.0106
9.29573
9.59543
9.69838
9.79828
13.9238
18.1197
16.9261
15.6274
10.4169
5.12212
8.70872
12.505
13.6714
14.7703
12.2726
9.67518
13.2864
17.0827
18.4586
19.7573
16.4183
12.9218
14.2463
15.7449
14.7415
13.6426
7.64604
1.45211
7.33349
13.7272
14.1913
14.3911
15.259
16.1581
15.5332
14.8339
13.4693
12.0706
10.9566
9.85765
8.28542
6.68699
6.78893
6.98873
4.54899
1.95153
7.16221
12.8566
14.8898
16.688
13.9895
10.9925
14.8199
19.1157
18.2805
17.0817
13.6486
10.0521
11.4722
13.2704
10.897
8.19965
8.09251
8.19241
10.5078
13.0053
18.727
24.7211
14.6292
3.14042
9.44624
17.3385
14.4304
10.5342
3.25869
-4.33387
3.02007
11.8114
11.9634
11.2641
13.0149
15.0129
14.0228
12.7241
10.8833
8.98513
13.4882
18.6831
15.6915
11.7953
8.88653
6.08927
10.0098
14.7052
14.8425
14.4429
16.4511
18.7489
13.572
7.47797
8.04303
9.44166
12.3463
15.4433
13.5017
10.9042
12.8932
15.4907
13.8639
11.666
17.81
25.1029
21.7946
16.9993
16.8371
17.3366
13.8239
9.72792
11.3756
13.8732
14.721
15.3204
14.5336
13.5346
15.7338
18.4312
18.8862
18.9861
15.386
11.1901
12.7463
15.2438
10.8033
5.20878
6.79287
9.59013
8.37999
6.48184
10.6235
15.8184
16.8546
17.1543
17.454
17.7537
8.76056
-1.92897
-.56574
3.03073
5.9545
8.75176
11.3812
13.9787
9.96402
4.66921
8.55961
14.254
13.034
10.4366
7.34047
4.1436
8.07738
13.4721
16.6334
19.3308
16.5816
12.6854
11.1767
10.1777
12.7103
16.0071
15.5348
14.2361
12.2017
10.0039
7.80603
5.60818
8.37258
12.2688
11.945
10.6463
9.99521
9.4957
6.33108
2.5348
5.82826
10.8234
9.87113
7.47348
9.56556
12.7624
16.3592
20.0555
20.4011
19.9016
12.0005
2.21013
10.4414
23.3287
12.6953
-4.08828
1.64288
13.3314
13.2783
10.0814
11.6796
14.5768
10.5737
4.67949
5.43361
8.03107
7.89782
6.9987
9.0569
11.9541
16.559
21.6541
19.5478
15.3519
10.3064
5.01163
5.18674
6.98498
8.09161
8.99073
9.5066
9.90621
12.4465
15.6434
15.5612
14.4622
15.7973
17.8952
15.1377
10.8419
13.9619
19.4565
18.0074
14.311
9.7866
4.99129
3.42458
2.92507
2.12601
1.22689
4.36113
8.85673
8.58457
6.68643
13.2585
22.7492
20.1609
13.3675
12.7825
14.381
14.2103
13.4111
17.0964
22.3912
21.2337
17.7372
19.3594
22.856
22.3414
20.3433
16.7452
12.5493
16.1875
22.7811
20.4041
14.6098
16.3909
21.0863
17.6512
11.0577
15.8015
24.9925
26.455
24.8566
21.6168
17.7206
21.0836
27.3774
29.3419
29.5417
28.8214
27.7225
28.4587
29.9572
33.9896
39.0846
37.3713
32.7758
34.4797
38.8754
39.502
38.503
35.0679
30.5723
33.5726
39.8664
41.8692
41.9691
43.7944
46.3918
48.5075
50.4057
50.7255
50.3259
54.1003
59.7947
57.165
50.6713
53.4305
60.5236
60.7648
57.7677
55.5148
53.6166
56.0352
60.5308
61.7982
61.4985
65.0881
70.5827
70.9291
68.7312
73.6665
82.1582
83.7371
81.8389
76.2958
68.903
71.2237
78.5165
76.7835
70.3898
73.3235
81.1159
79.4776
72.8841
73.7994
78.6946
75.2572
67.3649
67.5855
72.181
72.3764
70.1786
69.2065
68.9067
71.5656
75.8614
73.2963
66.9026
70.3532
79.3444
80.3695
76.8729
77.1883
79.6859
78.5099
75.2131
75.9574
79.0543
79.1929
77.5944
76.6235
76.0241
79.0528
84.2477
81.4608
73.8682
72.6784
75.3757
74.4171
71.2202
72.2237
75.8202
78.4315
80.4295
76.0442
67.6524
66.419
69.7158
73.3785
77.2747
75.5172
70.1225
73.4536
82.4448
79.96
69.9698
67.3847
69.6824
68.6797
65.4828
67.8486
73.9426
73.6576
69.0621
70.587
76.2814
77.1194
74.6218
68.9366
61.0444
61.683
68.2766
70.9414
70.8414
67.1181
60.8243
57.6175
56.6185
60.6699
68.3624
71.3107
70.8112
68.9855
66.1883
66.7239
69.721
66.7049
59.2123
59.5384
65.7324
66.6937
63.6966
64.7239
68.8199
71.5602
73.2586
69.8909
62.5981
58.6708
57.3721
60.7128
67.7059
68.1263
63.331
63.3092
67.1055
68.6894
68.4896
68.6756
69.1751
68.0819
65.6843
63.1772
60.5797
59.9453
60.9443
60.6394
59.2407
59.4662
61.0646
62.3933
63.4922
66.2572
70.4531
67.0987
57.2084
54.8941
59.1899
59.0206
54.9246
51.5701
48.8727
47.9693
48.6687
51.3656
55.8612
54.4386
47.6453
47.4785
53.3727
54.2247
50.4284
49.0143
49.8135
51.4382
53.8358
57.3127
61.8083
60.4161
53.4229
52.4991
57.3943
57.3104
52.4152
50.5061
51.5051
51.4454
50.3465
50.4026
51.6015
55.9518
63.4444
63.3632
55.6708
52.743
54.6411
54.9573
53.6586
55.856
61.6503
60.6764
52.6842
50.6517
54.8475
55.1998
51.5034
51.7321
56.1278
58.7378
59.4371
58.5503
55.9528
53.1639
50.1668
51.4128
57.307
58.7382
55.2417
55.906
61.2008
60.9864
54.5927
47.0266
38.1354
36.0616
41.7561
46.009
48.6064
48.7961
46.1986
42.679
38.0835
36.3805
38.0788
40.7829
44.6791
41.9292
31.2397
26.1705
27.8689
31.6431
37.937
41.5797
41.9793
40.1868
35.6912
34.0463
35.9444
36.9113
36.7115
39.2049
45.0991
43.7408
33.1512
29.8693
35.9633
39.4
39.4
39.2265
38.8269
37.8229
36.0247
35.2578
35.8573
38.5529
44.0475
45.8799
42.7829
39.8555
37.1581
36.5704
38.8682
39.948
39.3486
41.2991
46.7937
49.1263
47.0283
44.8062
42.4085
44.1322
51.7248
56.4051
56.9046
59.1595
63.9548
67.9782
70.8753
70.9423
66.8463
64.1183
63.419
65.7227
72.516
76.6
76.6
77.9877
81.4842
85.3359
89.7316
93.774
97.2705
100.767
104.264
105.661
103.763
103.18
104.678
105.523
105.323
107.535
113.629
116.257
113.26
111.93
113.329
117.253
125.345
133.849
143.04
147.084
142.489
140.268
142.066
146.079
153.871
159.497
161.396
161.577
158.78
158.38
162.176
166.803
172.897
178.057
181.554
184.908
188.005
190.213
190.813
194.663
204.454
210.554
209.855
209.435
209.535
210.225
212.024
215.204
220.999
223.46
219.564
216.351
214.453
217.888
231.674
239.516
235.72
231.555
226.659
225.97
233.663
239.762
242.659
245.524
248.321
249.413
247.015
246.41
249.507
252.993
257.289
256.721
245.932
241.193
249.285
252.891
246.897
245.583
254.374
260.463
260.663
259.301
254.506
251.852
253.95
255.03
253.831
252.54
251.042
249.969
249.87
248.378
243.683
238.116
230.523
226.573
231.169
234.726
235.825
235.303
230.908
228.444
230.642
231.909
230.91
233.117
243.207
248.22
240.627
235.314
235.713
237.952
244.845
249.266
247.368
249.292
261.081
268.436
264.24
261.475
262.474
263.391
264.09
265.847
270.443
278.134
294.219
302.205
288.019
280.598
291.887
298.883
293.888
288.815
283.52
283.673
299.358
309.378
303.084
299.422
303.418
304.752
298.258
295.388
303.28
310.149
313.945
313.308
299.221
291.303
302.292
310.6
310.6
309.173
303.279
299.783
303.879
305.977
301.681
296.961
290.867
288.423
297.913
304.527
301.63
300.918
307.512
309.999
298.611
290.275
292.373
293.327
290.33
288.444
290.442
291.383
288.586
287.426
292.121
295.129
292.032
289.064
286.566
285.004
286.902
289.452
294.447
296.023
284.634
275.662
275.962
278.103
287.394
292.895
283.504
276.201
277.2
278.338
280.036
280.436
275.54
273.451
282.941
289.867
286.071
283.974
289.069
292.085
286.191
280.203
273.809
270.173
278.664
285.032
281.935
278.657
274.561
271.003
269.904
268.628
266.53
264.116
260.22
257
257
257.171
258.17
258.593
256.196
253.011
245.918
241.952
253.741
259.921
237.443
220.054
229.045
235.946
231.85
228.904
232.101
234.613
233.414
231.585
226.29
221.785
221.685
221.899
223.898
226.383
231.678
234.974
226.583
219.126
217.228
215.344
213.546
212.574
216.67
219.882
217.585
214.661
207.768
202.404
206.899
209.438
199.149
191.697
203.186
212.302
205.309
199.175
198.975
199.335
203.63
206.506
199.214
193.595
200.188
206.64
212.034
215.064
200.178
187.538
192.234
197.019
202.514
207.665
210.063
211.906
209.209
207.451
213.545
217.785
206.196
196.705
205.496
212.886
207.791
203.2
203.2
203.384
205.282
206.952
206.453
206.549
212.443
217.172
210.278
204.811
213.902
221.668
215.574
209.855
208.157
206.916
210.712
214.354
216.252
217.595
212.5
207.815
208.015
208.079
206.481
204.265
194.275
185.171
187.569
189.32
182.427
176.27
180.266
183.901
182.403
181.242
185.038
188.045
179.053
170.994
177.588
183.944
186.442
188.392
181.1
173.947
169.251
164.847
165.746
166.665
167.964
169.257
170.456
171.558
170.659
169.333
158.743
148.836
154.43
159.611
154.916
150.415
150.815
151.258
152.856
154.156
147.063
139.957
132.465
125.37
130.965
136.377
135.578
134.612
127.519
120.619
121.419
122.171
120.872
119.583
118.784
117.892
112.098
106.488
111.783
116.894
109.701
102.615
103.814
105.042
108.938
112.737
105.644
98.5931
97.5941
96.5778
92.0822
87.5893
83.9928
80.4008
81.2
81.9992
