67.001
69.1988
71.3967
65.8139
60.2194
63.9831
67.7794
58.7582
49.6671
56.244
62.9374
71.8082
80.6994
71.3178
61.7272
62.29
62.9893
57.6874
52.2927
54.6546
57.1522
62.0994
67.0945
71.1117
75.1078
63.4882
51.5
56.5571
62.0517
58.5061
54.7099
57.8013
61.0981
64.7821
68.4785
66.2811
63.8835
60.3287
56.7323
57.1773
57.7768
65.7706
74.0625
69.4165
64.2216
60.0787
55.9827
59.9995
64.3952
60.9805
57.1843
53.7682
50.3715
53.52
57.0165
62.0277
67.1227
65.6996
63.9014
61.9146
59.9165
59.4237
59.0241
62.098
65.3947
61.0095
56.1143
59.4459
63.3421
63.0402
62.4408
63.6102
64.9089
63.8852
62.6864
65.0103
67.6077
67.615
67.4152
66.4769
65.4778
61.2548
56.7592
61.7314
67.5257
63.8724
59.3768
61.3797
63.9772
59.9987
55.4032
56.5493
58.2476
57.4906
56.4915
56.763
57.1626
57.8338
58.5331
59.2325
59.9318
55.2216
49.9268
49.0401
48.6405
51.3827
54.4797
62.1448
70.3368
64.2287
56.4363
52.0328
48.0367
53.206
59.4998
61.2654
62.4643
60.9167
59.0186
58.6232
58.4234
61.1342
64.2312
65.92
67.4186
66.5463
65.3474
66.1637
67.2626
60.1443
51.8525
51.6722
52.6712
56.281
60.2771
61.8419
63.0408
60.2544
56.8577
57.0915
57.8907
57.655
57.2554
53.672
49.5761
58.7012
69.9901
64.5762
56.3843
53.9181
52.4195
53.0526
54.0516
54.9656
55.8647
57.1033
58.402
60.9709
63.7682
61.6656
58.6685
62.8357
68.3303
65.1637
60.3684
58.5094
57.2106
62.9425
70.0356
62.5993
52.3094
58.0975
67.0887
69.8466
71.3452
66.6251
60.631
61.5025
63.8003
67.6659
71.8618
72.4353
72.2355
73.7605
75.6586
74.4432
72.5451
74.08
76.3777
76.3107
75.7113
81.6198
89.0125
87.8843
84.7873
89.0574
95.0515
92.0812
86.9862
84.3887
82.3906
91.0817
102.371
101.553
97.7571
100.519
104.915
107.316
109.214
112.465
116.061
118.546
120.744
114.944
107.051
117.487
132.772
127.647
117.057
119.359
125.153
128.987
132.284
138.319
145.112
142.465
137.17
139.58
144.175
146.442
148.04
148.4
148.4
151.412
155.308
161.747
168.94
165.989
159.995
162.202
166.898
174.116
182.108
184.686
185.585
186.256
186.856
193.145
201.237
198.433
192.139
196.034
203.227
204.172
203.073
208.281
215.574
215.378
212.681
217.079
223.872
230.517
237.11
243.258
249.252
252.652
255.15
261.491
269.183
282.404
297.589
310.495
322.584
330.932
337.926
351.354
367.138
388.174
411.151
428.092
442.777
460.147
478.529
504.941
534.412
552.628
566.515
597.741
635.704
676.25
717.809
743.268
762.349
813.116
876.554
922.128
960.491
1002.54
1046.1
1102.61
1164.45
1221.35
1276.19
1331.11
1386.06
1453.08
1525.2
1595.23
1664.37
1737.34
1811.96
1883.11
1952.74
2038.41
2131.12
2219.81
2306.73
2385.64
2460.96
2544.62
2632.03
2728.78
2829.78
2920.72
3007.04
3115.05
3233.13
3313.05
3375.09
3452.87
3538.08
3628.98
3722.59
3797.99
3864.62
3928.36
3990.7
4064.98
4145.1
4205.63
4256.48
4317.13
4382.67
4426.07
4458.34
4498.56
4542.81
4585.62
4627.68
4652.87
4669.35
4683.21
4695.7
4723.05
4758.22
4768.44
4765.44
4766.22
4769.02
4765.85
4759.45
4775.77
4804.44
4803.24
4785.66
4769.69
4754.6
4768.95
4799.72
4801.02
4785.73
4792.56
4811.94
4796.32
4760.65
4765.33
4793.31
4795.71
4783.22
4778.22
4777.62
4768.24
4753.65
4756.39
4769.48
4768.47
4758.98
4762.92
4775.01
4765.53
4742.85
4745.13
4762.82
4755.19
4731.81
4751.03
4796.99
4812.23
4808.03
4798.1
4784.52
4773.12
4763.13
4721.99
4660.65
4633.14
4627.74
4592.97
4538.82
4487.43
4437.88
4396.71
4361.14
4305.9
4237.37
4197.54
4177.26
4156.74
4136.06
4103.93
4063.87
4039.81
4026.92
4023.53
4026.83
4026.04
4022.34
4008.51
3987.43
3980.51
3983.81
3975.65
3959.17
3941.82
3923.84
3900.17
3872.29
3868.13
3881.62
3894.08
3905.76
3903.92
3891.83
3887.73
3889.73
3888.34
3884.34
3882.66
3882.76
3886.45
3892.94
3883.61
3861.83
3829.19
3787.93
3765.38
3757.79
3735.59
3701.63
3675.65
3656.17
3626.48
3588.41
3555.99
3528.21
3495.7
3459.23
3417.23
3370.57
3336.26
3312.38
3272.54
3219.09
3193.06
3190.56
3172.96
3142.29
3107.41
3068.84
3042.72
3027.53
3008.27
2985.39
2966
2949.71
2925.7
2894.73
2886.55
2899.03
2890.75
2863.48
2845.77
2836.88
2831.82
2830.32
2827.33
2822.93
2814.99
2803.7
2801.94
2809.23
2817.95
2828.04
2830.41
2825.31
2823
2823.4
2812.05
2789.18
2774.53
2768.04
2758.9
2747.11
2727.25
2699.27
2677.16
2660.97
2643.5
2624.72
2599.98
2569.11
2542.85
2521.38
2502.34
2485.86
2465.38
2440.71
2408.18
2367.32
2338.77
2323.38
2309.15
2296.16
2280.16
2260.88
2240.36
2218.48
2198.36
2180.18
2158.97
2134.39
2107.27
2077.3
2038.33
1989.18
1936.71
1880.46
1831.43
1790.67
1744.86
1693.21
1639.67
1583.93
1533.23
1488.47
1439.1
1384.25
1331.96
1282.71
1241.11
1208.75
1177.05
1146.18
1116.48
1088.21
1060.97
1034.99
1013.2
996.622
982.477
971.388
956.149
935.669
918.706
906.218
899.594
900.493
899.432
895.835
890.461
882.768
886.214
904.296
917.436
924.03
938.538
963.613
986.389
1006.07
1033.89
1072.75
1115.37
1163.12
1221.46
1294.39
1369.82
1448.74
1547.18
1672.96
1799.15
1925.92
2070.87
2241.71
2411.56
2579.99
2764.92
2973.71
3189.5
3415.47
3642.5
3871.08
4102.43
4337.9
4562
4769.1
4968.74
5157.16
5359.37
5582.55
5792.79
5983.21
6173.86
6364.87
6550.73
6728.55
6897.36
7052.01
7215.71
7393.73
7562.68
7717.13
7874.18
8035.42
8199.29
8367.43
8554.39
8772.18
8987.21
9197.71
9397.36
9578.99
9790.67
10052.8
10284
10462.8
10665.6
10909.4
11153.2
11397.1
11626.8
11832
12041
12256.6
12464.1
12657.3
12851.8
13048.6
13249.2
13456.6
13672.9
13905.4
14132
14347.8
14550.7
14729.5
14928.5
15165.1
15364.2
15492.8
15646.7
15848.1
16011.5
16102.6
16214
16364.2
16514
16663
16802.2
16922.3
17034.4
17130.8
17218.5
17288.7
17360.3
17434.6
17494.5
17525.1
17563.8
17619.4
17657.1
17658.1
17662.4
17673.5
17694.9
17738.1
17758.5
17730.8
17713.3
17717.3
17724.5
17738.8
17732.2
17680.2
17621.5
17548.1
17466.5
17366.5
17268.4
17174.6
17076.2
16967.2
16873.3
16813.8
16715.7
16528.6
16364.1
16252
16141.5
16034.8
15930.2
15830.6
15768.1
15794.4
15786.9
15697.9
15648.3
15694.5
15731.1
15744
15770.7
15831.6
15882.3
15907
15968.7
16123.6
16267.5
16383
16497.8
16611
16715.3
16796.4
16920.7
17158.6
17362.3
17475.4
17614.8
17825
18017.3
18160.7
18314.9
18498.5
18662.8
18773.4
18894.1
19043
19181.7
19291.5
19383.2
19423.1
19468.7
19530.6
19590.6
19645.5
19682.7
19668
19652.5
19634.9
19621.2
19619.6
19613.4
19593.3
19554
19455.7
19360.4
19274.4
19181.8
19068.5
18977.5
18957.1
18910.2
18778.6
18659.6
18581.8
18503.8
18425.3
18364.2
18360.6
18339.8
18261.8
18189.8
18138.3
18078.7
17991.8
17905.5
17821.2
17745.4
17699.5
17660.1
17643.4
17616.2
17551.1
17493.7
17464
17424.8
17351.4
17281.1
17222.4
17174.1
17165.3
17154
17132.8
17104.1
17046.3
16991.4
16947.4
16910.6
16901.6
16891.3
16875.8
16847.5
16767.8
16684.6
16587.2
16505.7
16489.8
16468.3
16423
16378.4
16336.3
16293.4
16246.7
16202.1
16166.2
16126
16066.7
16000.4
15903.6
15797.3
15647.8
15510.5
15428.8
15338
15204.7
15080.5
14999.1
14904.5
14747.4
14599.8
14498.2
14396.3
14293.2
14186.4
14060.9
13939.8
13840.9
13743.2
13651.5
13558
13455.3
13344.8
13193.2
13051.3
12960.6
12872.8
12801.1
12723.2
12611.7
12509.5
12458.6
12402
12312.3
12229
12181.6
12131.6
12066
11999.9
11931.4
11858.3
11757.6
11668.5
11650.5
11626.2
11562.6
11494.1
11395.2
11308.7
11302.1
11284.5
11194.6
11110.9
11068.7
11026.3
10981.9
10942
10932.7
10919.5
10878.6
10838.8
10806.6
10782.4
10817.1
10846.6
10836.7
10831.1
10857.8
10878.8
10856.4
10841.2
10881.6
10914.1
10882.3
10854.5
10859
10861.1
10843.7
10827.2
10817.3
10804.3
10765
10729.1
10724.3
10725.9
10785.9
10835.3
10787.5
10748.4
10793
10832.3
10820.4
10808.9
10801.7
10792.4
10760.8
10729
10694.2
10661.4
10649.7
10635.7
10596.3
10552.4
10456.7
10363.2
10295.7
10226.3
10134.7
10046.6
10002.2
9953.01
9844.31
9739.9
9690.94
9637.64
9526.15
9419.49
9379.43
9336
9244.69
9156.52
9114.46
9069.98
8988.76
8911.04
8888.26
8862.03
8779.51
8696.61
8607.3
8519.56
8459.42
8398.84
8330.41
8263.79
8231.52
8194.58
8065.21
7937.77
7850.25
7761.95
7656.55
7552.03
7467.31
7382.61
7298.19
7212.51
7095.13
6977.86
6863.77
6751.11
6678.68
6604.38
6473.9
6345.28
6275.55
6204.87
6101.87
5999.99
5939.25
5876.8
5746.53
5617.14
5525.83
5435.09
5371.45
5307.5
5226.98
5146.69
5080.05
5013.39
4945.16
4877.11
4823.16
4768.57
4654.78
4541.33
4465.5
4389.27
4254.5
4119.72
3982.06
3844.19
3640.49
3436.83
3272.49
3108.16
