60.612
87.2859
113.96
114.199
114.399
107.63
100.837
99.2102
97.6118
87.4853
77.2952
87.3937
97.6836
101.356
104.952
97.7053
90.3125
84.4939
78.6996
84.4911
90.4852
93.8336
97.1304
91.039
84.7452
87.9183
91.315
91.4974
91.5973
94.0301
96.5277
98.7342
100.932
101.29
101.59
95.513
89.2192
87.0715
85.0735
85.6736
86.3729
88.8008
91.2983
88.9082
86.3108
95.5727
105.363
98.2599
90.3676
88.476
86.8776
86.1346
85.4353
85.4
85.4
83.8854
82.287
85.5063
89.0028
85.1464
80.8506
83.0459
85.6434
87.5837
89.4818
87.3516
84.954
88.259
91.9554
90.0543
87.7566
85.7381
83.74
85.0864
86.6848
86.3365
85.837
85.8
85.8
85.9846
86.1844
82.8838
79.2873
80.8384
82.8364
85.5683
88.3655
89.4237
90.3229
82.6367
74.145
81.5112
90.4025
86.2891
80.8944
82.0334
83.8316
83.0945
82.0955
75.0427
67.3503
75.706
85.7961
85.7204
84.5216
89.2474
94.6421
91.3484
87.0526
80.6118
73.9184
81.672
91.1627
92.289
92.3889
91.2457
89.947
92.192
94.8893
94.6696
94.0702
90.2074
85.9116
82.9358
80.1386
81.3805
83.1788
82.5238
81.5248
84.547
88.1435
81.7967
74.0043
78.7437
85.3372
88.5444
91.2418
87.6148
83.0193
77.9916
72.8966
77.547
83.741
86.2349
88.133
84.4508
79.8553
84.5106
90.7045
88.7798
85.483
93.6116
103.702
98.0543
89.6625
94.0016
100.595
96.35
90.1561
88.1017
86.803
87.5271
88.626
87.5386
86.0401
94.8605
105.65
105.726
103.728
97.6383
90.7451
87.6839
85.3862
92.1475
100.739
98.7176
94.5217
97.9359
102.931
108.751
114.745
112.177
107.782
104.7
101.903
103.366
105.764
105.382
104.383
105.015
106.014
113.765
123.056
124.313
123.714
118.985
113.291
112.361
112.561
115.581
119.277
128.599
139.289
138.514
134.917
138.759
144.453
144.643
143.444
147.418
152.713
150.942
147.345
148.976
151.973
157.498
163.692
163.66
161.962
161.993
162.492
165.972
170.267
169.557
167.459
172.851
180.344
181.611
181.111
179.68
177.982
181.781
187.176
192.802
198.497
198.644
197.146
196.339
195.739
207.557
223.142
219.843
210.751
208.829
209.128
209.276
209.376
217.062
227.153
229.676
229.775
235.234
242.427
239.608
233.514
231.174
230.075
230.025
230.324
231.744
233.543
240.705
249.696
253.634
255.832
262.18
269.972
276.656
282.95
287.991
292.586
296.888
301.084
303.08
304.279
317.982
336.264
341.929
342.928
352.655
365.643
377.759
389.548
398.298
405.89
420.553
437.936
454.168
469.953
477.127
480.923
496.884
517.664
539.657
562.135
577.425
589.813
613.272
641.245
659.096
672.783
700.233
733.4
766.638
799.905
823.908
843.988
874.498
909.463
938.845
965.819
988.199
1008.58
1043.19
1084.05
1117.15
1146.83
1182.09
1219.85
1256.51
1292.68
1326.1
1358.26
1406.03
1460.98
1497.78
1526.15
1568.88
1618.33
1661.61
1701.97
1734.95
1764.43
1798.82
1835.58
1867.98
1898.25
1944.88
1999.53
2033.85
2058.12
2078
2095.68
2110.11
2122.89
2147.88
2179.05
2200.11
2215.99
2226.14
2233.34
2254.52
2282.99
2290.7
2287.51
2290.12
2295.82
2313.16
2336.74
2342.01
2337.42
2332.43
2327.24
2321.72
2316.03
2322.68
2336.17
2343.24
2346.74
2340.71
2329.32
2336.48
2354.16
2361.93
2364.03
2365.56
2366.76
2367.26
2367.36
2368.15
2369.35
2366.47
2361.18
2359.76
2360.66
2372.22
2390.21
2393.27
2387.28
2390.64
2399.73
2405.24
2408.53
2412.26
2416.26
2411.85
2402.15
2411.86
2433.84
2446.06
2452.05
2441.94
2421.46
2412.37
2410.67
2397.86
2377.78
2367.33
2363.23
2350.5
2332.02
2325.62
2327.31
2311.78
2284.61
2265.4
2251.61
2239.42
2228.34
2222.62
2220.62
2212.86
2201.07
2192.8
2187
2182.03
2177.63
2175.97
2176.27
2177.91
2180.51
2185.53
2192.33
2188.97
2178.18
2169.52
2162.43
2157.05
2152.96
2154.79
2161.09
2165.33
2168.03
2167.16
2163.56
2168.38
2179.67
2184.77
2185.07
2189.97
2198.46
2193.42
2177.74
2165.73
2156.64
2154.82
2158.82
2150.59
2132.51
2118.72
2108.43
2107.7
2114.79
2103.61
2077.33
2060.38
2051.19
2042.49
2034.2
2022.87
2008.99
2005.24
2010.14
2000.47
1978.29
1957.66
1938.38
1922.41
1909.32
1896.61
1884.22
1874.8
1868
1863.22
1860.22
1859.43
1860.63
1853.24
1838.05
1827.98
1822.59
1812.98
1799.49
1797.56
1806.35
1812.3
1815.6
1803.94
1778.16
1766.42
1768.02
1774.15
1784.64
1780.81
1763.12
1759.71
1770.2
1778.27
1783.97
1782.93
1775.24
1771.5
1771.7
1773.94
1778.24
1774.59
1762.9
1757.3
1757.9
1755.39
1749.7
1735.13
1711.35
1703.3
1711.69
1713.91
1709.61
1711.47
1719.86
1712.76
1689.08
1681.27
1690.56
1696.26
1698.06
1693.28
1681.29
1669.3
1657.31
1653.69
1659.39
1656.18
1643
1630.75
1619.56
1603.09
1580.61
1561.95
1547.66
1530.23
1509.15
1485.3
1458.23
1431.52
1405.25
1386.93
1378.04
1363.64
1342.66
1319.32
1293.15
1276.72
1272.13
1263.53
1250.05
1235.26
1218.88
1204.1
1191.31
1177.1
1161.12
1155.82
1164.01
1165.17
1157.38
1151.12
1146.82
1145.62
1148.42
1153.51
1161.6
1164.56
1160.76
1168.31
1190.89
1206.92
1214.21
1223.38
1235.07
1249.81
1268.69
1290.91
1317.68
1351.76
1395.92
1436.35
1471.62
1510.59
1554.75
1606.94
1670.47
1732.94
1793.88
1855.89
1919.42
1992.96
2080.98
2162.33
2233.96
2306.72
2381.15
2468.13
2573.72
2672.19
2760.01
2853.96
2957.16
3050.4
3128.53
3217.03
3321.42
3431.32
3549.7
3650.55
3724.08
3806.54
3903.05
3979.45
4024
4094.84
4207.62
4304.57
4376
4455.58
4548.39
4638.73
4725.05
4824.97
4947.35
5062.83
5166.83
5274.74
5389.23
5507.28
5631.36
5761.23
5900.99
6042.67
6187.62
6315.16
6412.47
6514.57
6625.06
6747.94
6892.7
7027.61
7145
7263.56
7384.25
7504.75
7624.93
7747.98
7876.25
8002.1
8123.48
8252.73
8396.58
8522.65
8615.36
8713.11
8820.41
8926.74
9031.24
9128.87
9213.29
9310.85
9433.93
9536.17
9597.61
9658.55
9718.49
9780.5
9846.63
9915.49
9989.82
10054.7
10100.5
10139.2
10163.4
10184.4
10198.3
10218.9
10253.3
10270.9
10253.1
10251.2
10283.2
10300.4
10286
10275.6
10273.6
10271.4
10269
10257.8
10227.1
10204
10197.6
10177.3
10125.9
10080.5
10049.1
10002.7
9922.53
9844.85
9773.02
9720.03
9710.84
9685.2
9620.96
9557.79
9497.15
9433.48
9362.55
9322.64
9357.61
9372.48
9338.42
9305.16
9273.89
9267.38
9322.32
9367.67
9388.95
9419.62
9474.07
9518.85
9538.93
9577.84
9665.35
9753.87
9844.98
9924.34
9972.79
10027.5
10099.1
10182.5
10298
10400.9
10469.6
10534.7
10589.6
10649.5
10723.2
10799.7
10884.6
10964.5
11030.9
11091.9
11138
11187.3
11245.8
11299.2
11337.7
11368.8
11378.3
11379.5
11356.3
11346.3
11376.1
11388.2
11346.5
11312.4
11301.9
11291
11278.7
11259.1
11216.5
11173.1
11126.7
11078.7
11025.5
10974.6
10931.6
10882.6
10814.4
10750.9
10702.9
10659.6
10631.7
10607.8
10597.6
10576.8
10520.1
10460.8
10392.4
10330
10288.8
10251.9
10230.9
10210.7
10193.6
10182.6
10193.7
10189.1
10127
10073
10048.6
10027.5
10018.6
10012.3
10015.9
10007.9
9955.14
9915.72
9928
9928.94
9885.29
9850.62
9851.72
9842.52
9791.87
9748.86
9736.97
9721.44
9690.87
9665.62
9662.62
9644.68
9563.46
9493.05
9468.97
9449.62
9450.82
9440.57
9379.93
9320.75
9268.1
9218.1
9180.04
9138.87
9083.53
9023.41
8941.2
8865.76
8822.2
8774.64
8708.01
8639.14
8559.52
8488.61
8460.33
8423.39
8343.37
8266.99
8208.94
8149.97
8086.23
8021.56
7952.02
7887.81
7851.54
7803.85
7695.16
7596.99
7555.83
7510.95
7445.61
7384.71
7348.54
7306.23
7229.11
7160.78
7143.1
7115.72
7031.6
6959.64
6959.94
6952.97
6902.12
6851.86
6805.21
6757.97
6707.12
6658.79
6626.42
6595.82
6576.64
6556.14
6526.97
6495.67
6450.22
6408.62
6393.24
6375.19
6338.72
6305.11
6291.52
6280.61
6288.91
6295.9
6293.4
6291.53
6294.33
6294.67
6276.38
6262.68
6284.36
6301.35
6281.37
6264.05
6268.15
6273.32
6287.31
6297.55
6276.47
6256.72
6248.33
6242.87
6262.95
6279.6
6265.71
6252.26
6242.77
6235.82
6252.5
6268.09
6273.29
6276.49
6260.31
6246.94
6261.62
6273.31
6254.43
6237.43
6240.13
6240.44
6215.17
6191.92
6190.92
6186.95
6149.49
6112.93
6086.85
6058.75
6006.5
5953.55
5892.01
5832.67
5801
5769.48
5739.91
5709.26
5664.21
5617.96
5555.22
5494.21
5457.85
5421.18
5380.12
5340.06
5315.08
5289.58
5255.81
5222.08
5188.91
5155.4
5116.04
5076.09
5025.94
4976.23
4934.58
4893.39
4861.22
4828.56
4786.1
4744.19
4713.72
4681.82
4618.78
4556.69
4516.23
4475.5
4428.35
4380.5
4315.06
4250.29
4203.13
4155.57
4096.43
4037.01
3969.38
3902.85
3871.68
3839.42
3769.89
3700.61
3640.67
3580.85
3525.7
3470.49
3412.55
3354.56
3294.42
3234.69
3196.63
3158.47
3114.81
3071.11
3024.56
2977.97
2928.52
2878.98
2821.43
2764.07
2726.5
2688.86
2639.61
2590.25
2520.12
2449.99
2379.86
2309.7
2208
2106.3
