129.599
128.301
127.002
128.795
130.594
126.02
121.425
123.089
124.787
122.618
120.42
118.025
115.627
120.44
125.335
123.428
121.43
115.891
110.296
118.153
126.245
129.731
133.128
126.843
120.35
123.518
126.915
129.24
131.538
126.837
121.942
121.412
121.012
124.388
127.885
125.971
123.873
121.968
120.07
123.945
128.041
127.528
126.828
123.733
120.536
118.2
115.902
117.422
119.121
111.77
103.978
108.162
112.958
113.959
114.758
115.841
116.94
112.938
108.642
112.453
116.749
118.693
120.491
114.592
108.198
112.578
117.673
114.073
109.878
109.133
108.634
109.438
110.337
111.979
113.677
111.575
109.177
106.687
104.19
109.077
114.572
115
115
112.058
108.862
113.736
119.331
116.139
112.143
111.161
110.461
112.314
114.412
114.236
113.837
110.352
106.555
108.645
111.342
107.082
102.087
107.1
113.194
111.821
109.623
112.631
116.228
116.6
116.6
116.421
116.221
112.187
107.691
106.399
105.5
105.4
105.4
109.387
113.882
114.046
113.647
111.659
109.462
111.576
114.273
111.527
108.03
108.213
108.912
108.388
107.689
107.425
107.226
108.853
110.752
111.434
111.934
110.874
109.575
109.313
109.214
104.974
100.079
102.412
105.908
105.37
104.171
104.599
105.299
108.818
112.814
113.144
112.844
116.968
121.863
114.792
105.601
112.244
121.735
118.553
113.059
116.751
122.146
118.795
113.8
113.168
113.367
118.254
124.049
117.151
107.76
112.281
119.574
119.304
117.506
115.127
112.629
117.246
123.34
127.618
131.514
128.248
123.453
127.199
132.794
132.899
131.8
135.523
140.319
142.26
143.559
141.685
139.087
142.657
147.653
150.219
152.217
158.172
165.066
168.414
170.912
167.944
163.648
166.809
171.804
181.517
192.407
195.079
195.678
196.914
198.313
200.902
203.799
205.746
207.445
210.249
213.346
210.769
206.673
209.416
214.011
221.508
229.8
228.706
225.01
233.796
246.084
248.489
248.089
245.516
242.319
247.175
254.368
257.004
258.303
266.458
276.648
280.614
282.712
290.175
299.266
298.265
294.169
298.767
306.06
312.592
318.886
317.517
313.721
313.859
315.258
319.826
325.421
333.048
341.34
340.096
335.7
340.142
347.534
355.823
364.415
369.356
373.053
374.52
375.219
387.553
403.937
420.025
436.01
455.606
476.485
494.498
511.481
532.424
554.802
568.624
579.314
596.859
616.939
647.275
681.441
711.909
740.98
775.188
811.352
843.332
873.703
924.939
984.281
1031.42
1073.78
1133.89
1201.02
1267.8
1334.43
1396.8
1457.44
1522.05
1588.29
1677.6
1776.4
1859.18
1935.31
2018.4
2104.42
2197.52
2293.63
2394.56
2497.56
2600.7
2703.9
2820.46
2942.84
3053.77
3159.67
3286.05
3421.52
3553.74
3684.51
3809.64
3932.22
4068.11
4210.07
4347.93
4483.89
4608.54
4727.92
4871.32
5025.97
5163.04
5291.82
5429.05
5570.31
5693.49
5807.98
5914.8
6017.9
6136.09
6261.67
6344.32
6405.76
6506.66
6627.25
6712.86
6780.9
6836.34
6885.39
6942.7
7004.24
7055.11
7100.46
7140.24
7177.1
7213.77
7250.33
7263.33
7263.82
7300.91
7357.55
7369.29
7356.8
7351.75
7350.75
7348.72
7346.12
7344.81
7344.21
7360.29
7385.66
7397.55
7401.84
7413.34
7428.93
7437.65
7442.44
7440.02
7433.43
7452.21
7485.78
7482.78
7458.3
7460.31
7477.99
7466.08
7436.51
7453.21
7497.77
7514.72
7514.92
7517.04
7520.34
7516.41
7508.02
7543.41
7606.04
7617.92
7597.94
7599.19
7613.88
7627.41
7640.19
7651.46
7661.75
7626.35
7561.31
7512.65
7474.68
7429.38
7379.23
7314.79
7240.87
7184.52
7139.97
7092.43
7042.88
6992.32
6941.07
6894.5
6851.14
6819.94
6797.16
6771.44
6743.67
6719.42
6697.64
6688.83
6689.23
6684.74
6676.75
6648.96
6606.9
6575.83
6552.76
6550.67
6563.95
6544.49
6500.83
6496.4
6521.18
6527.4
6519.71
6523.57
6536.15
6538.82
6533.93
6541.97
6559.95
6571.68
6578.58
6579.36
6575.36
6570.47
6564.87
6544.63
6512.76
6467.74
6412.19
6386.07
6383.67
6353.61
6301.06
6262.35
6234.98
6181.34
6106.01
6058.06
6032.88
5980.38
5904.95
5840.35
5784.91
5746.35
5722.17
5685.26
5637.4
5583.28
5523.74
5480.53
5451.56
5415.19
5372.34
5330.96
5290.9
5245.67
5195.82
5175.77
5182.57
5166.58
5129.91
5116.26
5123.65
5109.63
5075.86
5044.48
5015.31
4987.94
4962.27
4943.79
4932.1
4933.87
4948.46
4958.81
4965.11
4961.19
4947.4
4951.38
4972.66
4977.8
4967.11
4944.93
4911.36
4886.8
4871.21
4863.5
4863.7
4842.31
4799.05
4761.33
4729.26
4697.04
4664.68
4629.46
4591.3
4547.81
4498.76
4451.7
4406.75
4371.39
4346.21
4318.62
4288.45
4260.69
4235.51
4190.57
4124.13
4084.63
4074.64
4054.11
4021.94
3974.12
3908.89
3862.86
3838.39
3786.39
3703.27
3615.11
3521.2
3425.99
3329.28
3234.38
3141.57
3043.23
2938.43
2830.88
2720.09
2618.08
2526.47
2434.81
2343.1
2257.1
2177.98
2110.09
2055.85
1998.45
1937.21
1881.48
1832.53
1791.86
1761.49
1721.18
1668.44
1628.45
1604.57
1579.51
1552.93
1531.65
1517.17
1508.43
1507.13
1502.71
1494.22
1496.87
1514.15
1524.21
1524.71
1536.29
1562.67
1597.81
1644.77
1704.48
1781.51
1865.79
1959.99
2067.35
2192.82
2336.11
2504.14
2689.61
2899.51
3116.03
3341.9
3591.81
3875.93
4169.45
4476.45
4798.35
5141.81
5500.71
5882.14
6277.15
6692.14
7098.97
7493.68
7895.12
8306.62
8708.35
9095.37
9479.5
9859.23
10226.8
10575.6
10913
11232.8
11535.4
11811
12093.7
12387.5
12671.1
12938.4
13212.5
13497.3
13776.2
14045.7
14310.2
14566.7
14846.5
15164.2
15483
15803.8
16139.9
16501.6
16874
17264.5
17657.2
18053.5
18446.6
18834.1
19206.2
19551.7
19914.1
20305.5
20684.7
21042.5
21394.8
21737.3
22082.9
22434.2
22780.9
23119.3
23466.9
23831.1
24189.2
24536.5
24892.6
25265
25634
25996.3
26321
26575.3
26853.5
27177.1
27484.7
27761.7
28032.8
28292.4
28553.2
28816
29066.5
29292.9
29514.8
29728
29919.5
30067.5
30228.3
30414.6
30565.4
30644.2
30710.2
30749.7
30795.5
30854
30882.2
30847
30808.4
30762.4
30758.8
30845.2
30911.2
30933.9
30933.3
30882.6
30821.6
30738.1
30668.2
30627.9
30554
30405.4
30273.7
30180.2
30056.6
29865.1
29680.4
29510.9
29335.3
29145.6
28947
28727.6
28522.6
28351.1
28181.3
28015.1
27874.9
27796.8
27714
27619.7
27565
27607
27635.8
27632.3
27647.6
27709.6
27797.5
27950.2
28104
28260.9
28411.6
28546.6
28720.4
28994.2
29253.1
29473.2
29716.4
30019.9
30310.3
30566.1
30824.9
31091.9
31371.3
31684.1
31968.4
32174.7
32392.2
32640.8
32884.4
33114.4
33328.7
33498.8
33647.6
33735.7
33854.8
34063.5
34221
34229.8
34255.7
34332
34392.7
34407.5
34416
34405.9
34372.7
34269.8
34171.8
34088.8
34007.1
33929.9
33843.8
33730.1
33614
33491
33358.7
33196.8
33039.8
32898.3
32762.2
32643.8
32505.9
32303.9
32113.9
31964.1
31840.6
31805.5
31746.5
31605.4
31479.8
31407.6
31326.2
31212.9
31097.9
30976.7
30873.7
30835.7
30774.5
30629.3
30515.9
30519
30512.1
30468.4
30419
30347.9
30276.6
30204.6
30143.5
30123.8
30093.8
30023.5
29944.2
29829.9
29732.4
29701.5
29662.2
29588.8
29511.7
29420.1
29330.2
29247.2
29162.2
29069.2
28980.3
28908.8
28845.8
28819.2
28772.3
28637.2
28500.5
28356.1
28212.3
28070.8
27925.2
27761.1
27595.2
27421
27247.9
27079.2
26906.4
26713.8
26516.6
26297.7
26094.1
25964.2
25810.7
25541.2
25280.6
25064.8
24848.6
24630.2
24417.3
24232.1
24043.4
23836.9
23635.1
23458.2
23280.9
23101.9
22929.3
22791.1
22646.5
22466.7
22285.8
22099
21925.4
21826.6
21722.8
21590.3
21451.4
21274.5
21101.5
20951.2
20808.6
20712.7
20613.5
20494.8
20377.3
20268.3
20151.4
19984.5
19832.1
19773.7
19710.5
19616.4
19528
19477.6
19424.8
19356
19288.8
19232.2
19174.7
19111.4
19057.6
19072.6
19081.9
19050
19024.1
19043.6
19064.1
19092.1
19116.2
19109
19101.1
19088
19078.5
19097.4
19113.9
19111.2
19107.1
19091.4
19077.5
19078.8
19076.3
19040.8
19009.2
19013
19015.5
19006.4
18999.9
19017
19030
19002.5
18981.4
19022.3
19058.7
19050.7
19043.3
19042.4
19036.6
18979.6
18922.4
18863.4
18799.3
18677.6
18559.3
18480
18398.9
18297.2
18193.6
18067.4
17939.6
17791.7
17644.1
17502.1
17361.4
17238.1
17116
17009.1
16901.4
16783.1
16663.5
16525.8
16388.9
16265.1
16140.9
16010.7
15884.1
15814.9
15743.9
15641.2
15536.9
15405.6
15278.1
15216.8
15150.4
14988.7
14828.1
14685.4
14544
14428.7
14312.1
14171.8
14028.8
13829.3
13633.5
13523.2
13409.9
13223.5
13037.5
12861.3
12684.1
12477.4
12272.4
12116.3
11959.4
11779.4
11599.3
11413.4
11228.9
11093.9
10957.7
10778.8
10600.7
10448.9
10296.4
10109.5
9923.24
9770.09
9616.49
9439.17
9262.54
9127.07
8991.79
8868.81
8745.99
8635.9
8525.63
8399.16
8272.47
8122.32
7971.85
7776.04
7580.17
7370.57
7160.64
6837.16
6513.7
6212.49
5911.29
