5.19919
3.40095
1.60271
1.6
1.6
-2.48178
-6.57777
1.05071
8.74317
4.33761
-.157979
-4.75254
-9.34804
-3.47365
2.52048
3.09288
3.59239
11.7656
20.0575
14.6034
8.90902
7.33016
5.83162
1.88825
-2.10783
2.87509
8.07
6.83637
5.43774
3.16425
.866505
1.57608
2.3753
-3.79614
-10.1899
-6.342
-2.14611
3.30328
8.79789
6.49808
3.90063
2.55159
1.25286
1.2
1.2
3.01716
4.9153
6.24077
7.5395
2.64707
-2.54783
-.898946
1.0991
-2.87885
-7.17464
-1.34168
5.05205
2.84943
.152076
1.69685
3.49509
6.51629
9.61325
5.29385
.498548
5.44621
11.0407
10.0912
8.69256
4.02875
-.866451
-3.43428
-5.83193
-2.65563
.940845
-1.5811
-4.57817
1.95306
9.24591
11
12.2988
7.42573
2.03101
-.0545664
-1.8528
1.21036
4.70693
6.09834
7.29717
5.66467
3.76653
1.4127
-.984944
.891652
3.1894
2.49254
1.49352
-1.31649
-4.31356
-2.97363
-1.17539
-1.27047
-1.57018
1.54869
5.04526
1.80933
-2.18675
-1.88343
-1.08421
4.80939
11.303
7.80856
3.11316
3.1339
3.73331
3.00091
2.10179
1.02548
-.0734367
.860754
2.05958
-1.41622
-5.51221
-4.32791
-2.42977
-.619438
1.1788
4.02839
7.02546
1.10594
-6.08701
-.0222673
7.9699
8.73892
8.43921
7.61853
6.71941
3.8277
.630833
.891507
1.69072
1.71375
1.61385
7.02096
13.3148
8.61967
2.12603
3.08442
5.28226
1.83977
-2.55592
-1.32419
.87365
1.11493
1.01503
2.5277
4.32594
-3.44427
-12.935
-7.97946
-.386901
1.55856
2.45768
6.21583
10.5116
9.60602
7.70788
-.13279
-9.12398
-7.76093
-4.36426
-1.30082
1.69624
3.44665
4.94518
7.60452
10.5017
8.43572
5.33875
3.56215
2.06362
1.14138
.342164
-.457052
-1.25627
3.4342
9.32843
10.6452
10.9449
8.71676
5.9195
3.28494
.687487
3.4461
7.44218
8.92861
9.82773
16.1378
23.7304
18.3519
9.86027
9.56628
11.2646
9.67583
7.27818
6.87998
6.97988
5.80327
4.30474
6.54676
9.74363
6.50986
1.61466
8.2027
17.7933
13.4801
5.48791
7.74016
12.7353
8.29748
1.30433
9.2094
21.1976
16.9952
8.30373
11.7834
18.6766
17.7874
14.6905
13.9224
13.8225
17.0522
21.2481
16.9479
10.1545
8.75408
8.95389
13.8413
20.1351
18.764
15.0676
18.0227
23.0178
22.2173
19.6198
22.9552
28.1501
28.7172
27.8181
24.8002
21.1038
19.5962
18.797
19.8797
21.5781
22.901
24.0998
22.0785
18.9815
19.0963
20.2951
22.9094
26.0063
25.314
23.3159
24.5044
26.8021
27.8434
28.4429
31.7696
36.0654
35.215
32.5177
34.7328
38.7289
41.3356
43.4336
47.2818
51.7774
54.4547
56.4527
54.6062
51.3095
51.6298
53.3281
55.0986
56.8969
64.0195
73.2105
80.1771
86.2711
88.7871
89.8861
91.8414
94.1391
100.066
107.459
111.871
115.068
118.406
121.803
130.846
142.235
149.26
154.455
157.404
159.402
168.819
181.407
190.225
197.418
208.718
221.805
227.049
228.847
233.622
239.716
255.265
275.045
291.316
306.002
314.168
319.363
326.406
334.298
343.145
352.436
365.197
379.583
387.66
392.755
401.503
411.992
416.749
418.747
432.581
452.162
462.757
468.951
470.532
469.833
475.733
484.924
489.263
491.161
495.246
500.441
504.38
507.677
507.614
505.816
511.506
521.096
522.959
520.761
525.876
534.868
535.917
532.72
527.446
521.052
523.006
529.5
533.219
535.417
529.189
518.3
514.4
514.4
513.441
511.943
514.523
519.418
520.12
518.422
525.21
536.899
538.548
534.352
526.065
515.375
514.349
519.045
524.741
531.035
527.912
519.121
515.178
514.179
510.764
505.868
505.668
508.365
514.203
521.995
521.256
515.162
518.551
527.942
530.99
529.991
528.08
525.583
520.964
514.97
511.331
509.234
505.028
499.434
496.42
495.121
489.157
480.066
471.75
463.957
458.601
454.905
451.09
447.194
444.301
442.103
438.729
434.533
431.862
430.263
431.295
434.192
433.885
431.288
429.503
428.304
433.354
442.945
442.848
435.655
431.566
429.767
427.568
425.071
423.201
421.802
421.939
423.238
426.351
430.846
432.743
432.644
422.749
405.266
401.358
408.052
415.08
422.373
419.974
409.884
405.289
405.089
402.4
397.705
395.986
396.685
389.641
376.254
373.812
380.405
380.619
375.524
370.701
366.105
364.271
364.77
359.013
347.923
345.272
349.868
345.949
334.66
327.906
325.109
324.225
325.024
325.824
326.623
325.839
323.641
320.182
315.586
312.824
311.725
309.739
306.942
304.56
302.562
302.791
305.089
307.799
310.896
307.363
297.573
293.261
294.16
294.753
295.053
299.417
307.709
309.573
305.177
301.941
299.843
301.411
306.606
305.948
299.455
291.815
283.024
284.457
296.245
294.29
278.306
274.829
284.219
288.166
286.468
282.815
277.121
272.059
267.663
261.378
253.086
250.151
252.948
251.708
246.114
243.918
245.416
243.244
237.05
233.99
234.389
234.316
233.717
230.339
223.846
219.181
216.583
213.939
211.242
207.568
202.773
196.033
187.041
179.526
173.731
165.641
154.852
148.36
146.961
146.063
145.764
140.523
129.334
124.464
127.261
126.418
121.124
118.871
120.369
117.414
108.922
105.885
109.681
110.52
107.622
106.571
107.87
107.725
105.727
102.204
96.7094
95.4214
99.6173
103.468
106.864
106.393
100.799
100.295
106.589
111.435
114.332
116.593
117.992
120.91
125.905
131.32
137.314
145.189
155.679
165.96
175.951
187.556
201.442
216.318
232.602
246.22
256.01
272.944
300.218
325.907
349.284
371.326
391.407
411.648
432.128
456.772
487.642
513.611
532.193
550.457
568.24
585.194
600.878
618.251
638.232
658.407
678.887
695.481
705.97
712.709
713.508
724.811
752.883
775.559
789.545
806.349
827.728
846.38
860.566
875.543
891.827
909.686
930.166
952.697
978.672
1002.09
1021.17
1037.15
1047.84
1062.9
1085.47
1107.72
1129.4
1151.95
1176.03
1197.14
1213.03
1226.72
1236.51
1247.41
1260.3
1283.52
1325.48
1357.02
1369.5
1383.47
1400.15
1413.97
1422.46
1439.19
1471.36
1494.51
1500.6
1508.76
1520.84
1530.51
1535.5
1542.54
1553.52
1570.46
1599.03
1618.54
1620.13
1624.07
1632.66
1639.76
1643.86
1645.94
1643.94
1642.27
1641.27
1641.74
1645.24
1650.22
1658.32
1660.48
1650.19
1640.86
1633.57
1628.38
1627.68
1627.01
1626.41
1623.55
1615.76
1610.49
1610.79
1609.48
1604.58
1599.47
1593.88
1582.83
1559.45
1541.55
1536.16
1526.77
1508.19
1494.81
1493.51
1487.91
1472.23
1462.18
1465.47
1462.29
1443.61
1432.57
1439.96
1448.4
1459.39
1464.54
1455.35
1445.47
1433.88
1426.4
1429.19
1435.87
1452.35
1467.35
1478.53
1488.16
1493.76
1504.7
1529.57
1550.93
1563.02
1579.53
1607.8
1628.75
1630.05
1635.31
1651.29
1662.87
1662.37
1664.28
1672.87
1682.81
1696.49
1710.34
1724.62
1734.55
1732.05
1732.44
1741.13
1744.51
1732.42
1726.39
1738.18
1747.15
1747.75
1749.82
1756.32
1758.62
1748.23
1739.91
1737.91
1736.37
1736.27
1732.48
1717.09
1702.66
1691.28
1678.55
1661.57
1650.23
1657.12
1659.01
1644.52
1630.43
1617.64
1608.6
1612.1
1610.81
1593.32
1579.75
1579.55
1578.64
1575.24
1569.91
1557.82
1547.28
1542.18
1536.87
1530.77
1524.81
1519.31
1516.52
1523.61
1528.6
1525.81
1522.04
1514.65
1509.15
1510.85
1508.91
1493.03
1481.09
1484.49
1487.08
1486.48
1484.05
1474.36
1466.04
1463.25
1459.23
1450.24
1445.65
1459.24
1468.15
1457.56
1446.77
1435.08
1424.48
1418.59
1414.27
1416.76
1413.06
1382.09
1355.72
1349.82
1347.5
1361.28
1372.6
1372.6
1368.01
1342.13
1318.8
1307.41
1296.66
1288.97
1280.2
1266.21
1253.23
1245.13
1232.79
1199.32
1174.36
1192.24
1203.34
1179.76
1157.9
1144.91
1133.55
1130.75
1126.65
1115.56
1105.22
1098.92
1092.78
1087.49
1084.14
1091.63
1093.34
1062.27
1036.77
1043.37
1048.59
1045.79
1041.76
1030.37
1018.2
1001.32
985.946
979.852
975.635
983.128
985.939
959.065
937.584
950.871
962.122
960.024
955.622
935.841
919.177
923.673
928.055
931.651
933.457
922.668
912.833
909.836
907.609
911.006
914.888
922.381
928.254
921.86
916.819
922.213
926.876
925.777
925.508
931.902
937.926
940.923
942.629
933.538
925.348
924.848
924.03
920.433
916.534
909.941
904.217
906.415
908.167
905.77
903.619
903.819
905.07
916.558
925.634
910.649
897.258
900.155
901.946
892.155
883.975
893.066
899.935
882.352
866.574
871.169
875.336
874.537
872.175
851.196
831.657
829.758
827.082
814.594
803.472
810.065
815.428
804.339
794.115
795.813
796.298
779.514
763.59
760.293
756.601
746.911
738.003
741.4
743.924
732.235
720.91
715.715
710.531
705.535
700.66
697.962
694.591
678.407
662.568
653.577
644.82
640.924
637.015
632.819
627.823
604.645
582.677
589.57
595.806
585.516
575.198
564.108
553.146
545.753
538.38
531.587
524.775
517.382
510.041
504.446
498.796
491.104
483.394
475.002
466.525
454.337
442.297
437.302
432.178
420.29
408.49
401.896
395.3
388.507
381.811
382.71
383.563
380.167
376.702
365.613
354.498
339.713
324.94
312.752
300.555
285.27
269.986
256.1
242.213
