-16.577
34.2731
85.1233
92.4818
99.7747
96.3155
92.819
94.3897
95.9882
99.8674
103.763
97.565
91.2711
91.8914
92.5907
94.4729
96.3711
91.1858
85.891
91.7893
97.8833
94.8643
91.6675
90.3287
89.0299
91.8303
94.7275
91.4883
88.0916
88.3888
88.7884
91.9043
95.1012
94.3286
93.4295
95.5256
97.7234
97.0286
96.2294
94.8528
93.4542
89.5587
85.5626
90.3834
95.5784
92.3569
88.7605
90.6043
92.7023
92.8
92.8
86.6215
80.1279
82.9303
86.227
83.7495
80.9522
83.2561
85.8535
90.3364
94.9319
91.8133
88.2168
84.902
81.6052
86.9272
92.8215
90.2084
87.0115
87.6396
88.5387
84.7831
80.6871
84.5804
89.076
90.5124
91.7112
87.1746
82.1795
85.7694
90.0652
88.7419
86.9437
85.7889
84.6899
85.7007
86.8995
85.6271
84.1285
86.466
89.1633
84.114
78.3197
84.6206
92.1132
89.0794
84.9834
83.9661
83.2668
83.2
83.2
82.2082
81.1093
83.5189
86.3162
83.5479
80.1512
82.1288
84.7263
81.3356
77.2396
79.9213
83.4178
85.4017
87.1999
87.1336
86.8339
87.4201
88.1194
86.4321
84.434
82.877
81.3784
82.5201
84.0186
87.0977
90.3944
89.7486
88.5498
88.6622
88.9619
87.43
85.6317
91.0567
97.5503
97.879
97.2796
95.3807
93.2827
89.8882
86.2917
87.8698
90.2675
92.7512
95.2487
91.9942
87.7983
92.2537
98.1479
96.8635
94.3659
94.6821
95.4813
97.3013
99.2994
101.382
103.48
104.731
105.83
102.705
98.809
100.223
102.62
103.589
104.288
104.484
104.584
105.437
106.436
106.85
107.15
109.449
112.147
116.007
120.103
122.209
123.908
121.47
118.173
122.139
127.633
126.295
123.497
126.367
130.463
133.576
136.473
139.943
143.539
145.097
146.196
149.735
153.831
159.063
164.558
166.976
168.674
173.523
179.117
182.859
186.155
188.648
190.946
197.253
204.545
208.159
210.857
214.352
218.048
221.506
224.903
226.235
227.034
229.734
232.931
236.365
239.861
243.2
246.497
248.536
250.235
256.01
262.904
265.182
266.181
268.662
271.56
276.947
283.041
287.272
290.969
293.426
295.524
304.65
315.839
317.552
316.454
320.964
327.158
331.206
334.603
340.675
347.568
352.174
356.07
360.042
364.038
365.227
365.527
366.886
368.585
371.491
374.787
380.869
387.863
394.33
400.624
403.698
405.696
404.855
403.057
407.219
413.413
427.705
444.789
453.868
460.162
469.93
480.919
491.097
500.988
512.716
525.104
543.797
564.777
585.464
606.044
618.091
626.982
639.219
652.706
663.436
673.127
699.89
733.157
763.25
792.122
815.525
836.805
869.421
906.485
932.242
953.521
988.431
1028.79
1056.55
1079.23
1114.9
1155.86
1189.17
1219.34
1259.11
1302.87
1339.45
1373.02
1413.53
1456.99
1502.48
1548.83
1585.13
1617.1
1660.28
1708.33
1773.11
1845.24
1899.17
1945.02
1990.46
2035.72
2086.69
2140.23
2187.67
2232.33
2290.33
2354.47
2410.83
2463.57
2529.45
2601.48
2664.01
2722.06
2766.5
2804.47
2857.34
2917.38
2966.19
3009.54
3065.71
3128.15
3158.63
3173.31
3203.67
3241.83
3281.25
3321.31
3337.25
3340.95
3365.85
3401.62
3418.81
3426.4
3448.84
3479.01
3490.25
3491.55
3500.03
3512.32
3528.45
3546.63
3543.2
3528.11
3520.08
3515.89
3513.37
3511.77
3517.12
3526.31
3529.41
3529.11
3525.61
3520.32
3517.19
3515.29
3517.27
3521.46
3519.52
3514.02
3527.91
3553.09
3567.06
3574.45
3571.24
3561.75
3550.69
3538.7
3557.83
3595.7
3615.28
3623.77
3631.34
3638.33
3651.31
3668
3672.37
3669.07
3684
3710.38
3719.5
3717.7
3725.29
3738.88
3746.27
3749.66
3733.12
3703.65
3693.69
3696.49
3688.27
3672.78
3646.92
3614.15
3588.32
3567.14
3548.52
3531.64
3512.86
3492.78
3482.76
3479.67
3473.97
3466.48
3454.52
3439.43
3438.07
3446.36
3444.13
3434.44
3427.31
3422.02
3419.39
3418.69
3416.14
3412.25
3402.7
3389.01
3378.83
3371.24
3384.84
3414.21
3427.14
3427.74
3416.62
3396.64
3390.38
3394.58
3399.22
3404.22
3414.79
3429.67
3431.09
3422
3419.01
3420.8
3407.4
3381.92
3367.66
3362.36
3355.52
3347.43
3328.48
3300.7
3289.63
3292.22
3275.18
3241.91
3226.04
3224.64
3215.52
3199.94
3188.58
3180.78
3167.22
3148.74
3130.31
3111.93
3097.13
3085.45
3079.79
3079.39
3069.15
3050.27
3042.51
3044.61
3038.58
3025.29
3023.15
3031.04
3025.32
3007.24
3006.37
3021.26
3022.58
3011.39
2993.36
2968.99
2956.53
2955.23
2956.19
2959.29
2965.3
2974.1
2986.41
3002.09
3001.47
2985.08
2978.16
2980.46
2983.11
2986.11
2985.19
2980.39
2983.8
2995.39
2992.03
2973.65
2953.43
2931.35
2921.29
2923.48
2924.99
2925.79
2927.92
2931.41
2921.18
2896.61
2886.33
2891.13
2892.63
2890.63
2892.16
2897.45
2899.81
2899.02
2884.91
2856.34
2845.07
2852.76
2857.04
2857.54
2854.63
2847.94
2843.55
2841.75
2826.54
2796.17
2773.6
2759.92
2740
2712.92
2680.16
2640.79
2606.46
2577.99
2538.49
2486.05
2453.58
2444.78
2413.01
2353.76
2318.45
2311.96
2291.79
2255.03
2231.2
2223.21
2205.96
2177.29
2151.33
2128.75
2108.22
2090.23
2080.02
2079.62
2071.09
2052.21
2047.77
2061.86
2065.57
2055.88
2056.73
2071.32
2083.23
2091.62
2111.31
2145.98
2180.26
2214.03
2246
2275.57
2314.64
2366.59
2414.15
2455.71
2510.71
2584.24
2654.09
2718.82
2793.63
2882.54
2972.49
3063.9
3154.2
3242.91
3342.66
3458.24
3571.34
3680.83
3787.69
3890.68
3995.91
4104.4
4220.1
4346.47
4471.81
4595.59
4705.94
4796.05
4901.74
5031.12
5140.64
5219.77
5306.23
5404.03
5504.53
5609.23
5706.89
5793.51
5872.82
5940.55
6023.75
6131.64
6239.31
6346.6
6463.34
6595.41
6722.71
6842.19
6956.89
7063.68
7185.67
7332.92
7480.96
7630.31
7768.76
7888.74
8020.24
8171.39
8325
8482.85
8629.15
8755.43
8868.81
8959.62
9068.06
9207.63
9353.33
9509.98
9657.09
9787.06
9919.91
10058
10202.3
10357.9
10503.1
10629.1
10754.6
10879.1
10998.1
11106.6
11223.6
11356.7
11467.3
11535.2
11618.2
11730.5
11834.4
11922.1
11999.1
12055.2
12110.2
12163
12228.7
12320
12381.5
12382.9
12393
12421
12450.4
12482.9
12504
12501.5
12490.7
12462.9
12454.3
12486.3
12507.7
12506.9
12502.7
12491.1
12478.9
12465.4
12450.1
12430.6
12407.6
12376.8
12340.4
12291.3
12235.3
12163.6
12082.8
11981.2
11885.4
11802.8
11719
11632.3
11548.5
11471.1
11388.1
11292.2
11226.5
11232.4
11222.7
11175.5
11137.1
11119.8
11112.6
11129.8
11129.5
11086.5
11070.2
11120.5
11172.5
11229.2
11296.1
11389.1
11482.7
11577.7
11681.5
11807.7
11917.9
11986.3
12059.5
12145.7
12248.5
12395
12521.6
12594.4
12686.4
12830.5
12966.2
13079.2
13193.3
13310.6
13420
13507.3
13591.7
13667.6
13734.7
13776.8
13821.3
13872.8
13928.1
13994.1
14035.4
14004.1
13981
13982.6
13984.5
13987.3
13980.3
13943.4
13903.6
13855
13803.4
13743
13686.1
13640.5
13593.1
13540.1
13488.7
13442
13400.4
13375.1
13343.6
13291.8
13233.9
13155.8
13083.8
13032
12985
12954.2
12922.2
12885.8
12841.4
12769.2
12705.1
12669.8
12632.9
12590.9
12558.4
12560.3
12558.7
12544.3
12527.5
12501.8
12473.4
12434.8
12402
12390.8
12376.6
12350.6
12329.3
12325.9
12315.3
12276.9
12238.7
12201.5
12160.8
12106
12063.6
12070.6
12065.1
12008.9
11961.7
11951.8
11940
11920.7
11894.7
11840.9
11795.2
11784.7
11772.4
11752.2
11711.9
11582.7
11474.4
11459.5
11434.6
11365.2
11297.2
11235.8
11166.7
11061.1
10962.3
10895.8
10820.7
10704.8
10597.2
10529.7
10458
10365.9
10268.7
10146.3
10040
10014.4
9974.18
9859.19
9752.3
9687.36
9624.1
9569.65
9511.36
9432.54
9350.25
9249.14
9156.64
9111.38
9065.18
9013.73
8962.63
8913.48
8866.54
8832.38
8792.75
8721.22
8653.19
8605.94
8561.48
8533.91
8502.55
8448.01
8399.38
8387.7
8372.2
8332.53
8287.19
8205.17
8130.84
8106.96
8080.47
8036.51
7993.7
7958.63
7926.09
7911.01
7896.74
7888.25
7882.62
7897.51
7905.2
7860.45
7824.74
7856.31
7881.76
7860.88
7843.67
7854.76
7859.72
7816.47
7781.14
7809.51
7834.64
7833.14
7830.77
7821.18
7811.7
7803.11
7795.17
7792.97
7790.3
7783.41
7777.33
7778.63
7781.46
7798.54
7815.97
7836.64
7853.63
7834.65
7814.49
7782.63
7753.88
7756.97
7758.47
7743.29
7726.52
7692.75
7659.86
7636.58
7610.09
7547.25
7485.57
7437.32
7390.42
7359.75
7326.29
7258.66
7193.71
7162.65
7129.76
7073.32
7016.7
6957.86
6898.5
6831.96
6767.75
6736.58
6704.92
6665.95
6626.23
6574.88
6525.45
6506.27
6483.2
6396.79
6311.17
6239.04
6169.83
6151.85
6131.4
6065.96
5999.89
5921.66
5844.17
5781.03
5718.29
5663.74
5608.34
5534.41
5460.91
5397.07
5333.27
5270.43
5207.19
5133.87
5060.69
4991.66
4922.66
4854.42
4785.45
4694.44
4604.45
4546.8
4488.65
4412.92
4337.35
4267.62
4197.86
4126.93
4056.26
3997.12
3938.46
3902.8
3866.62
3803.38
3740.38
3691.53
3642.48
3580.04
3517.52
3448.49
3379.66
3329.91
3279.96
3207.53
3134.82
3022.33
2909.8
2788.42
2667.07
2556.08
2445.07
2313.2
2181.32
