-44.7764
7.57233
59.921
66.0848
72.1788
71.4035
70.6043
68.8115
67.0133
69.9749
72.972
71.3175
69.6192
69.2049
68.8053
69.2929
69.7924
70.6854
71.5845
70.5199
69.421
68.5181
67.619
65.7419
63.8438
68.0943
72.49
69.2883
65.8916
63.8559
61.8578
68.7847
75.9777
71.8433
67.3477
68.0696
68.9687
71.3141
73.7118
71.5868
69.289
65.5508
61.7545
66.6793
71.9741
72.7738
73.3732
70.1549
66.7582
67.4572
68.3563
70.7763
73.2739
71.9771
70.4786
68.6961
66.8978
67.2723
67.7718
67.2344
66.635
65.377
64.0783
66.9102
70.0072
67.4832
64.586
64.8674
65.3669
63.6275
61.7293
64.2066
67.0039
68.5935
70.092
67.8824
65.3848
65.385
65.5848
67.9078
70.4053
67.2838
63.6873
64.4111
65.51
64.9579
64.2586
64.8407
65.54
65.326
65.0263
64.5443
64.0448
62.5449
60.9465
62.2519
63.8504
64.4527
64.9522
64.7289
64.4292
63.859
63.2596
63.6498
64.1493
63.5716
62.8723
62.9791
63.1789
62.2169
61.1179
61.7134
62.5126
63.2229
63.9222
64.6215
65.3208
63.9825
62.3841
63.2607
64.4596
62.3068
59.7093
61.1601
63.1581
61.9072
60.2089
61.6646
63.5628
64.1497
64.5493
63.5533
62.3545
63.7665
65.5647
64.6712
63.3725
63.0267
62.8269
63.4051
64.1044
59.1979
53.4036
55.6977
59.2942
61.2595
62.9578
62.2578
61.1589
61.2564
61.5561
61.6853
61.7852
61.1194
60.3202
60.4546
60.7543
61.9855
63.3841
62.1638
60.4655
60.9586
61.8577
64.1863
66.7838
64.5154
61.3185
60.7163
60.6164
60.934
61.3336
62.1497
63.0489
64.1973
65.3961
62.3663
58.4701
58.379
59.0783
61.098
63.3958
64.1293
64.5289
63.9429
63.1437
61.8529
60.4543
63.7965
68.1922
67.6953
66.0968
63.6036
60.9062
62.9157
66.0127
67.3286
68.2277
69.2884
70.3873
68.5053
65.9078
64.8374
64.1381
69.4518
76.2451
76.2404
74.542
72.2852
69.8876
72.4243
76.2205
74.8564
72.1591
70.6496
69.4508
73.5449
79.0395
80.8304
81.6296
81.2497
80.5504
80.3216
80.2217
83.6415
88.0372
86.4253
83.1286
85.2795
88.9759
86.9277
83.2314
82.3226
82.2227
84.1309
86.6285
86.5066
85.6075
89.5496
94.9444
93.2873
89.491
90.8936
93.8907
94.1424
93.543
92.4872
91.2884
92.5932
94.6911
94.2919
93.0931
94.234
96.1322
100.966
106.76
105.347
101.55
103.595
107.591
108.376
108.076
109.49
111.488
116.458
122.452
120.888
116.692
121.513
129.505
129.389
126.391
131.849
140.341
145.753
150.049
151.492
151.892
157.98
166.172
169.927
172.025
180.216
190.706
201.413
212.202
218.447
222.942
231.323
241.213
253.472
266.659
279.273
291.661
305.548
320.033
332.242
343.531
361.917
383.196
398.742
411.929
423.987
435.576
453.71
474.59
497.294
520.771
543.898
566.876
586.294
604.176
617.674
629.262
663.547
707.803
737.664
761.141
781.513
800.494
829.316
862.584
888.577
911.255
931.743
951.224
980.326
1013.89
1044.81
1074.48
1093.7
1107.99
1134.11
1165.88
1196.57
1226.74
1250.45
1271.03
1284.91
1295.5
1313.71
1335.69
1355.53
1374.31
1383.59
1388.09
1400.8
1417.68
1430.01
1440
1455.59
1474.07
1476.92
1471.62
1476.35
1486.34
1491.63
1494.42
1496.96
1499.36
1497.8
1494.1
1498.3
1506.79
1502.44
1491.06
1489.06
1492.25
1496.73
1501.93
1504.37
1505.27
1497.76
1485.47
1491.74
1508.62
1510.62
1504.03
1501.41
1501.11
1500.56
1499.86
1507.69
1520.58
1517.58
1505.09
1503.77
1509.16
1515.43
1522.22
1521.51
1516.22
1506.85
1494.96
1505.67
1530.45
1535.89
1529.19
1527.64
1529.34
1523.66
1513.27
1508.35
1506.95
1500.04
1489.55
1482.44
1477.54
1470.24
1461.35
1450.12
1437.33
1423.89
1410
1397.96
1387.17
1376.32
1365.43
1356.14
1347.95
1341.41
1336.02
1336.39
1340.78
1337.2
1328.01
1320.69
1314.7
1308.18
1301.29
1298.81
1299.5
1293.78
1283.39
1283.73
1291.92
1285.52
1268.33
1263.75
1268.54
1272.43
1275.62
1274.21
1269.32
1266.8
1266.1
1268.74
1273.93
1277.1
1278.7
1273.9
1264.11
1260.58
1261.98
1258.09
1250
1242.13
1234.43
1226.52
1218.43
1208.41
1196.82
1188.74
1183.55
1179.67
1176.87
1166.87
1150.89
1137.73
1126.94
1117.18
1108.29
1099.99
1092.2
1087.36
1085.07
1080.73
1074.64
1062.52
1045.13
1035.03
1031.34
1029.7
1029.9
1020.03
1001.14
991.937
991.438
996.123
1005.51
1005.25
996.161
987.901
980.409
973.693
967.699
970.63
981.919
982.26
972.27
967.861
968.76
971.801
976.896
979.451
979.551
974.033
963.043
961.331
968.723
964.666
949.281
940.499
938.302
936.154
934.056
927.094
915.205
904.899
896.207
892.489
893.888
889.303
878.514
869.141
861.249
851.459
839.67
827.64
815.352
809.193
809.593
807.108
801.514
796.877
793.28
783.343
766.459
757.837
758.337
754.486
745.795
736.303
725.913
715.945
706.455
692.294
672.813
652.402
630.923
612.176
596.592
581.56
567.174
550.86
532.278
517.354
506.764
494.627
480.641
467.334
454.846
440.012
422.329
413.319
414.917
407.389
388.608
375.527
369.533
365.845
365.046
362.172
356.677
350.963
344.968
345.057
352.949
353.653
345.062
341.327
343.925
345.098
344.398
350.79
366.575
375.557
375.457
380.467
392.356
405.855
421.54
436.296
449.783
469.863
499.034
531.132
567.297
603.045
638.211
683.232
742.174
794.769
838.326
892.795
962.926
1032.57
1101.5
1172.5
1246.53
1319.99
1392.62
1468.59
1549.51
1629.27
1707.29
1775.52
1828.96
1892.56
1971.58
2039.99
2092.14
2150.38
2218.01
2274.63
2314.09
2362.64
2425.48
2474.71
2502.38
2548.72
2624.84
2688.37
2731.63
2782.31
2845.05
2908.66
2973.7
3028.14
3065.11
3114.89
3186.03
3264.58
3355.59
3442.89
3523.91
3584.96
3611.94
3655.25
3726.68
3798.66
3871.58
3930.09
3963.36
4016.24
4103.76
4178.73
4231.38
4288.14
4352.28
4418.26
4487.59
4554.8
4618.14
4683.55
4752.79
4817.16
4872.51
4930.01
4991.55
5038.54
5058.02
5092.45
5155.39
5208.72
5243.59
5276.45
5305.42
5336.39
5371.25
5408.94
5452.2
5491.92
5524.58
5552.24
5569.82
5579.75
5574.16
5575.45
5590.83
5601.92
5604.11
5603.53
5597.13
5588.87
5576.68
5572.88
5586.87
5595.51
5592.71
5585.17
5567.39
5552.37
5543.38
5536.04
5532.35
5516.11
5472.06
5438.27
5427.48
5410.84
5380.97
5344.67
5293.72
5245.58
5203.93
5158.06
5102.41
5064.21
5066.9
5064.11
5048.33
5027.71
4995.54
4974.99
4982.49
4985.3
4976.71
4973.57
4983.86
4999.12
5026.69
5055.06
5085.43
5110.96
5124.25
5149
5203.05
5252.49
5290.05
5327.78
5365.95
5404.14
5442.4
5488.47
5555.31
5612.84
5645.41
5682.31
5730.96
5783.7
5847.64
5903.04
5934.8
5971.68
6022.83
6067.84
6095.51
6117.22
6121.91
6140.87
6200.91
6249.13
6262.91
6266.48
6240.01
6220.8
6223.2
6225.45
6227.25
6225.06
6210.77
6200.24
6201.24
6199.51
6189.32
6176.96
6157.77
6136.67
6109.5
6084.71
6067.52
6042.7
5993.14
5950.29
5929.31
5906.63
5878.36
5851.01
5826.73
5800.33
5766.77
5739.65
5734.55
5726.99
5710.91
5692.44
5665.67
5645.55
5648.94
5647.21
5627.13
5607.4
5588.91
5571.35
5557.17
5544.66
5538.37
5531.29
5521.3
5510.81
5498.43
5488.62
5488.72
5485.91
5471.83
5460.38
5459.28
5452.42
5422.65
5396.73
5386.34
5374.59
5357.31
5341.68
5332.89
5320.53
5293.26
5267.63
5248.95
5235.03
5241.52
5249.27
5262.45
5259.03
5182.5
5119.94
5119.64
5110.58
5061.93
5019.22
5003.74
4984.99
4951.12
4915.94
4874.58
4833.59
4794.33
4755.56
4719.2
4685.22
4662.94
4634.69
4576.75
4521.32
4478.56
4435.69
4392.23
4351.42
4324.35
4296.96
4267.88
4236.59
4193.43
4155.49
4145.8
4134.4
4113.62
4089.44
4046.29
4009.36
4007.76
4002.5
3976.12
3948.58
3914.21
3882.68
3868
3852.29
3830.41
3807.59
3779.02
3750.44
3721.77
3698.07
3705.97
3709.26
3682.88
3658.76
3649.37
3637.92
3612.74
3589.05
3575.47
3562.22
3551.33
3537.8
3505.63
3481.5
3514.97
3543.92
3539.92
3535.12
3524.33
3515.73
3523.72
3531.83
3540.82
3546.9
3530.01
3515.01
3515.11
3514.13
3504.34
3496.61
3506.1
3513.54
3503.45
3494.17
3491.97
3489.39
3483.4
3480.24
3502.92
3522.06
3508.27
3497.02
3509.91
3520.07
3503.69
3490.56
3509.84
3526.04
3510.86
3495.39
3476.9
3458.84
3445.25
3431.68
3418.3
3405.34
3397.25
3385.4
3330.06
3279.18
3281.47
3281.92
3259.64
3236.3
3199.64
3164.99
3156.5
3146.07
3109.7
3076.22
3082.41
3085.19
3039.33
2995.55
2982.27
2968.63
2949.65
2930.35
2906.07
2881.97
2860.69
2839.23
2814.65
2790.34
2770.76
2750.07
2709.11
2669.36
2652.68
2635.23
2602.56
2569.67
2532.1
2495.53
2480.34
2464.52
2434.25
2403.87
2370.8
2337.4
2295.64
2254.71
2235.63
2215.92
2178.66
2141.51
2107.84
2074.15
2039.58
2005.04
1971.37
1937.97
1914.09
1889.91
1853.85
1818.13
1797.25
1776.63
1768.23
1759.25
1718.99
1678.95
1652.28
1625.69
1604.81
1583.78
1551.01
1518.42
1501.94
1485.3
1451.53
1417.77
1385.01
1352.05
1280.52
1209.07
1164.21
1119.34
1057.8
996.259
