-68.3774
-18.3264
31.7245
39.4808
47.1733
43.1182
39.0222
42.2789
45.5756
44.8067
44.0075
41.5258
39.0282
42.0619
45.1589
43.5242
41.8258
44.7514
47.7485
46.7199
45.621
39.7206
33.7265
41.0323
48.6249
44.3105
39.715
40.9636
42.3622
41.8167
41.2173
40.1329
39.0339
39.2904
39.5901
41.629
43.7269
42.2572
40.6588
41.466
42.3652
41.5357
40.6366
43.9542
47.4508
45.8785
44.0802
44.6681
45.3674
41.7805
37.9843
37.2297
36.6303
40.4891
44.5851
42.6228
40.325
41.0502
41.9493
40.8688
39.6699
40.4467
41.3458
40.8367
40.2373
39.6379
39.0385
38.813
38.6132
41.1188
43.8162
42.8828
41.684
42.2503
42.9496
43.4635
43.963
41.8723
39.5746
38.6615
37.8623
39.7344
41.8324
40.2535
38.3554
40.0345
42.0325
39.4541
36.4571
40.31
44.8056
42.3747
39.2778
40.0913
41.2901
39.1313
36.6338
37.396
38.495
40.136
41.8343
38.9346
35.5379
36.9992
38.9973
39.2898
39.3897
38.5938
37.6947
39.8344
42.3319
40.3705
37.8729
37.8669
38.1666
37.4897
36.6905
37.3973
38.2964
38.2232
38.0234
37.7354
37.4357
38.8081
40.4065
42.6196
44.9173
44.1486
42.9498
41.1391
39.2409
36.3833
33.3863
34.7405
36.7385
38.9102
41.1081
40.1005
38.6019
38.7457
39.1453
38.7688
38.2693
39.7488
41.5471
41.5424
41.2427
39.0586
36.561
35.8581
35.4585
34.3768
33.178
37.9339
43.7283
42.5631
40.1654
38.7839
37.585
39.0896
41.0876
39.5457
37.3479
38.6818
40.6798
42.4262
44.1245
43.9815
43.482
42.064
40.4655
39.2836
38.1847
38.748
39.6471
39.2196
38.5203
37.7382
36.939
40.431
44.8267
41.566
36.6708
39.0031
42.8993
44.2555
45.0547
42.8295
39.9324
38.9107
38.3113
37.7119
37.1125
40.8953
45.6906
44.2522
41.3551
45.5649
51.4591
47.8466
41.9524
41.2822
41.8816
41.9198
41.8199
43.7195
46.1171
44.9246
42.8266
43.9121
45.8103
45.1679
43.8692
43.8376
44.1373
46.175
48.6725
46.4419
42.9453
46.4448
51.8395
49.4715
44.9759
48.3801
53.9746
52.6253
49.3286
50.2343
52.3322
52.3342
51.7348
51.5226
51.4227
52.8675
54.7656
57.2031
59.8005
56.7883
52.0929
53.1462
55.9434
54.918
52.7202
55.4028
59.5987
60.0675
59.3682
58.8965
58.4969
60.8215
64.0183
61.1772
56.3819
58.0606
61.8569
63.4007
64.1999
64.7744
65.2739
67.0432
69.2411
66.5967
62.3009
67.5155
76.0072
78.0518
77.852
78.2434
78.8429
80.1057
81.6042
80.2356
77.8379
82.6258
90.0185
94.925
98.9211
101.969
104.666
105.764
106.263
111.55
118.643
123.711
128.006
134.683
142.276
148.213
153.508
162.032
171.822
182.042
192.432
202.037
211.328
219.764
227.857
236.02
244.212
256.296
269.983
284.728
299.913
313.268
325.856
340.971
357.155
372.779
388.164
400.408
411.297
425.597
441.381
461.192
482.77
507.187
532.862
552.049
568.333
588.953
611.531
627.452
640.34
663.423
691.195
712.486
730.768
750.343
770.523
795.113
821.787
843.793
863.574
872.833
877.029
900.459
933.227
958.216
979.395
990.746
997.239
1007.53
1019.72
1029.85
1038.94
1052.14
1067.42
1074.25
1076.75
1080.37
1084.56
1086.98
1088.48
1093.91
1101.4
1105.5
1107.8
1112.11
1117.51
1119.92
1120.72
1122.68
1125.28
1131.88
1140.67
1140.45
1135.26
1133.85
1134.55
1131.47
1126.28
1128.41
1134.71
1139.16
1142.56
1143.36
1142.66
1144.61
1148.11
1145.56
1139.47
1139.65
1143.54
1148.75
1154.75
1155.63
1153.43
1149.3
1144.01
1145.59
1151.39
1159.53
1169.12
1176.74
1183.13
1180.57
1172.37
1166.75
1162.76
1165.83
1173.43
1171.78
1164.19
1152.96
1139.37
1130.13
1123.74
1113.91
1101.83
1093.82
1088.52
1080.96
1071.86
1061.7
1050.81
1046.76
1047.35
1038.66
1023.57
1014.39
1009.29
1008.55
1010.85
1009.81
1006.41
1000.5
992.807
989.6
989.6
988.033
985.335
986.572
990.668
989.921
985.625
983.398
982.698
981.197
979.099
977.173
975.374
977.956
983.85
986.4
986.4
990.128
996.721
994.646
985.855
984.692
989.488
989.14
984.745
980.962
977.665
973.591
968.896
959.886
947.398
941.635
941.335
935.433
924.944
914.509
904.119
894.274
884.884
879.731
878.132
867.547
849.365
842.672
845.769
843.115
835.523
832.642
833.841
825.49
808.806
795.418
784.929
782.489
787.184
786.392
780.698
772.375
761.685
762.728
774.416
770.817
753.234
746.255
749.053
747.034
740.54
739.67
744.066
744.504
741.207
741.187
744.284
746.208
747.007
746.435
744.536
746.384
751.878
749.256
738.666
732.094
729.497
729.25
731.348
730.307
726.111
719.98
711.888
702.115
690.626
683.667
681.37
672.157
655.773
645.788
642.491
642.941
647.336
645.336
636.544
629.056
622.962
612.398
597.013
590.197
592.694
591.092
584.998
579.901
575.905
570.254
562.761
557.434
554.537
544.981
527.898
514.224
504.433
491.946
476.361
460.406
444.022
428.33
413.444
401.13
391.839
379.897
364.811
349.408
333.623
321.601
314.108
306.48
298.687
290.94
283.248
275.824
268.73
263.998
262.2
257.297
248.506
245.189
248.786
246.009
235.119
231.363
236.758
240.236
241.235
241.366
240.367
238.807
236.509
238.38
245.773
251.968
256.563
261.244
266.039
276.048
293.132
307.304
317.494
335.033
362.706
386.575
405.157
433.266
474.726
510.47
538.143
574.306
622.559
678.646
745.98
807.885
861.932
921.342
988.576
1056.58
1125.71
1192.51
1255.85
1324.67
1401.69
1476.49
1547.92
1611.54
1663.29
1716.97
1773.61
1826.21
1872.57
1924.27
1984.32
2040.9
2092.05
2146.83
2207.37
2260.33
2301.19
2343.43
2387.89
2436.23
2490.88
2546.2
2602.65
2658.26
2712.51
2770.85
2835.98
2908.28
2992.6
3066.23
3121.77
3183.93
3257.35
3332.14
3409.26
3475.87
3524.23
3580.46
3650.49
3717.09
3777.63
3834.61
3885.26
3947.14
4029.15
4098.06
4143.22
4194.45
4256.79
4318.64
4379.58
4434.02
4476.38
4535
4624.11
4695.84
4734.7
4777.04
4825.99
4875.49
4926.04
4965.17
4982.16
5007.04
5047.4
5084.31
5114.38
5141.98
5164.65
5196.62
5247.28
5285.95
5300.34
5315.08
5330.57
5341.91
5344.71
5339.99
5319.61
5306.64
5309.23
5307.89
5298.2
5290.39
5286.59
5289.18
5305.57
5313.5
5303.01
5296.58
5299.08
5295.24
5277.36
5253.77
5217.41
5182.24
5149.77
5115.75
5078.19
5045.22
5022.84
4998.21
4968.34
4937.84
4905.88
4880.61
4871.22
4855.11
4822.94
4805.23
4822.42
4830.76
4817.57
4813.31
4830.99
4845.92
4854.01
4868.97
4901.14
4936.34
4979.19
5016.55
5039.82
5068.65
5111.81
5153.67
5192.13
5235.93
5293.77
5353.44
5417.98
5474.44
5509.2
5551.78
5615.51
5668.19
5690.56
5722.23
5779.57
5837.73
5898.17
5946.09
5958.68
5977.21
6012.67
6045.74
6071.92
6097.76
6122.64
6138.26
6126.67
6118.68
6121.38
6124.57
6129.27
6130.72
6122.33
6112.39
6097.7
6082.6
6066.22
6047.42
6021.04
6002.92
6010.91
6007.2
5966.04
5926.22
5890.76
5857.12
5829.44
5806.6
5799.7
5791.59
5779.4
5765.25
5744.47
5724.12
5705.24
5687.73
5674.94
5662.69
5652.3
5639.11
5616.03
5596.08
5587.29
5575.49
5552.81
5535.15
5535.85
5536.06
5534.46
5534.27
5539.37
5539.96
5523.47
5507.01
5490.63
5479.71
5490
5493.76
5471.88
5451.03
5434.24
5418.59
5407.5
5394.64
5374.56
5357.66
5353.86
5349.14
5340.55
5328.25
5300.28
5280.17
5293.76
5303.62
5297.33
5287.07
5259.4
5229.84
5191.88
5153.52
5113.36
5076.71
5056.13
5034.63
5008.85
4977.94
4922.9
4870.66
4831.8
4792.11
4748.45
4709.27
4691.99
4669.46
4620.91
4575.7
4547.33
4518.69
4488.72
4457.82
4422.05
4386.64
4353.07
4318.64
4279.57
4243.5
4223.62
4204.09
4186.51
4169.47
4155.49
4139.75
4114.07
4087.78
4057.91
4029.44
4009.16
3988.3
3964.03
3939.15
3910.68
3885.08
3877.09
3868.74
3858.15
3845.75
3821.87
3798.68
3779.9
3762.21
3751.72
3737.95
3702.29
3671.07
3670.07
3668.06
3659.07
3648.66
3628.28
3611.84
3623.63
3636.25
3654.93
3671.2
3669.5
3667.94
3667.44
3666.25
3659.76
3655.54
3669.23
3680.39
3671.3
3663.97
3671.06
3675.83
3661.14
3647.58
3643.58
3641.83
3659.61
3675.17
3670.87
3668.9
3688.08
3703.33
3682.06
3664.77
3685.55
3703.84
3697.85
3691.2
3678.01
3668.13
3692.01
3712.96
3703.37
3692.84
3672.16
3652.42
3643.13
3631.7
3596.03
3561.29
3537.21
3513.27
3491
3469.01
3450.63
3432.26
3414.08
3393.81
3346.46
3300.48
3272.91
3246.77
3240.37
3232.36
3201.29
3171.12
3154.24
3136.81
3111.14
3085.92
3067.84
3050.31
3041.92
3032.12
2998.45
2966.08
2956.49
2946.2
2923.12
2900.48
2886.2
2870.35
2823.6
2778.08
2758.2
2737.92
2708.95
2679.34
2635.18
2591.45
2557.78
2523.89
2484.53
2445.72
2421.55
2396.25
2339.4
2284.05
2273.36
2261.73
2219.97
2178.42
2144.06
2109.86
2081.78
2053.85
2031.47
2008.67
1967.31
1926.19
1896.41
1866.92
1851.73
1836.18
1799.12
1762.5
1755.81
1748.91
1726.03
1702.97
1663.61
1624.29
1589.22
1554.15
1517.48
1480.73
1425.88
1371.04
1317.69
1264.32
1185.5
1106.67
