-27.9776
21.6737
71.3251
78.7816
86.1743
85.304
84.4049
84.8968
85.3963
83.3175
81.2196
80.5072
79.8079
82.3681
84.9655
86.5772
88.1756
86.5275
84.8292
84.8982
84.9981
87.2537
89.5515
87.7419
85.8438
84.824
83.825
82.4363
81.0377
83.4301
85.9277
84.7388
83.4401
80.1083
76.7116
80.8512
85.2469
82.3144
79.1176
79.866
80.7651
79.6476
78.4488
81.275
84.2721
80.5744
76.5783
82.6993
89.2928
86.8378
83.9406
81.1385
78.3412
78.0103
77.8104
79.8825
82.0804
82.6723
83.1718
80.5604
77.7632
79.2933
81.0915
79.4163
77.5181
79.6484
82.046
81.6391
81.0396
78.2945
75.3974
76.5033
77.9019
78.7432
79.5424
77.5605
75.3627
75.57
75.9696
78.954
82.1508
79.0838
75.4873
79.3364
83.832
80.3475
76.1516
77.2644
78.8629
80.5526
82.251
79.3013
75.9046
78.2373
81.1344
80.9462
80.4467
77.9551
75.2578
75.8132
76.7123
78.1523
79.6509
81.1494
82.6479
80.2865
77.4892
80.0662
83.2631
78.595
73.0004
75.2537
78.4506
79.3339
79.9333
78.1354
76.0375
78.9893
82.5858
80.2597
77.1627
72.5664
67.771
70.9842
75.28
77.3805
79.1788
78.6115
77.7123
76.7258
75.7268
72.8961
69.7991
73.0551
77.251
77.8
77.8
75.7208
73.3231
75.5067
78.4038
79.6624
80.6614
78.4767
75.7793
75.9151
76.5145
75.5721
74.3733
77.2765
80.873
79.6094
77.5115
78.5611
80.1595
78.1084
75.4111
77.7943
81.0911
82.8672
84.3657
81.3129
77.4167
78.1454
79.7438
79.0772
77.9782
78.1348
78.5344
79.268
80.0672
79.9501
79.6504
81.2622
83.2602
80.5321
76.8358
78.6815
81.6786
82.9427
83.8418
82.4358
80.5376
82.9103
86.2071
86.8819
86.9818
87.3269
87.7265
89.5124
91.6104
91.3492
90.55
94.133
98.7285
102.838
106.834
107.115
106.516
107.528
108.926
107.914
106.316
109.928
114.824
117.399
119.397
123.869
128.964
128.806
127.308
127
127
125.733
124.134
125.775
128.272
130.691
133.089
134.15
134.849
139.469
145.164
146.322
146.222
147.916
150.114
151.067
151.666
150.868
149.67
150.407
151.705
156.789
162.983
161.318
157.322
161.549
168.242
172.329
175.626
173.877
170.58
173.537
178.432
182.947
187.342
189.083
189.982
188.686
186.688
189.219
193.215
196.835
200.331
205.254
210.649
213.647
215.845
215.952
215.352
221.309
229.501
232.863
234.561
240.854
248.746
255.678
262.271
269.307
276.5
281.708
286.204
302.357
322.737
333.904
341.696
354.229
368.515
384.546
401.23
416.608
431.494
448.766
466.948
490.397
515.872
549.118
585.383
612.462
635.939
663.066
691.638
721.28
751.351
792.025
836.981
884.279
932.532
981.493
1030.74
1072.02
1109.98
1162.23
1220.48
1280.75
1341.89
1404.5
1467.74
1527.7
1586.24
1657.11
1733.33
1809.28
1885.1
1962.87
2041.49
2117.42
2192.15
2269.42
2347.84
2429.15
2511.77
2592.95
2673.47
2766.21
2864.61
2942.81
3011.54
3090.79
3175.01
3263.15
3353.16
3433.79
3509.92
3577.71
3641.44
3712.76
3787.78
3851.65
3909.99
3964.86
4018.01
4066.84
4113.49
4157.83
4200.99
4233.37
4260.25
4275.53
4284.82
4319.99
4368.64
4396.01
4412.19
4437.06
4466.53
4482.59
4491.48
4495.77
4497.57
4494.19
4487.99
4497.8
4516.38
4510.33
4490.65
4495.85
4514.93
4514.45
4502.96
4501.92
4506.82
4513.17
4520.37
4528
4535.89
4535.2
4529.51
4522.74
4515.35
4529.16
4555.54
4565.77
4566.37
4559.05
4546.97
4549.05
4559.74
4573.09
4588.08
4597.44
4603.34
4632.2
4675.36
4674.32
4645.55
4629.99
4622.8
4635.31
4660.38
4654.58
4628.9
4607.77
4589.59
4571.95
4554.67
4522.09
4479.43
4439.54
4401.47
4364.31
4327.74
4306.92
4296.73
4261.7
4209.75
4172.13
4144.36
4119.89
4097.72
4080.3
4066.22
4053.48
4041.69
4028.85
4015.26
4017.29
4030.47
4026.83
4011.04
3991.03
3967.96
3957.74
3956.94
3941.03
3913.95
3913.68
3933.36
3936.72
3927.83
3921.89
3918.2
3917.68
3919.57
3931.47
3951.05
3960.22
3961.32
3949.68
3928.1
3923.01
3930.91
3932.34
3928.64
3913.01
3887.84
3866.15
3847.26
3825.9
3802.53
3776.35
3747.88
3729.64
3719.85
3688.84
3640.19
3614.09
3606.89
3573.5
3517.95
3487.22
3477.63
3446.06
3395.61
3361.6
3341.82
3322.52
3303.63
3274.81
3237.25
3207.95
3185.97
3166.42
3149.03
3126.61
3099.63
3081.61
3071.72
3056.62
3036.74
3036.87
3055.45
3048.14
3016.77
2998.45
2992.36
2988.53
2986.83
2988.15
2992.35
2987.46
2973.88
2973.25
2985.13
2991.15
2991.45
2983.73
2968.15
2960.45
2960.55
2953.05
2937.96
2916.7
2889.22
2880.41
2890.5
2868.75
2814.51
2785.52
2782.52
2768.35
2742.57
2706.64
2660.08
2633.38
2627.58
2607.88
2573.41
2543.97
2519.89
2499.76
2483.87
2461.86
2433.19
2414.67
2407.28
2393.05
2371.27
2350.91
2332.13
2306.33
2272.66
2241.62
2213.55
2175.16
2125.01
2081.6
2045.93
1992.72
1919.19
1855.02
1801.78
1748.71
1695.86
1642.1
1587.25
1535.73
1488.18
1440.71
1393.36
1352.24
1318.67
1284.47
1249.51
1215.17
1181.6
1155.65
1139.17
1124.37
1111.68
1097.14
1080.25
1062.8
1044.62
1029.76
1019.17
1012.55
1011.05
1009.59
1008.19
1008.61
1011.41
1016.39
1024.29
1035.6
1051.49
1077.08
1115.74
1149.57
1176.84
1214.54
1266.49
1323.98
1389.12
1469.13
1569.84
1676.2
1790.48
1908.62
2032.2
2178.04
2355.56
2538.09
2727.81
2927.69
3142.28
3377.91
3644.25
3895.26
4123.74
4347.79
4565.28
4806.79
5084.22
5353.56
5610.7
5858.97
6093.74
6318.88
6529.28
6741.71
6957.3
7174.06
7392.65
7601.75
7795.96
7978.11
8141.15
8306.46
8475.39
8652.59
8843.11
9024.02
9189.36
9383.08
9623.24
9840.53
10020
10219.5
10452.2
10679.3
10897.1
11125.6
11372.1
11615.6
11853.9
12095.3
12342
12587.4
12830.5
13065.9
13287.7
13519
13767
13990.1
14168.9
14348.7
14530.1
14750.8
15042.7
15302.6
15503.8
15706.2
15910.8
16129.5
16374.6
16602.8
16799.4
16987.2
17158.5
17306.7
17411
17558.6
17789.7
17990.5
18132.6
18278.8
18433.1
18563.9
18648
18736.2
18832.5
18925.6
19012.4
19087.1
19137.2
19186.9
19236.1
19273.5
19286.8
19296.4
19298.3
19307.8
19333.3
19335.6
19289
19261.6
19275.6
19281.7
19270.7
19256.8
19236.7
19211.8
19176.8
19143.4
19113.7
19061.7
18959.8
18857
18752.1
18641.4
18517.4
18399.7
18296.2
18185
18056.3
17936.4
17837.4
17737.4
17635.1
17543.5
17477.5
17429.6
17425.4
17408.3
17360.1
17333.3
17359.3
17377.5
17376.5
17409.9
17529.3
17635.1
17706.3
17792.4
17916.9
18038.1
18151
18285.6
18476.7
18649.9
18775.7
18914
19085.4
19247.3
19384.1
19535.7
19727.6
19915.4
20091.7
20260.2
20406.9
20556.2
20712.3
20847.2
20922.4
21006.8
21117.8
21220.4
21298.7
21364.2
21392.4
21432.8
21509.5
21559.4
21529.9
21509.4
21516
21502
21425.5
21365.1
21354.1
21334.5
21288.2
21218
21072.8
20965.6
20978.9
20955
20812.1
20683
20598.3
20513.2
20427
20345.8
20281.3
20208.1
20106
20018.3
19979.3
19936.1
19878.1
19811
19712.1
19615.7
19528
19458.8
19455.4
19439.8
19380.1
19319.8
19257.3
19203.1
19179.2
19150.6
19104.4
19064.3
19047.1
19025.8
18989.6
18947.4
18882.7
18827.7
18810.6
18786.1
18732.7
18678.2
18619.7
18569.8
18554.9
18539.5
18521.7
18497.6
18447.7
18386.6
18278.8
18184.8
18149
18116.5
18097.9
18066.7
17980.8
17899.1
17835.7
17758.8
17621.2
17501.9
17465
17407.2
17253.5
17109.3
17009.2
16902.7
16765.2
16631.3
16514.4
16396.2
16271.5
16152.8
16063.1
15963.5
15815.2
15670.6
15545
15417.5
15280
15148.7
15049.5
14946
14819.7
14692.7
14561.5
14437.7
14354
14265.8
14152.9
14046.7
13977.9
13903.8
13800
13700.1
13622.8
13551.5
13515.5
13468.4
13355.8
13248.6
13174.2
13096.3
12997.5
12904.7
12849.3
12793.4
12735
12676.4
12617.3
12557
12489.1
12425.2
12388.8
12348.6
12282.9
12225.4
12223.7
12215.1
12158.5
12108
12101.4
12096.6
12105.2
12112.1
12106.4
12100.3
12091.4
12084.4
12093.5
12105.1
12135.9
12162.9
12158.5
12152
12128.2
12107.8
12115.8
12120.7
12099.1
12080
12082
12078.6
12027.5
11986.7
12040.3
12088.9
12089.9
12092.2
12106.9
12119.6
12113.6
12108.9
12116.8
12126.5
12154.5
12178.5
12161.4
12139.7
12068.7
12001.5
11975.9
11948.7
11903.9
11855.2
11762.7
11669.8
11572.1
11478.2
11431.2
11382
11305.3
11225.8
11108.4
10993.1
10904.8
10818.3
10755.2
10692.1
10629.4
10565.2
10476.8
10390.6
10334.9
10277.7
10196
10115.7
10058.5
9999.68
9911.67
9824.98
9761.54
9695.59
9583.69
9474.17
9409.64
9343.6
9247.9
9153.05
9076.03
8998.77
8916.55
8833.35
8727.75
8621.83
8508.14
8393.77
8262.2
8133.46
8080.01
8024.31
7905.13
7785.4
7649.54
7514.62
7410.02
7305.37
7198.87
7092.07
6973.78
6856.42
6775.9
6694.77
6587.07
6479.76
6390.34
6300.57
6191.57
6083.46
6027.22
5970.34
5871.24
5772.42
5695.39
5618.33
5537.5
5456.19
5319.73
5183.44
5073.55
4963.56
4834.29
4704.83
4514.52
4324.21
4138.69
3953.18
