-5.17805
43.4743
92.1266
98.9831
105.776
104.804
103.805
105.092
106.39
103.722
101.025
101.495
101.994
102.099
102.199
103.481
104.78
106.276
107.774
104.363
100.867
100.8
100.8
101.387
101.986
98.7793
95.4825
97.0558
98.7542
99.286
99.7855
102.225
104.723
97.8293
90.6364
95.3276
100.422
101.564
102.563
102.119
101.619
100.255
98.8569
100.046
101.344
103.695
106.093
104.386
102.488
102.019
101.619
102.36
103.16
104.433
105.732
100.499
94.9044
94.9778
95.3774
99.7364
104.332
101.025
97.2289
99.1592
101.457
102.63
103.729
102.865
101.866
101.8
101.8
101.986
102.186
102.014
101.814
100.317
98.7183
100.728
103.025
102.184
101.086
96.6705
91.9751
96.1041
100.999
101.125
100.825
102.63
104.629
105.348
105.947
102.81
99.3136
102.638
106.634
105.911
104.712
105.053
105.552
105.058
104.458
104.129
103.83
104.789
105.888
109.321
113.018
109.996
106.2
105.979
106.178
110.57
115.465
116.178
116.378
117.643
119.042
118.757
118.257
116.697
114.999
118.063
121.76
128.712
136.105
138.054
139.252
136.596
133.399
138.769
145.363
148.729
151.626
155.133
158.729
160.763
162.561
165.139
167.836
170.534
173.231
176.015
178.812
181.609
184.406
192.956
202.446
206.541
209.738
217.464
225.956
231.378
236.273
244.996
254.387
255.63
255.43
262.089
269.982
276.184
282.078
293.788
306.576
310.87
313.568
320.124
327.417
339.481
352.468
361.531
369.822
374.615
378.711
390.37
403.558
408.619
412.016
424.677
439.263
450.547
461.137
478.395
497.077
513.048
528.433
540.541
551.929
569.612
588.694
610.547
633.025
654.852
676.531
694.639
711.922
736.896
763.67
778.491
790.479
818.097
849.467
884.292
919.957
926.359
925.559
948.514
977.385
998.997
1018.78
1047.31
1078.08
1097.97
1115.06
1128.5
1140.99
1168.8
1200.67
1228.36
1254.93
1275.69
1294.87
1312.96
1330.74
1359
1390.17
1421.19
1452.15
1480.4
1507.87
1538.22
1569.39
1595.06
1619.14
1644.91
1671.19
1696.07
1720.55
1749.41
1779.58
1810.44
1841.51
1859.58
1873.67
1902.01
1934.78
1946.93
1952.63
1964.62
1978.61
1992.21
2005.7
2010.89
2013.38
2034.63
2062
2090.05
2118.32
2129.89
2135.89
2153.23
2174.41
2196.78
2219.56
2257.13
2299.78
2330.58
2357.26
2397.61
2442.76
2479
2512.07
2551.97
2594.33
2640.94
2689.09
2741.12
2794.57
2840.58
2883.84
2941.35
3004.19
3047.73
3083.99
3135.96
3193.9
3239.72
3280.88
3344.42
3416.65
3483.21
3547.55
3600.51
3648.96
3703.98
3761.62
3835.49
3915.91
3980.01
4037.45
4080.74
4118.2
4154.96
4191.43
4228.45
4265.72
4317.23
4374.77
4425.25
4472.7
4506.89
4535.36
4573.02
4614.68
4664.05
4716.79
4764.84
4810.79
4871.17
4938
4989.97
5035.23
5099.29
5171.92
5219.36
5255.23
5308.97
5371.01
5431.28
5490.72
5554.98
5621.52
5698.33
5780.05
5849.16
5912.2
5980.28
6050.81
6122.08
6193.71
6236.19
6264.26
6304.86
6351.72
6398.11
6444.26
6487.1
6528.26
6547.29
6554.98
6571.37
6592.25
6614.84
6638.31
6663.3
6689.07
6700.15
6703.45
6721.46
6747.33
6728.69
6686.03
6664.92
6655.53
6650.97
6649.08
6650.2
6653
6652.91
6651.21
6647.85
6643.55
6652.26
6668.34
6677.63
6683.02
6706.28
6739.85
6772.59
6804.86
6853.75
6912.39
6946.12
6965.1
7016.3
7086.73
7148.24
7204.39
7255.25
7302.9
7360.6
7424.43
7510.01
7609.02
7726.92
7856.6
7942.57
8001.11
8093.18
8206.47
8308.9
8404.41
8495.66
8584.17
8648.81
8697.96
8727.55
8744.33
8782.43
8834.57
8888.34
8943.19
8937.57
8891.41
8900.1
8945.86
8958.4
8948.31
8953.02
8967.91
8998.38
9039.64
9063.54
9075.33
9126.99
9206.71
9245.99
9256.58
9268.34
9280.93
9297.81
9317.79
9332.45
9343.24
9353.33
9362.92
9378.32
9398
9439.67
9497.71
9520.49
9516.79
9532.32
9562.39
9599.88
9643.04
9689.48
9738.43
9775.39
9803.06
9831.47
9860.44
9871.52
9868.53
9871.49
9879.18
9906.08
9948.34
9962.28
9953.39
9962.85
9987.22
10015.2
10046
10063.2
10069.1
10068.5
10062.4
10087.2
10138.1
10184.1
10225.9
10242.1
10236.4
10254.1
10291.9
10317.3
10332.1
10374.5
10440.9
10478
10489.4
10515.6
10554.9
10587.6
10614.6
10652.5
10700.1
10748.9
10798.8
10805.3
10772.3
10752.7
10745.6
10742.5
10743.1
10767.4
10813.8
10834
10829.4
10848.3
10889.6
10908.5
10905.9
10930.7
10982.1
11025.3
11060.7
11107.8
11166.6
11210.2
11238.9
11295.6
11380.3
11448.9
11501.4
11543.9
11576.2
11620.6
11677.3
11770.2
11900.3
11979.8
12006.8
12093.3
12242.1
12357.1
12436.5
12547.3
12691.3
12806.7
12891.3
12990.2
13104.5
13206.7
13296
13382.5
13466.1
13575.3
13712.6
13814.4
13876.5
13938.9
14001.4
14065.5
14131.5
14190.2
14240.8
14279.8
14305.7
14341.5
14388.7
14395.5
14355.1
14327.7
14315.7
14343
14416.9
14452.2
14441.2
14432.7
14427.3
14435.7
14460.6
14450.1
14396
14374.9
14394.3
14397.2
14379.6
14379.8
14402.2
14419.3
14429.5
14422.9
14395.1
14392.7
14423.1
14446.7
14461.6
14496.2
14556.5
14607.1
14644.9
14698
14771.5
14836.6
14890.2
14948.2
15012.2
15052.2
15059.8
15052.6
15025.1
15012
15018.8
15014.4
14994.4
14959
14902
14839.2
14768.3
14684.1
14581
14469.7
14346.6
14231
14126.5
14028.6
13940.6
13816.8
13640.5
13501.9
13419.3
13311.4
13165.6
12998.7
12799.8
12633.3
12516.2
12368.1
12172.4
12013.9
11912.8
11805.6
11689
11574.5
11463.2
11338.2
11191.4
11096.2
11083.1
11062.2
11028.8
10986
10927.6
10874.7
10830.8
10804.3
10806.6
10810.7
10817.9
10841.7
10893.6
10925.7
10924.5
10917.7
10901.2
10905.5
10945.6
10972.7
10977.5
10986.7
11003.6
11001.5
10965.8
10959.7
11006.2
11047.8
11080.7
11112.3
11141.4
11177.3
11225.6
11261.2
11273.1
11302.4
11364.3
11411
11429.4
11445.9
11458.9
11482.3
11525.7
11546.6
11524.6
11517
11537.4
11566.6
11612.7
11638.7
11624.8
11626.3
11658.2
11677.3
11670.5
11649.9
11601.1
11561.4
11540.3
11523.3
11515.1
11501.5
11476.4
11444.9
11399.8
11362.3
11341
11328.8
11336.4
11323.9
11267.9
11224.3
11207.7
11193.9
11186.6
11162.1
11099.5
11034.2
10963
10885.9
10795.6
10703.2
10606.2
10511.5
10421.8
10337.6
10266
10197.6
10136.9
10074.5
10008.3
9955.79
9936.11
9920.41
9914.32
9907.73
9899.94
9895.93
9901.22
9916.16
9955.02
10004.5
10080.6
10144.9
10179
10219.7
10277.2
10344.3
10436.2
10530.5
10631.1
10725.6
10804
10905.3
11067.2
11195.7
11234.6
11298
11428.1
11557.8
11686.2
11809.3
11917.4
12011.9
12068.7
12124.9
12179.5
12236.8
12301.4
12375.8
12478.3
12555.7
12560
12562.2
12558.3
12554.5
12551.1
12550
12555.8
12549.9
12508.2
12479.1
12488.7
12478.7
12407.9
12344.2
12303.1
12257.1
12195.8
12146.1
12133.2
12108.3
12044.5
11980.8
11917.5
11870
11874.3
11860
11783.8
11718.6
11690.9
11656.8
11601.4
11552.3
11525.1
11500.1
11482.6
11454.6
11389.2
11337.9
11336.6
11333.7
11324.9
11308.5
11264.4
11229.3
11228.1
11221.5
11194.4
11176.7
11194.4
11201.1
11166
11128.8
11084.2
11047.4
11041.4
11023.9
10960.6
10914.6
10938
10943.3
10874.8
10826.1
10859.3
10875.2
10818
10766.1
10736.3
10704.8
10665.7
10630.6
10612.4
10578.1
10472.8
10389.3
10403.2
10401
10326.2
10256.2
10208
10153
10066.1
9979.64
9895.53
9809.14
9711.93
9625.8
9593.13
9544.15
9415.28
9300.47
9255.51
9205.61
9130.78
9055.49
8977.87
8906.93
8870.67
8826
8737.08
8650.08
8573.25
8497.56
8428.03
8364.14
8331.27
8292.87
8223.54
8156.38
8101.53
8054.1
8049.41
8040.19
8004.53
7966.36
7913.31
7860.54
7809.49
7759.45
7715.6
7675.77
7661.08
7643.06
7603.9
7563.27
7513.11
7462.51
7408.97
7360.43
7345.35
7330.33
7315.74
7299.97
7275.99
7252.33
7230.85
7213.35
7224.33
7231.66
7212.28
7195.92
7202.02
7205.31
7187.43
7171.16
7167.37
7166.75
7191.12
7210.42
7188.94
7172.2
7194.28
7211.57
7188.79
7169.87
7183.85
7195
7181.41
7168.76
7164.36
7160.66
7163.25
7166.94
7180.72
7194.46
7207.75
7219.4
7215.1
7208.89
7183.51
7158.3
7134.72
7112.35
7102.66
7093.91
7095.21
7093.58
7059.71
7025.39
6985.93
6945.74
6897.19
6849.1
6806.55
6763.58
6715.63
6666.54
6603.1
6541.9
6509.84
6476.49
6426.04
6377.23
6351.05
6321.38
6241.96
6166.18
6143.9
6121.18
6091.71
6061.06
6011.91
5962.35
5906.21
5850.5
5802.14
5753.45
5698.7
5644.32
5596.67
5548.71
5494.86
5440.13
5367.9
5296.92
5251.76
5205.88
5144.24
5082.56
5019.92
4957.75
4906.8
4854.59
4770.57
4688.18
4649.12
4608.66
4528.73
4448.71
4365.69
4283.04
4212.11
4141.68
4088.33
4034.78
3973.64
3912.7
3859.55
3806.33
3749.88
3693.55
3642.7
3591.87
3542.22
3492.24
3422.81
3353.94
3322.57
3290.89
3235.34
3179.73
3117.69
3055.61
2989.48
2923.28
2848.26
2772.98
2647.7
2522.47
2411.48
2300.48
2185.1
2069.71
