-93.7774
-43.7264
6.3245
11.9861
17.5806
15.1111
12.6135
14.4878
16.386
16.2017
16.0019
15.3072
14.6079
14.9951
15.3947
14.71
14.0106
15.2789
16.5777
14.7345
12.8363
13.6819
14.581
14.4044
14.2046
14.0048
13.805
16.1376
18.5353
16.5587
14.4607
14.4
14.4
16.7235
19.1212
14.6589
9.9635
10.9571
12.1559
15.9529
19.849
16.3508
12.5545
14.9876
17.6849
17.1305
16.4312
17.5453
18.7441
19.2762
19.7757
16.9484
13.9513
13.8
13.8
16.2612
18.8586
17.3941
15.6957
18.3338
21.231
19.5185
17.5205
15.5224
13.5244
16.2105
19.2075
19.3065
19.2066
18.8268
18.4272
14.7693
10.8731
14.8733
19.4688
19.3365
18.837
18.7075
18.6076
15.5537
12.2569
13.9344
16.0324
15.0969
13.8981
15.7262
17.8241
17.9085
17.8086
18.4393
19.1386
17.5595
15.7613
17.5098
19.6077
18.4388
16.9403
16.5283
16.2286
15.7482
15.2487
15.6508
16.1503
16.8297
17.529
19.2158
21.014
22.1853
23.2842
20.0931
16.3967
17.4269
19.0253
23.0263
27.3221
24.0709
19.875
20.4631
21.6619
24.2751
27.0723
27.5764
27.7762
29.9121
32.3098
32.4244
32.2246
33.4266
34.8252
35.6993
36.4985
39.6527
43.1493
42.8168
41.9176
44.0576
46.655
47.2599
47.5596
46.7356
45.7366
49.2222
53.4181
56.5814
59.5785
63.0048
66.5014
66.8287
66.6289
67.9673
69.5658
74.5748
80.1693
82.3611
83.9595
89.2075
95.1017
98.2863
100.984
103.681
106.378
109.328
112.326
118.35
124.943
132.376
139.968
141.2
141.2
144.039
147.436
150.166
152.763
157.355
162.351
167.677
173.072
179.707
186.601
193.329
200.022
205.399
210.494
215.917
221.412
232.15
244.039
253.638
262.729
266.683
269.48
283.26
299.544
313.88
327.766
334.124
338.719
350.583
364.17
376.387
388.276
401.852
415.838
422.208
426.703
441.436
458.719
475.364
491.848
498.622
502.918
506.34
509.537
523.267
539.751
553.786
567.173
576.068
583.76
593.103
602.894
614.801
627.289
640.637
654.224
659.619
662.715
682.623
707.298
721.339
732.328
739.291
745.085
759.221
775.805
797.551
820.828
829.735
834.33
847.587
863.472
873.24
881.132
892.685
905.372
918.896
932.683
938.124
940.921
944.324
947.921
953.328
959.323
962.08
963.778
968.029
973.124
976.272
978.77
988.363
1000.35
1017.48
1036.36
1048.93
1059.32
1075.41
1093.49
1112.46
1131.74
1154.78
1179.16
1185.53
1185.43
1214.51
1254.17
1279.57
1299.75
1320.81
1342.19
1363.13
1383.91
1413.54
1446.5
1469.56
1488.84
1506.97
1524.65
1556.15
1593.01
1621.84
1647.51
1678.2
1710.87
1744.18
1777.74
1798.5
1814.09
1835.14
1858.41
1887.28
1918.45
1934.09
1943.28
1956.77
1972.05
1995.76
2023.03
2032.74
2034.94
2050.33
2071.41
2095.97
2122.04
2143.26
2162.34
2182.11
2202.19
2232.07
2266.34
2289.32
2307.2
2330.16
2355.44
2380.16
2404.64
2435.87
2470.24
2497.05
2520.33
2549.78
2582.15
2612.49
2641.86
2672.71
2704.28
2720.18
2728.47
2761.17
2805.83
2824.01
2829.1
2841.73
2858.12
2865.59
2868.59
2882.39
2901.67
2913.75
2922.14
2933.83
2947.21
2944.64
2933.75
2942.31
2961.09
2968.32
2969.42
2954.57
2931.19
2926.31
2931.4
2932.23
2930.73
2926.07
2919.68
2912.19
2904.1
2897.8
2892.51
2900.89
2916.98
2922.23
2921.33
2930.85
2946.33
2953.27
2955.26
2957.64
2960.24
2960.07
2958.27
2971.47
2993.54
3021.32
3052.49
3053.47
3036.29
3075.05
3147.78
3185.25
3201.14
3228.88
3263.95
3306.09
3352.65
3396.93
3439.79
3487.42
3538.07
3580.12
3616.68
3643.28
3663.46
3692.3
3726.77
3750.97
3768.45
3782.08
3793.17
3790.28
3778.09
3785.28
3805.46
3803.29
3786
3786.6
3799.39
3801.34
3795.85
3796.43
3801.23
3814.02
3832.41
3852.08
3872.66
3884.47
3890.07
3895.6
3901.1
3913.09
3929.78
3928.35
3913.77
3926.4
3958.96
3965.62
3953.13
3949.69
3952.99
3963.47
3979.36
3989.44
3995.14
4016.36
4049.43
4059.17
4050.98
4059.5
4080.98
4094.33
4101.32
4095.06
4078.38
4085.37
4111.14
4121.04
4118.25
4110.03
4097.44
4095.55
4102.34
4117.48
4139.46
4150.99
4153.88
4155.2
4155.2
4156.45
4158.75
4166.67
4179.36
4191.78
4203.97
4218.57
4235.26
4244.87
4248.37
4254.64
4263.33
4266.97
4266.17
4270.51
4279.4
4293.36
4311.84
4314.29
4302.3
4296.39
4295.99
4296.06
4296.56
4285.83
4264.75
4261.9
4275.99
4273.36
4255.08
4243.83
4239.24
4253.69
4286.26
4293.22
4275.64
4277.47
4298.05
4312.6
4321.29
4333.21
4348.3
4360.57
4370.06
4389.96
4420.23
4437.99
4443.18
4466.35
4507.71
4532.26
4539.65
4567.33
4615.88
4667.28
4721.63
4763.81
4793.28
4825.09
4859.35
4891.68
4921.95
4957.87
4999.83
5038.71
5074.28
5105.82
5132.99
5162.07
5193.24
5228.07
5266.93
5301.35
5330.82
5353.27
5367.86
5380.76
5391.75
5391.06
5377.08
5385.97
5421.13
5434.4
5422.31
5409.07
5394.48
5383.94
5378.14
5374.82
5374.42
5378.02
5386.41
5387.01
5378.22
5369.25
5360.06
5357.02
5361.52
5351.07
5322.2
5311.94
5324.83
5332.71
5334.31
5332.29
5325.69
5328.94
5344.73
5348.65
5337.37
5333.83
5340.32
5355.4
5381.68
5395.35
5392.45
5403.05
5431.52
5446.13
5442.23
5450.39
5474.77
5496.22
5513.7
5515.49
5495.81
5484.44
5484.54
5482.72
5478.22
5454.26
5403.01
5357.18
5319.02
5283.62
5252.15
5214.36
5167.51
5120.53
5073.38
5029.64
4990.87
4949.73
4905.07
4850.19
4780.16
4720.46
4676.2
4628.64
4576.09
4528.22
4487.46
4435.38
4365.95
4300.56
4241.42
4190.28
4151.62
4111.05
4067.5
4022.12
3973.87
3937.62
3920.54
3900.58
3876.01
3852.99
3832.51
3819.12
3817.32
3812.73
3803.54
3795.85
3790.65
3788.48
3791.38
3794.61
3798.41
3800.47
3799.57
3808.25
3833.43
3841.66
3820.48
3807.51
3808.91
3818.14
3841.22
3856.32
3857.22
3855.26
3848.17
3846.48
3854.57
3865.67
3882.25
3886.64
3868.56
3869.35
3905.21
3929.92
3933.72
3933.16
3924.37
3920.94
3927.73
3930.9
3927.1
3931.49
3951.78
3964.76
3963.46
3962.63
3962.73
3966.77
3978.66
3980.09
3960.51
3944.96
3937.56
3930.14
3922.65
3912.68
3897.59
3879.69
3855.91
3840.73
3843.63
3840.83
3825.94
3811.09
3796.3
3782.37
3770.28
3757.6
3743.61
3733.78
3733.08
3727.91
3712.83
3690.34
3651.28
3614.7
3583.73
3556.2
3536.52
3508.55
3461.5
3419.25
3388.18
3362.49
3349.4
3336.16
3322.58
3306.93
3286.35
3273.15
3277.74
3277.39
3265.01
3260.5
3275.39
3288.95
3299.24
3306.49
3306.09
3312.28
3335.16
3360.2
3390.77
3419.55
3443.73
3464.02
3474.21
3490.4
3522.37
3548.88
3560.86
3588.36
3657.5
3715.67
3744.14
3774.03
3807.8
3835.23
3845.12
3860.43
3890.9
3918.57
3938.36
3956.32
3969.11
3983.77
4003.85
4017.32
4011.52
4014.96
4045.53
4061.23
4032.76
4008.8
3998.41
3984.73
3961.05
3943.08
3942.58
3941.74
3939.84
3928.87
3889.51
3855.57
3838.79
3822.38
3807.2
3793.95
3786.95
3779.82
3772.23
3758.79
3726.02
3697.14
3681.26
3664.89
3646.91
3632.66
3631.16
3623.43
3594.16
3569.49
3560.9
3551.31
3538.23
3529.29
3535.18
3538.07
3530.08
3522.11
3514.21
3505.79
3495.4
3489.6
3500.99
3500.64
3455.78
3418.92
3412.72
3403.58
3383
3367.81
3373.81
3377.58
3372.48
3366.79
3358.7
3353.22
3358.42
3357.48
3331.2
3308.21
3298.91
3288.63
3274.14
3262.64
3263.94
3260.55
3236.77
3216.09
3208.99
3198.93
3175.66
3152.81
3131.93
3109.75
3081.57
3054.68
3033.7
3012.14
2987.86
2959.52
2911.76
2871.67
2868.57
2865.44
2862.14
2854.96
2828.49
2801.04
2768.67
2739.88
2729.39
2716.3
2689.73
2664.21
2644.23
2622.45
2591.08
2561.95
2544.97
2528.45
2514.46
2500.17
2484.19
2468.98
2458.19
2447.3
2435.81
2422.19
2396.12
2372.01
2359.63
2346.74
2330.86
2314.86
2298.18
2282.2
2270.61
2258.6
2243.91
2228.88
2211.6
2196.56
2196.26
2194.27
2180.98
2167.82
2155.53
2145.86
2154.25
2160.06
2147.67
2136.63
2135.23
2133.17
2126.27
2122.25
2139.53
2153.47
2142.08
2131.91
2131.11
2131.77
2143.96
2153.31
2139.82
2128.96
2139.65
2148.36
2140.46
2132.96
2128.76
2124.11
2115.52
2107.38
2103.18
2100.98
2116.97
2130.17
2117.48
2105.61
2101.51
2098.37
2104.46
2109.76
2107.16
2105.35
2111.55
2116.14
2103.95
2093.65
2103.64
2111.9
2101.11
2089.78
2072.4
2055.07
2038.39
2021.73
2005.35
1989.89
1985.79
1979.74
1949.07
1919.56
1904.97
1889.95
1869.07
1849.31
1845.01
1840.24
1828.65
1816.51
1796.23
1775.85
1753.97
1733.19
1729.69
1725.57
1711.18
1697.22
1690.43
1682.86
1661.68
1641.8
1645.7
1648.61
1632.83
1616.34
1586.07
1556.55
1542.36
1527.84
1506.16
1484.51
1463.43
1442.24
1418.36
1394.75
1377.66
1360.48
1340.6
1320.81
1303.73
1286.61
1268.53
1250.63
1238.44
1226.14
1209.95
1193.77
1177.59
1161.41
1145.53
1129.49
1107.12
1084.57
1054.2
1024.23
1015.04
1005.8
993.71
981.775
980.077
978.064
951.79
925.682
914.793
903.745
874.974
846.294
830.909
815.467
788.493
761.506
729.737
697.96
658.099
618.238
