1076.519316
1125.399891
1168.247305
1228.288079
1298.361034
1353.006968
1408.545186
1500.532308
1595.573490
1699.622400
1796.803432
1906.872911
2042.253637
2171.368192
2287.371955
2423.015141
2571.442895
2707.982632
2898.007970
3018.972368
3176.208249
3341.274436
3483.541733
3655.845226
3796.152655
3900.224887
4032.778947
4180.534023
4327.434511
4474.131224
4631.760977
4817.335763
5003.596579
5177.347797
5380.028628
5558.577444
5758.345311
5941.191692
6099.999981
6270.934286
6458.087947
6621.053102
6746.418571
6871.588722
6963.570263
7054.108267
7151.360263
7233.364915
7344.574605
7476.158795
7579.057669
7737.934662
7947.973164
8160.829286
8389.851262
8679.842744
8942.552750
9270.667444
9584.452857
9915.600320
10263.346391
10616.466441
10952.424173
11307.089925
11689.116842
12095.854520
12480.764868
12885.565000
13238.325989
13643.129323
13947.812712
14404.101278
14659.092712
14951.433045
15270.747068
15594.024398
15855.042444
16126.513333
16456.696015
16736.783759
17000.890508
17376.741579
17763.325150
18135.020733
18564.306139
18916.031429
19342.056579
19763.579586
20185.020977
20597.593083
21071.589662
21430.232203
21782.773684
22077.940866
22338.623308
22608.384211
22812.174953
22925.171053
23045.857143
23099.426316
23268.338983
23271.457143
23238.734211
23166.352256
23197.071429
23073.737853
23012.848872
23032.855639
23001.548684
23021.005085
23154.692481
23332.790226
23450.944737
23611.142105
23832.012782
24079.736090
24396.980603
24783.937594
25106.727119
25660.757143
26232.009023
26769.360452
27535.990789
28100.493609
28770.794737
29315.421846
29769.978008
30172.678947
30500.052632
30695.618421
30825.029190
31009.701128
31115.231638
31221.253383
31300.273823
31433.047368
31688.620113
31969.327119
32195.065414
32358.878008
32694.043421
32914.479473
33034.615038
33089.946429
33193.100188
33428.765789
33679.618644
33799.678759
33996.088136
34207.224060
34480.633459
34669.820677
34790.749624
34943.646893
35094.458271
35228.433083
35236.545865
35333.615819
35598.175376
35809.243609
35883.975895
36082.090789
36378.304708
36532.100000
36661.574060
36871.006579
37029.914286
37195.416165
37312.337218
37361.712429
37555.627068
37651.469361
37636.492105
37670.738041
37538.824812
37376.058647
37406.089831
37525.715789
37550.774576
37693.440977
37982.772932
38242.883835
38643.734962
38927.209586
39278.839098
39707.652542
40122.172744
40691.122556
41219.430451
41672.262970
42401.645301
43132.793233
43828.357895
44559.725000
45327.249153
46066.956767
46717.318045
47222.029699
47727.212618
48209.310526
48695.922556
48951.864595
49128.881203
49393.110169
49380.877820
49283.786466
49346.695857
49328.746053
49284.478947
49285.302632
49319.073070
49310.002632
49247.811278
49199.952632
49247.009398
49277.967481
49326.143609
49474.713936
49652.325564
49780.241243
49984.593985
50246.073872
50547.667232
50947.391353
51153.321053
51297.475000
51490.268738
51520.956391
51408.992857
51259.103195
50888.253759
50469.718644
49990.029323
49195.113559
48537.172180
47700.955932
47100.836842
46071.303383
45228.091149
44297.843045
43380.344737
42428.247368
41513.934463
40720.091541
40014.675940
39298.293597
38557.160150
37927.241620
37528.470677
37132.822222
37013.823496
36890.294737
36925.925940
37018.307519
37056.772128
37149.638346
37236.310526
37424.065789
37467.885687
37491.950376
37599.658271
37768.355932
37938.608271
38050.173446
38183.165602
38327.157815
38578.812782
38820.054887
38923.932143
38931.780451
39138.344068
39299.428383
39393.271940
39534.947368
39546.813936
39492.767481
39445.293233
39386.422556
39282.599248
39109.038418
38935.750752
38758.072556
38541.597932
38372.724060
38271.685714
38090.146429
37720.186252
37405.114286
37090.306767
36713.353947
36176.800000
35620.697744
35153.227820
34723.796610
34284.543985
33914.153672
33655.483647
33527.656391
33540.548023
33597.326880
33738.281767
33977.759774
34299.799623
34711.642857
35117.969925
35658.984211
36184.184211
36764.327820
37301.156391
37891.132203
38584.709398
39141.312806
39523.518045
39992.767481
40413.170245
40782.212406
41016.255263
41100.274248
41364.567797
41242.139098
41191.638910
41012.655263
40865.726316
40735.393597
40446.802256
40183.119962
39840.716541
39403.993785
39051.838534
38764.254887
38497.886252
38144.240414
38022.469361
37727.525564
37546.751977
37245.436278
37035.496992
36818.992105
36657.632895
36547.575895
36349.887970
36226.358004
36209.659211
36072.871563
35872.996617
35755.765977
35569.522034
35441.687218
35270.743126
35162.596429
34870.028625
34722.962406
34466.739925
34369.490789
34053.363158
33765.190395
33436.561654
33144.178343
32777.215038
32352.268173
31942.242481
31505.814286
31097.625564
30666.360526
30117.448023
29753.814662
29312.927684
28766.725752
28415.829567
28049.410526
27615.693421
27235.362900
26857.998496
26500.149153
26101.229699
25771.491525
25513.671429
25225.582895
24956.291165
24674.620301
24408.296234
24202.710526
23944.934586
23782.321805
23455.507910
23379.948684
23232.544737
23118.034275
23058.749624
23015.243126
22949.073684
22855.719774
22842.292857
22881.500752
22888.771805
22904.061654
22929.677778
22915.945113
22891.872744
22875.771375
22839.220301
22733.068421
22806.206579
22821.452542
22869.086466
22884.184023
22843.369737
22825.944361
22769.135714
22638.851316
22541.886817
22464.485714
22284.867797
22019.556955
21662.757143
21353.703202
21136.366353
20845.086842
20529.227368
20188.631601
19933.022274
19666.000038
19386.973835
19141.156353
18909.386761
18643.651955
18381.036139
18107.531523
17793.966271
17547.128083
17239.706992
16958.923390
16627.249774
16249.806316
15876.831053
15479.676817
15088.070038
14750.455714
14364.967726
13948.090677
13558.883503
13214.900902
12825.143220
12417.989662
12107.539605
11783.698759
11457.869323
11162.876949
10853.589511
10547.792655
