-31.1752
23.8709
78.917
80.2968
81.5955
81.6
81.6
84.8789
88.1756
85.3242
82.4271
83.1917
83.9909
86.3705
88.7682
83.3783
77.8836
81.2433
84.7399
86.0764
87.3751
85.9301
84.4316
85.1823
85.9815
84.1456
82.2475
85.0246
87.9218
83.2369
78.3417
80.1402
82.1382
82.2
82.2
81.3304
80.4313
86.8603
93.5538
88.8924
83.7974
82.2555
80.8569
85.0168
89.4125
88.4523
87.2535
88.2499
89.3488
89.2095
89.0097
83.7721
78.2775
82.8377
87.9327
87.632
87.0326
88.228
89.5268
89.6942
89.7942
86.2252
82.4289
83.3265
84.5254
83.6632
82.6641
83.4414
84.3405
86.639
89.0366
83.2419
76.8482
81.2307
86.4256
88.3759
90.0743
89.2749
88.2759
84.0459
79.5504
81.595
84.1925
86.5142
88.8119
86.2483
83.2512
82.5423
82.0428
84.2833
86.7809
85.1772
83.1792
85.3645
87.9619
85.1146
81.718
84.2976
87.4944
87.8
87.8
86.087
84.1888
84.3598
84.7594
85.9669
87.2657
88.9227
90.621
90.9787
91.1785
89.3272
87.2293
90.6483
94.7443
93.957
92.5583
95.2349
98.4318
101.452
104.449
105.594
106.493
106.16
105.66
109.903
114.798
115.488
115.587
116.212
116.911
116.128
115.129
117.437
120.234
125.376
130.87
135.672
140.367
139.358
137.459
139.097
141.295
145.816
150.711
154.061
157.158
163.938
171.331
177.698
183.892
184.118
183.319
186.262
189.859
191.843
193.541
201.251
210.043
215.455
220.25
224.371
228.367
234.634
241.327
249.866
258.758
264.468
269.563
272.738
275.535
279.999
284.794
292.664
301.156
307.326
313.02
323.347
334.636
342.624
349.917
358.939
368.329
381.745
396.031
406.957
417.147
431.997
447.881
463.195
478.38
491.775
504.762
521.239
538.522
556.777
575.259
585.745
594.337
611.146
629.928
648.388
666.77
682.987
698.672
716.596
735.078
756.192
777.971
787.334
793.528
813.536
837.113
848.89
857.581
876.938
899.116
916.724
933.108
953.5
974.979
992.616
1009.2
1028.6
1048.78
1063.19
1075.97
1100.9
1129.27
1156.48
1183.35
1203.49
1221.67
1242.56
1264.24
1287.92
1312.2
1322.64
1328.93
1346.88
1368.36
1389.38
1410.26
1431.98
1453.95
1471.6
1487.88
1500.68
1512.36
1511.64
1506.95
1517.35
1532.63
1534.22
1531.32
1555
1587.47
1598.89
1603.29
1621.65
1644.73
1662.52
1678.5
1706.82
1739.39
1769.22
1798.09
1827.33
1856.7
1886.66
1916.83
1944.87
1972.14
2016.06
2066.01
2085.18
2093.07
2126.85
2170.21
2212.47
2254.33
2296.12
2337.88
2376.02
2412.79
2456.33
2502.49
2549.14
2596
2649.09
2704.64
2741.29
2770.47
2810.77
2855.53
2909.89
2968.13
3004.16
3031.14
3058.32
3085.59
3126.35
3172.7
3213.43
3251.79
3277.59
3298.07
3344.31
3401.55
3424.66
3433.05
3460.73
3496.79
3538.96
3583.82
3608.74
3624.83
3657.68
3698.04
3754.78
3818.92
3865.76
3904.72
3943.96
3983.32
4033.12
4087.77
4145.82
4205.46
4240.81
4264.69
4323
4397.72
4451.95
4496.3
4551.22
4611.26
4660.84
4705.3
4732.97
4752.35
4784.2
4822.26
4852.88
4879.75
4903.11
4924.69
4938.67
4948.76
4975.59
5011.05
5031.87
5045.06
5041.35
5028.76
5024.2
5023.9
5034.21
5050.2
5031.53
4994.16
4987.99
4998.78
5006.02
5011.31
5013.84
5014.84
5019.17
5025.37
5038.08
5054.47
5056.26
5049.76
5068.36
5101.33
5132.27
5162.04
5154.69
5125.72
5153.77
5215.31
5265.31
5308.46
5334.86
5351.24
5399.05
5465.79
5518.66
5563.12
5609.37
5656.72
5718.41
5788.94
5868.09
5952.61
6025.83
6091.97
6146.66
6194.11
6276.76
6381.85
6461.66
6525.2
6567.29
6595.46
6618.14
6637.22
6654.19
6669.78
6702.58
6746.84
6760.41
6753.42
6744.7
6734.81
6751.66
6786.72
6800.82
6800.52
6820.29
6853.96
6877.92
6895.1
6921.73
6954.99
6984.29
7010.76
7023.78
7027.18
7037.48
7052.77
7070.42
7089.8
7096.62
7094.22
7104.69
7124.67
7151.7
7183.96
7193.18
7185.08
7210.66
7261.71
7283.29
7282.39
7316.17
7376.61
7433.23
7486.87
7498.34
7476.86
7476.4
7492.48
7496.54
7491.04
7500.26
7521.23
7541.83
7562.11
7566.9
7559.11
7568.5
7591.98
7601.5
7599.51
7611.96
7636.43
7666.72
7701.89
7729.75
7751.43
7766.2
7775.09
7784.63
7794.72
7815.36
7845.13
7878.79
7915.86
7936.65
7943.15
7961.82
7991.29
8026.09
8065.66
8095.6
8116.88
8132.97
8144.36
8154.76
8164.25
8165.47
8159.08
8138.75
8105.49
8107.25
8141.82
8176.48
8211.25
8225.33
8219.74
8225.41
8241.9
8260.41
8280.89
8301.73
8322.91
8371.87
8448.09
8496.95
8518.73
8560.96
8623.6
8663.62
8680.9
8713.77
8762.42
8828.33
8911.85
8974.73
9016.39
9055.01
9090.48
9158.96
9261.96
9348.47
9417.6
9484.5
9549.04
9642.82
9767.9
9860.82
9919.06
9983.39
10054.3
10125.3
10196.5
10262.8
10323.8
10396.2
10481.2
10542.4
10576.9
10632
10710.3
10742.4
10721.8
10736.9
10792.9
10839.1
10873.7
10881.2
10857.1
10842.4
10838.9
10844.2
10860
10862.4
10849
10856.9
10890.5
10892.7
10856.5
10841.3
10851.7
10852.8
10842.5
10843.2
10857.7
10871.1
10883
10888.6
10886.3
10870
10835.8
10829.6
10859.4
10891
10925.1
10962.3
11003.7
11043.7
11081.8
11112.4
11133
11165.8
11214.7
11252.2
11274.3
11325.8
11417.2
11444.2
11383.2
11345.6
11340.3
11311.1
11248.8
11208.7
11199.9
11160.7
11078.3
10997.7
10919.5
10839.2
10755.9
10682.5
10623.4
10551.6
10461.1
10348.5
10203.6
10082
9995.08
9906.16
9814.25
9708.08
9580.4
9466.57
9373.76
9276.96
9174.06
9065.12
8946.84
8840.93
8754.32
8670.39
8590.66
8501.93
8398.93
8326.44
8302.67
8270.31
8224.16
8184.63
8155.86
8136.26
8131.66
8125.63
8117.24
8116.16
8127.25
8149.64
8191
8207.2
8180.83
8167.93
8178.02
8202.2
8250.66
8280.41
8277.72
8274.66
8270.96
8272.93
8284.92
8290.87
8286.08
8288.47
8303.75
8327.96
8368.32
8399.56
8414.14
8432.7
8458.58
8491.09
8535.95
8567.87
8575.57
8580.36
8579.66
8594.76
8640.02
8677.83
8701.3
8717.82
8720.82
8718.24
8704.75
8697.51
8702.61
8717.85
8753.32
8770.39
8750.51
8728.23
8701.05
8685.55
8693.95
8688.61
8654.95
8617.62
8572.66
8540.81
8536.52
8530.33
8520.14
8499.07
8454.72
8426.23
8432.03
8430.56
8413.28
8394.12
8370.85
8342.29
8302.03
8253.26
8185.43
8121.58
8066.73
7995.78
7888.08
7802.38
7767.32
7727.08
7674.83
7617.24
7547.11
7484.54
7439.88
7414.2
7433.88
7438.49
7406.72
7382.66
7377.36
7379.17
7398.45
7419.66
7445.63
7474.77
7511.83
7553
7604.55
7651.85
7688.32
7742.42
7842.02
7923.2
7956.36
8001.14
8076.47
8156.03
8246.84
8336.02
8420.84
8496.8
8548.75
8618.18
8735.46
8843.01
8923.63
8994.64
9038.8
9079.89
9112.36
9149.99
9202.34
9251.42
9291.08
9321.83
9326.62
9331.34
9335.84
9342.42
9355.21
9358.21
9331.83
9308.68
9295.29
9283.55
9276.86
9269.17
9258.38
9237.7
9186.05
9138.93
9106.16
9070.92
9027.76
8988.83
8963.55
8931.31
8876.26
8830.5
8815.41
8791.79
8739.64
8697.53
8689.34
8674.07
8634.6
8597.54
8568.77
8546.73
8548.23
8537.66
8484.41
8441.21
8433.91
8423.66
8402.68
8383.73
8372.24
8359.76
8343.57
8323.26
8287.5
8261.03
8269.83
8270.71
8241.23
8218.43
8221.53
8217.45
8185.18
8156.27
8140.68
8123.55
8100.17
8077.42
8057.24
8042.27
8048.76
8050.06
8029.68
8007.05
7974.88
7944.53
7921.95
7894.32
7844.77
7797.22
7758.46
7725.68
7719.59
7704.46
7648.51
7595.34
7554.88
7512.51
7461.26
7406.42
7334.69
7267.91
7224.76
7180.11
7128.26
7074.14
7008.9
6942.51
6870.38
6802.31
6754.65
6703.45
6634.12
6569.84
6531.78
6490.83
6434.69
6383.11
6355.94
6322.62
6255.98
6195.28
6167.21
6137.94
6101.97
6065.95
6029.58
5993.68
5960.41
5927.43
5896.16
5865.54
5838.77
5811.36
5780.09
5748.1
5711.74
5678.31
5663.23
5648.02
5632.04
5613.08
5574.91
5539.37
5520.98
5498.36
5447.41
5401.45
5389.36
5378.29
5374.3
5369.61
5360.01
5351.23
5348.23
5342.61
5317.84
5295.94
5295.44
5294.7
5292.1
5292.47
5315.75
5335.04
5322.95
5310.37
5293.89
5281.25
5300.13
5315.26
5298.98
5283.72
5277.22
5270.7
5263.91
5260.23
5284.31
5303.99
5283.71
5267.93
5294
5317.06
5311.36
5306.37
5308.16
5307.98
5288
5269.23
5262.83
5256.94
5256.24
5252.32
5213.86
5175.92
5143.75
5113.82
5109.12
5102.78
5077.41
5050.8
5009.54
4967.98
4922.62
4879.66
4866.87
4850.76
4791.52
4734.83
4712.36
4688.68
4648.42
4609.93
4596.64
4582.47
4555.29
4527.35
4487.69
4448.88
4423.4
4396.2
4340.85
4287.23
4262.65
4237.09
4194.23
4151.57
4112.61
4073.89
4039.62
4004.66
3955.9
3907.53
3867.07
3826.39
3780.83
3734.81
3678.17
3621.78
3571.63
3522.28
3492.9
3463.02
3419.46
3375.36
3315.92
3256.26
3190.12
3125.57
3111.48
3095.81
3025.98
2956.72
2908.26
2860.23
2828.96
2797.32
2749.47
2701.87
2666.3
2630.62
2588.96
2547.54
2519.97
2492.05
2441.2
2390.74
2370.66
2350.26
2300.21
2249.96
2177.43
2105.04
2052.59
1999.99
1917.17
1834.37
1757.45
1680.52
1600.5
1520.48
