59.6206
105.376
151.131
152.995
154.794
155.795
156.794
157.495
158.195
160.877
163.575
158.454
153.259
153.99
154.789
157.264
159.762
158.619
157.42
151.705
145.911
149.817
153.913
149.599
145.104
149.099
153.295
153.302
153.203
150.575
147.878
149.74
151.738
150.348
148.849
153.438
158.233
156.182
153.884
154.089
154.388
149.598
144.603
149.767
155.361
152.826
149.929
151.709
153.707
151.704
149.507
150.731
152.129
152.959
153.758
156.072
158.469
154.916
151.02
150.706
150.606
150.13
149.63
151.29
153.088
154.511
155.91
155.719
155.42
152.601
149.604
151.82
154.418
152.742
150.744
150.322
150.022
150.925
151.924
150.431
148.732
150.166
151.864
153.93
156.028
159.594
163.29
160.763
157.666
156.03
154.531
154.491
154.591
153.963
153.264
153.926
154.725
154.257
153.657
155.317
157.215
160.285
163.482
161.281
158.484
157.931
157.631
159.839
162.337
161.885
161.086
158.503
155.706
164.298
174.288
171.404
166.909
164.628
162.63
164.433
166.731
167.705
168.505
173.616
179.311
182.81
186.007
186.575
186.775
190.384
194.48
191.075
186.579
192.179
199.272
201.676
203.374
208.018
213.113
216.22
219.017
225.351
232.244
234.749
236.547
238.002
239.4
243.454
247.95
255.608
263.8
266.535
268.333
275.831
284.322
289.589
294.284
304.06
314.75
319.695
323.591
330.69
338.382
344.141
349.535
359.376
370.066
379.082
387.773
393.96
399.654
407.181
415.073
426.124
437.812
449.75
461.738
469.838
477.131
491.108
506.493
516.445
525.236
535.834
546.824
565.761
586.44
601.725
615.811
634.219
653.6
672.005
690.187
707.72
725.103
747.91
771.987
789.764
806.048
829.341
854.317
881.382
908.955
933.802
957.978
981.515
1004.89
1030.58
1056.86
1076.84
1095.22
1111.07
1126.25
1140.01
1153.4
1179.11
1208.08
1231.22
1252.8
1270.29
1286.67
1310.43
1336.2
1363.62
1391.49
1418.98
1446.35
1471.78
1496.65
1528.9
1563.27
1590.12
1614.8
1640.48
1666.46
1694.51
1723.18
1760.38
1800.14
1817.83
1828.82
1847.07
1867.55
1902.75
1942.51
1963.94
1979.63
1993.19
2006.07
2020.17
2034.66
2052.01
2070.29
2080.14
2087.24
2099.21
2112.8
2134.02
2157.8
2175.9
2192.08
2223.61
2260.38
2270.91
2272.41
2305.92
2350.58
2380.68
2405.65
2452.89
2508.03
2546.27
2578.44
2621.9
2669.45
2718.4
2767.85
2824.45
2883.69
2946.35
3010.29
3055.07
3092.64
3125.14
3155.71
3215.06
3285.49
3341.97
3393.02
3448.73
3506.27
3572.69
3642.62
3708.99
3773.92
3830.96
3884.81
3935.32
3984.47
4038.79
4095.23
4154.92
4215.96
4259.9
4296.66
4344.24
4396.39
4428.24
4451.41
4491.13
4537.99
4582.75
4626.61
4680.32
4738.37
4783.05
4821.81
4883.7
4955.93
5003.45
5039.81
5096.35
5162.09
5219.75
5273.7
5310.18
5338.55
5405.5
5490.51
5561.62
5626.16
5691.98
5758.42
5821.95
5884.09
5950.13
6018.06
6082.04
6144.08
6197.49
6246.65
6296.46
6346.62
6373.9
6389.69
6426.68
6474.43
6495.49
6502.88
6529.38
6565.74
6600.01
6633.17
6652.92
6665.6
6666.54
6661.24
6661.09
6663.69
6659.47
6651.58
6636.57
6617.69
6614.22
6619.22
6615.98
6608.19
6618.35
6638.53
6640.11
6631.22
6644.38
6670.05
6676.35
6671.55
6683.8
6705.87
6739.82
6780.68
6809.65
6831.63
6876.38
6934.62
6976.42
7008.38
7058.31
7119.05
7160.71
7190.78
7257.16
7345.78
7432.78
7518.8
7608.76
7701.17
7785.35
7864.37
7939.42
8011.95
8109.72
8223.61
8324.07
8415.88
8503.26
8587.78
8669.22
8748.64
8793.99
8816.86
8853.36
8898.92
8909.42
8896.44
8919.99
8968.25
8984.53
8979.04
8998.42
9034.88
9063.43
9086.51
9120.36
9161.72
9188.24
9204.32
9242.09
9295.24
9333.36
9360.73
9396.46
9438.22
9464.07
9478.36
9496.16
9516.54
9533.82
9548.8
9579.08
9620.74
9651.33
9673.6
9722.56
9791.69
9825.28
9831.78
9845.73
9865.41
9892.52
9925.39
9945.58
9955.87
9988.52
10038.8
10083.4
10123.5
10154.3
10177.4
10207.8
10244
10242.3
10209.8
10203.5
10218.6
10238.1
10261.3
10284.1
10306.7
10334.2
10365.7
10404.9
10450.6
10492.4
10531
10574.5
10622.2
10635.8
10619.8
10628
10657.3
10672.7
10675.9
10693
10722.3
10765.5
10820.9
10846.7
10845.7
10825.1
10786.7
10797.2
10852.3
10862.9
10832.5
10823
10833
10833
10823.9
10832.5
10858
10856.6
10829.7
10829.9
10856
10885.5
10918.2
10944
10962.8
10994.2
11037.7
11087.9
11144.7
11183.9
11205.8
11262.6
11354.5
11415.7
11445.7
11499.7
11578.5
11668.9
11771.3
11855.7
11921.4
12010.7
12124.7
12222.9
12304.6
12406.1
12528.8
12622
12683.6
12796.7
12965.2
13107.6
13221.5
13305.9
13358.2
13421.2
13496
13582.2
13681.1
13751.1
13788.8
13830.9
13877.9
13923.7
13967.9
13996.5
14007
14032.5
14075.3
14094.9
14087.4
14098.3
14130.6
14144.3
14135.8
14107.8
14056.6
14027.3
14024.4
14036.8
14067.9
14109.6
14164.2
14180.5
14149.4
14129.8
14124.5
14108.6
14079.5
14069.1
14082.5
14118.7
14184.1
14205.6
14170.8
14161.3
14184.6
14218.8
14267.1
14295.2
14296.4
14315.3
14357.3
14418.5
14505.1
14547
14528.9
14544.2
14605.2
14646
14659.3
14654.7
14625.6
14609.3
14611.1
14609.9
14604.3
14577.5
14520.9
14460.3
14394
14318.4
14229.4
14144.2
14064.4
13961.8
13826
13686
13539.6
13403.4
13282.3
13172.4
13079.2
12970.8
12839.4
12699.4
12546.3
12406.3
12286.6
12163.3
12034.3
11902.9
11767.6
11636.4
11511.4
11379.6
11236.9
11132.9
11090.5
11028.8
10935.9
10849.2
10772.7
10704.7
10650.6
10612
10598.8
10592.7
10598.3
10599.9
10594.9
10591.2
10589.5
10599.7
10630.4
10669
10721.2
10745.8
10722.2
10715.4
10738.1
10763.8
10794.8
10802.3
10768.3
10753.6
10773.7
10804.9
10856.2
10899.5
10927.9
10945.6
10943.4
10958.2
11004.6
11041.5
11060.8
11081
11103.1
11125.5
11148.6
11172.3
11197
11223.8
11254.4
11281.5
11301.9
11316.4
11319.3
11313.1
11289.1
11273.5
11275.1
11287.1
11320.2
11340.2
11333.5
11312.2
11260.9
11222.9
11213
11202.4
11190.6
11158.2
11081.9
11032.1
11038.8
11033.7
11002.9
10971.3
10937.9
10901.7
10859.3
10813.3
10759.5
10712.8
10681.6
10634.6
10551.6
10477.9
10424.9
10366.5
10295.6
10228.2
10169.1
10107.3
10039.4
9972.88
9909.84
9842.92
9766.69
9708.94
9695.75
9678.69
9652.22
9634.53
9638.42
9651.81
9688.78
9709.96
9691.58
9702.36
9786.98
9856
9885.17
9919.73
9968.18
10027.6
10115.7
10203
10288
10373.2
10458.8
10533.9
10580.5
10643.7
10751.7
10855.3
10946.8
11035
11114
11186.1
11239
11285
11311.6
11359.8
11469.2
11561.4
11604.3
11641
11660
11685.3
11728.9
11754.5
11726.6
11694.8
11651.8
11627.4
11659.9
11678.6
11655
11618.7
11543
11477.3
11443
11410.9
11385.6
11352
11291.8
11238.3
11206.5
11169.4
11114.7
11066.9
11041.8
11003.5
10921.4
10851.1
10820.9
10782
10713.2
10656.2
10640
10613.7
10552.2
10502.6
10495.5
10489.5
10487.3
10470.1
10398.7
10335.9
10304.9
10285.4
10309
10322
10295.5
10267
10230.4
10200.2
10194.6
10179.5
10127.1
10088.6
10104.3
10110.3
10078
10052.8
10056
10038.7
9937.46
9856.43
9858.63
9856.08
9833.7
9809.18
9775.62
9737.29
9678.55
9626.65
9604.47
9579.68
9543.42
9503.75
9448.9
9395.07
9345.82
9295.99
9243.54
9191.18
9139.24
9081.99
8999.87
8922.28
8866.23
8803.09
8705.69
8617.24
8572.69
8523.39
8450.57
8378.65
8311.31
8248.02
8205.36
8158.76
8091.73
8026.35
7969.71
7909.2
7828.08
7745.42
7654.41
7574.11
7552.73
7527.63
7481.78
7431.85
7358.82
7295.09
7284.9
7266.89
7203.15
7141.37
7091.22
7042.75
7004.39
6961.42
6890.19
6829.46
6834.26
6832.78
6791.52
6746.74
6679.31
6612.88
6553.04
6499.67
6489.48
6477.06
6449.49
6426.28
6433.28
6435.95
6408.28
6382.44
6369.76
6358.03
6353.34
6349.48
6351.88
6353.56
6349.76
6342.01
6303.75
6276.15
6332.49
6380.28
6359.3
6340.31
6337.61
6333.82
6320.93
6309.05
6305.76
6302.02
6294.43
6290.13
6315.21
6335.97
6317.49
6300.38
6296.09
6294.05
6313.53
6330.95
6328.25
6325.22
6318.82
6314.69
6333.67
6349.51
6332.43
6314.99
6293.81
6273.82
6266.82
6257.7
6224.53
6189.18
6128.44
6070.45
6045.27
6018.62
5973.86
5929.31
5887.25
5845.45
5807.09
5768.56
5727.7
5686.59
5642.03
5597.6
5554.94
5511.95
5464.1
5417.35
5387.38
5358.52
5347.13
5332.34
5262.11
5193.43
5151.07
5108.72
5066.46
5025.89
5016.1
5004.17
4951.62
4899.72
4860.66
4820.83
4765.19
4709.67
4656.92
4604.6
4561.84
4518.72
4467.07
4415.39
4362.74
4310.11
4258.06
4205.57
4140.74
4076.19
4020.24
3964.39
3911.34
3857.98
3794.15
3730.6
3677.85
3625.21
3576.55
3527.41
3457.18
3387.39
3338.23
3289.23
3247.77
3206.09
3151.75
3097.51
3050.55
3003.76
2969.09
2934.2
2878.45
2822.72
2768.88
2715.13
2675.67
2636.05
2565.42
2494.76
2412.84
2330.9
2233.1
2135.29
