45.757353
38.056626
33.581988
35.348465
31.954114
39.531857
42.090742
42.400000
37.042780
41.101664
41.305106
38.532378
33.752025
35.207726
46.184150
49.768775
45.533987
42.452679
42.736933
49.836841
54.803484
48.036729
47.726019
44.373794
52.362164
53.116320
50.296734
54.704121
57.362995
56.000000
55.921612
54.286477
52.227747
54.604815
59.075623
65.729835
64.976169
63.438708
59.834409
74.247379
74.639644
70.806148
64.806614
62.158165
68.643415
72.458732
75.764754
76.610345
69.890838
80.512673
89.671683
88.810903
87.855758
97.493930
101.568141
107.182570
108.981341
118.438233
126.418731
139.929981
149.855162
160.538034
178.202945
194.382241
207.538316
229.176412
254.846036
278.434711
309.750443
337.308160
370.295729
413.100316
435.591559
478.341464
506.335793
555.508496
594.772622
639.517589
691.882850
740.259164
789.773684
838.684421
886.116274
943.422566
1002.535330
1032.068045
1084.242162
1139.362669
1209.222406
1250.134737
1290.223421
1336.462881
1366.995188
1397.444444
1439.470470
1467.362331
1486.026610
1507.194211
1518.893929
1543.918346
1541.128644
1568.024286
1563.229023
1576.019812
1574.694643
1558.414426
1568.521278
1577.308421
1562.452914
1581.128814
1585.341992
1567.175714
1561.446842
1576.616842
1593.827820
1584.963665
1585.020264
1592.591541
1606.513220
1584.062462
1581.771955
1604.413691
1622.333271
1622.253477
1622.185263
1621.698060
1595.797293
1551.613684
1545.325263
1539.134605
1497.110904
1494.294323
1484.314501
1445.856109
1411.267307
1412.388647
1396.638195
1415.517345
1390.982481
1384.683158
1372.256410
1375.934501
1365.576391
1353.423872
1364.636328
1365.387105
1352.910339
1367.676410
1374.283898
1364.363609
1371.755583
1344.760075
1340.226617
1326.467797
1317.217425
1313.526692
1294.553759
1288.036497
1260.553872
1243.649549
1222.251846
1197.617237
1174.463390
1151.955714
1147.322575
1127.199925
1112.333571
1082.635940
1078.734944
1080.170791
1068.595940
1067.986786
1056.583816
1036.057288
1028.049925
1042.911673
1034.981017
1037.742632
1047.275480
1034.071128
1033.908008
1040.975301
1031.802086
1021.214398
1021.034962
1007.222486
987.742722
966.638143
958.392301
933.443590
914.538882
893.871263
878.458526
864.997895
849.216864
842.052602
833.562534
807.945528
795.971286
783.580429
756.565199
740.197030
710.962861
671.775102
630.103254
591.870827
559.409556
522.794970
487.000026
466.115000
445.165819
421.326464
399.956308
379.672188
370.299679
356.910256
352.428789
331.655900
325.685162
324.399670
319.029789
339.113900
340.659723
365.569778
384.442947
411.510750
453.894179
499.272278
555.928214
627.048746
714.676560
839.303203
944.104724
1079.728814
1228.690677
1394.949718
1555.450902
1700.681391
1836.254388
2016.874887
2152.652500
2285.030526
2390.521638
2495.846241
2620.180526
2715.000979
2798.600564
2932.298682
3061.321579
3164.516667
3295.413722
3406.971955
3564.669436
3719.412669
3829.559981
3969.123684
4109.055996
4235.778158
4333.740245
4459.870451
4610.662801
4739.099831
4857.171729
4999.333503
5159.318252
5284.769755
5409.536015
5499.663853
5606.234586
5728.558271
5827.252994
5904.195658
5971.538945
6022.952632
6109.510904
6124.761222
6110.584361
6133.720075
6143.450150
6145.469435
6178.708158
6170.687801
6180.602820
6186.317068
6165.830000
6128.681353
6124.017458
6090.312857
6012.082951
5916.112632
5838.860000
5777.693684
5685.446635
5601.756045
5548.651917
5515.562241
5518.738308
5512.618947
5522.292825
5519.640075
5567.508910
5637.643271
5704.310264
5778.942462
5865.966466
5927.197368
6032.556842
6166.787801
6254.633872
6351.605480
6465.583835
6569.123540
6678.630376
6754.580959
6803.757363
6870.852632
6916.250564
6961.128910
6987.324915
6952.403008
6939.664492
6937.710263
6903.452632
6906.808927
6851.735320
6812.443578
6763.576541
6686.660452
6632.307820
6568.600564
6549.492618
6500.683383
6443.847951
6410.784361
6355.932486
6310.869586
6258.746316
6272.012632
6232.832500
6236.249096
6224.558872
6173.848418
6165.522594
6156.583126
6121.447970
6120.039305
6083.849153
6000.726241
6042.979812
5997.997857
5964.280584
5958.727970
5897.689849
5863.332237
5841.525263
5785.773785
5723.674154
5684.745706
5632.677594
5554.239058
5459.932368
5381.701955
5329.216391
5233.112049
5139.922373
5057.747707
4991.956836
4884.801222
4844.258192
4794.107895
4740.587368
4651.198701
4599.831955
4547.069492
4486.302086
4433.807797
4388.544511
4342.307274
4284.236654
4234.027105
4214.234350
4148.437124
4125.740677
4072.596165
4053.887910
4040.525921
3996.883947
3971.743409
3961.734643
3969.319473
3942.711955
3937.537514
3954.519981
3952.704211
3941.978496
3932.578647
3924.965913
3891.491203
3897.658252
3920.315631
3926.374436
3937.774474
3898.980526
3932.057797
3919.772707
3937.239229
3924.343064
3918.733120
3908.723571
3877.183947
3859.285047
3834.827143
3775.274407
3730.039436
3684.715000
3607.111959
3588.787068
3530.819868
3505.871579
3442.934463
3395.459812
3392.795789
3335.713233
3272.800977
3219.206309
3167.433459
3115.012109
3048.177068
2991.132542
2966.462970
2908.891147
2826.961017
2740.051654
2728.881579
2634.651711
2569.512222
2504.028459
2405.336278
2351.326635
2287.109248
2212.826102
2149.291823
2088.101695
2028.339474
1980.614539
1927.387650
1854.274737
1820.143465
1745.591391
1709.957966
