98.919211
111.206844
108.407030
113.731838
120.940881
124.660566
114.686305
131.940271
135.752390
150.719415
150.276906
146.426863
152.136639
165.553503
175.651820
183.268559
202.662684
199.575105
202.323241
221.387748
237.695392
243.163767
249.011524
251.757923
265.796169
274.644989
287.131549
292.168239
299.097827
315.626173
328.133192
328.985390
327.661132
338.446407
364.856833
372.929511
389.639812
398.340233
405.974872
410.696857
422.414881
432.948769
447.250714
448.162293
455.563929
465.560942
465.699008
467.870002
476.965316
481.444009
486.740556
517.710530
532.169746
529.254492
571.698557
607.252556
622.926772
647.510594
685.689207
714.985245
749.107981
785.009746
831.317227
880.771759
915.798105
966.998424
1030.896090
1071.156429
1123.973955
1189.141410
1245.170621
1313.469925
1360.171864
1419.196429
1480.254474
1559.327331
1620.235733
1694.887250
1794.056842
1875.298665
1943.626328
2025.665526
2104.482180
2211.426034
2318.796704
2426.474737
2523.340808
2622.853102
2691.510301
2766.067519
2860.109868
2942.266441
3011.239624
3059.750979
3099.248120
3159.330376
3213.091488
3230.176974
3260.735714
3306.809248
3312.270339
3312.171429
3347.902594
3320.188383
3328.928929
3317.801808
3312.738195
3309.422857
3318.041109
3346.073051
3354.855150
3351.946767
3367.277895
3381.788421
3381.941654
3395.373308
3400.288493
3411.184850
3461.616441
3498.643308
3529.258571
3586.657420
3629.726128
3693.850846
3732.273271
3738.823861
3737.946353
3749.218195
3715.907368
3672.731184
3655.556610
3598.123534
3595.798079
3597.144906
3601.014087
3575.117293
3568.193910
3570.430339
3584.534286
3579.706992
3586.331711
3575.079699
3568.363985
3560.441353
3580.483371
3596.331053
3596.537627
3622.994023
3626.393051
3636.609323
3631.584398
3660.267707
3708.886579
3651.657476
3626.450019
3618.315489
3630.410226
3593.428305
3579.598421
3550.958496
3529.100094
3517.762237
3499.353465
3488.941429
3472.149323
3448.292481
3453.756429
3437.838308
3447.480602
3430.897627
3396.742030
3399.027049
3396.233289
3357.436497
3367.725188
3379.157519
3357.086102
3361.471053
3376.167345
3395.382594
3428.184211
3397.441729
3416.272011
3403.165996
3407.584211
3422.621525
3431.954173
3428.188459
3439.898947
3418.440169
3449.422763
3431.945639
3450.028947
3486.775658
3496.663164
3495.265038
3508.843346
3546.982763
3562.421450
3552.408346
3529.391241
3518.486911
3457.810075
3405.846102
3378.862350
3302.092331
3255.168701
3192.002895
3133.799079
3071.047368
3018.496554
2982.353008
2944.791128
2912.176165
2889.540695
2860.651335
2822.158045
2856.021130
2869.534774
2874.900132
2863.361053
2889.649812
2965.279096
3029.818759
3083.218421
3157.200000
3230.542637
3315.439549
3414.609286
3525.946222
3664.463534
3782.923051
3936.905395
4101.061186
4273.571278
4411.573164
4552.179041
4688.414023
4845.707326
5006.904474
5135.794737
5278.836842
5376.365537
5448.199812
5555.201917
5671.932222
5768.219850
5876.412618
6005.541729
6142.107778
6327.387274
6517.951466
6711.023722
6935.611861
7135.630056
7346.656767
7547.030752
7712.766579
7914.438493
8101.675789
8273.403835
8474.343729
8653.260977
8818.492072
9065.491278
9224.804426
9413.513647
9613.469868
9741.522556
9884.967368
10068.391525
10197.500000
10285.261017
10416.728947
10509.383992
10582.496617
10604.591729
10624.168421
10674.037030
10672.195480
10663.111654
10670.083459
10622.502256
10637.545865
10649.542857
10565.449812
10507.783239
10452.207143
10354.074060
10220.011842
10111.400000
9978.481203
9822.467707
9698.946629
9603.163872
9498.503992
9432.760395
9454.547669
9440.661017
9509.501109
9531.604248
9636.527857
9717.777420
9860.769699
10026.909173
10163.168421
10295.250000
10466.240977
10677.208647
10863.558757
11043.703571
11237.924859
11395.566917
11507.516541
11570.707533
11659.932331
11704.962406
11757.043797
11767.650847
11767.234586
11739.118045
11705.748684
11682.573684
11615.958945
11591.993045
11514.425989
11385.602256
11288.294350
11197.251128
11093.011278
11000.073635
10943.042669
10860.208835
10787.454887
10733.432392
10677.412594
10601.128195
10591.884211
10551.511842
10522.665160
10507.775940
10445.665160
10426.971805
10394.717702
10324.252256
10310.986842
10262.481356
10208.536842
10166.040113
10109.214286
10082.216384
10038.825564
9970.465744
9907.952500
9812.612105
9724.654068
9651.886692
9543.735744
9456.477556
9335.365556
9185.065583
9071.498496
8947.128271
8838.290489
8708.940452
8547.328158
8448.852203
8318.899887
8198.182637
8047.407368
7920.760789
7859.923804
7782.280188
7678.864576
7577.671936
7483.740847
7379.780977
7301.060865
7259.269023
7185.304135
7117.995028
7038.250902
6924.345113
6885.709023
6826.425254
6763.998553
6735.738684
6687.010264
6685.771729
6679.010188
6679.268120
6671.897571
6668.026071
6670.207256
6671.238045
6689.462782
6702.388117
6723.489248
6664.745940
6686.810904
6694.392256
6643.295789
6669.881711
6659.918814
6672.681203
6719.548759
6717.590056
6676.019699
6665.766429
6617.422594
6531.804105
6506.731429
6466.168192
6367.948214
6279.170714
6217.575782
6099.685771
6014.728421
5939.346316
5859.034087
5782.949605
5711.821128
5645.507820
5584.055451
5489.305122
5398.955338
5317.111525
5224.595282
5154.057778
5071.292218
4987.613835
4905.084915
4796.136541
4682.293684
4574.528158
4453.610527
4317.381391
4218.182105
4094.794699
3994.951955
3884.383051
3756.268553
3633.293955
3529.426353
3439.825122
3337.976147
3251.515263
3196.689680
3097.673402
3003.023107
