143.432000
143.182729
136.666273
149.323605
148.844695
146.807592
143.218051
158.288165
164.626704
169.246836
177.713041
184.060563
191.293538
203.596492
208.727857
210.417927
226.624592
233.543868
243.198925
247.671536
259.053704
267.701594
267.372277
281.557211
283.893492
301.936455
309.619203
319.605429
324.736278
332.259422
339.887671
342.574729
361.378026
369.822271
378.980878
385.097444
408.211288
416.848709
424.674695
435.056286
424.683264
444.628246
462.453714
461.315955
467.728179
476.393561
472.196748
475.899940
496.412934
505.169580
510.546977
533.625707
555.936701
562.606098
577.779883
608.980998
632.872729
677.786060
720.774043
746.657544
792.583184
825.223627
851.114494
908.094759
972.077316
1017.884471
1063.758703
1126.260150
1197.193202
1261.880902
1324.901977
1412.341203
1491.468588
1569.563346
1666.448985
1763.269286
1816.595414
1896.614011
2011.301955
2117.890282
2224.806384
2340.522895
2444.295150
2549.272951
2661.408606
2780.003609
2915.944041
3021.471936
3143.561955
3267.329098
3355.275677
3418.818475
3497.802406
3575.114068
3639.193365
3678.195150
3718.274595
3784.698816
3828.199286
3849.077820
3875.973164
3865.894286
3897.610902
3903.923910
3892.446429
3876.697458
3892.024812
3912.327068
3905.136184
3892.828588
3909.411504
3933.432049
3928.343947
3923.152105
3941.823233
3945.661109
3968.070169
3990.911767
4020.840000
4051.685658
4088.348271
4109.508531
4140.669549
4207.197368
4188.756541
4204.707345
4214.593872
4228.764211
4201.967368
4134.091842
4101.666252
4062.623609
4012.176309
3993.685996
3984.721864
3952.869098
3921.970865
3955.491243
3932.496692
3922.462763
3938.058402
3904.878475
3879.686917
3889.135883
3902.941902
3914.256053
3935.310339
3949.321523
3937.466949
3930.459248
3948.489342
3958.103609
3965.555414
3954.466629
3907.886184
3906.394586
3875.005113
3838.669548
3818.101842
3767.631203
3741.660640
3731.256184
3701.906045
3675.112857
3639.714474
3595.070376
3568.741429
3574.463346
3545.099737
3525.114256
3532.526692
3519.194549
3515.033759
3481.659190
3471.758571
3452.742425
3429.152373
3417.341579
3416.706742
3448.670150
3483.755038
3459.619135
3476.096147
3476.218327
3463.205263
3443.261412
3435.763947
3437.704060
3420.232895
3424.286109
3447.937876
3435.694962
3453.750000
3457.825526
3444.526554
3443.133346
3443.910056
3455.890489
3449.755122
3426.442556
3391.695338
3359.042298
3316.479549
3267.855254
3195.696485
3105.309774
3048.389360
2959.555977
2895.353684
2849.883421
2792.075631
2736.926936
2704.916090
2676.377143
2636.619079
2629.338308
2624.331617
2610.543390
2610.426391
2620.904783
2643.181579
2683.702105
2725.487684
2773.703571
2842.757368
2925.647500
3012.211657
3111.005865
3230.932500
3364.168515
3514.218647
3690.795932
3862.100094
4065.920508
4265.520075
4517.787213
4713.605357
4922.312331
5131.249887
5344.962744
5571.399474
5769.484737
5972.115593
6117.214981
6227.279323
6387.640282
6564.081504
6745.534727
6970.436692
7144.253333
7371.636541
7606.642556
7841.297782
8128.649624
8440.472750
8670.768421
8902.927632
9158.160789
9429.366704
9680.801203
9933.533383
10199.737288
10466.628571
10751.433898
11023.382519
11262.591337
11499.494361
11690.590602
11882.444737
12065.055639
12303.957627
12458.440602
12598.271751
12753.234211
12871.093785
12924.081203
12963.336842
13005.062406
13016.914662
13017.447458
13028.899624
13004.750376
13014.451692
12976.084962
13000.128571
12941.597556
12862.024670
12742.564286
12647.527632
12477.327632
12342.700000
12177.236842
11986.878571
11829.148964
11678.374436
11562.317514
11538.717105
11516.542105
11500.461017
11576.897556
11608.005075
11704.231955
11815.521092
11978.155451
12152.566165
12332.247368
12557.855263
12728.565789
12945.391353
13147.709605
13375.304323
13619.451036
13789.196241
14004.790038
14080.332957
14149.633835
14245.739474
14294.550000
14349.755932
14310.996241
14269.518045
14242.713158
14181.723684
14048.704143
13942.860526
13876.204143
13804.491729
13728.524859
13613.140226
13447.621805
13349.419397
13289.471053
13245.539662
13163.456391
13049.263465
12986.805451
12868.979323
12839.389474
12772.546053
12771.897363
12728.548120
12647.306780
12617.894361
12575.764030
12478.416541
12423.738158
12428.635593
12394.119549
12350.660640
12274.935714
12201.899058
12137.805263
12056.669303
11963.147368
11885.457895
11804.342373
11698.256579
11560.074953
11430.074060
11308.037100
11139.364474
10931.121805
10767.248120
10653.899060
10481.622034
10257.077068
10142.966102
10025.188534
9847.968192
9728.367895
9665.408553
9502.485480
9358.958947
9229.420339
9112.312989
9043.966271
8968.044361
8851.202632
8733.873233
8631.049511
8561.596290
8437.456898
8350.268872
8262.120752
8210.794237
8180.590658
8148.420789
8092.994539
8055.380677
8023.603371
8022.706165
8028.517853
8038.192744
8042.667707
8032.527256
8039.110094
8046.391488
8057.397744
8084.761880
7987.272957
8009.414248
8016.868947
8029.762895
8032.893559
8053.037368
8078.379492
8079.637086
8051.856579
8037.042143
7984.648271
7891.936008
7833.448571
7782.692090
7715.209624
7541.647857
7499.938908
7371.962425
7204.420000
7126.319474
7058.763258
6952.458252
6878.236429
6758.865376
6667.199643
6580.973145
6479.099398
6403.932731
6310.613327
6174.677740
6093.404286
5980.118534
5864.463898
5740.225188
5603.210000
5443.329211
5312.684181
5177.165000
5018.162594
4873.024229
4731.183985
4621.881243
4513.053064
4387.941638
4257.077632
4133.209303
4031.541222
3905.644662
3818.016271
3719.634624
3611.153559
