12.365342
19.616140
11.193960
23.849682
18.513131
27.543056
23.020524
18.234720
19.806198
16.820600
22.037162
24.739310
27.047875
31.400000
32.876564
35.640976
37.398183
39.768495
36.981745
29.548674
40.188312
46.616514
47.550746
42.868590
55.245333
50.015129
46.307538
57.608342
66.723825
57.017017
54.235637
64.787027
62.019629
72.620681
69.217400
67.430738
70.889067
69.892353
77.856049
77.305857
82.350023
82.057908
95.513686
95.464817
89.166339
89.347749
86.427879
82.796374
88.610447
90.905450
90.327253
94.741052
96.428053
107.955767
109.331096
105.474643
110.690849
118.057692
123.206801
130.201550
140.079786
141.291610
145.074233
154.431068
159.205158
172.632437
188.750248
193.820722
195.560126
213.446523
222.210345
226.963789
241.412463
237.060632
250.933346
260.002906
266.699985
286.285755
297.661526
307.749492
325.640153
329.089158
339.012602
360.715615
377.621503
393.298789
401.582677
415.995914
427.405767
441.717594
448.094269
456.613068
466.568165
478.143665
484.213750
486.885944
494.830266
504.144289
505.025821
506.651586
516.116819
500.018429
495.240966
498.597605
498.307464
499.325934
492.522391
488.848180
490.745442
500.286571
505.051259
500.398585
497.282303
499.294000
501.281113
500.469201
494.930094
507.231556
506.924441
504.576327
512.178654
511.146448
526.430716
540.249447
553.637049
554.540009
546.800216
541.248519
545.688684
546.739066
530.029574
513.344526
512.993716
517.953906
519.099825
523.360308
516.046182
507.707893
508.128271
512.013620
500.107991
508.976766
509.364489
498.785996
500.266780
512.215316
517.787729
513.497720
506.032780
504.023759
507.674483
511.624464
515.829214
501.672738
505.934515
506.886744
499.208925
490.749638
478.689368
483.535034
485.476702
480.322908
481.441663
478.158286
471.239664
470.276724
448.016643
468.465026
466.944797
468.049772
463.977541
453.543714
463.895081
453.847305
449.947996
454.405321
449.717949
448.137579
454.300200
456.576746
455.390613
454.456195
455.045436
450.017021
452.042699
448.067831
447.259744
454.409248
444.822383
454.014205
459.105466
463.012218
465.934684
459.579171
457.091791
455.236782
455.255402
471.091135
465.448299
465.127992
460.418867
453.783177
457.217767
458.372068
434.950607
435.773902
417.604851
409.464338
400.169066
401.951079
398.601087
392.038429
389.419090
379.025271
379.642017
376.991034
376.502462
378.385497
368.151968
378.839861
363.034241
369.561581
384.324751
390.098477
387.436842
390.644250
404.616454
419.584602
424.865393
431.391150
449.727079
461.015254
477.559182
488.247966
507.208722
522.376269
536.217002
541.320083
543.249507
562.121836
568.308382
582.429158
597.620746
599.618336
607.190233
623.230623
630.501476
636.138222
637.966857
653.773333
661.485571
679.287801
689.557669
717.952216
748.061589
756.406211
773.556002
791.906895
816.527490
829.494451
842.875118
866.508220
881.789699
891.172578
905.371992
928.403927
946.275038
959.424382
963.875190
979.568398
986.573305
993.807492
992.516765
998.243289
1011.722693
1028.315508
1040.790526
1031.593233
1021.428891
1033.315367
1022.439925
996.866553
1026.387237
1016.075113
1010.274286
1001.122545
994.851418
989.381929
965.704803
949.802237
942.820000
936.428752
933.187744
911.752757
884.115586
876.010559
869.532132
868.178451
873.732768
871.525910
874.574523
894.836286
910.445635
934.349331
939.476489
937.517947
951.817934
962.585387
971.479195
982.115090
996.191861
1011.475989
1026.103459
1050.699850
1067.464049
1056.920226
1067.155752
1083.977989
1086.364576
1075.857820
1066.327481
1062.991842
1051.631316
1038.615273
1030.404436
1022.466290
1020.630301
1011.536949
992.596846
986.163579
973.858175
963.796570
960.227806
941.838090
947.381802
940.981310
933.562763
917.786658
908.067184
917.085286
913.131391
911.427309
911.979780
906.873721
899.385414
888.187043
881.470508
881.514985
877.741409
884.358821
870.604390
866.078226
868.027644
850.380855
832.513421
822.120345
827.234288
818.629653
791.435835
790.502631
785.797361
755.505316
753.080053
742.390224
721.425367
728.629008
702.062712
712.677791
687.976458
680.405684
675.881934
656.028908
642.933538
624.919864
629.854220
633.510678
618.772504
605.153335
603.029509
606.792094
582.535938
574.119160
567.238895
563.323842
562.462254
561.952816
556.609605
546.296516
542.350773
537.345915
543.743850
547.406531
544.143017
539.788887
543.162485
551.279987
539.225171
547.505887
523.927506
522.135021
527.829722
527.621105
530.216737
526.234949
536.596541
538.343177
542.377109
535.611365
535.312643
538.327299
527.229567
519.312857
514.617356
497.424102
500.792429
495.742544
480.052782
480.638039
462.121368
460.270266
461.953955
450.223530
447.548135
434.537573
423.629320
421.076744
417.526712
410.839425
398.547433
385.969008
379.188472
375.827525
356.865023
344.713368
352.459921
343.192981
327.565662
315.723242
300.913361
309.509842
295.922452
283.894961
277.627893
263.811180
261.558573
253.010071
239.961594
241.116409
222.568776
228.459345
