31.556347
29.704949
29.073111
33.931727
30.298002
24.766201
30.117585
24.297013
25.585342
31.442618
32.714414
30.698517
28.250698
26.547434
26.574166
29.421390
34.900893
36.740553
34.785867
36.525444
41.887153
31.707774
48.037071
38.200531
28.903903
33.884408
41.440954
40.215874
41.197835
43.895481
41.467108
39.374542
40.749408
43.293924
41.398389
44.233292
50.594761
41.486729
41.472765
51.056657
48.394066
44.732028
52.454686
50.390423
55.021596
58.046909
56.532706
57.335013
55.925424
60.863046
55.927125
65.054626
61.347664
68.117075
73.086813
85.561704
74.018213
86.749755
93.194137
101.310754
102.835726
112.955644
128.310258
143.179053
161.949684
169.612412
180.384908
208.055598
233.918501
248.338355
267.178407
309.997677
336.499576
356.758891
390.335669
428.960331
466.601758
506.154991
537.085729
573.810690
628.011412
684.831842
743.825139
789.473318
837.974301
880.822226
940.240201
981.203539
1037.769248
1078.337519
1108.042914
1156.458136
1203.444436
1244.039868
1273.086635
1303.089624
1326.239548
1338.227368
1366.663929
1384.491579
1390.246497
1380.973929
1393.882782
1406.943421
1424.067500
1416.942486
1432.552857
1418.130150
1421.719023
1428.221921
1442.604586
1442.368816
1436.807632
1449.438947
1455.374511
1456.581598
1466.309925
1468.850940
1462.558814
1473.381203
1480.520000
1468.718682
1482.961880
1487.351165
1473.932895
1471.532919
1476.647086
1466.314060
1457.354211
1433.335921
1388.688493
1380.860677
1370.925518
1346.830414
1334.184087
1330.139173
1303.812876
1280.007740
1290.401579
1271.529868
1285.558496
1269.608606
1257.462030
1261.515602
1268.236855
1267.530263
1256.121017
1248.798628
1256.815932
1253.661955
1244.148571
1260.719248
1255.087293
1245.403672
1240.604305
1228.427368
1217.499549
1207.256836
1198.473496
1168.255602
1149.630753
1129.181316
1098.635254
1085.647143
1071.490996
1056.242726
1043.664286
1015.060902
1021.675451
1011.856610
980.741421
965.137812
961.451276
944.695550
944.800481
943.748910
936.663169
935.660000
938.486405
938.971246
936.113951
928.762090
925.260412
912.944692
915.720827
892.382938
874.491981
880.360406
860.581797
848.980707
842.039626
806.382271
794.424737
792.188763
771.823881
754.916759
739.810803
710.398558
705.575299
700.807368
680.870756
651.063241
624.960004
587.811339
553.548650
504.653586
485.859281
453.759853
432.800039
403.924632
373.116716
358.441068
336.898624
307.098278
301.221957
291.686325
281.923143
270.469435
260.738801
264.146407
249.792195
260.772321
268.052599
272.480699
287.451026
304.772000
337.473456
374.002248
418.577107
480.879987
545.268252
634.292881
729.731135
860.062119
980.557060
1121.423390
1265.999286
1429.934586
1604.924444
1743.921786
1908.871053
2077.551053
2214.224915
2351.266466
2486.784586
2599.342731
2720.197068
2845.213352
2930.048496
3073.205556
3186.732350
3346.794398
3491.775075
3614.918947
3757.908889
3917.327143
4064.008496
4247.211842
4402.315725
4531.853271
4677.095226
4819.134915
4949.546241
5098.014049
5242.910752
5361.423974
5492.651654
5635.528684
5753.406316
5871.184812
5983.493559
6061.855320
6177.842750
6258.203158
6329.973390
6403.008158
6444.383534
6474.392030
6527.638102
6567.357966
6559.343271
6567.769680
6580.369756
6565.617293
6572.598571
6543.030320
6527.041092
6477.140000
6488.383647
6419.309605
6347.870000
6285.959398
6220.556147
6137.586177
6066.628571
6053.639473
6031.123609
5956.784135
5973.254859
5954.492556
5998.225827
6058.787895
6098.488814
6151.664417
6236.192180
6301.152105
6392.915526
6479.908947
6587.869737
6689.319831
6777.482462
6889.153427
6981.221429
7037.405094
7160.754840
7224.731391
7241.760977
7283.629624
7312.368814
7332.250602
7340.134831
7332.441842
7302.002632
7260.000829
7204.971241
7149.638117
7110.724662
7065.821356
7022.183496
6987.283120
6892.206347
6833.008759
6815.328102
6740.218421
6724.761036
6692.397744
6660.756579
6595.881579
6575.794737
6526.830226
6484.835038
6491.215028
6495.639586
6477.191299
6454.055526
6414.398553
6375.886949
6390.754887
6344.218192
6317.373571
6259.820452
6250.847556
6195.381168
6151.892895
6142.648421
6084.048531
6020.334492
5968.040584
5914.671090
5844.520697
5762.933158
5703.293985
5656.997895
5563.479549
5445.398814
5376.335376
5348.131751
5227.436165
5172.467006
5076.997368
5009.779079
4949.233785
4859.963008
4798.284746
4754.610902
4692.345424
4634.271053
4577.860320
4518.051485
4481.963045
4408.452787
4368.257556
4330.881654
4346.001203
4245.167684
4231.636711
4215.206842
4197.571507
4146.078703
4117.521469
4116.888271
4107.141582
4113.350733
4142.561992
4138.517932
4101.311316
4092.807024
4091.662632
4109.548045
4099.197872
4117.972820
4150.740263
4114.910263
4086.183220
4107.730902
4136.348327
4148.602575
4135.913233
4118.719286
4092.713759
4087.825593
4099.590000
4038.735537
3976.517838
3925.440000
3885.102335
3815.569229
3774.062500
3701.995263
3667.544388
3591.265564
3542.923158
3508.085150
3465.602744
3417.785593
3360.498120
3312.534878
3287.450038
3253.545198
3203.934286
3159.280019
3069.690000
3022.656692
2968.546316
2895.513421
2847.053974
2750.776090
2678.741523
2611.181090
2525.138120
2457.157740
2418.187350
2349.215311
2264.115263
2218.766083
2166.325526
2088.542857
2010.966309
1964.651786
1906.716667
