73.1996
72.3005
71.4013
70.7017
70.0024
73.1858
76.3826
74.7109
73.0125
67.1493
61.2551
68.7216
76.3141
71.9552
67.4596
70.7516
74.1483
73.8065
73.4069
77.6219
81.9177
80.8241
79.6253
77.1551
74.6576
72.2576
69.86
68.3389
66.8404
70.591
74.4872
72.7568
70.8586
69.8318
68.8328
67.3507
65.8522
67.4392
69.1375
69.7773
70.3768
65.3103
60.0155
64.3043
68.9997
72.8343
76.6306
73.7458
70.5489
66.4948
62.3988
64.101
66.0991
71.0377
76.1327
76.0213
75.6217
73.5217
71.3239
70.2573
69.2583
69.2
69.2
72.4857
75.9823
70.2043
63.8106
67.3264
71.5223
69.1878
66.3906
66.2
66.2
64.4349
62.5368
64.6249
67.0225
68.7726
70.471
72.5385
74.6365
74.8921
74.992
73.0697
70.9717
68.2317
65.4344
68.5865
72.2829
74.9746
77.5721
75.6127
73.215
75.0916
77.3894
73.6072
69.2115
68.3472
67.8477
65.7218
63.4241
60.3149
57.118
64.2669
72.5587
64.6028
54.8124
61.7718
70.6631
69.455
67.0573
68.2269
69.8253
70.7119
71.5111
75.5067
79.9023
76.6791
72.4832
74.3867
77.084
76.4298
75.3309
75.376
75.5758
76.5659
77.6648
77.7124
77.6125
77.4251
77.2253
76.7639
76.2644
82.8139
90.4065
91.2263
91.0265
82.6831
73.0925
79.4066
88.198
87.5889
85.4909
90.4489
96.5429
96.9707
96.4712
99.8262
103.822
104.144
103.844
105.505
107.503
112.904
118.898
113.859
106.866
105.8
105.8
116.022
128.11
125.027
119.133
128.795
141.383
144.826
146.524
145.461
143.862
143.85
144.15
150.531
158.124
163.555
168.551
170.395
171.594
176.267
181.661
187.221
192.816
197.834
202.729
200.561
196.865
206.524
219.111
227.53
235.023
235.503
234.404
245.751
259.937
269.254
277.446
282.4
286.596
290.146
293.542
301.612
310.803
316.458
321.253
336.952
355.334
362.359
366.555
370.591
374.587
383.916
394.605
400.849
405.944
419.354
434.939
434.961
430.865
445.209
464.49
475.832
485.023
490.215
494.311
508.809
526.192
529.532
528.932
538.294
550.483
550.405
546.809
561.254
580.935
596.599
611.085
620.024
627.317
639.681
653.568
659.023
661.92
668.487
676.179
696.378
720.455
718.67
708.779
711.407
718.001
715.514
710.119
713.63
720.024
728.224
737.016
746.408
755.999
763.417
770.111
778.672
787.863
794.67
800.664
817.431
837.911
855.279
871.563
885.63
898.917
906.528
912.122
931.318
955.394
978.371
1000.95
1018.33
1033.82
1060.02
1090.19
1109.16
1123.95
1153.75
1189.22
1206.52
1216.91
1248.8
1288.96
1312.21
1328.9
1361.37
1400.03
1427.31
1450.09
1481.22
1515.69
1560.4
1609.25
1637.45
1657.23
1683.1
1711.47
1742.88
1775.55
1791.89
1801.38
1852.07
1920.2
1959.78
1987.15
2013.83
2040.2
2072.77
2108.03
2150.86
2197.02
2244.84
2293.39
2327.03
2354.01
2394.88
2442.04
2491.18
2541.23
2587.72
2632.58
2684.46
2739.61
2782.17
2818.83
2860.65
2904.91
2968.11
3040.33
3090.58
3130.24
3165.66
3199.03
3229.45
3258.42
3293.21
3330.87
3361.67
3389.04
3411.56
3431.64
3455.36
3480.94
3509.36
3539.23
3557.63
3570.12
3578.87
3585.66
3583.41
3576.42
3583.34
3597.62
3615.42
3635.1
3639.27
3635.08
3630.1
3624.71
3633.57
3650.26
3641.66
3619.09
3621.13
3636.91
3630.52
3611.64
3608.11
3613.31
3625.05
3640.53
3647.28
3648.97
3661.22
3679.6
3683.44
3678.75
3699.78
3736.04
3741.84
3729.45
3745.19
3777.86
3806.11
3831.69
3843.01
3845.61
3861.98
3886.86
3909.45
3930.63
3975.63
4035.57
4069.26
4086.34
4120.32
4165.08
4185.7
4190.79
4194.5
4197.29
4187.1
4168.42
4177.07
4203.75
4205.94
4191.85
4181.89
4174.7
4163.87
4150.58
4152.15
4163.84
4145.44
4106.38
4093.17
4097.87
4110.39
4128.37
4135.62
4135.32
4139.47
4146.76
4149.92
4150.12
4155.89
4165.68
4163.61
4152.92
4144.36
4137.37
4137.33
4142.42
4154.74
4172.42
4176.63
4170.74
4174.06
4184.35
4191.01
4194.91
4220.32
4262.28
4284.65
4291.84
4281.99
4258.81
4251.17
4255.77
4268.27
4287.05
4276.36
4242.09
4236.59
4254.27
4257.51
4249.02
4247.23
4250.93
4246.09
4234.2
4225.42
4219.22
4214.06
4209.77
4215.43
4229.52
4233.25
4228.15
4225.8
4225.8
4214.02
4192.04
4195.88
4222.26
4231.52
4225.72
4232.96
4251.74
4251.37
4233.88
4232.85
4246.64
4256.71
4263.4
4261.69
4252.3
4240.47
4226.38
4229.13
4247.51
4253.87
4248.98
4252.97
4265.36
4276.11
4285.3
4288.78
4286.78
4287.37
4290.47
4305.97
4333.54
4353.75
4366.74
4372.8
4372
4378.15
4391.24
4399.24
4402.14
4408.07
4417.06
4419.52
4415.33
4435.8
4481.66
4510.64
4522.13
4542.36
4571.73
4590.45
4597.94
4624.62
4671.68
4706.76
4729.04
4755.55
4786.62
4799.4
4792.31
4810.96
4857.81
4894.41
4919.69
4927.75
4916.66
4927.23
4962.1
4977.97
4972.38
4973.13
4981.13
4994.51
5014.09
5015.38
4995.5
4966.4
4926.54
4896.6
4878.31
4862.27
4848.89
4831.08
4808.01
4797.71
4802.81
4794.23
4769.05
4755.96
4757.66
4756.85
4752.96
4741.67
4721.19
4709.13
4707.64
4709.18
4714.58
4708.76
4688.68
4677.84
4678.84
4692.38
4722.15
4744.59
4757.48
4761
4752.21
4766.32
4810.78
4854.94
4898.69
4930.1
4944.89
4970.61
5011.17
5043.54
5064.72
5082.88
5096.86
5108.18
5115.77
5133.01
5163.78
5198.78
5239.74
5273.9
5298.37
5317.48
5328.86
5353.64
5397.8
5439.23
5476.7
5516.42
5559.48
5590.55
5603.84
5629.46
5673.51
5704.78
5716.77
5737.08
5770.05
5793.43
5802.12
5815.41
5835.79
5867.18
5915.73
5942.17
5933.88
5943.15
5980.21
6018.04
6057.1
6097.85
6141.31
6193.83
6261.06
6329.55
6400.08
6472.04
6546.37
6617.66
6683.89
6768.25
6883.04
6985.88
7068.5
7143.37
7205.01
7280.67
7380.48
7482.03
7586.63
7675.83
7738.07
7812.91
7910.02
7997.1
8066.33
8155.14
8279.12
8389.42
8474.93
8560.91
8647.72
8740.06
8842.56
8946.42
9052.82
9149.45
9227.77
9304.78
9379.31
9444.9
9493.45
9550.68
9624.61
9695.21
9759.34
9819.67
9872.51
9921.16
9961.53
9999.68
10033.4
10061.4
10077.8
10095.9
10117.5
10130
10123.8
10120
10121.4
10123.3
10126.2
10124.8
10114.2
10114
10135.7
10143.1
10119.8
10103.6
10103.1
10095.9
10073.9
10036.9
9966.88
9907.43
9871.46
9832.85
9788.29
9738
9674.76
9617.55
9574.1
9516.24
9425.23
9333.92
9241.91
9158.86
9096.82
9047.8
9029.62
9008.52
8980.45
8957.38
8946.39
8942.26
8954.85
8963.13
8960.84
8972.19
9017.45
9061.94
9104.49
9151.21
9208.45
9267.3
9330.24
9403.89
9505.19
9592.22
9642.08
9699
9774.52
9857.42
9959.92
10060.9
10157.9
10256.1
10357.3
10451.8
10528.3
10615.8
10734.2
10830.5
10865.2
10918.5
11024.3
11103.3
11106.2
11133.5
11230.8
11303.4
11304.1
11311.5
11338.9
11351.4
11319.9
11289.4
11262.2
11239.2
11228.7
11210.3
11167.8
11131.4
11114.3
11086.6
11025.5
10971.4
10939.8
10912.1
10896.6
10870.3
10808.7
10748.8
10694.1
10648
10629.9
10604.1
10552.6
10502.7
10458.7
10419.9
10399
10370
10313.2
10259.1
10214.6
10171.5
10132.9
10103.7
10107.9
10104.9
10075.9
10051
10040.8
10029.2
10012.1
9993.04
9966.67
9943.9
9934.81
9917.27
9867.32
9822.59
9798.11
9774.99
9757.21
9744.14
9749.84
9749.97
9727.69
9705.67
9684.69
9662.56
9635.68
9614.4
9616.5
9603.33
9525.5
9463.76
9470.95
9466.5
9411.45
9359.66
9322.2
9284.81
9247.74
9203.71
9128.18
9062.67
9042.99
9011.7
8926.58
8844.01
8773.38
8706.09
8654.74
8596.13
8502.42
8413.64
8349
8284.25
8218.91
8148.08
8049.58
7960.46
7919.3
7876.2
7823.06
7766.91
7694.98
7627.01
7580.15
7532.83
7482.98
7429.7
7357.57
7290.44
7251.17
7212.45
7176.79
7140.25
7098.69
7060.47
7041.79
7017.34
6958.59
6901.04
6850.69
6802.96
6771.29
6745.63
6757.42
6755.66
6668.05
6595.27
6618.15
6629.88
6568.54
6511.23
6480.76
6452.81
6442.02
6427.57
6387.81
6356.28
6382.66
6403.39
6383.71
6365.15
6354.76
6345.49
6344.59
6341.81
6324.72
6309.7
6310.6
6315.32
6350.08
6379.07
6361.69
6346.31
6347.31
6345.46
6319.78
6297.01
6299.01
6300.42
6296.72
6295.44
6315.62
6333.29
6328.2
6322.41
6310.12
6302.01
6333.68
6357.55
6305.5
6257.89
6254.49
6251.85
6256.95
6262.39
6271.48
6276.7
6240.33
6203.99
6167.82
6131.86
6098.19
6065.76
6047.57
6026.71
5973.86
5923.44
5902.76
5878.75
5812.82
5748.35
5702.89
5656.82
5602.58
5549.53
5512.96
5478.23
5469.64
5458.33
5406.98
5357.44
5335.46
5311.63
5258.58
5204.72
5137.58
5073.33
5057.74
5039.66
4977.72
4916.1
4860.36
4805.79
4773.52
4739.76
4676.42
4614.13
4573.67
4531.52
4452.59
4375.83
4348.16
4318.87
4251.04
4183.99
4136.74
4088.48
4013.45
3939.81
3905.25
3868.61
3770.11
3673.18
3626.63
3579.52
3513.38
3448
3410.24
3372.46
3334.2
3295.44
3235.4
3175.66
3130
3084.85
3065.97
3046.03
2963.81
2882.39
2854.31
2825.97
2776.42
2726.8
2671.66
2616.51
2561.37
2506.03
2424.12
2342.11
2242.41
2142.71
2046.91
1951.1
1849.9
1748.7
