-7.99734
-2.10311
3.79111
.907208
-1.98995
.488891
2.98644
12.5385
22.1291
9.60616
-3.08141
4.6185
12.5108
9.04419
5.44771
1.35835
-2.73763
-.537238
1.76051
2.4873
3.18661
3.98391
4.78313
-.872032
-6.66635
-1.13932
4.655
1.68313
-1.51373
-.336318
.962409
1.29103
1.59074
6.05348
10.649
5.87243
.777424
.117884
-.381627
3.64155
7.83744
8.19206
8.39187
-3.1003
-15.0885
-6.13163
3.75868
6.10889
8.10693
5.34254
2.34548
-2.64769
-7.7427
-4.20572
-.209636
1.98788
4.08583
7.60075
11.1972
6.59225
1.49724
6.37406
11.8687
1.96729
-8.92204
-2.10541
5.88675
3.78238
.985117
-1.62556
-4.22301
3.60617
12.1977
8.34084
3.54554
2.82918
2.42958
4.06514
5.86337
9.50785
13.3041
8.25727
2.46294
1.35656
.657243
-3.43588
-7.83157
-3.71509
1.18011
2.33066
3.12988
4.47592
5.87455
5.27247
4.47325
3.4018
2.30287
4.9165
7.91356
7.47717
6.67795
6.14921
5.6497
5.95985
6.35946
3.707
.709933
2.5497
4.94735
6.09375
7.09277
6.12985
4.93102
5.42288
6.1222
3.27
-.0267697
-1.28592
-2.28494
-1.16245
.236178
-.305605
-1.10482
-1.64002
-2.13953
4.12225
11.3152
5.01572
-3.17626
3.05565
11.3475
5.77115
-1.82141
1.02914
5.42483
2.43996
-1.65602
2.65152
8.24604
2.51711
-4.97555
-2.29156
2.00423
4.75117
7.24873
3.22159
-1.87342
-3.02828
-3.52779
-2.14719
-.44885
1.59054
3.68848
4.93575
6.03467
4.6723
2.87406
2.09194
1.49253
4.69475
8.59093
6.84002
4.04276
2.25457
.656138
3.67184
7.56803
6.10756
3.61
3.1165
3.01659
4.83273
7.03058
3.4107
-1.3846
4.18442
11.8769
7.40968
.416538
2.50092
6.497
3.00131
-2.09369
-2.01442
-.815598
2.10388
5.40065
7.71654
9.81448
8.40603
6.20818
7.50831
9.60626
6.02352
1.12832
4.32879
9.4238
10.5615
10.7613
7.49682
3.40084
6.45773
11.253
8.59218
4.09659
4.23971
5.53844
4.4437
2.74537
4.38966
6.88721
6.84426
6.14495
3.70335
.80619
1.70098
3.59912
5.81247
8.11022
6.24178
3.24471
1.97271
1.17349
3.03361
5.63107
2.06493
-3.22988
-.430959
4.66405
7.50783
9.70567
8.03188
5.23462
2.05118
-1.24559
1.23573
5.43162
4.32517
1.62781
1.53655
2.23586
1.25319
-.24534
-1.97265
-3.77088
-2.67875
-.680711
.862131
2.26076
3.28104
4.18015
4.17357
3.87387
3.72472
3.62482
6.00267
9.19954
5.58163
-.312597
6.26672
17.0561
15.9262
10.7313
5.75928
.86408
1.45261
3.95017
2.01319
-1.48338
-.114897
2.98207
2.1091
-.188645
1.54629
4.74315
2.38247
-2.01322
5.18694
16.6757
11.9447
1.15529
-3.03315
-4.73149
.298034
7.89059
9.78356
9.48385
7.96098
5.96294
5.4
5.4
3.68257
1.28492
3.31182
7.1081
7.13248
5.63395
8.53569
13.2311
13.2552
11.3571
11.9293
13.5277
9.98807
4.29365
5.33737
9.23355
10.8199
11.4194
7.06316
.569528
4.02893
11.8213
13.9918
13.6921
10.9008
7.00462
9.59579
15.0904
15.6989
14.1005
19.1584
27.2505
23.9153
15.3237
13.0094
13.6088
15.6369
18.3343
13.9763
6.28388
5.89696
8.99393
11.8885
14.6858
16.3398
17.4387
12.6366
4.94418
6.61223
12.9061
12.3334
8.33731
9.85818
14.154
10.4969
2.80448
4.89151
11.9846
12.0282
8.43177
6.93725
6.53765
11.5737
19.466
20.2412
17.2441
15.0282
13.23
11.6913
10.2927
8.9588
7.66008
5.78075
3.5829
5.62989
10.0256
10.0611
7.66347
10.6994
16.7934
19.8922
21.2908
18.3692
12.9745
12.6467
15.2442
13.8638
10.1674
10.4366
13.034
13.6235
13.0241
11.7366
10.0382
12.705
17.9998
18.1973
15.3001
12.4649
9.66768
10.7002
14.0969
14.4148
12.8164
12.0159
11.7161
11.2941
10.7946
11.9417
14.1396
13.3586
10.6613
12.0844
16.1804
18.404
19.403
16.1275
10.0335
11.5606
18.1541
18.7065
15.21
13.6808
13.481
12.984
12.2847
13.7768
16.7738
16.052
12.7552
13.6357
17.432
22.2837
27.8782
25.583
17.6908
14.5747
14.8744
13.3746
10.5773
12.9291
19.0232
19.6972
16.4005
17.1836
20.9799
21.2256
18.8279
18.2566
19.0558
17.4662
14.0695
10.8429
7.74594
9.84556
15.9396
15.3352
9.54093
11.0948
18.3876
18.861
13.9658
11.9671
12.2668
14.1762
17.373
18.7447
18.6448
20.4188
23.7155
23.7172
21.0198
20.2378
21.037
22.2724
23.8709
21.3401
15.346
15.3068
20.3019
25.4048
30.5998
28.2168
19.3255
16.5387
19.0362
18.8128
16.2154
16.5947
19.5917
20.5763
19.7771
16.6035
11.3086
7.2755
4.37834
9.23241
21.1208
25.4434
22.8459
23.7832
27.9791
24.8732
14.9829
11.7477
14.7448
17.5876
20.285
17.6577
9.96525
9.36217
15.5561
18.0411
16.9422
15.9951
15.1959
15.7579
17.656
16.7921
13.1956
13.551
17.8468
16.8608
10.567
7.89632
8.89534
8.60901
7.01058
8.41583
12.9114
17.4561
22.0516
23.8626
22.7637
19.3781
13.5838
14.1374
21.4303
24.0417
21.6441
17.8525
12.5577
11.3797
14.6765
17.6872
20.3846
23.7466
27.8426
27.9195
23.5238
21.4354
21.9349
22.4344
22.934
23.4802
24.0796
22.447
18.2511
19.1024
25.7958
27.1407
22.2455
20.5182
22.5163
20.8113
14.7172
13.0387
16.6352
19.2345
20.6332
22.6185
25.3158
26.2608
25.062
24.7132
25.4125
24.3301
21.0333
19.8652
21.3637
22.2883
22.4881
22.4681
22.1684
21.825
21.4253
20.2852
18.1872
20.5561
28.7481
29.9894
22.0972
17.4281
17.0285
21.5914
32.7804
35.8784
28.086
23.0065
21.6079
21.6017
23.4998
24.642
24.7419
20.8707
11.4799
8.08027
13.0754
18.1119
23.2069
26.1588
26.0589
25.4668
24.168
22.1345
19.0375
18.2969
20.9943
23.7725
26.6696
26.8308
22.9346
20.56
20.46
21.6351
24.7321
27.7894
30.7865
30.8247
26.3291
22.8541
20.956
21.5968
26.1923
29.3109
30.1101
29.7106
27.4129
24.3841
20.1882
17.3703
16.7709
19.2561
26.7488
30.1498
26.853
24.6492
24.2496
24.7499
26.7479
27.5151
26.2164
25.1774
24.578
25.6763
29.6723
32.9709
35.0689
36.8382
38.037
34.9864
24.4967
21.7013
32.4908
38.3222
35.3251
34.472
37.469
38.5471
36.1495
34.494
34.1943
32.4888
28.193
24.2816
21.0848
21.9193
30.311
34.9361
32.4385
31.3498
32.9482
34.0683
34.2681
34.366
34.2661
33.8622
32.8632
31.9649
31.2656
31.1004
31.9996
32.7991
33.3985
33.3711
32.0724
31.8559
33.8539
34.9066
34.0075
32.1686
28.3724
27.7325
33.7266
37.1918
35.2936
34.3182
35.3172
36.4427
37.8413
36.3488
28.5565
25.4485
32.6414
38.4379
41.1353
42.3524
40.2545
38.1872
36.1891
34.6478
34.1482
35.2823
40.1775
42.518
38.9215
35.0862
30.6905
29.8544
37.4469
40.8846
34.391
30.8245
34.3211
36.044
33.4466
31.0802
29.2819
29.8931
36.4867
39.8041
34.9089
31.1454
30.2462
29.0942
27.296
28.8459
39.0359
44.8485
39.254
33.687
28.1924
26.4124
34.5045
40.3729
40.273
40.0923
39.6927
39.7742
41.1728
40.6082
34.614
31.9644
38.6579
42.2669
37.1719
34.3858
38.1821
41.4892
43.3873
43.9312
40.5346
38.3296
39.6283
41.2038
43.6015
45.7245
47.0233
48.1981
48.9974
48.5925
44.4965
41.6194
42.5185
43.5627
45.0612
46.0081
45.2089
44.148
42.2498
40.9887
41.788
42.9381
45.2359
47.4872
49.5852
48.6693
37.68
29.7931
32.3905
34.6261
35.6252
36.4224
36.5223
35.7777
32.0813
30.83
38.2228
43.5197
41.3218
40.5953
45.1908
46.2271
34.2389
28.9852
48.6659
61.3794
47.9926
37.1706
36.0717
34.8282
33.0299
32.1934
35.0905
37.3595
37.1597
37.7827
41.6789
43.3094
35.8168
29.4458
27.6475
26.804
29.9009
33.7115
40.5048
45.1027
40.4073
37.4503
41.9459
44.4967
38.6025
34.7437
39.8387
43.5057
40.8083
37.2959
30.103
25.5079
32.8007
37.5241
30.3312
25.2587
30.1539
34.8065
38.3031
41.2685
41.6681
41.4241
38.0274
35.4679
37.0663
38.0691
36.071
33.3863
27.1923
23.2439
30.9363
36.4744
30.6801
25.8788
26.3783
26.4419
24.1442
22.5535
24.8513
27.0428
28.6412
29.4907
26.094
23.5105
25.6084
27.3708
27.171
27.1871
28.4858
28.9469
24.3514
20.596
21.9946
23.9455
29.3402
33.7822
32.1838
30.5451
28.647
27.1189
28.0181
28.2531
24.0572
21.503
30.0946
36.7032
29.6102
22.7783
17.7832
14.1588
20.3527
25.7277
25.1283
24.292
21.6945
19.0155
15.7187
14.209
26.497
36.4767
28.2847
21.5975
26.9922
31.2783
26.483
22.9044
29.4979
34.7923
28.998
23.872
24.5713
25.5731
29.2695
32.0066
26.0125
20.7551
22.3535
23.6575
22.159
21.1628
25.059
27.999
21.4054
16.1663
24.7579
31.7982
22.6072
14.7282
20.9221
26.625
26.9247
26.9155
23.419
20.8583
29.1502
35.9568
25.0674
15.4298
21.1242
26.2311
23.9333
22.1217
26.6173
30.2507
22.3584
15.1013
16.5999
17.9606
17.3612
16.7682
16.2687
15.584
12.0875
9.22415
16.3172
22.6302
16.2365
10.708
19.7991
28.1845
24.1884
20.2858
18.0879
16.3047
22.3987
28.0416
24.7448
21.5632
20.7639
20.0264
20.6258
21.3558
25.0522
28.359
22.3649
16.5962
16.4963
16.4399
17.5388
18.4285
13.4334
8.83278
16.0257
22.8238
17.0295
11.4739
14.0713
16.4386
10.3446
4.5764
11.7693
18.7369
15.9396
13.2082
13.6078
14.0149
14.8141
15.5617
13.2639
11.0897
17.1838
23.112
16.2187
9.39568
8.99607
8.53814
1.54499
-5.33327
4.35724
13.9941
12.7953
11.6169
17.3113
22.9929
15.9998
9.00666
