117.197
110.004
102.811
105.493
108.191
107.702
107.203
105.213
103.215
105.58
107.977
102.953
97.8576
96.4172
95.0185
105.548
116.237
114.039
111.641
108.556
105.459
110.789
116.284
109.163
101.77
109.701
117.992
113.719
109.124
106.959
104.861
105.188
105.588
104.438
103.239
106.292
109.489
106.611
103.514
105.036
106.734
111.89
117.184
111.554
105.46
107.591
110.088
105.809
101.214
96.428
91.6327
95.107
99.0032
99.4845
99.7842
105.48
111.474
105.754
99.3605
99.377
99.7767
96.7896
93.5927
96.1224
99.0196
99.2937
99.3936
101.363
103.461
100.241
96.645
95.469
94.47
95.7006
97.0992
101.093
105.289
105.322
105.023
97.9843
90.3917
95.7875
102.281
98.8474
94.5516
95.9428
97.8409
97.8169
97.6171
96.1386
94.5402
94.9468
95.5462
94.1449
92.5465
95.1224
98.1194
93.2386
87.5442
94.3187
102.411
104.192
105.291
103.331
101.033
99.3637
97.7653
96.4356
95.1368
97.7706
100.867
97.1869
92.6913
94.6025
97.2999
92.5391
86.8447
91.5155
97.5096
99.9679
101.966
103.523
105.021
97.8956
89.6037
94.8344
101.927
99.6459
96.0494
96.4741
97.4732
96.6405
95.5416
97.7497
100.447
97.5873
93.8909
97.5584
102.354
97.4679
91.0742
94.1672
98.7626
96.9046
94.0075
93.2566
92.857
92.0291
91.13
94.9311
99.5266
99.6031
98.9038
96.0778
92.8809
95.6251
99.4214
103.302
107.198
101.548
94.1556
98.3942
104.788
104.37
102.672
103.407
104.605
103.461
101.862
100.848
99.9493
100.55
101.449
98.7742
95.3776
95.0487
95.3484
97.4679
99.9655
100.647
100.947
102.152
103.551
104.457
105.256
106.547
107.946
107.955
107.655
108.171
108.87
117.46
127.85
125.093
119.299
119.414
120.913
128.872
138.363
142.375
145.073
146.323
147.222
143.231
138.036
141.639
147.433
150.674
153.272
153.8
153.8
156.023
158.82
159.004
158.504
157.531
156.432
160.692
166.386
165.871
163.673
169.081
176.573
182.58
188.174
182.612
173.921
177.058
183.552
188.26
192.456
194.329
195.528
198.658
202.354
207.129
212.224
213.016
212.516
217.535
224.229
222.054
217.158
221.567
228.86
230.372
230.072
236.6
245.292
247.551
247.751
246.29
244.292
245.381
247.479
250.928
254.824
255.8
255.8
265.809
279.195
289.156
297.947
300.274
300.374
303.068
306.664
316.617
328.805
340.035
350.924
362.475
374.263
382.166
388.659
411.972
441.443
455.599
464.091
485.02
510.595
535.589
560.365
583.115
605.094
627.577
650.255
683.582
721.045
750.328
776.402
817.934
865.587
914.668
964.319
1011.69
1058.15
1111.7
1168.14
1229.61
1293.15
1347.44
1397.89
1464.74
1538.47
1603.85
1665.69
1735.57
1808.9
1905.75
2012.75
2094.69
2165.72
2250.35
2340.96
2429.63
2517.45
2610.37
2705.58
2813.1
2926.19
3015.33
3093.55
3181.08
3272.89
3382.44
3500.23
3614.68
3727.57
3827.7
3921.81
4026.07
4135.16
4226.51
4309.33
4392.82
4476.64
4561.53
4646.95
4719.8
4786.43
4848.53
4908.37
4958.64
5004.1
5044.38
5082.05
5140.13
5208.66
5269.09
5325.34
5341.91
5337.81
5351.92
5375.6
5386.08
5389.58
5407.59
5433.37
5458.75
5483.93
5495.39
5499.38
5493.7
5482.71
5479.12
5479.62
5479.35
5478.65
5476.86
5474.47
5489.66
5514.83
5530.35
5540.34
5529.87
5507.6
5517.9
5547.17
5550.19
5537.81
5539.03
5548.33
5542.6
5527.92
5534.5
5553.88
5552.81
5539.32
5543.37
5558.16
5580.42
5607.29
5624.8
5636.49
5653.52
5673.9
5665.71
5639.43
5632.61
5638.21
5640.89
5641.68
5608.43
5553.08
5522.32
5507.63
5485.84
5459.37
5429.78
5398.11
5330.31
5238.3
5195.18
5185.09
5135.36
5058.64
5036.46
5051.75
5033.44
4991.88
4961.62
4939.24
4913.35
4884.97
4875.13
4878.42
4868.03
4847.85
4830.05
4813.97
4806.56
4805.46
4808.86
4815.56
4800.18
4768.51
4753.85
4751.86
4746.49
4738.6
4732.3
4727.2
4728.8
4735.49
4733.15
4723.86
4712.71
4700.12
4708.85
4734.22
4745.85
4746.65
4744.66
4740.46
4711.12
4661.67
4637.28
4633.08
4618.69
4596.01
4560.32
4513.96
4478.22
4451.25
4410.81
4359.16
4312.89
4271.13
4244.26
4229.97
4206.08
4174.02
4130.66
4077.61
4035.65
4003.28
3972.57
3943.3
3915.41
3888.73
3866.77
3848.99
3816.64
3771.29
3740.86
3723.88
3712.5
3706.21
3691.98
3670.5
3663.73
3670.53
3651.48
3608.42
3587.03
3585.93
3592.95
3607.64
3608.55
3596.36
3575.25
3545.58
3537.65
3550.74
3554.67
3549.67
3549.82
3555.02
3553.28
3544.69
3528.74
3505.47
3483.43
3462.66
3452.65
3453.54
3432.35
3388.59
3357.49
3339.4
3316.12
3287.45
3257.66
3226.69
3200.73
3180.05
3156.61
3130.23
3101.35
3069.78
3042.34
3019.37
2991.84
2959.37
2937.06
2925.87
2907.94
2882.56
2850.33
2810.47
2767.32
2720.46
2682.14
2653.47
2606.45
2538.51
2475.04
2416.7
2352.43
2281.3
2213.03
2148.09
2083.39
2018.95
1957.89
1900.85
1842.85
1783.71
1723.66
1662.52
1613.75
1579.98
1541.31
1496.66
1461.35
1437.57
1402.13
1352.18
1317.08
1300.6
1278.9
1250.63
1233.57
1230.77
1226.66
1220.87
1211.06
1196.08
1187.6
1187.6
1184.88
1178.59
1180.71
1194
1211.1
1233.27
1259.24
1290.31
1326.26
1368.81
1424.75
1498.98
1574.76
1652.68
1747.32
1865.21
1986.63
2113.01
2249.53
2400.38
2574.44
2781.53
2995.56
3219.54
3461.93
3730.97
3978.35
4194.14
4446.2
4751.6
5040.5
5304.94
5585.4
5889.8
6186.59
6471.91
6736.73
6970.41
7215.24
7477.19
7724.8
7950.28
8180.45
8417.91
8654.49
8889.66
9106.5
9294.31
9471.66
9632.31
9825.79
10072.1
10297.6
10489.2
10703.3
10954.2
11199.9
11437
11679.3
11930.2
12186.5
12451.9
12721.7
12998.7
13288.1
13598.5
13891.3
14153.9
14403.4
14630
14875
15152.2
15433.3
15721.4
15992.1
16232.1
16471.7
16710.8
16970
17265.7
17545.2
17795
18037.8
18267.6
18507
18764.4
19015.8
19256.2
19485.2
19692.7
19901.7
20113.6
20334.8
20574.1
20767.2
20870.7
20993.2
21153.1
21322.1
21509.3
21677.5
21807.7
21906.2
21941.2
21997.2
22095.9
22188.2
22267.3
22323.7
22333.3
22350
22381.5
22404.8
22411
22408.9
22389.2
22375.8
22375.9
22354.7
22287.3
22240.1
22236.6
22237.6
22248.6
22229.2
22142.3
22041.6
21910.1
21794.8
21716.1
21612.6
21452.3
21308.9
21204.3
21079.3
20906.9
20752.9
20642.1
20518.1
20362.8
20243.3
20208.9
20171.2
20125.3
20093.1
20094
20088.8
20068.6
20077
20156.5
20226.8
20273.9
20346.5
20484.1
20610.5
20708.2
20824.7
20989.6
21151.9
21307.3
21473.7
21668.7
21863.2
22056.3
22247.6
22434.3
22623.6
22820.3
23013.9
23198.9
23374.5
23524.2
23689.8
23899.9
24093
24238.4
24361.7
24422.3
24495.6
24606
24686.5
24679.9
24695.8
24777.7
24829.8
24793.1
24761.8
24746.5
24726.3
24691.1
24648.4
24582.8
24520
24466.1
24409.8
24346.3
24273.8
24173.2
24066.9
23942
23824.4
23730.4
23631.4
23516
23406.1
23314.6
23226
23147.1
23065.7
22976.1
22875.4
22736.5
22633.4
22654.1
22643.8
22525
22414.9
22335.7
22255
22169
22091.7
22046.2
22011.7
22017.9
22008.6
21941.7
21882.9
21854
21824.1
21790
21743.8
21650.7
21573.5
21557.5
21540.2
21517.6
21484.8
21411.3
21350
21337.9
21319.2
21273.4
21224.2
21160.7
21097.3
21034.5
20959.8
20834
20735.9
20756.5
20746.2
20602.2
20468.6
20381.3
20285.4
20151.2
20032.4
19983.1
19921.3
19802.9
19675.2
19505.2
19344.1
19224.8
19101.3
18958.1
18811.4
18648.3
18490.7
18360.7
18230.5
18099.9
17963.6
17798.2
17641.2
17527.7
17409.5
17267
17133.7
17049.4
16952.9
16791.7
16632.2
16482
16335.9
16211.7
16092.7
16002.9
15904
15753
15613.3
15538
15460.5
15369.3
15275.5
15166.5
15067.8
15031
14982
14858
14739.8
14657.4
14575.7
14498.4
14422
14350.6
14273.6
14160.3
14060.2
14047.7
14035
14021
14005.6
13980.1
13949.4
13882.4
13819.4
13784.8
13758.5
13792.6
13820
13798.2
13779.2
13781.4
13781.6
13766.1
13751.1
13739.3
13736.4
13804.9
13864.4
13849.6
13834.5
13816.5
13801.6
13813.5
13821.6
13796.6
13773.2
13763.3
13757.3
13786.7
13809.5
13771.1
13738.5
13760.1
13785.3
13844.5
13895
13857.9
13824.1
13823.2
13819.5
13786
13751
13699
13648.4
13612.4
13571.1
13469.4
13375.1
13366.4
13350.4
13247.6
13146.3
13063
12978.1
12873.8
12767.3
12631.9
12500.3
12418.3
12336
12249.7
12163.7
12079.7
11995.4
11906.8
11818.3
11728.6
11639.3
11554.9
11469.5
11367.1
11267.7
11219
11168.5
11084.9
10999.3
10879.1
10761.4
10694.1
10625.8
10538.4
10450.5
10353.4
10255.3
10135.5
10015
9876.6
9738.96
9618.47
9498.34
9387.05
9275.9
9168.51
9060.38
8931.71
8803.82
8699.53
8593.61
8436.17
8280.1
8171.11
8061.9
7945.02
7827.88
7700.5
7573.38
7457.29
7341.42
7235.83
7130.03
7013.85
6898.07
6806.36
6714.21
6592.63
6471.62
6395.3
6318.99
6244.37
6169.28
6043.01
5916.64
5777.48
5638.06
5448.25
5258.44
5070.43
4882.38
4664.49
4446.61
