77.0011
79.3987
81.7964
81.8
81.8
80.5058
79.207
79.9949
80.7941
83.0808
85.3785
88.6659
91.9627
87.5552
83.0596
81.6199
80.2213
77.7405
75.2429
77.7528
80.3502
81.9678
83.5663
83.4044
83.2046
80.6624
78.065
77.4156
76.8162
78.2581
79.7566
83.2924
86.8888
85.4509
83.8525
80.3217
76.7252
72.5502
68.3543
75.802
83.6942
80.3508
76.5545
75.1541
73.8554
78.4863
83.3816
81.1184
78.521
78.5905
78.7903
81.3664
84.0638
85.9074
87.7056
81.079
73.986
74.9225
76.3211
75.6458
74.8466
75.8348
76.9337
75.4041
73.7057
79.6893
86.183
88.0958
89.6942
85.4153
80.7199
79.5621
78.663
75.2556
71.6591
71.4927
71.5926
78.168
85.2611
82.1998
78.3036
78.5527
79.1521
82.0495
85.1465
82.0062
78.3098
76.5355
74.9371
75.9873
77.286
77.0354
76.6358
74.6902
72.5923
71.4018
70.3029
77.444
85.4361
81.1402
75.5456
76.9835
79.1813
79.31
79.2101
77.9433
76.5446
74.6981
72.8
74.03
75.6284
76.0675
76.3672
76.222
76.0222
79.6403
83.7363
81.8966
79.2991
85.0993
91.9926
88.4782
83.583
81.3279
79.4298
82.2733
85.7699
86.4628
86.7625
81.9046
76.3101
79.1761
83.2721
87.0199
90.7163
93.3707
95.8683
97.7594
99.5576
97.8119
95.5142
94.2513
93.1524
96.4419
100.438
104.691
108.987
111.399
113.497
117.475
121.77
120.78
118.882
125.746
134.137
133.618
131.52
132.385
133.784
140.251
147.644
149.39
150.089
154.825
160.319
161.452
161.751
168.998
177.589
178.415
177.716
176.767
175.768
179.423
184.018
194.501
206.189
202.658
195.964
198.348
202.644
208.669
215.063
222.853
230.945
242.478
254.766
265.91
276.799
283.366
288.961
294.149
299.244
307.098
315.59
322.381
328.775
341.064
354.751
362.476
368.769
386.717
407.496
414.165
417.362
422.399
427.893
433.468
439.062
453.491
470.174
474.235
475.034
483.278
493.468
501.762
509.554
525.384
543.367
555.296
565.586
576.347
587.236
600.863
615.249
614.187
608.792
616.238
627.328
643.851
661.933
677.228
691.713
701.411
709.702
726.007
744.688
750.69
752.888
760.452
769.643
778.681
787.672
803.145
820.628
825.028
825.328
839.208
857.39
859
855.304
856.966
860.363
861.125
861.025
879.771
904.746
912.273
913.971
928.442
947.224
950.51
948.512
961.968
980.75
1006.05
1033.62
1042.35
1044.45
1068.81
1101.08
1120.63
1135.61
1158.15
1183.42
1199.85
1213.04
1243
1279.16
1308.71
1335.78
1371.78
1411.14
1436.4
1456.28
1485.39
1518.06
1542.96
1564.83
1600.49
1641.55
1685.76
1731.21
1769.32
1804.48
1836.95
1868.31
1912.96
1963.01
1988.99
2005.08
2034.29
2068.96
2112.35
2159.4
2199.72
2237.18
2291.65
2353.39
2388.12
2411.2
2442
2476.17
2521.72
2572.27
2620.67
2668.13
2723.66
2782.8
2835.88
2886.23
2928.14
2966.21
3018.71
3077.85
3139.93
3203.36
3252.11
3293.96
3347.9
3407.54
3460.15
3509.4
3571.47
3639.7
3691.93
3736.38
3802.1
3878.22
3907.54
3913.74
3934.33
3962.1
4001.58
4046.93
4070.02
4081.81
4106.48
4137.75
4166.38
4193.66
4194.53
4181.64
4180.02
4184.31
4200.75
4223.63
4250.74
4280.11
4280.08
4264.19
4255.56
4250.86
4244.55
4237.36
4234.35
4233.65
4228.78
4221.59
4220.41
4222.6
4237.48
4259.56
4260.42
4249.13
4248.99
4255.28
4265.43
4277.82
4293.48
4311.06
4324.82
4336.3
4356.99
4383.16
4392
4390.4
4406.33
4432.91
4462.52
4493.99
4535.65
4583.6
4626.01
4664.97
4699.03
4730
4765.25
4803.21
4824.4
4834.89
4858.82
4891.39
4931.22
4975.78
4971.9
4936.33
4932.37
4949.26
4957.74
4960.64
4942.66
4910.69
4891.06
4879.77
4875.26
4875.36
4863.67
4843.89
4835.44
4834.85
4847.01
4868.09
4877.74
4879.34
4889.29
4905.18
4910.58
4908.48
4904.58
4899.39
4907.15
4924.33
4920.18
4900.4
4899.12
4911.51
4912.9
4906.11
4916.84
4940.72
4965.73
4991.6
4994.13
4978.84
4985.87
5010.04
5035.35
5061.52
5058.81
5033.53
5026.98
5035.17
5046.82
5061.21
5059.94
5046.15
5046.97
5059.56
5051.53
5026.75
5006.65
4990.36
4980.48
4975.89
4972.05
4968.86
4968.87
4971.56
4987.63
5015.01
5019.89
5005.6
4997.82
4995.62
4980.41
4953.93
4969.5
5021.75
5029.4
4997.83
4992.32
5009.9
5017.25
5015.45
5025.43
5046.01
5051.4
5043.01
5042.08
5047.97
5040.35
5020.27
5014.9
5023.19
5032.25
5042.05
5042.58
5034.39
5036.95
5049.74
5056.66
5057.96
5066.88
5083.16
5097.22
5109.11
5118.02
5124.02
5143.22
5175.49
5197.8
5210.19
5219.04
5224.33
5235.98
5254.06
5261.42
5257.82
5277.52
5321.17
5343.79
5344.59
5360.92
5393.49
5434.87
5485.52
5524.2
5550.17
5578.17
5608.34
5645.29
5689.55
5718.34
5730.33
5746.85
5768.33
5788.15
5806.13
5824.96
5844.74
5861.04
5873.43
5889.24
5908.92
5904.04
5871.17
5871.27
5909.23
5919.55
5897.87
5868.82
5831.15
5810.16
5808.76
5804.16
5795.77
5781.18
5759.21
5735.01
5708.13
5700.48
5716.17
5704.22
5658.46
5644.29
5669.07
5663.11
5618.95
5590.94
5583.15
5573.77
5562.38
5561.41
5573.69
5583.49
5590.08
5599.51
5612.59
5625.64
5638.62
5664.99
5708.95
5743.63
5766
5790.91
5819.18
5846.68
5873.16
5911.16
5964.81
5999.51
6008.3
6031.88
6075.83
6101.15
6100.55
6124.54
6182.98
6223.66
6239.24
6257.63
6280.01
6307.84
6343.51
6377.21
6408.08
6451.18
6512.12
6557.5
6579.97
6592.51
6590.32
6606.3
6649.45
6683.53
6703.91
6722.11
6736.99
6765.41
6814.56
6861.12
6903.68
6924.29
6910.7
6918.92
6961.37
6996.68
7020.66
7046.17
7074.14
7124.2
7209.82
7287.89
7353.73
7426.01
7508.83
7586.56
7655.89
7741.45
7854.04
7965.93
8076.62
8178.11
8264.02
8355.07
8454.87
8563.56
8687.54
8809.21
8926.9
9025.3
9089.93
9163.93
9254.44
9348.08
9447.28
9542.84
9631.85
9727.12
9833.71
9954.73
10102.1
10232.3
10331.2
10420.9
10494
10580.3
10691.7
10800.9
10905.8
11000.9
11077.6
11156.3
11239
11310.1
11358.8
11410.6
11468.5
11519.3
11556.1
11605.4
11679.5
11735
11752.9
11768.7
11779.9
11786.3
11783.1
11788.6
11811.7
11817.4
11786.8
11765.6
11764.4
11764.7
11768.2
11768.2
11760.8
11759.2
11769.9
11769.9
11746.9
11711.4
11648.9
11590
11539
11486.9
11432
11361.9
11257.4
11159.2
11075.2
10995.6
10926.1
10858
10792.9
10715.7
10610.3
10527.3
10497.5
10476.6
10477.3
10464.3
10418.2
10393.8
10422
10437.6
10422.4
10431.4
10500.3
10561.8
10604.8
10646.8
10686.2
10748.7
10870.1
10982.3
11070.6
11155.8
11232.8
11314.2
11407.3
11519.9
11684.1
11815.4
11858.3
11929.4
12077
12212.4
12314.2
12419.8
12535.8
12642
12720.8
12791.5
12839.5
12895
12972.3
13040.8
13084.1
13114.1
13105.1
13098.8
13100.6
13103.2
13107.9
13119.4
13151.6
13161.9
13106.1
13052.6
13006.5
12962.3
12924
12886.9
12853.4
12822
12797.3
12758.9
12676.8
12610.4
12594.6
12566.9
12500.5
12437.6
12385.9
12335.2
12287.3
12241.7
12203.8
12169.2
12146.3
12121.9
12091.9
12053.8
11987.1
11928.3
11896.9
11869.6
11856.8
11839.3
11804.5
11770.5
11739.2
11704.7
11658.1
11623.2
11631.7
11632.6
11604.6
11570.3
11511.7
11464.7
11462.4
11460.8
11461.6
11446.5
11368.1
11315.5
11366.4
11393.5
11323.8
11267
11263.3
11253.5
11219
11191
11190.8
11176.2
11100.3
11018.6
10911.8
10824.1
10820.6
10806.7
10746.2
10688.3
10642.9
10591.5
10513
10434.9
10358.5
10281.3
10200
10118.1
10033.7
9951.09
9876.96
9803.86
9735.83
9662.27
9561.27
9466.96
9406.32
9339.41
9240.51
9149.73
9101.08
9052.6
9005.05
8950.53
8858.82
8772
8711.66
8654.22
8612.76
8569.83
8518.68
8463.39
8384.67
8313.39
8284.91
8255.39
8219.73
8182.54
8136.28
8085.67
8008.74
7944.91
7961.39
7962.42
7867.01
7784.5
7783.8
7774.9
7713.06
7658.2
7649.11
7638.27
7615.79
7587.44
7519.21
7457.64
7442.16
7428.9
7431.3
7432.98
7429.59
7423.96
7402.08
7382.55
7380.45
7380.42
7396
7409.24
7404.34
7400.08
7400.78
7397.44
7361.67
7331.43
7346.41
7357.54
7336.36
7317.13
7314.53
7314.17
7333.35
7349.19
7335.2
7322.76
7324.36
7325.94
7327.44
7330.34
7346.52
7360.24
7349.95
7338.9
7320.21
7302.48
7294.39
7287.6
7294.49
7296.9
7251.14
7205.96
7167.1
7127.7
7082.25
7037.05
6994.89
6954.27
6931.89
6905.62
6831.69
6760.72
6726.95
6690.75
6622.91
6556.2
6504.45
6453.78
6418.02
6382.13
6344.46
6307.81
6286.03
6260.82
6183.39
6107.98
6064.12
6020.34
5977.88
5934.81
5881.26
5828.12
5782.06
5736.02
5690.27
5644.23
5592.78
5541.06
5484.12
5425.88
5340.86
5257.58
5211.93
5166.11
5116.66
5065.79
4981.08
4896.64
4819.21
4742.76
4692.21
4641.01
4571.27
4500.96
4413.35
4326.88
4276.83
4225.77
4140.46
4056.29
4014.23
3971.17
3888.55
3806.76
3760.91
3714.81
3657.27
3599.88
3550.32
3500.69
3446.14
3391.97
3363.1
3333.75
3267.32
3200.94
3139.6
3078.09
2997.46
2916.77
2825.96
2735.07
2627.07
2519.05
2400.16
2281.28
2165.6
2049.91
