-.00117233
-2.59863
-5.19608
3.77763
12.7688
11.8044
10.8054
4.63969
-1.55424
-3.28579
-4.98412
.344289
5.739
4.61473
3.4159
2.70996
2.01065
-2.91905
-7.91415
1.22941
10.6202
3.54878
-3.84397
2.25879
8.65253
8.8976
8.9975
2.37666
-4.41669
1.71841
8.21205
5.6837
2.88644
5.51081
8.30807
4.53524
.539156
-2.39627
-5.29343
-2.89809
-.300632
5.36983
11.1641
6.03319
.438673
1.6346
3.13313
1.95922
.660496
.6
.6
.695052
.794954
.420572
.0209636
4.6384
9.5336
7.15497
4.35771
4.85989
5.5592
5.6
5.6
5.31836
5.01866
6.21787
7.5166
4.51494
1.21817
-1.14569
-3.44344
-2.66905
-1.67003
1.09408
3.99124
4.75622
5.35563
2.90229
.204936
-.184624
-.384428
2.17925
4.97651
-.774821
-7.26846
-3.58067
1.01482
-1.62045
-4.91722
-5.38267
-5.58247
-4.59749
-3.49857
-5.12789
-7.02603
-5.47583
-3.57769
-2.40395
-1.30503
-6.7116
-12.8056
-4.20385
5.98616
4.8409
2.44325
.225131
-1.97271
-2.55828
-2.95789
-2.73187
-2.43217
.275383
3.27245
7.24833
11.3443
7.44939
2.55419
4.83495
8.03181
-.704821
-10.9947
-3.64455
6.04596
6.05594
4.75721
1.52668
-1.96989
.578849
3.97552
-3.6424
-12.8334
-10.7728
-7.07642
-3.55409
-.0575207
4.48101
9.17641
7.11433
4.01737
2.30342
.80489
2.66983
5.06748
5.57209
5.7719
.90648
-4.78794
-2.43075
1.26563
3.42373
5.32187
6.79369
8.19232
5.59275
2.29598
1.12102
.321804
1.21612
2.41494
1.41727
.0186393
.0528546
.352561
-2.7113
-6.40768
-2.13418
3.66014
2.34016
-.357194
-1.46801
-2.26723
-1.23371
.164915
5.13729
10.8317
12.795
13.9938
9.73319
4.33847
4.4728
5.77153
3.20087
-.195797
.514103
2.11254
.0238655
-2.87329
-2.1739
-.67537
.823161
2.32169
-.00314665
-3.20001
-1.60888
1.08847
1.0333
.333988
1.6537
3.45193
2.10813
.0101859
.725172
2.1238
7.13024
13.0245
7.80177
-.1904
.354117
3.05147
2.32662
.728184
-4.20465
-9.99897
-4.54764
3.84414
2.99303
-.303736
.812474
3.11022
1.32038
-1.57678
-3.84664
-5.94459
-1.55061
4.64331
4.20554
1.90779
.621756
-.377265
.176285
1.17531
.00620967
-1.79203
-.809734
.988504
1.55408
1.75389
-1.5812
-5.97689
-5.16041
-2.76276
-.212199
2.38525
1.1698
-1.22784
-1.8
-1.8
-2.10347
-2.50307
-3.65939
-5.05802
-3.36217
-.664818
1.58086
3.67881
2.92358
1.22524
-1.5964
-4.79327
-6.79507
-8.3935
-4.47922
1.3151
-.766416
-5.56172
-4.79918
-2.10182
-2.36081
-3.65954
-.977767
3.11822
5.96441
8.36206
3.42757
-4.16499
1.33194
11.6219
6.88822
-3.4017
-1.32681
5.36663
2.77516
-3.31887
.0639791
7.05713
7.84565
6.24722
6.15975
6.65926
1.70538
-5.38767
.113742
10.6035
10.6027
6.40684
5.4135
5.71321
1.89653
-3.59808
-.95342
5.04071
7.01174
7.31145
9.23
11.8274
11.4068
9.70845
8.92003
8.52042
7.91142
7.2121
6.79119
6.49149
4.45663
1.65937
1.83815
3.33668
2.62675
.92842
.193544
-.106162
2.47629
6.37247
9.17382
11.4716
10.6989
8.50107
5.82697
2.92981
3.69599
6.19354
5.51183
3.31399
5.83751
10.6328
10.2497
7.35252
6.60117
6.90087
3.79068
-1.00462
-1.80002
-.601195
-.399408
-.699114
-2.85448
-5.95144
-2.11025
5.2825
10.9623
15.7576
13.2618
6.96794
1.85293
-2.64266
-1.7841
1.91228
4.30668
6.00501
5.88607
4.78714
7.89419
13.2889
12.8776
9.28111
6.90663
5.2083
7.16479
11.1609
9.59557
4.90017
-1.00607
-7.59961
-4.79033
3.40164
7.73007
9.82802
11.042
11.7413
10.4893
8.09166
5.69401
3.29636
3.96384
6.46139
12.0768
19.5695
16.3703
6.67977
5.97438
10.7697
9.88209
5.4864
6.87874
11.8738
13.8
13.8
13.3717
12.6724
14.3516
17.5485
18.1313
17.0324
15.2063
12.9085
11.7584
11.3588
9.99591
7.99787
8.40017
10.3982
13.5925
17.5886
12.2844
.695781
2.12039
12.4103
12.7503
6.25671
7.90917
15.202
17.1998
15.5015
15.3864
16.3854
14.9883
11.8913
9.84279
8.54407
8.98686
10.6852
12.6728
14.8706
14.4162
12.0185
11.5172
12.4163
15.0334
18.9296
18.6595
15.2629
15.3356
18.033
14.5522
6.36024
6.86689
14.0598
13.7101
7.51616
8.72651
15.7196
14.9431
8.04984
7.33946
11.5353
13.5665
13.8662
11.7876
7.79152
9.08639
14.6809
14.7836
10.3879
9.87751
12.5749
14.0726
14.5721
15.1803
15.8796
14.6842
11.8869
12.38
15.6768
16.2863
14.588
11.0155
5.8206
8.30839
17.4994
21.109
19.8102
20.524
23.0216
23.4613
22.0627
16.8791
8.28748
5.61408
8.31143
10.5392
12.3374
14.2396
16.2377
17.0446
16.7449
16.1357
15.2366
14.0805
12.6818
10.6176
7.92028
12.9243
25.3122
27.0306
18.439
16.2751
20.371
19.8792
14.8841
15.4634
21.5574
21.5485
15.4545
13.1972
14.7957
14.8059
13.2074
15.3662
21.3603
22.1842
17.6886
13.9286
10.9316
10.7678
13.565
17.0921
21.3879
21.8555
18.259
16.7861
17.5853
18.0481
18.148
17.817
17.0178
17.2674
18.6661
19.0676
18.3683
18.2837
18.8831
21.5073
26.4025
28.2497
26.6513
24.4925
21.6953
20.293
20.4928
19.3035
16.5062
15.0922
15.292
15.7673
16.5665
19.1944
23.9897
24.2329
19.038
17.6504
20.8473
23.6831
26.0807
26.1418
23.3446
22.7395
24.8374
22.9266
16.0333
14.4173
19.4124
18.8004
11.1079
8.20655
11.4034
16.1318
22.8253
25.0753
21.5787
18.9495
17.4509
16.6432
16.7431
17.2297
18.2288
19.9551
22.6524
22.2837
17.7881
17.4042
22.5991
25.8531
26.4526
26.464
25.6648
27.1646
31.86
31.3964
23.7039
19.6555
20.7544
20.3696
17.8721
17.6716
20.7685
21.9877
20.4891
17.8124
13.4167
13.145
18.9393
21.3539
18.7564
15.2781
10.4828
9.27342
13.4693
15.326
13.6276
13.9808
17.4774
19.7963
20.2958
18.3735
12.6791
10.4048
13.5018
13.8532
9.85716
12.2091
24.6969
30.5244
25.6292
21.9526
20.2543
19.3136
19.6134
19.4985
18.6993
17.7126
16.4138
14.5183
11.6212
12.1375
18.4313
21.6249
19.527
20.0723
25.1673
28.2539
27.8543
26.5467
23.6496
21.2943
19.8956
17.9222
14.9251
14.1077
17.2047
20.2305
23.1277
24.1872
21.8894
19.908
18.5093
16.5515
13.5545
13.5462
19.1407
23.6985
26.2959
26.1788
20.884
19.2108
24.5056
27.8641
27.4645
27.8079
29.6062
28.3152
20.9224
16.5007
17.9993
20.958
26.8522
28.5236
21.6303
16.4097
14.6114
16.7252
26.9152
31.9854
26.3909
23.9527
28.1486
28.0549
18.8639
13.6818
17.0784
19.8743
21.3728
21.8972
20.2988
21.0425
26.9367
30.1
27.2029
24.0898
20.4934
17.2339
14.7364
13.6698
15.8677
17.037
15.8382
16.3224
20.7181
22.3966
17.7012
16.7434
24.6356
25.6915
10.4065
2.81986
13.8091
20.7859
17.9886
16.8375
19.7347
22.8326
26.4291
26.9488
19.7559
15.279
17.6767
20.0181
22.216
22.8235
19.3269
18.4623
24.4564
26.8743
19.8812
15.2643
16.9627
18.7966
20.9944
23.5692
27.1657
29.1051
26.5076
22.6898
15.4968
13.1758
24.4648
31.7544
27.7583
24.4368
23.0382
22.1545
22.7539
24.0687
27.4654
30.7353
33.6325
34.7181
30.4223
27.924
30.8211
32.4055
30.0079
27.5365
24.8392
22.5318
21.4329
20.3098
19.111
21.0782
33.0665
40.9153
35.5206
30.3383
25.8427
22.0256
20.4272
20.1281
24.1242
26.1647
21.6691
20.7548
31.9438
39.3109
33.6165
29.3345
29.9339
29.2666
24.1716
20.6626
22.7605
24.793
26.5912
28.6274
31.5246
33.0496
29.553
27.2249
29.2229
30.0843
26.6877
24.6047
27.5019
28.9117
24.6159
21.5274
23.1258
23.9541
21.7563
21.2443
27.4383
31.0485
24.2552
18.859
19.1587
19.8286
22.0265
24.34
27.1373
29.3809
29.281
27.8584
20.7654
15.9163
20.8115
25.1146
26.8129
27.3212
22.5259
19.1796
22.3764
25.1971
26.296
27.5721
29.6701
30.0681
22.4755
16.0787
15.3794
16.0336
23.2265
28.658
25.4611
23.0679
24.6663
25.5202
22.623
20.5924
22.99
24.6931
22.7949
21.5511
23.7489
25.2847
23.2867
20.7282
15.1337
10.7996
13.3971
15.7669
16.8658
18.6239
24.1185
27.2477
16.758
8.544
13.639
17.6402
15.1426
13.4685
16.7652
19.376
17.7775
16.9108
20.6072
22.4391
12.4489
4.47067
9.46578
13.9983
15.4968
17.3339
21.4299
23.5506
12.2617
3.63778
13.4282
21.714
19.4162
16.8248
12.1294
7.96387
7.66416
8.11084
14.105
18.7475
13.153
8.39475
10.0931
12.0729
16.2688
19.5574
15.5613
11.7283
9.23074
7.24547
9.54322
11.6524
12.1519
12.7542
14.2527
15.6403
16.0399
16.2813
15.0825
14.349
17.9454
20.4971
13.1044
6.91162
12.4062
17.2179
15.2198
13.5426
15.141
16.8266
19.424
21.5103
18.1137
14.9667
14.5671
14.4032
16.9007
18.383
8.09311
-.781124
7.21104
14.502
13.2032
12.3011
16.3971
19.7568
13.5628
7.72352
6.62459
5.91758
10.613
15.0394
15.6388
16.0281
13.3308
10.8247
11.2243
11.833
15.7292
19.2324
16.3353
13.2483
6.95448
1.22624
5.42213
9.35328
8.45416
7.4951
5.39716
3.59677
7.69276
11.7151
14.2126
16.4634
13.3664
10.3326
8.73417
7.34056
10.8371
14.242
15.3409
16.3347
14.5365
12.6285
7.63345
2.88406
5.48151
7.95444
6.45591
5.17333
11.2674
17.0756
12.3802
7.8882
11.4847
15.0293
16.328
17.4538
10.3608
3.47078
7.26706
11.01
11.6094
12.1912
11.5918
11.0331
13.6306
16.1363
10.2421
4.42209
6.91964
9.37798
6.18112
3.00148
3.30118
3.59674
2.49782
1.39909
.499975
-.399144
