82.3993
80.8008
79.2024
80.2972
81.3962
85.9795
90.575
91.5936
92.5926
85.2618
77.8691
78.3938
78.9932
81.0742
83.1721
84.9744
86.7726
86.6032
86.4034
86.7927
87.1923
81.0266
74.7328
78.6095
82.7055
85.0447
87.3425
85.3545
83.2566
84.9497
86.7479
87.285
87.7845
90.7044
93.7015
86.2637
78.4713
80.2249
82.3228
80.3792
78.2813
83.0976
88.1926
85.0457
81.5492
74.5139
67.321
79.6941
92.9811
92.1713
90.6727
81.9502
72.8591
69.9337
67.3362
72.1224
77.3173
77.6944
77.7943
81.0051
84.4018
78.4852
71.9915
80.1429
89.234
89.9873
90.1872
84.3103
78.0165
80.2121
83.0094
80.6864
77.9891
75.2917
72.5943
74.5322
76.8299
74.2248
71.2277
73.4924
76.1898
76.3079
76.208
75.7404
75.2409
74.0076
72.7088
71.6847
70.6857
76.5366
83.0303
82.962
82.2627
86.2923
90.7879
82.2162
72.3258
71.4905
71.5904
74.3106
77.3077
79.1327
80.831
79.8305
78.5317
81.5418
85.0384
82.265
78.7684
80.0087
81.807
80.3056
78.4074
77.5771
76.8778
79.286
82.0833
85.5007
88.9973
87.7204
85.8223
91.2448
97.6385
89.9515
80.3609
82.4489
86.1453
90.9806
95.9758
95.7258
94.7268
86.8373
77.946
86.2858
97.1751
96.9502
95.0521
96.6193
98.7173
101.42
104.217
107.187
110.184
111.632
112.831
112.914
112.814
119.995
128.387
128.574
127.376
131.548
136.643
134.763
131.666
137.99
145.982
146.522
145.723
147.458
149.656
155.731
162.525
166.459
169.856
173.084
176.281
181.152
186.347
185.196
182.798
188.398
195.591
198.795
201.192
205.911
211.106
221.182
232.271
235.19
236.389
239.893
243.889
255.031
267.718
272.376
275.273
282.584
290.876
309.035
329.415
333.281
333.381
343.544
356.032
363.5
369.794
384.083
400.267
410.328
418.92
430.887
443.675
453.335
462.227
474.077
486.665
493.189
498.184
510.183
523.969
531.801
538.095
547.24
557.13
572.63
589.613
596.982
601.778
615.849
632.432
645.801
658.289
675.783
694.664
705.042
713.034
715.422
716.222
729.597
746.58
771.849
799.522
805.645
805.446
816.417
830.703
835.383
837.181
855.459
878.736
881.983
879.086
895.634
918.212
928.544
935.038
949.345
966.129
966.492
961.597
965.155
971.449
974.355
976.153
989.214
1006
1025.63
1046.21
1052.89
1054.89
1061.66
1070.05
1087.28
1107.56
1126.14
1144.12
1173.34
1206.5
1234.51
1260.69
1272.08
1278.18
1312.28
1356.54
1377.83
1390.72
1418.92
1452.79
1486
1518.97
1553.46
1588.53
1617.73
1644.71
1682.43
1724.29
1763.56
1801.82
1845.75
1891.9
1927.04
1957.81
2003.07
2054.12
2089.58
2118.75
2172.62
2236.56
2270.98
2293.26
2325.98
2363.05
2416.93
2477.87
2524.07
2564.04
2601.76
2638.52
2681.78
2727.83
2783.21
2842.65
2896.54
2947.99
2991.97
3032.63
3087.16
3147.9
3203.07
3255.71
3310.83
3367.08
3442.62
3527.04
3582.46
3624.41
3675.08
3729.83
3806.28
3893
3950.9
3995.05
4053.24
4118.18
4184.73
4252.06
4307.66
4357.51
4398.94
4436.2
4474.4
4513.06
4549.26
4584.23
4621.51
4659.98
4678.62
4687.11
4711.87
4745.04
4756.79
4757.39
4775.54
4802.92
4815.01
4819.01
4828.34
4840.53
4833.96
4817.28
4810.62
4809.42
4809.32
4809.82
4803.82
4794.23
4796.63
4805.72
4813.54
4820.63
4826.51
4831.71
4836.33
4840.63
4852.97
4869.95
4872.98
4867.88
4876.51
4893.19
4905.8
4915.99
4928.37
4942.06
4971.83
5011.29
5038.13
5057.32
5095.4
5145.05
5176.41
5196.5
5242.93
5305.77
5359.52
5407.58
5425.53
5424.43
5459.86
5518.6
5553.09
5571.97
5589.76
5606.84
5611.79
5608.79
5614.4
5625.69
5621.5
5607.01
5590.67
5573.09
5548.71
5519.74
5504.43
5498.44
5496.71
5497.91
5505.01
5516.2
5529.04
5543.02
5556.89
5570.68
5578.68
5582.57
5589.79
5599.38
5588.31
5562.33
5556.9
5566.39
5571.61
5573.71
5579.71
5588.6
5615.94
5657
5668.44
5657.65
5657.66
5665.85
5668.95
5668.15
5679.43
5700.01
5723.18
5748.36
5761.75
5765.95
5756.51
5736.33
5725.9
5723.2
5720.78
5718.58
5718.04
5718.84
5716.17
5710.67
5713.91
5724.3
5719.75
5702.87
5690.78
5682.69
5686.23
5699.51
5690.5
5662.62
5647.21
5642.41
5648.31
5663.4
5669.27
5667.18
5671.75
5682.14
5683.7
5677.51
5688.32
5714.19
5730.2
5737.39
5733.39
5719.3
5734.33
5775.79
5775.62
5737.35
5718.27
5716.87
5721.02
5730.31
5734.59
5734.19
5728.55
5717.96
5726.57
5753.45
5781.44
5810.51
5815.45
5797.07
5807.69
5846.55
5866.66
5868.35
5873.52
5882.11
5898.85
5923.73
5935.85
5935.15
5931.47
5924.78
5946.27
5996.52
6024.21
6028.71
6044.09
6070.77
6095.19
6117.27
6152.49
6201.54
6229.66
6235.55
6267.7
6327.94
6363.91
6373.7
6408.24
6469.68
6502.37
6503.57
6522.24
6560.2
6592.26
6617.73
6640.29
6659.57
6676.41
6690.5
6692.26
6679.97
6671.91
6668.71
6676.95
6698.43
6691.83
6652.47
6612.28
6571.12
6547.88
6545.89
6525.22
6482.27
6456.94
6452.84
6444.01
6429.42
6412.05
6391.27
6373.85
6360.56
6356.18
6362.88
6352.9
6322.03
6308.82
6317.91
6318.47
6308.18
6311.94
6333.72
6346.13
6346.43
6357.14
6381.41
6409.1
6441.27
6475.16
6511.32
6543.98
6571.95
6598.35
6622.62
6665.76
6734.49
6786.14
6814.41
6842.1
6868.97
6890.37
6904.15
6932.46
6981.11
7024.13
7059.2
7094.64
7130.6
7159.72
7179
7204.2
7237.96
7264.21
7279.5
7310.27
7363.82
7415.63
7464.89
7507.57
7540.44
7573.27
7606.04
7631.07
7644.36
7664.79
7696.16
7737.1
7792.85
7834.38
7853.76
7854.29
7825.22
7830.45
7889.99
7957.15
8036.47
8107.79
8166.23
8235.42
8322.03
8405.69
8484.51
8563.83
8643.95
8737.49
8853.38
8975.12
9106.69
9225.05
9321.06
9423.12
9535.51
9653.44
9780.92
9905.58
10025.4
10133.9
10222.7
10320.5
10434.3
10556.5
10693.5
10813.1
10901.2
11019.8
11193.5
11344.6
11454.2
11565.3
11679.1
11791.6
11901.4
12017.8
12146.4
12258.7
12340
12427.1
12525.1
12614.6
12687.9
12759.8
12829.1
12902.2
12982.6
13039.2
13048.9
13082.3
13163
13231.8
13276.9
13312.5
13328.5
13341.2
13347.4
13351
13349.1
13339.3
13313.1
13291.1
13278
13272.1
13281.7
13286.7
13282.1
13277.4
13272.4
13248
13181.1
13142.3
13165.1
13150.5
13053
12956.8
12863.6
12790.5
12762.7
12710.1
12600.8
12481.8
12340.3
12222.6
12160.2
12095.3
12024.6
11955.5
11889.7
11832
11793.5
11758.3
11731.3
11718.4
11739.8
11756.6
11762.1
11783.7
11845.3
11910
11982.5
12049.8
12104.4
12179.4
12306.7
12424.8
12519.5
12609.6
12687.7
12782.3
12920.8
13049.9
13154.2
13263.2
13384.8
13495.5
13576.6
13687.5
13880
14051
14162.6
14278.4
14405.9
14516.8
14580.9
14639.7
14683.3
14726
14766.2
14804.9
14839
14862.3
14854.1
14844.2
14829.1
14821.9
14838.4
14838.2
14787.3
14739.2
14699.3
14660.3
14624
14592.7
14577.3
14551.3
14491.8
14430.3
14362.8
14304.3
14275.4
14240.4
14185.6
14118.7
14011.6
13912.1
13838.1
13765.9
13699.6
13651.6
13665.5
13662.6
13601.2
13546.5
13515.5
13481.1
13434.7
13392.3
13364.4
13335.2
13301.3
13268.8
13241.7
13220.9
13223.3
13216.9
13177.7
13137.1
13091.9
13058.8
13072.5
13074.9
13033.2
12993.1
12959
12924.3
12886.9
12860.7
12879.1
12882.3
12823.1
12766.1
12718.3
12673.9
12643.2
12613
12585
12555.2
12518.1
12477.2
12419.7
12355.4
12261.3
12184
12182
12160.5
12050.8
11956
11929.5
11886.2
11765.5
11649.3
11554.1
11464.3
11400.4
11332.2
11243.5
11151.8
11045.4
10946.6
10886
10814.2
10686.2
10567
10492.6
10418.7
10347.6
10271.8
10171.3
10077.1
10015.7
9949.06
9854.45
9768.3
9728.64
9687.88
9641.03
9590.46
9518.83
9448.77
9387.73
9331.66
9304.69
9272.17
9206.74
9140.99
9073.35
9015.96
9021.35
9017.66
8957.32
8902.61
8883.63
8857.54
8785.61
8717.73
8676.37
8637.9
8618.72
8593.93
8531.09
8473.8
8454.82
8435.58
8414.5
8395.02
8387.03
8378.53
8366.34
8354.06
8341.07
8330.08
8334.17
8338.84
8347.93
8356.3
8359
8360.12
8348.53
8337.7
8333.1
8329.53
8334.53
8338.17
8330.28
8319.06
8278.8
8248.32
8304.96
8355.49
8350.4
8342.57
8309.3
8281.97
8311.14
8338.03
8342.62
8343.41
8306.25
8273.35
8284.04
8290.69
8255.02
8219.88
8190.31
8160.15
8123.59
8086.93
8049.16
8009.8
7951.86
7894.3
7841.35
7788.24
7733.2
7677.65
7615.81
7554.05
7493.31
7432.63
7372.69
7314.02
7272.86
7231.5
7187.34
7142.47
7087.02
7031.93
6982.18
6932.15
6877.8
6823.61
6771.96
6720.32
6668.77
6617.94
6579.78
6540.07
6472.14
6404.41
6340.57
6275.97
6196.35
6117.3
6050.07
5982.03
5896.61
5812.6
5760.35
5706.51
5614.8
5523.23
5435.01
5347.04
5265.42
5185.19
5144.13
5101.48
5011.16
4920.86
4830.64
4741.29
4681.04
4620.12
4534
4448.62
4392.58
4336.1
4260.77
4185.55
4115.12
4044.96
3989.42
3934.32
3905.55
3876.12
3802.99
3730.2
3683.55
3636.67
3569.64
3502.37
3408.46
3314.35
3191.67
3069.03
2953.54
2838.03
2712.25
2586.47
2461.5
2336.52
