408.667105
430.656776
446.731515
476.039996
500.304695
512.304981
545.524169
570.226398
603.344164
647.028773
678.636135
718.984755
769.472791
822.345305
879.186331
930.099062
982.426250
1046.169211
1098.763308
1161.395714
1235.181864
1284.445489
1340.504539
1393.520677
1448.365141
1488.915639
1539.990508
1596.514492
1655.576692
1710.685725
1766.547406
1838.084689
1916.615000
1997.712542
2071.199286
2119.070451
2234.804783
2312.273308
2370.226347
2441.640000
2502.067326
2555.845094
2607.284286
2657.806692
2695.880301
2722.574350
2747.765451
2772.865895
2814.671974
2882.075047
2938.778797
3012.198553
3066.152203
3141.387782
3247.349454
3361.525865
3493.855800
3626.160301
3739.106203
3849.275009
3986.580677
4116.993729
4258.617989
4419.213910
4558.825789
4707.980207
4873.450038
5020.762932
5198.679642
5338.438647
5469.806045
5589.430226
5727.375593
5843.676729
5923.280677
6046.767180
6150.538459
6290.637966
6420.109398
6530.917444
6673.353051
6810.352895
6962.225602
7124.630056
7265.290358
7434.381203
7638.171805
7794.844718
7981.687632
8188.587782
8326.191071
8496.164068
8607.076541
8724.651281
8816.403741
8881.193797
8960.929171
9062.807500
9174.084286
9200.928797
9202.663333
9215.297143
9195.771278
9157.614023
9147.313214
9125.464652
9136.219098
9132.370677
9108.766654
9143.565424
9209.156729
9246.433252
9305.262368
9391.018421
9441.816992
9536.820789
9696.696460
9858.536541
10040.846271
10222.277444
10434.533083
10702.567608
10962.347932
11280.118609
11537.050376
11745.962900
11983.898872
12148.498496
12251.073684
12348.348684
12381.165348
12378.961654
12429.533898
12482.181955
12529.156497
12574.748872
12668.388722
12801.424294
12884.397744
13003.064098
13031.734398
13073.437476
13176.805263
13217.801128
13257.514878
13348.860526
13421.574576
13481.372180
13590.237288
13747.830075
13829.169549
13862.398308
13899.004135
13995.593220
14074.931391
14094.534586
14098.263910
14163.888701
14269.735902
14359.277820
14389.697740
14402.419737
14470.770056
14577.157143
14679.079135
14793.068233
14835.864286
14915.320301
14970.470489
15022.359887
15062.420301
15102.577068
15098.145113
15124.452166
15080.968421
15063.643045
15108.818644
15093.700000
15094.303766
15212.434774
15308.150752
15366.006015
15540.491541
15692.556391
15819.351128
15975.374576
16169.917669
16350.595113
16565.766165
16872.275752
17134.181767
17414.880451
17760.989474
18065.780263
18318.300565
18590.586090
18858.436842
19081.036842
19292.345198
19478.027820
19707.808459
19823.182674
19937.675940
20021.754237
20027.104511
20036.526316
19929.760075
19929.243421
19934.528947
19951.492105
19966.514501
19981.118233
20001.653383
20021.378195
20053.557895
19965.298496
20036.319173
20147.696422
20240.182143
20270.450282
20381.748872
20464.885526
20576.558192
20732.593985
20858.600000
20958.950000
20998.685876
21015.025564
21023.375000
20922.811090
20711.148120
20523.379661
20326.943797
20097.533898
19815.718797
19447.374765
19086.747556
18671.827444
18347.201130
18027.608459
17637.639474
17274.621053
16898.736723
16511.790414
16177.767293
15906.796987
15686.724248
15495.577401
15285.353383
15172.355556
15068.296053
15048.656767
15101.828571
15165.579135
15208.026742
15267.928571
15305.819361
15349.844737
15349.882109
15408.023684
15433.624812
15410.998305
15490.954887
15597.795857
15676.443985
15822.453107
15836.731955
15935.878195
15963.518985
16068.761654
16144.853672
16211.834398
16223.581921
16200.505263
16243.976648
16248.358835
16220.253383
16207.060150
16164.390602
16062.453107
15945.310902
15902.361654
15870.963346
15802.421053
15733.114286
15631.937218
15495.112429
15441.242857
15284.940038
15098.371053
14875.700000
14676.027820
14471.685338
14253.160640
14087.905263
13972.635405
13849.299624
13764.080451
13771.528814
13795.766353
13845.991353
13985.150376
14152.215819
14317.856955
14503.803008
14714.584211
14944.500000
15163.353383
15438.448496
15694.834463
15884.147932
16130.124294
16422.102256
16583.022368
16705.040490
16864.100000
16984.988722
16936.079323
17084.452542
17090.175188
17055.202632
17028.111842
16944.792105
16906.663277
16789.651128
16629.651789
16503.399248
16403.793220
16294.231015
16128.376692
15947.055744
15795.060902
15744.067857
15668.334586
15550.907156
15413.398496
15368.928947
15329.021053
15229.606579
15179.083616
15141.532331
15078.633898
15062.640038
15027.652919
14914.338722
14820.484962
14766.927119
14716.415038
14687.701130
14584.535714
14493.350659
14414.271429
14335.956685
14292.818421
14123.947368
14002.708475
13948.381391
13857.945763
13647.715414
13455.230508
13297.834023
13082.863910
12891.258647
12723.017669
12502.526554
12292.553759
12102.427119
11934.162218
11817.217137
11604.205263
11421.768421
11256.339925
11133.247368
10988.305085
10848.975940
10716.905085
10595.095489
10461.833459
10320.262218
10248.993985
10139.519397
9992.844925
9954.702105
9812.976165
9781.412429
9706.598684
9680.060789
9612.107495
9538.249680
9531.406064
9510.511654
9490.182354
9516.720564
9563.020827
9577.098496
9558.378703
9564.391488
9560.369323
9527.281391
9516.734087
9536.991729
9484.879474
9423.979605
9481.233559
9568.181429
9532.494361
9485.060545
9478.360526
9480.185000
9434.364004
9350.647345
9263.595714
9162.814972
9085.061297
8926.193571
8844.059247
8692.972932
8561.313684
8411.816316
8326.449190
8209.005940
8110.032256
8019.720564
7909.347575
7803.345556
7726.183985
7626.478588
7508.422143
7399.791620
7231.746165
7129.237068
6977.940847
6812.223008
6664.916842
6496.911316
6358.196667
6194.738083
6021.713778
5874.078534
5722.776466
5552.755932
5394.205301
5253.560226
5110.036015
4958.309492
4815.524342
4696.489023
4551.481507
4420.390395
4355.224859
