26.225742
29.048631
25.719470
25.847580
26.741278
30.947037
37.148531
35.846675
35.055239
38.581411
42.812362
45.484553
45.243468
45.767563
48.902751
54.770816
64.200799
64.168053
62.954364
67.396000
74.708875
75.569411
75.249254
86.457412
88.697841
86.933064
91.529093
97.122760
98.486795
100.713220
110.272023
116.970070
115.043316
120.645661
120.189820
128.069617
136.359947
135.014917
140.950416
141.461286
147.536953
157.764974
160.866857
166.967496
170.128835
168.625968
171.609556
176.113203
172.919211
169.773951
172.440857
173.304996
177.479525
189.616000
194.930567
196.713070
206.945431
210.562977
213.509034
221.983420
224.702594
230.192712
242.947547
256.086910
264.647105
270.161441
281.763483
288.075383
293.825944
305.758887
316.923966
337.842105
339.500644
336.992190
342.518662
356.010759
363.543034
367.969559
369.724902
375.954667
384.068028
388.043526
401.112233
401.567083
408.132655
423.537113
427.130883
434.155957
446.473654
462.593177
466.103549
479.766932
485.472098
486.671117
495.256263
510.995150
519.456245
516.329789
517.654179
520.727053
514.809345
514.452429
526.313966
525.408019
504.795643
516.809827
517.394165
509.592263
516.913438
515.950689
515.052868
512.417397
510.533697
522.933684
535.921098
529.771152
519.410789
528.039519
542.779627
549.757786
557.931398
569.938795
581.574096
588.520393
615.241917
632.023041
633.776239
641.333233
651.969263
660.500658
660.561930
650.604380
663.372281
661.629305
665.835932
666.235459
661.447921
653.213667
671.747677
673.028970
667.019391
676.491520
686.768218
690.020639
690.984522
685.350974
681.081034
688.276850
689.848864
693.935857
692.567648
695.555823
699.329534
707.068448
715.468246
710.695338
702.325414
707.235492
708.272395
714.306113
717.103930
711.124895
703.556320
711.311143
730.608820
719.069173
723.390357
737.793778
730.405237
732.152407
721.299414
730.058086
733.185637
738.732235
730.152113
729.787534
726.049915
713.605158
706.745620
702.074404
709.212237
735.413722
713.497895
722.630511
726.224451
733.730571
733.163861
740.795647
744.260996
756.653944
761.222880
779.076346
797.326947
793.026342
790.826785
811.845729
835.327410
845.413846
846.137444
845.117970
861.227013
858.840008
859.533365
856.989559
866.276714
855.997496
850.717347
849.858353
858.215553
857.714447
845.183780
842.148190
844.262444
832.307060
826.043744
837.074310
832.316143
822.767488
826.212923
816.560296
811.470767
829.528667
825.322322
840.417263
839.546132
837.298500
838.884365
840.647789
837.488321
829.193233
824.141323
813.158559
812.373154
795.264814
776.787331
771.886337
755.628383
741.764158
721.373441
700.135250
691.151816
675.958684
656.584542
640.052759
634.444440
628.504669
610.246028
598.260874
579.976654
567.138111
566.182158
563.755008
555.064944
545.327355
547.018347
544.006564
556.026327
548.187539
541.342354
546.963320
551.212586
549.778017
544.255624
537.771237
543.980019
559.001689
555.848199
565.846451
552.472447
550.115361
549.604373
548.058137
545.308567
554.157447
551.383802
549.956419
556.893098
548.230925
535.077353
539.150023
534.572925
530.656207
526.240177
523.575812
524.980857
509.656434
520.771422
516.277714
510.042171
498.499842
491.063000
488.418180
473.063147
464.524480
471.282835
467.096797
453.508682
450.432256
444.096718
437.966139
449.113393
441.675605
437.860405
446.828045
448.854835
451.110263
455.266250
459.163485
465.544474
471.105119
476.853985
483.672156
489.913789
493.925169
487.571051
501.778981
500.850342
501.997868
491.565136
500.301271
500.209895
491.950658
491.611842
490.117872
475.750024
482.147510
482.856541
468.435486
461.675393
450.471737
453.013550
452.569682
443.616436
441.591346
426.063171
420.028972
424.821827
424.880842
422.313500
424.234876
414.775767
407.009685
404.487741
405.257508
403.632383
395.342308
398.822407
409.316789
402.613279
384.661036
395.174542
384.669045
382.122765
380.312342
368.954842
368.451203
369.046455
356.097160
352.318932
348.252222
340.736432
337.971361
328.224353
327.939239
325.729299
313.088252
315.040836
311.097767
300.827787
295.184053
292.275855
294.672412
280.862624
273.598390
272.527976
266.848627
262.488436
256.907427
248.900081
249.988173
247.167121
248.034812
239.520932
236.388338
234.001096
230.323474
228.232368
225.442913
224.588385
224.230606
224.924850
222.806531
219.162267
217.300891
219.297038
221.193848
215.216497
218.019677
213.307233
220.211614
216.748147
211.998421
212.209974
219.433339
214.131489
213.868598
207.339090
212.720680
217.755071
214.979030
212.956051
206.661286
202.380237
203.536402
195.081571
205.077680
192.819169
189.189750
186.870526
180.357217
183.501117
176.355207
169.996914
163.753173
165.458480
169.512323
166.690068
159.768692
154.906275
157.244150
154.412276
151.701627
144.679632
142.572158
138.530105
136.569456
141.613744
128.306066
123.160632
118.572414
118.973610
117.626842
110.492249
104.722797
99.379995
92.825468
92.712515
94.939377
87.961991
91.714436
