620.866053
645.001716
668.528085
700.075782
743.715153
783.455767
846.575847
894.582233
943.748576
997.730690
1053.903647
1134.192467
1208.783440
1276.942147
1362.273835
1454.632994
1558.468947
1645.561053
1732.972143
1821.510789
1899.688475
2020.444060
2106.501883
2173.157331
2251.968418
2330.912707
2421.413252
2515.989060
2624.914135
2713.597307
2793.206429
2913.871394
3040.958158
3154.571695
3235.435602
3329.407218
3475.487721
3551.234229
3653.990772
3736.180714
3846.870527
3935.388985
4010.194286
4075.423233
4121.894774
4152.453315
4196.991241
4255.760697
4306.990132
4385.603691
4496.291504
4594.199680
4699.408079
4850.152256
4953.887910
5120.974229
5309.559642
5476.785940
5658.572444
5838.812241
6032.997707
6220.982373
6418.989624
6619.774511
6837.373158
7101.453597
7296.484173
7514.689699
7728.738663
7946.533835
8185.651356
8381.280902
8483.407571
8607.163402
8773.388947
8913.953083
9061.821447
9224.562750
9436.681880
9648.510226
9819.545989
10008.209474
10199.921429
10415.346805
10645.888889
10898.451128
11155.495677
11378.606955
11608.627444
11877.919549
12049.524060
12255.130508
12406.176692
12576.870998
12741.384023
12840.289098
12901.394350
12962.173684
13041.717857
13093.751880
13036.805085
13034.614286
13001.425188
13075.650752
13022.328571
12977.615631
12935.095489
12900.749624
12906.312406
12974.279661
13053.809023
13121.001880
13184.581579
13281.452632
13424.020301
13553.671053
13717.821469
13947.987218
14191.354237
14537.625188
14856.712782
15249.187194
15555.970677
15889.717857
16192.743985
16510.326554
16716.794925
16848.231579
16953.815789
16997.661842
17027.851789
17076.914662
17057.028060
17090.857707
17184.332203
17319.895489
17382.060714
17571.575141
17647.186090
17774.308083
17816.754699
17844.219962
17906.963910
17967.621805
18013.844444
18118.436842
18251.618644
18329.008647
18436.435593
18558.748120
18662.418609
18790.748308
18813.598872
18799.864218
18810.858271
18868.445865
18903.490977
18947.171186
19018.734398
19033.577820
19099.619962
19177.976316
19244.756874
19346.000000
19435.012406
19603.967481
19662.871429
19733.204511
19840.286466
19906.903013
20018.679699
20034.664474
20050.688534
20067.127872
20036.447744
20024.478383
20054.018644
20119.521053
20190.786064
20303.629511
20476.083835
20601.435338
20752.583459
20921.509774
21113.196992
21319.970056
21550.231203
21822.884211
22065.637594
22348.166353
22839.703008
23147.901504
23471.057895
23875.001316
24197.783616
24523.793609
24897.425564
25159.125376
25435.745951
25698.117293
25916.590789
25972.061205
26132.757895
26170.845763
26243.800000
26172.660150
26140.020904
26204.216917
26177.668421
26233.210526
26261.177966
26193.756015
26130.593985
26069.321053
26087.705263
26129.077632
26053.483835
26047.938795
26153.816729
26260.374765
26394.017293
26573.784962
26660.197175
26809.080075
27021.789474
27147.100000
27109.364972
27036.948872
26939.471429
26723.596053
26481.829699
26227.467797
25837.888910
25471.544068
24939.084962
24513.949906
24060.964662
23635.565414
23097.589831
22576.331203
22056.496053
21584.352632
21171.792655
20750.936090
20336.119549
19957.636158
19610.962406
19367.448399
19250.116541
19205.055556
19088.501316
19130.654511
19155.754887
19189.372932
19280.438230
19308.259398
19314.059398
19369.936842
19333.779849
19367.739850
19497.466729
19572.267797
19585.407519
19650.351977
19822.687594
19889.586252
19962.954887
19985.512218
20121.659398
20190.191729
20218.863842
20248.016165
20340.455744
20308.507895
20265.355179
20240.832143
20219.618045
20144.458647
20026.183271
19949.776271
19861.628947
19763.434211
19690.020677
19581.496992
19492.671429
19386.587406
19199.014689
19010.935714
18758.937030
18520.832895
18236.900000
17997.123308
17754.530827
17496.363653
17235.360526
17064.251224
17070.622932
17020.630075
17004.874576
17127.132331
17254.512406
17337.920677
17546.752919
17789.322556
18030.333835
18302.063158
18574.123684
18909.980639
19320.360902
19644.984181
19957.720113
20288.009040
20503.131579
20723.630639
20951.975141
21129.001504
21232.682707
21295.268609
21360.910169
21257.118045
21231.074248
21169.731579
21099.984211
20934.477778
20793.609211
20684.540490
20490.551128
20285.021469
20164.359774
20034.719925
19873.848399
19760.043609
19653.297744
19457.106767
19377.892844
19288.431015
19226.213910
19061.560526
18965.409211
18847.727872
18823.739850
18803.661394
18724.974812
18636.470810
18562.447368
18486.482143
18380.823729
18317.330075
18331.871563
18180.064286
18046.637665
18000.980827
17947.503390
17735.459211
17586.184211
17492.774011
17343.454323
17159.316949
16938.380075
16722.971940
16505.536466
16214.115789
15905.612030
15672.312782
15445.170621
15193.598496
14988.429944
14766.769737
14542.078719
14306.363158
14095.998684
13930.798870
13790.474436
13654.954237
13503.459962
13347.461017
13180.480451
12998.561654
12859.950940
12766.057143
12611.625800
12494.138722
12377.999248
12212.659398
12095.493220
11986.307895
11994.550000
11911.960452
11875.412970
11864.609416
11835.156391
11813.955932
11806.837782
11807.951880
11831.846992
11851.911842
11818.085876
11786.837594
11768.681015
11681.963277
11742.268797
11743.510526
11697.355263
11739.703390
11764.639098
11766.478383
11724.829135
11662.731203
11609.357143
11542.679887
11448.785311
11325.314286
11183.629379
11078.729699
10898.657143
10771.066855
10660.461278
10496.038158
10291.494737
10183.447269
10087.199624
9949.451955
9860.426504
9711.350320
9559.474237
9408.075639
9263.899680
9143.205432
8967.287495
8783.416053
8608.671278
8435.702373
8176.538346
8062.526316
7789.464605
7584.949077
7383.881617
7216.302820
6991.561748
6786.450526
6619.116949
6419.515338
6215.855254
6051.572331
5893.131808
5729.735207
5560.388797
5414.611525
5327.282895
5137.206667
