801.086105
833.931202
870.660577
925.917485
951.368864
992.859291
1048.768339
1104.010752
1176.977307
1236.477423
1321.340470
1395.584488
1474.311573
1557.545305
1633.212293
1734.755311
1837.052461
1944.391026
2056.398425
2135.050506
2260.431149
2373.307669
2448.308343
2554.505902
2677.613220
2779.024662
2867.943496
2949.269173
3060.149023
3179.731921
3289.473741
3415.045951
3542.736842
3663.572373
3784.554455
3941.185940
4047.894275
4172.593628
4309.359171
4414.432143
4549.753653
4656.179925
4748.912857
4863.149173
4960.381504
5014.507533
5092.463308
5193.358173
5248.626579
5321.626685
5409.558647
5477.054023
5631.384689
5768.164023
5952.375386
6138.626523
6346.323616
6549.845940
6743.781673
7010.860414
7277.112970
7518.965763
7768.342744
8010.595940
8256.734737
8545.635028
8823.864568
9100.098947
9404.633672
9694.735376
9969.797684
10186.860226
10390.022768
10664.004906
10907.255113
11117.005564
11277.900620
11468.376478
11710.686241
11946.589004
12177.421638
12429.946579
12679.955714
12952.021372
13205.066911
13502.843534
13824.692838
14097.109643
14441.505677
14738.832218
15018.931805
15297.763898
15578.044511
15813.455744
15973.750658
16162.508571
16326.105198
16382.604868
16497.514643
16621.943759
16681.486384
16726.145357
16690.898158
16659.864850
16656.162857
16635.370358
16643.839323
16644.622857
16648.684286
16650.224463
16726.739398
16853.802782
16987.081711
17137.076316
17295.528120
17472.891917
17692.355593
17958.715414
18274.341525
18667.120056
18971.827519
19316.836761
19836.891203
20288.070338
20765.205827
21210.940301
21561.400169
21859.510150
22119.052632
22321.119474
22444.761186
22524.637180
22683.925800
22815.971805
22903.099247
23021.833835
23180.506767
23318.028249
23493.581203
23752.893797
23923.380639
24069.905085
24160.339098
24278.902256
24414.924105
24520.650000
24669.796610
24850.065602
24976.886441
25202.795489
25351.683647
25502.399060
25683.821053
25826.265348
25898.496241
25929.336090
26020.080451
26207.754802
26301.469925
26350.012782
26477.893220
26672.057895
26813.545763
26938.085714
27124.494173
27194.716165
27301.764286
27442.574060
27578.779135
27706.934087
27724.428571
27756.500940
27772.689662
27751.507910
27768.485714
27759.846617
27727.655932
27726.910526
27823.657627
27945.875752
28058.327444
28340.601880
28612.036654
28748.978195
29091.871429
29401.222599
29667.862594
30037.828947
30495.766165
30810.004323
31282.734774
31797.095489
32323.778947
32895.593421
33471.180791
34012.899624
34474.426316
34874.673496
35329.107156
35662.129323
36023.945301
36235.734840
36361.624812
36584.767797
36737.182707
36709.323308
36745.835970
36768.248308
36690.914474
36657.215789
36713.375706
36784.081767
36825.858647
36882.344361
36971.359586
36963.381579
36990.735338
37095.460640
37254.915789
37430.815066
37546.886466
37720.578571
37863.168927
38136.813910
38335.302632
38476.350000
38644.703955
38704.824812
38614.560714
38486.222744
38312.826692
38082.847458
37804.918985
37371.844068
36859.024812
36279.121657
35674.836842
34974.596617
34435.450094
33815.445301
33063.239474
32376.210526
31772.636158
31141.466353
30539.586842
29988.761582
29490.387970
29155.684369
28735.597744
28409.922222
28147.985714
28167.398496
28060.488722
28078.489474
28200.145009
28310.879699
28490.977068
28606.292105
28650.239360
28683.870677
28739.163346
28860.455932
28954.911278
28965.882863
29153.231203
29358.306968
29422.405263
29635.321053
29754.053195
29863.591729
29999.127684
30067.772556
30189.822599
30271.123684
30268.304143
30285.492481
30308.499248
30271.137594
30169.751880
30054.742373
29942.842481
29764.607895
29656.110902
29479.978195
29383.985714
29236.805451
29095.623352
28857.071429
28614.403947
28242.785526
27932.700000
27589.867669
27263.147556
26931.597175
26609.568797
26347.899812
26097.410526
26008.164662
25987.238418
25986.457519
26077.028947
26227.725188
26466.802260
26673.614098
26982.798496
27351.542105
27701.350000
28072.438158
28505.564286
28977.622599
29390.455639
29817.443691
30313.947368
30673.326316
30980.396045
31197.199248
31412.901128
31590.444549
31691.432203
31700.837594
31610.196053
31548.850000
31483.165789
31336.474765
31171.059023
30939.137665
30662.606015
30421.434463
30226.901316
30019.046992
29737.704143
29537.981015
29310.331579
29086.621805
28829.622599
28744.327820
28575.138346
28424.326316
28318.050000
28124.809981
28080.383459
28011.348023
27881.381579
27809.099058
27720.134962
27550.263910
27385.798305
27286.944361
27230.453484
27046.457143
26843.012429
26741.268421
26566.936347
26401.315789
26247.315789
26043.106215
25751.464850
25523.947081
25279.896241
25007.172693
24705.292293
24363.898496
24027.673684
23620.710714
23347.442938
22965.363534
22664.723729
22303.922594
21972.289510
21651.698421
21303.601316
21010.186987
20714.512218
20485.012712
20204.706353
19897.194237
19637.019173
19410.069023
19216.975658
19042.540752
18858.666516
18629.179211
18460.569925
18306.614060
18093.001808
17949.052105
17808.812105
17697.575085
17613.075808
17554.735744
17515.220150
17482.103239
17481.039436
17508.581015
17553.312932
17576.122951
17503.062090
17492.495714
17449.096692
17480.667815
17394.616391
17418.137895
17349.567895
17431.983559
17460.083083
17484.340902
17464.734981
17481.924511
17479.536429
17428.396673
17332.794576
17172.805714
17019.928249
16841.678759
16683.895000
16460.536139
16201.936053
15951.188421
15752.010526
15500.730716
15328.497406
15070.382857
14947.037857
14719.036053
14507.088437
14370.654737
14188.213729
13962.143214
13745.454878
13576.724474
13358.636955
13072.063220
12779.354737
12496.362105
12300.178947
12032.258456
11753.944436
11443.070977
11116.545564
10824.083383
10562.248927
10287.823778
9997.477740
9706.062444
9419.722712
9149.431297
8883.802857
8641.469906
8404.874098
8156.639661
