729.499579
756.925429
796.768139
821.967914
881.568322
918.837897
971.869288
1027.177564
1086.836124
1155.754737
1226.494237
1312.923279
1417.739987
1504.639243
1582.377444
1682.156910
1787.793289
1912.595605
2031.637733
2119.076880
2249.141808
2344.783233
2432.242806
2532.061109
2612.373333
2724.332368
2829.348083
2925.600714
3016.059699
3126.627062
3257.577820
3383.818079
3502.467632
3601.330847
3726.281259
3894.004060
4014.106252
4180.744342
4296.959322
4410.507857
4492.574011
4585.658252
4662.730000
4766.062707
4819.100414
4871.990264
4933.514699
4959.022900
5030.276184
5149.080923
5232.895639
5330.034944
5509.958249
5667.901316
5827.494181
6054.909173
6231.739812
6444.796090
6647.498534
6880.852429
7099.946992
7349.437627
7567.001485
7780.950752
8052.020526
8319.601544
8574.543365
8872.340602
9162.574011
9412.867801
9578.467458
9822.667970
9958.845763
10183.142688
10376.820000
10529.240827
10723.530301
10890.880640
11109.848722
11354.469455
11554.931695
11776.107632
12015.154474
12303.958534
12594.944294
12881.829699
13166.800000
13427.906748
13726.539023
14019.155602
14286.471485
14527.380169
14747.285489
14904.181601
15062.055658
15201.404211
15312.073070
15401.496447
15454.765714
15504.549323
15586.862599
15518.836071
15529.497932
15466.646692
15472.156071
15437.858889
15290.783910
15291.615940
15366.890132
15418.161864
15461.024962
15549.238214
15642.563947
15733.558947
15821.586842
16025.730470
16222.326780
16402.770038
16687.837966
17063.447838
17423.464812
17881.206478
18326.533402
18758.203891
19158.392820
19556.165273
19801.157707
19952.242632
20101.689474
20210.107237
20243.310132
20209.758383
20207.322806
20273.780846
20298.037024
20443.001504
20637.698496
20729.549718
20853.050376
20949.867857
21034.638346
21105.731638
21193.345113
21208.548308
21270.477024
21353.097368
21464.628814
21667.238722
21849.737288
21994.756391
22083.465602
22180.785150
22286.145489
22310.880226
22291.548120
22330.967669
22342.441353
22388.378531
22475.098120
22530.887594
22594.661017
22660.619737
22745.861959
22915.585714
23051.953947
23095.350376
23236.285714
23346.708647
23451.921805
23474.474576
23426.116541
23455.204699
23460.876504
23471.600565
23502.118421
23458.904699
23398.677966
23467.747368
23576.045951
23671.292669
23778.746241
23933.537594
24103.752256
24408.628759
24612.836842
24826.788701
25106.911090
25395.492105
25716.219173
26022.158647
26517.665977
26895.954887
27332.421053
27774.893421
28199.872881
28663.000376
29060.278571
29305.668233
29617.192090
29899.642857
30165.841917
30273.092279
30360.779323
30459.684746
30557.645489
30543.431579
30472.327872
30457.055827
30440.657895
30421.886842
30393.396987
30326.482143
30302.292481
30314.054135
30248.043421
30158.882331
30333.931955
30355.512618
30408.794173
30546.151789
30612.544361
30801.507331
31074.244633
31238.892857
31445.428947
31590.300000
31564.671940
31473.757143
31330.525000
31105.993045
30831.201504
30467.393220
30111.744173
29727.074576
29303.574436
28776.899812
28210.300376
27677.130827
27120.981544
26502.168233
25824.393421
25255.726316
24765.181356
24281.957143
23777.451504
23314.806780
22993.893985
22727.977966
22522.173684
22345.055556
22307.412406
22259.171429
22251.498872
22379.181391
22443.516573
22562.857143
22625.425752
22593.471053
22624.742938
22661.893985
22717.681203
22797.661017
22860.351128
23025.677589
23174.626128
23218.142750
23368.786466
23467.797932
23503.679323
23553.037594
23649.569492
23685.933083
23724.315066
23741.368421
23735.959510
23755.055263
23707.665414
23606.478195
23521.359774
23420.348023
23347.935338
23283.366353
23177.352256
23075.167669
22927.957143
22744.256579
22563.006968
22323.714286
22118.897368
21896.978947
21517.000000
21189.130075
20912.746992
20566.564143
20269.907444
20149.986139
20086.600489
20063.756241
20008.655198
20160.528421
20281.387838
20470.385000
20696.940301
20980.811466
21241.693985
21503.773684
21918.997368
22208.643985
22490.818421
22922.585876
23360.129887
23719.901507
24039.121053
24317.768421
24570.605461
24822.648872
24958.577820
25037.932519
25096.066102
25047.034586
25024.478571
24960.643421
24785.642105
24665.749341
24484.897368
24249.445951
24052.717293
23861.708475
23687.688158
23577.195113
23357.225047
23223.785714
23106.393233
22901.322556
22796.229944
22721.520677
22592.690602
22457.271053
22365.006579
22270.223729
22187.706015
22109.587759
22014.261466
21963.735593
21906.297744
21812.937970
21773.516949
21603.978947
21519.517891
21408.614286
21348.066102
21189.136842
21101.774765
21058.568421
20858.442105
20680.090960
20460.284286
20229.135725
19985.904211
19738.855913
19485.874887
19203.742857
18932.266992
18657.198571
18374.190056
18046.877895
17781.374463
17606.223308
17307.696855
17051.567368
16847.006579
16599.663616
16409.349737
16256.468305
16076.526278
15857.305932
15674.856165
15518.478064
15366.602218
15226.430226
15041.420979
14917.705695
14789.626391
14680.252556
14542.241582
14429.217105
14325.101053
14241.413616
14216.938327
14219.004896
14154.113985
14075.211281
14133.787726
14222.413346
14203.264925
14175.020827
14195.106497
14206.243684
14154.681316
14151.358249
14108.106504
14108.843684
14132.490395
14134.862203
14168.463083
14194.166729
14188.317331
14146.881842
14102.012857
14008.956222
13855.415932
13715.402857
13580.510339
13385.959041
13188.790714
13009.724369
12873.757500
12714.788684
12521.661053
12332.348531
12223.005038
12070.015188
11863.770263
11717.474605
11602.048362
11449.234887
11271.101130
11055.278102
10821.610113
10682.014173
10520.988647
10312.297458
10078.608120
9830.383158
9579.635526
9325.048569
9081.768346
8872.845113
8600.055301
8329.122782
8094.316949
7898.575244
7689.404068
7450.985789
7258.547439
7073.665771
6864.654962
6673.088908
6488.903252
6360.450113
