82.1975
76.7029
71.2083
78.8808
86.5733
80.1289
73.6352
76.6801
79.7771
78.5109
77.2121
75.9134
74.6147
74.6988
74.7987
79.2359
83.7315
79.0777
74.2824
74.9855
75.7847
75.0161
74.2169
76.0581
77.9562
74.3889
70.6925
74.3013
78.0975
78.0056
77.8058
70.0391
62.047
67.8993
74.1931
73.9169
73.4174
72.0501
70.6514
73.6793
76.8761
71.046
64.8521
69.6793
74.9741
74.1479
73.049
74.5271
76.1255
75.9142
75.6145
74.6495
73.6504
70.0903
66.3939
69.7025
73.3988
73.7889
73.9887
79.0905
84.4853
81.037
77.0409
80.7429
84.9388
78.7359
71.8427
70.9326
70.433
71.053
71.7523
71.3345
70.835
70.3355
69.836
70.4489
71.1482
69.2573
67.1594
69.0308
71.2287
70.6631
69.8638
71.4546
73.2528
72.0241
70.5256
68.2033
65.8056
65.9653
66.3649
65.6709
64.8717
63.0721
61.174
64.2668
67.8633
68.9244
69.7236
66.6376
63.141
70.4634
78.9551
78.3606
76.7622
70.7651
64.2715
61.1816
58.4842
62.7581
67.8531
72.3239
76.7196
65.8991
53.2115
64.5854
78.9713
76.4362
71.7408
70.1392
68.9404
71.005
73.5026
66.9356
59.1432
62.8539
68.1487
64.2441
59.0492
60.7603
63.4576
68.1611
73.1562
71.4503
68.7529
75.0859
82.7784
73.144
60.856
58.1627
56.9639
57.2312
57.7307
63.9954
71.1883
71.4273
70.5282
71.2565
72.2556
65.7341
57.9418
61.66
67.3544
64.3719
59.8763
67.2629
76.7536
73.0347
66.9407
65.9155
65.8156
68.8342
72.4307
66.1047
57.9127
58.1101
59.9083
59.5304
58.7312
63.3596
69.054
69.4168
68.7175
70.096
71.8942
70.3759
68.178
66.2283
64.3302
66.8883
70.3849
71.3293
71.7289
70.8965
69.7976
69.1903
68.6908
69.0087
69.5082
67.5614
65.0638
68.2607
72.7563
68.9743
63.2799
68.7575
76.8496
77.1886
75.69
72.4191
68.7227
71.5362
75.9319
78.7242
81.1218
81.3601
81.0603
83.2339
86.0311
86.6
86.6
87.3939
88.3929
86.6993
84.3017
85.301
87.1991
83.581
78.486
77.5572
77.757
79.3682
81.3663
87.4315
94.6245
95.4978
94.5987
90.4309
85.3359
84.0447
83.8449
85.5035
87.7014
93.6838
100.777
100.397
97.7995
97.3537
97.5535
96.5269
95.1283
95.3352
96.0345
98.6402
101.837
97.732
91.3383
92.2277
95.4246
98.0161
100.414
103.415
106.612
107.099
106.699
109.228
112.724
110.155
105.56
107.163
110.86
115.599
120.694
117.913
112.419
114.038
118.134
123.561
129.455
132.548
134.646
131.303
126.009
137.211
154.394
159.366
159.865
165.616
173.308
181.728
190.419
196.137
200.732
206.557
212.851
219.145
225.439
239.935
257.618
264.25
266.548
275.715
287.604
302.846
319.43
334.306
348.492
364.31
380.794
397.773
414.957
429.317
442.504
460.406
480.287
495.254
508.142
531.878
560.25
580.805
597.988
614.475
630.66
651.216
673.694
702.332
733.701
759.618
783.095
813.523
847.09
869.129
885.912
911.249
940.52
968.563
996.037
1016.5
1033.68
1054.6
1077.28
1106.65
1139.22
1158.97
1172.56
1192
1214.27
1241.78
1271.85
1284.47
1288.47
1303.87
1324.94
1345.09
1364.77
1375.84
1382.53
1393.46
1406.54
1407.51
1402.21
1415.24
1437.82
1441.93
1436.34
1434.01
1433.41
1434.24
1435.84
1434.45
1431.45
1436.87
1446.86
1452.14
1454.84
1455.61
1455.31
1448.92
1439.12
1436.62
1438.22
1439.5
1440.6
1446.4
1454.89
1453.31
1445.92
1438.27
1430.48
1434.4
1445.19
1451.96
1456.36
1461.81
1467.91
1458.1
1438.72
1430.84
1429.94
1435.8
1445.79
1465.78
1491.96
1489.68
1469.7
1462.37
1462.97
1462.16
1460.46
1469.8
1486.18
1477.89
1453.71
1444.8
1445.8
1442.57
1436.58
1420.59
1398.01
1388.22
1386.92
1375.51
1357.33
1348.03
1344.73
1337.64
1327.94
1313.16
1294.88
1282.85
1275.16
1277.88
1287.87
1289.24
1284.55
1276.87
1267.08
1262.71
1262.21
1262.35
1262.95
1258.45
1250.26
1244.78
1241.28
1234.86
1226.27
1224.89
1228.89
1232.08
1234.68
1243.02
1255.71
1250.43
1231.45
1226.87
1233.36
1238.84
1243.54
1249.81
1257.3
1246.51
1221.34
1214.82
1223.11
1222.58
1214.99
1203.8
1189.71
1176.73
1164.64
1155.35
1148.36
1137.48
1123.4
1114.27
1109.28
1103.47
1096.97
1087.34
1075.05
1063.25
1051.86
1040.96
1030.47
1023.67
1020.07
1016.26
1012.27
1008.7
1005.5
1001.67
997.274
991.612
984.819
982.441
984.039
978.882
967.593
960.791
958.094
951.394
941.004
941.334
951.624
949.893
936.906
931.011
931.81
938.293
950.181
950.696
940.306
939.569
948.161
953.007
954.206
945.927
928.344
922.111
927.106
926.448
920.155
917.05
917.15
915.363
911.667
903.126
889.639
879.255
872.062
861.583
847.696
844.654
852.946
849.561
833.877
822.892
816.898
810.47
803.577
800
800
790.043
769.263
760.212
764.008
760.967
750.378
737.944
723.458
717.024
719.622
716.029
705.44
693.356
679.569
659.924
633.55
610.51
591.328
573.669
557.784
544.517
534.327
519.291
498.511
484.287
477.893
468.1
454.213
440.146
425.86
412.743
401.054
390.573
381.582
376.377
375.878
369.791
356.703
347.325
342.629
339.516
338.417
337.669
337.369
337.548
338.348
340.404
344.101
348.963
355.357
354.96
345.569
349.355
370.734
383.468
384.567
392.787
410.67
428.721
447.003
468.351
493.926
521.382
551.453
580.899
609.471
646.988
697.138
749.432
804.778
861.231
919.275
978.542
1039.58
1102.45
1167.99
1233.36
1298.5
1364.36
1431.29
1500.95
1574.68
1639.84
1692.09
1750.56
1818.49
1877.08
1921.33
1971.32
2030.16
2087.44
2142.29
2198.88
2258.23
2304.07
2328.55
2356.41
2389.68
2432.13
2489.38
2546.2
2602.35
2653.11
2695.07
2740.84
2792.88
2855.39
2935.32
3014.16
3091.18
3153.96
3192.62
3246.38
3325.9
3399.44
3462.68
3524.89
3585.33
3644.5
3701.45
3749.11
3780.38
3823.68
3888.42
3951.33
4010.97
4070.29
4129.04
4194.53
4272.35
4335.45
4371.42
4423.11
4504.03
4568.68
4602.85
4643.48
4696.33
4745.57
4787.93
4817.27
4821.56
4840.03
4885.98
4931.5
4976.15
5009.06
5018.75
5037.12
5072.78
5104.36
5127.74
5148.45
5163.73
5173.28
5171.08
5174.49
5189.47
5202.77
5212.56
5214.85
5201.36
5185.86
5166.08
5157.53
5173.02
5180.31
5169.92
5157.27
5139.69
5124.2
5113.31
5106.11
5107.11
5090.38
5033.93
4990.39
4976
4957.38
4929.11
4888.92
4821.29
4768.86
4751.78
4734.87
4718.39
4702.53
4688.14
4670.13
4643.46
4622.32
4614.52
4602.11
4578.43
4571.04
4603.71
4629.49
4638.19
4656.85
4700.51
4736.35
4752.44
4774.17
4810.33
4844.83
4875
4906.83
4942.99
4983.23
5034.18
5085.51
5137.86
5182.78
5207.75
5245.73
5318.96
5388.85
5449.59
5500.04
5522.01
5548.15
5585.92
5617.01
5629.3
5650.62
5697.67
5736.72
5752.7
5768.82
5785.3
5798.49
5801.98
5806.76
5815.35
5812.74
5776.47
5748.78
5747.08
5742.85
5730.86
5717.68
5700.8
5681.03
5652.26
5624.16
5598.19
5572.24
5546.36
5524.64
5516.35
5499.47
5454.51
5416.03
5398.95
5383.71
5374.61
5360.05
5326.98
5299.88
5293.19
5284.39
5268.31
5253.95
5245.66
5235.23
5217.25
5199.66
5183.48
5169.52
5163.63
5153.66
5128.78
5110.13
5114.53
5115.28
5102.4
5090.01
5079.52
5071.03
5070.23
5063.89
5036.02
5013.45
5011.76
5001.25
4955.69
4916.85
4905.07
4897.68
4908.27
4916.94
4917.63
4914.19
4893.41
4875.78
4871.48
4865.9
4854.81
4845.26
4842.36
4831.86
4787.9
4743.78
4698.92
4659.23
4642.84
4625.94
4606.66
4586.49
4562.22
4532.61
4477.97
4424.74
4378.29
4334.32
4302.35
4269.62
4233.15
4197.04
4162.67
4127.05
4085.09
4042.61
3997.45
3959.89
3961.69
3957.31
3920.45
3882.27
3837.12
3793.69
3759.62
3731.71
3737.6
3738.23
3709.46
3680.36
3649.39
3620.62
3604.53
3584.86
3544.2
3508.77
3504.37
3497.97
3479.49
3460.77
3440.59
3422
3413.31
3404.42
3394.33
3384.28
3374.49
3361.27
3325.5
3294.59
3296.09
3294.04
3267.86
3245.55
3249.95
3252.84
3245.15
3238.7
3241.2
3240.2
3213.62
3193.23
3218.81
3239.63
3224.44
3211.43
3215.23
3217.53
3208.04
3198.87
3192.28
3185.2
3174.21
3167.18
3193.26
3214.6
3195.52
3178.97
3184.57
3189.72
3190.92
3190.98
3180.69
3171.61
3173.81
3177.31
3193.19
3205.92
3187.83
3170.94
3165.95
3161.84
3166.84
3170.18
3156.19
3143.22
3141.12
3137.4
3115.82
3095.57
3090.27
3082.62
3047.66
3013.86
2993.98
2975.49
2974.09
2970.51
2939.34
2908.01
2874.64
2842.87
2832.38
2822.1
2814.71
2805.78
2775.11
2745.19
2726.21
2707.51
2693.12
2678.29
2656.41
2633.95
2601.98
2571.55
2567.16
2561.46
2532.99
2503.76
2460.7
2418.84
2399.66
2380.05
2351.87
2324.24
2307.76
2290.95
2267.28
2242.95
2203.79
2165.41
2145.83
2125.38
2083.12
2042.07
2033.08
2022.71
1973.35
1924.89
1903.01
1880.97
1853.7
1826.14
1788.88
1751.99
1728.81
1705.62
1681.94
1658.04
1624.37
1591.31
1586.81
1581.82
1550.95
1520.41
1509.22
1497.75
1467.48
1437.32
1415.54
1393.67
1363.6
1333.55
1305.08
1276.53
1237.57
1198.57
1152.62
1106.65
1057
1007.34
945.498
883.659
