57.0013
59.9984
62.9955
62.601
62.2014
62.3991
62.5989
62.5006
62.4007
52.4836
42.4934
49.1298
55.9232
56
56
58.2673
60.565
52.0408
43.3494
52.1348
61.2259
57.0885
52.6928
52.8934
53.1931
57.1039
61.1
61.2974
61.3973
57.4145
53.3185
54.0731
54.9722
51.8051
48.5083
51.7817
55.2782
54.2429
53.0441
53.9623
54.9613
57.1127
59.3105
60.1667
60.9659
58.9915
56.8936
59.1861
61.6836
60.0855
58.2873
63.3328
68.7276
60.0834
50.6926
47.9281
45.5305
53.6185
62.31
59.9719
56.9748
55.9533
55.0542
60.2572
65.8517
63.2958
60.1989
58.3172
56.519
53.9744
51.377
53.0619
55.0599
51.5769
47.6807
49.1614
51.0595
52.2176
53.3165
56.5386
59.9353
56.9759
53.4793
55.4061
57.8037
59.1007
60.2995
57.4711
54.2742
55.918
58.0159
56.7418
55.1434
49.7254
43.9311
49.4799
56.1734
52.1819
47.0869
53.2862
60.6789
60.7689
60.0696
57.9308
55.6331
56.567
57.8657
55.4024
52.5053
56.2219
60.7175
56.2951
50.8005
53.5814
57.3776
56.0242
54.0262
50.1677
46.0717
50.6386
56.333
51.708
45.7138
51.6883
59.2809
61.9562
63.9542
58.8556
52.7616
51.3006
50.5014
51.5339
52.8326
52.6519
52.2523
53.5893
55.1877
53.0609
50.3635
53.1982
56.8946
54.6402
51.4434
50.1395
49.1405
53.7218
59.2164
56.8307
53.1344
53.1127
53.7122
51.1568
48.0598
53.81
61.1028
63.3882
64.7868
59.496
53.0024
55.2947
59.1909
54.6586
48.5646
51.2999
55.6956
55.3094
54.0106
53.0467
52.1476
57.1771
63.371
62.1507
59.4534
63.3217
68.5166
65.3372
60.442
61.7507
64.3481
65.4602
66.2594
69.8577
74.0536
77.0997
79.8969
72.1245
62.0344
63.6331
67.829
73.0849
78.5795
80.4948
81.5937
80.1769
78.1789
79.0953
80.6937
83.5036
86.6005
88.7307
90.6289
94.697
99.2925
97.0732
93.177
95.919
100.315
101.679
102.278
103.116
104.015
105.47
107.069
105.895
103.997
104.864
106.462
109.558
113.055
118.281
123.975
123.004
120.207
119.522
119.422
113.548
106.056
114.984
128.571
133.23
135.328
133.322
130.125
133.339
138.434
138.444
136.946
140.442
145.437
148.363
150.661
155.711
161.605
161.246
158.948
160.834
164.031
159.489
152.496
157.61
166.601
162.385
153.893
158.199
166.69
169.025
169.325
174.942
182.334
183.528
182.629
181.357
179.958
183.909
189.704
193.349
196.246
202.765
210.557
215.18
218.676
215.924
210.929
223.458
242.339
247.254
247.054
244.885
241.988
256.474
277.454
284.288
285.787
294.664
306.353
311.404
313.901
325.177
339.862
349.382
356.874
370.378
386.262
400.006
412.893
428.2
444.484
454.452
461.845
479.004
500.184
521.222
542.201
551.215
555.211
573.666
598.242
623.098
648.074
661.184
669.176
685.381
705.162
729.801
756.574
778.711
798.791
824.945
853.817
885.235
917.803
931.5
936.595
968.924
1013.78
1041.71
1061.79
1083.1
1104.98
1128.69
1153.26
1179.87
1207.44
1241.22
1277.98
1298.54
1311.23
1322.04
1331.93
1346.77
1364.05
1380.73
1397.12
1411.57
1425.06
1435.96
1445.55
1452.96
1459.26
1477.21
1501.19
1509.86
1510.56
1515.32
1522.21
1520.81
1515.02
1522.57
1537.25
1543.44
1545.04
1543.53
1540.33
1531.78
1520.29
1517.23
1518.83
1523.89
1530.88
1540.49
1551.58
1553.75
1550.85
1546.88
1542.28
1541.49
1542.88
1537.46
1528.07
1534.36
1549.84
1550.2
1541.61
1540.53
1543.92
1543.89
1541.79
1545.29
1552.18
1559.69
1567.59
1567.94
1563.65
1563.42
1565.71
1565.19
1562.89
1556.25
1546.86
1557.1
1579.88
1584.36
1577.07
1575.65
1578.05
1570.78
1557.2
1549.57
1545.88
1528.98
1503.3
1485.58
1473.19
1467.6
1466.6
1462.75
1456.96
1449.92
1442.03
1430.71
1417.03
1413.4
1416.8
1414.92
1409.32
1399.99
1388
1385.1
1388.69
1394.79
1402.68
1402.24
1395.74
1388.44
1380.55
1374.9
1370.9
1373.61
1381.3
1385.34
1386.64
1385.95
1383.75
1385.12
1389.22
1395.24
1402.73
1404.65
1402.25
1395.08
1384.2
1378.73
1377.53
1370.2
1358.02
1349.55
1344.05
1337.73
1330.73
1331.68
1339.07
1332.51
1314.53
1302.24
1294.65
1289.13
1285.33
1274.96
1259.08
1255.53
1262.43
1262.31
1256.21
1244.96
1229.28
1223.66
1226.76
1219.45
1203.07
1195.56
1195.86
1195.26
1193.86
1191.14
1187.24
1182.09
1175.79
1175.63
1181.02
1180.73
1175.23
1173.33
1174.73
1180.22
1189.51
1187.55
1175.06
1163.5
1152.81
1155.23
1170.11
1178.42
1180.42
1176.12
1165.73
1157.16
1150.36
1153.86
1167.44
1167.22
1153.33
1149.2
1154.79
1154.96
1149.66
1149.73
1155.22
1148.06
1127.98
1119.72
1123.62
1125.4
1125
1124.55
1124.06
1122.44
1119.64
1120.14
1124.13
1121.61
1112.12
1105.76
1102.76
1102.16
1104.15
1106.82
1110.22
1109.44
1104.04
1097.56
1089.87
1086.98
1089.47
1088.17
1082.58
1070.82
1052.04
1042.51
1043.61
1037.53
1023.15
1007.51
990.432
977.297
968.806
960.771
953.278
937.638
912.262
896.632
892.736
887.305
880.013
873.933
869.337
860.089
845.104
835.33
832.033
830.776
832.075
832.049
830.351
828.609
826.81
825.887
826.087
827.42
830.217
837.351
850.138
854.68
848.386
849.699
861.088
873.974
888.86
896.761
895.263
906.862
936.233
963.242
987.018
1009.16
1029.04
1046.99
1062.28
1082.89
1110.96
1144.17
1184.63
1224.43
1263.29
1304.9
1350.46
1390.79
1423.56
1465.95
1522.4
1577.06
1629.11
1689.13
1760.96
1823.62
1872.57
1927.1
1990.04
2047.66
2097.22
2143.97
2186.42
2230.57
2277.33
2328.45
2386.4
2437.11
2476.47
2517.23
2560.18
2601.76
2641.12
2688.63
2749.27
2812.05
2878.28
2944.33
3010.06
3076.21
3143.05
3212.06
3284.69
3355.9
3424.73
3495.75
3570.48
3646.79
3725.81
3803.7
3879.62
3959.09
4044.71
4116.56
4164.31
4226.33
4313.55
4395.3
4467.33
4534.86
4594.3
4654.74
4716.98
4790.81
4885.81
4973.2
5046.52
5112.13
5163.38
5227.21
5314.62
5383.34
5416.71
5458.46
5516.2
5576.3
5640.94
5712.44
5797.26
5855.09
5860.08
5877.7
5920.26
5960.82
5997.38
6034.71
6073.57
6094.75
6080.06
6076.17
6094.35
6111.59
6126.87
6134.8
6127.41
6120.43
6114.34
6118.94
6146.21
6162.95
6157.16
6155.89
6164.38
6163.16
6140.78
6119.72
6101.53
6088.94
6088.74
6067.23
5998
5939.83
5906.66
5878.73
5862.74
5836.2
5785.35
5733.81
5680.66
5628.98
5580.72
5538.76
5511.69
5494.66
5501.65
5502.21
5487.22
5470.43
5449.26
5438.88
5455.06
5485.33
5550.57
5604.06
5628.14
5646.53
5650.53
5663.71
5700.37
5744.88
5809.62
5865.38
5897.74
5944.5
6029.12
6106.8
6166.04
6213.32
6228.51
6254.97
6312.02
6370.85
6434.59
6497.26
6557.01
6613.38
6660.33
6702.47
6731.05
6760.76
6793.73
6828.03
6866.2
6897
6906.39
6916.42
6928.3
6941.2
6957.08
6958.26
6915.31
6876.16
6848.59
6822.07
6798.8
6779.57
6772.87
6766.15
6759.36
6743.57
6699.32
6661.01
6641.73
6617.35
6576.49
6542.41
6530.53
6513.44
6479.17
6447.09
6422.32
6399.46
6383.07
6367.53
6354.84
6344.57
6342.67
6329.33
6275.98
6232.77
6225.38
6219.97
6221.67
6217.31
6191.03
6168.15
6157.66
6144.98
6124.2
6103.76
6084.58
6069.11
6067.71
6063.13
6046.35
6026.02
5991.96
5964.17
5961.07
5954.69
5935.2
5918.76
5914.57
5915.29
5936.07
5943.23
5894.18
5853.94
5850.55
5842.87
5817.1
5794.74
5787.05
5772.89
5730.63
5689.13
5650.97
5619.89
5620.39
5613.59
5573.83
5535.04
5500.67
5460.77
5395.24
5338.69
5324.41
5302.79
5246.25
5193.4
5158.44
5120.83
5070.28
5022.07
4985.51
4950.08
4920.41
4888.09
4842.24
4801.18
4785
4761.95
4702.81
4650.54
4634.96
4611.6
4546.17
4489.09
4478
4464.18
4435.11
4404.86
4367.89
4335.65
4330.55
4320.9
4284.64
4250.89
4232.11
4212.36
4186.79
4162.17
4143.39
4125.74
4115.15
4100.64
4061.28
4023.97
3999.89
3978.52
3974.93
3969.26
3949.78
3931.79
3923.89
3916.92
3916.32
3913.98
3899.4
3885.12
3873.03
3863.01
3868.11
3872.62
3872.82
3869.74
3841.76
3817.53
3822.12
3826.87
3832.87
3836.96
3825.77
3816.46
3822.56
3828.44
3832.53
3835.78
3831.78
3827.09
3816.3
3807.28
3814.08
3821.11
3830.3
3838.07
3832.57
3827.58
3827.38
3827.07
3825.67
3824.09
3820.69
3817.81
3820.21
3822.16
3819.47
3815.12
3793.15
3770.93
3746.16
3721.2
3694.23
3669
3664.01
3656.75
3622.59
3589.38
3567.9
3544.93
3503.17
3462.48
3435.71
3408.71
3378.74
3350.58
3347.28
3341.84
3305.98
3272.01
3265.92
3258.9
3237.92
3216.2
3182.84
3149.89
3123.82
3098.05
3077.47
3056.65
3031.68
3005.56
2958.61
2912.71
2886.94
2860.99
2831.62
2802.2
2771.93
2741.43
2705.86
2670.03
2628.07
2587.16
2571.17
2553.91
2504.46
2456.15
2438.27
2419.85
2386.28
2352.69
2318.53
2283.7
2227.86
2172.97
2150.79
2127.94
2080.28
2033.32
2013.64
1993.68
1961.71
1929.91
1906.03
1881.95
1846.88
1811.96
1785.58
1759.22
1733.65
1708.13
1687.05
1665.76
1625.1
1584.53
1553.66
1522.58
1461.84
1401.11
1343.27
1285.44
1231.69
1177.95
1129.8
1081.64
