29.5998
29.2002
28.8006
27.7027
26.6038
24.6089
22.6108
24.6865
26.7845
24.7175
22.6196
26.2618
29.9582
29.8024
29.6026
29.6
29.6
28.9113
28.212
22.1125
15.9186
18.8377
21.9346
26.0095
30.1055
26.0033
21.7075
26.5675
31.6625
27.4257
22.9301
23.3821
23.9815
28.3567
32.8522
28.0724
22.9774
21.8358
20.8367
22.917
25.1148
20.3024
15.2074
17.3959
19.8934
21.9128
23.9108
20.7549
17.3582
20.7242
24.4206
26.3109
28.1092
22.0343
15.5406
12.1708
8.97397
19.4746
30.7635
26.3094
20.9147
20.4118
20.212
22.2653
24.4632
22.2579
19.7604
17.7303
15.7322
25.0224
35.1125
31.7969
27.5011
22.6479
17.7527
23.333
29.7267
22.9844
15.192
15.9847
17.4832
20.824
24.3206
22.302
19.8044
21.5262
23.6241
26.0882
28.5858
27.7953
26.6964
27.1468
27.7462
26.254
24.5556
27.6668
31.2633
23.4505
14.4593
18.7502
24.4446
24.3689
23.6696
22.7004
21.7013
22.6772
23.876
20.238
16.0421
17.2981
19.1963
18.5082
17.5092
18.5568
19.8555
19.8224
19.6226
12.9556
5.46293
14.854
26.4426
24.6248
21.0283
22.0961
23.7944
27.1611
30.7576
33.8284
36.8254
26.7099
14.7216
18.6077
24.8017
22.9022
19.8052
26.0859
33.7784
31.4213
27.5251
25.617
24.0185
24.8349
26.0337
26.8884
27.6876
31.0623
34.8586
33.6012
31.5033
34.8747
39.1705
33.8315
26.8384
34.3919
44.482
42.8597
39.1633
37.4145
36.0159
40.193
45.3879
47.38
48.7786
46.8137
44.2162
44.1356
44.5352
44.7674
44.9672
43.998
42.7991
45.5157
49.0123
49.4338
49.234
52.8482
57.2439
58.4136
58.9131
59.3301
59.7297
63.6694
68.3648
65.6683
61.3725
64.6968
69.6919
73.9513
78.0473
72.9288
65.7359
73.4297
84.5188
91.7126
98.0064
98.7952
98.2957
96.2617
93.8641
98.0728
103.867
108.215
112.211
117.73
123.624
127.199
130.196
128.566
125.769
129.259
134.354
139.211
144.006
143.099
140.702
148.179
158.269
155.672
149.678
152.645
158.039
160.141
161.34
164.337
167.834
170.316
172.514
176.735
181.531
185.472
189.169
193.252
197.448
199.867
201.766
202.354
202.554
209.132
217.623
220.366
221.365
222.288
223.187
223.552
223.752
227.527
232.422
233.296
232.897
236.281
240.876
250.755
262.344
257.07
246.28
245.702
248.499
252.195
256.191
260.412
264.707
263.416
260.219
270.545
285.53
291.327
293.924
297.926
302.421
308.096
314.19
317.491
319.789
326.852
335.644
351.748
370.529
372.683
368.687
380.11
397.293
409.689
420.279
429.783
438.874
447.532
456.024
473.797
495.176
508.806
519.396
532.704
547.09
559.05
570.039
592.059
618.533
635.284
648.072
655.905
661.699
681.257
706.532
727.725
747.206
761.563
773.751
796.508
823.781
847.495
869.673
892.339
915.216
937.955
960.633
986.563
1013.94
1038.55
1061.93
1098.31
1140.57
1166.22
1184.3
1209.3
1237.47
1264.89
1291.96
1327.27
1366.43
1387.75
1400.64
1440.51
1493.26
1523.48
1542.86
1565.61
1589.98
1603.43
1611.52
1623.09
1636.38
1658.33
1684.61
1699.51
1708.71
1710.74
1709.14
1727.76
1756.73
1775.76
1789.64
1790.72
1785.13
1785.1
1788
1794.88
1803.87
1807.78
1808.98
1802.52
1791.93
1784.38
1778.49
1776.21
1775.91
1776.83
1778.43
1780.35
1782.44
1780.9
1777.3
1781.16
1789.25
1781.4
1764.42
1764.98
1775.67
1781.62
1784.82
1783.42
1779.32
1775.79
1772.59
1775.15
1781.15
1784.71
1786.81
1793.88
1803.97
1800.3
1788.21
1801.27
1829.84
1840.12
1839.02
1845.11
1855.69
1861.76
1864.95
1871.38
1879.87
1882.71
1881.91
1879.24
1875.34
1869.33
1861.94
1846.18
1824.9
1804.88
1785.7
1778.66
1779.76
1762.25
1732.18
1724.04
1730.83
1730.99
1726.6
1722.61
1718.92
1715.81
1713.11
1706.31
1696.62
1686.81
1676.92
1676.47
1682.76
1685.75
1686.35
1689.95
1695.75
1692.72
1683.23
1678.8
1678.1
1668.69
1652.81
1652.73
1664.52
1670.68
1672.58
1674.14
1675.43
1671.2
1662.71
1666.65
1680.24
1680.98
1671.69
1666.65
1664.95
1665.31
1667.31
1663.7
1655.61
1649.84
1645.95
1641.17
1635.67
1623.31
1605.33
1604.81
1618.69
1609.46
1580.99
1563.92
1556.43
1550.35
1545.45
1542.17
1540.28
1540.69
1543.09
1536.38
1521.8
1512.86
1508.87
1505.4
1502.41
1501.69
1502.99
1498.22
1488.03
1479.68
1472.98
1470.17
1470.86
1469.89
1467.4
1465.73
1464.83
1456.27
1440.58
1436.97
1444.66
1441.26
1427.37
1421.32
1422.71
1425.59
1429.89
1428.19
1420.7
1426.21
1444.39
1447.7
1436.41
1432.36
1435.45
1437.05
1437.15
1440.59
1447.38
1443.65
1429.27
1426.45
1435.44
1436.65
1429.86
1423.55
1417.76
1419.78
1429.97
1437.29
1441.59
1445.59
1449.29
1451.49
1452.09
1443.6
1425.32
1427.19
1450.97
1454.96
1437.28
1431.42
1438.61
1447.93
1459.62
1463.21
1457.71
1446.17
1427.79
1416.36
1412.87
1405.88
1394.89
1379.37
1358.59
1347.4
1347.4
1341.84
1329.76
1314.6
1295.82
1280.77
1270.18
1262.18
1257.28
1250.04
1239.95
1229.37
1218.18
1203.77
1185.39
1176
1177.8
1182.04
1189.33
1184.52
1164.44
1159.97
1175.35
1178.79
1166.9
1165.47
1177.56
1184.75
1185.55
1187.77
1191.87
1197.94
1206.63
1215.88
1225.87
1237.43
1251.12
1263.92
1275.5
1284.1
1288.59
1297.2
1311.49
1331.67
1360.04
1385.63
1407.31
1431.1
1457.87
1484.07
1509.44
1538.96
1574.43
1608.01
1638.88
1674.59
1717.35
1759.05
1799.21
1840.62
1883.88
1926.78
1969.13
2006.19
2035.26
2076.59
2136.53
2177.3
2188.69
2221.74
2288.28
2331.34
2337.83
2361.97
2413.82
2464.66
2513.91
2549.7
2563.99
2588.91
2630.97
2674.44
2720.2
2758.83
2785.8
2831.58
2908.41
2975.97
3028.12
3081.98
3138.73
3200.22
3269.75
3334.71
3391.85
3444.81
3490.57
3545.23
3615.36
3678.27
3728.52
3785.67
3855
3921.32
3982.26
4046.02
4114.85
4176.43
4224.89
4287.26
4375.08
4445.81
4485.07
4529.23
4582.47
4636.42
4691.66
4737.89
4767.06
4800.53
4842.19
4881.08
4914.65
4962.38
5037.6
5089.19
5094.48
5107.13
5134.31
5163.62
5197.18
5231.15
5265.91
5286.39
5277.9
5269.21
5260.12
5255.82
5261.42
5265.23
5265.33
5264.72
5262.62
5266.61
5283.49
5290.26
5275.37
5266.62
5271.12
5262.48
5225.21
5201.13
5206.02
5195.62
5151.26
5112.24
5085.17
5058.43
5032.46
5008.52
4989.24
4966.15
4934.28
4888.14
4808.81
4753.86
4756.05
4751.13
4729.35
4705.34
4675.96
4652.89
4644.99
4644.75
4663.13
4667.79
4638.72
4629.07
4667.63
4697.68
4706.37
4721.28
4751.95
4785.49
4826.35
4864.06
4893.63
4927
4970.25
5008.48
5033.45
5063.15
5105.41
5151.09
5205.93
5258.76
5306.11
5346.84
5369.42
5395.84
5432.91
5473.89
5525.84
5567
5577.69
5591.31
5613.28
5640.64
5683.5
5711.75
5697.46
5694.48
5724.75
5733.79
5679.74
5642.54
5655.93
5664.24
5657.15
5652.93
5657.52
5646.4
5586.56
5542.09
5545.79
5538.5
5496.44
5459.45
5438.67
5420.44
5410.45
5395.73
5365.56
5334.7
5301.53
5272
5254.61
5234.65
5205.98
5179.75
5161.87
5142.57
5118.4
5094.78
5073.1
5049.92
5021.45
4998.81
4997.01
4999.75
5018.93
5025.47
4985.7
4953.63
4950.04
4943.37
4925.19
4907.17
4889.79
4876.06
4876.36
4869.09
4832.43
4802.96
4801.76
4798.73
4788.44
4776.86
4760.08
4747.25
4750.55
4749.52
4730.64
4714.76
4711.47
4701.22
4661.56
4629.83
4632.13
4631.74
4619.65
4599.9
4546.45
4504.54
4514.03
4514.01
4471.05
4431.25
4405.87
4376.07
4325.72
4273.56
4212.92
4158.02
4130.44
4104.91
4089.22
4071.27
4042.2
4013.56
3987.09
3956.68
3906.43
3859.82
3831.85
3805.44
3787.16
3762.22
3702.28
3651.36
3648.56
3644.14
3630.96
3613.85
3575.19
3541.06
3532.27
3521.29
3497.92
3475.74
3460.45
3439.57
3385.92
3337.57
3320.68
3304.96
3296.27
3286.75
3272.17
3255.49
3225.71
3195.22
3160.16
3128.04
3114.95
3104.7
3112.99
3119.6
3115
3109.08
3094.09
3077.84
3052.87
3031.02
3031.22
3030.9
3026.8
3023.39
3024.99
3027.48
3036.57
3042.82
3027.53
3012.77
3002.08
2993.03
2996.82
3000.88
3007.08
3010.43
2990.44
2973.68
2983.77
2993.92
3004.61
3012.69
2998
2984.95
2986.45
2988.57
2996.36
3003.85
3008.55
3012.35
3007.66
3004.3
3013.99
3022.19
3015.5
3009.51
3010.81
3010.75
2996.47
2981.08
2953.91
2928.6
2923.8
2917.31
2891.64
2866.33
2845.25
2823.8
2798.03
2773.23
2760.34
2747.75
2738.96
2727.35
2679.2
2633.11
2614.52
2596.81
2591.01
2581.84
2524.6
2471.62
2481.41
2488.56
2455.49
2423.66
2411.27
2398.47
2378.99
2360.43
2357.43
2353.09
2325.01
2297.06
2271.39
2246.25
2231.26
2215.55
2185.48
2156.08
2140.5
2124.14
2090.97
2058.28
2036.4
2014.07
1980.9
1948.14
1925.77
1903.06
1871.59
1840.6
1823.12
1805.18
1773.71
1742.56
1721.58
1700.36
1670.99
1641.81
1619.63
1597.53
1578.25
1558.49
1518.23
1478.64
1470.74
1462.34
1427.08
1392.1
1373.91
1355.67
1333.49
1311.44
1298.95
1286.3
1258.93
1231.58
1206.3
1180.88
1134.02
1087.24
1055.37
1023.47
981.617
939.74
880.498
821.256
