143.199
142.1
141.002
141
141
136.022
131.027
140.24
149.531
140.576
131.485
131.796
132.195
134.274
136.372
134.823
133.224
135.955
138.752
139.978
141.177
140.612
140.013
138.142
136.244
135.517
134.817
135.189
135.589
143.279
151.171
141.117
130.527
136.396
142.79
137.203
131.209
135.146
139.442
136.424
133.128
134.248
135.547
131.766
127.77
127.313
127.013
126.045
125.046
121.476
117.779
123.398
129.492
129.8
129.8
125.067
120.072
121.784
123.882
129.939
136.233
139.046
141.643
143.302
144.9
138.255
131.062
131.628
132.727
135.692
138.789
131.18
122.788
122.479
122.778
123.263
123.763
126.113
128.61
127.877
126.878
129.563
132.56
130.686
128.388
125.723
123.026
122.708
122.608
127.349
132.544
125.162
116.57
121.984
128.777
131.306
133.403
132.875
132.076
129.018
125.721
126.752
128.251
125.341
121.944
125.37
129.566
121.222
111.432
115.941
122.135
124.494
126.392
125.176
123.578
127.395
131.891
120.883
107.896
112.676
119.769
122.717
125.114
125.4
125.4
125.927
126.526
120.905
114.411
110.453
106.856
114.163
123.054
123.156
121.957
118.934
115.638
113.987
112.588
117.586
123.58
120.26
115.465
118.672
123.168
124.916
126.215
122.117
117.122
123.92
132.712
132.891
131.593
128.337
124.741
123.012
121.613
123.347
125.645
128.45
131.347
129.693
127.195
129.323
132.32
134.562
136.66
134.238
130.941
130.316
130.216
131.116
132.215
139.963
149.054
145.791
139.997
143.549
149.044
140.345
128.656
134.174
143.365
154.116
165.206
160.891
153.198
154.579
157.976
158.845
159.144
164.569
171.162
178.324
185.617
184.895
182.298
189.149
198.24
198.147
195.849
204.401
215.59
218.441
219.24
224.279
230.373
236.546
242.74
241.931
239.333
240.785
243.282
252.986
264.575
268.106
269.504
273.11
277.306
276.549
274.451
283.252
295.041
293.846
289.05
290.419
293.515
297.002
300.598
304.505
308.501
311.955
315.252
318.703
322.2
335.404
351.488
356.737
358.735
358.97
358.67
367.392
378.881
383.964
387.061
384.681
380.585
390.221
404.207
409.113
411.111
411.977
412.477
415.686
419.782
422.302
424.3
432.139
441.929
447.91
452.606
464.453
478.739
484.406
487.103
496.767
508.855
530.181
554.757
580.808
607.381
624.839
639.025
659.884
683.161
708.413
734.387
762.987
792.558
829.766
869.827
907.059
943.223
991.397
1044.14
1082.46
1115.23
1176.71
1249.34
1306.54
1357.69
1428.16
1506.28
1583.69
1660.82
1739.36
1818.49
1904.49
1993.31
2093.02
2197.22
2292.8
2384.81
2489.14
2598.63
2706.16
2812.86
2942.3
3081.46
3203.88
3319.06
3451.16
3590.63
3732.59
3875.65
4010.96
4142.83
4284.08
4429.54
4576.38
4723.83
4882.75
5046.89
5208.42
5368.77
5544.74
5727.96
5895.19
6054.93
6205.38
6351.44
6516.71
6691.13
6848.97
6998.82
7123.73
7236.52
7354.2
7474.28
7605.87
7743.13
7838.6
7913.22
7987.85
8062.48
8149.76
8243.47
8302.03
8342.59
8379.19
8413.76
8475.98
8552.61
8606.83
8649.29
8670.72
8681.01
8704.26
8734.43
8742.47
8738.57
8740.63
8745.92
8760.12
8779.2
8798.8
8818.68
8819.52
8809.72
8794.12
8775.24
8779.11
8795.89
8797.55
8790.56
8802.88
8826.36
8846.62
8865
8868.97
8864.47
8865.18
8868.98
8895.42
8935.38
8938.43
8919.25
8929.34
8957.21
8964.33
8958.73
8972.78
8998.96
9045.14
9103.79
9157.95
9209.3
9216.6
9196.02
9195.62
9208.11
9212.45
9211.55
9193.93
9165.46
9106.3
9027.08
8978.02
8948.85
8879.77
8784.16
8714.22
8661.47
8590.54
8507.32
8436.82
8374.98
8330.67
8298.4
8259.82
8216.86
8174.43
8132.37
8105.56
8089.47
8074.32
8059.84
8063.88
8081.16
8055.31
7998.37
7966.94
7954.05
7948.6
7948.6
7937.11
7917.13
7900.64
7886.75
7897.69
7927.26
7935.39
7927.3
7912.69
7893.11
7918.32
7977.96
7985.82
7953.55
7938.67
7937.37
7923.61
7900.03
7894.56
7903.45
7880.09
7830.94
7795.45
7770.97
7720.32
7648.39
7588.7
7539.05
7501.44
7473.77
7415.67
7332.25
7268.23
7220.48
7155.34
7075.52
7005.19
6942.96
6891.04
6847.98
6804.12
6759.56
6704.39
6639.95
6587.9
6546.74
6515.17
6492.09
6462.26
6426.39
6394.47
6366.1
6330.65
6288.8
6250.54
6215.57
6205.87
6219.46
6207.72
6172.45
6139.66
6109.19
6093.37
6091.37
6083.18
6069.09
6063.78
6066.88
6071.5
6077.59
6077.71
6072.02
6067.13
6063.04
6062.91
6066.7
6050.49
6014.33
5980.9
5950.23
5925.67
5907.28
5876.69
5833.63
5800.18
5776.6
5731.79
5664.95
5611.75
5572.79
5542.97
5522.79
5479.64
5412.11
5361.85
5330.08
5285.19
5226.15
5184.34
5161.26
5131.08
5093.12
5050.93
5004.08
4948.1
4881.96
4821.1
4766.15
4691.84
4595.64
4499.66
4403.96
4302.16
4193.37
4068.65
3925.49
3805.61
3712.9
3595.26
3448.31
3322.52
3221.82
3112.65
2993.36
2887.04
2796.33
2700.16
2597.36
2514.29
2455.35
2393.54
2328.2
2272.89
2230.03
2187.84
2146.48
2104.5
2061.74
2026.63
2001.26
1978.82
1960.13
1952.47
1959.07
1954.95
1936.87
1932.17
1945.06
1957.04
1967.83
1991.54
2032.5
2081.81
2142.35
2209.5
2285.62
2378.25
2493.43
2622.44
2770.49
2940.49
3141
3353.19
3581.77
3831.71
4111.84
4426.99
4792.04
5170.53
5568.34
5969.95
6377.05
6805.6
7265.45
7721.38
8171.54
8625.2
9084.05
9552.99
10037
10504.7
10947.8
11377.9
11788.4
12196.8
12602
12992.4
13359.8
13707.6
14024.8
14339
14648.6
14947.9
15230.8
15546.6
15914.8
16238.3
16489.8
16769.9
17096.6
17440.2
17811.4
18183.1
18555.4
18948.1
19374.8
19809.1
20256.2
20696.3
21124.7
21540.5
21934.9
22350.8
22803.7
23234.2
23626
24036.8
24480.9
24911.1
25316.8
25698.4
26037.2
26402.8
26816.7
27222.7
27614.4
28024.4
28467.5
28889.4
29272.2
29643.2
29992.7
30358.8
30756
31125.2
31441.5
31766.9
32109.6
32437.7
32737.4
33033.6
33323.2
33576.4
33758.5
33952.1
34168.2
34404.1
34679.1
34902.7
35022.8
35127.2
35200.1
35270.4
35335.8
35401
35465.9
35531.7
35599.1
35635.7
35607.7
35596.7
35622.1
35621.7
35566.2
35551.9
35626.8
35622.5
35445.5
35333.2
35363.3
35345.6
35221.9
35076
34880.5
34681
34472.5
34254.9
34016.3
33782.3
33558.8
33325.2
33068
32812.3
32560.5
32344.9
32215.1
32104.4
32039.5
31961.2
31850.7
31780.7
31809.1
31835.8
31857.9
31891
31951.5
32044
32216.4
32374.8
32497.7
32663.8
32940.3
33210.1
33462.5
33720.2
33991.4
34257.4
34509.3
34766.7
35038.7
35328.9
35668.2
35989
36259.8
36578.7
37029
37423.4
37663
37909.6
38176.1
38430.6
38651.3
38851.7
38993.7
39145.3
39324.1
39460
39471
39493.9
39551.8
39605.7
39647.3
39667.3
39622.3
39570.8
39499.9
39412
39272.2
39139.7
39029.4
38911.2
38768.2
38624.5
38478.6
38324.2
38142.9
37962.8
37786.9
37614
37450.7
37292.7
37151.7
37007
36849.6
36709.8
36629.3
36534.8
36392.5
36251.3
36113.8
35987.5
35900.5
35819.3
35757.9
35673.5
35506.7
35364
35308.4
35246.3
35160.2
35078.1
35010.9
34943.2
34874.1
34810.8
34769.6
34735.3
34727.1
34687.3
34524.8
34378.7
34297.6
34222.6
34171.8
34114.7
34031.5
33950.8
33879.9
33791.7
33632.1
33487.2
33403.3
33317
33220.7
33127.9
33050.3
32962.8
32832.7
32701.2
32564.3
32422.6
32260.3
32087.8
31869.5
31663
31510
31333.2
31045.4
30778.9
30612.1
30433.5
30198.8
29969.9
29768.6
29546.9
29225.8
28914.9
28655.7
28407.1
28212.2
28013.4
27795.1
27577.2
27362.2
27146.5
26926.6
26715.6
26552.2
26381.8
26174.1
25967.5
25767
25570.4
25395.7
25223.4
25065
24905.4
24739.3
24572.6
24402.8
24238.2
24104.8
23973.9
23857.5
23734.5
23570.8
23413.1
23292.2
23165.9
23004.8
22854.4
22772.9
22688.8
22587.4
22488.4
22405.5
22326
22269.7
22208.1
22109.4
22011.1
21915.4
21832.2
21838.5
21843.1
21835.4
21827.7
21819.9
21814.7
21829.1
21842.4
21847.5
21848.4
21816.8
21788.3
21785.4
21783.1
21786.2
21789.1
21789.8
21786.1
21745.2
21707.6
21698.3
21693.3
21725.8
21756.4
21768.8
21778.9
21767.8
21761
21794.2
21825.5
21837.6
21846.1
21818.6
21790.5
21756.4
21725.6
21730.4
21725.4
21615.5
21508.1
21428.1
21343.5
21207.1
21073.5
20972.1
20866.2
20706.8
20547.7
20393.5
20239.7
20092.3
19943.6
19778.9
19614.8
19460.3
19307.5
19179.2
19046
18842.8
18647.4
18566.1
18480.3
18326.4
18173.7
18038.6
17904.6
17787.3
17670.5
17560.9
17449.7
17310.2
17172.3
17063.4
16952
16792.7
16634.3
16495
16354
16175.9
15998.1
15829.3
15661.1
15508.4
15353.1
15137.2
14920.5
14683.6
14448.7
14269.9
14089.9
13878
13667.3
13491.2
13313.8
13095.5
12878.1
12691.5
12504.7
12312.3
12119.7
11920.6
11723.1
11596.4
11467.2
11227.3
10988.8
10828.2
10667.9
10532.2
10396.4
10263.5
10130.3
9978.31
9826.22
9661.58
9496.77
9312.15
9127.31
8911.42
8695.22
8414.59
8133.8
7798.53
7463.23
7099.19
6735.15
