68.814
99.8836
130.953
131.598
132.198
123.837
115.445
116.592
117.791
110.065
102.273
105.961
109.757
107.133
104.436
104.794
105.194
116.809
128.597
119.865
110.774
114.715
118.911
109.123
99.0327
104.949
111.242
110.815
110.216
106.409
102.513
105.019
107.717
106.154
104.456
108.361
112.457
108.164
103.569
107.634
112.03
110.663
109.065
100.95
92.558
103.772
115.86
110.578
104.484
112.201
120.593
113.776
106.183
104.377
102.879
104.598
106.497
108.489
110.487
111.071
111.571
108.778
105.781
99.4979
93.0043
100.001
107.893
106.717
104.919
109.278
114.073
108.721
102.627
105.73
109.526
109.244
108.644
106.102
103.405
100.154
96.8569
101.206
106.201
107.243
107.943
103.597
98.8019
96.0202
93.4228
104.799
117.487
111.673
104.081
105.673
108.171
107.946
107.447
106.675
105.876
103.089
100.092
103.136
106.832
103.332
99.0358
97.7921
96.893
100.204
104
103.149
101.75
102.581
103.68
105.669
107.766
105.247
102.15
102.066
102.365
104.433
106.731
103.648
99.8521
99.576
99.7758
101.468
103.366
102.286
100.787
102.873
105.47
104.579
103.18
104.653
106.552
111.662
117.257
110.376
101.585
102.647
105.245
103.875
101.877
104.181
107.178
108.63
109.829
109.315
108.515
111.476
115.073
112.957
109.86
105.146
100.151
102.031
105.128
110.257
115.752
115.671
114.572
113.304
112.005
112.473
113.272
115.078
117.076
116.061
114.462
119.21
125.204
125.783
125.284
116.39
105.801
113.701
125.389
126.076
124.478
127.748
132.044
129.507
125.511
126.853
129.351
135.208
141.801
141.61
139.912
140.089
140.689
145.193
150.587
152.736
154.135
157.152
160.549
163.057
165.355
166.364
167.063
175.237
185.227
182.79
177.296
186.757
199.944
200.286
197.389
196.8
196.8
194.021
190.525
192.809
196.606
206.643
218.331
217.411
213.116
216.602
222.196
223.321
223.222
231.647
242.437
240.587
235.192
235.167
236.666
238.32
240.018
246.982
255.473
261.416
266.611
267.646
267.446
268.399
269.698
275.979
283.771
286.288
287.187
289.078
291.275
297.124
304.117
304.207
302.109
302.811
304.409
305.102
305.501
303.868
301.571
311.211
324.798
325.13
321.034
323.734
328.73
335.513
342.905
354.013
366.401
368.34
366.642
373.221
382.712
389.254
394.749
401.052
407.646
418.125
430.013
441.609
453.098
466.41
480.396
491.401
501.291
515.098
530.383
546.97
564.054
581.931
600.113
614.482
627.369
651.02
678.892
706.765
734.638
761.369
787.643
811.711
834.888
864.595
896.963
927.491
957.262
989.927
1023.79
1058.64
1093.91
1124.26
1152.53
1192.64
1237.79
1277.71
1315.38
1356.38
1398.84
1443.1
1488.16
1537.16
1587.91
1635.07
1680.62
1741.25
1808.69
1866.37
1919.62
1962.26
2000.03
2054.71
2117.25
2171.9
2222.85
2280.17
2340.52
2390.78
2436.23
2487.35
2541.2
2599.49
2659.93
2699.92
2729.89
2761.86
2794.83
2833.13
2874.09
2913.32
2951.69
2983.02
3010.8
3032.03
3049.91
3086.24
3132.09
3149.18
3151.28
3157.43
3165.73
3173.37
3180.66
3196.15
3216.03
3225.01
3228.11
3228.62
3227.72
3230.56
3235.46
3238.55
3240.65
3239.41
3236.31
3235.45
3235.85
3234.47
3232.07
3244.41
3265.19
3261.78
3244.4
3256.44
3285.61
3281.61
3258.13
3260.57
3278.35
3286.19
3288.09
3280.32
3266.73
3271.42
3287.21
3285.14
3272.16
3281.1
3303.58
3299.02
3277.64
3291.31
3326.98
3342.27
3344.67
3338.28
3326.29
3331.33
3347.31
3344.02
3328.24
3309.44
3288.66
3268.24
3248.06
3219.54
3185.47
3169.11
3164.61
3148.97
3125.79
3109.39
3097.6
3088.71
3081.82
3071.33
3058.34
3043.23
3026.65
3018.51
3016.31
3015.75
3016.35
3007.28
2991.3
2987.15
2991.55
2984.32
2968.63
2957.27
2949.08
2943.93
2941.04
2944.84
2953.63
2951.58
2941.39
2949.8
2972.27
2977.07
2968.38
2964.6
2964.6
2976.36
2997.24
3001.18
2991.89
2984.33
2978.14
2962.31
2938.83
2929.34
2931.04
2927.98
2921.09
2903.39
2876.92
2866.76
2869.95
2855.8
2827.33
2798.15
2768.38
2757.41
2762.2
2758.17
2746.68
2725.38
2695.71
2678.61
2672.32
2656.98
2633.8
2616.54
2604.46
2594.33
2585.94
2575.06
2561.97
2550.26
2539.77
2528.96
2517.87
2508.51
2500.72
2484.84
2461.56
2450.76
2451.46
2449.93
2446.34
2439.59
2429.9
2426.38
2428.68
2424.99
2415.6
2404.98
2393.19
2393.7
2406.09
2402.99
2384.81
2385.83
2405.71
2414.44
2412.15
2407.2
2399.6
2397.54
2401.04
2398.73
2390.54
2383.63
2378.04
2370.87
2362.07
2354.75
2348.96
2344.48
2341.39
2337.46
2332.67
2325.6
2316.1
2313.27
2317.57
2309.42
2287.84
2277.22
2278.52
2278.25
2276.25
2266.84
2249.26
2239.48
2238.38
2228.1
2207.52
2191.21
2179.72
2164.17
2143.99
2126.97
2113.58
2096.54
2075.26
2049.64
2018.97
1993.54
1974.26
1946.29
1908.03
1872.81
1841.25
1816.52
1800.04
1780.3
1756.63
1736.01
1719.12
1704.16
1691.57
1674.31
1651.23
1638.13
1637.53
1632.17
1620.78
1613.7
1612.1
1617.19
1630.88
1637.29
1634.3
1631.73
1629.73
1630.71
1635.61
1642.27
1651.26
1671.24
1705.91
1729.33
1737.63
1760.92
1804.58
1838.36
1858.64
1886.44
1924.6
1968.74
2021.19
2076.72
2136.56
2204.81
2284.93
2363.65
2440.38
2519.93
2603.55
2695.33
2798.93
2902.45
3005.85
3111.23
3219.52
3339.64
3477.31
3614.29
3750.26
3882.16
4007.94
4130.54
4248.33
4368.05
4490.73
4624.75
4776.3
4912.27
5023.96
5130.95
5230.55
5342.76
5474.93
5614.25
5765.01
5898.92
6005.71
6117.04
6235.72
6359.67
6492.24
6641.17
6817.1
6978.03
7114
7261.41
7428.05
7594.95
7762.28
7929.14
8095.18
8270.1
8460.31
8651.47
8844.28
9027.76
9194.9
9369.08
9555.7
9734.84
9900.68
10068.5
10240.1
10406.4
10563.4
10728.8
10909.6
11093
11281.4
11467.9
11651.1
11810.4
11924.8
12062.7
12245
12419.9
12580.8
12715.2
12798.7
12912.4
13084.7
13234.4
13339.8
13455.5
13591.3
13698.1
13746.8
13809.7
13900.8
13977.7
14026
14079.3
14143.1
14178.6
14155.9
14159.5
14218
14253.4
14240.5
14239.5
14263.6
14270.5
14240.7
14236
14285.5
14306.4
14265.3
14234.2
14225.3
14200.9
14142.2
14082.9
14022.5
13970.3
13936.6
13891.3
13819.6
13744.8
13662.7
13576.7
13481.5
13401.9
13358.6
13295.5
13185.3
13099
13069.8
13027.2
12952.3
12905
12925.1
12929.3
12894.4
12882.5
12927.5
12979.5
13049.3
13106.3
13130.5
13174
13266.3
13353
13425.6
13507.4
13613.6
13716.3
13809.6
13915.5
14055.1
14185.2
14289.9
14396.2
14507
14612.6
14704.1
14798.1
14899.6
15005.2
15122
15247.7
15398.5
15522.4
15569.5
15617.2
15667.1
15709.9
15732
15754.1
15775.9
15788.6
15774.4
15752.1
15705.2
15679.1
15715.9
15735.4
15702.1
15673.7
15660.2
15628.3
15538.4
15460
15417.7
15363
15268.9
15195.9
15191.2
15163.2
15059
14961.5
14886.4
14817.3
14768.4
14713.6
14639.2
14569.4
14515.7
14457.8
14385.9
14326.6
14311.2
14289.5
14245.3
14204.2
14173.9
14140.6
14096.6
14051.4
14002
13963
13962.3
13955.1
13923.2
13890
13851.9
13816
13788.9
13763.2
13743
13723.1
13704.9
13677.9
13615.8
13562.7
13546
13526.2
13493.7
13455
13390.2
13331.3
13296.6
13260
13215.2
13178.7
13178.2
13163.6
13087.7
13015.1
12957.6
12892.1
12791.2
12702.6
12669.3
12625.7
12535.1
12445.2
12358.6
12276.1
12212.7
12144
12049.7
11951.1
11831.5
11718.3
11636
11556.7
11491.7
11424
11343.3
11261.1
11171.5
11080.3
10980.7
10882.3
10790.4
10698.3
10605.1
10518.2
10465.7
10405.5
10303.3
10205.8
10134.7
10068.8
10032.9
9988.44
9894.14
9805.56
9750.51
9693.81
9627.28
9560.9
9495.46
9430.7
9370.06
9310.39
9256.74
9203.47
9152.62
9103.62
9066.56
9031.89
9012.91
8991.33
8952.47
8915.7
8893.12
8868.59
8830.52
8789.63
8728.79
8677.58
8695.36
8707.87
8681.89
8657.52
8645.03
8635.78
8651.07
8665.36
8671.95
8677.49
8674.8
8674.63
8694.81
8709.39
8678.02
8649.86
8648.56
8644.96
8621.68
8600.13
8593.64
8587.13
8580.54
8577.48
8606.55
8633.1
8636.2
8637.15
8617.67
8602.32
8627.19
8648.31
8631.92
8618.29
8632.78
8642.94
8607.87
8575.35
8570.05
8562.96
8536.09
8508.95
8478.88
8447.18
8396.53
8343.12
8256.8
8174.46
8140.79
8106.18
8059.73
8012.2
7950.66
7890.26
7845.21
7797.28
7709.77
7623.13
7549
7476.96
7435.5
7394.16
7354.59
7313.14
7241.91
7172.26
7128.41
7085.15
7052.08
7017.25
6951.41
6884.99
6807.76
6734.02
6726.43
6716.32
6656.38
6595.99
6526.25
6456.3
6381.58
6306.67
6227.75
6149.34
6083.21
6016.92
5946.89
5876.15
5786.54
5697.48
5623.95
5549.94
5461.73
5373.91
5298.69
5224.05
5169.6
5114.25
5025.54
4936.95
4853.33
4770.21
4708.77
4647.21
4579.98
4512.81
4449.28
4385.38
4300.26
4215.5
4154.46
4093.25
4019.23
3945.56
3904.9
3863.94
3789.72
3715.43
3632.51
3549.53
3455.33
3361.12
3265.41
3169.66
3036.2
2902.73
