142.801
144.299
145.798
141.211
136.616
133.115
129.619
126.222
122.825
131.13
139.521
132.87
126.077
130.247
134.543
131.938
129.241
131.463
133.76
130.167
126.471
132.573
138.867
139.293
139.593
137.062
134.465
131.186
127.889
131.591
135.487
136.764
137.963
136.16
134.262
134.78
135.379
131.929
128.332
126.66
125.062
128.361
131.858
129.7
127.302
132.46
137.955
137.055
135.856
139.419
143.216
131.328
118.641
124.545
131.438
133.788
135.886
134.866
133.667
127.661
121.367
122.975
125.073
126.045
126.944
124.47
121.773
125.433
129.529
128.121
126.322
127.689
129.288
124.476
119.181
122.044
125.541
125.245
124.645
129.4
134.595
136.474
138.072
131.949
125.156
118.363
111.569
112.464
114.063
123.242
133.132
128.076
121.582
122.455
124.053
125.833
127.632
126.713
125.514
122.78
119.882
113.108
105.916
109.338
113.934
117.093
120.09
124.61
129.305
121.399
112.008
117.153
124.047
126.402
128.2
117.301
104.814
108.804
114.898
121.08
127.274
123.766
118.971
116.904
115.205
122.112
130.204
125.33
118.636
118.062
118.362
121.104
124.201
125.905
127.404
126.558
125.359
127.106
129.304
126.315
122.519
118.55
114.554
121.744
130.735
122.814
112.124
113.855
117.651
120.336
122.834
126.951
131.347
122.217
110.728
120.203
133.39
129.981
123.587
124.205
126.103
129.687
133.583
136.891
140.088
135.566
129.572
129.353
130.252
130.316
130.216
132.366
134.963
132.823
129.726
134.506
140.9
136.375
129.582
129.06
129.859
132.552
135.649
139.239
142.935
145.812
148.51
148.673
148.273
150.238
152.736
158.894
165.887
170.933
175.528
171.057
164.463
168.692
175.485
178.975
181.672
186.861
192.656
194.361
195.06
199.199
204.194
208.63
212.926
212.686
211.287
221.241
234.129
236.721
236.621
233.756
230.159
237.359
247.449
251.722
254.42
256.019
257.318
257.678
257.778
267.63
280.218
280.821
278.024
282.058
288.052
288.78
287.981
296.373
307.462
314.237
319.732
322.844
325.242
330.476
336.57
334.177
329.182
331.813
336.808
351.767
369.849
369.572
363.478
365.329
369.725
372.385
374.483
378.312
382.708
393.335
406.023
409.125
409.025
412.66
417.555
421.929
426.125
436.116
448.104
458.907
469.297
488.999
511.976
527.73
540.917
558.074
576.656
599.417
623.693
651.406
680.378
700.89
718.273
749.402
785.667
814.895
841.469
876.724
915.286
951.828
987.593
1042.78
1105.52
1167.18
1228.42
1287.59
1345.93
1401.14
1455.08
1535.86
1627.47
1707.8
1783.52
1867.32
1954.43
2044.3
2135.31
2224.14
2312.05
2407.62
2506.42
2623.42
2748.2
2849.94
2941.75
3066.28
3205.04
3338.11
3468.68
3593.3
3715.29
3843.2
3973.77
4110.68
4250.44
4403.24
4561.99
4701.23
4831.5
4979.1
5134.75
5264.27
5381.56
5506.78
5635.75
5800.71
5982.84
6115.52
6224.41
6359.47
6507.22
6628.76
6737.45
6825.95
6904.47
7004.33
7114.82
7201.39
7275.91
7345.87
7413.5
7467.85
7515.41
7574.95
7640.68
7689.47
7729.43
7772.21
7816.47
7841.01
7855.09
7851.54
7838.55
7861.32
7903.38
7944.02
7983.88
7979.36
7950.48
7939.3
7937.9
7950.42
7970.7
7968.99
7954.9
7946.74
7941.94
7970.89
8019.14
8032.24
8025.05
8020.06
8016.37
8028.85
8050.83
8061.57
8065.67
8064.88
8061.19
8065.47
8074.56
8085.46
8097.45
8108.75
8119.64
8145.05
8179.41
8191.98
8190.98
8203.24
8223.82
8245.5
8267.88
8294.1
8322.77
8302.69
8251.24
8217.43
8195.05
8176.78
8161.19
8118.7
8058.45
7990.17
7916.54
7840.35
7762.42
7722.95
7709.46
7645.29
7546.59
7490.94
7464.87
7425.16
7376
7349.97
7340.08
7319.99
7292.72
7277.83
7271.74
7277.18
7290.87
7265.77
7212.73
7183.69
7172.1
7169.74
7174.13
7166.92
7151.14
7121.09
7080.43
7082.4
7116.37
7129.92
7128.02
7138.88
7159.45
7163.03
7153.54
7164.65
7191.73
7186.43
7155.86
7132.23
7114.04
7118.36
7140.54
7120.93
7067.88
7022.9
6984.44
6940.3
6891.55
6856.8
6833.53
6786.5
6719.86
6667.3
6626.44
6577.26
6521.12
6473.37
6432.71
6382.23
6323.39
6269.06
6218.61
6169.39
6121.24
6075.11
6030.75
5993.52
5962.55
5927.56
5888.99
5837.77
5775.23
5743.65
5739.96
5723.69
5696.02
5669.34
5643.56
5607.76
5562.7
5546.23
5556.32
5546.81
5518.93
5508.59
5514.78
5497.68
5458.42
5444.2
5453.99
5462.46
5469.65
5481.09
5496.68
5498.75
5487.56
5485.67
5492.96
5476.49
5436.33
5411.52
5402.12
5390.85
5377.66
5355.28
5323.51
5282.78
5232.83
5191.31
5158.54
5114.39
5058.35
5019.14
4997.66
4972.26
4942.68
4908.14
4868.28
4832.27
4800.4
4764.17
4723.21
4685.16
4650.29
4609.97
4563.61
4523.26
4489.6
4446.37
4392.42
4337.31
4280.86
4202.05
4097.75
4002.52
3917.7
3824.97
3723.07
3614.71
3498.83
3387.07
3280.18
3167.34
3047.46
2953.88
2891.75
2813.74
2716.64
2632.67
2564.63
2497.95
2432.91
2376.78
2331.62
2286.2
2240.44
2195.04
2150.09
2107.03
2066.37
2039.77
2031.08
2018.06
1999.48
1982.68
1968.2
1957.31
1951.12
1951.01
1958.9
1970.19
1985.97
2011.08
2048.65
2091.87
2142.72
2200.4
2267.33
2352.12
2461.31
2568.91
2674.3
2810.13
2988.26
3169.13
3353.85
3570.33
3831.67
4102.12
4385.55
4683.53
5002.42
5342.74
5714.07
6089.27
6470.09
6866.28
7285.07
7685.64
8059.17
8441.51
8837.03
9245.93
9675.01
10070.9
10416.2
10764.5
11117.4
11470.9
11825.6
12155.6
12447.2
12745.4
13054
13336
13575.6
13841.8
14150.2
14444
14714.3
14989.1
15271.1
15563.9
15874.2
16193
16526
16854.6
17176
17528.8
17934.4
18322.9
18682.5
19050
19431
19791
20114.9
20464.4
20858.6
21240.2
21600.1
21973.9
22372.3
22739.9
23052.7
23370.2
23696.3
24043.7
24429.6
24807.3
25170.2
25533.2
25896.4
26244
26562.6
26868.5
27150.5
27446.8
27770.1
28072.8
28336.2
28604.9
28883.6
29138.7
29347.7
29563.6
29793.2
30011.3
30206.9
30404.5
30606
30761.9
30826
30925.8
31098
31221.8
31246.9
31265.7
31271.7
31277.2
31281.5
31295.2
31328.8
31346.4
31330.2
31310.7
31284.2
31269.8
31281.6
31271.5
31213.4
31154.8
31095.5
31012.1
30875.3
30739.1
30604
30464.3
30314.2
30153.4
29968.5
29779.9
29582.7
29392.2
29217.2
29025.4
28794.1
28582.7
28418.9
28285.9
28226.4
28170.7
28123.8
28084.6
28063.9
28062.7
28109.6
28162
28228.4
28299
28380.4
28489.6
28668.9
28841.8
28998.4
29168.6
29374.2
29594.8
29854.3
30091.6
30270.3
30483.3
30787.4
31084.3
31361.7
31646.4
31950.7
32244.1
32507.9
32764.5
33001.2
33233.7
33454.2
33641
33732.6
33847.7
34029.9
34184.6
34259.8
34348.6
34477
34598.5
34699.9
34760
34697.1
34638.8
34594.2
34534.7
34430.4
34330.8
34245.2
34169
34121.3
34065.3
33982.9
33899.5
33812.7
33711.8
33565.5
33412.7
33238.7
33058.8
32859.8
32674.3
32533.3
32403.1
32309.1
32215.9
32125
32022.7
31881.2
31742.6
31614.6
31499.1
31427.7
31346.5
31230.7
31111.2
30978.4
30879.6
30903.6
30898.4
30786.6
30698.4
30697.5
30671.6
30552
30446.8
30395.9
30337.3
30249.1
30159.2
30062.7
29973.8
29914.8
29864.6
29849.6
29829.1
29786.2
29736.1
29656.6
29576.5
29493.7
29408.3
29311.5
29215.8
29124.7
29029.1
28914.3
28790.8
28629.3
28486.6
28426.2
28332.2
28088.8
27884.5
27856.2
27792.5
27567
27350.6
27177.1
27012.3
26888.7
26747
26518.7
26287.3
26040.9
25797.9
25572
25352.9
25167.3
24982
24798.7
24610.3
24396
24184.8
23989.5
23805.9
23683.8
23550
23353.8
23161.7
22992
22820.5
22639.5
22462.6
22308.9
22151.7
21974.8
21807.6
21695.6
21581.1
21451.8
21328.5
21240
21138.6
20958.7
20786.2
20659.2
20534.5
20423.7
20314.8
20218.1
20124
20046.8
19963
19836
19723.3
19705.7
19677.9
19580.5
19488.8
19436.3
19388.9
19377.1
19364.1
19342.3
19321.2
19304.3
19284.2
19240.1
19205.8
19245.7
19279
19261.2
19247.1
19262
19275.4
19277.6
19277.5
19258.8
19241.6
19237.5
19232.3
19217.8
19203.1
19186.4
19172.2
19180.4
19186.9
19177.4
19172.9
19215.5
19254.1
19254.8
19256.6
19270.1
19281.6
19273.5
19267.3
19281.9
19291.1
19244.2
19196.1
19134.4
19073.9
19026.6
18976.4
18893.2
18806.5
18679.3
18552.9
18435.4
18315.5
18165.8
18018.7
17903.5
17785.3
17628.1
17475.5
17385.4
17289.1
17106.6
16929.2
16823.4
16716.3
16588.6
16461.4
16341.1
16221.8
16117.5
16010.7
15863.3
15721.2
15668.2
15608.7
15437.3
15267.9
15136
15005.9
14911.4
14814.8
14676.8
14537.8
14377.2
14217
14062.7
13909.6
13781.6
13649.8
13425.9
13203.8
13025.4
12848.4
12704.7
12561.2
12421.4
12279
12056.2
11835.1
11669.2
11503.8
11354.8
11205
11025.5
10846.6
10690.2
10533.4
10358.2
10183.6
10039.5
9895.46
9759.09
9622.75
9487.78
9352.96
9228.29
9103.07
8936.44
8770.47
8665.87
8560.8
8402.45
8243.9
8054.98
7865.73
7608.89
7351.99
7079.36
6806.67
6481.59
6156.51
