10.3993
8.90079
7.40226
8.59701
9.79584
12.3884
14.9859
6.65377
-1.73801
1.37325
4.57012
4.6
4.6
4.00736
3.40795
6.65303
9.9498
7.34371
4.64635
8.13466
11.7311
11.408
11.0084
6.89266
2.69677
7.77268
13.0675
8.6221
3.9267
7.10501
10.5017
7.98071
5.28335
5.58726
5.98686
1.65214
-2.84345
5.87093
15.0619
14.4377
13.4387
10.6151
7.71792
4.82076
1.9236
6.86892
12.1637
10.9683
9.4698
11.2097
13.1079
11.489
9.69081
8.936
8.23668
11.7971
15.5934
9.56528
2.97174
7.31348
12.3086
10.2481
7.7506
10.8857
14.3823
10.2906
5.69511
7.26973
9.26777
13.8779
18.6732
13.6005
7.80617
9.62958
12.0272
8.67727
4.88099
10.1504
16.1446
13.1844
9.48808
10.5817
12.0803
11.4646
10.6654
11.1503
11.7497
9.87789
7.77995
8.96999
10.4685
12.7873
15.1849
15.7638
16.1634
14.9295
13.5309
13.1283
12.8286
12.6193
12.4195
8.79366
4.79758
3.95018
3.45067
5.37487
7.57271
11.1141
14.8105
13.8594
12.3608
14.7862
17.6834
17.1991
16.3
12.826
9.02978
2.66433
-4.02911
5.98435
18.1724
14.4844
8.69004
8.35202
8.75162
10.3805
12.1788
13.6266
15.0252
12.9271
10.3297
6.24947
1.95368
4.27185
7.56862
8.43415
8.93366
10.8193
12.9173
9.05095
4.25564
6.27352
9.37049
6.18602
1.99014
8.26809
16.2603
15.4299
13.1322
8.44155
3.34655
10.0179
18.7094
18.0434
15.7457
13.1084
10.4111
10.8468
11.8458
18.505
26.1975
24.1129
20.2167
18.9273
18.1281
19.4262
21.1245
19.3912
16.9936
18.27
20.2681
18.8506
16.7526
20.3893
25.1846
24.1759
21.978
23.5852
25.9829
25.5748
24.5757
28.0224
32.4181
29.0934
24.0983
25.5761
28.4733
30.2261
31.7246
29.3906
26.1937
32.7586
41.55
41.7392
39.941
41.543
43.9406
45.6922
47.2906
50.5809
54.2773
50.2582
44.364
48.3311
54.7248
54.8803
53.4817
55.9924
59.4889
62.8263
66.1231
60.7663
53.1737
57.9356
65.9277
68.627
69.9257
70.2788
70.3787
72.0507
74.1487
71.4635
67.4674
64.6446
62.147
65.579
70.674
77.2477
84.2408
81.9186
76.9235
80.6008
86.7948
87.4276
86.4286
89.4357
93.6316
92.3715
89.4743
95.0086
103.101
98.5779
90.1861
93.1568
99.6504
102.949
105.247
106.786
108.085
105.676
102.079
101.879
102.778
107.667
113.861
113.973
112.075
112.573
113.872
113.752
113.152
112.553
111.954
115.143
119.639
123.838
127.934
127.891
126.393
126.516
127.215
132.987
140.58
143.48
144.679
150.484
157.977
161.677
163.975
163.8
162.701
171.612
184.3
192.719
199.513
203.059
205.357
211.828
219.92
225.142
229.238
234.407
240.002
247.095
254.787
260.843
266.238
278.02
292.406
297.874
299.672
307.964
318.953
325.297
329.693
343.353
360.936
368.09
370.787
383.884
401.467
405.547
403.749
417.22
437.4
450.936
461.526
472.322
483.212
494.445
505.834
528.134
555.407
564.41
565.01
573.592
585.88
605.04
627.418
634.261
633.761
647.264
667.444
678.384
684.878
696.953
711.739
727.262
743.146
749.737
751.735
757.666
765.559
772.72
779.513
781.137
780.138
788.192
800.879
818.706
839.186
840.617
832.125
826.842
823.246
826.309
832.903
839.301
845.595
836.766
819.783
816.453
820.549
825.419
830.714
828.87
823.075
821.385
821.984
814.657
802.868
806.821
819.708
823.32
821.622
827.904
838.793
836.675
826.985
827.303
833.496
834.106
831.408
831.151
832.349
832.052
830.853
830.151
829.752
835.611
845.301
847.888
846.09
843.861
841.363
843.714
849.109
857.747
868.436
873.515
875.013
873.168
869.172
866.57
864.871
863.958
863.559
857.018
846.429
841.9
841.4
837.133
830.339
818.061
802.077
800.71
809.302
811.023
808.026
797.886
782.801
780.13
786.124
788.307
787.807
783.217
775.724
774.813
778.61
779.039
777.041
780.308
787.401
785.787
777.795
771.986
767.791
768.119
771.815
778.651
787.842
786.965
778.474
777.18
781.376
782.183
780.385
779.994
780.693
782.346
784.744
786.582
787.981
784.199
776.307
780.071
793.158
791.091
776.805
764.999
755.208
748.548
744.452
743.092
743.992
741.019
734.825
735.64
742.334
734.519
714.438
707.573
711.969
716.472
721.068
724.539
727.036
722.064
710.576
697.917
684.231
680.978
686.972
684.049
673.159
671.259
677.453
680.662
681.161
679.417
675.621
674.995
677.293
673.739
664.748
660.348
660.248
661.176
663.075
663.59
662.791
658.83
651.837
652.871
661.662
663.672
659.076
662.446
673.635
671.918
657.432
649.75
648.851
650.293
654.09
660.963
670.953
666.953
648.671
642.502
648.796
651.362
650.064
649.693
650.292
652.205
655.502
660.834
668.327
668.725
661.532
656.646
654.249
655.346
660.241
661.417
658.52
657.855
659.653
663.153
668.548
662.547
643.766
634.832
637.029
638.9
640.399
639.014
634.319
627.077
616.887
609.832
606.436
600.009
590.018
582.04
576.445
571.124
566.129
561.542
557.446
553.575
549.979
541.305
526.419
521.779
529.771
533.175
530.878
529.023
527.725
524.792
519.797
519.33
524.624
521.955
509.068
508.639
524.324
532.549
531.051
524.156
510.17
508.603
523.489
535.85
544.841
550.17
550.57
549.443
546.247
547.733
555.625
568.473
588.154
601.314
605.41
613.458
627.045
639.224
649.414
663.931
684.611
701.804
713.992
728.711
747.093
762.509
773.599
786.184
800.969
820.341
846.516
868.846
885.43
903.528
923.908
949.125
981.693
1005.03
1014.22
1027.22
1046.1
1065.84
1086.92
1108.19
1129.77
1149.92
1167.8
1179.8
1182.4
1189.89
1205.28
1224.66
1250.54
1273.15
1290.44
1315.41
1353.07
1388.82
1421.39
1450.19
1472.67
1497.26
1525.43
1553.61
1581.78
1610.61
1640.58
1671.87
1705.44
1734.28
1754.86
1778.47
1807.45
1833.97
1856.15
1883.33
1919.5
1954.17
1986.14
2019.8
2056.57
2083.07
2090.66
2102.2
2121.09
2149.32
2195.07
2234.5
2261.98
2281.89
2287.38
2304.7
2344.76
2372.69
2377.09
2382.16
2388.55
2401.76
2428.44
2449.67
2460.06
2470.22
2479.91
2490.36
2502.35
2504.82
2487.84
2486.08
2515.75
2529.64
2510.66
2496.77
2493.57
2495.27
2507.36
2514.77
2512.17
2508.75
2503.56
2501.57
2506.57
2500.22
2468.95
2446.44
2443.34
2442.37
2446.17
2440.62
2413.94
2386.54
2357.47
2336.47
2334.08
2328.94
2317.45
2302.29
2278.52
2253.43
2225.26
2206.22
2209.02
2210
2206.61
2200.48
2187.69
2182.15
2194.44
2204.52
2209.11
2214.14
2220.23
2229.04
2244.73
2256.48
2258.17
2265.15
2285.73
2304.89
2320.38
2337.05
2356.83
2374.12
2384.81
2397.53
2415.72
2435.94
2461.72
2486.26
2507.44
2529.31
2553.09
2573.23
2583.22
2596.79
2620.47
2640.36
2649.45
2657.28
2661.48
2663.78
2660.58
2653.41
2634.53
2625.66
2646.54
2663.2
2667.19
2663.29
2635.42
2616.51
2625.1
2626.11
2603.64
2582.88
2567.49
2554.14
2547.25
2540.93
2536.43
2527.93
2506.45
2489.27
2486.18
2479.99
2463.61
2445.29
2420.52
2396.79
2376.61
2364.96
2382.44
2393.73
2383.64
2375.55
2374.46
2370.52
2356.53
2344.2
2337.81
2328.77
2310.19
2295.81
2296.81
2298.53
2302.93
2301.81
2280.03
2266.14
2282.12
2294.18
2291.18
2284.67
2264.49
2247.83
2245.03
2238.2
2215.33
2195.07
2185.38
2177.93
2179.63
2177.69
2160.7
2147.62
2150.81
2151.24
2139.95
2129.82
2124.62
2118.81
2110.32
2100.79
2086.7
2072.82
2059.83
2048.22
2042.83
2035.42
2018.84
1999.53
1967.56
1943.74
1958.23
1966.53
1945.35
1925.06
1909.07
1889.63
1853.27
1821.89
1815.3
1807.55
1793.96
1779.38
1759.7
1740.53
1724.05
1708.83
1700.23
1688.81
1662.23
1637.43
1622.25
1610.51
1617.7
1622.28
1612.29
1599.19
1568.42
1542.81
1546.9
1550.03
1547.54
1542.43
1521.85
1504.45
1506.25
1504.42
1480.35
1458.96
1454.37
1448.51
1434.62
1421.62
1414.33
1406.73
1397.14
1388.75
1388.35
1387.85
1386.65
1384.32
1374.23
1365.92
1370.12
1373.41
1370.21
1366.94
1363.15
1360.12
1362.82
1364
1353.71
1345.36
1351.95
1357.59
1355.69
1352.8
1342.01
1333.32
1341.81
1349.29
1348.29
1347.45
1347.95
1348.85
1353.25
1357.17
1356.87
1355.47
1344.08
1333.31
1328.32
1324.5
1331.89
1338.01
1331.72
1326.58
1332.98
1338.74
1338.04
1335.87
1318.39
1302.3
1301.1
1299.62
1295.02
1289.98
1279.89
1271.28
1279.87
1286.96
1276.07
1263.96
1236.88
1211.56
1208.26
1203.91
1185.82
1168.8
1165.9
1163.33
1165.33
1165.25
1135.58
1107.61
1104.72
1101.65
1095.95
1090.22
1083.82
1077.57
1073.68
1069.13
1053.54
1038.47
1032.27
1026.55
1029.55
1031.19
1007.01
983.947
982.848
980.778
958.6
937.356
936.357
934.722
918.638
902.794
892.704
882.454
868.168
853.987
842.598
831.099
816.514
802.377
801.678
800.338
778.559
756.965
741.68
726.422
712.136
698.053
692.059
686.015
677.823
669.586
659.196
648.847
640.655
632.388
619.701
607.116
601.422
595.607
580.522
565.401
547.019
528.888
538.878
548.622
522.747
496.902
477.021
457.152
441.168
425.179
404.499
383.82
