91.6055
103.893
116.181
139.143
162.12
155.629
149.036
148.205
147.406
136.591
125.702
126.095
126.594
130.057
133.553
130.544
127.447
124.35
121.253
126.011
130.906
134.43
137.926
138.587
139.186
138.322
137.422
128.926
120.234
114.556
108.962
120.926
133.414
130.992
128.095
130.609
133.306
133.014
132.615
132.504
132.404
130.767
129.069
131.396
133.893
126.731
119.139
123.477
128.372
126.123
123.526
125.301
127.299
125.503
123.505
127.47
131.766
133.511
135.11
132.56
129.763
123.955
117.961
123.42
129.614
123.911
117.417
121.581
126.476
127.453
128.152
122.8
117.006
118.365
120.263
122.81
125.408
124.767
123.868
119.738
115.342
114.171
113.272
114.946
116.845
119.935
123.132
119.19
114.594
120.137
126.63
120.638
113.445
114.892
117.189
120.122
123.119
119.325
114.83
119.369
124.864
126.392
127.491
125.081
122.284
122.718
123.517
121.092
118.295
114.425
110.429
113.389
117.185
116.087
114.389
115.088
116.087
118.415
120.912
118.813
116.116
110.949
105.454
110.784
117.578
121.21
124.407
127.691
130.988
123.27
113.979
115.504
118.601
117.695
116.196
118.952
122.349
116.042
108.25
115.93
126.02
124.554
121.257
113.486
104.994
110.41
118.103
120.313
121.612
117.783
113.088
110.268
107.771
114.375
122.567
124.649
125.648
124.868
123.77
122.333
120.834
123.55
127.046
128.104
128.704
121.837
113.545
117.557
123.95
123.831
122.432
123.116
124.215
123.569
122.57
122.234
122.034
121.834
121.635
121.6
121.6
127.363
134.356
136.585
137.784
135.87
133.272
132.882
132.982
130.717
127.919
133.582
141.175
140.003
136.806
139.924
144.519
142.654
139.257
141.339
144.736
151.267
158.56
159.599
159.1
160.599
162.597
168.664
175.757
178.473
180.072
177.304
173.407
178.777
186.569
187.094
185.695
184.533
183.434
187.366
192.661
193.486
193.087
198.631
205.824
201.002
192.81
197.381
205.573
202.82
196.926
202.491
211.383
211.314
208.617
213.316
220.209
227.948
235.94
235.5
232.503
238.604
247.496
244.033
236.74
240.248
247.141
250.697
253.194
260.459
269.25
264.154
254.564
259.502
269.192
271.375
271.075
277.216
285.507
291.11
295.806
299.682
303.278
303.457
302.458
307.165
313.858
323.656
334.545
347.793
361.88
373.246
383.635
390.506
396.1
413.761
435.839
459.084
482.761
504.183
524.763
541.788
557.473
581.477
608.65
630.918
651.298
682.471
717.836
750.833
782.902
825.561
872.415
908.636
940.605
987.234
1039.78
1096.66
1155.3
1206.51
1254.67
1301.83
1348.58
1418.64
1498.46
1566.28
1629.02
1692.8
1757.04
1834.96
1918.78
2004.33
2090.65
2171.14
2249.06
2333.63
2421.14
2512.04
2604.45
2702.98
2804.28
2899.75
2992.56
3066.76
3132.39
3228.66
3339.15
3450.46
3562.15
3656.75
3743.26
3835.33
3930.03
4017.66
4101.88
4199.01
4302.4
4386.49
4461.12
4537.08
4613.71
4688.4
4762.13
4807.14
4837.71
4880.34
4929.09
4980.55
5033.4
5069.19
5096.16
5137.26
5185.71
5207.38
5214.97
5243.19
5282.36
5295.87
5295.67
5314.29
5343.06
5349.58
5343.98
5355.22
5375.7
5379.4
5373.8
5376.86
5384.76
5382.04
5373.35
5394.35
5432.21
5438.95
5427.86
5433.49
5448.77
5458.38
5464.67
5472.6
5481.49
5474.26
5457.47
5453.14
5456.24
5470.99
5492.77
5512
5529.68
5526.73
5511.15
5524.22
5554.99
5569.57
5574.07
5597.22
5632.09
5646.82
5648.82
5646.49
5641.39
5649.73
5666.72
5648.37
5607.11
5576.91
5553.93
5520.66
5480.6
5443.66
5408.79
5376.74
5346.57
5317.23
5288.46
5237.34
5171.01
5140.68
5135.09
5119.34
5096.56
5070.73
5042.75
5021.64
5005.36
4987.73
4969.15
4964.43
4969.62
4961.18
4942.89
4945.96
4964.54
4948.12
4906.07
4884.87
4879.07
4890.23
4914.01
4914.04
4896.26
4890.65
4894.24
4896.88
4898.77
4892.59
4880.21
4883.75
4899.63
4909.96
4915.96
4906.25
4884.17
4882.59
4897.27
4883.93
4848.16
4831.2
4829.41
4806.22
4765.66
4738.89
4723.4
4688.55
4637.7
4595.46
4560.39
4532.12
4509.54
4471.75
4421.1
4391.06
4378.57
4353.56
4317.79
4276.25
4229.69
4194.87
4170.3
4134.13
4087.78
4054.72
4033.44
4011.42
3988.74
3973.11
3963.82
3943.43
3912.96
3886.35
3863.27
3851.37
3849.77
3836.42
3812.14
3792.92
3778.43
3788.1
3820.57
3817.46
3780.49
3759.44
3753.65
3753.64
3759.24
3757.14
3747.55
3745.67
3751.37
3762.64
3779.42
3775.19
3750.02
3726.09
3703.41
3681.87
3661.49
3639.83
3616.85
3601.85
3595.06
3576.4
3545.43
3508.25
3464.59
3434.85
3419.77
3389.03
3341.68
3306.82
3285.34
3261.56
3235.28
3212.02
3192.04
3167.87
3139.1
3101.97
3055.61
3031.91
3033.41
3008.96
2955.41
2913.07
2883.4
2832.44
2757.21
2684.77
2615.54
2555.52
2506.17
2449.4
2383.96
2313.29
2236.47
2165.72
2102.19
2034.14
1960.71
1892.09
1829.25
1779.18
1744.62
1704.75
1658.4
1614.01
1572.05
1532.94
1497.38
1469.57
1451.49
1427.93
1397.46
1374.64
1361.55
1348.6
1335.81
1329.64
1332.04
1326.81
1311.62
1305.85
1312.44
1319.38
1326.77
1341.87
1367.24
1394.23
1423.41
1460.21
1507.36
1561.22
1624.26
1699.06
1790.07
1888.9
1998.59
2117.77
2250.24
2389.04
2536.8
2708.21
2913.31
3122.88
3338.87
3570.61
3825.16
4088.25
4363.78
4643.03
4927.75
5220.44
5524.94
5821.31
6105.53
6398.6
6705
7005.25
7296.17
7574.73
7834.38
8101.92
8381.64
8645.08
8883.15
9123
9365.66
9593.75
9798.75
10014.9
10248.7
10478.2
10700.7
10916.7
11122.1
11327.7
11533.7
11763.9
12034.2
12306.3
12581.7
12855.9
13128.2
13389.5
13632.3
13902.7
14220.2
14535.8
14848.3
15145.1
15414.8
15692.7
15985
16271.1
16546.3
16824.3
17107.1
17382.4
17644.3
17896.9
18132.6
18389.3
18684.1
18963.8
19215.5
19466.8
19717.3
19985.2
20285.9
20538.2
20698.8
20894.7
21158
21389.6
21560.6
21741.5
21941.7
22146.2
22359.1
22547.5
22687.8
22815.2
22917
23047.5
23235.6
23376.8
23422.9
23484.4
23577.7
23642.4
23648.1
23690.9
23810.8
23874.8
23821.4
23784.6
23782.8
23790.5
23818.3
23820.6
23767.4
23727.6
23716.7
23713.3
23726.5
23701.7
23592.5
23485.1
23381.7
23294.4
23243.4
23178.3
23081
22951.5
22747.7
22587.8
22530.2
22431
22234.3
22067.5
21971.3
21881
21804.6
21724
21633.2
21562.1
21539
21542.9
21613
21654.6
21625.2
21632.7
21732.7
21831.9
21929
22032.5
22152.5
22282.1
22436.3
22595.6
22767.9
22937
23097.4
23258.7
23422.4
23604.4
23835.6
24055.3
24243.5
24438.8
24653.5
24864.8
25066.6
25266
25459
25638.9
25782.4
25918.6
26034.3
26154
26285.4
26387.3
26403.5
26426
26466.8
26502.3
26521.8
26520.2
26455.6
26416.7
26455.7
26477.4
26445.9
26405.9
26340
26261.6
26144.4
26033.5
25942.4
25840.5
25704
25582.5
25509.5
25424.7
25301.2
25171.7
25022.5
24902.9
24882.6
24837.1
24706.2
24584.4
24493.4
24395
24271.4
24171
24152.4
24125.9
24072.1
24015.7
23950.3
23886.7
23830
23763.7
23662.7
23583
23582.3
23568.9
23507.9
23451.6
23413.6
23372.8
23321.8
23268.1
23203.9
23152.4
23150.6
23132.9
23051.8
22983.1
22964.3
22942.3
22907.2
22862.9
22780.1
22703.8
22654.2
22596.7
22506.4
22422.4
22365.6
22302.7
22213.4
22127.9
22059.2
21982.9
21872.4
21753.2
21594.3
21449.3
21367.1
21270.5
21106.6
20939.4
20757.1
20588.9
20488.2
20370.1
20167.7
19976.4
19839.5
19698
19533.7
19387.9
19335.7
19250.5
18996.9
18765.8
18650.7
18535.9
18422.4
18291.7
18069
17865.7
17767.4
17659.9
17502.1
17353.7
17258.3
17160.7
17050.8
16941.7
16836.8
16726.9
16588
16453.7
16346.1
16243.4
16169.9
16095
16011
15928.4
15854.6
15777.7
15681.4
15586.2
15498.2
15409.8
15319.1
15234.8
15193.4
15149.9
15091.4
15035.5
14996.5
14956.1
14905.5
14859.9
14849.8
14838.2
14816.3
14795.7
14785.1
14777.6
14793.1
14802.6
14766.4
14735.9
14751
14764.5
14765.2
14767.2
14780.3
14789.4
14765.7
14746.7
14768.5
14788
14788.3
14784.2
14741.2
14702.9
14707.7
14715.6
14753.3
14784.8
14757.4
14736.2
14775
14811.7
14828.8
14843.6
14835
14824.3
14791.8
14760.2
14739.5
14718.1
14688.2
14653
14556.8
14461.3
14374.5
14285.6
14172.7
14062.4
13985.9
13906.5
13791
13677.5
13589.1
13498.3
13376.3
13257.4
13180.8
13103.8
13022.2
12938.1
12818.2
12700.4
12615.7
12530.9
12441.7
12352.9
12268
12183.8
12111.7
12039.8
11969.9
11897.7
11783.7
11669.3
11546.5
11426.8
11367.9
11305.1
11160.4
11018.4
10937
10853.2
10717.1
10583.4
10509.9
10433
10271.8
10112.5
10005.8
9897.1
9730.96
9565.67
9425.81
9287.54
9199.92
9109.68
8929.86
8751.34
8620.56
8490.57
8391.36
8291.09
8144.33
7998.41
7892.21
7785.61
7657.23
7528.82
7398.45
7268.34
7155.95
7043.93
6960.01
6875.9
6774
6671.83
6539.76
6407.62
6264.76
6121.91
5982.25
5842.41
5645.21
5447.96
5208.39
4968.83
