96.5981
92.4022
88.2063
93.0878
97.983
94.8142
91.6173
97.5616
103.556
98.0468
92.4523
91.0144
89.6158
89.9951
90.3947
91.5829
92.7817
86.8971
80.903
80.8
80.8
82.6618
84.5599
85.7735
86.9723
90.9039
94.9
96.6558
98.3541
93.9285
89.333
89.782
90.3815
87.5924
84.6952
85.9526
87.3513
91.1605
95.0567
92.9867
90.689
86.3746
81.9789
85.9209
90.2167
85.618
80.6229
82.2134
84.1116
87.3432
90.6399
86.5226
82.027
82.0845
82.3843
80.0335
77.5359
79.0059
80.7042
81.5541
82.3534
82.3059
82.206
86.3306
90.7263
89.8758
88.677
91.685
94.9818
90.4422
85.3471
77.6455
69.7532
78.6757
88.8657
85.7991
81.7031
80.9374
80.4379
86.2156
92.5095
83.4199
73.0301
70.9131
69.5145
77.0131
85.305
81.9727
77.577
78.6613
80.2597
80.3088
80.2089
81.2913
82.4901
80.9666
79.1683
79
79
80.6263
82.4246
84.4031
86.4012
85.8803
85.0811
81.8581
78.3616
83.4638
89.5578
86.625
82.6289
80.4164
78.4184
76.4203
74.4223
71.8915
69.294
73.4296
78.4247
79.8839
80.883
79.5006
77.8022
78.392
79.2911
80.1903
81.0894
79.8858
78.3872
77.3258
76.3268
79.7761
83.872
81.9632
79.166
80.7102
82.9081
82.8534
82.4538
80.3254
77.9278
81.9121
86.9072
83.1255
77.9306
78.6594
80.3578
82.9127
85.61
78.7359
70.2442
69.2558
69.5555
73.2579
77.5537
77.521
76.7218
78.6322
81.0299
84.6103
88.4065
85.7972
82.0009
84.259
87.6557
89.1228
90.2217
89.1445
87.646
85.0619
82.2647
78.3011
74.1052
78.3035
84.1977
84.2879
83.189
80.5184
77.5214
84.0144
92.5061
94.6586
95.4578
93.8752
91.7773
90.4168
89.2179
90.6348
92.6328
98.4634
105.157
105.668
104.769
106.872
109.669
112.062
114.36
112.862
110.464
115.317
121.911
120.065
116.169
119.729
125.124
130.279
135.374
137.277
138.376
137.724
136.626
140.29
145.185
149.447
153.543
155.822
157.62
156.581
154.783
154.872
155.471
160.148
165.942
168.217
169.515
170.034
170.334
176.237
183.729
182.295
178.299
179.491
182.188
186.584
191.48
198.301
205.694
204.019
199.623
202.432
207.427
216.322
226.412
225.75
221.753
224.983
230.478
230.738
229.339
231.421
234.618
235.249
235.049
234.849
234.65
240.832
249.124
258.988
269.378
270.88
269.381
272.799
277.894
286.927
297.317
304.002
309.396
320.778
334.264
342.591
349.085
361.166
375.252
388.898
402.385
414.336
425.725
451.408
482.378
496.982
505.474
531.085
563.153
592.69
621.262
652.792
685.46
717.624
749.593
785.723
823.486
875.991
934.333
982.043
1025.5
1074.58
1125.93
1179.69
1234.44
1294.21
1356.05
1432.78
1515.7
1583.7
1645.44
1719.18
1798
1878.08
1958.7
2050.07
2146.08
2247.65
2351.65
2442.19
2526.8
2613.01
2699.93
2800.64
2907.54
3027.85
3154.23
3263.66
3365.36
3469.04
3573.64
3694.54
3823.02
3927.27
4020.18
4121.03
4225.62
4331.58
4438.17
4542.81
4646.51
4742.27
4834.18
4927.63
5021.84
5105.22
5183.24
5256.73
5327.96
5385.63
5436.48
5499.13
5567.76
5628.73
5685.77
5719.63
5741.51
5772.71
5808.78
5849.23
5891.99
5912.61
5921.5
5936.58
5954.96
5963.61
5967
5971.63
5976.92
5981.38
5985.38
5986.99
5987.29
5997.91
6014.3
6015.15
6007.26
6009.94
6018.63
6030.95
6045.33
6047.62
6042.93
6048.71
6060.6
6068.65
6074.44
6085.95
6100.83
6096.58
6080.89
6083.29
6096.58
6111.05
6126.23
6122.08
6106.1
6124.03
6162.89
6169.73
6156.65
6160.74
6175.63
6190.64
6205.72
6215.2
6221.09
6226.38
6231.27
6197.93
6139.79
6104.78
6084.9
6062.37
6038.09
5980.57
5900.95
5830.54
5766.3
5730.62
5714.24
5683.47
5642.91
5612.36
5588.69
5552.67
5508.12
5477.56
5456.78
5429.96
5398.89
5383.66
5379.67
5367.57
5349.69
5346.26
5353.26
5361
5369.29
5351.98
5315.92
5303.13
5307.52
5294.74
5269.16
5265.56
5278.45
5281.95
5278.35
5289.84
5312.81
5324.15
5326.55
5317.92
5300.73
5295.72
5300.22
5289.45
5266.68
5249.25
5236.06
5214.32
5185.75
5160.28
5137.3
5112.83
5087.16
5070.88
5062.28
5036.02
4995.16
4953.59
4911.43
4876.06
4846.39
4802.75
4747.31
4691.49
4635.34
4588.28
4549.02
4511.68
4476.02
4443.55
4413.88
4375.71
4330.05
4294.83
4268.85
4247.1
4229.12
4202.99
4169.52
4143.65
4124.67
4099.95
4069.98
4059.97
4068.36
4068.26
4060.26
4046.75
4028.07
4003.43
3973.16
3966.28
3981.67
3982.62
3969.73
3967.62
3975.91
3981.21
3983.61
3979
3967.51
3967.57
3979.06
3972.04
3946.57
3927.82
3915.83
3895.5
3866.73
3833.07
3794.4
3761.6
3734.83
3700.21
3657.45
3623.24
3597.96
3573.91
3551.13
3519.87
3479.61
3447.6
3424.42
3396.2
3362.53
3335.71
3316.33
3281.27
3229.02
3186.17
3153.7
3128.8
3112.31
3082.74
3038.48
2989.91
2936.46
2880.54
2821.8
2757.34
2686.31
2607.5
2519.68
2431.87
2344.06
2259.46
2178.63
2095.3
2008.98
1935.6
1877.65
1818.8
1758.86
1694.32
1624.19
1565.29
1520.13
1479.9
1445.73
1406.98
1362.52
1323.12
1290.05
1266.43
1254.74
1237.21
1212.23
1191.94
1177.66
1167.86
1163.86
1167.02
1179.51
1181.42
1169.43
1172.18
1194.46
1219.56
1248.43
1280.88
1318.15
1354.77
1390.54
1448.12
1535.53
1616.81
1689.64
1791.69
1934.35
2079.26
2227.31
2395.12
2590.83
2798.65
3023.73
3255.58
3497.14
3773.37
4099.75
4410.04
4696.86
4993.62
5305.02
5629.93
5974.89
6328.02
6693.36
7038.15
7351.94
7668.15
7988.04
8297.19
8589.91
8874.93
9148.06
9426.03
9711.55
9978.3
10215.6
10450.4
10681.2
10910.1
11135.6
11356.4
11569.3
11794.4
12039.6
12292.6
12558.4
12822
13081.9
13367.2
13695
14003.6
14280.2
14576.8
14907.5
15229.3
15536.1
15846.3
16162.2
16487.8
16830.2
17158.9
17463.5
17757.3
18031.8
18313.5
18608.2
18901.1
19191.1
19495.7
19826.7
20117.7
20335.8
20588.4
20904.5
21210.8
21499
21785.4
22068.2
22336.4
22576.8
22802.9
23001.6
23211.3
23442
23664.7
23872
24090.2
24330
24559
24766.6
24928.6
25000
25081.2
25182.5
25280.9
25373.2
25460.9
25539.1
25596.8
25612.1
25622.6
25623.3
25630.5
25651.4
25649.9
25601.1
25596.6
25687.1
25731.6
25676.5
25619.2
25556.8
25514.6
25516.4
25500.4
25445.2
25356.4
25192.6
25045.2
24935.1
24821.4
24699.4
24561.2
24385.7
24198.5
23984
23818.2
23766.9
23678.6
23502.6
23361.4
23303.2
23247.4
23197.7
23139.9
23062.4
23033.2
23122.4
23197.5
23237.8
23284.1
23345.4
23434.1
23592.1
23754.1
23926.5
24098.2
24268.1
24445.6
24643.3
24825.7
24967.8
25122.6
25311.6
25520.2
25782
26032.4
26252.2
26473.9
26700.9
26916.7
27101.6
27277
27425.6
27586.9
27783.6
27966.1
28108
28238.3
28335.1
28419.8
28468.9
28516.8
28560.8
28599.3
28621.2
28635.4
28626.9
28591.4
28474.5
28381.9
28363.7
28331
28253.4
28174
28089
28005.1
27924.9
27826.6
27670.2
27517.5
27376.7
27243.2
27134
27020.9
26894.6
26781.8
26714.1
26637.5
26531.1
26436.8
26383.9
26315
26191
26072.8
25974.8
25870.4
25743.7
25638.3
25609.7
25578
25535.4
25501.3
25498.1
25481
25412.5
25339.6
25250.6
25180.3
25181
25158.8
25048.4
24957
24939.5
24915
24862.5
24803.8
24720.1
24654.4
24661.7
24651.5
24569.7
24500.9
24486.4
24451.5
24331.9
24217
24121.9
24032.9
23969.8
23894
23762.7
23646.4
23596
23517.8
23315.8
23136.1
23057.2
22982.4
22926.8
22845
22642.3
22442.8
22258.1
22081.7
21945.1
21804.7
21645.8
21483
21301.6
21123.4
20961.4
20801.6
20653.3
20498.2
20309
20125.1
19969
19805.5
19603.5
19415.6
19302.9
19188.9
19067.4
18940.4
18782.9
18631.7
18515.4
18395.4
18254.4
18121.4
18034.8
17942.8
17819.9
17699.6
17595.6
17493.7
17404.7
17317.7
17243.2
17159.8
17021.2
16892.5
16827.6
16760.8
16681.6
16599.6
16498.5
16406.8
16377.8
16347.7
16309.9
16273.1
16243.7
16209.9
16145.3
16086.6
16070.4
16055.7
16051.6
16047.7
16045.6
16040.1
16008.2
15982.6
16005
16030.2
16076.1
16117.6
16122.8
16123.7
16089.7
16057.8
16042.5
16027.2
16011.6
15996
15981.1
15967.1
15961.8
15962.3
16015.5
16061.9
16044.2
16029.4
16042
16052.2
16039.4
16030.8
16064.4
16095.5
16101.7
16102.1
16041.9
15981.9
15924.9
15871.6
15860.3
15841.2
15736
15631.9
15540.2
15444.5
15301.3
15165.3
15116.7
15063.4
14952.7
14841.5
14726.4
14609.6
14471.8
14337
14243.1
14148.2
14038.2
13932.2
13885
13831.9
13687.3
13547
13473.9
13396.8
13254.6
13117.1
13058.8
12997.3
12880.2
12765
12683.6
12600.2
12477.2
12355.6
12265.2
12172.5
12032.8
11893.3
11760.2
11626.8
11484.3
11342.2
11208
11073.4
10927.9
10784
10684.8
10583.8
10433.5
10282.4
10109.7
9938.81
9827.22
9713.87
9540.74
9368.7
9236.53
9103.84
8950.69
8797.69
8651.14
8505.24
8390.65
8275.87
8150.69
8025.87
7921.97
7817.98
7708.29
7598.42
7474.54
7350.77
7236.58
7122.19
6985.52
6848.7
6688.75
6528.7
6345.28
6161.65
5909.7
5657.75
5411.39
5165.03
