-44.1776
5.3738
54.9252
59.4888
63.9844
60.416
56.8195
58.7872
60.7852
63.4774
66.1748
61.9443
57.6486
61.057
64.5536
63.1213
61.6228
60.321
59.0223
59.6873
60.3866
60.302
60.2021
60.8845
61.5839
61.2096
60.81
65.2805
69.876
63.6816
57.1879
58.8432
60.7413
58.186
55.4886
57.7188
60.1165
58.2715
56.2735
58.8944
61.6916
60.5516
59.2528
58.3375
57.4383
62.5645
67.9593
61.5189
54.5257
55.343
56.5418
55.6495
54.6504
53.8411
53.0419
56.5024
60.1988
62.5727
64.8704
62.4547
59.7573
57.9067
56.1084
54.3102
52.5119
55.1168
58.0139
58.4804
58.7801
58.5201
58.2204
56.8966
55.498
53.1704
50.7728
52.1759
53.8743
57.2378
60.7343
58.6922
56.1946
57.6581
59.4563
57.7616
55.7635
56.4255
57.3246
58.8644
60.4629
56.1247
51.2295
51.5291
52.3283
54.8554
57.5528
54.5331
50.9367
53.1354
55.9326
54.935
53.5364
53.4
53.4
55.739
58.3365
56.5354
54.2376
54.8061
55.7052
53.9231
51.8252
54.097
56.8943
55.9542
54.5556
54.8439
55.3434
55.7543
56.154
55.4044
54.5053
52.9006
51.2022
51.176
51.3758
50.5219
49.5229
51.3275
53.5253
56.2477
59.0449
57.1322
54.5348
52.9816
51.583
53.3102
55.5081
55.8866
55.9865
52.8882
49.2917
49.7487
50.8476
52.9791
55.2768
56.4585
57.4575
56.1438
54.4455
53.2599
52.161
50.8916
49.5928
51.1013
53.0994
54.4184
55.6173
53.5984
51.0009
49.5862
48.3874
48.1157
48.0158
49.0931
50.3919
50.9356
51.3352
51.3163
51.2164
50.699
50.0996
48.8337
47.4351
49.0284
51.2263
52.3462
53.2453
53.6481
53.9479
52.3495
50.3515
51.2349
52.7334
51.2752
49.1773
54.4535
61.3468
58.6765
53.8812
54.0601
55.3588
54.1357
52.3375
56.6257
62.3201
60.2427
56.3465
58.0228
61.0199
59.183
56.186
60.2614
66.0557
65.5965
63.5985
63.8398
64.639
66.8743
69.4718
70.0796
70.1795
69.0091
67.5106
67.8335
68.6328
68.958
69.1578
69.3576
69.5574
68.3423
66.7438
69.6149
73.7109
72.9574
70.8595
69.6978
68.7987
70.6234
73.2209
74.0329
74.3326
73.7031
72.804
75.6122
79.5084
79.2444
77.7458
77.7842
78.2837
78.0934
77.6938
79.0526
80.9507
81.7813
82.2808
83.9212
85.9193
85.1103
83.4119
85.6485
89.145
89.1698
88.0708
89.6067
92.0043
95.3781
99.0745
98.7269
97.0286
98.766
101.663
98.5262
93.3313
96.9038
103.497
107.942
111.638
112.674
112.774
114.053
115.751
118.626
121.923
125.659
129.556
137.986
148.076
151.967
153.565
157.782
162.977
168.535
174.229
181.66
189.752
200.008
211.097
221.107
230.698
240.288
249.879
259.827
269.918
286.93
306.711
325.352
343.535
357.317
369.305
383.487
398.572
417.328
437.608
458.521
479.701
506.425
535.496
558.129
578.009
598.518
619.297
645.019
672.891
703.471
735.24
756.143
772.227
803.218
840.881
867.878
890.056
919.851
953.119
984.196
1014.27
1052.39
1094.25
1119.44
1136.82
1166.35
1201.61
1227.47
1248.85
1288.65
1337.3
1367.66
1389.14
1406.93
1422.91
1439.23
1455.71
1482.67
1514.83
1524.34
1522.44
1541.55
1571.32
1584.57
1589.37
1597.92
1608.41
1629.6
1656.38
1652.11
1631.53
1633.47
1647.36
1659.95
1671.83
1675.35
1674.35
1679.76
1688.65
1689.48
1685.88
1685.18
1686.08
1687.62
1689.52
1685.66
1678.57
1685.05
1699.23
1702.49
1699.5
1695.68
1691.38
1685.63
1679.04
1675.03
1672.53
1676.68
1684.77
1689.93
1693.32
1690.17
1683.08
1679.78
1678.78
1680.57
1684.06
1677.86
1665.67
1674.42
1696.2
1706.93
1710.73
1703.45
1689.16
1682.14
1679.74
1677.58
1675.59
1665.59
1650.4
1641.38
1636.38
1627.23
1615.35
1597.88
1576.7
1559.35
1544.56
1528.34
1511.16
1499.86
1492.57
1484.8
1476.71
1468.38
1459.89
1447.52
1432.43
1424.32
1421.13
1416.53
1410.93
1405.98
1401.48
1395.59
1388.7
1385.22
1384.22
1379.65
1372.45
1366.41
1361.22
1363.98
1372.67
1372.92
1366.82
1367.33
1372.82
1369.7
1360.01
1359.24
1365.34
1370.08
1373.78
1367.04
1352.16
1345.21
1344.51
1336.18
1321.79
1316.45
1318.35
1317.32
1313.92
1300.83
1279.85
1264.14
1252.75
1247.11
1246.21
1239.42
1227.73
1218.43
1211.14
1199.35
1183.77
1168.99
1154.91
1144.85
1138.26
1130.86
1122.77
1111.21
1096.62
1085.81
1078.32
1072.42
1067.92
1066.64
1068.24
1067.37
1064.27
1065.63
1071.02
1067.39
1055.5
1044.44
1034.15
1029.98
1031.47
1035.55
1042.05
1037.59
1022.81
1017.29
1020.59
1023.83
1027.03
1030.28
1033.57
1030.64
1021.65
1015.28
1011.49
1007.24
1002.54
995.998
987.606
979.414
971.421
969.137
972.634
966.045
949.162
934.002
920.615
909.631
901.139
893.967
888.172
878.194
863.808
850.633
838.745
831.49
829.192
822.568
811.279
804.155
801.558
795.957
787.066
779.171
772.378
762.369
748.783
737.597
729.106
720.989
713.297
702.429
687.943
673.783
659.996
645.423
629.938
611.548
589.77
570.057
552.774
536.542
521.557
509.622
501.33
489.095
472.111
458.603
449.312
438.179
424.792
413.91
406.118
399.617
394.722
389.162
382.768
378.14
375.743
373.872
372.674
367.318
356.628
353.127
358.921
365.886
374.378
378.984
378.485
378.759
380.057
385.976
398.064
408.492
416.684
428.945
446.728
464.13
481.014
504.323
536.491
570.207
606.071
645.722
690.678
733.895
774.655
828.645
901.473
974.466
1047.69
1121.9
1197.53
1281.6
1378.01
1470.94
1558.75
1648.54
1741.25
1834.84
1929.74
2019.55
2101.67
2190.33
2288.93
2386.32
2481.82
2560.6
2613.55
2677.95
2760.17
2839.12
2912.95
2982.52
3045.36
3115.05
3195.67
3272.88
3344.61
3418.74
3496.76
3570.62
3637.65
3711.89
3798
3889.56
3990.16
4094.34
4204.53
4305.71
4391.62
4480.05
4572.76
4674.79
4792.88
4896.97
4976.8
5059.81
5148.43
5239.93
5336.54
5431.74
5524.45
5618.52
5715.02
5816.29
5926.18
6024.73
6102.55
6194.89
6313.97
6416.25
6487.28
6561.19
6640.52
6722.12
6808.03
6893.78
6979.19
7055.93
7115.97
7182.37
7261.09
7334.71
7398.35
7444.63
7456.62
7495.18
7586.69
7648.56
7650.86
7665.17
7703.83
7728.42
7724.23
7731.31
7761.68
7775.95
7756.66
7747.4
7759.19
7776.13
7804
7818.07
7802.58
7792.25
7793.05
7798.56
7814.35
7809.4
7758.85
7720.31
7708.42
7691.41
7662.94
7626.44
7571.79
7519.7
7473.45
7425.5
7373.65
7320.57
7264.62
7212.71
7170.25
7125.06
7073.41
7029.37
7003.49
6982.42
6972.93
6969.75
6981.93
6998.02
7023.7
7039.99
7033
7044.92
7104.26
7155.94
7188.21
7223.96
7268.61
7321.31
7394.73
7466.78
7535.21
7606.17
7683.8
7753.5
7802.15
7862.79
7955.6
8042.89
8115.22
8189.29
8268.11
8344.73
8415.26
8484.69
8551.02
8620.88
8700.71
8758.74
8754.64
8762.57
8805.13
8840.73
8856.12
8869.96
8879.25
8891.11
8910.59
8920.06
8899.48
8884.74
8887.74
8881.2
8845.44
8810.72
8779.25
8752.16
8738.77
8717.95
8673.59
8630.45
8591.19
8555.7
8532.42
8506.6
8472.43
8435.41
8388.96
8346.09
8315.22
8282.39
8242.93
8212.08
8210.68
8200.05
8157.49
8124.98
8127.57
8127.37
8117.28
8102.39
8070.32
8042.3
8028.91
8018.48
8018.88
8014.99
7995.21
7969.83
7923.48
7886.8
7886.8
7884.38
7872.69
7858.02
7831.74
7808.45
7796.86
7786.09
7778.6
7766.62
7736.55
7710.16
7698.77
7686.6
7671.21
7659.47
7662.97
7656.83
7609.87
7569.97
7560.28
7543.63
7496.77
7452.31
7418.34
7384.15
7348.99
7312.25
7268.39
7230.34
7218.85
7197.76
7132.12
7069.66
7022.1
6968.54
6886.32
6810.18
6763.43
6716.28
6667.23
6617.17
6562.13
6509.46
6468.8
6422.08
6344.35
6274.17
6243.11
6211.06
6173.9
6135.9
6093.44
6047.29
5981.16
5918.82
5877.36
5841.44
5836.45
5822.69
5759.25
5705.69
5708.98
5706.11
5667.15
5629.88
5602.71
5570.17
5505.23
5446.57
5426.39
5408.47
5404.68
5396.99
5364.62
5335.06
5323.57
5308.39
5269.03
5230.32
5195.95
5164.67
5154.28
5143.52
5130.23
5120.07
5131.85
5138.2
5105.53
5077.18
5080.38
5084.79
5098.17
5108.85
5098.96
5091.97
5107.46
5120.37
5112.97
5105.76
5099.96
5093.7
5083.61
5075.76
5086.65
5094.86
5080.17
5066.13
5057.63
5050.28
5053.08
5057.09
5072.18
5087.33
5103.12
5118.4
5128.89
5136.72
5118.74
5102.87
5108.07
5109.99
5078.52
5048.46
5033.07
5018.77
5016.07
5010.85
4977.88
4946.49
4932.8
4917.1
4878.04
4839.22
4803.36
4768.13
4740.65
4713.4
4688.92
4663.53
4626.16
4587.82
4536.37
4485.94
4449.58
4415.02
4406.12
4395.75
4363.58
4330.78
4288.42
4247.44
4228.06
4207.65
4170.49
4132.3
4076.86
4024.06
4017.77
4008.75
3950.11
3892.64
3857.37
3821.98
3784.12
3745.86
3699.4
3652.72
3601.07
3550.37
3521.3
3492.13
3460.56
3427.22
3349.4
3273.42
3246.55
3219.37
3183.5
3146.65
3080.21
3014.39
2967.93
2921.56
2878.11
2834.96
2803.29
2771.19
2721.84
2672.58
2627.63
2582.92
2550.05
2517.19
2484.52
2451.72
2410.86
2370.27
2348.2
2325.71
2271.66
2217.84
2184.67
2151.54
2121.87
2091.93
2023.19
1954.34
1860.83
1767.3
1667.9
1568.54
1509.8
1451.05
