-48.1792
-2.02439
44.1304
53.1776
62.1688
57.72
53.2244
56.3795
59.5764
58.1125
56.614
54.7196
52.8215
51.6147
50.4159
54.4416
58.5376
54.7631
50.8669
52.5673
54.3656
55.1839
55.9831
55.8044
55.6046
54.136
52.6375
52.5026
52.4027
53.6637
54.9624
51.5076
47.9111
48.5745
49.3737
52.3952
55.4921
54.7322
53.8331
52.2603
50.6619
50.9841
51.3837
53.9876
56.6849
56.2261
55.6267
55.6954
55.7953
57.324
58.9224
54.5325
49.8371
50.4537
51.3528
50.3587
49.2598
48.5387
47.8394
50.5338
53.431
49.4607
45.065
48.4612
52.3574
53.5368
54.5358
51.6084
48.4116
49.5993
51.0979
49.6174
47.919
50.4012
53.1984
52.473
51.4739
51.4925
51.5924
49.1999
46.6024
49.5319
52.9286
49.2474
44.9516
47.6269
50.9237
51.4746
51.7743
50.704
49.5052
48.3975
47.2986
47.2
47.2
50.4668
54.0633
47.6087
40.1161
42.9238
46.82
44.7657
42.0684
45.3085
49.2047
49.5102
49.4103
51.1018
53
50.9656
48.4681
48.1108
48.0109
52.2712
57.0665
53.6933
49.2976
49.3315
49.931
48.5856
46.9872
45.8298
44.7309
48.7362
53.4316
53.9122
53.8123
54.1504
54.55
51.5404
48.0438
47.8617
48.1614
48.374
48.5738
49.8156
51.2142
53.1327
55.1307
53.9305
52.2322
49.154
45.8572
47.1209
49.119
50.3444
51.4433
53.9983
56.7956
56.1745
54.9756
54.3737
53.8742
57.2027
61.1988
61.0361
60.137
59.0685
57.9696
59.0672
60.5657
59.3671
57.6688
58.4091
59.6079
60.8906
62.1893
63.4044
64.6032
60.7919
55.9966
56.3663
57.7649
59.496
61.2942
60.9367
60.1375
62.3988
65.296
67.9456
70.543
70.259
69.3599
71.9925
75.3891
76.2458
76.5455
76.8452
77.1449
77.3631
77.5629
76.1357
74.3375
76.7592
80.1558
83.5525
86.9492
90.3459
93.7425
94.1583
93.8586
95.4877
97.5857
99.5233
101.421
102.12
102.519
104.834
107.631
108.677
109.277
111.146
113.344
113.246
112.546
116.034
120.629
122.388
123.387
124.386
125.385
127.56
130.058
132.79
135.587
133.079
129.083
131.935
136.731
141.604
146.499
147.058
146.359
148.131
150.628
153.742
157.039
154.803
150.907
154.599
160.593
163.223
164.822
167.64
170.837
170.763
169.664
171.069
173.267
172.438
170.64
172.464
175.461
175.673
174.974
178.104
182.499
186.296
189.892
192.294
194.292
194.502
194.102
197.641
202.536
205.727
208.324
209.887
211.086
212.579
214.178
215.85
217.548
224.745
233.936
245.321
257.509
262.331
264.429
271.691
280.882
285.866
289.263
294.902
301.396
311.569
323.158
331.58
338.773
352.137
367.922
377.266
384.059
390.71
397.303
409.946
425.031
431.245
433.843
446.349
462.933
475.846
487.235
505.029
525.509
536.092
542.486
551.259
561.05
577.192
596.073
606.394
612.987
631.38
654.957
673.55
689.934
712.392
737.567
755.654
770.539
785.768
801.153
822.286
846.062
867.314
887.395
911.285
936.96
951.509
960.8
983.552
1012.72
1032.92
1048.81
1061.06
1071.55
1087.14
1105.22
1118.02
1128.21
1140.27
1153.25
1167.9
1183.39
1187.8
1186.6
1193.07
1203.46
1209.04
1212.14
1221.94
1235.22
1236.39
1231.2
1231.55
1234.85
1231.77
1225.27
1233.38
1249.37
1251.5
1246.11
1241.04
1236.14
1233.56
1232.26
1232.7
1234.1
1233.9
1232.8
1233.86
1236.16
1239.41
1243.21
1243.97
1242.97
1249.23
1259.72
1255.29
1242.1
1233.69
1228.09
1235.19
1249.88
1251.78
1245.99
1248.9
1257.09
1261.56
1263.76
1268.74
1275.43
1288.96
1306.74
1304.88
1290.7
1296.33
1314.52
1325.69
1332.38
1332.45
1328.25
1323.69
1318.9
1312.11
1304.01
1299.41
1297.12
1293.32
1288.52
1280.56
1270.47
1267
1267.99
1263.41
1255.02
1241.29
1223.91
1219.87
1225.06
1224.2
1219.1
1217.59
1218.58
1217.6
1215.2
1214.55
1215.15
1216.33
1217.93
1214.55
1207.56
1208.81
1216.1
1213.91
1204.72
1200.91
1201.11
1199.26
1195.86
1198.66
1206.16
1206.28
1200.79
1197.66
1196.37
1199.8
1206.89
1212.64
1217.33
1211.96
1198.68
1199.15
1210.54
1212.77
1207.67
1202.52
1197.33
1188.66
1177.17
1175.46
1181.75
1177.81
1165.43
1158.44
1155.94
1153.01
1149.71
1148.79
1149.89
1144.14
1132.55
1122.36
1113.37
1107.38
1103.98
1103.79
1106.38
1103.29
1095.2
1090.13
1087.73
1088.82
1093.01
1093.68
1091.19
1090.16
1090.46
1088.2
1083.6
1077.81
1070.92
1064.65
1058.95
1059.19
1064.99
1069.34
1072.34
1072.62
1070.32
1064.97
1056.67
1055.6
1061.49
1063.49
1061.69
1067.1
1079.59
1082.48
1075.89
1070.4
1066
1062.75
1060.65
1062.28
1067.67
1062.04
1045.16
1043.3
1056.88
1061.79
1057.69
1054.13
1051.14
1053.78
1062.37
1064.13
1058.64
1057.78
1061.87
1060.78
1054.09
1056.44
1068.63
1074.76
1074.26
1075.42
1078.42
1076.64
1069.55
1065.89
1066.09
1063.9
1059.01
1056.17
1055.67
1055.96
1057.16
1050.21
1033.82
1023.11
1019.01
1009.09
992.303
981.6
978.103
970.51
958.022
952.56
955.557
949.122
931.239
922.613
925.31
916.286
892.809
884.922
896.411
901.381
898.184
892.735
884.444
877.163
871.168
872.482
883.172
890.333
892.93
890.584
881.792
878.311
881.807
889.258
901.945
912.408
919.901
931.013
946.998
957.641
961.038
969.329
984.314
1002.15
1023.93
1044.88
1064.66
1081.86
1095.44
1112.38
1134.06
1154.3
1172.48
1199.98
1240.84
1273.37
1293.85
1317.13
1344.5
1367.83
1385.22
1410.33
1446.89
1480.17
1508.54
1539.98
1576.05
1614.09
1655.15
1688.36
1709.54
1731.7
1755.38
1782.49
1814.96
1841.68
1859.36
1878.86
1901.24
1921.19
1937.28
1961.59
1999.15
2030.05
2050.13
2076.35
2112.62
2153.44
2201.79
2239.65
2260.03
2296.07
2358.41
2414.26
2459.11
2513.31
2583.44
2642.63
2682.99
2716.56
2738.34
2771.88
2826.03
2880.9
2937.05
2988.27
3030.73
3081.87
3148.6
3199.7
3222.48
3258.12
3317.26
3373.84
3425.69
3466.32
3486.1
3518.77
3575.62
3624.86
3659.73
3699.47
3748.52
3788.32
3810.29
3842.02
3892.67
3940.38
3982.34
4016.18
4033.96
4052.41
4072.19
4088.39
4097.38
4108.91
4125.59
4134.04
4125.65
4118.83
4115.23
4118.08
4134.36
4142.95
4135.36
4132.12
4138.11
4142.26
4142.46
4138.87
4127.08
4120.04
4123.33
4122.07
4110.78
4096.39
4075.11
4051.7
4023.53
4001.82
3994.73
3984.5
3967.12
3943.99
3907.62
3875.68
3854
3821.57
3763.93
3720.2
3709.41
3698.7
3688.22
3673.89
3650.31
3636.42
3646.11
3654.33
3658.92
3666.79
3682.77
3691.12
3680.33
3684.03
3724.39
3756.63
3768.12
3789.57
3836.72
3877.25
3900.53
3923.01
3943.39
3965.16
3990.64
4019.8
4058.86
4099.41
4143.96
4179.43
4190.02
4209.39
4253.05
4291.76
4316.63
4340.33
4360.71
4380.18
4397.07
4411.97
4421.16
4425.37
4415.08
4413.69
4438.46
4457.5
4459.5
4458.53
4448.64
4437.41
4422.12
4413.06
4423.05
4428.97
4422.27
4410.11
4380.84
4355.31
4341.63
4321.45
4280.49
4250.87
4257.97
4253.45
4211
4173.06
4150.08
4128.12
4109.54
4088.26
4057.89
4031.64
4019.45
4010.18
4010.98
4009.55
4000.36
3987.67
3962.59
3944.18
3949.57
3948.45
3923.78
3904.4
3904.4
3901.02
3885.14
3873
3874.9
3871.37
3847.3
3826.79
3820
3815.17
3817.97
3817.04
3801.45
3786.79
3775.8
3764.47
3751.79
3740.99
3737.89
3734.48
3729.79
3721.29
3696.92
3674.07
3657.68
3641.7
3627.41
3612.99
3598.01
3580.49
3551.82
3527.01
3519.42
3512.31
3507.42
3498.26
3469.59
3440.04
3406.48
3374.82
3352.14
3326.68
3287.91
3254.26
3245.27
3230.13
3184.87
3142.65
3115.47
3088.55
3062.87
3036.84
3008.96
2986.42
2991.52
2990.12
2954.55
2920.83
2896.96
2873.13
2849.55
2826.14
2803.66
2783.31
2774.82
2763.11
2733.13
2705.38
2690.4
2675.54
2661.46
2646.75
2628.37
2611.61
2604.61
2595.48
2573.2
2553.06
2546.27
2538.04
2520.76
2502.2
2475.43
2451.54
2446.54
2441.65
2437.46
2431.04
2409.56
2391.37
2395.86
2397.95
2383.06
2371.9
2387.38
2399.7
2388.91
2379.72
2382.42
2385.45
2391.05
2393.68
2373.5
2358.26
2381.83
2402.23
2397.14
2390.45
2370.67
2352.23
2345.04
2339.1
2343.9
2349.24
2359.33
2367.07
2353.88
2341.44
2335.74
2331.03
2335.42
2339.57
2341.37
2343.8
2352.39
2359.47
2351.48
2344.66
2349.86
2354.26
2350.36
2345.16
2325.98
2306.82
2287.84
2269.59
2259.6
2250.07
2245.98
2241.15
2227.56
2213.05
2187.17
2161.63
2140.36
2120.51
2119.21
2116.97
2102.18
2086.88
2064.4
2042.31
2025.73
2008.42
1980.44
1954.1
1952.5
1950.46
1941.47
1931.01
1896.64
1863.82
1857.13
1850.06
1836.37
1823.07
1816.67
1809.42
1785.74
1762.74
1753.25
1742.92
1715.15
1688
1674.52
1660.65
1638.17
1615.87
1597.69
1579.7
1566.61
1553.12
1528.95
1504.92
1485.04
1464.66
1429.39
1394.97
1387.38
1379.45
1360.27
1341.17
1324.88
1308.39
1283.51
1258.65
1234.17
1210.01
1200.82
1191.44
1172.26
1152.97
1127.09
1101.29
1080.51
1059.98
1058.38
1056.59
1037.31
1018.02
998.144
978.238
954.661
931.078
906.302
881.502
848.434
815.365
780.399
745.433
