-71.177
-20.3269
30.5233
33.6923
36.7892
35.008
33.2097
33.3987
33.5985
34.0958
34.5953
35.6886
36.7876
34.8245
32.8265
30.7299
28.6319
31.6498
34.7468
35.5855
36.3847
34.4402
32.4422
33.3779
34.3769
34.4
34.4
31.8675
29.2701
30.7553
32.3537
31.5269
30.6278
32.0522
33.5507
33.9865
34.3861
32.7608
31.0625
31.0962
31.1961
29.9516
28.6528
30.8042
33.102
34.9215
36.7197
35.941
35.0419
31.7615
28.3649
33.0477
38.1427
36.408
34.31
32.4961
30.6978
33.1505
35.8479
34.5859
33.0874
32.4355
31.8361
32.551
33.3502
32.2758
31.077
32.3088
33.7074
31.561
29.1634
28.3483
27.649
29.9225
32.42
31.2094
29.7109
29.6925
29.7924
27.2153
24.418
26.3187
28.6164
31.0061
33.4037
33.6
33.6
32.4101
31.1114
28.8993
26.6016
29.6809
33.2774
34.7822
36.0809
32.5702
28.5741
32.0031
36.199
32.6244
28.2287
27.9803
28.1801
28.9197
29.7189
30.8772
32.076
32.2
32.2
28.625
24.6289
25.5377
27.0362
27.9119
28.7111
28.9776
29.1774
30.2631
31.4619
29.8321
27.834
28.5702
29.6691
32.0001
34.4977
31.551
27.8547
28.0133
28.7126
29.9364
31.2351
28.9578
26.1605
30.7605
36.4549
33.2058
28.6103
29.2995
30.798
30.3085
29.5093
27.9339
26.2355
29.7
33.9958
32.282
29.5846
27.8295
26.2311
25.5727
25.0732
24.4031
23.7038
26.2371
29.3341
28.7815
27.5827
26.2145
24.8159
28.3171
32.7128
31.63
29.5321
27.5182
25.5202
26.0389
27.0379
27.9533
28.8524
32.8411
37.4366
32.9517
26.6579
26.5142
27.6131
30.6191
34.0158
31.4567
27.6604
27.5776
28.277
29.6349
31.1334
30.9072
30.3078
33.3135
37.1098
34.4486
30.3527
26.8275
23.4308
24.1829
25.8812
30.6634
36.158
37.2
37.2
35.5848
33.5867
34.4085
35.907
35.7178
35.1184
37.2448
40.0421
39.8802
38.9811
37.7628
36.4641
37.0754
38.1744
38.6382
38.9379
40.9007
43.2983
42.141
40.0431
37.4723
34.7749
36.5582
39.5553
42.2387
44.8361
45.4
45.4
46.7263
48.4247
46.6209
43.8236
44.9854
47.2832
49.0389
50.6373
48.6056
45.5087
46.649
49.0466
50.9832
52.7814
52.5101
51.611
50.559
49.4601
50.5726
52.3709
55.9185
60.0145
61
61
57.9732
53.9771
54.8114
57.209
58.0258
58.3255
59.7515
61.5497
61.7753
61.4756
60.6531
59.654
62.8268
67.4223
69.9374
71.7356
72.0518
71.852
75.6432
80.8381
83.3794
84.9778
88.7818
93.3773
96.9463
100.143
105.241
111.036
115.955
120.55
124.127
127.324
135.236
144.927
153.17
160.863
169.854
179.345
193.944
210.528
219.003
224.298
240.827
261.807
276.149
287.838
304.864
324.045
345.214
367.192
388.109
408.589
431.963
456.539
478.158
498.538
532.044
571.106
596.449
615.929
646.229
681.195
715.604
749.77
788.795
829.955
863.017
892.488
931.069
973.727
1011.57
1047.23
1097.45
1154.29
1203.13
1248.28
1283.61
1314.38
1350.26
1388.52
1430.11
1473.26
1514.87
1555.73
1591.8
1625.56
1659.2
1692.76
1729.48
1767.74
1800.52
1830.59
1846.87
1856.26
1881.87
1915.63
1939.26
1957.74
1968.1
1974.29
1991.88
2015.36
2022.94
2022.24
2038.9
2064.67
2070.73
2066.33
2069.75
2077.34
2083.96
2090.05
2098.22
2107.51
2107.38
2102.09
2097.18
2092.48
2094.77
2100.97
2107.8
2114.99
2113.39
2106.8
2114.56
2130.55
2131.4
2123.5
2120.98
2121.58
2115
2104.21
2105.47
2113.86
2116.37
2115.37
2103.84
2085.95
2083.49
2090.38
2087.17
2077.78
2076.92
2081.31
2083.68
2084.78
2079.06
2069.07
2064.65
2063.75
2064.98
2067.58
2059.05
2043.37
2030.35
2019.06
1998.71
1972.44
1958.21
1951.91
1931.46
1901.59
1866.75
1828.59
1801.22
1781.14
1769.67
1764.08
1760.26
1757.66
1738.24
1707.17
1692.46
1689.16
1686.63
1684.63
1681.64
1677.94
1670.17
1659.48
1649.54
1640.15
1631.69
1623.89
1623.25
1627.85
1620.49
1604.31
1600.95
1607.14
1602.38
1589.39
1587.67
1594.46
1599.16
1602.25
1598.06
1588.27
1584.06
1584.16
1579.04
1569.85
1567.48
1570.47
1564.78
1552.19
1540.99
1530.9
1520.76
1510.57
1494.81
1474.53
1461.06
1453.17
1439.69
1421.61
1405.38
1390.7
1378.4
1368.11
1351.54
1329.66
1302.55
1270.99
1263.65
1277.14
1272.85
1253.17
1237.28
1224.69
1210.4
1194.62
1184.23
1178.64
1171.83
1163.94
1151.42
1134.74
1129.42
1134.41
1133.46
1127.07
1123.58
1122.78
1121.62
1120.12
1118.63
1117.13
1112.75
1105.66
1105.78
1112.78
1114.11
1110.01
1109.68
1112.97
1107.87
1094.58
1088.55
1089.65
1081.41
1063.93
1055.45
1055.95
1047.38
1029.7
1019.16
1015.86
1007.38
993.591
977.441
958.859
944.839
935.548
921.909
903.727
886.275
869.591
857.22
849.428
839.415
827.028
809.4
786.123
774.67
776.069
772.271
762.78
753.005
742.914
734.479
727.886
716.301
699.118
687.233
681.339
666.386
641.111
616.765
593.488
568.776
542.401
520.315
503.232
487.985
474.898
458.885
439.404
418.558
396.08
378.225
365.937
350.986
332.804
320.239
314.544
309.476
305.18
299.905
293.411
287.316
281.722
274.803
266.211
263.07
266.866
266.112
259.518
254.449
251.352
249.21
248.31
248.966
251.663
252.34
250.342
255.874
271.458
282.401
287.097
299.125
321.104
340.804
357.388
381.699
416.665
452.968
491.131
531.998
576.654
627.439
686.88
755.101
835.822
920.89
1012.2
1108
1210.3
1321.25
1444.83
1565.82
1683.01
1803.94
1930.41
2059.45
2192.32
2321.01
2443.39
2563.27
2679.36
2797.41
2918.5
3037.38
3152.87
3261.4
3359.1
3460.35
3567.14
3669.22
3763.83
3855.89
3943.91
4042.1
4156.69
4266.63
4369.03
4474.99
4586.78
4711.2
4856.46
4993.54
5117.02
5245.2
5381.27
5518.45
5657.51
5792.26
5919.63
6048.77
6180.94
6314.28
6449.64
6583.89
6716.16
6845.21
6968.59
7096.39
7232.06
7365.65
7495.52
7626
7757.57
7895.4
8044.65
8177.11
8278.61
8392.09
8527.86
8666.24
8809.49
8937.1
9035.1
9132.32
9228.02
9317.07
9393.29
9481.27
9592.06
9688.87
9758.3
9833.11
9918.52
9993.99
10049.6
10103.4
10153.6
10195.9
10222.3
10252
10288.4
10321.4
10347.3
10367.6
10376.2
10383.5
10388.2
10382.7
10355.5
10352.2
10399.8
10443.2
10477.5
10484.7
10433
10388.9
10361.7
10326.5
10273.6
10226.4
10191.9
10148.4
10084.7
10013.9
9926.87
9848.68
9790.84
9738.95
9700.89
9644.94
9547.03
9465.24
9421.58
9389.94
9387.05
9389.74
9405.93
9411.06
9389.28
9382.06
9410.63
9436.65
9456.33
9486.35
9542.3
9601.89
9670.73
9731.02
9769.48
9820.16
9902.38
9991.11
10096.8
10198.8
10291.1
10374.2
10432.7
10513.5
10653.9
10780.7
10870.9
10961.6
11053.5
11143.2
11226.7
11310.1
11393.3
11480.7
11579.7
11669.3
11731.9
11777.1
11772.1
11778.9
11820.1
11852.8
11860.8
11869.1
11878.4
11882.3
11870.2
11857.5
11843.7
11830.5
11819.7
11799.6
11750.3
11699.6
11644.4
11585.7
11516.2
11457.8
11435
11404.9
11351.1
11296
11236
11184.4
11160.2
11127.5
11066.4
11014.9
10996.2
10978.9
10966.2
10938
10856.2
10799
10827.8
10840.2
10795
10750.4
10708.3
10671.4
10652.8
10630.6
10595.1
10578.5
10631.6
10664.6
10622.2
10579.1
10533.6
10499.3
10507.6
10505.5
10463.2
10428.7
10425.4
10413
10364
10322.8
10313.1
10298
10261.3
10229.7
10219.1
10211.5
10216.1
10208.9
10151.8
10107.1
10115.2
10111.1
10054.3
10003.5
9979.46
9951.84
9908.38
9865.21
9823.35
9772.52
9680.61
9595.93
9544.78
9490.16
9419.23
9345.75
9260.13
9176.5
9102.48
9029.3
8960.26
8890.11
8814.38
8739.09
8665.96
8594.92
8534.58
8472.58
8401.95
8331.54
8262.31
8199.7
8172.42
8142.55
8098.59
8055.34
8015.98
7974.09
7918.04
7861.44
7801.7
7745.57
7710.2
7673
7625.04
7576.76
7526.51
7478.03
7440.27
7404.61
7381.83
7355.54
7307.39
7261.17
7227.21
7195.47
7178.08
7157.17
7113.11
7069.6
7029.74
6991.13
6960.96
6933.32
6923.23
6914.95
6919.34
6923.49
6925.89
6928.61
6933.71
6938.64
6942.33
6945.56
6945.26
6946.75
6962.04
6974.18
6961.59
6950.43
6950.73
6951.18
6952.88
6951.39
6923.22
6902.44
6944.8
6980.03
6953.16
6927.5
6912.61
6900.24
6910.73
6922.23
6943.21
6964.39
6987.47
7007.83
7001.74
6995.31
6985.52
6974.9
6955.82
6937.45
6926.56
6914.63
6891.55
6867.34
6830.68
6793.72
6753.46
6711.28
6646.74
6584.63
6551.46
6516.43
6458.59
6404.37
6395.88
6383.27
6317.13
6252.44
6206.98
6161.78
6120.12
6078.87
6043.4
6006.24
5944.1
5882.81
5834.35
5787.49
5765.61
5743.56
5718.68
5692.09
5636.44
5582
5548.63
5514.22
5460.77
5407.11
5349.37
5292.14
5245.19
5197.37
5131.53
5066.4
5016.65
4967.21
4924.75
4880.98
4805.96
4731.32
4666.48
4601.78
4540.54
4479.07
4411.24
4344.11
4298.05
4251.47
4187.93
4124.02
4047.29
3971.2
3918.45
3865.2
3791.67
3718.79
3674.03
3628.84
3562.8
3497.54
3472.66
3447.21
3387.77
3328.34
3269.69
3211.41
3181.04
3150.27
3083.04
3015.86
2955.42
2894.85
2815.53
2736.15
2644.54
2552.85
2435.77
2318.67
2190.1
2061.52
