-110.777
-60.1268
-9.4764
-5.80895
-2.21247
.587557
3.38482
1.31344
-.784502
-.899164
-.999066
-1.49484
-1.99435
-1.70368
-1.40398
-.611386
.18783
-.587048
-1.38626
-.909074
-.409563
-1.57587
-2.7747
-2.31103
-1.81152
-.336032
1.1625
-.455836
-2.15417
-3.94971
-5.74795
-3.18072
-.483359
-2.14266
-3.9409
-.0386219
4.05736
-1.58539
-7.57952
-4.52827
-1.1316
-.903969
-.804067
-.416657
-.0170483
1.62588
3.32422
1.58656
-.311582
-.685746
-.985452
-3.09116
-5.28901
-4.35657
-3.25765
-1.68542
-.086987
-.850189
-1.74931
-.197416
1.50092
-.845921
-3.44338
-2.09795
-.499517
-1.14946
-1.94867
-2.09349
-2.19339
-1.92013
-1.62042
-1.6
-1.6
-2.43609
-3.33521
-3.12189
-2.82218
-2.33746
-1.83795
.323172
2.62092
-.0555997
-3.15256
-2.66464
-1.86542
-1.61655
-1.41675
-1.4
-1.4
.700658
2.99841
.921569
-1.57598
1.38295
4.87952
.481225
-4.71368
-4.56615
-3.86684
-3.8
-3.8
-4.79174
-5.89066
-2.22157
1.97431
-.38277
-3.47973
-1.73987
.557881
-1.43438
-3.93193
-6.60784
-9.3052
-5.59574
-1.10014
.376666
1.47559
1.33422
1.03452
2.06075
3.25958
-.128022
-4.12411
-2.31188
.285579
-.541517
-1.84024
-1.73716
-1.43745
-.700661
.098556
-.584995
-1.48411
-1.68703
-1.78693
-.410719
1.18771
-.939127
-3.63648
-1.49328
1.40388
-1.64971
-5.64579
-4.04882
-1.55127
-2.40192
-3.80055
-1.60165
1.19561
.830862
-.0682564
-.796848
-1.49616
-.834388
.0647316
-.478979
-1.27819
-1.65403
-1.95374
-1.83104
-1.63123
-.672865
.426058
.0113749
-.68794
-.380533
.118977
.702186
1.3016
-.437042
-2.63489
-3.58314
-4.28246
-3.48579
-2.38686
-1.0392
.359433
2.00622
3.70455
.0388961
-4.7564
-3.54182
-1.04427
-1.17492
-1.87423
-1.42645
-.727136
-.273041
.126567
.118455
.0185537
-.813484
-1.8125
-1.75654
-1.45684
-.590433
.408588
.519238
.419336
-1.2113
-3.20935
.0166244
4.51222
2.67409
-.722577
-.760177
.0390396
-.438257
-1.23747
-2.27545
-3.37437
-2.96488
-2.16566
-1.44564
-.746322
-.757998
-.957802
-.605984
-.106473
-1.57215
-3.57019
-2.03971
.457844
.530704
-.0687084
-.590101
-1.08961
-1.04435
-.844548
-1.03289
-1.33259
-2.09689
-2.99601
-3.8179
-4.61711
-2.79693
-.199474
.861072
1.46048
-.622841
-3.52
-2.2122
.385256
.694967
.295359
.960623
1.95964
3.338
4.83653
1.71914
-2.87635
-3.24525
-2.24623
-1.17193
-.0730057
-.625918
-1.72484
-1.47579
-.776472
-.525309
-.425406
-1.14496
-2.14398
.423412
4.21969
4.82948
4.32997
2.79573
.897592
-.0422788
-.641691
.670344
2.66839
3.56661
4.06612
2.73749
.739444
2.16911
4.86646
3.78165
1.28409
.6
.6
.238287
-.261224
-.0392666
.460244
2.83048
5.92744
6.44122
5.94171
4.22569
2.02784
1.11454
.714937
1.16934
1.96856
2.83875
3.73787
4.99087
6.3895
5.67071
4.07228
4.93731
6.83545
7.75094
8.25045
9.23992
10.4387
8.84567
6.04841
6.59203
8.59007
10.4493
12.2475
12.4539
11.9544
12.3521
13.1513
11.129
7.83222
9.68216
13.878
14.1736
12.6751
14.1787
17.0759
18.8164
20.0152
18.9754
16.8774
16.8088
17.7079
20.2258
23.5225
24.7345
24.9343
23.86
22.1617
19.5942
16.5971
18.9999
24.0949
25.5341
25.1345
24.271
23.1721
22.3374
21.6381
22.9153
25.213
24.6206
22.5226
24.0922
27.5887
27.8859
26.4872
25.6745
25.175
24.0264
22.5279
22.4529
23.1523
23.4
23.4
22.8855
22.0862
22.5694
23.7683
23.369
22.0702
22.301
23.3999
24.1812
24.7806
23.5432
21.2455
19.7054
18.6065
18.8924
19.9913
20.2745
20.0747
19.6872
19.1877
17.5034
15.1057
19.1108
27.0031
26.4679
20.7735
20.2678
22.9652
23.0148
21.4164
23.562
28.0576
26.9856
22.3901
21.4538
22.8524
22.8529
21.9537
21.7818
22.0815
23.2268
24.9251
23.6735
20.4766
18.7199
17.9207
17.3607
16.9611
18.2308
20.6284
21.7783
22.078
20.3048
17.1079
17.6299
20.7269
19.4113
15.0156
15.135
18.4318
18.8649
17.2665
17.066
17.8652
18.8385
19.9375
19.185
17.0871
16.8342
17.9332
18.2851
18.0853
19.4317
21.9292
20.8883
17.192
15.5431
15.4432
14.9465
14.1473
14.8167
16.6149
17.9629
18.9619
20.2414
21.7399
18.6549
11.9614
10.8381
14.1349
16.2106
17.3095
18.519
19.8177
20.2898
20.09
18.4623
15.665
14.9472
15.9462
16.8907
17.7898
17.874
17.2746
18.0827
20.0807
19.3279
16.2309
14.3163
13.4172
14.8206
18.2173
18.7863
16.8882
16.3189
16.9183
17.5707
18.27
18.0196
16.9207
17.4514
19.4494
19.1954
16.8977
15.5391
15.0396
15.1639
15.8632
15.6821
14.6831
13.6841
12.6851
13.3307
15.5285
15.7296
14.0313
14.067
15.7654
15.4314
13.1337
13.0122
15.0103
15.6975
15.0981
14.9506
15.2504
15.35
15.2501
14.7017
13.7027
12.9518
12.4523
13.0898
14.8881
14.9629
13.2646
11.9586
11.0595
12.0655
15.0625
15.5783
13.4803
12.4
12.4
12.7378
13.4371
13.5116
12.9122
12.3128
11.7134
11.9244
13.0233
13.9323
14.6317
15.0473
15.1472
14.117
11.8192
11.7723
14.2698
15.133
14.134
13.1815
12.2824
11.5685
11.069
11.3533
12.5521
14.256
16.5537
16.1542
12.5577
11.0097
11.9088
11.9014
10.8025
10.4256
10.9251
11.3797
11.7793
11.6421
10.8429
10.979
12.2778
12.4678
11.269
11.1298
12.3286
12.5604
11.5614
12.094
14.5915
14.9109
12.4134
12.2143
15.0115
14.7436
10.4478
8.94547
11.1433
12.6139
13.1134
13.1445
12.5451
11.8185
10.9194
11.1595
12.9577
13.748
13.1486
13.0508
13.6502
14.5825
15.9811
16.0132
14.1151
13.7006
15.399
16.4
16.4
16.0734
15.2742
15.7344
18.0321
19.0361
18.137
17.3183
16.619
17.4012
20.3982
22.2797
22.4795
22.5603
22.4604
22.0844
21.2852
20.3682
19.2692
19.7327
22.6299
24.7886
25.7877
25.936
24.7371
24.731
26.6291
26.6517
23.6546
22.5235
24.4217
25.3727
24.7733
25.003
26.6015
26.9626
25.2643
24.8341
26.5324
27.6
27.6
27.9322
28.8313
30.0241
31.7224
30.8647
25.5699
23.3259
26.4229
29.9894
34.3851
36.0503
32.8534
31.872
34.869
37.262
38.5607
37.8097
33.3141
30.7514
31.7505
32.7495
33.7485
34.7128
35.6119
35.1978
32.3007
32.2212
37.516
40.2142
37.9164
36.6378
37.3371
38.3066
39.8051
40.6657
40.2661
40.4673
41.866
43.1319
44.1309
43.3484
38.9527
36.2624
37.0616
37.5022
37.2025
36.9352
36.7354
36.761
37.2605
37.9841
39.183
40.2227
40.922
41.8427
43.2413
42.2831
36.189
32.9681
36.0651
38.7896
40.6878
41.4757
39.7774
38.6
38.6
37.6562
34.5592
33.2773
36.1744
37.2082
33.9114
32.7943
36.7904
39.0957
37.3974
35.8169
34.5182
33.8634
34.7626
35.1092
34.1102
34.0065
36.1044
36.8542
34.2567
33.1122
35.6098
36.4663
33.1696
32.1205
36.8159
39.8931
38.7942
37.6952
36.5963
36.0751
37.0741
38.2916
40.0899
40.8847
38.9866
38.5423
42.0388
43.3439
38.6485
35.2531
35.4529
36.232
38.6297
39.7988
37.501
36.5005
39.1978
41.6892
43.5873
44.2079
41.1109
38.9521
39.5515
40.1258
40.6253
41.5742
43.8719
45.5505
45.3506
43.8485
38.3539
34.7607
37.0584
39.2836
41.2817
42.2243
39.8267
38.4758
40.4738
40.7731
35.5782
32.6763
37.2718
40.6608
40.0614
39.807
40.7062
41.5369
42.1363
41.6275
37.3318
34.1793
34.9786
36.2889
39.3859
41.778
41.6781
41.1852
39.287
37.9082
38.4077
38.6928
38.1933
37.2901
34.8925
32.8737
32.2743
32.2171
34.2151
35.9652
36.7645
36.9908
34.9927
33.7445
35.4428
36.6796
36.0802
35.4807
34.8813
34.3016
33.8021
33.7507
35.5489
36.1707
31.8749
28.8391
31.1368
32.9622
32.7624
32.5065
32.007
31.452
30.6527
30.238
31.5367
32.5094
32.0099
31.5821
31.4822
31.8076
34.1053
35.334
31.5378
28.4866
28.9861
29.3657
29.1659
28.8476
27.9484
27.3841
28.4831
29.5489
30.448
30.6931
27.5962
25.5492
28.9459
31.1776
27.2814
24.1576
25.1566
25.8443
24.8453
23.7848
22.3862
21.3821
22.5809
23.3753
21.8768
20.7922
22.0909
23.1125
22.513
21.8561
20.857
20.4969
23.9934
26.678
24.3802
22.2481
21.1492
20.2544
20.654
21.2951
23.4929
25.3736
25.1737
24.9219
24.3224
23.4409
20.6436
18.6042
21.801
24.3513
22.3533
20.5755
20.3757
20.212
20.3119
20.1157
17.718
16.1709
21.0661
25.2854
24.2864
23.4
23.4
23.1013
20.4039
18.2717
20.7693
22.9786
22.7788
22.5895
22.4896
22.5748
24.2731
25.6991
24.7001
23.4835
20.2867
17.4194
17.6192
17.9805
19.8786
21.5814
21.3816
21.2182
21.418
21.6089
21.7088
21.9307
23.4292
24.6041
22.3063
20.3914
22.6892
24.5237
21.127
18.2776
21.7742
24.706
20.9097
17.5056
18.9042
20.2661
21.1652
21.9285
20.9295
19.8957
18.3972
17.0946
18.4932
19.8459
20.5452
20.9708
17.3744
14.1357
16.3336
18.2208
15.2237
12.5156
14.5136
16.5116
18.5097
20.3784
19.9788
19.4702
16.9727
14.5351
13.2363
12.168
15.6645
18.9355
17.5369
16.297
18.4948
20.5115
18.4136
16.3879
16.0882
15.8458
17.0447
18.2
18.2
18.1006
15.2034
12.5034
15.7003
18.7149
15.9177
13.2369
14.5357
15.8291
16.928
17.9118
14.3153
10.8992
15.2949
19.4888
14.0941
8.83725
10.8353
12.7767
11.378
10.0515
13.5481
16.9503
13.0541
9.17301
6.67546
4.24065
8.83615
13.3862
11.3882
9.41378
12.211
14.9893
11.3928
7.8
7.8
7.8
