-32.7763
19.7722
72.3207
77.6868
82.9816
77.8231
72.6282
76.9718
81.3675
77.9292
74.4327
70.6392
66.8429
74.3067
81.8993
78.1555
74.2593
76.3644
78.5622
78.2072
77.8076
77.408
77.0084
75.3375
73.6392
80.627
87.82
80.5974
73.0049
73.6748
74.5739
75.085
75.5845
79.1821
82.8785
77.1062
71.0122
70.6071
70.4073
71.5547
72.7535
74.2404
75.739
73.8833
71.8852
75.5299
79.4261
77.5956
75.4977
77.305
79.303
73.2215
66.7279
71.712
77.3065
76.6534
75.6543
75.0332
74.4338
75.9083
77.5067
75.9067
74.1084
74.4694
74.9689
73.5011
71.9026
73.0153
74.314
71.1348
67.6382
69.1688
71.0669
73.2438
75.4416
74.1167
72.5183
72.1225
71.8227
70.4153
68.9168
69.629
70.5281
71.6111
72.71
73.9007
75.0995
71.6304
67.7342
73.3366
79.8303
74.8406
68.7466
70.4735
72.9711
70.9313
68.4338
66.6606
64.9623
69.0466
73.742
72.9378
71.5391
68.7911
65.8939
66.0488
66.5483
68.3914
70.3894
67.3825
63.786
66.7888
70.5851
71.8898
72.8888
70.7803
68.2827
70.1262
72.5238
70.9437
68.8457
65.3366
61.6402
64.6322
68.5284
71.1074
73.505
72.5734
71.1748
71.8742
72.8732
71.3428
69.4446
69.5481
69.9477
67.6556
64.9582
67.8054
71.5018
70.9627
69.7639
66.4952
62.8988
63.5186
64.8173
66.8887
69.0866
69.8283
70.3278
71.6819
73.1804
71.4389
69.1411
68.1194
67.3202
66.2664
65.1675
67.1169
69.6144
70.2534
70.5531
70.4314
70.2316
70.4522
70.7519
70.2966
69.6972
68.8467
67.9476
68.7185
69.8174
69.1669
68.1679
70.9919
74.5884
75.2
75.2
77.2679
79.7655
75.4962
69.8017
72.587
77.1825
77.8357
77.6359
81.6968
86.6919
82.7773
76.8831
79.4695
83.965
83.8238
82.625
86.4576
91.4527
91.8333
91.134
91.8884
92.9873
94.3279
95.7265
99.054
102.85
104.241
105.04
105.36
105.56
105.759
105.959
107.671
109.769
111.867
113.965
115.746
117.445
119.933
122.63
123.279
123.379
125.679
128.577
128.024
126.525
126.669
127.269
129.038
131.136
132.689
134.088
135.331
136.53
141.601
147.795
150.822
152.92
154.556
156.054
156.861
157.46
157.6
157.6
159.282
161.48
163.906
166.404
168.065
169.463
174.655
181.049
180.935
178.737
179.936
182.234
182.8
182.8
183.626
184.725
191.141
199.333
200.354
198.956
198.898
199.297
204.155
210.549
218.573
227.164
230.804
232.702
243.962
258.548
262.4
262.4
275.378
293.06
302.114
308.009
318.06
329.648
341.455
353.344
373.284
396.261
414.609
431.192
448.498
466.08
490.786
518.259
541.571
563.25
592.871
625.639
654.054
680.728
713.166
747.932
786.602
826.862
866.769
906.53
945.444
984.006
1029.11
1076.97
1122.08
1166.04
1220.98
1280.63
1332.17
1380.22
1434.12
1490.57
1553.61
1619.54
1682.78
1744.82
1802.72
1858.76
1922.03
1988.57
2052.56
2115.4
2177.69
2239.73
2315.01
2396.43
2464.38
2526.02
2600.55
2681.17
2742.71
2795.16
2849.63
2905.08
2974.98
3051.91
3098.32
3129.79
3176.5
3230.75
3268.87
3298.94
3333.86
3371.22
3405.27
3437.64
3468.55
3498.72
3521.71
3541
3567.63
3598.1
3612.2
3617.7
3618.03
3615.63
3628.86
3650.44
3662.02
3668.22
3662.12
3649.33
3637.9
3627.21
3636.84
3657.72
3664.88
3664.38
3663.62
3662.72
3668.58
3678.27
3685.36
3690.95
3691.48
3689.08
3690.6
3694.39
3695.74
3695.64
3686.25
3671.36
3666.17
3666.77
3682.59
3707.56
3722.84
3732.23
3727.87
3715.08
3718.23
3731.22
3744.82
3758.81
3767.33
3772.42
3780.27
3789.86
3804.15
3821.43
3816.77
3797.99
3773.63
3745.66
3726.08
3712
3694.06
3673.58
3651.42
3628.14
3591.52
3545.97
3506.26
3470.49
3452.14
3445.64
3432.87
3415.79
3390.03
3358.26
3333.61
3313.93
3316.71
3335.29
3329.09
3305.31
3299.36
3306.15
3301.8
3289.41
3271.41
3249.33
3246.17
3256.86
3247.9
3224.42
3210.68
3204.18
3207.16
3217.25
3221.31
3220.82
3225.3
3233.6
3243.13
3253.62
3259.94
3263.04
3262.32
3258.63
3250.24
3238.15
3216.37
3186.9
3179.02
3188.41
3184.41
3169.63
3159.86
3154.16
3124.36
3074.81
3050.7
3047.61
3022.97
2980.41
2958.93
2955.14
2933.8
2897.64
2873.93
2860.85
2843.24
2821.77
2797.88
2771.9
2750.73
2733.75
2721.6
2713.71
2692.79
2660.32
2644.58
2643.78
2628.89
2601.32
2589.82
2592.92
2592.26
2588.16
2569.56
2537.6
2529.4
2543.28
2543.65
2531.37
2518.31
2504.52
2494.27
2487.37
2489.3
2499.69
2506.78
2510.68
2509.61
2503.72
2501.15
2501.85
2500.39
2496.79
2483.44
2460.37
2444.76
2436.67
2423.32
2404.64
2392.13
2385.94
2371.97
2349.99
2332.42
2319.44
2308.06
2298.37
2272.58
2229.82
2201.64
2188.96
2170.62
2146.25
2129.75
2121.76
2113.29
2104.3
2094.16
2082.78
2064.88
2039.81
2026.03
2024.83
2004.8
1963.64
1928.76
1900.99
1864.77
1818.91
1776.22
1737.16
1704.02
1677.75
1641.33
1593.08
1539.5
1479.66
1431.24
1396.38
1352.86
1299.02
1261.21
1242.73
1215.45
1177.49
1143.66
1114.89
1091.98
1076.29
1062.88
1052.29
1037.71
1018.13
1002.78
992.795
981.002
966.916
957.731
954.834
952.241
950.044
949.754
951.952
951.905
948.908
955.494
974.775
990.762
1002.35
1018.96
1042.34
1067.75
1095.92
1135.87
1191.91
1245.52
1295.77
1357.98
1436.8
1524.49
1624.59
1729.83
1842.32
1964.45
2100.32
2247.83
2412.07
2581.62
2758.84
2927.21
3082.66
3253.59
3447.3
3642.7
3840.61
4035.95
4227.47
4424.08
4628.38
4815.35
4976
5138.06
5302.3
5457.08
5597.24
5740.13
5887.29
6032.27
6173.83
6296.95
6390.86
6502.27
6641.63
6775.75
6901.43
7031.71
7169.48
7309.93
7454.79
7604.96
7763.91
7923.75
8085.09
8257.33
8447.84
8636.68
8822.7
8999.82
9161.77
9325.07
9490.7
9658.2
9828.94
9990.73
10136.9
10304
10508
10693.1
10844.5
10990.9
11128.2
11272.2
11428.4
11593
11772.7
11943.7
12098.6
12256.9
12421.2
12575.5
12711
12844
12972.2
13089.9
13187.3
13294.2
13419.2
13545.4
13673.7
13782
13851.4
13930.1
14027.3
14123.2
14216.5
14297.7
14354.8
14404.5
14439.4
14454.5
14429.1
14421
14448.4
14462.6
14449.1
14444.6
14458.9
14466.3
14459.2
14465.5
14500.4
14527.3
14537.1
14537.6
14517.8
14471.5
14367
14284.1
14249
14206.1
14145.6
14079
13998.9
13921.5
13850.3
13767.3
13657.4
13544.1
13422.7
13312.9
13230.4
13158.3
13111
13053.8
12973.1
12904.1
12863.4
12843.1
12872.4
12905.1
12946.2
12988.1
13031.5
13077.9
13131.5
13188.6
13254.5
13329.8
13429.5
13530.6
13635.3
13736.5
13828.3
13926.3
14040.7
14162.4
14303.8
14443.8
14580.2
14713.3
14837.7
14962.4
15087.8
15205.1
15299.6
15383.5
15437.7
15507.1
15619.2
15715.6
15767.4
15824.1
15895
15954
15978.1
15996.8
15999.2
16009.6
16043.9
16064.3
16043
16018.6
15985
15955
15936.2
15909
15855.7
15802.1
15747.1
15686.4
15607.3
15529.7
15456.9
15390.9
15346.6
15296.9
15229.7
15150.4
15031
14931.5
14898.8
14857.6
14787.8
14727.8
14701.1
14675.7
14655.1
14624.4
14559
14500.3
14465.3
14432.4
14407.1
14382.2
14359.1
14329.5
14276.1
14228
14199.8
14170.9
14139
14109.2
14087
14072.8
14089
14088.6
14023.4
13955.7
13878.1
13812.4
13793.3
13777.1
13772.6
13756.7
13694.5
13640.4
13620
13599.9
13580.7
13556.7
13512
13472.3
13453.7
13425.1
13353
13278
13190.7
13115.7
13095.4
13062.7
12973.8
12881
12770.8
12666.2
12587.4
12505.9
12412
12315.3
12205.4
12104.5
12046.7
11979.5
11866.1
11751.2
11629.9
11513.4
11421.6
11333.6
11265.2
11192.8
11100.2
11009
10925.1
10845.5
10789.3
10724.8
10615.8
10513.3
10446.5
10380.6
10320.1
10255.7
10169.6
10089.5
10044.2
9994.75
9920.42
9846.54
9775.31
9709.74
9678.37
9642.52
9579.18
9511.59
9417.49
9329.09
9276.95
9224.78
9172.53
9122.22
9084.55
9053.17
9063.66
9071.98
9065.58
9051.8
8986.97
8932.14
8947.72
8959.58
8944.69
8929.15
8908.87
8889.3
8875.02
8864.4
8881.59
8895.8
8887.11
8877.62
8861.84
8849.19
8861.78
8874.44
8887.73
8898.75
8890.75
8882.35
8870.46
8857.25
8832.47
8813.75
8848.91
8880.26
8876.87
8874.25
8878.95
8880.96
8857.38
8837.45
8853.03
8868.61
8884.1
8895.22
8861.86
8828.92
8800.55
8770.77
8725.81
8685.19
8692.28
8694.63
8643.38
8592.33
8543.58
8491.62
8401.51
8314.81
8269.96
8222.23
8138.31
8057.35
8014.69
7970.69
7908.75
7848.13
7805.78
7761.4
7688.37
7616.29
7558.15
7499.37
7430.83
7364.5
7332.73
7300.13
7253.97
7206.76
7141.62
7077.35
7028.3
6980.55
6956.47
6929.09
6838.88
6749.29
6672.06
6596.31
6551.06
6504.04
6418.82
6334.38
6267.55
6199.96
6114.34
6029.45
5962.82
5895.1
5798.8
5703.46
5635.43
5566.46
5469.56
5373.7
5311.16
5248.5
5181.66
5113.65
5002.26
4891.93
4823.79
4755.84
4695.5
4634.8
4557.38
4480.23
4417.49
4354.94
4303.49
4251.78
4182.24
4112.97
4063.82
4014.45
3945.22
3875.93
3800.81
3725.58
3634.96
3544.23
3428.24
3312.21
3180.64
3049.06
2914
2778.93
6
3837
3701.93
