-82.7756
-28.8285
25.1186
30.1876
35.1827
33.6071
32.0087
34.8814
37.7786
35.3209
32.8233
33.8886
34.9876
32.9258
30.8278
31.8843
32.9833
34.0822
35.1811
33.0399
30.8421
32.0739
33.3726
34.4757
35.5746
35.2096
34.81
35.6766
36.5757
34.1698
31.6723
31.309
31.0092
30.7095
30.4098
34.6512
39.0469
35.6323
31.9359
32.3774
32.9768
34.5365
36.1349
34.8583
33.4597
32.8261
32.2267
33.7271
35.3255
34.257
33.0582
34.4258
35.9243
37.2331
38.5319
36.8014
34.9033
34.6111
34.4113
33.6458
32.8466
32.3296
31.8301
34.9918
38.3885
35.9769
33.1796
32.1586
31.2595
33.439
35.8366
31.4383
26.5431
30.3804
34.876
30.194
24.7993
27.4527
30.7495
32.9385
35.0365
33.1734
30.9756
32.3626
34.061
34.0165
33.8167
34.3492
34.9486
33.356
31.5578
31.4
31.4
29.763
27.9648
31.7928
36.1885
35.5134
34.3146
33.8386
33.439
32.4082
31.3093
33.2691
35.5669
34.7228
33.524
33.5791
33.7789
33.085
32.2858
29.4354
26.3385
28.2246
30.7221
32.0654
33.2643
32.0711
30.5726
31.2839
32.283
30.195
27.6974
29.6001
32.0977
32.9268
33.5263
32.023
30.2247
30.7867
31.6859
32.2361
32.7356
32.0168
31.1176
30.3053
29.5061
32.8654
36.8614
36.3627
35.1639
31.3778
27.1819
28.8372
31.4347
32.2292
32.7288
31.6008
30.2022
30.2564
30.5561
29.0652
27.267
28.9566
31.2543
33.8915
36.5889
35.3911
33.493
32.3552
31.3562
30.02
28.6214
29.8295
31.5278
30.7933
29.5944
30.4881
31.7868
31.2485
30.3493
29.3669
28.3679
30.6102
33.5073
32.9221
31.6234
31.7309
32.1305
29.8893
27.0921
30.387
34.9825
36.2928
36.8922
35.3613
33.3632
33.0817
33.1816
33.2
33.2
33.7694
34.4687
32.0843
28.9873
31.5573
35.4535
35.3116
34.2127
33.8389
33.6391
34.2429
35.0422
37.044
39.3417
37.4806
34.5835
34.1596
34.3594
36.3896
38.8872
38.8443
38.1449
38.4752
39.0746
41.886
45.2826
44.2663
42.0685
42.1502
42.8496
41.9022
40.5036
41.6079
43.4061
44.7362
45.9351
46.2
46.2
46.9763
47.9753
47.2708
46.072
49.1212
53.417
52.2428
49.4456
48.4926
48.093
47.6167
47.1172
48.2232
49.8217
51.4964
53.1947
53.6
53.6
55.4967
57.9942
55.2705
50.8748
50.8566
52.2553
55.1595
58.5561
58.1987
56.6002
58.6713
61.968
63.6216
64.7205
63.8825
62.384
63.7089
66.0066
68.3044
70.6021
69.7218
67.7238
70.4434
74.8391
76.5881
77.3873
82.0726
88.1666
91.0431
92.7415
95.4608
98.5578
100.855
102.853
106.737
111.332
114.987
118.284
125.405
133.996
143.379
153.07
159.316
164.211
170.108
176.402
184.052
192.244
207.552
225.735
236.82
245.012
251.293
256.787
270.399
287.382
300.916
313.005
331.269
352.149
372.399
392.379
408.451
422.837
436.248
449.235
470.829
496.204
520.749
544.925
561.717
575.204
594.471
616.35
639.875
664.151
687.196
709.674
728.331
745.214
770.942
800.813
822.95
841.432
859.779
878.061
904.167
934.038
962.362
989.935
1006.24
1017.03
1023.07
1026.77
1034.33
1043.82
1064.48
1090.75
1099.53
1099.43
1112.35
1131.93
1138.01
1137.11
1143.5
1153.69
1161.06
1166.96
1173.57
1180.56
1182.28
1181.18
1183.59
1187.89
1188.69
1187.59
1186.94
1186.54
1186.59
1186.89
1187.9
1189.3
1193.89
1200.28
1195.59
1184.6
1184.98
1191.88
1193.45
1191.95
1191.84
1192.54
1197.71
1205.5
1200.93
1189.04
1183.6
1182
1181.96
1182.86
1193.08
1208.97
1201.24
1179.06
1176.03
1184.83
1198.24
1214.52
1222.03
1224.02
1219.97
1212.07
1207.41
1204.82
1206.96
1212.16
1201.78
1181.3
1177.97
1185.86
1181.83
1169.95
1153.74
1134.66
1120.54
1109.75
1094.19
1075.41
1074.93
1086.92
1083.57
1069.68
1062.58
1060.18
1052.79
1041.9
1038.57
1040.57
1039.7
1036.81
1032.28
1026.58
1024.32
1024.51
1023.21
1020.81
1021.7
1025
1014.39
993.51
987.578
992.773
992.603
988.407
992.231
1002.12
1004.76
1001.86
1004.61
1011.7
1012.89
1009.49
1004.91
999.42
991.857
982.666
980.382
983.579
985.666
986.865
981.758
971.568
960.992
950.103
943.333
939.936
935.281
929.586
924.328
919.433
908.67
892.985
883.201
878.406
868.109
853.124
842.384
835.291
826.377
815.888
811.213
811.613
809.302
804.606
798.481
791.088
784.909
779.814
776.979
776.18
771.767
764.075
759.774
758.575
753.27
744.178
737.47
732.974
730.078
728.679
727.743
727.243
728.689
731.986
733.702
733.902
735.422
738.22
739.853
740.352
742.364
745.861
743.381
734.99
731.25
732.149
727.218
716.429
705.987
695.897
684.521
671.834
670.619
681.209
675.516
652.938
639.641
636.045
631.135
624.841
616.9
607.209
602.972
604.571
600.545
590.455
584.099
581.801
574.879
562.891
555.27
552.473
550.243
548.645
543.75
535.159
525.489
514.599
503.617
492.528
478.509
461.126
447.262
437.472
425.376
410.59
392.591
370.812
358.68
357.981
349.224
330.842
316.539
307.149
298.841
291.848
285.079
278.586
270.616
260.825
252.906
247.311
242.559
238.863
235.431
232.334
230.776
231.175
228.993
223.499
221.097
222.695
222.863
221.164
221.366
224.063
227.491
231.887
235.983
239.679
245.888
255.479
265.663
276.652
287.304
297.494
309.783
324.969
344.877
371.351
395.911
417.79
448.447
491.505
533.244
573.105
616.822
666.074
717.489
772.035
831.701
898.835
965.242
1030.58
1095.15
1158.59
1222.22
1286.16
1355.48
1432.9
1504.3
1566.54
1628.94
1691.57
1750.37
1803.21
1852.9
1897.65
1944.04
1992.99
2041.95
2090.9
2138.39
2183.54
2234.37
2294.31
2349.64
2397.49
2444.89
2491.55
2536.43
2578.39
2634.41
2713.83
2784.11
2839.06
2903.28
2983.2
3056.85
3119.79
3180.23
3236.38
3293.98
3354.12
3416.01
3480.94
3542.56
3598.3
3650.89
3697.84
3748.08
3804.23
3866.2
3938.73
4004.79
4059.04
4121.47
4199
4257.47
4280.55
4315.3
4371.95
4425.72
4474.08
4528.37
4594.01
4650.11
4687.88
4726.18
4765.54
4801.43
4830.5
4861.22
4895.18
4931.39
4972.05
5005.04
5022.62
5033.28
5029.88
5030.45
5039.14
5049.5
5063.28
5072.66
5072.86
5076.86
5088.85
5093.54
5082.75
5074.79
5072.9
5068.63
5059.24
5049.28
5038.09
5030.21
5029.61
5029.01
5028.41
5016.25
4978.19
4947.33
4932.74
4914.77
4889.1
4857.07
4810.42
4770.62
4746.74
4723.49
4701.71
4670.89
4618.64
4583.21
4588.01
4583.17
4555.1
4536.1
4539.2
4546.02
4562
4572.05
4567.36
4571.24
4596.61
4619.24
4634.93
4658.93
4704.18
4746.59
4781.66
4816.89
4852.55
4893.06
4946.31
4985.08
4985.38
5007.24
5086.96
5152.47
5179.44
5212.46
5262.01
5313.34
5369.58
5419.11
5449.88
5477.83
5497.81
5519.53
5546.2
5571.53
5593.01
5611.61
5621.8
5629.3
5628.9
5632.2
5646.48
5655
5646.21
5634.4
5613.42
5602.78
5623.86
5630.9
5594.44
5557.22
5517.66
5485.56
5477.07
5464.75
5440.17
5418.95
5408.56
5397.53
5384.45
5363.68
5317.52
5276.22
5251.15
5228.1
5211.92
5198.99
5197.19
5190.28
5165.71
5147.4
5151
5149.97
5132.58
5118.37
5115.47
5105.82
5071.75
5039.55
5014.18
4997.75
5014.43
5027.26
5025.66
5020.35
5000.97
4981.24
4960.16
4940.27
4924.98
4910.98
4901.98
4892.57
4881.48
4872.78
4873.68
4872.27
4861.48
4848.55
4826.77
4804.69
4781.31
4758.96
4740.98
4727.29
4731.98
4731.14
4706.27
4686.02
4686.12
4679.46
4642.7
4608.31
4584.63
4559.48
4527.61
4494.72
4457.06
4421.57
4396.29
4365.02
4305.18
4256.06
4258.76
4254.95
4219.29
4177.51
4105.38
4043.64
4034.25
4023.05
4002.57
3977.21
3926.56
3880.09
3855.61
3831.36
3808.28
3786.15
3769.17
3747.08
3696.93
3651.58
3632.99
3613.65
3589.97
3566.43
3543.65
3522.04
3507.25
3491.2
3467.63
3445.43
3431.54
3415.89
3389.41
3364.33
3347.95
3331.49
3314.5
3299.03
3293.34
3289.21
3295.3
3293.94
3242.89
3198.23
3196.93
3194.17
3181.28
3171.23
3181.12
3188.97
3182.17
3173.8
3153.92
3136.49
3137.29
3138.83
3145.92
3153.22
3162.11
3168.22
3152.44
3141.52
3169.69
3193.31
3179.62
3166.91
3162.31
3156.93
3144.84
3134.49
3139.29
3144.02
3148.22
3151
3140.91
3132.19
3136.18
3140.24
3144.83
3149.58
3155.77
3161.14
3158.35
3155.1
3147.2
3140.63
3147.82
3153.33
3140.74
3127.54
3107.66
3087.32
3061.74
3036.06
3009.08
2983.53
2974.94
2966.09
2954
2940.63
2911.16
2881.4
2847.94
2815.85
2802.27
2787.57
2757.49
2727.98
2706.4
2686.05
2683.65
2680.63
2668.25
2655.24
2632.46
2610.3
2598.21
2585.29
2558.21
2531.06
2502.49
2474.48
2456.8
2438.53
2409.05
2380.77
2375.97
2369.4
2326.04
2283.61
2261.13
2238.7
2217.32
2195.83
2171.75
2147.69
2123.91
2099.6
2061.14
2023.45
2007.47
1991
1960.23
1929.1
1886.24
1844.04
1824.46
1804.66
1776.79
1749.02
1725.55
1702.08
1678.9
1655.47
1620.31
1585.61
1575.62
1565.39
1540.81
1516.25
1492.67
1469.16
1450.68
1432.09
1403.52
1375.06
1359.88
1344.62
1318.34
1291.92
1236.08
1180.26
1133.31
1086.35
1036.2
986.048

