6.62371
59.1722
111.721
113.496
115.194
117.191
119.189
116.517
113.82
113.602
113.402
112.905
112.406
112.301
112.201
116.439
120.734
120.406
120.007
116.269
112.473
113.674
114.972
115.098
115.198
112.467
109.67
110.087
110.586
108.267
105.869
108.516
111.313
109.948
108.449
113.038
117.833
114.529
110.932
111.762
112.761
113.184
113.584
112.833
112.034
112.478
112.978
115.386
117.884
114.38
110.584
109.83
109.23
109.484
109.784
111.22
112.718
114.122
115.521
113.432
111.134
107.425
103.629
104.714
106.113
103.67
100.973
103.231
105.828
110.105
114.5
112.1
109.203
110.3
111.699
110.409
108.911
110.928
113.225
110.077
106.48
107.121
108.12
110.866
113.763
114.367
114.766
110.773
106.377
108.375
110.972
105.276
98.7824
102.474
107.17
107.6
107.6
105.789
103.791
103.781
103.98
105.442
107.041
108.1
109.099
108.123
106.924
105.008
103.01
101.549
100.15
102.497
105.294
108.714
112.211
109.847
106.751
105.248
103.949
102.562
101.164
101.441
101.94
103.056
104.255
109.142
114.536
111.958
108.262
105.614
103.117
103.062
103.361
106.185
109.382
109.8
109.8
110.58
111.479
110.822
109.923
111.525
113.523
114.66
115.659
113.482
110.785
110.999
111.699
114.107
116.805
113.875
109.978
113.228
117.724
120.182
122.28
119.467
115.77
119.508
124.603
123.714
121.716
122.745
124.344
124.516
124.416
125.404
126.603
128.887
131.385
132.216
132.716
134.545
136.643
135.342
133.344
133.165
133.365
137.196
141.791
143.999
145.698
146.903
148.002
148.036
147.836
151.396
155.792
157.415
158.414
164.294
171.287
175.765
179.661
179.024
177.325
183.622
191.814
196.622
200.619
200.114
198.516
201.567
205.763
210.199
214.694
221.185
228.178
229.679
229.779
230.753
231.951
234.18
236.677
239.096
241.494
243.418
245.217
252.832
262.023
263.921
263.822
266.929
270.925
273.75
276.248
277.578
278.577
284.777
292.47
296.136
298.633
299.586
300.086
306.132
313.825
319.596
324.791
326.613
327.412
328.135
328.834
332.355
336.751
342.059
347.654
351.428
354.624
360.47
367.163
365.253
360.557
365.874
374.465
373.897
370.3
379.36
392.647
396.523
397.222
400.976
405.771
409.675
413.271
422.944
434.733
443.491
451.183
462.267
474.555
485.96
497.049
514.298
533.778
540.243
541.941
553.704
569.189
585.765
602.748
623.286
645.164
665.09
684.271
708.575
734.849
752.849
767.634
793.542
823.812
845.066
862.749
892.777
927.743
971.249
1018.2
1046.63
1067.51
1097.38
1130.95
1162.33
1192.8
1232.35
1275.7
1311.62
1344.39
1384.3
1427.25
1471.26
1515.72
1569.01
1626.16
1677.4
1726.05
1774.64
1823.19
1863.87
1901.04
1943.22
1987.68
2046.62
2112.15
2169.68
2223.53
2274.92
2325.17
2385.42
2450.36
2505.59
2556.24
2617.58
2684.02
2740.67
2792.62
2832.46
2866.43
2915.75
2972.6
3013.6
3046.76
3083.93
3123.09
3143.11
3153.5
3179.66
3213.83
3239.34
3260.42
3274.25
3284.34
3307.11
3336.48
3366.7
3397.37
3404.08
3398.09
3401.21
3409.2
3411.03
3409.53
3406.09
3401.59
3386.65
3365.97
3366.12
3377.81
3381.04
3379.54
3379.06
3379.16
3380.35
3382.14
3398.62
3423.49
3424.11
3410.72
3400.87
3393.08
3401.72
3420
3429.37
3433.47
3424.68
3408.19
3422.45
3455.22
3457.65
3441.67
3444.52
3458.91
3485.96
3520.82
3529.95
3523.06
3530.16
3546.04
3564.13
3583.61
3590.22
3588.62
3588.12
3588.32
3593.31
3601.4
3587.2
3558.43
3535.44
3516.26
3508.36
3507.96
3492.37
3466.59
3447.91
3434.03
3420.26
3406.57
3401.12
3401.32
3386.52
3361.35
3341.06
3324.17
3319.25
3322.75
3327.65
3333.54
3330.99
3322.4
3312.65
3302.06
3295.46
3291.76
3284.43
3274.44
3279.62
3296.01
3295.67
3282.88
3286.36
3302.04
3301.63
3289.04
3291.93
3306.62
3312.89
3312.69
3313.5
3315.1
3306.94
3291.15
3288.61
3296.51
3298.5
3295.8
3290.82
3284.03
3278.23
3273.24
3260.91
3242.63
3235
3236.1
3221.39
3193.61
3177.95
3172.35
3165.62
3157.92
3140.76
3115.58
3093.59
3074.31
3057.61
3043.12
3031.26
3021.67
2994.63
2952.37
2947.91
2976.68
2979.13
2958.25
2938.06
2918.48
2897.48
2875.2
2870.94
2883.02
2886.71
2882.72
2872.43
2856.35
2844.25
2835.86
2830.87
2829.07
2821.98
2809.89
2803.74
2803.24
2799.07
2791.38
2801.37
2828.44
2835.17
2822.08
2814.39
2811.99
2808.24
2803.14
2795.55
2785.46
2786.48
2798.67
2805.05
2805.55
2795.91
2775.93
2768.06
2772.66
2767.99
2753.7
2750.75
2759.64
2764.44
2764.94
2758.17
2743.69
2738.9
2744.5
2742.5
2732.31
2726.66
2725.96
2724.36
2721.76
2716.79
2709.2
2701.61
2694.01
2683.78
2670.6
2649.63
2619.85
2600.82
2594.03
2574.68
2540.92
2508.12
2476.45
2439.11
2395.15
2348.81
2299.66
2262.12
2238.34
2208.33
2170.87
2140.16
2117.58
2085.84
2042.98
2019.44
2019.54
2008.06
1982.28
1956.86
1931.89
1914.19
1905.59
1894.75
1881.06
1871.51
1867.21
1855.92
1835.64
1828.42
1838.12
1842.86
1841.16
1845.77
1858.66
1877.6
1904.58
1923.81
1932.7
1951.47
1983.54
2020.73
2064.89
2107.15
2146.81
2197.1
2262.03
2323.5
2380.14
2442.2
2511.83
2585.52
2664.94
2751.58
2848.48
2943.83
3036.94
3138.45
3252.14
3376.11
3515.07
3637.91
3737.01
3846.33
3970.81
4083.04
4176.94
4281.29
4401.37
4525.94
4657.31
4769.58
4852.6
4939.27
5031.58
5136.47
5260.95
5361.52
5424.56
5502.06
5602.46
5700.86
5796.07
5881.29
5950.42
6036.57
6150.36
6252.86
6336.88
6435.33
6557.61
6691.18
6843.53
6980.74
7092.53
7223.54
7387.08
7530.54
7639.73
7767.35
7926.7
8068.62
8180.31
8303.08
8445.24
8591.12
8743.57
8878.13
8980.83
9095.57
9231.94
9370.15
9511.72
9648.75
9777.53
9892.98
9983.89
10096.3
10248.8
10388.9
10505.7
10617.1
10717.9
10820.3
10926
11031.7
11137.2
11230.2
11299
11372.6
11455.4
11540.2
11628.9
11706.5
11761.8
11813.1
11856.3
11900.3
11946.1
11985.8
12013.4
12028.6
12018.1
12008.4
12000.3
12002.8
12027.6
12039.9
12025.8
12012.3
12000.1
11992.5
11994.6
11985.8
11953.4
11921.8
11891.7
11862.9
11836.8
11808.6
11775.6
11728.1
11647.6
11568.7
11493.6
11426.3
11377.2
11317.4
11233
11152.7
11082.3
11015
10955.1
10889.9
10812.4
10758
10759.5
10763
10771.2
10774.9
10767.6
10769
10791.8
10820.1
10861.7
10909.4
10972.2
11034.1
11093.3
11155.5
11225.6
11295.9
11366.9
11446.5
11548.6
11657
11782.2
11893.2
11966
12049.7
12163
12271.1
12365.1
12457.5
12545.5
12641.8
12761.9
12865.3
12921.6
12970.7
12999.8
13028.6
13056.7
13084.1
13109.3
13144.6
13209.5
13248.8
13212.3
13181.8
13169.1
13148.1
13102
13065.8
13060
13047.7
13015.3
12978.8
12929.2
12878.9
12826.1
12772.9
12718.9
12663.6
12604.2
12544
12480.6
12424.6
12392.6
12352
12282.7
12223.5
12198.6
12161.3
12081.6
12018.1
12010.6
11989.9
11922.7
11867.4
11854.1
11838.5
11815.1
11789.3
11754.6
11727.8
11729.7
11719.8
11666
11616.8
11584.5
11558.2
11554.6
11550.3
11543.4
11534.6
11519
11499.3
11463.6
11429.8
11403.9
11372
11315.6
11266.9
11249.2
11227
11186.3
11155.5
11166.3
11165.6
11116.7
11065.2
11002.6
10942
10889.4
10841.7
10815.3
10779.2
10699.6
10629.1
10599.9
10566.5
10513.8
10452.8
10353.7
10263.5
10215.2
10163.5
10095.9
10025.4
9940.52
9854.35
9762.04
9667.77
9563.77
9472.23
9443.46
9402.35
9298.15
9202.06
9148.01
9091.78
9024.05
8954.5
8875.28
8798.17
8732.54
8669.59
8621.44
8573.33
8525.48
8472.61
8391.29
8313.66
8257.32
8203.8
8166.84
8126.16
8063.42
8000
7932.47
7873.31
7865.51
7850.49
7790.35
7736.58
7723.19
7703.78
7645.54
7591.44
7564.57
7538.26
7515.68
7495.01
7487.32
7476.17
7441.1
7406.48
7375.01
7347.12
7344.82
7343.3
7347.5
7349.17
7332.09
7314.8
7295.92
7279.49
7281.98
7287.45
7316.32
7339.47
7316.59
7299.59
7330.76
7357.83
7350.64
7341.57
7316.49
7293.24
7285.85
7276.82
7253.24
7235
7265.27
7291.75
7282.95
7278.03
7309.9
7337.09
7318.71
7302.12
7303.42
7305.67
7317.66
7325.17
7285.91
7249.39
7242.19
7233.95
7214.17
7192.76
7152.9
7112.65
7068
7023.36
6978.9
6933.01
6869.57
6808.03
6770.37
6731.9
6683.05
6633.61
6576.26
6521.2
6497.52
6469.22
6375.22
6285.1
6252.24
6219.73
6192.76
6165.03
6125.37
6084.95
6032.2
5980.12
5939.36
5898.89
5863.42
5826.35
5760.02
5694.89
5652.63
5610.63
5573.87
5536.5
5486.65
5435.24
5350.02
5267.39
5243.52
5217.63
5143.7
5069.03
4975.72
4885.24
4869.86
4851.63
4753.42
4656.92
4611.37
4564.74
4483.82
4403.17
4331.84
4260.79
4199.95
4138.89
4069.05
3999.57
3944.92
3890.1
3827.16
3764.74
3729.48
3693.58
3620.76
3548.42
3509.16
3469.75
3418.7
3367.6
3312.46
3257.35
3206.7
3155.94
3088.6
3021.06
2910.86
2800.68
2692.99
2585.28
2471.6
2357.91
