-37.3821
2.27904
41.9402
47.4863
52.9809
51.7058
50.407
51.8904
53.3889
52.9042
52.4046
49.8268
47.2294
49.5705
51.9682
49.437
46.8395
47.0951
47.3948
48.48
49.5789
49.796
49.9958
52.5426
55.1401
53.248
51.25
53.635
56.1326
54.5475
52.8491
50.7628
48.6648
48.1159
47.6164
50.3053
53.1026
49.9216
46.5249
48.7094
51.1071
51.0079
50.8081
51.6625
52.5616
51.7392
50.8401
50.9909
51.1907
49.7713
48.2727
48.5802
48.9798
51.0868
53.2847
51.8854
50.287
47.7439
45.1464
48.0166
51.2135
51.3059
51.206
50.3551
49.456
49.681
49.9807
49.4391
48.8397
49.3597
49.9591
50.8378
51.737
49.1988
46.4015
47.6832
49.2817
50.7876
52.2861
50.4614
48.3635
47.5552
46.8559
46.4323
46.0327
46.2752
46.5749
47.7899
49.0886
48.2867
47.2876
44.9216
42.424
45.8376
49.8337
50.0185
49.8187
49.5283
49.2286
46.7604
44.0631
47.3162
51.2123
49.171
46.4736
47.8158
49.614
50.2478
50.7474
47.7612
44.3646
44.1783
44.3781
45.0229
45.7222
46.1551
46.5547
46.5114
46.4115
45.6928
44.8936
45.4174
46.1167
47.4321
48.8307
48.5609
48.0614
46.6858
45.1873
46.7483
48.7464
47.1683
45.0704
46.1924
47.7908
46.3502
44.4521
44.8931
45.6923
45.9729
46.1727
44.1302
41.7325
43.293
45.4909
48.7189
52.1156
49.9447
46.8477
46.0581
45.6585
46.3674
47.2665
47.2298
47.03
46.2361
45.337
44.6072
43.9079
42.9552
41.9562
42.5585
43.4577
45.9545
48.7517
47.4382
45.3403
44.163
43.164
43.0835
43.1834
44.7828
46.6809
46.8338
46.634
46.0196
45.3203
44.3728
43.3738
43.9427
44.8418
45.1646
45.3644
45.4
45.4
46.711
48.3094
48.6817
48.7816
49.0446
49.3443
48.5865
47.5875
48.8607
50.659
51.6476
52.4469
53.3268
54.2259
51.983
48.986
49.6055
51.1041
52.2017
53.2007
52.4402
51.2414
53.2339
56.0311
56.0429
55.3436
54.6442
53.9449
57.047
61.143
61.131
60.0321
61.376
63.3741
62.1492
60.0513
58.8159
57.8168
59.0861
60.9842
59.5275
57.1298
59.9464
64.2422
65.4329
65.7326
62.3929
57.9973
61.3253
66.9198
68.8163
69.6155
69.2621
68.5627
70.4695
73.1669
71.5828
68.6857
70.5165
73.8133
72.242
69.1451
69.6897
71.3881
76.0375
81.6321
81.1131
78.6156
77.8494
77.6496
78.8013
80.3997
82.4475
84.6454
86.0216
87.1205
88.5919
90.1904
92.5318
95.1292
94.2438
92.1458
94.7781
99.0739
100.495
100.894
101.882
103.081
106.919
111.715
116.437
121.132
125.463
129.659
137.273
146.165
150.994
154.29
161.277
169.668
179.792
190.581
198.996
206.489
218
231.087
237.734
241.83
256.202
274.684
292.383
309.766
325.162
339.748
357.872
377.453
396.046
414.228
432.551
450.933
471.561
493.14
513.739
533.919
558.147
584.122
609.748
635.223
662.503
690.575
716.433
741.309
775.225
813.188
840.484
862.962
892.645
925.613
958.512
991.38
1027.73
1065.69
1104.13
1142.79
1172.7
1198.48
1225.33
1252.71
1280.48
1308.46
1338.78
1370.25
1405.01
1441.37
1467.77
1489.25
1500.87
1507.56
1529.14
1558.21
1574.69
1584.78
1595.4
1606.29
1626.67
1651.94
1665.07
1671.86
1682.12
1694.21
1704.54
1713.93
1712.19
1704.49
1705.76
1711.85
1715.55
1717.95
1721.57
1725.87
1727.14
1726.74
1726.28
1725.78
1729.75
1736.25
1738.54
1738.44
1744.12
1753.11
1749.69
1739.1
1737.28
1740.58
1745.2
1750.59
1751.03
1748.53
1755.04
1766.93
1768.59
1764.1
1761.03
1758.83
1756.57
1754.28
1765.26
1784.44
1786.63
1778.23
1780.46
1789.35
1787.29
1778.3
1769.25
1760.16
1756.48
1756.28
1752.62
1746.73
1749.17
1757.06
1747.56
1726.58
1708.72
1692.93
1671.41
1646.03
1636.16
1636.76
1629.93
1618.04
1601.06
1580.58
1570.01
1566.32
1564.21
1563.21
1557.64
1548.85
1536.9
1522.71
1515.17
1512.37
1513.64
1517.83
1514.22
1504.93
1497.25
1490.76
1483.69
1476.2
1480.62
1493.9
1493.32
1482.33
1480.27
1484.97
1488.19
1490.29
1495.04
1501.83
1494.78
1477
1473.91
1482.3
1487.12
1489.11
1488.72
1486.42
1482.35
1476.85
1470.58
1463.69
1454.65
1443.86
1434.44
1426.15
1415.94
1404.15
1393.95
1385.05
1370.95
1352.47
1330.14
1304.57
1286.7
1275.41
1270.95
1272.35
1271.66
1269.16
1259.84
1244.55
1229.69
1215.21
1199.13
1181.65
1175.14
1178.44
1172.69
1158.81
1150
1145.8
1138.79
1129.2
1122.47
1118.37
1113.81
1108.81
1108.2
1111.7
1108.88
1100.08
1101.02
1111.21
1113.14
1107.14
1101.1
1095.01
1091.34
1090.04
1089.25
1088.95
1085.74
1079.64
1072.9
1065.5
1064.49
1069.88
1061.18
1038.21
1027.64
1029.74
1025.73
1015.44
1002.2
985.922
967.977
948.296
937.665
936.566
932.172
924.279
911.223
892.641
884.971
889.067
883.445
867.261
854.748
846.256
838.761
832.368
821.766
806.481
791.666
777.38
768.159
764.662
757.57
746.381
724.869
691.502
663.459
641.581
621.408
603.226
586.743
572.257
556.491
539.208
519.603
497.225
476.569
457.988
443.558
434.167
422.664
408.578
394.85
381.563
368.409
355.422
344.874
337.381
333.2
333.2
331.134
326.439
321.874
317.479
312.952
308.257
309.98
320.07
322.217
313.925
310.618
313.915
317.982
323.077
330.514
341.103
351.142
360.433
375.167
397.345
422.421
451.493
479.937
507.51
543.071
589.825
637.325
685.877
743.126
812.758
881.2
947.935
1022.59
1108.7
1195.06
1281.78
1378.64
1490.43
1592.65
1680.66
1776.28
1883.28
1992.86
2106.35
2210.24
2299.56
2392.18
2489.89
2586.69
2682.1
2776.68
2869.99
2960.58
3046.89
3129.81
3207.33
3292.32
3389.22
3473.5
3537.43
3608.49
3691.11
3773.58
3855.8
3941.98
4034.68
4128.56
4224.36
4321.7
4421.6
4515.86
4600.58
4695.56
4808.05
4933.13
5079.88
5184.76
5216.93
5284.9
5415.58
5532.59
5625.5
5721
5821.1
5923.85
6031.34
6128.39
6206.51
6280.22
6345.85
6430.71
6551
6663.66
6762.16
6848.78
6913.12
6987.61
7081.32
7168.64
7243.77
7317.49
7388.52
7460.91
7535.94
7612.11
7690.54
7748.24
7765.02
7794.76
7850.31
7908.11
7970.45
8021.11
8048.08
8074.66
8100.43
8119.43
8124.42
8136.42
8162.99
8174.14
8152.86
8138.66
8139.45
8136.37
8124.98
8120.71
8131.8
8136.57
8127.58
8118
8107.11
8089.73
8057.96
8029.06
8006.58
7988.12
7978.73
7958.5
7913.54
7864.68
7806.84
7753.93
7712.47
7674.29
7643.82
7609.73
7567.07
7531.69
7513.71
7485.31
7431.76
7397.52
7410.31
7420.18
7422.88
7427.15
7435.34
7451.57
7487.93
7520.96
7545.53
7574.92
7616.57
7656.53
7692.1
7737.5
7808.53
7879.09
7948.42
8005.38
8029.46
8073.44
8170.84
8259.79
8325.83
8396.03
8477.65
8551.45
8603.6
8661.09
8733.52
8801.72
8857.96
8913.5
8967.05
9014.27
9043.24
9069.81
9089.39
9108.36
9125.54
9139.81
9145.4
9146.23
9132.74
9117.03
9094.55
9074.01
9059.43
9047.35
9043.05
9032.18
9000.71
8966.82
8925.26
8885.99
8854.02
8820.82
8783.66
8746.31
8708.34
8672.17
8641.9
8605.74
8549.89
8508.33
8515.02
8514.3
8488.22
8449.05
8364.64
8300.78
8308.77
8308.19
8277.32
8245.06
8207.79
8180.81
8191
8191.04
8153.98
8124.76
8124.56
8127.7
8143.39
8154.28
8146.98
8133.39
8095.63
8057.74
8019.38
7989.69
7994.09
7992.18
7965.21
7944.25
7947.55
7939.75
7886.7
7840.47
7822.39
7805.81
7795.52
7781.82
7753.64
7726.91
7706.33
7687.22
7674.54
7653.23
7593.98
7534.61
7474.67
7427.7
7439.29
7440.06
7391.3
7341.61
7287.57
7231.8
7167.96
7111.68
7091.4
7060.62
6979.1
6904.56
6864.2
6819.15
6750.81
6682.78
6616.24
6556.27
6529.79
6498.84
6444.7
6392.32
6349.26
6306.36
6264.3
6222.01
6178.45
6132.84
6075.89
6024.82
6006.54
5981.07
5914.83
5857.7
5853.01
5838.77
5768.74
5705.81
5685.03
5664.88
5648.6
5628.17
5582.32
5538.48
5507.21
5477.06
5453.98
5433.09
5426.29
5413.01
5357.17
5304.6
5273.93
5248.79
5261.18
5265.97
5218.32
5175.96
5170.87
5164.44
5148.46
5134.37
5134.18
5132.52
5120.03
5110.67
5124.95
5135.4
5116.22
5099.56
5102.76
5106.66
5116.25
5126.51
5142.19
5155.96
5153.77
5148.58
5117.91
5091.76
5104.94
5115.87
5106.68
5098.56
5100.16
5102.65
5113.44
5122.33
5113.24
5103.63
5088.95
5079.65
5124.11
5163.45
5150.56
5138.22
5131.63
5123.67
5100.99
5079.19
5067.1
5054.05
5030.07
5006.6
4988.91
4970.17
4938.8
4907.18
4872.41
4837.82
4805.45
4772.41
4730.65
4689.84
4661.67
4632.33
4586.98
4543.04
4519.37
4494.74
4456.07
4418.71
4401.02
4382.65
4353.48
4323.76
4285
4247.53
4231.94
4214.74
4169.19
4124.94
4104.56
4083.7
4053.73
4023.4
3985.94
3948.04
3901.29
3855.32
3826.24
3796
3739.16
3683.36
3652.49
3620.69
3565.44
3510.73
3470.27
3429.76
3387.9
3345.8
3296.35
3247.19
3207.43
3167.18
3110.13
3053.19
2999.84
2947.33
2928.25
2908.09
2841.15
2774.68
2730.12
2685.83
2655.36
2624.7
2582.94
2541.23
2502.26
2463.23
2418.88
2374.57
2334.81
2295.2
2273.02
2250.66
2201.01
2151.32
2094.47
2037.58
1963.45
1889.33
1816.8
1744.27
.8
2667.27
