-6.77656
45.1725
97.1216
102.886
108.58
103.423
98.2282
102.075
105.971
102.331
98.6345
99.7876
100.986
100.506
100.007
101.774
103.573
104.977
106.376
102.08
97.6841
97.306
97.0063
101.694
106.489
105.526
104.427
101.088
97.6916
99.7385
101.936
100.933
99.8339
97.5732
95.2755
99.5478
104.043
101.789
99.2919
96.9868
94.689
97.0968
99.6943
102.004
104.302
98.9485
93.2541
93.859
94.7581
97.8479
101.045
99.6791
98.0807
97.5257
97.0262
97.7573
98.5565
98.8834
99.1831
99.5771
99.9767
98.4948
96.8964
100.367
104.164
103.369
102.27
99.5824
96.7851
96.6
96.6
97.0655
97.565
99.3651
101.263
100.102
98.7035
96.9349
95.1366
94.3538
93.6545
93.9685
94.3681
94.7677
95.1673
94.0076
92.7088
92.8746
93.1743
97.4926
102.188
100.686
98.5882
95.1261
91.5296
91.2
91.2
91.2
91.2
90.9289
90.6292
94.6571
99.1527
95.9115
91.8155
90.9511
90.4516
92.9975
95.8947
96.2
96.2
97.0918
98.0908
97.3101
96.3111
95.1345
93.9357
96.7235
100.02
101.461
102.659
98.9192
94.5235
96.1121
98.5097
99.4146
100.114
101.514
103.013
103.724
104.324
99.0795
92.9854
96.1161
100.612
101.287
101.387
101.746
102.146
103.583
105.181
105.141
104.841
107.812
111.308
109.053
105.856
103.944
102.245
106.871
112.566
112.888
112.289
114.582
117.379
114.829
111.333
113.171
115.968
118.09
120.088
120.653
120.952
124.027
127.624
131.723
135.919
135.01
133.111
133.969
135.368
135.767
135.966
139.324
143.32
143.917
143.817
146.116
148.913
151.133
153.231
158.046
163.44
160.622
156.026
163.312
173.202
180.395
186.988
189.505
191.103
191.644
191.944
197.437
204.131
212.119
220.411
223.454
225.252
230.273
236.067
241.54
246.935
253.131
259.525
264.159
268.355
268.562
267.762
278.026
291.113
292.212
290.214
295.106
301.799
310.468
319.659
322.309
323.208
325.994
329.291
338.076
348.366
350.522
350.422
358.28
368.37
372.857
375.754
378.108
380.306
387.691
396.583
401.535
405.331
411.131
417.524
421.536
424.833
431.425
439.018
440.494
440.094
445.262
452.155
455.778
458.375
463.476
469.37
470.724
470.624
480.412
493.399
490.427
482.235
482.077
484.575
496.658
511.943
518.414
521.911
526.078
530.473
539.327
549.717
559.959
570.149
582.704
596.091
614.785
635.365
648.96
660.049
677.298
696.778
713.773
729.857
742.951
754.94
776.674
802.049
821.041
837.625
859.634
883.711
911.539
940.81
974.039
1008.8
1035.17
1058.25
1087.77
1119.84
1153.48
1187.74
1223.29
1259.36
1293.65
1327.21
1365.31
1405.27
1442.69
1479.05
1520.91
1565.07
1598.76
1628.04
1673.83
1726.67
1768.7
1806.07
1859.16
1919.1
1970.09
2017.14
2077.97
2144.9
2200.8
2251.75
2309.17
2369.51
2425.66
2479.91
2535.66
2592.1
2651.48
2712.22
2773.24
2834.38
2881.61
2922.27
2984.64
3057.37
3119.65
3176.89
3230.77
3283.02
3333.73
3383.68
3416.91
3441.89
3478.6
3521.16
3548.36
3567.84
3584.67
3600.16
3610.02
3617.02
3642.06
3676.43
3683.73
3676.94
3689.14
3711.32
3724.29
3732.38
3748.93
3770.01
3764.22
3743.94
3743.59
3754.08
3745.99
3727.71
3713.03
3700.34
3695.09
3693.99
3700.25
3710.64
3728.36
3750.23
3754.77
3749.37
3746.89
3746.09
3739.55
3729.66
3725.05
3723.56
3729.78
3740.57
3746.6
3749.8
3752.43
3754.73
3767.22
3785.91
3790.83
3787.33
3807.19
3841.45
3857.49
3862.19
3880.39
3907.06
3926.45
3941.24
3950.66
3956.65
3976.32
4004.8
3999.7
3972.83
3943.72
3913.15
3905.94
3914.13
3892.32
3850.56
3823.63
3806.65
3790.02
3773.64
3753.21
3730.04
3710.89
3694.5
3676.05
3656.17
3647.41
3646.41
3653.56
3666.45
3663.27
3648.68
3640.39
3636.59
3643.94
3659.32
3662.04
3655.54
3652.91
3653.11
3641.02
3619.84
3616.75
3627.14
3627.83
3621.24
3633.98
3661.36
3667.53
3657.54
3656.08
3661.17
3670.89
3684.17
3691.79
3694.99
3690.53
3680.04
3672.5
3667.31
3650.23
3623.66
3612.24
3613.04
3597.14
3567.67
3551.54
3546.35
3524.96
3490.19
3478.16
3485.05
3476.35
3454.58
3438.75
3427.96
3420.03
3414.54
3392.01
3354.84
3341.72
3349.41
3349.85
3343.96
3326.1
3297.73
3287.05
3292.04
3289.33
3279.74
3263.69
3241.81
3234.23
3239.62
3240.22
3236.42
3221.5
3196.32
3188.03
3195.42
3193.63
3183.24
3175.73
3170.94
3175.72
3189.6
3199.46
3205.45
3203.27
3193.18
3193.21
3203.1
3213.34
3223.93
3228.6
3227.4
3220.05
3206.56
3199.3
3198.3
3199.29
3202.29
3199.5
3190.81
3186.15
3185.65
3181.72
3174.23
3176.75
3189.74
3193.67
3188.08
3171.39
3142.92
3134.38
3147.16
3158.46
3168.15
3169.18
3160.79
3154.16
3149.46
3156.26
3175.74
3180.18
3167.9
3158.39
3151.99
3139.08
3118.8
3094.04
3064.17
3039.83
3021.85
3000.25
2974.48
2933.12
2873.58
2836.81
2826.82
2802.43
2760.97
2722.65
2688.08
2660.63
2641.75
2623.19
2605
2581.11
2550.24
2530.92
2525.82
2512.4
2488.62
2469.59
2456.5
2443.24
2429.75
2423.47
2426.37
2425.9
2421.1
2419.53
2422.13
2423.21
2422.31
2428.32
2443.4
2468.33
2506.29
2539.38
2565.95
2592.06
2617.53
2645.81
2677.87
2719.31
2773.56
2829.23
2886.87
2943.64
2999.19
3063.8
3141.13
3219.57
3299.59
3383.28
3472.19
3558.52
3641.14
3729.47
3826.08
3924.27
4024.77
4119.45
4205.57
4302.26
4414.65
4519.72
4613.82
4713.47
4821.46
4910.82
4971.86
5045.88
5139.79
5230.01
5314.53
5394.2
5466.33
5535
5598.24
5669.13
5752.15
5832.28
5907.81
5984.68
6063.7
6153.5
6260.79
6368.62
6477.31
6591.13
6713.41
6834.72
6954.4
7064.91
7160.01
7272.82
7415.58
7551.55
7675.93
7802.91
7934.38
8049.24
8135.25
8244.41
8394.06
8533.6
8655.28
8773.08
8883.97
8992.57
9097.07
9206.26
9323.95
9455.31
9611.65
9743.65
9830.76
9933.39
10064.9
10186.6
10290
10397.1
10511.3
10611.8
10686.1
10756.6
10819.9
10878.2
10927.2
10992.9
11091.4
11165.1
11189.9
11236.8
11327.8
11396.8
11421.6
11441.6
11451.9
11457.9
11455.2
11455.6
11462.3
11458.2
11431.9
11428.4
11473
11489
11444
11425.8
11464.6
11476.9
11431.9
11411
11442.8
11437.2
11349.7
11281.1
11254.3
11210.6
11129
11047.4
10965.7
10886.6
10812.9
10737.3
10657.1
10569.7
10465.7
10374.8
10314.5
10263.5
10234.4
10203.6
10168.9
10144.1
10143.1
10142.1
10141.1
10147.7
10173
10202.9
10244.4
10274.8
10277.8
10299.9
10370.4
10454.4
10573.2
10682.3
10766.5
10834.6
10860.6
10919.4
11064.9
11187.2
11248.1
11318.6
11415.3
11522.8
11659.5
11789.7
11902.3
12001.5
12063.6
12134.1
12227.9
12320.1
12407.6
12491.9
12566.9
12615.9
12590
12583.8
12634.8
12675.9
12688.1
12687.4
12648.5
12614.5
12594.8
12581.1
12585.6
12584.1
12564.1
12531.3
12458.6
12392.1
12344.7
12293.9
12232.5
12173.7
12123.1
12067.4
11995.6
11929
11879.7
11838.4
11823.6
11800.1
11747.8
11700
11667.6
11630.9
11579.4
11531.4
11495.6
11459.8
11423.9
11391.4
11370.4
11345.6
11307.1
11276.1
11272.1
11272.6
11289.4
11289.8
11229.4
11178.8
11164.4
11147
11118.5
11091.5
11070.7
11052.9
11046.5
11039.7
11031.5
11013
10953.4
10900.5
10874.7
10851.6
10839.4
10818.8
10763.6
10714.3
10689.8
10666
10645.2
10619.5
10572.6
10525.2
10476.3
10432.2
10409.7
10385.1
10350.8
10305.5
10210.3
10121.5
10061.7
9999.61
9926.38
9852.08
9772.76
9697.3
9640.26
9578.2
9491.88
9408.02
9336.19
9265.72
9201.98
9131.89
9029.79
8935.54
8881.39
8828.49
8782.03
8730.76
8654.13
8578.93
8511.29
8445.81
8391.96
8336.84
8274.7
8215.94
8176.08
8135.49
8090.73
8042.13
7971.4
7906.62
7876.65
7842.02
7779.68
7719.51
7672.46
7627.08
7592.02
7556.42
7517.45
7478.07
7436.01
7395.78
7367.3
7340.97
7328.69
7309.61
7245.28
7189.29
7189.99
7189.39
7179.8
7167.52
7136.35
7110.46
7122.34
7131.23
7118.25
7107.55
7113.84
7117.71
7103.22
7092.38
7109.66
7124.18
7116.88
7112.38
7130.26
7143.38
7117.51
7093.66
7086.77
7079.72
7071.33
7064.82
7074.71
7082.16
7067.87
7055.76
7063.45
7073.21
7102.18
7129.83
7144.92
7156.97
7139.49
7120.28
7083.92
7051.65
7061.14
7067.34
7039.17
7012.59
7003.1
6989.82
6934.88
6882.29
6856.42
6826.82
6753.99
6684.14
6649.77
6614.59
6569.44
6523.66
6470.01
6416.67
6367.32
6318.39
6275.13
6231.85
6188.3
6144.39
6095.54
6047.65
6013.88
5978.54
5919.3
5862.37
5841.89
5819.98
5774.73
5729.25
5680.1
5631
5582.74
5534.8
5492.54
5450.06
5403.31
5356.32
5304.67
5252.25
5183.81
5115.14
5041.31
4968.61
4921.46
4873.71
4811.77
4750.17
4697.23
4643.8
4577.77
4512.26
4461.61
4410.36
4341.33
4271.7
4183.09
4095.41
4039.57
3983.72
3927.77
3871.68
3809.54
3747.76
3701.91
3655.88
3601.33
3546.93
3500.58
3453.93
3389.79
3326.1
3292.13
3257.9
3202.75
3147.63
3094.88
3042.09
2984.65
2927.02
2842.4
2757.74
2664.43
2571.01
2439.24
2307.49
2199.8
2092.1
2.8
3015.1
