-15.1778
34.0739
83.3257
88.7866
94.1813
93.4035
92.6043
92.0038
91.4044
89.4167
87.4187
88.4886
89.5876
86.6368
83.6397
89.3174
95.1118
91.7567
88.2601
88.9855
89.7847
89.898
89.9979
88.3375
86.6392
87.576
88.575
89.2818
89.9811
88.8335
87.6347
89.8312
92.129
90.4573
88.6591
91.5952
94.6921
92.5823
90.2845
88.1792
86.0813
88.5928
91.2902
93.125
94.9233
90.1223
85.0273
87.0907
89.4883
91.124
92.7224
86.9067
80.7128
81.2537
82.1528
87.785
93.6792
91.7328
89.3352
89.5771
89.9767
90
90
86.4326
82.6363
84.1799
86.0781
87.6023
89.1008
87.1476
84.9497
84.1483
83.449
85.9083
88.6056
88.6146
88.4148
89.0475
89.7468
86.7537
83.4569
84.5817
86.0803
85.2808
84.2818
85.6676
87.266
90.512
93.9086
90.8207
87.1243
84.4304
81.833
83.6916
85.9894
88.5594
91.1568
88.9551
86.2578
85.5482
85.0487
82.8362
80.4385
85.5078
91.402
89.1274
85.9306
84.973
84.2737
84.6469
85.1464
85.4675
85.7672
83.1305
80.1334
82.73
86.0267
84.9825
83.3841
83.8188
84.5181
82.6596
80.4617
83.7202
87.7163
89.4293
90.8279
88.5468
85.7496
87.5854
90.083
87.0856
83.2893
84.1924
85.7908
85.6527
85.2531
84.7668
84.2673
86.1881
88.4858
87.5063
86.0078
87.607
89.7049
89.399
88.6997
90.3987
92.4967
90.9199
88.722
90.1905
92.2885
92.8552
93.1549
93.7941
94.4934
94.6847
94.7846
94.631
94.4312
95.4114
96.6102
99.0704
101.768
101.529
100.73
100.6
100.6
102.019
103.718
102.334
100.336
103.491
107.686
107.985
107.486
108.31
109.409
109.847
110.147
109.706
109.107
111.053
113.551
117.851
122.546
124.136
125.035
128.625
132.821
134.657
135.956
139.446
143.442
145.576
147.274
147.923
148.323
153.476
159.769
159.875
158.476
159.483
161.081
165.639
170.934
176.308
181.703
184.71
187.108
188.632
189.931
192.813
196.11
194.509
191.612
193.6
196.897
205.539
215.629
216.624
215.125
214.956
215.156
217.931
221.427
226.558
232.153
231.149
228.252
231.472
236.467
242.775
249.468
252.618
254.716
257.505
260.502
261.583
262.083
268.622
277.014
278.161
277.062
280.147
284.542
287.041
288.939
293.864
299.759
302.483
304.181
304.148
303.549
308.055
314.249
313.628
310.731
313.884
319.079
321.219
322.318
327.504
334.097
341.951
350.242
360.899
372.388
381.223
389.115
391.42
391.72
403.898
420.382
432.917
444.006
452.251
459.444
474.637
492.82
510.349
527.632
540.213
551.002
571.243
595.12
610.722
623.11
643.247
666.424
692.035
718.609
742.257
764.735
784.295
802.677
830.427
861.996
891.23
919.502
952.927
988.492
1018.21
1045.49
1076.48
1109.05
1140.22
1170.79
1202.12
1233.79
1264.21
1294.08
1340.54
1394.29
1433.36
1465.93
1508.57
1555.73
1600.68
1644.64
1680.91
1713.68
1757.53
1806.48
1852.5
1897.15
1947.59
2000.74
2044.39
2083.55
2126.3
2170.76
2215.48
2260.34
2306.34
2352.89
2385.77
2411.94
2445.81
2483.47
2511.53
2534.81
2561.88
2590.85
2615.18
2637.16
2654.71
2669.99
2692.99
2719.96
2731.7
2735.49
2746.95
2762.43
2765.97
2763.17
2772.29
2787.77
2783.07
2767.49
2769.89
2782.08
2787.82
2790.02
2792.15
2794.25
2780.19
2757.11
2759.35
2775.83
2781.54
2781.14
2785.07
2791.46
2802.67
2816.65
2815.61
2805.82
2807.8
2816.69
2814.6
2806.01
2811.68
2825.87
2833.01
2835.9
2839.05
2842.35
2839.26
2832.27
2837.88
2851.26
2866.44
2882.72
2907.6
2937.87
2953.45
2959.75
2966.59
2973.78
2975.32
2973.22
2970.46
2967.26
2959.48
2948.69
2933.62
2915.74
2903.5
2895.01
2881.25
2863.97
2849.13
2835.94
2818.36
2797.78
2781.23
2767.44
2759.14
2754.65
2746.56
2735.97
2732.48
2733.98
2738.98
2746.47
2741.5
2727.62
2726.79
2735.38
2728.01
2709.03
2701.4
2702.1
2699.93
2695.63
2694.54
2695.84
2696
2695.3
2702.62
2716.01
2723.5
2726.5
2732.26
2740.15
2738.31
2728.92
2728.89
2736.19
2743.98
2752.17
2743.54
2721.57
2718.68
2731.07
2724.98
2704
2686.33
2671.35
2658.78
2648.19
2639.79
2633.19
2619.08
2598.7
2587.93
2585.23
2572.04
2549.96
2538.88
2537.18
2527.32
2510.43
2492.8
2474.52
2465.47
2464.47
2455.76
2440.27
2430.35
2425.36
2413.98
2396.89
2385.8
2380.11
2374.62
2369.33
2368.21
2370.91
2366.38
2355.19
2346.74
2340.85
2338.82
2340.42
2333.44
2318.35
2310.03
2308.13
2307.56
2308.26
2308.45
2308.15
2309.62
2312.82
2315.66
2318.16
2319.65
2320.15
2320.15
2319.65
2316.31
2310.12
2309.13
2313.43
2316.49
2318.29
2313.63
2302.35
2288.95
2273.36
2264.23
2261.83
2257.1
2249.9
2241.35
2231.36
2230.06
2238.05
2239.07
2232.58
2232.98
2240.87
2242.52
2237.33
2228.47
2215.59
2208.85
2208.95
2206.03
2199.74
2185.75
2163.08
2141.85
2122.27
2097.66
2067.29
2043.64
2027.75
2002.69
1966.93
1932.4
1899.33
1870.88
1847.91
1823.34
1796.86
1774.56
1757.27
1729.97
1690.51
1657.52
1632.45
1609.43
1588.95
1569.05
1549.87
1534.99
1525.5
1521.57
1524.66
1521.61
1510.72
1505.74
1508.33
1501.17
1481.39
1478.66
1498.14
1509.07
1508.77
1513.03
1523.32
1537.5
1556.88
1581.71
1613.88
1640.58
1659.86
1690.49
1736.65
1780.91
1822.57
1869.79
1924.74
1986.71
2058.54
2126.11
2187.65
2256.48
2335.7
2418.91
2507.82
2603.26
2708.16
2806.76
2896.17
2979.4
3053.53
3148.21
3273.39
3375.59
3443.42
3520.66
3612.07
3708.87
3813.87
3906.08
3978.71
4056.72
4143.03
4225.44
4301.77
4383.26
4472.87
4556.65
4631.17
4699.04
4756.29
4828.46
4924.67
5011.54
5083.27
5161.18
5249.19
5335.58
5419.3
5512.84
5622.73
5732.44
5841.83
5953.82
6070.21
6180.54
6280.54
6388.37
6509.65
6633.56
6762.03
6881.06
6983.56
7085.95
7188.15
7293.34
7403.83
7515.5
7629.29
7734.26
7823.27
7931.55
8075.01
8195.13
8272.26
8359.1
8463.99
8562.46
8648.88
8740.09
8840.4
8934.44
9016.56
9094.86
9165.79
9237.36
9310.19
9374.34
9421.49
9481.37
9566.39
9632.68
9661.65
9692.05
9725.32
9766.83
9825.08
9867.05
9875.74
9886.26
9900.55
9900.12
9869.05
9862.56
9907.71
9931.29
9909.11
9888.72
9872.13
9857.48
9846.99
9836.31
9825.22
9812.32
9795.44
9772.91
9737.84
9701.79
9663.53
9619.5
9562.46
9508.89
9463.23
9415.12
9361.38
9298.13
9212.82
9140.16
9097.2
9049.29
8989.65
8947.27
8946.18
8926.31
8861.18
8818.31
8829.7
8839.73
8846.43
8861.41
8896.98
8924.88
8933.57
8956.86
9017.1
9075.15
9127.6
9183.79
9249.62
9313.82
9373.76
9444.41
9543.21
9639.25
9727.97
9802.2
9837.56
9889.89
9988.19
10082.8
10167.3
10245.5
10306.4
10370.6
10444.4
10514.4
10574.3
10635.1
10698.6
10756.2
10796.6
10830.1
10844
10862.4
10893.7
10906.7
10864.9
10843.4
10882.8
10899.5
10847.3
10791.7
10725.5
10682.4
10711.3
10727.7
10705
10676.6
10630.1
10579.4
10515.7
10453
10393.5
10337.4
10292.4
10241.9
10173.6
10119.8
10114.5
10099.8
10053.3
10010.4
9979.79
9948.38
9914.41
9872.93
9805.2
9756.74
9776.42
9780.64
9729.59
9684.04
9658.36
9633.89
9613.81
9598.7
9602
9605.08
9607.38
9599.86
9555.1
9516.62
9502.24
9486.77
9467.09
9451.87
9454.16
9447.15
9403.09
9357.05
9303
9259.85
9261.15
9260.27
9250.38
9232.64
9182.09
9137.84
9120.26
9099.22
9063.35
9026.05
8982.49
8944.15
8928.76
8902.38
8826.95
8760.92
8737.35
8707.57
8649.43
8587.81
8510.09
8435.8
8377.66
8321.21
8272.86
8224.1
8173.35
8115.36
8021.95
7939.58
7912.01
7876.67
7802.25
7734.05
7697.68
7650.72
7548.82
7459.98
7439.8
7410.38
7331.66
7258.96
7218.9
7176.31
7119.87
7065.43
7022.17
6976.13
6914.29
6857.7
6831.32
6799.62
6736.78
6679.33
6653.85
6624.7
6573.35
6526.55
6507.67
6485.41
6442.05
6398.95
6357.49
6320
6308.11
6291.15
6240.9
6193.85
6168.18
6146.12
6148.62
6147.44
6120.87
6094.15
6066.48
6040.89
6030.2
6020.27
6015.87
6011.71
6009.32
6010.11
6035.09
6054.8
6033.93
6018.38
6044.86
6066.79
6052.31
6039.23
6037.63
6037.22
6046.81
6054.07
6041.38
6029.45
6024.16
6019.23
6017.53
6016.55
6022.15
6025.99
6013.5
6001.63
5995.63
5991.34
6003.63
6016.45
6034.53
6047.38
6006.82
5971.6
5992.28
6008.98
5983.01
5956.24
5920.78
5887.71
5881.72
5873.72
5842.45
5811.09
5778.72
5746.63
5717.86
5686.08
5616.45
5549.75
5521.08
5491.24
5445.89
5399.46
5338.32
5280.05
5262.57
5244.3
5214.53
5183.59
5134.84
5087.02
5053.95
5019.36
4959.92
4903.59
4899.9
4892.99
4829.75
4769.11
4755.93
4741.16
4696.3
4651.57
4609.42
4566.74
4513.29
4460.29
4417.14
4373.82
4326.97
4279.98
4229.73
4179.03
4117.19
4055.99
4011.63
3966.41
3896.78
3827.75
3776.7
3725.62
3673.57
3621.51
3569.06
3516.82
3472.26
3427.39
3369.84
3312.48
3262.83
3213.55
3181.98
3150.2
3107.44
3064.27
2996.54
2929.39
2901.82
2874.05
2830.89
2787.6
2732.15
2676.78
2629.93
2583.08
2537.33
2491.39
2408.47
2325.5
2225.8
2126.11
2035.4
1944.69
