-55.9752
-1.12899
53.7173
59.0868
64.3816
65.3955
66.3946
61.7301
57.0347
59.3799
61.7776
63.8783
65.9763
63.2343
60.4371
62.2729
64.1711
61.6421
59.0446
59.2945
59.5942
58.2281
56.8295
57.7779
58.7769
62.3135
65.91
65.8052
65.6054
63.7531
61.8549
60.1508
58.4525
58.2063
58.0066
58.2898
58.5896
58.0214
57.422
58.1698
58.969
59.2881
59.5878
60.9417
62.3403
59.2439
55.9471
56.659
57.5581
58.8382
60.1369
60.8654
61.5647
62.1691
62.7685
62.4213
62.0217
60.8664
59.6676
58.6573
57.6583
58.6348
59.7337
59.7061
59.6062
59.6937
59.7936
56.0605
52.0644
54.8786
58.1753
56.0726
53.5751
57.0231
60.9192
58.5116
55.6144
57.5277
59.8254
58.6153
57.1168
59.1187
61.4164
59.5777
57.3799
55.5489
53.7507
55.8882
58.3858
56.956
55.1578
53.3595
51.5613
54.492
57.8887
58.6537
59.1532
57.1173
54.8196
54.6903
54.7902
56.4228
58.2211
58.2201
58.0203
56.7433
55.3446
55.0208
54.821
55.1575
55.5571
55.6892
55.7891
54.9101
53.9111
54.5991
55.4982
56.3973
57.2964
55.3669
53.0691
54.123
55.6215
58.5281
61.6251
58.312
54.1161
55.3522
57.3503
56.8132
55.9141
54.9278
53.9287
52.8427
51.7438
54.7259
58.3223
58.8866
58.9865
58.1356
57.1366
53.5503
49.5542
51.2372
53.8347
54.4575
54.7572
56.2561
57.9545
58.3709
58.5707
56.8094
54.7115
56.1864
58.2844
57.5815
56.3827
54.6758
52.8776
55.0499
57.9471
56.9671
55.2688
56.934
59.2318
56.2442
52.2482
53.4413
55.6392
55.332
54.5328
55.233
56.2321
57.2311
58.2301
59.0633
59.8625
59.5864
59.0869
57.8447
56.446
57.8465
59.8446
61.2677
62.5664
60.3419
57.3448
58.2713
60.0695
58.8506
56.9525
57.0067
57.5062
59.71
62.3074
60.5332
57.7359
61.5611
66.9558
66.3887
64.3906
65.6877
67.7857
68.7612
69.4605
70.8796
72.4781
72.0819
71.1828
73.4672
76.5641
77.2794
77.3793
76.2913
74.8926
76.575
79.0725
79.9152
80.3148
80.7144
81.114
80.4159
79.4168
80.4514
82.0499
84.0384
86.1364
84.9657
82.8677
87.0577
93.0518
92.4642
89.9666
90.0179
90.8171
92.0786
93.4772
94.799
96.0977
96.6299
96.9296
99.1407
101.938
103.82
105.418
104.507
102.808
106.041
110.837
109.957
107.259
107.958
109.757
109.071
107.572
111.555
117.349
117.602
116.003
117.168
119.266
119.725
119.625
122.349
126.045
131.15
136.744
141.304
145.5
148.811
151.808
156.276
161.271
167.586
174.379
181.319
188.312
196.18
204.372
214.31
224.899
232.95
240.043
250.464
262.153
275.789
290.175
306.504
323.587
342.249
361.53
388.181
417.753
441.4
462.68
484.172
505.751
531.233
558.307
591.113
626.279
656.292
684.165
715.979
749.446
789.3
831.859
875.747
920.203
965.637
1011.49
1053.52
1093.88
1141.8
1193.05
1250.88
1311.62
1364.91
1414.86
1467.42
1521.17
1573.34
1624.79
1681.17
1739.81
1806.37
1876.6
1932.54
1981.79
2030.77
2079.62
2129.49
2179.84
2231.41
2283.56
2341.02
2401.06
2442.32
2474.39
2516.56
2563.71
2602.87
2638.03
2664.82
2687.4
2715.88
2747.34
2776.7
2804.97
2822.04
2833.33
2844.49
2855.58
2869.62
2885.2
2903.59
2923.47
2930.59
2930.89
2939.96
2953.74
2959.18
2960.08
2950.85
2936.07
2947.33
2973
2976.3
2967.11
2957.21
2946.92
2939.44
2933.54
2936.8
2945.29
2944.41
2938.11
2940.35
2947.54
2965.56
2989.93
2986.95
2967.77
2967.23
2977.82
2971.39
2954.7
2946.22
2942.73
2945.12
2951.11
2954.76
2956.96
2953.12
2945.53
2955.92
2977.6
2986.24
2986.64
2979.72
2968.14
2952.84
2935.16
2916.08
2896.1
2882.4
2872.81
2857.98
2839.7
2811.46
2776.59
2744.06
2713.09
2676.33
2635.67
2613.97
2605.18
2597.51
2590.62
2579.12
2564.44
2551.75
2540.46
2521.67
2497.59
2479.83
2466.54
2458.73
2454.83
2448.85
2441.35
2437.62
2436.62
2435.45
2434.15
2427.05
2415.66
2409.54
2407.34
2407.2
2408.6
2401.35
2387.56
2392.25
2411.04
2418.13
2416.23
2414.05
2411.65
2403.36
2390.48
2385.58
2386.98
2382.03
2372.04
2361.66
2350.97
2347.97
2351.17
2330.33
2289.97
2259
2235.73
2222.41
2217.31
2199.08
2169.91
2147.25
2130.07
2106.23
2076.76
2054.3
2037.82
2019.4
1999.32
1981.59
1965.91
1938.27
1900.21
1883.67
1886.07
1876.55
1856.47
1834.49
1810.82
1801.28
1804.48
1797.88
1782.4
1766.81
1751.12
1736.17
1721.88
1720.64
1731.53
1730.09
1717.11
1709.57
1707.17
1706.15
1706.45
1704.61
1700.71
1701.09
1705.58
1708.05
1708.55
1704.92
1697.22
1687.02
1674.33
1667.65
1666.95
1656.53
1636.35
1624.66
1621.56
1605.71
1576.84
1558.21
1550.12
1536.68
1517.7
1501.8
1489.11
1473.5
1454.82
1439.48
1427.69
1413.2
1395.82
1373.48
1345.81
1327.76
1320.17
1310.62
1298.93
1288.57
1279.68
1264.83
1243.35
1220.37
1195.69
1167.83
1136.36
1108.63
1085.15
1056.14
1020.77
981.704
938.346
899.415
865.648
831.744
797.677
764.525
732.456
702.846
676.172
650.948
627.471
601.693
573.121
545.088
517.715
503.316
504.914
497.782
479.8
465.809
456.818
447.208
436.818
424.275
408.99
400.75
401.549
402.305
403.004
403.4
403.4
401.673
397.677
401.932
417.117
428.196
433.79
442.408
455.096
471.09
491.569
515.636
544.607
581.432
629.086
678.328
729.777
789.132
859.563
935.253
1018.37
1113.15
1224.54
1341.35
1465.93
1598.71
1743.37
1888.84
2035.5
2188.86
2352.1
2515.83
2680.26
2848.19
3021.32
3196.8
3375.82
3545.61
3701.36
3856.95
4012.29
4158.22
4289.59
4420.14
4549.42
4683.55
4825.31
4966.76
5107.72
5236.87
5347.17
5462.43
5585.71
5710.63
5838.2
5971.12
6112.78
6259.76
6415.5
6573.54
6735.38
6904.27
7084.99
7268.46
7456.58
7624.4
7757.57
7916.07
8118.17
8296.39
8433.15
8595.56
8802.86
8987.14
9130.8
9272.02
9408.89
9557.22
9726.16
9896.55
10069.6
10229.6
10365.7
10519.2
10704.6
10874.2
11014.1
11156.4
11302.9
11439.3
11556.2
11681.9
11824
11954
12060.6
12174.2
12301.4
12420.5
12523.8
12621.9
12709.9
12801.7
12901.4
12977.8
13007.5
13058.8
13154
13206.9
13173
13149.4
13147
13160.9
13208.8
13246.7
13263.9
13273
13265
13261.9
13269.1
13257.6
13206
13179.1
13206.2
13223.3
13218.6
13203.9
13166.9
13104.3
12984
12880.2
12813.9
12737.4
12637.7
12558.4
12526.3
12472.5
12368.4
12269.6
12183.4
12112.3
12077.2
12035.2
11976.7
11934.4
11930.9
11925.7
11916.4
11909.8
11909.8
11928.7
11994.4
12048.8
12074.8
12116.5
12198.3
12275.3
12340.6
12415.3
12514.5
12612.3
12706.5
12807.3
12925.3
13044.6
13167.5
13287.1
13398
13514.9
13647.9
13776.9
13894.6
13998.8
14065.8
14146.6
14265.5
14370
14433.4
14501
14580.3
14656.5
14723.6
14776.2
14786.6
14806.4
14853.6
14884.3
14865.9
14854
14861.9
14854.5
14800.7
14758.2
14750.1
14732.4
14684.8
14631.1
14558.1
14482.1
14396.5
14331.3
14330.9
14307.5
14209.9
14123.6
14074.2
14018.1
13940.2
13873.3
13843.3
13803.9
13732.7
13666.5
13617.4
13573.8
13548.9
13524.1
13499.2
13465.8
13402.2
13345.2
13311.3
13279.5
13254.9
13230.6
13207.6
13180.2
13136.8
13101.6
13096.7
13085.2
13049.1
13017.3
13002.2
12982
12941.9
12906.6
12889.8
12868.5
12829.1
12796.5
12791
12779.2
12742
12704.5
12666.3
12623.3
12560.4
12509.1
12506.6
12497.5
12460
12422.6
12385.4
12347.3
12306.1
12251.4
12137.2
12034.9
11986.9
11939.2
11892.1
11835.7
11736.2
11633.3
11514.3
11399.4
11303.6
11216.6
11172.2
11112.9
10980.3
10858.2
10787.9
10719
10657.3
10590.4
10496.6
10402.6
10307.4
10218.1
10159.6
10094.6
9994.85
9908.84
9897.55
9871.83
9766.73
9666.4
9592.67
9516.89
9429.48
9349.46
9311.99
9270.58
9206.04
9141.96
9080.62
9023.78
8994.11
8959.05
8890.92
8825.67
8778.42
8731.26
8684.7
8642.28
8626.5
8603.34
8531.81
8470.11
8474
8472.72
8436.25
8401.54
8378.97
8353.6
8308.65
8268.06
8258.77
8252.06
8264.14
8270.11
8230.55
8204.89
8284.51
8350.11
8307.45
8270.47
8278.16
8287.31
8308.19
8324.46
8302.98
8282.92
8274.73
8266.94
8262.54
8257.17
8243.28
8229.33
8214.74
8203.99
8228.17
8249.82
8248.03
8247.6
8260.18
8271.27
8267.78
8264.15
8259.26
8252.39
8225.42
8200.04
8191.35
8183.56
8185.46
8183.07
8133.52
8085.57
8055.7
8022.92
7956.38
7890.21
7828.37
7767.61
7720.06
7671.43
7609.29
7546.81
7479.88
7412.06
7332.54
7257.26
7240.48
7219.16
7133.35
7050.86
7017.29
6983.37
6944.11
6906.02
6886.34
6864.12
6800.59
6737.53
6682.58
6628.24
6584.48
6540.16
6485.62
6429.94
6352.71
6276.31
6216.27
6155.84
6087.31
6020.76
5997.29
5971.49
5892.97
5814.13
5727.92
5642.15
5567.52
5492.47
5406.36
5321.09
5259.55
5197.58
5122.85
5048.01
4969.59
4891.06
4808.74
4727.45
4684.09
4639.08
4528.09
4418.4
4365.05
4311.26
4236.33
4161.98
4118.23
4073.75
3986.73
3900.64
3876.37
3851.62
3790.68
3729.61
3656.58
3583.72
3529.47
3475
3388.69
3302.32
3206.02
3109.66
2996.57
2883.46
2745.6
2607.73
