-90.576
-37.4281
15.7198
20.1891
24.5847
23.4053
22.2065
21.107
20.0081
21.19
22.3888
19.9258
17.4282
19.9681
22.5655
23.4872
24.3863
24.9903
25.5897
25.5018
25.4019
21.6764
17.8801
18.7779
19.7769
20.9712
22.17
22.687
23.1865
21.6447
20.0463
17.9628
15.8648
18.8012
21.8982
20.7439
19.4452
19.0143
18.6147
19.6585
20.7574
19.2635
17.665
19.1334
20.7318
20.6087
20.4089
22.0225
23.7209
21.895
19.897
20.9406
22.1394
21.6308
21.0314
22.1359
23.3347
22.6443
21.845
22.5541
23.3534
23.6822
23.9819
21.4653
18.7679
19.9115
21.3102
21.1195
20.8198
20.147
19.4476
19.9586
20.558
22.6438
24.8416
21.2919
17.2958
17.4625
17.962
19.477
21.0754
19.8182
18.3197
19.2111
20.31
21.3172
22.3163
21.5762
20.6771
19.0473
17.349
18.2936
19.4925
17.963
16.1648
18.2686
20.7662
22.1771
23.4759
21.2508
18.6533
17.2279
15.9292
18.139
20.7365
21.5386
22.138
22.9166
23.7158
19.51
14.7147
15.2701
16.469
19.2695
22.2666
21.9785
21.2792
22.7061
24.4044
21.8597
18.7627
17.077
15.5784
20.5043
26.2986
26.2975
25.4983
24.3486
23.1498
21.1642
19.0663
19.8466
21.0455
23.2886
25.6863
25.5658
25.0663
26.2129
27.6115
26.0712
24.0732
23.2825
22.6831
23.8046
25.2033
26.4302
27.629
26.5152
25.0166
24.8854
24.9853
25.341
25.7407
29.1176
33.0138
31.0538
28.0568
27.7693
27.9691
31.8861
36.4816
35.5986
33.7004
35.0818
37.0798
37.2322
37.0324
37.9207
39.0196
38.9495
38.6498
38.0168
37.3175
38.0311
39.0301
41.5216
44.3189
44.8827
44.9826
43.1845
40.9866
41.9996
43.6979
45.1498
46.5485
48.1929
49.8912
51.5078
53.1063
53.8077
54.3072
54.7254
55.125
59.6634
65.158
66.0381
65.8383
67.496
69.5939
71.5307
73.4289
75.0055
76.5041
78.7242
81.1218
83.1995
85.1976
85.6
85.6
86.2367
87.0359
86.9618
86.6621
88.9758
91.9729
96.5499
101.545
102.442
102.242
101.492
100.593
104.085
108.781
110.738
111.937
115.087
118.783
120.456
121.555
125.759
130.854
131.071
129.872
129.677
129.777
135.039
141.832
143.016
142.516
147.229
153.523
152.936
150.238
154.328
160.522
161.696
161.296
162.641
164.54
164.168
163.069
160.913
158.415
162.241
168.136
169.149
168.55
170.047
172.245
173.099
173.498
176.058
179.355
185.55
192.742
195.267
196.166
200.982
207.176
214.181
221.474
221.783
219.585
228.972
242.558
246.492
246.892
254.658
265.147
270.327
273.524
278.752
284.746
295.153
307.242
318.32
329.009
339.627
350.216
356.429
360.924
368.926
378.317
391.562
406.347
416.72
425.312
437.381
450.868
463.93
476.817
487.234
496.625
514.321
535.501
544.116
547.413
560.999
578.981
591.938
602.727
622.426
646.003
664.86
681.644
697.804
713.689
728.607
743.093
757.923
772.908
788.58
804.564
822.122
840.404
867.556
898.826
918.665
933.151
948.519
964.303
984.079
1005.76
1018.87
1027.86
1046.74
1070.41
1085.58
1096.56
1104.28
1110.37
1118.07
1126.56
1143.36
1164.34
1167.22
1160.93
1169.7
1186.19
1196.41
1203.4
1213.75
1225.84
1230
1230
1215.44
1193.16
1194.12
1207.51
1211.23
1209.73
1210.75
1213.15
1208.52
1200.02
1201.76
1209.15
1209.04
1204.75
1202.5
1201.4
1205.33
1212.13
1212.06
1208.06
1210.08
1215.58
1218.23
1219.23
1211.48
1198.59
1200.58
1211.37
1216.59
1218.49
1223.56
1230.56
1226.49
1215.7
1219.28
1231.67
1237.94
1240.44
1250.33
1264.81
1273.77
1279.27
1292.47
1310.56
1319.55
1322.75
1322.54
1320.14
1317.93
1315.83
1309.32
1299.93
1294.63
1292.04
1287.58
1281.88
1273.8
1264.11
1256.92
1251.43
1243.67
1234.38
1239.07
1253.35
1249.16
1232.18
1226.73
1229.33
1232.28
1235.47
1231.83
1223.34
1220.44
1221.54
1223.68
1226.58
1224.33
1218.33
1219.32
1225.41
1225.82
1222.02
1217.59
1212.7
1213.62
1218.92
1226.37
1235.47
1236.91
1232.51
1233.93
1239.83
1243.19
1244.59
1243.01
1239.12
1234.44
1229.14
1228.97
1232.87
1234.6
1234.6
1227.19
1213.8
1209.84
1213.53
1213.28
1209.78
1203.33
1194.44
1193.34
1198.74
1195.55
1185.16
1184.3
1191.49
1183.96
1163.88
1156.21
1159.21
1159.15
1156.46
1155.57
1156.27
1156.33
1155.83
1146.65
1129.77
1130.56
1147.14
1150.11
1140.82
1133.52
1128.02
1124.46
1122.66
1115.72
1104.03
1105.13
1118.12
1118.47
1106.98
1103.15
1106.54
1105.28
1099.59
1100.11
1106.61
1109.75
1109.65
1110.26
1111.56
1111.49
1110.09
1113.42
1121.41
1125.2
1124.8
1114.68
1094.8
1091
1103.49
1108.32
1105.32
1105.28
1108.27
1114.16
1123.06
1126.04
1122.84
1121.1
1120.9
1122.4
1125.69
1126.29
1123.99
1121.16
1117.77
1119.25
1126.05
1130.55
1132.55
1134.36
1135.96
1137.89
1140.18
1136.41
1125.82
1116.96
1110.07
1105.14
1102.44
1102.21
1104.81
1099.3
1084.41
1063.44
1035.37
1013.08
997.599
984.034
972.745
968.239
971.835
968.995
958.406
949.982
944.188
930.306
906.529
897.65
907.141
907.857
897.667
889.694
884.499
883.366
887.362
889.248
888.449
884.937
877.944
874.523
875.721
875.359
872.961
873.068
876.464
884.717
899.403
910.666
917.36
929.759
949.84
962.714
965.811
975.448
994.03
1016.31
1043.68
1062.61
1069.8
1084.77
1110.65
1137.97
1167.34
1192.97
1213.25
1236.27
1263.25
1291.2
1320.57
1354.98
1396.74
1430.86
1453.74
1477.5
1502.57
1529.73
1560
1589.28
1617.05
1642.24
1663.52
1681.17
1693.26
1711.16
1738.03
1763.11
1785.39
1806.15
1824.53
1839.28
1848.27
1869.42
1909.98
1942.12
1960.7
1981.99
2007.66
2029.51
2045.09
2075.98
2132.13
2175.04
2195.91
2225.07
2268.13
2310.15
2350.41
2387.2
2418.07
2454.05
2498.8
2542.86
2585.72
2625.17
2658.63
2692.57
2727.34
2758.26
2782.33
2816.84
2870.09
2924.26
2980.11
3018.71
3025.8
3055.04
3125.07
3172.73
3178.82
3197.08
3238.14
3273.67
3298.75
3325.13
3354
3381.61
3406.78
3429.45
3447.23
3469.81
3501.78
3527.97
3542.75
3557.71
3572.99
3587.91
3602.1
3614.8
3624.49
3628.74
3621.84
3622.74
3639.72
3646.37
3631.49
3620.66
3618.36
3620.42
3631.71
3639.69
3640.58
3637.56
3626.07
3616.82
3612.42
3599.94
3569.67
3551.31
3559.4
3560.19
3544.6
3517.44
3464.09
3425.2
3419.31
3406.09
3376.02
3347.67
3323.29
3302.56
3290.37
3272.84
3242.67
3220.96
3219.46
3216.5
3210
3201.68
3188.89
3186.64
3210.32
3227.49
3228.48
3230.11
3233.31
3240.97
3259.96
3285.54
3328
3363.15
3379.43
3403.64
3448.49
3485.32
3501
3519.12
3543.69
3574.64
3622.7
3666.58
3699.14
3730.43
3758.2
3784.75
3807.93
3834.19
3869.06
3900.18
3920.76
3933.4
3923.41
3917.44
3923.04
3931.8
3949.78
3965.13
3972.72
3978.37
3978.27
3975.23
3963.34
3956.45
3964.75
3965.59
3943.61
3926.49
3924.39
3918.74
3901.95
3883.18
3858.1
3832.17
3803.5
3780.42
3775.42
3767.06
3747.68
3728.48
3709.9
3694.1
3687.61
3677.67
3656.09
3637.3
3628
3617.44
3602.45
3590.44
3588.84
3585.95
3578.45
3564.72
3528.65
3495.92
3475.24
3467.04
3504.5
3524.78
3481.42
3452.71
3478.89
3497.45
3487.16
3474.23
3451.15
3431.33
3424.13
3417.97
3415.88
3414.5
3416
3416.34
3412.05
3407.1
3399.51
3387.44
3356.87
3333.51
3340.3
3339.59
3307.13
3281.35
3284.24
3282.93
3263.35
3247.58
3248.58
3244.22
3215.95
3189.86
3173.68
3155.19
3126.11
3097.88
3073.5
3049.61
3028.03
3006.14
2982.77
2961.05
2947.37
2928.87
2886.81
2849.47
2835.59
2821.2
2804.32
2786.7
2765.32
2745.28
2732.2
2715.45
2679.49
2647.39
2635.9
2622.28
2597.1
2572.37
2550.09
2528.48
2510.6
2493.2
2478.51
2465.27
2460.38
2454.59
2443.61
2429.79
2399.22
2371.81
2363.41
2354.98
2346.29
2336.22
2317.54
2299.9
2288.91
2277.24
2261.16
2247.45
2249.35
2250
2242.3
2233.24
2214.86
2199.43
2204.43
2208.62
2207.23
2205.74
2203.64
2200.35
2188.37
2177.63
2176.23
2174.99
2174.89
2175.66
2183.15
2189.7
2188.8
2189.25
2200.54
2210.54
2210.05
2207.6
2188.92
2171.92
2169.22
2167.27
2171.87
2175.97
2175.67
2174.75
2168.15
2163.49
2176.78
2188.51
2185.52
2183
2185.2
2186.79
2182.29
2177.71
2172.21
2166.96
2164.27
2161.64
2159.74
2157.77
2154.97
2150.16
2122.58
2095.66
2076.28
2056.06
2025.78
1998.3
2004.89
2009.11
1983.44
1958.65
1945.36
1932.52
1925.63
1917.89
1898.51
1879.68
1868.69
1857.52
1843.73
1830.03
1817.65
1805.16
1791.07
1777.54
1773.15
1768.33
1756.34
1744.22
1729.73
1715.04
1696.66
1678.48
1664.2
1649.49
1626.41
1603.81
1590.92
1577.65
1556.17
1534.71
1513.63
1492.95
1481.76
1469.89
1440.82
1412.21
1396.03
1379.68
1358.6
1337.83
1326.34
1314.42
1288.64
1263.07
1244.49
1226.13
1215.84
1204.85
1166.19
1128.2
1119.31
1110.17
1089.29
1068.6
1057.81
1046.95
1031.76
1016.62
1004.23
991.737
971.157
950.67
938.682
926.683
913.496
900.166
866.199
832.303
812.622
792.898
758.431
723.958
682.099
640.24
