-47.7768
3.57285
54.9225
62.3816
69.7743
65.1209
60.4255
66.8584
73.352
71.4167
69.4187
67.1237
64.826
65.9853
67.1841
69.0729
70.9711
68.7372
66.4395
68.2655
70.1636
65.8884
61.4927
62.3779
63.3769
64.864
66.3625
66.3026
66.2027
65.6168
65.0173
67.2312
69.529
69.6968
69.7967
67.9642
66.0661
63.8787
61.6808
64.3906
67.2877
65.3833
63.2854
65.2125
67.3105
67.4956
67.5955
66.741
65.8419
68.6574
71.6545
66.9523
61.8573
63.592
65.6899
63.7174
61.5196
62.2502
63.1493
65.7453
68.4426
65.6837
62.5867
64.7469
67.2445
69.9294
72.6268
69.0605
65.0644
63.4006
61.9021
60.5897
59.291
62.4515
65.948
65.3657
64.4665
65.0475
65.7468
66.6308
67.5299
67.2315
66.8319
64.6858
62.3881
65.1352
68.332
65.1219
61.3256
62.0046
63.1036
63.3823
63.5821
63.7819
63.9817
64.6352
65.3345
66.1244
66.9236
66.2772
65.4779
66.2114
67.1105
67.8297
68.529
68.4205
68.2206
69.3644
70.6631
68.2975
65.5002
65.7351
66.3345
68.0017
69.7999
72.8412
76.0381
78.1718
80.1699
79.6928
78.8936
76.154
73.1569
78.0803
84.0744
84.0097
83.1106
86.5921
90.6881
91.3748
91.5746
91.1639
90.6644
97.5621
105.554
110.681
115.376
115.393
114.694
115.551
116.65
120.163
124.06
126.837
129.435
132.976
136.673
136.429
135.53
143.348
152.639
158.689
164.184
166.446
168.144
175.359
183.551
189.796
195.69
198.458
200.656
207.827
215.919
222.077
227.871
232.911
237.806
238.516
238.416
244.663
252.155
258.482
264.576
272.498
280.79
290.574
300.664
309.596
318.288
326.567
334.759
345.338
356.427
363.328
369.322
382.281
396.766
418.2
441.178
454.207
464.996
474.565
483.856
511.569
543.537
555.348
562.441
580.194
600.475
616.887
632.372
648.5
664.784
684.355
704.735
715.198
723.19
741.793
763.073
787.058
811.734
822.357
829.35
845.451
863.933
873.093
879.786
900.191
924.268
955.105
987.773
1002.48
1012.27
1033.48
1057.86
1070.06
1078.86
1104.3
1134.47
1158.35
1180.43
1198.1
1214.48
1239.28
1266.56
1290.6
1313.67
1329.45
1343.04
1357.93
1373.21
1391.1
1409.78
1425.26
1439.74
1440.99
1438.1
1463.8
1498.57
1508.21
1509.81
1524.09
1542.47
1545.95
1544.55
1562.37
1586.55
1600.76
1611.65
1626.42
1642.51
1666.04
1692.12
1719.6
1747.58
1771.84
1794.82
1828.51
1865.98
1902.11
1937.78
1969.47
1999.75
2039.69
2083.15
2112.2
2135.98
2178.94
2228.99
2272.57
2313.73
2355.25
2396.91
2442.91
2490.56
2548.67
2610.81
2659.21
2702.27
2763.69
2832.33
2875.2
2907.87
2957.23
3013.28
3058.72
3099.88
3155.02
3215.86
3267.93
3316.38
3359.25
3399.81
3441.57
3483.83
3526.86
3570.22
3617.22
3665.77
3718.16
3772.21
3816.58
3856.74
3902.66
3951.11
4010.71
4075.25
4126.6
4172.06
4221.09
4271.74
4319.37
4365.63
4427.89
4497.52
4580.67
4670.08
4730.98
4778.54
4848.95
4930.17
5003.61
5073.35
5128.44
5176.49
5237.93
5305.86
5357.91
5402.16
5441.4
5478.17
5522.33
5570.18
5611.46
5649.42
5686.32
5722.69
5757.2
5790.77
5809.45
5820.44
5841.47
5867.75
5866.06
5849.67
5861.04
5887.12
5895.09
5893.39
5895.01
5898.4
5891.77
5879.68
5872.88
5868.99
5861.68
5852.49
5859.14
5874.62
5885.12
5892.81
5907.13
5925.22
5932.94
5934.74
5932.11
5926.91
5935.61
5952.39
5990.89
6042.14
6067.41
6077.3
6128.48
6204.3
6252.5
6284.07
6320.74
6360.5
6416.5
6482.43
6537.8
6586.66
6662.79
6755.9
6819.6
6864.86
6925.9
6996.93
7072.84
7151.86
7215.87
7270.22
7320.32
7367.68
7395.04
7409.32
7426.56
7445.74
7443.92
7428.13
7431.85
7448.63
7453.61
7450.61
7471.15
7507.71
7505.96
7477.88
7471.71
7480.7
7488.93
7496.62
7509.71
7526.59
7545.93
7567.01
7595.49
7629.25
7642.88
7641.98
7638.19
7632.29
7651.13
7688.1
7707.19
7713.08
7714.28
7711.98
7733.37
7772.53
7804.93
7832.2
7833.17
7814.09
7833.02
7881.18
7926.46
7969.52
7969.78
7936.61
7948.16
7994.91
8018.83
8024.62
8023.48
8016.79
8011.59
8007.59
8006.41
8007.5
8020.41
8042.99
8056.92
8063.71
8062.93
8055.83
8072.32
8108.59
8131.26
8142.45
8153.53
8164.52
8178.2
8194.18
8198.01
8191.32
8208.74
8247.2
8264.83
8264.13
8273.07
8290.55
8307.51
8323.99
8339.42
8353.91
8370.28
8388.36
8411.97
8440.65
8422.33
8360.69
8358.45
8411.39
8442.36
8452.75
8458.52
8459.92
8459.01
8455.91
8459.3
8468.89
8485.28
8508.26
8545.61
8596.96
8635.56
8661.63
8687.15
8712.13
8721.3
8714.7
8740.6
8799.14
8845.67
8880.04
8918.26
8960.42
9019.22
9095.15
9145.18
9168.35
9218.06
9295.48
9348.29
9375.16
9432.47
9522.08
9607.25
9687.67
9753.67
9804.12
9869.94
9952.46
10017.3
10062.7
10118.3
10184.9
10235.3
10267.5
10301.2
10336.5
10376.7
10422.6
10458.4
10482.9
10509.7
10539.2
10544.7
10522.4
10495.5
10463.4
10450.8
10461.3
10462.6
10453.2
10435.9
10409.3
10384.3
10361.2
10362.4
10392.8
10397.4
10370.2
10356.2
10358.4
10352.1
10335.2
10328.9
10336
10318
10268.4
10248.2
10265.3
10278.5
10286.6
10307.6
10345.3
10366.9
10367.6
10390
10441
10483.7
10515.7
10559.6
10619.3
10667.9
10701.6
10746.6
10807.1
10841.2
10839.3
10851.1
10881.9
10890.8
10869.2
10861.3
10872.7
10859.8
10812.7
10787.5
10793.5
10770.5
10706.1
10669.8
10674.3
10654.5
10599.1
10541.5
10480.4
10412.8
10335.2
10279.9
10257.9
10221.2
10162.7
10097
10020.5
9938.14
9846.83
9775.93
9736.57
9703.42
9679.94
9633.92
9552.5
9492.55
9466.57
9446.06
9434.27
9424.09
9416.5
9426.38
9464.65
9496.01
9516.09
9536.7
9558.18
9599.94
9675.47
9758.27
9853.28
9918.94
9934.92
9966.4
10024.3
10086
10154.2
10213.6
10258
10315
10394.2
10466
10524.5
10579.7
10629
10679.8
10733.4
10796.7
10877.4
10958.1
11038.9
11119.6
11200.3
11284.3
11374.6
11445.8
11481.3
11519.7
11563.3
11614.1
11678.3
11742.2
11805.3
11868.1
11930.3
11983
12017.4
12032.9
12011.4
12016.3
12073.9
12103.8
12077.9
12067.8
12089.6
12092
12055
12042.1
12079.4
12089.3
12042
11996.2
11953.3
11927.4
11937.2
11942.3
11937.1
11922.6
11888
11859.4
11844.1
11828.4
11812
11764.1
11646.7
11545.9
11481.9
11409.9
11319.6
11230.8
11145.6
11053.8
10946.9
10853.9
10793.2
10725
10639.4
10565.8
10520.6
10478.6
10443.9
10426.2
10449.5
10472.1
10493.2
10501
10476.1
10471.6
10517.7
10565.3
10617.1
10668.1
10717
10765.1
10811.1
10879.1
11004.1
11120.4
11214.1
11315.3
11436.3
11548.3
11636.6
11736.3
11866.2
11993.4
12112.9
12228.1
12331.7
12428.5
12506.7
12583.7
12657.6
12736.3
12828.4
12913.8
12980.3
13038.5
13073.2
13105.5
13130.9
13150
13150.8
13147
13129.6
13113.6
13101.7
13086.6
13061.7
13042.6
13041.2
13028.1
12978.7
12934.8
12908.4
12883
12860.8
12828.1
12762.3
12690.3
12598.4
12512.1
12444
12383.7
12349.1
12309.9
12255.9
12199.4
12134.4
12081.8
12071.3
12052.2
12003.1
11960.3
11939
11913.4
11872.4
11842.4
11851.5
11843.1
11771.3
11714.9
11714.7
11712.6
11703
11693.8
11686.2
11674.1
11644.8
11619.7
11610.5
11592.1
11538.1
11488.9
11458.8
11430.8
11411.2
11393.5
11384.3
11367.3
11319.2
11279.7
11276.2
11268.4
11242.8
11210.2
11148.2
11093.2
11067.7
11041.9
11014.6
10971.1
10856.2
10759.7
10745.1
10726.8
10691.3
10648.5
10572.2
10499.2
10442
10381.9
10308.7
10227.8
10110
10004.5
9958.68
9902.92
9798.62
9698.49
9619.07
9533.97
9420.28
9316.3
9261.96
9204.32
9129.59
9054.96
8980.83
8903.63
8810.02
8728.66
8713.68
8688.72
8608.9
8534.89
8493.33
8446.79
8372.07
8303.9
8273.53
8242.87
8210.5
8177.03
8136.97
8096.62
8054.56
8010.78
7956.44
7905.25
7873.78
7838.47
7778.83
7725.09
7709.41
7689.08
7638.33
7591.89
7574.21
7554.21
7518.44
7482.98
7449.61
7420.8
7423.99
7422.71
7389.34
7360.35
7363.25
7367.4
7380.89
7391.06
7376.18
7365.14
7383.82
7392.87
7326.03
7271.26
7313.32
7350.03
7342.93
7337.79
7348.98
7361.36
7383.83
7400.96
7371.38
7346.12
7359.21
7370.24
7362.55
7355.59
7355.49
7357.61
7380.89
7402.33
7405.93
7408.63
7402.33
7393.71
7361.34
7331.45
7327.45
7320.96
7287.69
7253.4
7207.85
7163.2
7128.84
7093.68
7049.32
7004.21
6950.06
6896.3
6847.35
6797.94
6742.69
6688.93
6654.47
6618.67
6565.02
6512.25
6471.59
6430.98
6391.12
6350.61
6300.56
6250.93
6207.67
6164.59
6124.33
6083.01
6024.36
5967.2
5935.03
5901.01
5834.48
5769.55
5733.99
5696.32
5618.69
5542.78
5500.82
5457
5374.48
5293.3
5241.25
5188.14
5110.81
5033.74
4962.61
4891.96
4833.52
4774.15
4690.03
4607.2
4560.54
4513.18
4444.75
4375.94
4295.12
4214.76
4150.02
4085.56
4031.32
3977.1
3924.15
3871.04
3810.8
3750.82
3703.27
3655.56
3599.92
3544.26
3488.22
3432.28
3383.43
3334.45
3276.01
3217.58
3160.54
3103.46
3042.22
2980.62
2867.13
2753.71
2654.01
2554.23
2428.25
2302.28
2183.5
2064.71
