-3.78049
39.4771
82.7347
92.9746
103.165
101.806
100.407
96.4256
92.4295
97.854
103.349
101.618
99.8203
100.294
100.793
102.574
104.373
104.597
104.796
102.64
100.442
98.6362
96.8379
96.5066
96.2069
98.4447
100.742
102.553
104.351
101.095
97.6983
97.503
97.4031
98.5618
99.7606
96.1285
92.3322
94.4177
96.7155
97.7622
98.7613
98.896
98.9959
99.575
100.174
100.774
101.373
99.8729
98.2744
96.3902
94.4921
97.7268
101.223
101.59
101.789
100.664
99.4652
95.6214
91.6253
91.0229
90.6233
87.7778
84.7807
86.4775
88.4756
95.1577
102.151
98.3931
93.8975
94.3463
95.1455
97.5273
100.025
99.1781
98.0792
98.8343
99.7334
97.9498
95.9518
94.2307
92.5323
89.8207
87.0235
92.0394
97.7339
95.6317
92.8344
96.2611
100.257
98.2253
95.6279
94.6709
93.8716
95.4369
97.2352
97.2185
97.0187
98.5393
100.238
100.219
100.019
95.9429
91.4473
93.6989
96.6959
100.501
104.397
105.248
105.747
106.426
107.125
110.054
113.25
112.888
112.089
114.93
118.227
121.966
125.763
126.553
126.953
126.03
124.931
129.728
135.323
139.161
142.757
144.602
146.2
149.459
152.956
159.069
165.563
172.057
178.55
180.355
181.454
187.318
193.911
196.788
199.086
205.264
212.058
212.914
212.814
222.844
234.533
242.11
249.003
260.511
272.799
276.305
278.303
285.916
294.507
308.191
322.777
330.673
337.367
349.213
362.001
369.478
375.972
389.361
404.047
416.719
429.007
439.202
448.993
463.376
478.661
487.031
494.024
507.5
522.286
531.433
539.425
557.261
577.141
602.881
629.855
644.068
655.556
678.133
703.108
731.279
760.151
786.489
812.264
843.339
875.607
895.104
911.687
945.557
983.42
1009.3
1032.38
1066.84
1104.01
1138.27
1171.84
1200.42
1227.79
1266.07
1307.03
1334.55
1358.73
1394
1432.06
1461.61
1488.98
1518.97
1549.64
1584.67
1620.83
1653.68
1685.65
1720.3
1755.66
1790.08
1824.25
1853.71
1881.88
1920.15
1961.21
2003.59
2046.35
2085.14
2122.8
2152.08
2178.95
2220.39
2266.04
2304.9
2341.76
2382.33
2423.98
2445.97
2462.06
2507.88
2562.73
2601.67
2635.74
2672.62
2710.39
2727.84
2738.93
2761.78
2788.35
2803.43
2814.81
2823.49
2831.28
2852.47
2878.05
2908.28
2940.04
2960.95
2978.24
3025.1
3081.94
3126.64
3167.2
3204.2
3239.96
3280.77
3323.33
3385.32
3454.15
3499.99
3537.65
3611.04
3697.26
3771.08
3840.42
3910.04
3979.77
4056.36
4135.48
4214.17
4292.69
4366.28
4438.01
4514.52
4592.84
4678.38
4766.69
4859.9
4955
5056.93
5161.52
5252.67
5338.48
5439.71
5547.11
5617.85
5673.8
5768.57
5879.16
5974.6
6063.81
6141.45
6214.28
6291.4
6370.33
6433.53
6490.07
6584.62
6695.41
6774.59
6840.12
6929.32
7028.82
7109.73
7182.46
7274.7
7375.6
7485.2
7598.69
7681.28
7749.91
7842.01
7944.81
8028.11
8102.44
8223.02
8365.08
8502.25
8637.11
8754.68
8864.08
8980.17
9099.45
9217.86
9335.84
9464.65
9598.72
9674.58
9721.94
9796.7
9885.02
9978.06
10073.5
10131.7
10171.3
10242.4
10329.7
10377.1
10404.2
10457.6
10524.6
10569.1
10601.9
10607.9
10599.8
10623.8
10664.7
10661.9
10635.6
10617
10602.7
10612.9
10636.6
10638.2
10627.6
10599.4
10561.6
10573.3
10612.6
10626.5
10626
10646.6
10679.1
10706.7
10731.5
10739
10736.5
10780.9
10852.5
10921.7
10989.6
11045.5
11094.5
11154.8
11221.8
11307.4
11404.2
11509.4
11619.5
11716.7
11805.9
11897.9
11991.6
12144
12332.9
12486.3
12617.4
12731.7
12835.4
12956.4
13088.5
13219.2
13348.9
13421.8
13457.8
13524.2
13610.5
13672.4
13718.3
13729
13716.4
13713.4
13716.7
13740.1
13777.2
13773.8
13743
13742.3
13762.4
13798.5
13845.6
13854.6
13836.9
13874.9
13952.1
14022.4
14087.6
14119
14126.3
14151.4
14189.3
14208.1
14213.1
14219.5
14226.8
14239.1
14254.9
14296.6
14357.8
14423.6
14492.9
14525.8
14531.1
14547.2
14571.4
14632.8
14722.7
14783.2
14820.9
14850.2
14873.1
14881.7
14879.1
14892.2
14917.7
14955.2
15002.3
15017
15005.5
14993.3
14980.4
14997.7
15039.6
15053.7
15044.7
15069.3
15121.8
15175.5
15230
15271.1
15300.9
15318.1
15324.6
15348
15385.8
15403.1
15402.5
15437.9
15504.7
15550.8
15578.7
15593.2
15595.9
15623.6
15673.5
15739
15818.4
15860.8
15869.6
15894.1
15932.9
15932.4
15895.5
15872.9
15863.5
15886.2
15939
15956.1
15939.6
15950.8
15988.4
16041.1
16108.3
16159.8
16195.9
16228.8
16258.3
16324.4
16426.2
16514.8
16590.4
16652.3
16700.3
16763.2
16841
16915
16985.2
17059.8
17139
17218.9
17299.4
17395.6
17508
17675.7
17901.3
18055.8
18135.5
18258.8
18428.4
18564.3
18664.2
18791.9
18949.6
19098.9
19239
19370.5
19492.8
19616.8
19742.7
19849.3
19934.5
20012.9
20083.7
20158.4
20237.7
20313.8
20386.3
20426.7
20430.3
20432.1
20432
20439.4
20455.5
20457.2
20441.9
20407.3
20349.9
20294.1
20240.2
20235.7
20290.5
20317.3
20310
20284.3
20236
20206.1
20198.8
20195.8
20198
20172.1
20111.2
20097.2
20142.6
20139.6
20075.1
20044.2
20056.6
20099.7
20182.7
20245
20280.6
20351.1
20467.6
20546.8
20576.4
20645.8
20768
20863.9
20924.3
21015.2
21147.8
21185.1
21092
21063.9
21125.4
21157.6
21149.1
21140.1
21130.3
21087.1
20996.7
20919.2
20859.9
20786.8
20693.7
20620.4
20576
20493.6
20356.1
20220.1
20086.4
19948.6
19804.5
19682.8
19594.6
19476.2
19312.3
19148.1
18983.7
18822.2
18665.3
18513.4
18369.3
18254.6
18185.6
18091.4
17957.9
17826.5
17698.5
17620
17620.6
17596.5
17532.7
17517.6
17581.8
17617.2
17605.5
17624.9
17695.7
17776.5
17874
17961.8
18033.5
18099.9
18157.4
18234.6
18345.7
18466.2
18603
18728.5
18834.5
18902.5
18903.9
18934.4
19016.5
19114
19239
19348.5
19429.8
19528.7
19659.5
19779.9
19881.5
19984.6
20090.5
20202.3
20325
20437.1
20529.5
20614
20683.4
20757.6
20841
20919.9
20990.6
21068.7
21161.6
21231.8
21257.7
21297.2
21363.2
21417.3
21447.7
21470.9
21479.7
21487.8
21494.4
21478.4
21416.4
21373.6
21370.6
21348.8
21287.8
21231.9
21187.1
21152.8
21140.9
21125.4
21102.4
21096.6
21128
21125.9
21050.7
20952.4
20803.5
20671.1
20575.5
20477
20372
20247.7
20079.9
19914.6
19755.2
19601.9
19462.7
19324.7
19189.4
19055.7
18925.4
18809.3
18726.9
18647.5
18575.4
18530.6
18551.6
18556.7
18522.9
18506.2
18531.8
18581.3
18690.4
18789.3
18862.8
18939.5
19024.7
19137.6
19321
19493.2
19636.6
19784.1
19942.3
20113.4
20318.1
20510.1
20668.3
20835.4
21026.3
21234.7
21490.3
21718.2
21870.2
22033.6
22228.6
22411.9
22562.4
22708
22839.5
22968.3
23089.4
23188.9
23226
23281.2
23389.3
23475.5
23497
23508.4
23489.6
23471.3
23455.2
23417.7
23315.8
23238.7
23237.7
23226.2
23182.1
23121.9
23011.9
22906.1
22814
22717.1
22605
22493.6
22384.5
22288.6
22235.5
22174.8
22088.6
22004.7
21928.5
21860.2
21818.4
21762.4
21658.1
21570.5
21540.6
21497
21405.3
21318.8
21250.9
21195
21182.2
21162.9
21120.2
21068
20981.5
20909.8
20893.2
20872.9
20839.1
20810.6
20801.8
20789.3
20762.5
20737.1
20717.2
20686.3
20612.1
20538.3
20466.4
20417.7
20462.3
20480.6
20391
20303.1
20221.6
20156.1
20157.7
20136.7
20020.1
19923.3
19911
19889.2
19826.5
19757.8
19663.1
19570.4
19486.7
19400.7
19304.3
19208.4
19115
19006.5
18827.8
18655.8
18515.5
18377.7
18251.2
18116
17939.1
17761.6
17581.2
17413.2
17306.9
17188.8
17011.3
16841.9
16714.5
16591.4
16491.3
16383.3
16233.6
16096.5
16026.3
15941.7
15779.1
15630.4
15557.6
15482
15391.1
15301.3
15217.6
15134.1
15051.3
14970.1
14898.5
14818.8
14691.5
14574.4
14519.7
14463.1
14395.2
14325.8
14246.6
14173.4
14138
14098.4
14031.8
13963.8
13887.1
13814.2
13766.4
13713.8
13628
13550.7
13532.5
13517.1
13521.1
13522.5
13505.5
13486.7
13454.1
13422.2
13395.6
13373.1
13382.6
13394
13420.2
13439.8
13408
13380.8
13389.6
13398.3
13406.7
13411.8
13389
13364.4
13324.1
13287.8
13285.7
13287.5
13324
13357.5
13362.4
13370.5
13409
13445
13458.1
13469.7
13466.2
13459.3
13418.3
13379.8
13366.4
13355.7
13373.2
13382.3
13302
13221.3
13136.3
13051.3
12966.3
12883
12820.1
12755.1
12665.7
12576.3
12487.2
12398
12308.8
12218.2
12109.9
12003.6
11923.5
11843.8
11770.2
11696.8
11627.4
11557.2
11476.3
11396
11325.4
11254.2
11174.9
11094
10986.5
10880.7
10804
10725
10606.3
10489.2
10400.5
10312.2
10233
10152
10035.4
9918.62
9797.64
9676.25
9545.98
9416.73
9310.84
9203.12
9051.97
8901.92
8779.54
8657.45
8543.16
8428.75
8310.87
8192.4
8056.54
7920.9
7792.62
7665.04
7561.04
7456.54
7333.36
7210.69
7108.19
7005.79
6907.99
6810.35
6720.74
6630.92
6530.02
6428.89
6314.2
6200.03
6120.51
6040.67
5936.67
5832.47
5709.69
5587.07
5482.38
5377.09
5187.48
4997.73
4780.94
4564.19
4358.99
4153.8
3954.29
3754.79
