34.333500
37.664002
38.234777
39.182174
44.375990
38.317221
43.010422
39.136514
38.523905
38.534673
42.259797
42.088592
42.305819
42.054026
39.978830
42.392677
43.020262
47.042618
43.915733
42.180694
51.017529
47.592335
49.630293
51.631530
52.151080
58.034276
55.017039
52.717331
55.247574
58.175841
60.540853
62.038231
60.828713
59.232269
61.709440
58.531600
65.872623
71.037482
68.882311
65.211714
69.163232
70.835548
72.065186
75.139621
73.532745
72.250990
74.392633
74.975963
76.788526
81.008981
80.323964
79.740608
85.811131
97.712203
93.212606
94.515776
100.363396
109.929060
120.686179
128.910115
134.249218
141.350898
151.292175
164.580180
182.828105
202.327759
221.399197
244.569440
271.504623
298.421677
327.517921
359.624023
401.621056
434.306195
475.579703
524.168549
569.687825
624.324299
685.903353
738.900002
797.739678
870.314000
923.863996
984.047985
1065.142448
1127.273534
1196.785959
1263.547387
1339.973835
1401.921992
1471.547951
1522.586780
1562.782782
1601.986761
1640.595639
1665.300902
1688.558456
1722.865658
1743.477500
1757.983534
1776.709153
1800.710714
1807.104774
1820.862857
1821.295714
1803.004746
1821.810977
1830.047368
1827.717406
1834.244859
1841.812669
1846.239962
1848.368158
1836.852632
1814.064511
1812.533929
1825.353955
1809.751090
1800.600000
1798.640639
1808.389323
1819.837608
1794.849944
1808.358214
1792.503459
1772.360885
1763.734624
1742.773910
1714.370000
1681.111579
1644.589906
1617.163120
1573.086478
1552.436955
1530.275970
1520.828120
1475.388590
1476.878305
1466.557632
1447.779342
1449.698102
1427.127815
1429.059624
1430.503553
1419.002354
1418.988684
1418.133390
1403.073872
1405.938136
1416.684962
1412.773271
1420.413628
1423.872180
1405.850734
1374.314436
1369.731278
1343.947820
1329.065593
1300.824211
1270.990376
1255.100772
1245.446842
1223.743070
1189.034286
1159.991898
1141.591447
1128.132857
1100.711090
1086.144831
1069.053691
1055.847895
1060.544041
1056.457462
1048.035235
1029.152218
1019.846353
1020.550508
1020.027368
1019.405669
1019.436579
1019.788233
1026.291429
1022.395602
1008.016184
994.872519
979.994102
959.590397
940.670767
920.277071
883.152825
863.172771
849.852248
852.192579
834.652092
809.908209
798.956075
785.357237
774.278201
762.454377
748.235038
732.388543
712.162983
688.805053
653.951339
616.152836
576.481203
540.275891
520.523976
499.553724
483.958605
461.890102
433.296038
418.179173
408.791932
392.389064
386.013534
374.670274
376.269077
368.309836
369.080606
372.494060
373.118252
382.514429
395.791876
396.378158
423.259000
456.226051
484.725316
536.171071
603.932305
672.036233
770.342881
890.677224
1024.414678
1188.980451
1360.528380
1529.431992
1712.778195
1933.327175
2149.660752
2348.948421
2534.484737
2739.461469
2949.198647
3129.603534
3286.162806
3467.367312
3681.791864
3839.370677
4009.615556
4250.658421
4472.910451
4710.836090
4920.748308
5186.499153
5422.265414
5643.063139
5894.977105
6149.484689
6411.256241
6682.888421
6926.092034
7144.398797
7403.635612
7712.327763
7975.136817
8145.788008
8382.043816
8622.521222
8834.860000
8977.537514
9205.950508
9339.952637
9472.496579
9620.080377
9754.134981
9834.662331
9879.168195
9944.402669
10001.064972
10001.266917
10015.812782
10057.452068
10102.097744
10136.885714
10056.699060
10015.577213
9990.600000
9869.188383
9801.591447
9684.220000
9594.356090
9487.341241
9359.868832
9266.060677
9197.395443
9143.006353
9090.027820
9102.028927
9101.067049
9140.262632
9264.783571
9359.265763
9515.228383
9588.186692
9728.781053
9853.715921
10029.336654
10240.857519
10403.894915
10555.053383
10711.251036
10834.102256
10957.527068
11069.058380
11188.522180
11250.201128
11303.355827
11315.452542
11311.570677
11330.683835
11295.678947
11232.152632
11190.023352
11131.040414
11025.246893
10948.746617
10881.671751
10770.155263
10680.614286
10592.858945
10476.235526
10451.248496
10387.994737
10325.990584
10261.399060
10202.100376
10155.597368
10147.564474
10117.936158
10081.629323
10028.171940
10001.867650
9963.639435
9887.810714
9847.692951
9821.774068
9775.790677
9727.743635
9705.433929
9642.376290
9567.918947
9516.859379
9462.412763
9386.673684
9325.123390
9253.149492
9181.695198
9098.529211
8964.180904
8825.896673
8717.199699
8610.830977
8510.845075
8303.017514
8197.886880
8096.211695
7939.074248
7869.518380
7742.831579
7641.162763
7541.644972
7457.922143
7362.157627
7251.230789
7149.140847
7056.834662
6964.427650
6878.568609
6806.747970
6751.964444
6731.756485
6665.253233
6585.672782
6534.238588
6466.638553
6416.696579
6388.004294
6371.828778
6364.103898
6355.528271
6337.253559
6332.065263
6341.477932
6351.641015
6372.814004
6391.060603
6377.555113
6327.212331
6323.455424
6337.133947
6318.022632
6298.274737
6280.291186
6310.059549
6345.316898
6323.886842
6278.239925
6274.124286
6283.493008
6258.090942
6191.901429
6094.810113
6021.056523
5935.005714
5865.537552
5762.663214
5688.041842
5636.883158
5567.771017
5436.422707
5341.364398
5320.984586
5274.885827
5196.966309
5127.764887
5068.467250
4985.007519
4882.701751
4822.312406
4740.395771
4643.145763
4520.383383
4374.843684
4316.183684
4211.614991
4116.243158
3993.971748
3894.626353
3789.732481
3672.368079
3562.940846
3469.591582
3387.992406
3297.963051
3191.953477
3114.216992
3039.135254
2935.886316
2891.131751
