49.834963
48.766088
50.403547
53.770226
49.460956
49.724538
50.983480
58.102987
57.828122
59.652917
60.879417
61.667622
65.773232
69.736688
73.294108
78.113486
79.636653
82.364713
76.531679
82.627138
88.057860
90.362441
99.844987
101.200000
100.595712
104.706214
109.518485
111.773152
114.047602
118.513220
121.721812
123.739124
127.756816
129.733610
133.621712
133.821737
141.097218
144.309195
151.598895
158.499071
157.869038
161.464509
161.002429
166.530383
172.542665
172.742565
176.987737
181.483115
177.760737
183.918183
191.896789
192.132158
199.631610
205.811015
216.145885
222.319216
230.363714
242.449015
254.025532
267.274992
282.359541
301.247119
320.129278
339.500286
362.991263
381.690851
395.529592
419.380496
448.901441
473.388632
505.151819
514.988639
545.465147
580.175380
610.580071
634.881902
672.552068
713.987531
755.144376
792.912812
826.649723
866.631816
909.566474
954.832192
993.779819
1028.245639
1079.281955
1139.314906
1180.201015
1215.991203
1261.696823
1294.699153
1310.750526
1347.393220
1378.856523
1396.150827
1416.835593
1439.271447
1457.969286
1458.655038
1460.931525
1481.543214
1476.010113
1483.189962
1481.655357
1475.263597
1473.682030
1464.840902
1459.988647
1461.515650
1469.361955
1467.859944
1461.993158
1457.648421
1454.123308
1464.016805
1457.900508
1472.471053
1479.864068
1477.953308
1479.442857
1484.206196
1506.628966
1533.066090
1534.326391
1546.609134
1549.811147
1537.777669
1521.191579
1505.617105
1494.965706
1483.008609
1462.735574
1443.955188
1424.695424
1411.857970
1405.202914
1398.091017
1387.709511
1383.051165
1375.657444
1373.336648
1364.594361
1371.124868
1364.320904
1356.629211
1367.997966
1373.628759
1386.322881
1374.997444
1379.786353
1382.868778
1365.445150
1355.375405
1371.930075
1355.885263
1336.895038
1331.617458
1314.102387
1306.578308
1303.095574
1286.789605
1261.625480
1252.762857
1264.679192
1251.051861
1237.649286
1229.588195
1219.957575
1197.549058
1178.257519
1183.714417
1163.401241
1158.841864
1166.402744
1166.650226
1154.508983
1149.053684
1153.813503
1152.338195
1142.440677
1132.748571
1128.695244
1135.843214
1132.308271
1118.235876
1100.417914
1113.325263
1102.915564
1099.468139
1120.555526
1112.880301
1101.113158
1092.808684
1093.858362
1094.384248
1085.658534
1084.651598
1069.589171
1065.505714
1066.594154
1057.578399
1055.462594
1020.878814
990.958258
961.401143
945.636757
913.036162
888.461158
876.447816
848.947859
824.965833
813.780534
790.994654
774.389148
758.742568
757.928331
745.018606
733.175047
743.251680
741.196466
749.852852
753.830881
769.820297
799.105763
823.952500
849.740156
879.705526
919.536857
973.230759
1029.179812
1090.546271
1156.375564
1211.367288
1281.921429
1338.620075
1392.934549
1490.792143
1571.645461
1644.591635
1715.443158
1763.742632
1820.834350
1880.126241
1929.713947
1978.516215
2030.667049
2091.819379
2142.710376
2184.684444
2281.852481
2346.846090
2421.138158
2500.223102
2598.906271
2693.844135
2789.809718
2883.495526
2961.378757
3044.599662
3155.338271
3265.638305
3341.729774
3410.580621
3510.114079
3605.726554
3672.135902
3784.420771
3844.854098
3908.159699
3999.524011
4056.370000
4114.623202
4170.661316
4217.008663
4239.881335
4262.171729
4296.148496
4310.175470
4305.435650
4330.532444
4355.236936
4310.513252
4317.445564
4313.517143
4293.569192
4258.776422
4239.948571
4220.999455
4164.959868
4122.060000
4049.615714
4000.432331
3984.458814
3933.832444
3867.835876
3836.979699
3801.646391
3789.369096
3802.093008
3829.058553
3846.628534
3885.304181
3922.744850
3955.978045
3994.786842
4059.332237
4151.496316
4198.468271
4252.745763
4313.718853
4376.712260
4445.040075
4440.776579
4500.279040
4542.378496
4556.617143
4565.848308
4567.197966
4565.638045
4587.780545
4574.239868
4520.920263
4482.878267
4448.614906
4419.051676
4387.534586
4354.488418
4316.884117
4273.054962
4251.140942
4180.515733
4187.090207
4110.837594
4070.903540
4057.682914
4040.178233
4009.815263
3950.006053
3961.623296
3965.185414
3915.515217
3897.888233
3904.893974
3888.098008
3872.423083
3859.475932
3832.217218
3807.005687
3794.069286
3752.427420
3733.368045
3700.029887
3693.179342
3637.166316
3598.391695
3570.407425
3522.262806
3470.417068
3439.074143
3419.230301
3363.746241
3276.620827
3237.155865
3194.110000
3148.496391
3109.008588
3055.288308
3005.860904
2972.151053
2912.255658
2860.134218
2821.225263
2769.391864
2736.478252
2703.396271
2669.440376
2646.228195
2626.136917
2614.287632
2558.533748
2513.633008
2508.242406
2486.102030
2465.328927
2425.425658
2441.646316
2411.934181
2396.477331
2384.628211
2372.774962
2371.282147
2376.646692
2388.231466
2390.714850
2368.301560
2351.671224
2355.441654
2408.356485
2372.255932
2348.960338
2340.873684
2352.046053
2358.991525
2340.784135
2340.187707
2344.514323
2357.858383
2349.220714
2327.419398
2324.858757
2309.732857
2266.131186
2242.200075
2212.544286
2184.398418
2137.827462
2107.128947
2078.122632
2003.578023
2007.412989
1989.663947
1976.306579
1952.291692
1911.998512
1878.531053
1852.799228
1819.418233
1785.873861
1764.344361
1735.136128
1721.700339
1682.627519
1631.336842
1562.073947
1529.453691
1497.550263
1480.532030
1425.101034
1382.352105
1347.936215
1319.698026
1278.212881
1224.479023
1197.971186
1180.211184
1136.529398
1105.541864
1112.255902
1050.791864
