87.039979
91.899333
92.406730
90.333089
97.924173
95.720831
92.694746
99.416338
96.332302
93.073516
96.501064
97.464656
97.349287
102.250706
105.748820
104.951701
106.659263
105.357658
105.354707
110.206442
112.505546
117.471865
118.350337
117.094664
118.159763
116.377207
122.632267
121.983541
121.376263
124.018895
124.819440
129.123313
134.487737
135.310254
135.210462
135.984015
139.879902
140.936273
141.199740
142.216214
142.871938
143.870910
152.189143
158.013789
157.674876
159.301780
161.130117
161.093827
164.685658
166.979879
170.106639
173.491197
171.219989
181.605605
194.570185
199.631609
197.418282
213.004098
240.366571
256.110708
272.269259
290.665305
303.746521
326.716835
362.748053
392.442857
427.692432
464.397233
512.644461
553.000447
624.971226
673.240744
742.607746
826.471216
899.555124
980.726906
1066.088816
1151.988588
1244.048797
1347.276748
1467.630113
1595.788684
1707.648120
1818.133271
1936.828814
2072.717218
2198.827481
2328.033214
2431.323496
2552.655451
2673.435677
2776.170339
2858.921053
2939.173635
3010.227726
3086.238759
3161.270377
3201.717500
3228.199643
3274.199549
3320.516328
3348.299643
3360.824586
3382.631504
3399.374286
3408.438908
3418.617143
3449.028947
3451.630470
3449.869266
3456.687406
3457.095263
3460.233816
3471.076316
3469.874737
3457.077876
3436.517910
3427.882594
3432.808136
3437.127820
3424.736917
3447.318776
3448.761711
3444.293195
3405.756541
3382.111544
3353.436353
3328.521729
3287.848421
3230.421316
3174.824331
3102.432782
3056.171996
3028.472744
3004.099058
2935.587594
2899.597237
2890.981638
2874.585226
2835.888139
2823.120789
2820.653522
2810.587519
2815.401034
2814.982655
2790.093158
2773.708305
2779.844323
2772.520508
2754.475338
2750.394154
2755.837820
2738.185564
2720.840245
2708.415526
2676.476015
2630.276015
2606.458192
2585.914981
2541.313346
2499.735706
2457.249605
2406.260697
2369.484286
2336.950282
2287.054774
2242.577857
2220.496917
2173.068271
2147.456836
2119.915414
2086.742500
2078.516335
2051.414444
2031.696353
2015.218026
2012.888814
2030.792105
2034.976573
2013.701259
2005.042820
2011.612180
1993.083440
1971.100320
1954.614135
1939.197853
1891.391128
1856.308308
1830.803647
1781.638609
1746.546711
1712.838120
1682.292632
1641.268026
1612.758079
1586.558609
1540.304605
1512.758402
1487.277702
1455.867293
1432.429756
1381.626704
1322.476842
1281.206102
1207.113233
1142.123985
1084.813578
1019.750056
956.692329
917.785500
874.739831
822.607079
783.263805
753.216662
729.216667
704.746224
693.753936
675.527292
657.902838
659.106348
668.380083
670.089190
678.006068
699.027147
723.226526
763.992500
814.388141
881.949150
974.446357
1085.261203
1231.348496
1422.825424
1634.083346
1909.167966
2205.446391
2525.349153
2868.712425
3253.461316
3652.891394
4056.158816
4439.941053
4824.904211
5220.003503
5606.676692
5982.736992
6344.128832
6692.563891
7049.736535
7396.865564
7773.653333
8134.635658
8533.916541
8979.276504
9397.423515
9813.901356
10305.812782
10805.424248
11249.076316
11756.204896
12233.894361
12712.095489
13208.918644
13657.843609
14116.527872
14561.368797
15022.344633
15500.394361
15961.181767
16381.332895
16802.750376
17159.934463
17522.568045
17850.505085
18171.900000
18433.343503
18660.183835
18874.503759
19037.924060
19150.546992
19256.360452
19341.481579
19362.279135
19385.801128
19440.042105
19412.171429
19343.168609
19321.820716
19275.221429
19207.167105
19065.443421
18906.200000
18682.386466
18477.428759
18321.569303
18126.622556
17927.393785
17837.345113
17791.727820
17715.700565
17727.315038
17837.147744
17976.719549
18072.226742
18293.534023
18546.415789
18754.468421
19006.368421
19319.231955
19626.091729
19911.428814
20226.456391
20544.236158
20824.229323
21112.306579
21332.251601
21511.203008
21718.385714
21827.301692
21870.066102
21926.769173
21782.875752
21816.852632
21821.781579
21662.774388
21496.059398
21379.381168
21244.787218
21087.358192
20924.442293
20745.971429
20591.662900
20442.618421
20280.791353
20138.055639
19924.689454
19795.970489
19803.230451
19671.784211
19601.038158
19477.507910
19375.842857
19375.221281
19356.303759
19249.179661
19145.920677
19090.075564
19013.977966
18954.513534
18871.094915
18703.757143
18642.057815
18556.465038
18440.839171
18334.331579
18224.947368
18101.300565
17950.377256
17780.680979
17577.795489
17357.528060
17154.000564
16971.980451
16755.412030
16471.154135
16260.987571
16005.207519
15809.854802
15498.262406
15354.454802
15047.810526
14842.557895
14627.870998
14430.907895
14233.242373
14018.681015
13857.300000
13692.251128
13546.684962
13468.339662
13309.049624
13149.875141
12927.659398
12913.956391
12752.733835
12645.652542
12520.419737
12465.689474
12340.203955
12269.013722
12239.563277
12237.095489
12219.600942
12202.707519
12198.483835
12211.488722
12261.821241
12263.457439
12192.054887
12176.469173
12163.891337
12156.914662
12180.234211
12169.393421
12178.961017
12199.431579
12224.968797
12241.769925
12240.457895
12210.864286
12174.019925
12147.923917
12095.600000
11964.427684
11775.408459
11652.600000
11542.088512
11401.749812
11206.038158
11034.747368
10828.285122
10740.114098
10579.790977
10409.599624
10297.726504
10215.867797
10098.266165
9917.822448
9737.807519
9626.657778
9509.927970
9292.572613
9097.956102
8982.072406
8818.647895
8633.991974
8415.594407
8240.756429
7986.984586
7756.363835
7552.597444
7365.116893
7171.942350
6958.912712
6756.842519
6583.606083
6418.106729
6244.957669
5993.718870
5818.557989
5678.117627
