115.536211
120.776625
119.452900
116.366474
120.495695
122.792408
126.381085
123.548639
124.916751
128.850959
131.123331
131.708742
136.329338
146.165525
155.557662
158.648734
158.485803
165.995316
168.840722
166.014538
185.463169
183.115556
198.308565
204.189553
205.755040
205.027579
220.587242
226.588814
223.481579
228.317493
238.449263
243.343096
246.627342
255.142034
259.402951
273.248474
278.625742
279.915273
284.865972
290.481929
304.774761
315.077859
321.994000
323.353662
324.651269
332.874872
337.967718
341.147691
351.362487
354.648232
364.298188
378.386321
393.398831
412.819211
432.455490
467.621846
474.436169
496.304812
542.933135
578.659094
625.479410
675.481898
719.041667
776.878195
845.041684
906.974424
993.447397
1099.867519
1189.995819
1290.074812
1411.565198
1539.988346
1661.887627
1790.491184
1945.084511
2118.322895
2276.361579
2465.458343
2668.594511
2880.420357
3103.426949
3307.341579
3520.231880
3729.529568
3959.728983
4174.497744
4421.326034
4614.903515
4820.456654
5023.799398
5232.165019
5386.646441
5518.240827
5665.171808
5800.350489
5920.566053
6031.864294
6116.987237
6181.288929
6244.203534
6302.551243
6302.705000
6330.756165
6359.828872
6351.720000
6351.566064
6401.226992
6369.044662
6372.292895
6391.703164
6389.678195
6383.000000
6390.608553
6402.854737
6399.272932
6385.922256
6380.330584
6365.350564
6404.055254
6369.870019
6413.030451
6430.061582
6446.236071
6427.968966
6416.790301
6392.320151
6340.509605
6247.013308
6142.116842
6059.345132
5963.963936
5835.715414
5745.127382
5670.881635
5573.917589
5575.085865
5519.937143
5489.798983
5499.453835
5488.474229
5429.516692
5363.427100
5328.163459
5315.920959
5307.989284
5319.455263
5320.924915
5305.121034
5351.086102
5355.509699
5320.920282
5308.132613
5298.719699
5247.240169
5175.821729
5162.846241
5142.098872
5037.124746
4944.772293
4873.293684
4795.117382
4720.431579
4657.448230
4600.042857
4545.041278
4477.971692
4410.607143
4342.117331
4293.831598
4263.186742
4222.752932
4208.662481
4187.726128
4177.977307
4174.573759
4129.280639
4100.843390
4127.983684
4111.657966
4077.978177
4111.448008
4090.221128
4072.327801
4024.600263
4016.023684
3962.561243
3884.662387
3829.948797
3794.512594
3770.696034
3711.192556
3663.680376
3592.957895
3535.641842
3507.535706
3467.589398
3411.472425
3375.918534
3363.521620
3299.611429
3240.347406
3165.986761
3046.550602
2923.044407
2807.104887
2712.427444
2585.555631
2445.135508
2352.493684
2261.277895
2165.676535
2084.063008
2024.263008
1978.886316
1916.793045
1884.019887
1864.967707
1843.540584
1834.055677
1824.572863
1823.473910
1842.206353
1859.266384
1894.134211
1952.923684
2049.835000
2172.990734
2319.175188
2517.722857
2766.354023
3050.374361
3413.806780
3846.560677
4350.905593
4835.672857
5380.981657
5932.297350
6544.882180
7147.002957
7799.248289
8376.615263
8931.758421
9449.964011
9957.941128
10434.758647
10881.582863
11380.693045
11871.589831
12317.122556
12858.100000
13444.117293
14053.359774
14710.921053
15400.378571
16018.154049
16622.957895
17313.962218
17950.023684
18572.124294
19281.077068
19946.781955
20580.657627
21287.576692
21972.874765
22652.207707
23272.809981
23925.939098
24548.275940
25104.483835
25591.506767
26142.446328
26609.963346
27060.214689
27474.163158
27733.136723
28028.068421
28310.240602
28416.359398
28455.680075
28537.223164
28548.591353
28543.412594
28617.605075
28540.135338
28509.028571
28535.049812
28486.067608
28323.550000
28068.758647
27707.978947
27382.900000
27052.148872
26683.683083
26357.148399
26098.914662
25881.845009
25729.551880
25629.042105
25539.397740
25764.514662
25870.985902
26131.993609
26318.509793
26729.489098
27153.340602
27589.378947
28018.940789
28510.831955
29066.969925
29560.888701
30036.395113
30499.001695
30913.260902
31377.522368
31649.942185
31778.168045
31943.032331
32208.591541
32281.655932
32162.973684
32148.180639
32097.078947
31978.392105
31782.578531
31515.376504
31214.410358
30994.590226
30836.966667
30621.048120
30359.542105
30095.532768
29842.439286
29688.372556
29527.496992
29334.194727
29107.303195
29030.355263
28910.339474
28821.164474
28728.370998
28543.558647
28395.987006
28317.261278
28250.313183
28143.410526
28029.479699
27988.477966
27839.877444
27637.964030
27632.396429
27490.319397
27384.059774
27136.317702
27063.876316
26816.668421
26561.830508
26290.696617
25999.004708
25686.046241
25347.987947
25016.060338
24649.758647
24234.072932
23909.258835
23575.009605
23145.041729
22782.183051
22485.317105
22183.776836
21937.489474
21640.444737
21420.656874
21153.443609
20879.116949
20573.640038
20355.784746
20159.584962
19921.741729
19736.991917
19524.013158
19321.877024
19103.773120
18918.207519
18731.541353
18552.819774
18416.527632
18295.773684
18300.177401
18240.200940
18189.177024
18150.566917
18177.685499
18217.663534
18213.227820
18209.058647
18261.536654
18368.342938
18297.874436
18223.500752
18191.804520
18198.263910
18237.157895
18217.940789
18243.327119
18346.167669
18319.790977
18303.406391
18299.439850
18209.900000
18113.200752
18005.901507
17815.671429
17640.265537
17429.522932
17165.807143
16930.669303
16674.157519
16368.102632
16157.094737
16034.208286
15777.085714
15599.101128
15368.761654
15157.732707
14967.270998
14770.501504
14554.757627
14307.247180
14054.058569
13810.088722
13602.680451
13304.945763
12981.382707
12685.415789
12338.725000
12048.234840
11803.910150
11447.832895
11135.322932
10849.961654
10519.931073
10210.996241
9925.537288
9651.103835
9414.163427
9157.544887
8897.431880
8677.775009
8508.086015
8282.643785
