102.051684
97.376696
95.547429
93.888626
96.927661
101.346448
98.925719
97.458630
95.752090
97.322314
102.983267
104.264663
102.607301
101.726429
105.612594
113.542463
113.908039
113.781895
112.708293
113.242173
111.917719
115.450308
117.553729
116.494664
120.580638
127.417410
130.941912
127.127889
128.008504
133.537655
135.008060
137.375994
139.330342
134.659627
142.529848
144.428744
142.900576
150.713261
146.101994
151.129286
152.200000
153.651160
156.197000
158.288564
164.445203
169.289842
169.007305
170.987412
174.061303
174.485838
181.598526
181.390594
194.441220
197.125699
210.961795
214.995957
226.654186
238.589429
249.267455
270.167659
285.612917
301.961661
326.603485
352.615353
383.742737
424.584439
463.527417
501.970267
536.215719
585.874577
660.710429
727.864805
785.745113
862.139658
948.377906
1038.398609
1128.039511
1213.946516
1307.179323
1420.063703
1549.238870
1679.963684
1796.681165
1911.475451
2057.455838
2188.853910
2306.427895
2404.680639
2558.838195
2688.596203
2809.136748
2911.265932
2987.080226
3069.119021
3156.025451
3240.844248
3312.709416
3357.223421
3397.944286
3446.536241
3472.665932
3507.300357
3526.048534
3562.245188
3562.799286
3537.703277
3560.232481
3592.909850
3625.505602
3618.963390
3609.266090
3610.308008
3618.005132
3626.210000
3628.837970
3634.498929
3613.064614
3621.742669
3622.607458
3638.522857
3638.126015
3638.587081
3615.148346
3614.068177
3584.605414
3556.150508
3522.543647
3510.222105
3458.893158
3372.627895
3322.942768
3270.727481
3229.490433
3190.227895
3150.807100
3102.879323
3079.071203
3046.325819
3023.373947
3016.954098
2984.021729
2945.715706
2936.833835
2936.639511
2938.714030
2936.751842
2923.476949
2918.057726
2919.137627
2911.259850
2915.092669
2885.201598
2892.005038
2881.171205
2881.782932
2820.982481
2769.351654
2741.457966
2721.416297
2679.951767
2643.504275
2600.584474
2552.305160
2513.891429
2456.779812
2412.219436
2371.092143
2321.274023
2297.131391
2259.169623
2254.947895
2231.605526
2191.624568
2174.934953
2184.995301
2160.182857
2136.373051
2131.319474
2133.945895
2134.344605
2120.818835
2111.468647
2113.908515
2095.787932
2054.255714
2044.448079
2007.802105
1970.104398
1927.237519
1901.726485
1866.590827
1820.379248
1794.409474
1760.288684
1721.041073
1689.612481
1655.456203
1625.410865
1592.510245
1563.712556
1526.128778
1495.131977
1441.593609
1378.020847
1326.897068
1262.587293
1187.780866
1118.036316
1061.399868
1004.417895
950.964627
903.836985
869.067241
847.412038
818.407397
797.917729
764.965511
757.868733
746.615630
735.442704
744.547714
746.485699
758.564774
772.142632
808.464658
851.540250
896.230798
966.564857
1066.041071
1190.301541
1344.804211
1522.869153
1770.115226
2030.840339
2321.038421
2674.569510
3021.250639
3401.669586
3815.975763
4254.140019
4658.010263
5044.430000
5440.903729
5855.702594
6247.545639
6591.695556
6935.023910
7301.599454
7673.506992
8073.345556
8443.926955
8839.336203
9303.509774
9776.665996
10240.530132
10727.394737
11167.681015
11636.143421
12147.929944
12695.768045
13205.092293
13639.377966
14087.719549
14604.025424
15122.238158
15579.642561
16033.509774
16520.257143
16981.672744
17338.613534
17729.148588
18095.237782
18471.499812
18805.802632
19095.915066
19297.434962
19488.737594
19717.197744
19863.995865
19918.537288
19996.078571
19999.935526
20069.546617
20063.032331
20073.442857
20017.971241
19996.490207
19912.735714
19835.640602
19667.497368
19499.300000
19374.181955
19184.682895
18949.907533
18752.801504
18564.278719
18400.908835
18371.366165
18329.755367
18333.557519
18402.452256
18527.223308
18719.692467
18929.030451
19105.299248
19380.978947
19689.789474
20012.800940
20270.145489
20546.042373
20888.296805
21218.043879
21524.607519
21835.316729
22123.494350
22347.639098
22415.771805
22510.815789
22589.052542
22582.954135
22547.378947
22555.065789
22511.560526
22411.078908
22288.479511
22083.394727
21922.248872
21788.833898
21570.506391
21381.657519
21215.027307
21039.995113
20885.961278
20744.727068
20593.618267
20476.696053
20379.130451
20249.784211
20179.871053
20120.691902
20077.369173
20014.927872
19946.532707
19901.798682
19806.625188
19668.103383
19624.418644
19574.084211
19466.289642
19423.914286
19243.520339
19193.033459
19100.992467
18947.514474
18778.857895
18639.703955
18463.383271
18260.739548
18094.480451
17926.626554
17725.312782
17510.112030
17262.329323
16988.837218
16758.277401
16517.677820
16237.598870
16034.020489
15767.526930
15544.121053
15320.882895
15092.516573
14867.503759
14674.666102
14520.745113
14331.486441
14149.651128
13998.480827
13842.516917
13717.425564
13520.377589
13352.065789
13214.283459
13144.745113
12998.985311
12968.663158
12817.518421
12712.244821
12659.156767
12617.663653
12631.430827
12602.261770
12571.426880
12578.896617
12566.507895
12575.332707
12602.890772
12582.300752
12548.980451
12530.208098
12537.415414
12529.147368
12543.722368
12529.866102
12550.082707
12637.815038
12660.925564
12642.991729
12591.407143
12538.784586
12504.958192
12419.514286
12286.596610
12155.626504
11988.642857
11882.108098
11679.202444
11546.761842
11376.526316
11233.087006
11038.554699
10886.281955
10692.139850
10600.464662
10494.385876
10346.696992
10198.680791
10021.470620
9877.320151
9746.644436
9540.225940
9442.146441
9242.721955
9020.772632
8886.590526
8688.905066
8399.429925
8176.516410
7990.316128
7799.380301
7566.463898
7349.884173
7157.798588
6956.500075
6753.804463
6549.483195
6365.688947
6199.336930
6035.657218
5902.649831
