8.608678
10.695125
8.619915
4.065938
7.759475
6.932111
9.167045
7.403595
6.800000
7.197935
8.606192
8.206987
6.139825
5.084172
6.822574
9.576901
9.847898
9.946822
8.907684
5.279099
7.270467
10.680980
17.112819
10.331890
8.751070
10.466952
9.677378
9.602677
8.660341
10.456276
14.007961
14.308643
13.972084
10.861573
13.902937
13.605804
11.766502
12.717027
13.536637
14.785943
12.482327
13.106544
16.396100
17.195317
12.879253
11.341189
14.215979
16.837860
19.643009
19.751909
16.443535
17.051238
19.505523
15.391257
19.407982
20.985689
14.818149
21.729229
26.212398
25.854259
22.781344
22.442222
27.164545
30.963220
32.035884
36.660802
42.293859
46.447086
49.175012
50.005348
52.832715
55.604086
62.906431
63.096070
71.977741
77.802365
84.586193
93.227784
100.801994
112.150509
124.423791
127.919053
132.773508
143.977342
152.915582
168.900985
170.132568
181.753786
182.145474
196.121410
208.364605
213.157881
212.850489
217.169503
220.075789
220.405816
222.867791
227.286632
231.184893
230.939609
235.260746
236.899643
240.572154
236.063560
236.480286
235.885000
232.319211
235.634053
235.860573
229.594073
237.302158
240.053709
230.464105
229.077000
231.746549
229.045102
226.244911
219.665053
222.814949
222.950321
222.294805
222.309638
226.832120
224.650184
226.124233
222.714998
217.880086
216.615436
213.421684
207.844671
201.342936
194.424019
196.309056
188.930391
182.669137
180.641083
173.662329
172.485271
173.431632
174.697194
169.872857
168.134648
171.256248
167.908774
165.561508
166.310079
164.452102
166.299404
169.109169
165.255872
165.309639
159.148541
162.369729
157.591090
155.492329
155.790015
154.625278
150.822701
148.628767
149.714150
145.789985
141.753566
140.637629
138.612429
139.015838
135.567064
129.898929
124.785966
123.250701
130.740746
129.581805
122.538096
113.918442
117.038979
121.695992
119.562400
115.518712
114.591211
111.486006
112.245070
117.130756
109.426094
116.134628
112.376201
106.773338
109.544898
109.147893
103.965259
102.983263
98.671941
94.378981
97.586883
94.509858
91.962191
91.717490
92.013584
93.081453
91.201733
93.181150
85.764893
87.360599
84.550719
80.642423
76.427724
72.510372
68.459080
73.857229
69.635411
63.446128
60.600521
59.800000
59.539574
60.396522
61.586548
59.244035
56.429947
52.195277
52.350209
52.654646
53.956379
53.080565
51.274343
52.995900
58.554465
57.237076
56.455825
59.304372
65.667532
70.881046
73.478049
81.551705
91.471756
98.951371
112.251576
128.400632
139.438171
153.119818
164.621135
179.738416
206.499118
213.630118
221.992105
239.395949
260.619699
275.943410
285.787625
298.616596
307.889292
318.483113
335.392667
345.838541
365.164500
384.412211
388.737560
416.989412
427.231120
455.179645
474.481645
487.151655
501.848346
515.856727
529.878881
549.030105
571.201580
587.971992
606.751546
605.648199
622.127436
637.427581
642.647714
655.103870
676.822707
674.985642
670.293053
685.108623
697.172891
704.391353
710.300549
711.275045
706.894960
697.611192
698.406765
697.438115
699.465714
692.638143
689.409852
698.141684
679.841643
667.517038
668.592026
664.795000
648.214135
633.494415
628.517987
621.895974
613.078802
613.312083
611.094797
607.302090
614.181092
616.586261
609.202665
618.137682
634.582981
646.935932
647.298263
657.713158
669.073081
681.390094
686.493989
689.183167
697.128331
706.541857
718.214229
719.486633
735.447444
732.127575
731.994132
732.889322
728.715436
726.744797
724.576526
716.899895
712.710316
703.620947
697.920023
691.308549
682.694260
675.366556
663.618726
661.878401
659.512015
651.390038
638.042023
639.891000
632.043036
629.957553
631.112184
620.023303
624.623331
627.252038
616.432480
609.803524
615.005817
608.190481
592.114494
602.714932
603.747263
588.786970
578.654929
596.011017
590.238887
599.615942
578.575908
570.329895
565.995836
557.240870
552.357795
544.956981
529.229802
522.286340
518.048556
501.602654
504.536182
498.993949
480.819868
488.673192
471.652353
478.269563
455.497316
448.264711
447.015753
445.107361
441.250763
435.211543
425.324966
417.999075
415.461372
411.964483
404.584414
391.620610
396.094115
383.827797
376.157113
384.532492
390.708382
369.166237
374.803719
364.899276
371.454618
373.517699
380.556625
383.334592
373.753714
369.961030
367.739177
363.140765
358.065684
365.750724
364.009763
367.359226
363.470921
369.516579
367.713644
371.479985
370.063179
364.435951
366.303895
363.508429
358.205325
359.354539
353.665143
341.453198
342.460019
345.133786
340.027525
327.337201
326.199921
313.543947
309.450864
307.115289
304.464929
303.145297
298.088887
291.354092
287.251195
282.570081
272.796244
263.265714
260.110451
253.647915
251.032695
243.435564
240.698421
241.492408
230.481119
230.841203
219.321425
209.304150
206.950955
202.758989
197.564139
190.943565
183.367669
177.320548
169.290274
165.140609
159.327416
161.469017
151.569311
