94.687353
95.072132
99.027643
95.497838
101.671847
103.648483
106.505186
104.646947
101.972921
102.924320
107.900992
111.576411
109.219408
111.860192
119.044692
120.080593
125.449816
127.273500
131.512718
133.093752
140.667083
147.522970
148.550337
157.573382
157.182695
163.067782
164.985021
167.839991
169.886699
170.937655
175.779135
179.889499
181.250579
188.130356
196.508088
201.815526
201.556512
207.494464
213.156520
214.816214
220.507036
233.323308
232.673429
230.200000
233.249581
236.574032
247.983684
259.614068
258.400132
266.511094
273.066316
281.439791
290.355627
305.814459
315.750079
343.558182
365.927279
377.117278
406.306596
439.131944
473.658763
512.760644
551.367974
596.108414
657.029421
723.134540
786.060254
861.008380
968.363827
1069.838872
1154.374068
1266.375564
1385.809887
1519.495583
1628.138910
1777.847406
1945.714041
2123.389774
2294.059248
2473.487613
2678.384972
2873.152895
3051.706617
3237.874417
3446.557627
3641.966842
3875.898722
4084.904361
4288.524549
4480.406090
4636.679211
4815.724407
4945.870376
5065.064896
5168.714361
5272.353496
5368.658117
5424.625658
5489.889286
5558.811654
5590.415932
5620.671786
5645.946391
5668.514850
5681.910714
5709.193578
5713.056165
5714.647368
5706.822782
5731.966836
5746.961579
5743.506805
5724.136316
5700.070526
5700.668195
5701.598083
5699.757006
5666.112406
5694.687458
5711.153797
5721.197970
5695.159605
5678.691316
5671.937368
5690.515977
5659.142618
5591.445244
5525.017368
5427.752105
5320.820921
5232.693917
5127.811917
5056.472561
4972.113703
4925.415687
4862.579474
4815.915019
4793.241525
4753.259173
4752.876147
4725.071203
4684.559454
4645.865263
4632.380752
4618.501299
4611.940263
4628.439661
4635.065075
4646.514237
4670.720150
4651.140470
4626.633440
4580.219436
4547.206855
4491.851560
4450.821654
4404.570526
4318.182316
4232.765489
4163.106617
4114.551751
4051.811447
3955.191601
3876.851429
3835.053929
3769.651485
3710.598571
3639.968459
3576.623139
3562.926328
3543.840827
3495.132274
3494.995526
3449.397100
3414.286053
3417.497011
3424.381356
3424.005263
3423.277571
3417.919737
3395.990150
3362.730564
3357.175846
3350.149192
3305.816241
3269.297571
3216.502143
3151.780714
3066.182820
3024.914812
2976.964305
2906.627669
2852.838421
2805.752632
2754.814237
2717.614699
2677.068534
2611.882350
2579.196573
2564.066917
2480.321147
2396.894972
2282.979361
2175.783898
2072.296955
1949.294737
1829.284218
1724.285169
1645.858816
1562.540789
1479.902919
1407.952444
1341.565865
1286.229323
1240.601917
1209.966880
1188.842669
1176.273691
1160.306466
1159.476554
1162.380677
1176.869436
1206.168983
1234.561090
1287.806316
1370.822500
1472.081996
1608.010451
1782.481429
2002.544718
2293.376805
2625.148814
3017.155113
3493.623898
4009.139098
4533.228531
5111.098308
5701.007782
6298.381977
6915.768496
7480.328158
8038.040526
8572.444124
9077.843120
9546.508308
9992.134878
10462.392857
10934.246516
11393.006767
11890.122222
12463.647180
13014.648872
13696.453759
14308.199436
14943.307721
15546.670677
16173.366729
16792.136842
17420.232015
18081.532331
18722.865602
19321.023729
19933.427820
20568.111676
21186.957331
21830.643879
22391.611654
22976.188158
23472.926504
24033.857143
24604.053672
24983.445489
25313.737665
25644.092105
25986.354614
26270.654511
26454.378195
26617.047368
26758.989662
26785.657062
26746.257143
26746.988158
26868.277820
26883.875940
26789.685714
26722.650000
26684.877589
26472.528571
26309.468421
26008.792105
25627.200000
25328.267669
24995.741917
24663.217137
24421.091729
24236.390395
24108.421805
24024.935338
24018.062712
24207.043609
24301.267669
24465.774436
24761.424859
25108.694737
25491.995489
25847.326316
26306.289474
26817.250564
27294.292105
27728.336723
28184.307331
28655.282674
29093.881203
29504.265977
29761.135028
29962.538722
30164.936842
30229.184774
30320.584746
30158.712030
30202.210902
30118.369737
29932.436842
29696.267043
29559.947932
29358.010358
29066.900000
28881.877401
28705.265038
28400.747368
28218.267985
28050.262594
27889.393233
27741.927820
27568.385311
27447.661466
27261.635338
27148.363158
27098.771053
27013.393597
26917.357895
26746.933710
26657.422744
26588.990207
26403.160150
26265.873496
26213.159322
26091.861654
26018.552166
25884.407143
25808.341808
25651.115414
25536.216949
25425.493421
25185.926316
24974.002260
24714.395301
24492.459510
24211.843233
23907.756309
23621.207143
23227.336090
22816.560150
22543.490414
22171.311299
21853.066541
21519.938418
21245.255075
21009.127684
20717.052632
20374.756579
20140.893220
19903.045113
19666.549153
19403.012030
19193.920339
19004.412030
18742.883083
18498.996992
18332.234586
18161.909228
17968.534586
17781.112030
17653.406767
17476.551412
17281.010526
17247.910526
17202.171940
17185.681579
17137.645009
17145.106767
17131.850659
17123.097180
17113.765038
17094.778947
17163.515414
17174.329944
17123.531579
17121.584586
17117.433898
17147.856767
17118.426316
17203.576316
17167.576271
17156.454887
17214.457331
17220.722556
17197.457519
17150.035714
17048.999624
16914.978531
16780.485714
16621.193785
16398.277256
16238.585714
15936.294162
15733.200188
15406.877632
15248.984211
15026.781356
14808.064850
14593.773684
14429.311654
14275.949060
14079.032768
13866.129323
13695.533333
13534.511278
13295.814124
13002.954887
12762.462970
12553.694915
12288.766917
11904.484211
11649.601316
11410.577401
11093.774436
10805.150376
10535.581015
10243.177444
9913.547910
9642.918045
9402.745932
9103.727105
8813.499473
8606.003346
8406.584737
8168.928362
7945.871560
7691.452034
