7.666692
10.832368
7.989634
2.223077
-0.132560
1.411269
8.193914
-4.562871
7.237292
3.649500
1.091772
2.166176
4.498613
4.874887
4.625463
8.036765
4.413717
2.534789
-0.184360
5.539797
4.625456
19.742644
-1.974627
13.199236
13.472129
5.115557
2.000000
2.573355
0.331254
0.423125
5.324881
7.874880
6.261033
1.506174
-2.606436
-2.337789
5.140045
5.921222
9.368184
3.223364
8.608862
13.739036
15.798914
9.790450
5.164367
5.573879
8.093367
8.922942
6.920748
9.018450
11.303292
8.214949
4.631024
0.122614
2.568920
5.751614
5.218180
6.968728
8.575896
5.562835
6.479339
7.981899
7.218129
10.866454
10.661347
4.007585
9.910162
1.226026
6.434377
14.921879
4.754968
0.903940
9.855254
8.130482
11.424657
7.928316
11.229064
10.737312
8.852359
9.918608
11.991589
15.641547
13.182952
13.979928
11.989405
6.305667
10.019508
22.245370
17.145040
19.863215
23.383024
23.500658
16.942513
20.450479
16.184859
15.172087
20.833860
17.953451
22.567479
22.799526
24.350351
24.581925
31.630613
34.604225
26.409114
21.859158
22.149246
20.940071
20.667885
26.283884
14.767257
9.825299
16.916109
19.305721
28.003323
29.026790
16.485317
19.916611
24.380107
25.757701
23.669819
25.962338
18.124332
17.979365
20.563216
20.759237
25.039683
29.335689
28.181426
25.959434
29.171197
32.583477
26.067511
22.089779
20.106552
24.793998
22.802288
18.194760
27.728652
19.289684
20.741404
24.281997
23.488377
21.848866
26.598988
27.528484
21.821397
23.681988
25.928915
26.143938
31.974479
23.898917
25.062050
23.526640
27.669514
28.802032
33.182896
25.313099
24.741556
28.230953
22.511141
17.399295
18.239344
17.672086
21.335408
26.882890
20.220221
20.480033
26.665903
26.155805
22.652787
26.648598
25.088128
24.052992
16.586655
19.751857
22.893373
18.748805
21.705208
26.583130
24.286191
30.030773
23.378701
18.401886
14.106105
17.962567
21.620004
26.017786
26.563938
18.739302
19.526316
19.838764
22.237068
25.133457
25.336715
23.672363
21.314762
22.477433
29.188789
29.440358
24.650200
22.923734
19.290897
10.758910
18.609554
25.334356
24.181269
27.258749
25.507704
22.644782
23.684056
22.856123
22.716589
27.287165
23.921163
18.292670
25.587251
23.800498
15.411679
16.578441
19.619369
26.742805
29.073023
32.821979
26.380800
24.815575
27.852154
29.916920
26.904400
21.632526
25.361057
27.971353
21.203423
19.665378
26.264479
35.271052
26.959233
31.578761
39.848527
30.424436
31.773455
37.148000
42.948591
40.240903
32.166397
33.408055
38.580007
39.191452
44.607804
35.756833
25.150858
31.177714
41.487735
43.537451
44.432230
40.462639
44.639392
43.244922
38.290958
45.693220
56.058737
59.540283
58.495837
53.571471
52.196092
47.249093
53.281242
57.971998
64.868132
58.280283
53.299897
64.522755
65.836034
62.688345
59.194601
58.830566
57.902976
63.185561
69.375874
65.795832
67.772725
62.675824
56.082981
64.014711
53.968686
54.131495
57.114947
57.700893
56.671999
59.595350
55.925400
57.961630
63.309930
56.538690
49.210391
54.422110
61.484768
66.271156
54.866439
53.609547
50.538279
53.267731
46.810041
58.667315
53.135860
60.546326
62.899971
63.963582
61.804018
59.300919
62.949040
63.095349
62.022500
69.798858
59.664807
68.829893
78.531732
77.688942
68.960575
68.748597
70.961559
70.882453
66.005366
67.206266
68.488174
66.081570
61.284902
64.218885
65.963389
56.734176
66.191438
61.172770
62.499185
60.910155
76.191677
61.885520
57.804112
58.636995
57.044764
59.070349
60.453680
57.239915
61.443664
70.480143
65.881427
53.528758
53.904442
55.324353
60.470971
65.169811
70.210222
62.571372
56.375733
55.583570
42.877542
47.321889
49.942462
46.279753
51.884883
61.720023
60.686895
48.488501
44.653711
57.432600
49.223337
48.043176
52.252055
43.501554
41.643918
43.099268
54.192466
48.908273
43.864681
40.942681
37.336201
44.196883
43.704886
36.984752
47.688511
48.445617
33.903026
51.095097
38.219350
37.031590
47.216451
44.212811
41.633603
40.259381
35.531736
40.574174
32.483672
30.030518
38.732588
39.571516
31.625319
28.821226
40.663651
42.995099
33.651495
28.522382
40.744079
38.987705
39.511570
25.767885
34.296232
37.079432
38.077591
36.816949
40.077036
38.938156
33.598488
37.660843
39.049341
38.900585
30.271086
36.264964
32.568652
30.934472
41.527916
34.563061
45.486719
28.546007
30.061728
33.168191
29.999313
27.651376
27.236544
30.186976
32.509478
29.407987
25.953541
25.444931
30.114729
25.304589
23.892834
22.706059
29.196861
23.388817
19.478293
24.652383
19.790955
15.847580
14.422724
8.011880
8.219879
15.684061
19.614798
20.408482
16.558420
24.418869
