125.624211
126.666674
130.569600
121.186789
124.336220
141.550380
146.105186
132.009143
140.306874
145.928442
148.450496
153.812652
155.850402
156.924661
163.006654
167.841842
171.959737
184.051921
195.606113
190.918562
203.907714
202.328767
201.824331
224.804462
218.216130
214.955500
220.529241
233.346820
237.417857
236.479972
240.645944
244.041895
250.839842
263.517932
268.518073
276.290737
294.920765
288.758090
291.961844
297.821643
308.712836
315.464509
312.206571
316.451496
327.443515
329.614030
328.793868
329.210510
331.060408
348.606798
357.073880
359.776586
356.672554
378.304526
392.959416
406.860673
427.254693
441.243233
465.312055
490.057819
525.259368
546.557051
564.495447
601.790368
648.559526
695.685141
736.979374
788.028568
818.983379
884.410370
962.883497
1021.826917
1073.955367
1150.483102
1234.499098
1311.720451
1413.531241
1505.131017
1613.397368
1745.841729
1862.043955
1980.028158
2107.736917
2219.204492
2353.904011
2481.653759
2632.611278
2759.575902
2903.726053
3016.640376
3136.371617
3233.116441
3318.665564
3419.275443
3487.725038
3544.976692
3619.542750
3676.448421
3726.347857
3765.455714
3754.755254
3789.005714
3808.604699
3815.129737
3804.918214
3808.965725
3801.264286
3811.643835
3805.547876
3819.817288
3808.256316
3804.518872
3843.197237
3854.031579
3809.006316
3791.182030
3816.471695
3807.682030
3783.842542
3734.170545
3746.453985
3761.864444
3791.256898
3779.929267
3737.739737
3729.248098
3703.967406
3652.232030
3603.445789
3547.949079
3482.228964
3421.400489
3342.401450
3282.175996
3260.279774
3242.322782
3236.985733
3191.756102
3185.338459
3156.120000
3128.758308
3121.400056
3110.560902
3108.648778
3092.682316
3074.321579
3077.026949
3080.724756
3094.985424
3103.964135
3090.679756
3079.397105
3063.203383
3040.200885
3028.545921
3004.184286
2982.714361
2914.198531
2870.817876
2837.014060
2816.162090
2798.252237
2745.316667
2683.290000
2652.501823
2617.862970
2605.041429
2573.348609
2560.997293
2543.050358
2517.142331
2494.386541
2479.841222
2440.517119
2439.937632
2432.326936
2418.179153
2412.616316
2413.213503
2420.574248
2431.362857
2421.071504
2381.740489
2389.052650
2364.095714
2359.618588
2315.173966
2304.990414
2299.002143
2272.687838
2243.719831
2232.029624
2218.596316
2209.357368
2190.346271
2154.219812
2136.798440
2152.866936
2158.830000
2117.527744
2094.198722
2080.331846
2062.010789
2023.781525
1959.916090
1903.789850
1844.440527
1793.581504
1758.642500
1726.367895
1695.354011
1673.021222
1642.608120
1611.862932
1618.977312
1611.635902
1602.859774
1596.843522
1597.084173
1617.761714
1640.415338
1660.057688
1699.259096
1737.330451
1788.939211
1833.610000
1899.797853
1991.272707
2086.021786
2204.049586
2335.968346
2443.452881
2638.789492
2834.319661
3078.701729
3319.591412
3586.209041
3897.078797
4192.557797
4506.331598
4838.667368
5184.348421
5494.607684
5816.146861
6122.251992
6412.692411
6755.726034
7070.197514
7397.420677
7821.856667
8189.089154
8623.889098
9081.190564
9566.578289
10097.958945
10557.515789
11121.631767
11615.782895
12070.285122
12589.225188
13102.466541
13615.579661
14170.081955
14684.255367
15204.206767
15751.696798
16212.374060
16677.994925
17192.724624
17614.750376
18003.759887
18359.991917
18761.627872
19077.173684
19364.101507
19578.615414
19807.554887
19988.801504
20067.397932
20159.631638
20201.365414
20226.451692
20305.480639
20390.103008
20351.685714
20394.510526
20344.997175
20123.621429
19990.905075
19835.788158
19612.900000
19369.690977
19164.272744
18964.744256
18747.030451
18542.125424
18378.304323
18306.542857
18314.580226
18416.051880
18476.236090
18648.270677
18828.227684
18989.609962
19337.042105
19631.394737
19933.603947
20247.484398
20536.220677
20894.151412
21256.167105
21538.554614
21851.866165
22162.915977
22287.003390
22433.818797
22657.845113
22698.405639
22772.447458
22763.168421
22689.322180
22596.623684
22540.239474
22434.142561
22295.201128
22082.014501
21858.693233
21715.400000
21535.776880
21294.645865
21199.861582
21065.577256
20959.578008
20773.943609
20589.458004
20508.797932
20370.787218
20282.510526
20222.942105
20170.378908
20041.118797
20010.776648
19977.432519
19879.153861
19780.557143
19680.655639
19616.308475
19473.319549
19376.110546
19353.285714
19212.242185
19116.668797
18999.517891
18891.180263
18716.194737
18610.544068
18443.154887
18223.065348
17985.912782
17751.352166
17509.296992
17247.306767
17024.953383
16803.811466
16448.958757
16286.557519
16022.136723
15698.495113
15469.581733
15274.452632
15061.377632
14861.674765
14689.771805
14474.733898
14298.060526
14154.181356
13982.217293
13766.022556
13588.508647
13527.916917
13375.784934
13180.914286
13041.336842
12934.660150
12793.218079
12721.853947
12661.510526
12565.613371
12507.121805
12487.682298
12490.502256
12437.064972
12436.247180
12450.100376
12412.456391
12442.527444
12421.419586
12404.634586
12413.787406
12427.868173
12392.977444
12305.526316
12343.252632
12366.559322
12414.649624
12422.844361
12408.144549
12387.544737
12305.714286
12225.959211
12169.395669
12069.100000
11952.638983
11780.446053
11634.157143
11448.832015
11309.998496
11176.819737
11020.705263
10859.821657
10659.603759
10548.224812
10432.860526
10298.393233
10155.169680
10018.370677
9899.011356
9739.207350
9537.325367
9397.098759
9220.844474
9055.827797
8847.894887
8676.470526
8418.954342
8218.624350
8013.003684
7801.974756
7560.292425
7392.858120
7212.171017
6989.915508
6761.150226
6542.275564
6359.152542
6199.821071
6018.533083
5839.702279
5723.816654
5558.927571
