58.560458
53.305125
53.707267
55.772239
57.228100
60.098058
58.371063
63.020347
71.205130
67.167682
63.196885
64.101483
71.946549
78.610746
81.134243
84.764756
84.163280
92.948963
95.612900
88.971579
111.414925
119.271414
117.194217
117.126293
127.170571
121.370846
125.520793
134.786654
135.222977
147.958021
162.095733
152.334503
149.714895
157.140729
162.164500
157.859398
169.791917
166.366261
174.855723
187.659429
194.992887
197.416205
207.386286
205.427391
198.386169
207.711051
217.629124
212.732296
213.470197
220.518006
220.113992
221.243335
233.933650
246.594218
249.649620
270.413679
281.127019
285.071368
303.365900
314.819136
327.250429
342.938034
363.876312
386.191579
404.878000
434.249068
462.158474
471.698925
506.303797
530.238607
563.601808
595.301617
614.462638
647.163536
678.217008
711.757756
754.680701
795.276092
832.622985
881.480556
926.387904
963.937789
1025.054774
1066.546128
1125.186704
1191.541203
1224.649699
1265.770639
1318.900000
1361.320338
1426.131278
1452.592881
1483.530902
1525.928870
1541.977650
1559.264925
1583.643635
1598.250526
1626.790000
1627.700677
1626.304689
1620.793929
1622.834211
1637.285526
1631.476429
1617.375800
1615.707895
1621.981955
1631.969530
1612.645141
1615.682594
1619.848402
1614.353947
1617.761053
1612.377068
1614.324079
1615.141789
1629.663083
1641.770000
1649.793083
1644.741880
1657.703239
1656.527218
1683.469699
1706.563722
1699.275066
1677.881410
1646.592481
1630.212105
1623.317237
1607.674049
1606.814925
1586.574331
1543.988759
1543.198286
1525.191353
1511.275038
1500.403220
1512.834887
1519.999925
1522.900940
1514.857891
1508.766541
1497.568703
1499.596008
1500.050000
1495.826949
1508.506748
1504.907288
1514.520451
1518.641147
1517.224117
1516.293421
1491.187476
1485.112556
1492.185639
1452.199173
1453.096610
1451.745414
1442.124586
1423.376648
1407.309737
1395.430791
1380.570000
1375.060263
1368.263778
1365.054286
1348.701767
1328.480602
1342.844520
1330.110752
1314.350000
1307.089474
1295.466949
1300.362068
1303.741316
1302.206102
1300.611053
1304.809944
1309.836579
1305.516504
1299.892256
1297.248722
1307.476391
1309.310526
1294.722655
1297.246147
1276.932519
1279.862180
1270.040602
1291.997256
1285.134887
1279.521579
1276.833816
1283.184633
1298.369549
1294.834267
1287.163759
1297.129962
1299.572932
1310.675169
1290.921450
1258.000376
1239.171525
1226.325508
1198.772707
1187.264652
1165.091748
1142.194079
1126.646316
1104.174520
1092.952707
1089.652406
1073.191053
1068.769023
1054.149060
1069.878835
1057.451337
1069.750789
1068.911846
1073.308722
1088.702218
1100.094689
1117.288308
1133.431316
1159.560000
1193.771846
1221.547820
1257.672500
1310.327669
1357.028308
1409.291186
1471.775263
1531.388814
1588.596842
1670.757514
1750.778647
1822.714098
1925.678079
1992.042782
2071.047763
2153.024211
2247.978814
2337.438158
2402.030865
2472.781431
2549.316880
2596.825235
2679.194586
2811.386667
2947.788853
3040.866015
3179.893083
3312.022030
3434.948945
3586.798421
3734.803402
3859.505000
3977.913220
4116.057594
4270.093853
4418.433898
4558.610376
4704.155122
4849.910752
4968.767382
5106.890226
5272.671429
5367.156372
5484.095038
5646.035593
5745.467312
5812.819868
5876.186842
5928.442561
6007.157782
6045.210301
6065.530526
6107.630526
6115.932542
6127.378045
6144.335301
6112.563665
6110.233835
6107.380000
6096.626504
6072.069718
6030.935714
6005.841504
5938.546974
5845.190000
5756.084812
5689.923816
5606.939492
5518.168008
5479.714934
5462.885038
5449.071278
5481.256554
5456.090620
5516.948966
5530.781617
5605.864350
5684.026917
5748.612331
5834.195789
5958.225658
6039.119023
6114.063120
6204.741073
6308.865865
6417.895480
6512.198421
6591.148177
6624.490075
6686.156278
6735.592744
6783.453120
6776.430847
6758.119925
6716.113853
6680.530000
6681.006316
6614.338060
6564.776485
6504.432147
6458.768496
6442.519774
6374.824248
6293.537030
6282.592429
6272.875357
6181.783496
6144.483008
6116.000188
6060.918102
6031.624286
6020.524737
5996.059079
5979.222731
5928.825865
5892.761582
5893.635470
5874.949755
5845.188195
5832.694962
5791.035085
5742.304511
5681.407684
5673.210000
5682.075273
5638.899624
5579.738173
5574.706053
5533.974737
5451.914633
5415.534267
5362.810678
5279.789662
5205.369680
5126.942350
5027.148421
4940.408872
4883.927650
4798.831638
4749.188985
4686.212825
4603.530620
4531.388117
4480.099474
4421.228421
4362.119379
4335.604135
4292.061525
4210.353628
4149.111695
4099.775414
4053.335827
4022.855695
3959.486203
3894.202448
3830.811917
3806.605414
3777.316767
3751.390678
3696.383421
3667.488947
3684.438117
3665.780977
3658.762787
3661.652632
3667.934878
3682.729004
3683.511466
3673.603195
3666.650677
3642.267853
3662.311053
3645.538158
3629.389812
3630.977406
3663.755263
3651.949342
3683.096271
3678.550752
3662.472105
3621.635658
3618.566729
3621.112143
3601.282838
3573.584482
3518.708571
3466.397966
3447.904944
3363.952143
3337.822203
3287.667538
3265.429474
3199.956842
3170.100433
3118.703102
3060.059436
3016.846955
2980.176936
2959.524463
2921.235113
2853.768456
2791.771898
2744.951977
2710.794737
2669.307876
2607.171356
2525.936992
2479.369474
2389.425921
2327.628889
2273.277293
2253.354192
2183.733158
2116.781504
2072.718757
1999.401560
1920.465593
1873.564436
1830.265537
1781.233966
1731.718872
1681.065273
1632.719060
1583.793446
