72.059716
75.585163
72.614532
81.315503
71.401885
78.150647
73.927773
75.980846
75.641649
71.618540
71.729929
75.060617
74.486865
74.188376
81.659671
87.877690
86.393055
86.190932
79.104450
77.384143
68.015150
84.707855
79.284298
87.010168
76.309965
75.672767
81.767786
90.362822
86.999033
78.062296
78.160095
86.924605
94.591176
86.846453
85.136249
95.791916
97.216905
94.452275
101.955840
95.745679
98.491156
90.453924
103.776486
109.901759
104.261045
107.571153
107.941474
104.948128
115.616961
117.396371
119.237030
116.698271
119.294718
120.076598
130.993793
129.399169
137.636676
138.842805
148.498445
164.893535
182.626410
198.017475
215.366382
233.244444
251.382368
269.127512
279.973506
316.359778
340.986985
380.803421
424.276395
462.342602
511.927785
561.834336
616.121004
679.313207
731.216492
787.198793
868.067880
952.113742
1013.715367
1087.620526
1199.135714
1288.501917
1374.922655
1461.297218
1547.238665
1631.261842
1719.314323
1784.558158
1879.009680
1938.766949
2018.198797
2093.718324
2131.620094
2173.329737
2238.273145
2285.190658
2305.454286
2324.146241
2342.669040
2374.876071
2399.851015
2403.807105
2406.319643
2424.701394
2443.074586
2430.497293
2425.871241
2420.870791
2426.525827
2434.691992
2429.131842
2432.681579
2449.746391
2443.655526
2444.657458
2444.364474
2434.966949
2430.324323
2430.515865
2429.296365
2423.355771
2407.426071
2388.218308
2405.836629
2390.550207
2356.388797
2334.550526
2303.948158
2268.728249
2228.882519
2158.130960
2142.383891
2116.827966
2079.205789
2059.090169
2028.514237
2008.201767
1985.642105
1963.408929
1973.732354
1958.691880
1941.793609
1945.686158
1940.508684
1922.995932
1922.709981
1933.321525
1932.927444
1924.290583
1925.671128
1943.248271
1912.852109
1887.352970
1868.620301
1844.826316
1829.956045
1794.008985
1761.788534
1742.206535
1712.842105
1674.104576
1642.328571
1615.240357
1593.219474
1571.144286
1523.058534
1489.677086
1466.257778
1460.866090
1429.891880
1422.515921
1405.611977
1384.645376
1376.003872
1369.579153
1363.427368
1352.269812
1347.647763
1361.843083
1360.631241
1347.777876
1342.447669
1335.842105
1305.471412
1288.728571
1267.718534
1237.478759
1190.375902
1153.645489
1121.478045
1084.201579
1069.541711
1052.662147
1005.391297
975.983515
975.205647
939.242075
929.277466
904.731603
881.754915
829.144902
786.046339
745.442041
704.669248
645.391957
599.200955
562.984645
525.279368
494.034701
465.834765
440.415692
428.333692
411.946342
381.151017
367.712485
355.283974
348.492043
349.729452
345.818571
347.444754
362.850328
378.699248
383.976053
403.053000
443.872876
489.276383
541.734250
620.682316
723.887286
845.193424
1006.831626
1193.771525
1368.403910
1618.445744
1855.643722
2129.311504
2400.618945
2702.930733
3013.536842
3285.365263
3556.920847
3819.344737
4065.870940
4307.000245
4546.357707
4798.487156
5027.474286
5285.306667
5531.800846
5761.117594
6082.030451
6388.724605
6672.961186
7017.479098
7317.491335
7655.011447
7993.622486
8333.813421
8679.730414
8973.319492
9240.276466
9557.840942
9864.186711
10138.055179
10489.441353
10747.050376
11031.205075
11270.042857
11545.730508
11780.486466
12010.085122
12222.565789
12415.399812
12544.668233
12675.221805
12827.857895
12889.606955
12877.964972
12931.760902
12964.023308
13015.235902
13059.709774
13064.928571
12963.115038
12917.430132
12908.785714
12819.268985
12730.386842
12623.500000
12485.343609
12404.347932
12308.543691
12157.096617
12053.848588
11972.222556
11855.775188
11882.925424
11877.904135
11951.201128
11981.628947
12079.952354
12241.509211
12385.014286
12536.242105
12724.027632
12922.939474
13118.383835
13281.795480
13464.286842
13667.455932
13879.859398
14149.710902
14282.457439
14376.095113
14417.196992
14532.502444
14599.200000
14579.558647
14572.550940
14528.397368
14515.215789
14454.290584
14377.113346
14297.416384
14179.566917
14051.025989
13959.524812
13877.518421
13760.861959
13651.764662
13563.866165
13436.136090
13342.332957
13311.897744
13229.205263
13169.389474
13075.800000
13002.410734
12946.668421
12959.816761
12991.355827
12929.019209
12811.537218
12753.188910
12715.688136
12634.848872
12654.145951
12542.232143
12476.465913
12416.536842
12351.767420
12302.684211
12205.931579
12125.315254
11977.704887
11863.757250
11792.239098
11683.735970
11526.918421
11358.351880
11184.102256
10986.107519
10845.597175
10703.203383
10525.398305
10374.040038
10255.914501
10097.473684
9970.616447
9821.721695
9692.511128
9554.393220
9409.307444
9300.705085
9197.715564
9059.578571
8921.737086
8835.886429
8790.912750
8675.019737
8563.981805
8483.343233
8459.011299
8390.389474
8299.330000
8269.077024
8247.718402
8211.906629
8166.529248
8145.705669
8166.934455
8182.213947
8161.845075
8147.910094
8140.359831
8096.481203
8107.650771
8117.277740
8114.419098
8098.617368
8051.921053
8116.962034
8128.271053
8085.761823
8064.471861
8089.708647
8118.416429
8099.895883
8058.963390
8027.078571
7965.124407
7872.474774
7753.620714
7662.196215
7537.818853
7448.497500
7357.723158
7251.385009
7127.974173
7047.446579
6977.474474
6877.419417
6806.890621
6729.963609
6620.412486
6519.012462
6427.362938
6341.956579
6201.803252
6078.319492
5972.225789
5875.874211
5734.816842
5619.931337
5454.784962
5311.317876
5198.733064
5053.736015
4899.423446
4790.290414
4667.911695
4511.765827
4385.735330
4263.449662
4130.722782
4048.461092
3908.782575
3803.349774
