80.393079
77.846649
76.648259
76.505233
77.905451
89.897686
92.890742
88.179627
90.419688
81.718885
91.436197
90.354421
87.175471
88.381428
84.627192
91.174360
93.415674
94.178916
98.675816
100.245861
102.282614
101.648293
110.493650
104.458085
106.727384
118.834624
116.494186
115.496284
118.416120
122.708680
124.299053
123.960126
128.559289
125.414169
131.824209
131.456135
136.398567
131.459335
146.303452
140.637357
144.077928
149.755479
149.003571
159.409767
161.445859
159.701780
161.191523
166.189392
173.761816
167.210326
178.679872
199.240641
201.863452
212.520643
216.841347
232.258410
256.981861
267.148519
293.894665
317.784970
333.261711
366.396305
406.367434
439.065962
484.528474
541.479676
596.083697
665.944135
746.053701
825.088671
895.097695
975.448195
1063.372994
1181.370714
1292.818346
1417.826165
1532.606353
1661.413616
1801.008045
1940.801579
2082.700960
2227.049474
2392.535301
2560.863703
2723.299322
2879.436241
3021.508177
3143.126466
3296.826917
3444.513571
3576.326372
3684.586610
3769.617368
3864.006516
3948.653778
4014.050038
4053.523672
4088.974079
4164.288929
4202.681504
4209.337401
4245.021786
4272.754286
4298.312481
4301.872143
4305.490019
4262.348496
4274.342406
4300.347425
4302.095254
4296.813835
4283.689229
4282.769342
4290.058421
4261.158797
4237.680771
4246.340452
4232.688346
4248.464746
4240.479737
4216.276090
4224.027439
4241.373797
4220.579154
4189.378872
4179.145160
4120.424906
4035.688571
3961.091579
3886.356316
3809.513691
3726.667180
3648.858098
3612.792143
3551.037307
3527.536692
3507.589323
3492.823390
3445.307707
3428.680508
3417.822688
3385.359397
3349.436692
3324.470508
3313.826139
3305.919737
3294.056441
3286.453120
3283.334237
3290.081353
3300.754474
3270.523515
3252.163684
3211.610829
3166.451259
3133.808797
3085.662180
3007.471525
2938.815320
2889.585639
2859.634934
2798.656053
2727.624595
2676.464286
2616.492124
2612.837726
2549.537143
2491.983383
2477.104981
2443.534501
2421.060752
2415.774793
2387.423459
2363.618531
2360.425489
2357.912782
2343.430508
2341.971579
2334.446365
2310.156654
2301.261917
2286.276579
2255.768853
2213.360489
2182.889699
2137.544350
2106.708402
2078.032143
2043.188496
1993.271278
1920.252293
1879.844361
1830.046316
1765.493026
1715.714802
1682.672406
1658.576504
1628.533947
1569.835932
1516.878346
1447.312293
1403.311902
1318.429962
1245.117288
1181.136391
1084.801128
1019.605420
937.819445
872.292289
829.056895
770.831124
721.205380
693.023850
658.968564
642.809209
626.064237
606.187624
604.805009
586.270853
585.680913
584.666985
600.830538
610.709763
638.520534
686.791526
745.714000
826.661597
947.784586
1086.917143
1247.628534
1477.961128
1750.342881
2059.278891
2390.989831
2761.987293
3173.344237
3582.739192
3993.997744
4402.170264
4829.828797
5202.722105
5575.602632
5951.455028
6297.946485
6623.381090
6956.263691
7303.060075
7637.030490
7960.575639
8357.008889
8758.694981
9197.785677
9646.238383
10064.116353
10506.257627
10976.897744
11406.766917
11834.910526
12257.071186
12678.771429
13095.023308
13520.883051
13979.669925
14427.763653
14835.701128
15222.010923
15578.631579
15963.917293
16289.548496
16606.386466
16930.323729
17257.559398
17446.295857
17659.413158
17828.743503
17970.480075
18096.303759
18177.566165
18250.912594
18326.233898
18356.410150
18369.837970
18330.861278
18341.044361
18358.828571
18271.805263
18215.176460
18005.757143
17806.515038
17652.890789
17423.500000
17206.289474
16983.688722
16778.463842
16595.371805
16425.731450
16368.889850
16374.236090
16341.372881
16422.139286
16578.840602
16671.112406
16927.877024
17180.363158
17417.598496
17706.100000
18030.703947
18370.045865
18706.124812
19018.157627
19345.921429
19632.668738
19810.393985
20039.241353
20335.498117
20485.041729
20613.760526
20632.520301
20619.579661
20646.508271
20533.637406
20435.975000
20349.434211
20243.251789
20133.674436
19971.650471
19797.673684
19631.568927
19443.116541
19264.571053
19097.245574
18975.543985
18867.891165
18681.876692
18574.867797
18538.776692
18393.912406
18290.886842
18192.192105
18088.253861
18075.982707
18012.114313
17944.186090
17900.226554
17784.350752
17688.190414
17672.064407
17551.651128
17533.332392
17376.278571
17276.143315
17237.013910
17125.187006
17016.581579
16949.631579
16770.119209
16559.238534
16326.174011
16099.637970
15924.060075
15716.396241
15438.256391
15169.724812
14912.418233
14713.786441
14463.361278
14196.170056
14017.119173
13891.921092
13689.894737
13475.775000
13283.069868
13161.613158
12987.201695
12768.750564
12635.174576
12517.066917
12361.953571
12226.593609
12096.543233
12030.788324
11855.195677
11791.272180
11719.054887
11619.022599
11482.518421
11399.713158
11319.967797
11272.111090
11291.230320
11270.322556
11273.552542
11285.351128
11274.151880
11263.775940
11227.740602
11223.392655
11223.214286
11149.671805
11213.887947
11199.725564
11147.194737
11151.888158
11126.030508
11130.594737
11151.930827
11115.594925
11074.189098
11044.285714
10973.959398
10872.426365
10771.571429
10642.736723
10467.809398
10257.600000
10146.022976
10021.042105
9855.701579
9725.010526
9622.527627
9486.876485
9393.559774
9237.353534
9120.294549
8981.147194
8817.899850
8705.923898
8612.450489
8477.244049
8295.440564
8111.039267
7890.382881
7750.445188
7566.858421
7402.755000
7171.468569
6985.109248
6779.788703
6560.039643
6377.142406
6201.968023
6010.304925
5828.105763
5653.124887
5475.501412
5320.900602
5165.047143
5017.256704
4908.999699
4729.355537
