8.445526
11.633077
9.903369
7.230211
13.605690
10.777501
11.414425
11.756862
9.193783
12.312014
12.711337
11.057724
12.720365
13.737467
12.763653
15.177042
17.463545
17.346211
16.515603
9.760875
15.260116
11.120179
15.134663
14.657959
16.515015
14.699576
16.264572
14.703873
14.452846
13.595939
13.806538
19.006810
17.551805
16.892625
19.758028
14.328722
17.729811
15.409847
15.860305
14.644686
17.389749
18.780664
18.733729
17.753426
16.546576
17.160812
19.162002
18.949380
17.630082
19.230255
19.947979
21.245256
22.384689
25.026171
26.452515
26.730063
22.054518
24.634593
29.703603
30.508902
31.957958
32.678854
35.364545
39.952321
43.448111
48.233479
48.785426
51.414270
54.893839
60.868302
62.370545
69.745486
70.320358
80.923953
89.335833
98.606869
101.956617
112.839397
130.261436
140.107387
141.672955
147.565184
159.707398
164.825083
179.909286
194.305925
198.905590
210.627880
223.641726
225.143534
242.017412
248.239288
252.941850
261.641620
269.406821
274.868571
277.404087
277.202895
278.799464
282.111594
287.649418
291.458250
285.903030
291.809545
300.204643
295.290330
297.280789
295.864361
290.042930
287.843384
290.194887
292.683789
294.511342
296.000000
296.803729
295.879190
290.150292
293.581880
296.985153
290.687615
288.119331
293.970324
294.514508
301.203962
307.326673
298.107697
286.432118
287.701880
285.167632
276.639211
273.960928
270.761102
275.348333
268.965179
262.040699
259.052135
255.828605
249.717757
244.561586
249.838820
245.740188
244.272239
245.333323
250.319489
247.133220
241.633421
243.652102
242.041447
239.170085
240.755165
242.507346
233.865774
233.356789
235.932486
237.823831
235.997737
239.476910
238.266955
229.103224
219.474158
215.590812
215.676474
213.837744
211.416286
210.703910
201.702707
192.674786
195.794158
199.701258
195.646550
190.581902
182.404301
178.652002
180.940169
184.156492
191.092699
193.029441
186.969579
177.190286
173.051436
177.946733
180.301113
182.491404
180.612301
174.036316
184.055706
172.555686
168.471199
164.546560
161.358218
162.292596
162.742098
155.474421
151.238066
149.312989
143.541658
141.655314
146.950853
147.564844
136.364188
127.597652
127.125290
124.550459
118.831186
114.019092
103.808278
102.491851
100.494560
95.261496
88.802182
83.522304
81.573651
79.855597
75.661476
72.336380
68.182289
66.680475
68.034012
68.429216
69.243735
66.314587
67.520754
68.117779
74.453144
73.449097
74.567475
81.745295
88.247638
94.166082
104.838015
118.323974
127.983492
139.820998
167.499847
192.882925
219.997863
231.425068
263.225312
292.161702
313.167630
345.528434
367.374053
388.967751
415.608186
430.036481
439.995471
463.421182
484.673878
501.665383
526.108889
557.920342
568.200643
591.245857
612.489799
633.939699
665.505060
688.927944
702.720079
718.542998
754.479820
785.295064
804.787424
830.888414
851.573838
876.027515
903.141874
908.576425
944.133325
966.253088
966.341248
974.031452
991.458274
996.563062
1026.444211
1042.223861
1052.442951
1055.107218
1051.577970
1055.486128
1055.365254
1053.486203
1066.739492
1061.004192
1061.123233
1057.691429
1044.994624
1052.289322
1044.306429
1044.417707
1022.966842
1004.970000
994.384083
977.597675
964.637260
962.281733
958.983250
954.098118
952.784105
936.601384
943.930350
964.572712
965.582244
972.150928
981.970436
985.360519
1007.834737
1013.696842
1027.373741
1030.909586
1046.862147
1072.623571
1087.204200
1112.099398
1134.474173
1127.847533
1128.335902
1144.122820
1139.748534
1127.906441
1125.384211
1146.952650
1148.252500
1140.258421
1138.020904
1127.212763
1116.844087
1108.654436
1093.770169
1080.316692
1074.700113
1069.153409
1068.283891
1052.373553
1032.380602
1031.436573
1019.451635
1020.981241
1002.080921
996.807000
1009.794369
1000.712820
1004.027561
1004.738816
988.113644
982.715451
980.801453
964.747797
964.680398
964.804079
961.948036
947.886333
956.469259
955.829190
930.185105
917.200263
915.763446
914.138679
906.660808
898.564350
887.716168
872.832850
863.446617
856.955383
840.757684
830.370429
811.380436
799.243452
785.853876
772.350895
771.427579
749.298053
735.547194
712.766154
719.315576
723.042844
706.375475
691.241353
679.876645
662.699457
650.920090
659.393369
643.777261
635.939188
642.765398
627.783068
625.386039
625.495421
615.472326
618.200305
621.944058
624.393301
623.114200
622.133216
622.019150
622.212940
626.010156
623.429832
616.927293
604.222218
605.415250
622.909259
626.105447
622.120263
618.526949
616.348083
610.919199
599.092305
610.341414
620.146857
612.485359
602.525910
598.517286
606.200000
601.078158
579.607714
570.400900
571.952344
555.550816
541.299474
528.585674
524.736006
526.996613
518.128113
505.278496
498.152557
494.485293
491.145426
484.825365
472.741145
462.796669
456.643515
439.262949
433.797669
436.671474
415.832987
400.312685
400.996654
386.374867
382.140660
371.707120
357.802565
350.466575
342.594757
329.713188
317.263650
307.569124
302.706609
295.504925
286.196429
279.502904
