69.204805
68.301837
69.596083
68.794276
74.650597
75.200000
79.426842
71.257437
75.460269
77.734673
83.630993
81.201073
80.137065
83.789936
86.111802
91.753740
91.640242
93.728158
97.165081
103.286648
105.102072
105.574962
105.950337
109.425906
113.372345
116.761568
121.225735
123.314902
126.376263
127.843330
126.670128
128.831450
132.321184
134.888576
139.189415
149.024008
153.388309
156.189006
157.466591
157.600000
161.061925
165.629244
168.863857
177.539511
180.203711
180.425028
182.800000
183.605778
190.212368
200.084810
198.920241
201.716868
213.586333
228.108211
234.271190
258.627647
262.400000
289.204526
306.025532
324.366840
346.505590
380.293932
417.694934
449.687759
489.485684
537.575911
584.240821
642.410259
696.000128
761.524650
836.105994
910.918797
983.788136
1070.942519
1155.297895
1258.877932
1357.007876
1456.551168
1571.951429
1692.692406
1804.936271
1917.035000
2039.810113
2157.902387
2282.119303
2426.573233
2550.256259
2693.778759
2799.869812
2903.203872
3040.196974
3121.255763
3209.539474
3283.593540
3347.694436
3413.423346
3472.527213
3521.963816
3564.776786
3609.019549
3617.916271
3622.717500
3655.272256
3666.408346
3647.288929
3627.772203
3656.464060
3664.470226
3662.988985
3674.218814
3687.944850
3690.654436
3691.447763
3695.729474
3686.391203
3666.862650
3678.597759
3717.153083
3730.013051
3716.305658
3734.901203
3760.093616
3772.670846
3789.012763
3817.857068
3804.108531
3758.120320
3719.939850
3687.592632
3646.825263
3588.002957
3507.902143
3455.077382
3436.446560
3400.314595
3346.398346
3314.938534
3333.783785
3304.571842
3306.125470
3290.830658
3254.486158
3253.082331
3235.497970
3208.023691
3210.080789
3221.226949
3225.721241
3242.483898
3258.752030
3262.540602
3253.819944
3228.242556
3184.258493
3187.545338
3168.675038
3154.288571
3081.808588
3048.417350
2996.570000
2957.031431
2920.002105
2870.506045
2840.172857
2797.245150
2752.759455
2724.203571
2699.789549
2651.710338
2637.414595
2597.774887
2592.794699
2586.866391
2539.164896
2540.931880
2534.901654
2510.129492
2491.001579
2492.978569
2507.696353
2508.923571
2501.159662
2500.568383
2486.677124
2450.393684
2429.731017
2399.631297
2382.001090
2347.149737
2318.948008
2299.116786
2238.179098
2192.964211
2156.831711
2126.183842
2110.349662
2091.785602
2062.665169
2026.445217
2007.812030
1938.135639
1878.821450
1797.885977
1724.802712
1668.508083
1585.828571
1478.930508
1399.983947
1311.063158
1249.052105
1195.004501
1131.600395
1087.261203
1060.969023
1036.495451
1003.674455
983.085726
960.446716
953.318167
949.909104
951.935744
950.405944
976.491119
1002.219308
1039.263684
1088.877500
1171.224802
1271.211729
1388.945000
1551.772895
1747.168684
1969.055763
2235.352650
2547.135254
2872.774586
3177.943013
3532.879323
3903.030677
4266.717947
4643.492237
4969.658553
5276.367368
5558.438644
5828.923910
6100.921278
6331.259868
6536.586090
6791.607928
7032.745865
7294.324444
7570.240244
7867.866090
8176.390150
8525.576767
8874.401695
9190.009850
9499.830639
9817.707105
10109.923239
10445.879699
10780.468045
11053.732203
11325.049624
11632.256497
11959.131767
12253.918832
12554.037218
12809.750000
13045.430639
13241.151880
13467.683616
13702.403571
13862.812241
14029.823684
14207.890395
14342.671617
14427.854135
14440.558647
14432.794361
14458.405085
14447.341729
14465.779511
14465.203947
14522.850376
14537.457143
14490.211466
14327.501507
14233.678571
14129.701128
13989.734211
13850.300000
13670.621053
13451.680827
13259.919774
13133.583083
13021.276836
12892.547932
12847.946617
12906.957627
12985.028383
13068.916541
13170.783083
13297.325989
13474.918985
13668.779699
13848.931579
14051.909211
14299.813158
14560.201504
14804.667232
15039.478571
15251.905085
15403.875940
15535.967857
15722.721281
15825.432707
15948.011278
15992.687406
16006.074576
16054.943609
16032.680451
15975.921053
15931.189474
15852.267985
15750.098120
15621.004708
15478.247368
15364.870621
15265.447368
15108.654887
14923.987006
14849.859023
14728.363910
14678.946617
14631.973823
14521.815977
14448.355263
14397.271053
14350.921053
14268.581544
14198.713534
14141.583239
14091.465038
14083.813559
14052.078195
13921.421805
13806.249153
13776.186466
13751.545951
13642.332143
13603.003955
13563.286466
13487.925800
13439.776316
13325.368421
13172.055932
13091.158835
12972.926177
12782.814286
12605.356309
12444.653195
12256.631579
12080.597744
11946.034211
11729.955367
11508.223308
11339.068927
11206.000752
11036.480226
10879.015789
10759.596053
10580.861205
10431.883083
10313.550847
10171.056579
10050.342373
9939.421654
9801.954305
9693.878102
9617.993609
9486.425782
9321.347406
9223.208571
9126.759248
9059.729661
9069.243158
9057.964737
8963.220659
8951.442970
8941.675650
8907.398571
8875.638531
8878.778853
8889.560188
8868.187594
8855.224680
8879.220395
8896.825188
8880.897274
8857.203333
8815.931654
8872.835000
8875.180789
8880.006102
8849.288120
8857.510714
8885.960301
8860.250150
8802.576429
8734.345639
8690.090245
8665.344286
8570.296102
8461.639793
8305.199286
8214.327928
8059.328346
7977.058421
7864.082632
7778.366365
7652.465489
7535.831278
7413.624098
7328.134135
7252.992015
7147.987068
7038.922881
6964.572105
6879.992655
6716.481767
6582.445808
6488.151525
6329.857669
6203.517368
6043.970658
5914.740075
5742.527895
5602.889643
5435.864850
5296.555038
5173.975254
5002.888139
4832.259379
4710.244737
4585.519473
4447.798609
4334.437368
4232.397853
4105.117086
4011.712090
