73.945163
68.155906
71.572282
69.403854
72.545349
73.886760
74.676317
70.877859
78.776946
81.934673
79.508221
85.266549
87.930333
88.576849
93.995187
94.316238
95.354855
93.739274
99.187997
108.499919
115.307407
124.872699
128.079734
124.810447
125.359763
129.133793
135.548444
140.005273
144.997504
147.604540
151.026079
160.185817
166.791289
171.958915
171.323729
175.115774
178.211089
183.929908
195.823625
195.197714
201.408891
208.135729
210.266286
212.456015
221.096806
222.750156
220.878267
228.075612
234.085184
240.708331
256.528932
266.414209
277.539706
286.590853
309.780949
321.237481
336.309392
365.599526
380.552291
408.223653
432.995447
454.294949
490.460476
535.328165
575.342947
621.692256
681.386474
743.729752
805.667495
871.128062
936.996034
1015.166316
1082.394689
1149.098985
1228.443459
1329.677970
1427.581410
1514.746516
1616.918722
1730.069737
1838.814237
1957.979737
2083.810602
2191.547312
2276.603484
2392.962782
2532.925545
2631.313703
2758.439323
2871.956090
2938.585376
3033.144576
3106.677820
3161.968041
3240.823365
3296.918008
3330.573616
3379.117500
3392.055000
3407.494812
3442.875819
3441.598929
3462.805714
3468.248233
3466.936071
3475.169454
3465.531128
3471.159098
3474.129774
3475.951073
3482.687406
3494.233252
3497.323816
3490.058947
3491.794812
3496.255056
3485.050038
3496.786955
3532.659492
3538.954154
3547.727068
3606.419058
3633.342594
3617.255564
3638.063534
3624.479171
3592.069812
3571.728947
3536.943158
3486.141579
3444.468814
3391.626654
3337.224727
3323.512632
3272.743371
3258.464211
3277.662538
3256.114859
3239.766429
3195.273195
3192.243496
3191.097269
3173.225113
3162.204624
3159.436761
3166.683421
3177.377119
3188.805771
3204.811695
3175.200301
3202.374737
3204.654398
3201.731955
3177.991770
3144.508628
3118.474361
3099.747293
3062.754011
3022.650977
2974.800038
2932.213070
2896.271579
2868.873785
2844.754286
2808.740301
2787.463628
2765.725000
2761.484662
2716.795169
2709.974105
2675.067820
2681.447425
2660.519868
2639.089567
2624.697293
2614.428816
2601.174915
2597.734211
2592.261977
2582.544981
2591.311541
2594.574323
2590.189023
2608.448459
2599.954887
2562.997627
2536.763026
2511.948647
2496.624737
2455.291241
2452.097406
2428.659098
2409.078421
2391.431184
2362.819887
2340.243571
2326.619079
2314.225338
2309.973427
2290.988195
2267.294906
2213.690207
2141.004511
2074.277288
2006.342688
1934.907669
1855.328719
1784.306673
1721.648289
1661.488684
1612.024595
1557.582030
1503.731880
1482.505865
1466.183421
1430.832932
1410.177782
1400.602976
1385.085395
1385.006930
1399.661729
1414.425602
1424.796554
1460.900639
1511.482895
1574.255000
1629.955405
1716.926391
1854.624286
2008.208853
2180.819248
2377.593729
2594.521034
2864.863729
3125.046692
3401.484670
3688.036165
3966.545301
4225.424444
4485.537951
4701.981053
4899.032632
5127.047514
5334.301898
5501.800564
5664.438456
5831.853929
6015.023258
6209.766842
6439.536667
6687.097519
6907.811692
7125.044474
7375.835150
7621.671902
7885.323534
8157.135996
8368.868026
8581.017684
8809.708421
9050.914530
9264.278983
9479.252256
9754.621846
9953.181203
10156.873823
10396.163158
10600.651504
10793.137970
10975.263158
11089.433333
11252.134023
11416.298117
11498.039474
11542.214501
11631.678571
11687.998496
11729.181203
11784.633083
11764.264972
11705.240602
11694.749060
11742.556203
11685.736090
11676.357143
11607.740038
11547.568550
11495.150000
11367.418421
11236.147368
11066.800000
10888.363158
10711.356015
10563.961582
10470.469925
10390.040301
10336.506767
10366.489474
10350.195480
10413.183459
10467.775188
10599.960902
10750.011676
10833.194173
11020.123308
11197.394737
11396.328947
11578.163910
11749.930075
11963.280226
12186.961466
12369.259699
12526.767669
12668.975940
12784.666290
12956.374436
12989.927820
13060.702632
13090.320339
13068.309023
13042.990414
13014.248684
12983.210526
12856.039736
12706.737594
12629.522599
12510.069173
12379.466102
12320.950940
12248.324812
12203.666102
12093.679699
11979.655451
11893.696241
11846.480791
11831.372180
11780.819549
11659.805263
11645.944737
11610.776460
11587.389474
11554.980791
11512.898496
11463.813559
11383.364286
11323.485338
11322.054237
11285.350376
11227.500377
11161.321429
11108.717326
11027.353759
10974.915443
10923.276316
10864.757895
10824.584746
10731.710150
10599.616384
10464.796992
10343.430508
10185.542669
9981.919173
9817.472632
9701.594756
9623.907175
9463.176203
9281.576554
9137.912105
9011.579567
8915.074737
8728.453421
8635.839680
8563.442857
8449.750508
8353.047256
8284.806102
8187.442481
8079.441917
7983.167932
7871.128421
7835.474746
7774.308797
7698.168571
7645.325414
7566.819435
7548.796184
7459.707105
7404.026930
7411.394135
7410.990471
7413.196541
7404.959228
7363.590996
7344.393346
7393.928421
7424.037538
7370.775009
7401.357068
7417.486466
7424.289341
7393.365752
7359.121316
7366.363026
7354.983051
7391.277820
7390.540432
7360.319004
7372.584586
7351.487143
7280.387293
7217.964859
7170.644286
7121.495311
7018.252801
6952.675000
6849.036026
6755.053026
6654.217500
6501.572105
6448.263220
6350.320865
6265.874774
6133.944774
6074.843722
6014.066045
5916.118872
5842.744105
5771.182237
5676.782373
5589.255414
5488.208346
5380.910847
5283.538722
5178.670000
5016.969474
4875.530395
4733.003496
4579.998647
4475.875489
4362.209850
4217.249944
4102.557744
3987.277006
3856.374549
3757.412599
3652.735733
3551.498722
3488.125405
3395.715301
3282.104350
