61.128200
53.942606
61.390001
59.801386
59.734136
58.713240
58.600000
60.011955
63.440581
64.600000
65.203115
66.684553
68.563748
68.758280
68.133760
71.021344
77.041163
80.124945
75.199454
78.240430
85.187569
86.591538
88.528902
87.331633
90.625712
89.577406
91.772110
94.631997
96.631733
100.513220
102.074869
100.282921
105.182132
112.440339
111.709959
112.928504
116.639928
121.665773
113.743582
120.362571
123.687942
127.974539
133.927143
137.409677
139.942665
139.562094
140.055274
146.165525
154.000316
158.989177
157.270376
163.652891
172.545266
183.729203
196.075166
206.969650
212.981996
232.930053
249.316506
279.896821
300.443455
313.253271
340.678205
380.923000
421.808474
460.705831
502.591697
562.500147
617.966098
670.042391
733.382175
818.965075
864.322989
930.958695
1032.710921
1112.246165
1203.762970
1301.919096
1397.933534
1503.842632
1610.485424
1709.919211
1822.772857
1935.165188
2034.187024
2155.491504
2258.509906
2361.614887
2476.125038
2589.548571
2678.203139
2750.871186
2819.101353
2880.568362
2929.470301
2974.135000
3015.703879
3049.163947
3079.951071
3110.843083
3144.684124
3147.371429
3157.388797
3148.741278
3154.776071
3169.999887
3146.583985
3161.446992
3168.659211
3163.810904
3164.509699
3180.199323
3175.729474
3152.756842
3153.220677
3161.266560
3175.349322
3148.059774
3170.820339
3163.548271
3164.030075
3187.619115
3224.180940
3217.578120
3222.255338
3208.257947
3170.362820
3140.528722
3100.311053
3032.547763
2965.271883
2909.562293
2871.861638
2861.507274
2825.751676
2786.283684
2764.111053
2749.249435
2731.804436
2719.712086
2710.805977
2709.875461
2687.367218
2662.127425
2667.428060
2690.480789
2685.985424
2662.239436
2676.332373
2682.636541
2653.279305
2654.835075
2662.493759
2639.738795
2612.527951
2588.992180
2544.548571
2490.428305
2453.974305
2435.824248
2392.510847
2338.610789
2299.139529
2269.311429
2246.665169
2197.624793
2157.780714
2149.183083
2113.995113
2080.892467
2074.731353
2055.177650
2061.432801
2036.162994
2034.970564
2010.628590
2009.771695
2011.483684
2000.357288
2006.629286
2011.181692
2002.389211
1981.246391
1934.617274
1912.878421
1916.326667
1890.281429
1857.215865
1830.260263
1794.337519
1783.013947
1762.084361
1715.991053
1673.702632
1636.578023
1598.709925
1573.520827
1554.664248
1527.301488
1493.055865
1431.102782
1373.810395
1316.257180
1241.627458
1167.278665
1100.696992
1026.311469
957.319126
891.969605
835.216605
781.518427
733.837925
699.907158
672.740391
646.412105
620.605526
608.704534
592.218944
587.284771
582.221476
577.069947
577.800325
589.874305
623.659372
662.009368
707.088500
772.981763
866.769248
978.034286
1120.280752
1310.212331
1498.269322
1715.088722
1996.871186
2252.020602
2565.891789
2853.059718
3139.328947
3454.964256
3745.525902
3962.301316
4229.897895
4464.050339
4658.380733
4845.308008
5030.993390
5233.346936
5420.111563
5623.631504
5840.950000
6118.310357
6331.047143
6536.418008
6840.553759
7092.227514
7343.615639
7603.538214
7821.919211
8067.962298
8305.750489
8527.691090
8779.072203
9016.148045
9229.717834
9494.313759
9653.012166
9873.081692
10032.253741
10262.777444
10423.618045
10601.754802
10723.318045
10826.822034
10936.331579
11057.698870
11148.717105
11175.755639
11208.572180
11244.241917
11233.612429
11245.166541
11230.007519
11258.473684
11248.677444
11246.500000
11235.870301
11152.663465
11076.271429
10931.718421
10824.807895
10643.500000
10466.651128
10283.247180
10137.685122
10069.127820
10024.359322
10003.274286
9996.785639
10007.551977
10034.336466
10114.061654
10232.624436
10357.764218
10482.861842
10633.705263
10756.100000
10921.078947
11123.370301
11304.361654
11497.111864
11710.489850
11898.099812
12040.817293
12164.263346
12323.548023
12472.347368
12557.380451
12572.320301
12557.838983
12515.600000
12554.993797
12499.505263
12444.097368
12344.220339
12219.499624
12127.793220
12065.421053
11967.430508
11841.520865
11763.099624
11697.430508
11644.800000
11554.706015
11527.905263
11435.122411
11404.059023
11411.937594
11267.502632
11239.410526
11210.776460
11164.024060
11115.499812
11055.119925
11004.062712
10961.967669
10889.898120
10805.984746
10783.177444
10766.641055
10738.967857
10730.459699
10637.959023
10570.877024
10523.598684
10445.710526
10337.534463
10237.292857
10142.728437
9989.439398
9847.700226
9773.962350
9678.726617
9502.120752
9322.057556
9226.135367
9060.938947
8940.609379
8793.180902
8688.647928
8548.968421
8462.349211
8293.670960
8204.733609
8152.701864
8048.723477
7947.155593
7873.667519
7792.797331
7717.358571
7655.584248
7558.226987
7471.780714
7408.856391
7338.785489
7273.440226
7246.271053
7186.367895
7174.321657
7152.831165
7126.502561
7093.176241
7099.110942
7102.060338
7086.606805
7113.970338
7158.714944
7158.141281
7132.233910
7153.386184
7130.147420
7106.544850
7067.379474
7112.217632
7130.064068
7135.254436
7145.827857
7148.188722
7142.583872
7080.228571
7011.757312
6977.630603
6909.708571
6817.080169
6745.637387
6680.985714
6597.936930
6465.388045
6402.141974
6282.341579
6198.988644
6140.580432
6060.572857
5986.251955
5906.215959
5818.362994
5734.800376
5646.245800
5549.116090
5466.092768
5383.371015
5258.121316
5180.495593
5055.069549
4945.918421
4799.802500
4692.427043
4560.809474
4443.081372
4331.733947
4209.349699
4087.931243
3962.089417
3851.591582
3746.353647
3625.397401
3526.267387
3430.796842
3355.664915
3281.637143
3169.155706
