18.898279
19.707737
18.412227
16.657082
23.819807
18.822773
24.793902
21.450312
19.186473
15.881806
19.466028
24.643759
25.236152
21.422370
18.246448
21.153304
25.638370
26.485537
24.103232
19.970020
21.881509
21.401014
24.356412
26.105204
24.133905
26.039279
25.296734
26.378697
25.947078
25.718585
26.937534
26.661759
28.402734
29.165775
31.309676
29.479343
28.255570
30.009815
26.247760
30.004771
29.383815
27.983788
31.461343
30.739411
32.049447
30.246909
32.288758
37.982657
31.982279
32.909843
36.044928
33.441695
38.914986
40.322891
40.556910
40.277550
42.981788
49.354735
52.175909
57.564776
62.357958
63.800000
67.982878
73.078860
77.697389
87.924831
91.431209
93.296220
108.834751
120.551771
133.832000
145.812383
149.608661
164.981705
175.701162
193.147801
208.128786
222.946431
238.684158
259.120288
282.493621
297.067737
310.886530
329.878073
344.857928
368.450203
385.983376
396.217242
422.635086
437.658278
446.837459
471.098593
481.110609
495.847652
510.538722
517.599823
522.588608
520.233500
519.088857
532.209617
531.258740
547.130179
556.923056
552.627763
543.696929
550.242846
552.790925
549.933586
550.809289
559.355418
549.276752
545.891167
551.524053
550.125842
558.583391
562.883551
558.290032
549.612402
544.677627
544.639410
549.844173
554.542132
562.947370
566.474908
566.579030
561.273898
555.036026
543.450895
531.604842
525.686711
515.642316
503.376560
502.127593
489.782588
491.269814
486.425293
478.041126
476.796627
476.924955
472.754914
466.911573
465.468529
464.499692
465.122306
468.358241
468.793684
462.192915
455.555626
460.300949
469.741699
467.227068
454.565701
451.723015
454.731778
446.734615
446.537323
444.450556
434.031463
427.301162
412.519395
400.808024
394.832737
388.357714
388.728571
389.761271
377.394158
374.636286
364.065312
360.210754
359.254571
361.198474
363.232797
357.335972
348.250576
353.822060
352.643744
350.616949
348.447632
343.040586
348.518994
364.591583
362.615117
343.709961
340.288989
340.304985
347.212226
335.175216
323.447015
319.285372
322.918602
313.457218
306.090135
302.146526
298.618289
294.683520
289.986312
285.834718
283.768504
280.297339
266.994827
262.770483
258.605305
244.467353
230.371593
222.530408
207.023812
203.636546
198.382135
184.399513
166.628000
154.834075
154.464594
152.067241
141.800000
137.807397
128.626015
136.474274
134.703064
130.327667
129.375121
132.504534
135.778273
134.216497
140.644154
144.187658
154.958250
170.923122
183.905218
201.103643
225.177889
250.623402
286.186153
325.167915
370.924797
416.332699
474.848704
528.238868
586.406124
635.312599
691.393660
741.080632
780.821263
816.650424
852.968263
898.495323
947.861458
982.831556
1013.596554
1062.154436
1099.064444
1147.327368
1184.825827
1236.975376
1284.530094
1336.513578
1386.354887
1440.851861
1480.225132
1514.055556
1551.353158
1593.912030
1646.754915
1702.664662
1739.940998
1769.661128
1838.541582
1880.465376
1911.034079
1943.771767
1997.485338
2019.390000
2050.557538
2081.070659
2095.214737
2108.095009
2134.085902
2152.791353
2146.707444
2146.517688
2159.323616
2145.705038
2148.641203
2152.583233
2130.689850
2128.665714
2122.092669
2122.745009
2112.742143
2103.663571
2073.188816
2039.870000
2019.587143
1985.397350
1953.278945
1939.560865
1930.533672
1926.477180
1926.572406
1938.069040
1940.354323
1950.450132
1944.994098
1983.500885
2003.155169
2048.822256
2074.967368
2101.580395
2144.464944
2187.457970
2228.163390
2264.082030
2296.932637
2324.325038
2335.724455
2367.956648
2410.792180
2422.039850
2426.736579
2429.674915
2416.881429
2410.251053
2407.772895
2390.149211
2376.841318
2369.372594
2362.999774
2346.226917
2314.715763
2291.158346
2280.704248
2258.080490
2251.436635
2232.511071
2219.715940
2208.847985
2187.806654
2176.661880
2158.607632
2155.871579
2143.374520
2138.826466
2136.083917
2131.990677
2135.382524
2130.539662
2116.274079
2115.355932
2098.781955
2084.335744
2091.761786
2073.641017
2057.564098
2045.429473
2046.036711
2037.165263
2020.367853
1980.095902
1968.405989
1955.913195
1929.845951
1899.581165
1869.559850
1849.445414
1808.958177
1780.473164
1724.227180
1703.917401
1682.623590
1673.799171
1645.174737
1629.678158
1611.871827
1590.467444
1585.337119
1557.689492
1529.035763
1526.444511
1522.151673
1504.036560
1485.231579
1465.931356
1463.873985
1433.932180
1430.761504
1424.936554
1413.958026
1394.836053
1370.945461
1373.979511
1370.526554
1372.079624
1376.188663
1370.289568
1363.417368
1362.952895
1362.121692
1359.907156
1364.618722
1365.491316
1357.064689
1362.306391
1377.067632
1376.680263
1372.949661
1372.028797
1367.941466
1363.115263
1359.456654
1353.842143
1342.729812
1337.944859
1326.851429
1290.096158
1287.187293
1279.314286
1243.001977
1250.442538
1218.280132
1212.116842
1204.595913
1180.017481
1169.982519
1154.346241
1137.912801
1117.549096
1092.459474
1073.779435
1060.869305
1044.555009
1025.906353
1001.931810
970.099186
969.930932
927.831579
893.475276
892.042957
876.649842
844.701321
817.081489
791.594008
767.945492
746.275660
723.238492
710.543586
697.516173
662.673648
653.003323
633.619778
616.858876
597.896915
