63.616311
64.256910
59.862155
61.440609
63.188354
62.132130
65.888734
64.089814
62.241649
68.432318
69.990654
65.980103
67.551541
70.958280
70.629073
72.212549
72.612207
74.808284
82.010260
78.401661
82.873378
85.181890
90.109941
91.289389
88.982825
89.172362
92.518341
91.333241
92.689851
98.532675
101.678188
102.210787
103.087553
106.683542
112.768051
104.494353
114.711710
117.924425
117.916009
121.188286
122.586896
125.413350
126.932571
125.385759
130.298494
135.496281
139.494861
142.940994
140.979211
143.361550
145.529271
153.182348
168.371260
176.985289
173.770814
189.540205
205.417770
216.880256
234.238470
256.257819
280.057553
306.143475
335.949165
368.408992
403.043368
440.781623
482.741985
537.294188
595.386959
646.960733
725.481559
778.548782
848.267876
927.498064
1025.868910
1122.134549
1211.909361
1305.871977
1405.693008
1516.278177
1632.825593
1751.172895
1884.741391
2002.163835
2106.028060
2234.310977
2360.344098
2461.522914
2584.706128
2700.438421
2805.009680
2905.749322
2991.948195
3072.988814
3140.011673
3192.798008
3242.521676
3295.708421
3336.866786
3349.360526
3386.236102
3388.967143
3385.730789
3418.001128
3407.603571
3401.697684
3437.813609
3434.662256
3428.859211
3436.563051
3450.690865
3458.000000
3447.573289
3450.569474
3475.593233
3460.966504
3449.507552
3466.043308
3478.288814
3437.008703
3465.142857
3477.432919
3498.039398
3505.994474
3515.837368
3476.543861
3457.153496
3421.821278
3367.742105
3327.306316
3281.447175
3228.396241
3175.160414
3135.538835
3064.331450
3035.942481
3030.813289
3020.622486
3007.528496
2974.917556
2964.253459
2968.239322
2959.721579
2925.789774
2900.268814
2908.380000
2927.397966
2927.328365
2915.532712
2928.414211
2951.444323
2914.527350
2877.598534
2855.908343
2839.981391
2844.298045
2807.411579
2728.099266
2694.855113
2662.525000
2616.977985
2576.146053
2535.776252
2489.982857
2442.583797
2404.444774
2380.562857
2341.703421
2286.047970
2261.528399
2260.518496
2263.573289
2215.332782
2201.471036
2180.167218
2166.650226
2153.405763
2143.605789
2142.135951
2137.728515
2137.612744
2148.876466
2133.611673
2091.830432
2087.966165
2055.192881
2021.153741
2008.844624
1978.138496
1929.131729
1895.990470
1849.861504
1805.521053
1762.500000
1729.888983
1692.412782
1650.706165
1637.109511
1595.873879
1550.674887
1513.153647
1444.044859
1387.865150
1305.094915
1227.216015
1147.556917
1045.311782
953.384045
879.892579
824.215500
764.797049
707.728164
667.493827
632.313759
602.512511
575.835023
559.201801
541.286748
542.255729
540.201416
531.012586
530.562528
548.176458
570.644925
602.821711
643.113500
706.202486
800.555504
917.788821
1060.011034
1240.972895
1460.368136
1729.135301
2049.216102
2346.891278
2688.339623
3039.614455
3410.930451
3769.210377
4110.959624
4421.754211
4763.030526
5049.978701
5314.276880
5591.538872
5848.746516
6093.226541
6332.467382
6581.656767
6804.643333
7081.704868
7347.142368
7675.538045
8008.198628
8344.686460
8674.251729
8992.565714
9290.348553
9554.305499
9865.124398
10173.727444
10469.823729
10809.201504
11106.810358
11362.604699
11685.602260
11971.912406
12170.975940
12407.139286
12616.703759
12819.779661
13065.823872
13225.186629
13356.057895
13514.802637
13625.519737
13703.948120
13781.094737
13838.972556
13853.877401
13831.010150
13840.778195
13777.260150
13736.319549
13767.585714
13682.958083
13622.912053
13576.800000
13485.364474
13379.421053
13239.000000
13069.936090
12846.843609
12666.778908
12551.541729
12426.464030
12334.622932
12292.309023
12289.997740
12341.062030
12408.390977
12539.310526
12697.109040
12835.342669
13045.314286
13220.889474
13408.589474
13598.170677
13836.832707
14055.314124
14258.883083
14464.377589
14618.381955
14788.162594
14977.308663
15165.070677
15228.660902
15211.503759
15269.889831
15293.793985
15284.809398
15241.823684
15179.342105
15069.684746
15013.856203
14925.770056
14765.318797
14614.137853
14501.350940
14395.046617
14283.010169
14217.183271
14078.742857
14020.862406
13956.606026
13873.031015
13796.452632
13752.807895
13728.853947
13604.961394
13555.626316
13593.086441
13579.280827
13521.139736
13451.995865
13357.305639
13277.889831
13204.477444
13151.871751
13155.982143
13083.737288
13024.797368
12905.554049
12830.128947
12698.721053
12547.152542
12458.503195
12375.819962
12223.653008
12053.710734
11902.688910
11751.661654
11626.249624
11507.853759
11293.103390
11106.772556
10931.798305
10750.431391
10569.184181
10423.826316
10307.236842
10191.498305
10029.962368
9900.274576
9772.961429
9630.348644
9483.767519
9362.748571
9258.765470
9121.649699
9052.126384
8973.143515
8845.613684
8798.519549
8761.466328
8709.388553
8657.160000
8566.980377
8547.368383
8480.400377
8451.056767
8467.393917
8509.266617
8520.492293
8492.224699
8502.396372
8493.713823
8511.170301
8482.127011
8470.733653
8443.509286
8403.316579
8450.050132
8499.250169
8472.105038
8495.835414
8495.304718
8461.080789
8443.691429
8414.951523
8343.354539
8244.514286
8143.297853
8074.432970
7964.572857
7849.206573
7724.616673
7625.748816
7552.908947
7424.045951
7294.265677
7202.088759
7105.584323
7033.628083
6951.722599
6874.746617
6793.932222
6678.224680
6559.121827
6436.664173
6349.519868
6224.714576
6074.953684
5967.097895
5812.167763
5682.204783
5524.582068
5397.518158
5215.251241
5072.793835
4918.151977
4787.503534
4684.132260
4531.524737
4364.963051
4253.119079
4137.436617
3987.510810
3932.873402
3836.410960
