67.180311
65.503153
73.360339
70.137365
74.893220
74.675460
77.474222
74.234720
75.806198
77.330553
81.339176
79.244833
76.460183
80.209283
82.787740
82.660187
86.653739
89.943261
89.871806
88.204528
96.612563
100.199729
98.144980
101.878591
107.180638
110.544647
111.273068
111.773152
114.355782
116.218895
116.235562
117.763469
121.574105
124.277831
123.384258
129.651910
128.941834
136.690408
140.600727
141.000000
142.259024
147.680714
154.127143
155.553662
152.386169
153.295341
161.256447
164.929757
163.924803
171.912802
177.029624
185.298094
198.667266
206.210519
208.551213
233.347008
242.435923
263.438444
287.644607
305.329388
326.663496
354.785983
391.587622
435.937504
478.688842
516.740832
561.856675
624.705019
681.111083
755.729754
818.274333
918.438992
983.844463
1072.521523
1163.577331
1263.673158
1363.865545
1474.314501
1593.718722
1718.786579
1845.654972
1969.333421
2090.496579
2199.985038
2344.556271
2484.971278
2618.118252
2754.225789
2890.531767
3008.294887
3104.647086
3212.676610
3311.446842
3385.057571
3457.284060
3529.050038
3579.699793
3614.294474
3649.522857
3681.092632
3707.018136
3741.531429
3749.578609
3757.431353
3751.990000
3777.946460
3775.018872
3755.367519
3748.869887
3773.659548
3800.240714
3815.645658
3815.762763
3793.226316
3782.781128
3806.065564
3801.662392
3810.187594
3807.402712
3814.234098
3850.796165
3888.040734
3923.675357
3908.363421
3902.463910
3893.645085
3896.169680
3849.817293
3790.695263
3739.964079
3663.748588
3614.192481
3573.866064
3523.304511
3457.109586
3423.433308
3408.305263
3384.097740
3382.432444
3370.345019
3351.274267
3327.857815
3316.268120
3317.155207
3302.327439
3293.023947
3311.947966
3320.995395
3313.487288
3323.632180
3345.377406
3352.473534
3320.410602
3293.288889
3267.461917
3219.552180
3199.899549
3152.229661
3121.116015
3070.947594
3005.774331
2953.106842
2911.340414
2857.421429
2799.631579
2779.423064
2727.669286
2700.705752
2652.944568
2632.639529
2604.762180
2567.568008
2554.175808
2530.472863
2531.095150
2521.526936
2502.836949
2492.530526
2484.930301
2475.030150
2474.354624
2489.306880
2499.930000
2476.486429
2435.670752
2403.907232
2381.702481
2365.540414
2333.897857
2257.342914
2214.315113
2179.031805
2144.223684
2098.253553
2052.346497
2019.068534
1987.762368
1953.024474
1902.798230
1842.178571
1803.317312
1731.907646
1652.646842
1571.577966
1471.623966
1385.012331
1282.968305
1184.284680
1091.734605
1015.888947
948.592953
881.076951
821.608519
776.349992
745.084180
717.913647
681.120560
666.743394
656.089340
650.203151
653.460632
659.589049
672.486023
700.655568
735.186842
791.337000
874.630697
988.576090
1133.085000
1306.150188
1509.386128
1744.201525
2053.773233
2400.838136
2746.847669
3133.572222
3514.590921
3909.129699
4279.901525
4680.201880
5043.258684
5366.576842
5659.219774
5956.690526
6245.105301
6479.653070
6699.830602
6960.131412
7222.555414
7495.861111
7804.370019
8090.766842
8385.533759
8744.412143
9095.299774
9446.324436
9792.832914
10110.228947
10381.643126
10669.311654
10976.780639
11287.818644
11608.624060
11917.095669
12224.708459
12524.180979
12783.227068
13033.124248
13289.976316
13569.334586
13804.771186
14027.156579
14204.911299
14363.155263
14485.696987
14618.158835
14696.684962
14712.788722
14737.920301
14761.635028
14747.045489
14702.149812
14714.246241
14721.926316
14748.357143
14699.716353
14681.821469
14541.200000
14373.961654
14260.718421
14087.300000
13891.801504
13712.929511
13523.201883
13343.845113
13209.838606
13138.733083
13157.033083
13159.480226
13175.500940
13225.772180
13344.429699
13541.016384
13644.301128
13872.823308
14096.752632
14284.105263
14500.830451
14724.344361
14960.733898
15216.309586
15455.111864
15671.321805
15857.145489
15981.106026
16182.792105
16284.365414
16334.157895
16384.866102
16446.336090
16376.492857
16259.684211
16173.492105
16104.423540
16007.719737
15843.955932
15686.569925
15587.628249
15504.455075
15405.959023
15276.262712
15126.656203
15021.027256
14922.027068
14864.555744
14808.058459
14670.543985
14648.434211
14581.546053
14545.246516
14526.412782
14444.882674
14375.734774
14314.484181
14234.840226
14189.626128
14133.044068
14063.203008
14060.052354
13908.921429
13961.604143
13861.427068
13770.721469
13713.417105
13571.789474
13392.153107
13264.118045
13115.484557
12989.338722
12847.272128
12660.131579
12498.035338
12364.233083
12214.246617
11964.748588
11759.251880
11638.781356
11396.890226
11286.045009
11112.778947
10945.022368
10827.263842
10687.388722
10565.910169
10426.193797
10309.469492
10185.660150
10016.328365
9877.893985
9787.616692
9715.709153
9573.566090
9461.900226
9386.347519
9298.540113
9274.081184
9177.021316
9129.640527
9106.866372
9095.637608
9100.033985
9091.126987
9079.571880
9091.511053
9116.554925
9111.625940
9072.634670
9105.217594
9063.400000
9062.432693
9045.989135
9045.368158
9043.618421
9084.722542
9105.546767
9108.296842
9088.480357
9104.327970
9061.847143
8983.947707
8916.779981
8798.055714
8688.498305
8605.737876
8519.318571
8366.309058
8247.226786
8149.306447
8045.980000
7936.007006
7811.317030
7700.019586
7620.771842
7515.902538
7424.755160
7340.279474
7223.311544
7095.291880
6991.385104
6914.624474
6795.427274
6633.542542
6529.108722
6352.857895
6172.792632
6064.737232
5885.022368
5722.815620
5551.584774
5378.902406
5253.053277
5110.583665
4934.334689
4798.638383
4694.805782
4561.764323
4438.815940
4326.466911
4226.027801
4103.503955
