77.590084
80.227354
74.667033
82.952402
85.573217
77.324814
83.670219
82.019154
86.122837
89.857037
92.850512
94.959207
96.081874
95.589936
97.173520
103.834655
108.869829
113.491868
117.773940
118.496197
124.225750
129.131211
140.247379
144.736803
140.565825
144.834135
149.683823
154.325088
156.902820
160.527574
169.112327
175.246064
174.274868
175.697424
181.837917
183.218383
189.509034
193.849509
193.213047
195.710786
212.407768
208.669981
216.385000
220.348549
219.400000
218.723036
222.826150
227.680638
227.893750
235.482497
240.773526
247.968566
263.093260
267.971353
283.557974
298.925423
302.963584
320.512489
333.109705
346.256814
368.699827
396.658712
420.311009
438.180180
462.357684
494.334955
525.520427
568.888000
589.340322
624.613814
657.306373
701.949797
735.066435
779.426526
831.227184
888.774996
938.216492
986.217834
1034.903684
1092.936992
1159.636667
1216.629211
1268.716090
1330.438308
1420.110245
1486.433008
1550.830865
1602.951222
1678.710038
1729.058797
1798.984962
1860.362542
1904.965489
1946.354049
1975.842274
2003.777744
2029.880546
2053.871711
2082.580357
2082.179774
2103.287853
2092.890357
2106.202519
2131.142105
2126.302143
2126.552881
2119.762707
2118.387820
2118.199662
2130.794350
2145.144850
2153.913703
2167.115921
2173.497368
2163.105414
2159.399211
2153.033710
2162.389699
2168.583559
2187.090921
2210.788797
2225.098211
2248.866034
2278.158233
2274.442744
2284.463974
2286.420188
2276.599549
2262.258947
2236.172895
2198.671977
2163.486917
2145.220659
2126.288628
2100.266478
2100.136842
2112.581372
2099.847966
2115.579850
2099.256579
2088.855451
2085.990169
2089.676692
2089.752331
2084.950697
2098.191316
2112.016780
2093.658515
2088.923051
2109.881654
2109.386034
2099.373214
2102.377331
2081.609341
2061.439662
2073.859624
2044.562632
2023.747288
2006.100808
1996.615489
1987.478041
1968.501447
1952.357043
1938.254286
1915.549605
1909.889793
1900.107143
1874.089211
1855.597387
1841.927853
1818.248797
1828.936579
1832.725959
1795.436497
1791.035789
1805.907086
1799.673898
1790.880526
1805.698814
1813.023365
1799.969662
1806.577368
1798.764098
1795.251692
1787.310526
1786.926441
1789.886880
1776.878797
1769.286654
1763.358947
1758.557256
1759.909474
1763.850000
1754.178553
1750.747458
1750.587180
1735.523684
1730.959305
1733.421375
1728.630677
1705.045414
1676.436008
1651.633045
1618.331864
1561.267425
1499.274135
1450.350734
1418.994962
1382.924342
1353.779737
1313.329360
1279.740150
1262.511654
1232.783609
1210.950902
1180.911034
1164.781617
1158.584350
1166.492970
1170.727834
1181.357519
1186.640282
1199.655480
1230.322556
1277.301053
1324.485000
1365.673616
1437.320902
1522.564643
1598.964831
1697.855414
1790.133729
1922.604211
2053.306610
2163.512481
2312.629171
2440.771429
2573.080602
2732.522731
2896.956053
3034.601842
3154.371579
3284.330904
3400.166729
3501.378083
3603.529944
3704.496015
3819.206723
3935.145338
4077.738889
4210.931955
4330.474586
4473.223045
4679.938910
4868.938644
5023.369173
5185.446241
5350.438158
5519.402693
5676.535188
5834.097274
5989.417458
6144.453910
6320.848512
6478.796523
6653.580132
6825.238722
6935.161034
7054.414361
7189.424812
7351.958136
7463.936429
7562.760866
7646.917632
7721.505593
7794.943421
7823.411654
7838.606241
7867.160508
7881.457740
7903.238910
7882.586015
7861.347462
7919.548571
7872.191429
7904.102970
7807.164765
7763.872857
7722.440244
7613.696842
7547.960000
7481.232030
7348.777011
7211.625574
7125.292632
7083.318908
7076.852801
7075.372030
7048.269040
7051.675620
7077.984718
7137.218083
7195.709360
7308.482387
7399.607218
7493.963684
7629.042105
7735.460545
7830.676917
8029.238644
8176.613609
8231.150094
8363.140902
8477.309944
8574.372618
8629.476654
8653.717105
8680.483797
8701.846441
8759.514135
8731.542801
8713.106316
8627.517368
8597.978663
8522.159229
8484.620866
8440.357594
8339.879548
8271.715357
8216.270226
8167.415367
8104.277726
8082.865508
8041.485188
7956.352994
7918.156278
7867.736090
7857.144737
7871.403026
7797.712203
7770.921278
7726.775348
7705.940113
7708.572731
7647.190489
7588.682820
7583.165254
7541.775414
7514.202203
7492.436786
7447.470527
7425.857293
7345.377043
7326.294079
7271.510000
7221.672825
7142.704267
7075.050471
6990.580301
6867.755744
6764.306297
6689.756015
6607.574135
6530.750940
6425.759209
6351.777180
6248.897684
6119.616278
6024.646648
5930.237368
5876.086447
5806.904313
5719.237180
5650.203390
5579.753383
5496.379831
5413.486316
5349.861071
5304.697143
5263.910902
5234.687137
5132.250883
5095.838045
5084.389323
5002.402316
4926.293684
4945.227632
4908.106177
4872.308947
4864.329153
4876.066241
4865.829812
4852.568459
4870.043233
4879.740489
4866.246034
4874.739755
4848.461504
4826.270583
4843.409473
4833.156504
4828.642632
4839.143553
4856.252034
4859.111729
4862.475977
4859.127481
4855.518910
4842.917857
4816.756842
4778.895292
4727.092857
4663.735198
4599.778496
4590.744286
4506.957928
4420.787669
4379.075789
4296.564211
4251.468230
4187.173966
4141.777143
4098.899398
4021.884925
3965.953653
3944.589248
3901.455895
3828.136729
3751.702919
3673.760150
3624.504117
3541.516271
3457.934060
3404.665789
3310.836053
3251.540169
3154.131165
3061.223797
2971.642237
2896.509398
2820.548983
2751.992387
2679.550452
2603.110038
2529.741827
2443.039981
2381.709850
2303.751356
2272.485320
2200.880621
