29.4215
77.1747
124.928
135.175
145.365
144.902
144.403
140.724
137.027
140.173
143.37
140.926
138.428
140.375
142.373
143.977
145.576
147.272
148.971
147.233
145.434
144.91
144.41
143.911
143.411
143.595
143.795
142.534
141.235
138.673
136.075
135.127
134.228
141.751
149.544
147.867
145.869
145.125
144.426
139.781
134.986
138.833
143.029
138.791
134.196
137.443
141.039
141.486
141.786
143.895
146.093
142.303
138.207
140.371
142.869
142.243
141.443
143.384
145.482
141.829
137.833
139.387
141.285
138.02
134.424
141.788
149.88
145.539
140.344
136.828
133.431
135.9
138.797
140.765
142.663
144.376
146.074
142.222
137.926
140.277
143.174
141.834
140.136
142.666
145.563
147.359
149.058
143.891
138.097
140.797
144.293
142.321
139.824
142.874
146.47
148.161
149.66
148.532
147.134
149.891
153.088
152.949
152.45
153.389
154.488
156.934
159.531
163.204
167
166.506
165.507
168.967
172.963
177.849
182.844
181.269
178.871
185.51
193.302
202.774
212.465
207.426
200.433
208.488
218.578
228.23
237.82
247.323
256.814
259.311
260.81
270.42
281.209
287.647
293.442
302.709
312.5
322.723
333.013
339.154
344.649
354.973
366.062
384.035
403.116
412.582
420.474
433.249
446.836
457.431
467.521
488.952
512.329
522.946
531.337
554.752
580.826
602.074
622.454
641.905
661.186
678.95
696.433
722.661
750.533
773.205
794.884
821.5
849.073
854.435
855.434
889.422
929.982
951.178
968.461
1000.5
1035.57
1065.17
1093.65
1121.79
1149.86
1191.76
1236.62
1279.18
1321.24
1374.44
1430.08
1476.33
1520.48
1568.8
1618.05
1677.15
1738.49
1789.6
1838.35
1905.4
1976.73
2036.11
2092.65
2150.49
2208.63
2281.8
2358.63
2418.46
2474.1
2548.06
2626.58
2679.34
2725.59
2776.94
2829.59
2882.56
2935.6
2996.49
3059.43
3115.57
3169.92
3229.55
3290.59
3375.76
3467.47
3519.98
3561.73
3623.59
3691.03
3778.2
3870.91
3945.33
4014.56
4072.23
4126.58
4212.59
4307.8
4383.08
4452.51
4531.57
4613.49
4678.28
4737.92
4811.89
4890.22
4952.79
5010.53
5069.04
5127.78
5175.11
5218.87
5247.76
5271.94
5307.31
5346.27
5361.69
5369.48
5420.86
5486.49
5523.67
5551.44
5604.16
5665.2
5716.3
5764.05
5831.92
5906.65
5984.87
6064.29
6152.98
6244.89
6345.44
6449.04
6564.21
6683.5
6800.06
6915.65
7032.63
7150.11
7288.44
7434.39
7545.49
7643.69
7762.04
7887.92
8036.21
8192.96
8330.03
8459.6
8620.2
8792.73
8928.13
9049.11
9188.25
9334.51
9508.1
9692.52
9852.6
10002.9
10144
10281.4
10432.4
10588.9
10724.2
10850.7
10948.7
11034.9
11124.4
11215.2
11341.6
11483.2
11576.2
11648.4
11728.5
11812.1
11926.3
12054
12187.7
12324.1
12465.7
12609.5
12751.7
12893.2
13025.9
13154.7
13289.9
13428.1
13603.8
13796.8
13973.9
14143.6
14308.2
14470.4
14623.4
14772.2
14943.2
15124.8
15287.8
15441.8
15583.5
15719
15852.4
15984.6
16095
16194.5
16293.2
16391.5
16488
16583.6
16677.6
16770.8
16823.5
16855.3
16882.1
16906.1
16952.9
17011.6
17023.6
17011.1
17003.9
16999.5
17021.2
17056.9
17071.3
17074.2
17018.5
16931
16897.2
16892.9
16877.6
16856.1
16840.8
16828.9
16856.9
16907.3
16931.8
16941.6
16973.5
17017.9
17057
17093
17187.2
17315.4
17388.4
17429.1
17517
17633
17749
17864.8
18006.9
18164.8
18339.2
18523.7
18732.3
18955.7
19162.1
19358
19599.4
19869
20116
20348.8
20570.8
20786.1
21020.5
21267.1
21481.8
21676.1
21816.3
21921.4
22031.8
22145.6
22223.4
22277.4
22315.2
22342.2
22354.8
22357.9
22373.6
22397.8
22421.5
22444.9
22469.5
22495
22580
22706.3
22783.7
22827.1
22895.2
22980.9
23083.4
23198
23284.3
23350.3
23349.7
23301.1
23337.8
23436.5
23481.3
23486.7
23551.7
23660.7
23684.3
23644.5
23686.9
23791
23885.8
23973.8
24065.6
24160.5
24221.6
24256.7
24326.9
24424.4
24523.3
24623.2
24670.9
24677.5
24715.6
24778.9
24781.5
24735.5
24779.9
24897.2
24948.6
24946.4
24937.4
24922.8
24948.9
25008.5
25054.4
25088.9
25123.7
25158.7
25215.7
25291.2
25361.1
25426.1
25483.8
25535.2
25602.1
25682.5
25776.2
25881.4
25928
25923.2
25988
26114.5
26176.9
26182
26234.1
26328.6
26376
26380.6
26393.9
26415
26395.8
26339.2
26331.3
26368.6
26382.9
26375.7
26383.8
26406.2
26443.6
26495.2
26550
26608.1
26701.8
26829.9
26933.8
27014.1
27142.2
27317.4
27425.7
27467.6
27557.5
27695.2
27858.1
28046.3
28179
28255.5
28413.6
28654.8
28847.7
28990.6
29193.7
29459
29740.8
30039.8
30321.7
30585.5
30865.7
31163.4
31421.7
31638
31867.7
32111.8
32305.6
32444.7
32653
32937.2
33144.3
33266.2
33448.2
33697
33891.5
34024.8
34159.9
34296.8
34381.6
34406.9
34462.4
34552.6
34577.7
34527.6
34517.1
34553
34570.8
34567.4
34558.9
34544.2
34530.2
34517
34505.8
34497.2
34491.3
34488.9
34509.7
34559
34520.5
34373.7
34296.4
34305.4
34347.3
34430.4
34481.7
34492.9
34501.6
34507
34535.9
34595
34644.4
34681.2
34729.1
34791.7
34928.1
35161.6
35282
35252.9
35317.5
35507.3
35652.3
35737.2
35820.7
35902.5
35940.8
35919.7
35875.3
35798.8
35677.3
35493.1
35321.6
35168
35003.9
34825.2
34625.8
34397
34132.4
33816.2
33514.5
33233.8
32950.9
32664.9
32336.2
31944.8
31583.6
31267.2
30937.9
30589.5
30210.3
29785
29426.9
29171.1
28878.1
28527.8
28207.4
27933.1
27633.9
27296
26978.4
26692.6
26429.2
26201.4
25991.8
25811.2
25661.9
25563.1
25477.8
25414.5
25351.7
25289.6
25256.6
25271.6
25284.4
25293.4
25315.7
25360.6
25410.8
25470.2
25521.2
25558.2
25591.6
25619
25653.7
25700.9
25717.7
25681
25659.3
25664.1
25681
25719.2
25765.4
25825.7
25895.8
25983.4
26075.2
26174.7
26248.8
26276.2
26335
26452.2
26534.9
26553.2
26573.4
26597.1
26620.1
26641.9
26671.7
26717.2
26776.2
26861.4
26920
26926.6
26937.2
26955.6
26953.1
26909
26855.3
26782
26741.3
26766.6
26759.5
26685.9
26620.6
26572.1
26519
26456
26404.8
26378.2
26337.7
26267.7
26203.5
26151.8
26094.7
26026.2
25965.1
25920.4
25844.9
25701.9
25540.7
25338.9
25149
24985.6
24826.3
24676.2
24499.9
24264.2
24048
23876.8
23695.8
23491.8
23315.3
23203.2
23081.5
22936.9
22815.8
22750.6
22689.5
22637.8
22606.6
22625.2
22647.3
22677.9
22723.2
22804.8
22887.1
22970.9
23093.5
23314.3
23512.9
23654.7
23805.8
23980.6
24160.7
24354.3
24559.8
24796.4
25022.6
25220.9
25429.9
25667.7
25911.1
26169.7
26427.3
26682.1
26912.8
27076.9
27238.2
27391.6
27555.3
27748.4
27927.5
28066.6
28182.5
28231.6
28294.2
28395.9
28459.3
28410
28373.3
28373.6
28353.9
28274.1
28204.3
28164.6
28113.4
28027.3
27933.6
27816.5
27712.8
27651.1
27575.4
27455.4
27319.1
27130.8
26960.5
26848.3
26744.6
26668.8
26580.5
26450.7
26324.5
26210.4
26101.1
26007.9
25927.5
25891.1
25853.9
25814.1
25749
25595.2
25469.3
25441.6
25402.6
25323.1
25252.8
25215.7
25178.7
25142.1
25106.9
25077.2
25037.9
24962.6
24886.9
24809.6
24731.4
24649.4
24581
24565.5
24548.9
24527.5
24489.3
24384.4
24302.7
24314.5
24305.7
24213
24128.6
24078.1
24028.7
23983.6
23930.8
23845
23751.4
23624.3
23517
23495.6
23441.9
23246.1
23074
23007.6
22924.4
22765.4
22607.5
22454
22301
22149.9
21992
21801.8
21606.8
21389
21180.7
21018.4
20854.5
20682.6
20507.5
20316.1
20130.3
19972.6
19814.6
19654.4
19500.8
19381
19252.2
19075.8
18908.3
18788.7
18665.3
18521.2
18383.7
18283.1
18179.4
18058
17943.6
17868.7
17786.5
17661.9
17535.9
17402.2
17271.5
17158.3
17049.9
16970.6
16891.7
16815.6
16740.2
16669.7
16593.1
16478
16366
16274.1
16181.8
16086.4
15998.1
15957.2
15912.7
15843.7
15780.3
15755.6
15729.7
15695
15666.1
15678.3
15685.9
15660.2
15643.4
15692.5
15730.1
15680.9
15642.6
15688.2
15724.3
15686.1
15650
15630.3
15614.7
15632.2
15646.8
15637.5
15626.4
15599.7
15577.1
15590
15598.3
15566.2
15537.8
15543.6
15549.4
15555.1
15562.7
15587.2
15608.7
15601.4
15593.1
15574.3
15552.3
15497.6
15442.7
15386.9
15329.4
15254.6
15180.8
15118.9
15055.4
14975
14892.2
14780.9
14669.9
14563.1
14457.1
14359.8
14264
14184.5
14098.2
13921.6
13754.3
13710.5
13663
13564.9
13468.5
13397.4
13327.1
13269.5
13208.6
13098.5
12988.7
12883.2
12778
12678.7
12579
12471.1
12362.9
12249.3
12135
12007.8
11881.7
11776.1
11669.6
11544.2
11417.9
11272
11126.6
10990.9
10854.3
10695.3
10536.7
10386.5
10237.3
10113.6
9989.31
9849.05
9708.61
9563.15
9417.84
9277.08
9136.41
8998.54
8860.85
8728.98
8597.36
8474.88
8352.26
8224.39
8096.29
7958.53
7821.48
7718.89
7616.05
7500.66
7385.41
7278.42
7172.12
7112.48
7051.96
6923.38
6794.83
6667.95
6540.72
6373.99
6207.36
6057.01
5906.22
5667.86
5429.48
5187.62
4945.73
4679.39
4413.05
