-14.5772
35.8733
86.3239
94.0808
101.773
99.2115
96.6141
97.7923
98.9911
100.091
101.19
99.6165
98.0181
98.2963
98.596
98.9943
99.3939
100.285
101.184
100.709
100.209
98.6321
97.0337
99.347
101.745
101.995
102.195
100.057
97.8593
97.5084
97.2087
95.8418
94.4432
97.2076
100.105
103.871
107.668
101.147
94.2535
96.3094
98.7071
95.919
92.922
96.9209
101.217
99.7741
98.0758
100.1
102.298
100.971
99.4727
98.5445
97.6454
98.4537
99.3528
100.725
102.124
101.822
101.422
100.457
99.4583
99.0237
98.6241
98.3183
98.0186
102.403
107.098
102.445
97.1504
96.7067
96.6068
96.6931
96.793
98.9367
101.234
96.6721
91.5771
96.4729
102.167
100.015
97.218
96.7236
96.4239
99.801
103.497
101.965
99.9674
100.074
100.374
101.405
102.503
98.4077
93.8122
96.8557
100.652
99.4573
97.759
100.316
103.313
102.967
102.268
102.38
102.58
103.589
104.688
106.416
108.214
107.415
106.316
104.591
102.793
103.403
104.302
108.76
113.655
113.401
112.502
111.337
110.138
113.801
118.097
119.57
120.669
124.408
128.504
129.615
130.314
131.101
131.9
136.196
140.991
140.728
139.729
147.171
155.863
156.653
156.253
160.705
165.9
168.069
169.768
172.415
175.212
181.021
187.315
189.144
190.243
195.368
201.162
211.144
221.834
221.865
220.067
227.371
236.262
246.851
257.74
263.718
268.813
279.146
290.435
303.494
316.881
318.075
316.976
324.015
332.606
338.687
344.281
356.306
369.593
380.547
391.037
401.526
412.016
418.775
424.769
431.59
438.583
453.581
470.265
482.009
492.698
509.137
526.82
542.782
558.367
581.39
606.065
622.098
636.184
649.701
663.087
692.543
725.71
757.744
789.513
803.999
814.389
835.574
859.351
893.254
929.619
956.523
981.099
1001.03
1019.82
1036.6
1052.89
1077.61
1104.48
1119.13
1130.62
1156.92
1187.09
1213.31
1238.48
1265.79
1293.66
1305.89
1313.88
1351.83
1397.98
1419.65
1434.54
1464.56
1498.83
1523.29
1544.97
1579.92
1618.68
1654.11
1688.58
1712.54
1733.42
1767.86
1806.32
1833.1
1856.38
1898.21
1945.66
1965.44
1976.73
1991.98
2008.47
2023.05
2037.03
2067.79
2103.85
2117.06
2122.96
2134.66
2148.25
2166.65
2186.64
2185.29
2176.9
2200.26
2234.23
2259.98
2282.96
2309.36
2336.93
2362.35
2387.03
2423.86
2464.92
2502.8
2539.56
2589.89
2645.03
2701.43
2758.27
2804.56
2847.02
2893.5
2941.45
3000.13
3062.76
3121.04
3177.68
3235.49
3293.73
3353.78
3414.52
3464.51
3510.37
3573.92
3644.36
3719.52
3796.55
3857.97
3913.22
3982.24
4056.76
4114.99
4166.64
4216.73
4266.18
4323.98
4385.22
4427.97
4463.04
4509.79
4561.44
4616.03
4671.88
4718.35
4760.8
4788.05
4808.73
4858.43
4920.77
4973.04
5020.9
5079.82
5143.66
5197.56
5247.01
5296.26
5345.41
5416.86
5498.48
5583.53
5670.14
5717.73
5747.2
5814.09
5898.51
5970.85
6037.48
6121.64
6214.15
6285.68
6347.12
6427.86
6517.97
6577.57
6622.23
6679.92
6744.06
6805.73
6866.17
6887.99
6890.39
6928.25
6984.09
7018.46
7041.84
7069.04
7098.21
7108.07
7107.87
7129.21
7161.88
7175.68
7179.48
7161.66
7132.29
7129.33
7140.62
7127.97
7102.29
7101.52
7114.41
7118.87
7118.67
7120.84
7124.34
7105.85
7074.98
7090.88
7133.34
7156.87
7169.56
7198.46
7236.72
7245.5
7237.1
7267.49
7320.63
7368.82
7414.08
7453.33
7489
7542.68
7607.22
7675.49
7746.02
7819.46
7894.69
7967.19
8038.02
8160.27
8314.52
8442.07
8552.86
8691.49
8847.74
8941.84
8996.28
9088.54
9205.13
9294.75
9366.88
9414.24
9445.41
9491.69
9547.94
9576.4
9586.39
9589.68
9588.48
9595.33
9607.62
9624.48
9644.46
9679.55
9725
9757.65
9781.42
9789.85
9787.55
9828.64
9900.27
9953.32
9993.18
10019.5
10036
10067.5
10109.8
10144.1
10172.7
10198.3
10221.7
10223.8
10210.3
10220.3
10247.7
10285.7
10331.8
10362
10380.3
10410.2
10449.1
10495.5
10547.8
10591.3
10628.1
10662.3
10694.4
10719.7
10739.6
10773.6
10818.9
10819.5
10784.3
10788.8
10825.4
10859.1
10890.5
10899.5
10890.2
10916.4
10971.8
11018.7
11058.6
11090.3
11115
11136.9
11156.4
11183.1
11215.9
11258.8
11310.4
11356.1
11396.7
11418.3
11423.3
11435.9
11455.3
11463.4
11461.6
11483.7
11527
11560.5
11584.9
11599.3
11604.4
11603.7
11597.7
11598.9
11606.8
11598
11573.6
11561.3
11560.3
11567
11581
11591.3
11598.1
11619
11653.5
11683.8
11710.2
11744.4
11786.4
11838.2
11899.8
11937.7
11952.3
11992
12056.7
12123.2
12191.5
12282.7
12397.2
12461.9
12475.7
12539.7
12655.2
12791.2
12948.6
13065.6
13140.4
13258.7
13422.7
13548.5
13633.7
13723.6
13818.4
13936.2
14078.7
14203.2
14308
14414.7
14523.4
14618.9
14699.9
14772.3
14835
14890.2
14937
15002.2
15088.2
15140.5
15154.5
15179.9
15218.5
15237.9
15235.2
15259.2
15314.2
15312.7
15244.7
15209
15211.6
15214.5
15217.9
15212.7
15197.1
15195.3
15210.2
15217.1
15214.3
15225.2
15253
15255.5
15226.6
15228.2
15267.9
15292.3
15297.5
15294.8
15282
15304.6
15372.8
15413.2
15417.9
15435.9
15471
15512.7
15563
15599.4
15617.6
15663.4
15746.1
15827.9
15908.4
15962.1
15979.4
15988.8
15987.3
15979.5
15963.1
15955.1
15958.7
15956.5
15946.1
15871.7
15707
15565.3
15456.4
15363.4
15293.1
15193.9
15052.7
14929.1
14831
14694.4
14501.3
14336.3
14213.1
14083.7
13945.1
13816
13701.1
13549.8
13343.3
13170.9
13050.5
12915.6
12758.4
12620.8
12514
12378.2
12196.8
12064.3
12009.4
11936.3
11834.2
11733
11633.3
11549.5
11491.4
11457.5
11463.2
11461.4
11447.3
11442.3
11452.5
11458.5
11457.3
11473.5
11519.1
11550.7
11558.7
11576.4
11610.6
11639.4
11658.6
11677.9
11697.5
11714.2
11725.8
11741.5
11764.6
11780.1
11782.1
11785.3
11790.6
11814
11870.5
11916.7
11943.8
11967.7
11985.8
12005.2
12027.2
12050.3
12075.3
12100
12123.9
12152.3
12189.3
12228
12269.9
12290.3
12268.8
12264.2
12292.9
12312.2
12312.9
12321.1
12344.4
12348.1
12312
12286.2
12281.3
12264.1
12221.5
12184
12156.8
12132.4
12113.9
12095.7
12077.8
12045.3
11981.4
11930.1
11905.7
11878.6
11845.5
11810.4
11770.9
11727.9
11677.5
11623.7
11562.4
11503.9
11451.3
11376.9
11252.5
11144.6
11074.8
11002.2
10922.9
10845
10770.1
10695.6
10622
10566.2
10552.6
10519.7
10440
10388.9
10407.1
10423.4
10435.1
10447.5
10461.6
10487.8
10543.8
10602.9
10669.9
10732.4
10783.5
10846.1
10938.1
11030.6
11124.3
11214.2
11294.1
11380
11481.7
11578.7
11663
11757.7
11880.5
11993.8
12081.4
12169.6
12259.2
12341.8
12404.8
12468.6
12534.5
12596.3
12646.6
12708.1
12801.6
12869.1
12860.8
12864.7
12904.3
12931.7
12922.6
12908.7
12880.5
12855.9
12842.7
12826
12798.3
12766.8
12723.3
12676.1
12616.8
12561.7
12519.8
12474.7
12419.5
12367.4
12324.9
12274.3
12197.2
12132.8
12110.5
12080.9
12026.7
11971.6
11913.9
11863.1
11836.1
11800.2
11733.4
11675.3
11647.9
11620.7
11594
11570.8
11560
11550.9
11547.5
11535.2
11490.4
11452.9
11442
11426.3
11392.5
11358.4
11323
11296.8
11305.8
11307.2
11279.2
11242.6
11172.7
11117.2
11119.4
11119.8
11113
11096.6
11040.9
10994.5
10986.8
10968.1
10903.6
10846.9
10823.3
10796.7
10756.8
10711.9
10644.9
10586.3
10564.1
10539.7
10505.6
10469.1
10422
10371.8
10307.2
10237.8
10146.4
10057.9
9983.52
9906.87
9819.66
9736.25
9671.21
9602.58
9516.37
9435.78
9383.13
9323.51
9228.81
9137.12
9060.9
8988.81
8938.16
8881.51
8793.29
8707.3
8633.18
8563.73
8519.68
8472.13
8405.4
8339.8
8280.56
8224.13
8183.67
8137.02
8054.7
7980.91
7957.04
7932.99
7907.91
7872.4
7773.9
7689.37
7690.57
7685.17
7638.61
7590.94
7536.19
7487.34
7476.45
7460.65
7412.7
7363.64
7307.2
7255.55
7236.47
7219.37
7215.97
7211.26
7197.27
7184.37
7179.28
7170.66
7136.29
7109.55
7139.52
7165.64
7162.54
7157.78
7140.2
7126.18
7140.16
7151.37
7140.28
7135.17
7179.03
7215.59
7191.22
7167.08
7145.01
7123.79
7110.1
7098.04
7100.44
7104.01
7118.3
7129.79
7115.31
7103.58
7118.06
7134.57
7170.73
7201.58
7179.4
7156.95
7131.78
7106.74
7083.17
7061.42
7059.32
7054.99
7026.01
6994.65
6936.31
6879.66
6842.7
6805.16
6760.7
6715.8
6665.45
6614.84
6560.99
6507.6
6460.15
6412.45
6361.5
6311.4
6273.04
6233.87
6183.12
6133.55
6101.38
6067.98
6015.83
5965.45
5942.98
5918.44
5860.29
5803.72
5773.75
5742.54
5689.6
5637.17
5594.31
5550.33
5484.89
5421
5387.63
5353.12
5294.98
5237.65
5197.99
5156.3
5068.48
4982.27
4934.32
4885.69
4820.05
4754.41
4688.47
4623.01
4570.86
4517.85
4439.13
4360.87
4297.33
4234.12
4182.17
4130.06
4071.92
4013.35
3938.13
3863.39
3809.64
3755.87
3701.12
3646.13
3578.3
3510.98
3473.71
3436.08
3373.34
3310.83
3266.38
3221.83
3169.28
3116.69
3059.45
3002.23
2948.78
2895.21
2817.09
2738.84
2618.16
2497.49
2385.9
2274.31
