-108.776
-55.4282
-2.08047
3.38657
8.78129
6.01244
3.21518
7.67119
12.1668
9.4234
6.62614
6.40206
6.20226
4.91596
3.61723
3.40284
3.20304
4.97086
6.76909
6.8
6.8
6.11407
5.41476
5.00882
4.60921
4.89279
5.1925
6.36882
7.56765
5.65587
3.65783
5.54021
7.53825
9.72992
11.9278
9.87438
7.67653
6.92504
6.22572
5.52641
4.82709
5.95238
7.1512
8.15836
9.15738
8.7218
8.22229
7.62733
7.02792
6.8095
6.6097
7.93074
9.32937
10.2537
11.1528
9.87474
8.47611
8.21107
8.01126
9.2255
10.5242
6.74297
2.64698
5.21634
8.2134
7.55686
6.65774
6.31954
6.01983
6.46645
6.96596
5.1381
3.14006
4.95088
7.04883
8.12703
9.12605
9.84755
10.5469
8.19989
5.60243
3.83402
2.13569
5.03337
8.33014
9.79242
11.0911
11.6576
12.1571
8.09001
3.59442
6.20753
9.5043
8.25399
6.55566
6.85373
7.35324
7.30945
7.20955
7.92283
8.72205
5.37398
1.5777
4.25873
7.6554
8.17953
8.37934
9.83313
11.4316
9.54437
7.24662
7.98097
9.07989
9.11101
9.01111
9.35515
9.75476
10.2429
10.7425
10.358
9.85851
9.8
9.8
12.8802
16.3767
15.0438
13.0458
12.8876
12.9875
13.3497
13.7493
12.4044
10.806
11.8184
13.217
16.5259
20.1223
20.2535
19.8538
20.7508
21.8497
21.655
21.2554
21.2
21.2
22.4019
23.8005
26.741
29.9378
28.5199
26.322
27.5347
29.333
30.7909
32.1896
34.1823
36.2803
36.5153
36.4154
36.3155
36.2156
37.6328
39.3312
41.7863
44.3838
44.8839
44.9838
46.3392
47.9376
48.2
48.2
49.1997
50.3985
52.2622
54.2602
58.0824
62.2783
64.0753
65.3741
69.066
73.2618
71.7772
69.0798
72.4602
77.1556
79.7206
81.8186
84.407
87.1043
91.1064
95.4022
92.9461
88.95
96.0718
105.762
107.6
107.6
111.719
116.814
118.364
119.063
125.228
132.72
135.643
137.441
139.639
141.937
145.352
149.048
148.527
146.928
152.237
159.33
163.334
166.531
164.909
162.012
167.231
174.624
175.492
174.593
178.007
182.602
188.136
193.931
195.668
196.267
202.003
209.196
211.11
211.51
211.135
210.536
213.876
218.371
223.175
228.07
227.586
225.488
227.683
231.179
234.982
238.878
242.621
246.318
247.276
247.376
249.676
252.673
252.265
250.766
252.362
254.96
254.17
252.271
254.578
258.274
259.874
260.773
261.896
263.095
265.56
268.457
269.943
270.942
275.276
280.77
287.521
294.714
296.452
296.253
296.935
297.934
309.345
324.53
328.6
328.6
332.392
337.587
339.727
340.726
348.254
358.244
362.664
364.962
368.125
371.622
381.882
394.769
394.382
388.787
396.145
408.633
414.055
416.653
422.382
429.375
438.284
447.975
449.809
448.41
451.741
457.035
457.896
456.897
455.196
453.198
457.359
464.153
468.992
472.988
476.01
478.607
482.801
487.696
495.152
503.744
503.294
498.799
501.185
506.68
510.87
514.467
522.648
532.938
542.887
552.677
557.229
559.327
563.528
568.722
568.844
566.546
572.747
583.037
588.148
590.746
593.276
595.774
596.934
597.434
601.133
606.428
615.512
626.501
621.916
609.428
608.966
614.661
615.282
613.284
605.703
595.213
597.494
606.485
604.899
597.706
598.715
604.11
599.575
589.684
583.288
578.792
579.974
584.27
590.173
596.967
593.821
585.13
582
582
580.279
577.582
578.125
580.522
580.45
578.951
577.705
576.606
581.047
588.739
585.45
575.66
576.754
584.347
592.438
600.83
602.57
600.272
602.932
608.626
622.475
641.356
647.122
644.724
647.299
652.993
656.424
658.422
662.676
668.371
673.579
678.474
682.884
686.98
690.231
692.928
693.639
693.039
687.159
677.768
670.351
664.257
670.981
686.366
687.014
677.624
674.688
676.187
675.973
674.575
670.999
665.904
673.475
689.959
693.527
687.933
681.115
673.422
677.05
688.838
691.601
687.805
682.394
675.801
676.103
681.498
683.514
683.014
682.4
681.701
677.874
671.68
672.344
678.238
686.109
695.5
696.335
690.541
684.859
679.264
676.744
676.644
675.764
674.266
678.762
688.053
690.928
688.63
687.214
686.515
686.474
686.974
685.23
681.633
680.054
680.154
679.168
677.269
674.613
671.317
674.223
682.415
686.684
687.583
685.162
679.867
676.226
674.028
672.894
672.694
671.276
668.778
672.296
681.187
680.143
670.153
671.056
681.846
682.408
673.617
671.427
675.323
676.941
676.441
672.692
665.898
666.249
673.342
675.93
674.231
671.462
667.666
664.885
663.087
664.68
669.575
674.874
680.568
679.985
673.192
675.953
688.241
689.567
679.876
678.524
685.617
693.699
702.79
710.798
717.691
719.974
717.476
717.91
721.406
727.238
735.53
735.1
725.409
726.867
740.254
750.709
758.002
762.949
765.346
769.985
777.078
781.465
782.863
783.742
784.041
782.74
779.643
780.157
784.752
788.834
792.331
792.526
788.929
787.139
787.439
789.905
794.9
791.218
777.332
775.24
787.129
790.322
783.129
778.112
775.714
771.105
763.813
761.777
766.173
769.181
770.48
770.844
770.044
767.87
763.974
763.345
766.842
765.064
756.572
752.806
755.104
757.402
759.7
762.561
766.158
767.725
766.626
765.097
762.999
762.613
764.511
767.474
771.869
776.307
780.803
783.273
782.974
782.044
780.246
774.142
762.054
752.587
746.792
742.737
741.139
736.903
728.911
721
713.208
705.987
699.594
694.337
690.741
683.465
670.778
661.108
655.913
651.078
646.782
641.53
634.837
623.98
606.797
594.427
589.432
586.282
585.982
582.831
575.239
567.646
560.054
554.975
553.876
549.737
540.746
534.205
531.607
530.152
530.552
529.171
524.875
521.333
519.035
516.55
513.753
512.074
512.274
515.813
525.004
527.072
516.982
511.004
512.103
512.982
513.482
514.345
515.843
517.342
518.84
520.698
523.196
524.586
523.986
524.737
527.934
531.838
537.033
538.467
532.972
528.911
527.512
527.851
531.447
532.556
528.959
527.218
529.017
530.917
533.015
535.827
540.023
539.186
528.497
522.407
525.404
525.931
521.535
519.894
523.79
526.433
526.533
525.059
520.363
517.493
518.392
516.537
508.945
503.574
502.875
501.504
498.706
497.818
501.015
502.346
499.649
496.323
491.628
488.743
489.842
488.645
482.351
476.52
471.724
469.564
473.361
473.138
463.747
456.353
453.556
450.909
448.611
444.492
436.1
429.132
425.536
422.234
419.636
419.059
423.354
426.836
428.335
428.274
424.377
422.661
426.358
428.06
424.763
424.635
432.527
438.846
441.144
443.079
444.078
445.88
449.777
451.279
446.484
444.803
451.396
458.207
465.599
471.969
475.566
480.846
490.736
497.628
496.23
498.255
509.843
516.675
510.081
506.29
510.485
513.394
512.595
511.566
509.867
509.107
511.105
512.222
510.724
509.575
509.475
508.558
505.161
502.551
502.351
501.712
499.714
495.395
483.806
475.767
478.964
481.876
483.874
483.701
476.508
470.579
468.78
468.63
473.924
475.308
463.62
454.212
452.514
450.567
447.769
445.712
446.212
445.8
442.203
439.664
440.863
441.472
439.974
438.778
438.678
437.421
431.926
428.917
435.111
438.358
430.566
423.42
418.724
416.115
421.51
425.37
423.272
421.762
422.561
422.758
420.561
418.005
414.009
410.544
409.245
408.551
410.349
411.279
408.582
405.636
401.64
397.871
395.074
393.099
394.698
395.112
390.316
385.887
383.09
381.162
383.16
383.062
373.372
365.045
363.047
361.049
359.051
357.175
355.876
353.326
344.735
338.498
343.792
346.492
336.302
327.304
324.306
321.293
318.196
315.745
316.644
316.155
308.363
301.264
297.867
295.887
301.582
305.447
299.253
293.878
293.079
291.965
289.068
286.792
288.091
288.543
284.048
279.926
278.028
275.718
270.923
266.45
263.952
262.877
270.669
276.583
270.589
264.461
257.468
251.44
251.739
252.208
253.807
254.956
253.058
250.933
247.236
244.261
246.359
248.445
250.443
251.477
245.483
240.389
241.988
243.4
243.4
243.194
241.395
240.014
241.912
243.235
239.938
237.424
241.32
244.042
236.949
231.239
237.333
242.348
237.952
234.171
235.87
237.202
235.204
233.836
238.332
241.925
236.93
232.688
235.785
238.436
236.638
234.617
230.321
226.722
230.419
233.945
235.643
236.909
233.412
229.663
223.07
217.579
224.872
231.174
225.68
220.306
216.41
212.602
209.904
207.221
204.724
202.038
196.843
191.993
191.893
191.964
194.461
196.501
191.805
187.314
185.915
184.343
180.047
176.237
180.333
183.943
179.348
175.011
175.21
175.255
172.457
169.755
168.856
168
168
167.701
161.207
154.775
149.68
144.804
144.904
145.068
146.767
148.262
144.666
141.088
137.991
135.031
135.93
136.7
133.603
130.518
127.821
125.117
122.22
119.318
116.221
113.134
110.436
107.789
107.289
106.814
107.514
108.107
103.112
98.265
102.161
105.941
101.945
98.028
100.226
102.343
97.048
91.8026
92.1023
92.369
87.8734
83.3975
82.898
82.3843
77.0895
71.799
70.8
69.8009
