-94.977
-44.0269
6.92315
11.3891
15.7847
15.1031
14.4038
14.5987
14.7985
15.8908
16.9897
13.833
10.6361
14.057
17.5536
17.5014
17.4015
16.121
14.8223
16.8619
18.9598
18.0201
17.0211
17.7823
18.5816
16.648
14.65
16.8402
19.138
18.1307
17.0318
15.4478
13.8494
15.4458
17.1442
16.0406
14.8417
15.7642
16.7632
15.3566
13.858
16.2008
18.6983
15.9249
12.9278
15.7648
18.8618
17.0911
15.0931
15.6667
16.366
17.6357
18.9344
16.6286
14.131
13.5267
13.0272
13.8502
14.7493
16.214
17.7126
15.6363
13.3385
15.5469
18.0445
19.2305
20.3294
19.6521
18.8529
18.0537
17.2544
15.5243
13.726
12.671
11.672
14.6592
17.956
18.2
18.2
16.5384
14.7401
15.7975
17.0962
16.8323
16.4327
17.1338
17.933
15.6202
13.0228
12.7087
12.6088
12.5089
12.4089
16.5833
21.1788
16.4275
10.7331
13.4598
17.0563
16.4964
15.4974
13.5067
11.4087
14.7985
18.7946
18.1228
16.924
17.7853
18.8842
18.4637
17.8643
17.1757
16.4764
15.7771
15.0778
16.3318
17.8303
18.6201
19.3194
19.9304
20.5298
19.3652
17.9666
19.5601
21.5581
23.2049
24.8034
25.2628
25.5625
24.4636
23.1648
22.215
21.3159
24.8551
29.051
28.2975
26.799
26.8599
27.1596
29.2745
31.6722
28.0328
23.4373
22.4558
22.0562
26.8935
32.5879
34.9418
36.74
35.9745
34.7756
34.0884
33.489
36.8027
40.7988
41.9941
42.6934
43.308
43.9075
45.1827
46.5813
46.0414
45.1423
49.3726
54.5675
53.9738
52.2755
53.0881
54.3868
55.435
56.434
57.5997
58.7985
61.0777
63.5753
68.8919
74.7862
72.9876
69.5909
70.3204
71.9188
77.3043
83.4982
84.2715
83.8719
89.0439
95.4376
97.3356
98.2348
99.5416
100.94
103.234
105.731
112.53
120.322
121.719
121.619
123.78
126.478
130.786
135.482
143.151
151.543
152.719
152.119
157.438
164.232
170.147
175.842
176.124
175.026
177.658
181.254
184.138
186.836
188.822
190.62
198.013
206.905
208.721
208.621
215.186
223.578
224.931
224.331
230.598
238.79
244.258
248.953
254.192
259.587
263.975
268.071
273.171
278.565
282.727
286.524
289.398
291.995
295.743
299.839
300.494
300.094
308.388
319.378
318.653
314.257
316.159
320.055
324.632
329.427
328.562
325.865
326.179
327.477
331.554
336.549
341.32
346.015
343.764
339.169
343.885
351.777
364.128
378.014
385.157
389.952
387.283
381.988
389.372
401.26
408.737
414.632
424.925
436.814
444.241
450.036
456.778
463.871
468.273
471.67
482.9
497.086
509.536
521.325
528.857
534.751
543.883
554.273
562.151
569.044
576.152
583.345
586.114
587.113
601.776
621.956
635.536
646.425
650.732
652.331
660.493
671.383
677.486
681.582
688.064
695.557
698.5
699.499
710.409
725.594
728.877
726.979
737.158
752.643
758.715
760.613
766.652
774.544
788.149
804.333
810.155
811.254
814.2
817.996
829.093
843.579
851.874
857.269
869.651
885.335
905.755
928.433
934.923
933.624
944.431
961.115
962.845
957.25
963.891
976.579
983.067
986.463
992.386
999.579
1005.71
1011.3
1017.49
1023.99
1024.29
1021.39
1024.34
1030.33
1026.5
1017.51
1020.47
1029.76
1034.24
1036.13
1035.5
1033.5
1025.03
1013.05
1007.25
1004.85
1004.9
1006.3
1014.3
1025.99
1021.57
1008.08
1008.17
1015.96
1019.43
1020.43
1023.33
1027.33
1034.29
1042.98
1048.4
1051.9
1055.9
1060.19
1063.11
1065.21
1076.04
1092.12
1102.49
1109.38
1119.13
1130.61
1138.09
1143.08
1161.13
1187.31
1200.84
1206.43
1219.12
1236.31
1256.72
1279.2
1286.9
1285.11
1290.4
1300.29
1310.12
1319.91
1323.86
1323.96
1322.98
1321.28
1323.65
1328.74
1330.14
1329.04
1330.32
1333.22
1334.87
1335.67
1335.11
1333.62
1337.29
1344.59
1352.64
1361.23
1365.09
1365.59
1365.74
1365.64
1373.67
1387.55
1395.31
1398.6
1396.37
1390.07
1392.05
1400.15
1398.44
1389.45
1396.56
1415.74
1417.97
1407.38
1407.79
1416.58
1424.92
1432.91
1440.9
1448.89
1455.09
1459.89
1458.98
1453.59
1454.71
1461
1460.91
1455.72
1454.12
1455.42
1463.22
1476.31
1479.01
1473.22
1470.98
1471.68
1477.12
1486.52
1490.69
1490.49
1490.78
1491.48
1494.66
1499.95
1504.39
1508.08
1509.16
1507.96
1513.37
1524.56
1523.53
1511.74
1517.21
1537.99
1551.49
1558.49
1557.91
1550.52
1550.35
1556.74
1559.85
1559.95
1556.31
1549.22
1552.58
1565.67
1567.51
1558.82
1559.02
1567.61
1568.83
1563.04
1565.25
1575.14
1577.81
1573.52
1574.03
1579.23
1590.17
1606.75
1613.74
1611.25
1612.6
1617.8
1624.44
1632.53
1638.68
1642.88
1653.21
1669.79
1682.38
1690.88
1703.24
1719.63
1732.69
1742.28
1748.37
1750.76
1762.81
1785.08
1802.34
1814.23
1829.92
1849.7
1868.95
1887.63
1904.74
1920.13
1935.27
1950.16
1960.65
1966.24
1975.37
1988.45
1996.38
1998.48
2005.39
2017.78
2018.68
2006.39
2008.64
2027.72
2031.36
2016.97
2013.42
2022.61
2023.85
2015.66
2021.9
2045.37
2051.76
2037.58
2025.83
2017.04
2014.27
2018.86
2020.5
2018.51
2018.25
2020.14
2024.88
2033.17
2035.55
2030.45
2025.14
2019.54
2016.27
2015.97
2021.07
2033.16
2039.87
2039.57
2046
2061.29
2066.82
2059.43
2058.49
2066.19
2072.69
2077.58
2082.05
2085.95
2090.06
2094.45
2102.29
2114.88
2117.27
2105.48
2093.48
2081.19
2067.25
2050.97
2033.86
2015.57
2002.54
1997.05
1980.65
1948.49
1929.52
1929.82
1916.74
1883.97
1854.94
1831.47
1813.27
1802.99
1784.89
1755.02
1734.03
1726.53
1712.18
1687.3
1665.13
1647.15
1628.47
1608.68
1588.48
1567.6
1547.99
1530.41
1515.29
1504.1
1496.82
1495.82
1494.06
1491.06
1486.81
1480.52
1477.32
1479.21
1482.01
1486.31
1492.17
1500.66
1505.55
1504.35
1504.67
1507.57
1508.66
1506.67
1508.25
1516.04
1520.96
1520.86
1521.67
1524.06
1523.08
1516.09
1514.39
1522.18
1527.98
1530.18
1536.09
1548.77
1554.33
1546.74
1547.01
1561.89
1573.37
1578.47
1580.35
1576.15
1572.4
1569.51
1564.08
1553.79
1552.91
1570.29
1584.23
1591.42
1593.95
1587.26
1582.83
1582.93
1578.92
1566.63
1559.65
1563.45
1568.1
1574.49
1577.14
1572.04
1563.48
1547.69
1540.25
1550.34
1557.62
1558.91
1557.7
1551.11
1543.18
1532.39
1523.18
1517.38
1510.87
1502.78
1497.29
1497.59
1493.33
1478.84
1465.18
1453.39
1442.06
1431.77
1422.12
1413.93
1405.85
1398.06
1388.45
1374.56
1362.93
1356.64
1351.73
1350.13
1345.28
1332.59
1325.63
1332.63
1339.07
1344.17
1345.82
1338.93
1337.65
1350.43
1360.84
1365.24
1370.76
1379.15
1389.02
1402.71
1414.68
1422.17
1432.58
1450.66
1468.2
1484.28
1496.32
1497.52
1502.3
1516.79
1531.6
1547.28
1562.01
1574.1
1588.66
1610.14
1628.12
1636.21
1644.66
1654.15
1661.53
1662.83
1663.9
1664.3
1667.21
1677.5
1682.05
1669.57
1661.3
1665.69
1666.62
1657.03
1649.23
1646.94
1643.3
1635.51
1626.65
1614.46
1605.22
1605.32
1603.09
1593.4
1583.19
1571.3
1560.14
1551.35
1546.29
1553.59
1557.8
1551.7
1542.05
1520.37
1505.95
1516.34
1520.61
1503.73
1488.44
1478.75
1471.2
1471.2
1471.96
1475.46
1474.89
1459.6
1451.2
1467.98
1476.5
1454.43
1437.5
1439.9
1442.24
1444.33
1446.37
1448.17
1447.7
1438.41
1431.79
1435.69
1434.32
1412.05
1395.19
1400.19
1403.22
1398.22
1391.63
1378.44
1368.15
1369.94
1372.45
1377.94
1381.72
1378.12
1373.7
1365.71
1357.76
1349.96
1342.39
1335.8
1328.93
1320.84
1311.92
1299.24
1286.71
1274.92
1264.06
1257.57
1252.63
1255.13
1252.32
1223.84
1199.01
1192.02
1184.74
1176.05
1166.42
1152.03
1138.36
1128.37
1119.76
1118.26
1114.78
1100.89
1089.99
1094.98
1095.04
1068.37
1045.4
1042.8
1041.15
1044.74
1045.57
1030.68
1016.12
1003.43
991.943
987.448
984.665
992.058
996.824
985.735
975.416
969.821
965.98
973.073
976.165
953.887
935.619
943.212
949.073
943.578
938.006
931.912
925.189
914.2
903.842
897.848
893.843
903.834
911.645
903.853
897.662
903.157
906.697
895.707
887.06
896.151
904.12
903.42
901.922
894.129
888.162
896.854
904.73
905.929
906.648
903.351
899.803
894.108
889.853
898.145
905.075
899.881
894.359
885.868
878.849
885.543
892.426
901.118
908.377
901.683
895.063
889.168
884.237
889.132
893.33
890.233
887.068
883.171
879.217
874.622
870.14
866.943
863.762
860.765
856.847
841.962
827.951
824.654
821.284
816.988
812.557
806.363
800.092
792.799
785.838
783.44
780.918
776.622
771.97
762.079
752.442
746.648
740.626
731.036
721.821
718.724
715.571
711.475
707.611
707.81
707.626
700.433
693.25
686.257
678.606
657.927
638.292
640.29
641.786
632.395
623.269
620.172
616.529
599.846
583.769
582.97
581.736
568.948
556.274
546.783
537.325
528.833
520.469
516.174
511.761
503.369
494.927
484.637
474.546
472.348
470.029
462.436
454.901
450.106
445.193
434.104
423.15
420.153
417.097
410.104
403.145
398.849
394.458
381.371
368.333
360.74
353.124
342.034
330.935
317.848
304.758
290.572
276.384
260.299
244.215
