71.789337
67.972874
68.232135
64.771682
66.659905
64.283052
70.086639
70.572453
73.295783
69.757382
72.345345
73.105522
73.409469
76.336688
78.269797
80.144501
80.465721
84.331234
86.267208
88.506564
87.457519
92.345210
90.720353
91.542041
90.440311
97.640066
99.858040
100.117474
101.826361
102.890053
103.940254
106.058218
107.525474
108.475949
110.461487
112.737165
114.703104
122.758177
118.482443
124.715286
127.101045
131.610184
132.001286
133.213789
132.112981
133.972305
140.539673
146.618586
149.468539
147.520693
152.308120
158.897705
161.207751
173.894989
183.778934
190.292011
203.763844
218.260797
237.614280
251.910846
271.287515
294.555644
321.913415
350.547985
380.563579
419.569872
455.509543
502.907489
553.285090
609.422389
671.865339
726.226835
795.138955
861.165763
958.108293
1030.710564
1121.183515
1217.240979
1308.978421
1403.696353
1518.419661
1647.268947
1744.825714
1856.496992
1974.185650
2094.483008
2222.573158
2329.655902
2453.278872
2539.080602
2649.417481
2742.958814
2819.620902
2882.155612
2938.437914
2988.523383
3036.579021
3083.492632
3114.734643
3139.508571
3161.964350
3199.485714
3243.375940
3230.900564
3246.960357
3245.078625
3232.013158
3215.662256
3230.759793
3242.551073
3241.493571
3239.401203
3235.013947
3239.611053
3260.215038
3260.555357
3251.102825
3267.550226
3267.141017
3276.464925
3254.350902
3291.097872
3280.267425
3306.313008
3299.508459
3278.173126
3243.286429
3210.596015
3172.798947
3119.003816
3057.129510
2984.304586
2927.692693
2908.698102
2878.881996
2840.392932
2805.145883
2799.303672
2774.497218
2773.645451
2751.465226
2749.788023
2723.490150
2701.623872
2691.445650
2678.581842
2681.129153
2699.854211
2707.118305
2700.780902
2687.078553
2696.379756
2684.180827
2674.758701
2645.354361
2615.460226
2588.309850
2551.625650
2497.996936
2457.493835
2406.700659
2351.316579
2311.856893
2278.667143
2244.333402
2197.487632
2160.997143
2123.633571
2081.895789
2051.271507
2035.533759
2033.929436
2008.447011
1970.527269
1968.027293
1964.956805
1952.653390
1954.966316
1960.087589
1958.988308
1966.025376
1959.109398
1930.687989
1917.893064
1926.747895
1906.491864
1865.909361
1825.092481
1804.740263
1769.998759
1729.750000
1704.684286
1664.855789
1620.755263
1581.893616
1553.284624
1529.847895
1498.030789
1480.902994
1429.622782
1378.755489
1347.119228
1270.139023
1199.082203
1116.192124
1045.462030
970.545866
898.406805
838.092197
782.973553
731.375098
689.139846
650.999624
613.315120
589.807397
573.267342
551.386741
535.544495
536.267331
529.271490
527.344090
531.610034
547.966311
557.221583
594.239289
638.353250
687.786612
754.109060
844.127036
972.885694
1140.681917
1331.883390
1573.526429
1837.657458
2105.097744
2409.738832
2709.274117
3047.194812
3391.630753
3720.035451
4055.594737
4364.886842
4670.117740
4937.203609
5174.824925
5429.480000
5688.852857
5936.064331
6160.464737
6427.690000
6746.123534
7044.882180
7394.044361
7692.231729
8041.478362
8382.576917
8695.982387
9045.639737
9356.869718
9656.924850
9982.950940
10322.818644
10657.119549
10950.234275
11228.143421
11572.059510
11939.767669
12194.510526
12440.570113
12682.428571
12918.276836
13147.385338
13348.765913
13519.994737
13686.141055
13844.222556
13923.621053
13967.739098
14047.255075
14080.648588
14062.394361
14129.872368
14070.538534
14094.041353
14059.857143
14025.697744
13983.421469
13919.128571
13828.003195
13711.773684
13560.700000
13385.684962
13238.954323
13088.064972
12921.483835
12791.819397
12693.721805
12624.096992
12646.308475
12737.479699
12763.372932
12869.618045
13022.354614
13191.801880
13362.481955
13588.836842
13791.940789
14000.158835
14257.980827
14520.567797
14741.602820
14928.305085
15120.560150
15337.936090
15532.765725
15669.246992
15755.886466
15738.718233
15855.264407
15829.393233
15752.332519
15705.689474
15618.068421
15548.207721
15451.163158
15347.369868
15198.924812
15045.928249
14943.530639
14834.113158
14756.694727
14583.155451
14485.878383
14398.212030
14290.197363
14230.556391
14170.601128
14078.907895
14056.793421
13991.169303
13947.729323
13931.517891
13902.422556
13847.409981
13777.859023
13721.454323
13670.854237
13595.415038
13497.848588
13502.721429
13491.768550
13385.252256
13252.098682
13189.243421
13089.936842
12996.821469
12865.914850
12731.945574
12580.150000
12426.133333
12271.757331
12094.334586
11939.492481
11794.825940
11581.853107
11389.874812
11196.270056
11016.865038
10902.210546
10736.921053
10526.369737
10422.770056
10257.465789
10117.757627
10007.259023
9916.492373
9798.450301
9658.859154
9563.513853
9460.370789
9370.495574
9283.632368
9152.662481
9013.198947
8990.969209
8948.916316
8908.810526
8863.831073
8787.299211
8779.745330
8779.275714
8760.085386
8749.578008
8731.746090
8711.825677
8737.468872
8777.757401
8744.569173
8735.527011
8722.830339
8675.978421
8681.755263
8694.910526
8705.082542
8736.293759
8768.892932
8783.498177
8739.888008
8706.640000
8696.602951
8648.691883
8556.905714
8428.342034
8302.382801
8259.649286
8094.757533
8042.225244
7918.881184
7767.790526
7701.242787
7609.045508
7525.462143
7413.465113
7310.811673
7191.483277
7062.887669
6970.021318
6885.996560
6772.296648
6646.324135
6498.971748
6375.276780
6284.064361
6081.200000
5946.414605
5814.720829
5639.938647
5498.385432
5355.424474
5195.684511
5075.653277
4934.036635
4782.519605
4659.314624
4536.132787
4424.323703
4289.502932
4179.017910
4038.411278
3962.494237
