66.696858
67.240573
66.351029
64.101394
68.397151
72.765927
70.325692
72.623910
73.400000
74.328493
72.146372
75.388928
82.780462
84.432434
84.398115
88.081135
88.631795
90.002363
89.321425
94.317106
90.407541
93.733192
103.269327
100.847637
104.229887
108.794617
107.535380
113.109786
115.422977
113.775565
118.257323
120.901516
119.014500
124.527492
128.762184
125.450669
131.549721
131.764765
137.445981
139.216214
141.287942
145.719524
156.121143
158.060534
156.290729
153.974972
151.768797
154.268806
159.945316
161.662292
157.774248
162.879404
170.666944
173.861959
182.850068
188.407231
197.509262
205.306278
214.867455
221.000275
230.547229
244.126000
255.764489
271.021519
291.598000
301.581047
309.749600
337.252545
358.786589
374.838799
390.232808
408.635383
431.779322
459.886415
495.535669
514.407853
542.566316
569.676343
596.501150
630.301019
663.020045
698.985579
734.046120
751.365342
795.444866
847.791173
866.089430
899.277299
933.748910
987.702910
1011.407801
1058.475593
1081.471579
1086.656177
1116.015564
1145.530564
1160.815160
1181.028947
1192.360714
1202.755338
1204.998475
1196.694286
1208.542030
1206.141165
1222.129286
1218.840678
1217.400000
1214.043233
1218.024398
1227.182373
1227.449962
1221.072688
1226.858816
1240.390000
1242.483985
1242.475263
1242.688343
1241.389248
1249.501525
1246.835244
1266.915414
1281.501733
1295.222068
1300.287481
1296.372331
1292.351281
1308.365677
1313.625338
1303.143684
1299.875789
1291.063089
1264.206015
1250.830603
1247.498985
1227.500452
1228.005188
1225.683271
1221.991412
1214.422820
1227.608759
1220.661429
1215.390169
1209.539549
1193.192575
1204.081544
1217.116579
1208.708305
1211.630921
1204.955085
1217.268947
1239.266917
1224.209586
1209.737293
1218.714237
1217.960752
1222.035338
1193.481955
1180.418983
1182.856165
1179.524586
1169.024068
1160.137105
1140.779831
1125.302857
1132.619492
1107.028083
1098.565714
1099.531504
1101.172256
1091.072260
1076.338947
1068.214925
1058.055470
1064.997043
1065.098158
1063.157519
1045.628305
1031.502632
1030.962976
1038.572237
1054.013008
1056.738383
1048.746034
1034.045244
1043.336241
1034.206949
1037.907481
1044.681090
1037.003985
1023.831297
1031.141936
1039.412632
1023.880526
1012.968684
1015.511130
1020.421805
1031.894868
1035.264248
1014.554783
1012.863459
1002.100207
991.672650
979.054135
967.133746
953.600013
910.971015
885.410757
864.023714
845.415671
826.584395
795.725994
775.675756
769.523188
750.743835
737.431081
731.274017
727.700771
725.155132
711.717237
721.579606
723.096534
715.011019
724.577209
739.782992
750.996605
769.616250
803.348224
840.115677
872.826786
914.168271
964.813673
1010.047288
1073.240470
1145.032712
1216.380827
1289.686497
1363.509699
1446.214549
1499.544915
1586.000038
1654.382237
1716.917895
1772.074633
1842.574605
1905.658195
1949.503955
2007.590883
2052.446460
2105.803083
2198.325556
2274.113365
2342.380263
2426.458835
2493.955959
2595.306554
2685.704211
2789.100338
2881.261316
2969.915913
3067.433759
3152.941071
3233.298814
3330.145414
3418.094765
3497.585695
3616.855913
3673.419361
3793.973853
3868.898590
3921.619850
3993.865311
4062.104981
4152.664105
4188.611053
4220.497928
4273.699305
4321.470827
4334.000526
4340.402180
4375.839661
4395.080714
4398.321259
4394.787500
4371.570226
4361.348571
4389.876485
4378.174313
4348.970714
4308.662650
4250.563026
4210.120000
4202.313308
4166.951974
4107.489661
4064.417293
4014.020527
3955.857068
3949.156541
3925.098983
3943.000357
3977.838759
3985.344774
4036.338663
4038.738628
4051.294887
4146.020526
4216.223947
4260.084887
4336.169286
4406.673107
4452.349586
4502.759190
4560.048947
4624.055564
4691.051318
4694.104060
4741.954699
4755.901541
4749.443390
4759.599173
4758.803120
4767.582632
4750.950000
4702.274539
4690.040846
4656.276177
4599.635263
4561.668362
4527.969868
4497.682970
4467.880772
4416.604925
4375.976560
4358.643759
4313.401111
4298.936598
4307.374887
4257.815000
4218.043421
4240.426290
4236.126917
4207.338606
4192.173609
4160.124105
4110.580602
4094.991147
4104.433220
4088.846015
4056.182222
4044.637143
4038.546667
4026.542406
4004.579623
3968.689868
3935.258947
3911.831130
3843.879624
3796.571996
3769.368421
3722.823917
3682.326673
3654.901880
3599.344887
3528.713966
3477.312768
3410.729060
3345.301412
3310.192857
3250.752957
3227.126316
3167.756579
3128.848625
3093.549398
3035.946102
2980.664135
2958.588475
2925.246165
2881.215865
2866.352726
2836.375714
2799.733691
2758.842876
2703.185113
2696.730602
2666.017966
2642.411316
2636.161053
2592.904576
2606.358571
2593.635857
2596.884060
2608.523315
2577.793703
2559.970451
2572.552820
2562.035658
2566.955876
2548.425188
2565.184079
2574.706874
2551.928008
2537.837368
2569.405395
2550.139322
2553.535564
2555.793327
2568.234004
2561.382293
2553.455000
2551.673139
2542.197439
2526.004286
2488.027966
2450.931053
2434.763571
2402.536761
2374.401429
2333.704605
2304.980526
2257.848267
2232.269850
2208.780639
2177.106391
2156.513553
2127.810151
2109.023835
2079.932863
2029.921015
2006.568701
1973.936466
1942.157444
1903.426780
1877.789699
1830.123684
1801.328816
1749.909736
1700.089060
1666.948722
1622.411579
1571.768045
1528.748475
1486.815789
1434.238531
1390.708910
1356.862674
1308.245996
1282.896767
1237.128832
1206.336823
1179.227514
