17.276337
18.252350
17.511736
14.579875
14.065047
18.509259
16.801995
15.929315
16.523905
14.810300
15.729929
19.602893
19.004977
17.430875
20.626361
21.131844
18.174151
17.942061
15.677212
15.340118
21.322690
17.568343
18.928902
17.242161
17.706378
17.861085
19.830150
21.229333
20.989456
19.152749
17.478388
18.355439
20.158239
20.494517
18.414024
17.389911
19.028015
21.899292
22.443815
17.348107
20.648535
24.267972
20.406614
23.200210
25.837638
23.652251
20.306618
20.062984
23.370508
22.058329
19.112711
19.921058
24.533953
22.691605
25.132655
24.533744
22.109063
25.537428
24.708795
25.709522
27.606171
26.345697
24.236238
27.114126
32.547189
31.111642
27.128003
30.240020
33.091754
35.336271
38.811970
39.663964
31.534185
41.039377
41.086433
39.199178
43.414673
46.509297
49.710335
53.085161
51.886585
51.165382
56.118739
61.607046
64.985410
68.076747
67.134606
63.662817
69.742656
71.491860
75.246637
73.742539
70.173614
72.729768
79.531573
81.462707
79.241461
77.924867
79.318918
87.953492
88.298418
81.639829
84.059645
84.697433
81.840879
84.266016
82.310453
86.855808
82.503524
82.081004
82.154085
83.926451
87.114454
86.706137
83.606366
79.581249
83.977932
84.915431
80.257815
79.829767
85.887829
91.846259
91.680254
89.877366
88.698801
87.118575
86.631991
86.800000
88.818542
90.083841
86.239158
82.053309
82.249542
82.687171
81.330484
79.195698
80.780248
85.460156
87.858617
81.950079
81.225506
88.859121
82.741608
80.127388
86.139014
85.960334
83.245205
82.756658
77.459066
84.747556
85.592273
83.618644
85.033195
83.574551
86.410642
79.484463
80.102486
79.030042
85.525777
80.746305
76.070005
80.183153
80.797248
78.628314
84.423425
88.775293
77.489321
71.848313
79.974170
76.671766
76.036476
79.653211
80.856542
78.795078
75.843406
76.027594
73.590922
75.827479
79.072510
76.131445
77.490111
81.033750
74.995896
73.661985
74.837341
74.896825
75.013835
79.524131
76.485747
72.559741
73.715806
74.341959
70.812474
73.744054
75.264382
74.138551
75.116608
72.859783
78.886870
70.036153
73.801152
72.777844
72.816408
74.209858
66.333323
63.875620
71.291910
69.058975
64.753813
63.377853
61.320171
59.920852
62.619148
63.747508
60.417398
63.765564
58.899225
57.483844
57.076918
60.993678
62.245217
63.731641
68.089167
68.609087
61.991561
67.164000
65.939820
67.497474
74.287461
71.839011
75.392961
79.737997
85.001583
88.972615
93.745641
99.128800
103.951545
110.721902
114.391426
113.875414
124.255684
126.016421
129.151571
134.989207
137.036481
141.057776
150.647590
154.267689
142.457812
151.409000
157.760820
171.801575
179.118895
182.108942
188.811222
196.854218
199.374286
201.607289
211.869200
220.522989
223.067957
227.021203
234.010526
239.286330
245.435372
255.311653
264.108643
272.675064
275.521028
276.754120
282.355650
288.942929
300.767740
299.609342
300.273896
302.959009
305.895925
301.477301
302.125519
316.721373
313.680771
311.521338
312.267088
317.777955
317.593000
314.374049
311.143872
310.868286
309.065152
306.827908
299.752000
301.043248
304.612256
300.099288
288.414241
285.196689
293.748780
287.929496
291.268379
297.218461
307.956064
309.079741
307.761437
312.713102
317.953436
326.842632
335.529921
343.051150
353.191534
356.694096
356.010229
361.828571
370.444504
378.586085
386.979218
379.741763
393.459135
385.060906
391.533729
388.758714
395.412583
385.713329
380.839974
383.870379
379.155991
380.461947
379.935932
371.954034
366.583278
364.255147
372.475623
371.841293
363.919391
362.203286
366.878774
361.718684
364.273827
361.308000
357.442118
358.771333
365.976737
365.737202
364.814921
359.736674
351.058530
352.636806
354.452203
353.435684
347.653595
341.995429
352.700655
347.294489
348.320947
343.913013
346.285474
346.246672
344.721613
339.052409
334.223816
330.733783
324.527135
318.328165
317.519361
318.832400
308.637576
297.288556
297.964237
298.343530
303.807224
291.290263
287.392474
280.909985
283.729756
275.976898
277.262622
278.643729
270.063662
267.476786
266.205502
258.760045
264.151663
261.685400
261.017669
248.796150
254.376972
255.316184
252.044316
254.368763
260.496675
257.689341
254.109654
256.178132
256.780844
256.913068
257.186462
251.739177
250.416497
254.989782
258.230898
261.453365
258.580741
251.790658
257.679053
259.817881
265.116985
259.000641
260.792515
266.630199
260.078143
252.626295
257.655171
260.226286
251.600000
250.903064
247.997214
245.711512
234.239994
241.385211
235.033579
240.208330
229.560897
223.971853
224.080000
222.109707
221.900006
217.935105
213.371015
211.997812
206.600000
205.749763
202.366109
199.192390
197.139060
189.411947
189.025921
179.756239
179.463586
178.222066
169.813374
162.690308
161.620028
161.074325
157.551486
155.888139
153.923588
146.560075
145.673008
140.336431
138.783023
138.433650
