61.116442
54.809874
56.607375
56.207526
52.965724
61.437406
56.313261
54.572453
54.834383
59.907844
66.621647
67.339310
64.347048
65.693408
67.721553
67.648495
73.723634
76.444271
77.294929
80.656426
83.332536
86.914646
79.533552
84.110288
81.169969
89.662661
92.223618
92.117331
95.366102
95.267349
98.158672
103.071384
97.733037
101.680661
102.634103
108.263120
112.643642
115.623900
110.885808
118.301357
112.404213
123.320453
126.335571
130.721158
133.219897
132.883403
136.278267
141.937220
144.144276
146.804637
156.777263
158.410126
165.527056
180.302432
190.070670
191.732015
211.400143
225.643233
239.395212
264.623241
289.990684
311.537593
338.221806
372.349962
408.404474
446.094908
490.545045
545.111218
602.423482
655.435188
717.965062
781.678707
841.864079
927.256212
1003.100113
1085.594398
1160.483421
1244.526196
1351.641203
1457.425094
1552.403220
1664.419211
1787.036053
1884.990808
1978.943522
2091.381579
2195.655677
2285.626523
2397.750564
2484.473083
2572.783045
2646.709661
2742.924662
2785.574821
2825.520677
2883.064925
2917.984294
2951.404342
2989.756786
3003.333308
3024.073729
3066.206429
3056.251992
3060.797707
3061.426071
3092.466535
3049.219098
3065.676316
3063.405733
3064.233898
3068.893759
3067.135226
3068.904868
3065.956316
3056.384211
3061.151466
3055.835235
3057.789662
3055.417797
3067.226071
3062.474662
3082.747345
3105.672162
3120.501297
3108.233045
3082.246328
3034.859530
2994.154286
2960.628947
2900.806053
2837.078908
2801.664850
2750.347119
2712.213947
2691.964369
2669.054962
2636.015320
2646.707401
2627.033421
2618.467500
2582.786974
2566.641469
2571.113083
2562.649492
2534.841375
2536.436053
2561.079322
2559.772406
2561.896441
2549.014361
2531.208045
2543.922613
2531.911541
2490.403503
2459.964305
2429.179850
2390.449023
2371.192542
2335.266729
2282.449586
2233.808738
2187.014342
2145.586064
2111.274286
2078.815789
2060.506504
2013.897143
2004.535451
1956.606917
1934.866234
1940.149699
1927.893440
1919.302387
1900.611977
1894.599248
1893.820075
1890.098983
1894.393684
1893.104670
1888.441335
1887.229699
1867.959774
1879.294680
1854.175977
1845.557519
1817.638475
1798.520733
1764.966880
1741.656278
1714.511861
1693.032199
1655.585564
1618.223684
1597.188026
1553.840113
1501.535263
1486.769117
1475.454342
1435.899021
1381.645789
1352.220677
1279.000151
1223.854737
1154.568814
1066.944323
996.497805
947.195249
877.501455
824.031039
780.370789
738.018480
694.802818
648.773699
614.718383
595.633977
570.811551
545.062244
541.874695
540.984006
533.693109
527.315346
537.669712
561.251277
591.947207
627.609368
677.146500
744.182712
836.169248
962.184607
1112.382331
1277.406015
1471.823220
1694.130282
1954.324915
2209.593759
2507.788625
2807.287932
3102.192669
3398.435198
3668.813083
3938.102500
4189.367368
4434.095932
4658.680395
4871.004361
5086.285857
5297.469211
5515.512034
5738.894060
6022.625556
6268.718459
6544.099737
6819.481842
7115.609549
7386.575461
7686.579774
7943.095695
8221.097105
8476.929228
8740.661278
9016.300789
9284.183220
9541.774887
9776.857684
10043.653947
10319.286252
10564.010150
10766.210714
10978.462030
11172.215038
11338.948023
11492.246429
11632.307156
11757.586842
11892.323729
11979.550000
12038.622556
12084.512030
12112.509023
12145.608475
12146.587970
12101.723120
12106.073872
12061.110526
12067.542857
12058.668797
12000.029944
11862.900000
11759.459962
11620.965789
11474.700000
11286.506767
11112.180263
11014.248211
10930.138346
10829.937853
10797.803759
10832.884962
10858.344633
10899.243233
10950.782143
11029.383835
11234.208098
11381.838534
11549.206015
11706.047368
11920.906579
12114.627256
12331.041353
12553.418644
12773.313346
12942.705461
13059.828571
13274.799436
13425.572693
13515.410526
13621.907519
13631.132331
13650.962712
13624.165414
13558.120677
13501.506579
13422.871053
13384.405650
13279.504323
13179.003202
13102.682707
13030.248588
12925.059962
12754.997368
12694.069492
12632.819737
12544.588722
12401.373684
12437.726742
12370.527820
12282.678195
12190.850000
12142.985526
12111.920904
12080.496992
12038.421657
11978.921053
11950.650659
11918.871805
11845.524436
11818.450847
11756.387218
11665.416384
11600.907143
11551.712806
11557.188346
11513.440866
11421.352632
11360.510526
11237.608475
11120.781203
10988.874953
10861.814286
10730.985499
10590.216353
10458.027820
10307.966917
10130.991353
9917.742768
9772.582481
9656.217966
9493.599850
9344.222505
9233.562105
9108.440395
8958.679642
8872.462180
8793.217458
8691.991748
8586.565085
8481.719699
8374.044887
8276.176917
8207.585902
8146.591375
8063.378966
8000.665639
7869.938346
7821.343277
7792.304474
7716.070789
7707.333804
7687.005883
7619.401751
7600.891579
7613.703051
7603.729023
7616.452293
7647.495376
7640.288741
7656.996045
7668.493609
7610.082838
7623.192429
7568.614586
7569.648684
7574.047237
7586.299831
7559.869398
7583.499436
7580.367387
7540.199323
7507.330714
7470.505019
7402.248079
7329.784286
7255.167684
7121.226729
7067.921429
6949.160603
6891.616109
6754.460526
6694.544737
6590.486516
6545.657951
6443.568609
6347.249436
6259.446429
6171.995574
6078.041729
5970.723013
5873.423195
5782.704595
5655.297068
5532.921316
5389.955763
5300.410226
5167.121053
5036.080789
4926.129492
4775.015827
4668.375056
4523.256880
4356.202556
4217.723277
4105.369455
3996.015311
3891.401391
3795.732787
3689.541335
3572.095714
3476.633936
3373.895019
3243.361695
