11.124795
11.207492
7.002565
7.732256
12.851068
11.769812
10.416434
7.376048
4.862525
6.454977
9.771159
10.440793
11.052952
10.379871
8.969545
10.616412
10.246535
11.615816
10.935737
8.764329
8.509138
9.512351
10.301393
9.094790
10.159620
12.405791
12.565578
12.658665
12.281447
10.785930
9.956806
12.399981
15.126068
13.074380
12.982399
7.297343
10.921060
11.142013
10.179844
12.202429
9.767622
13.645580
17.663514
17.469711
12.243664
11.115064
11.344611
9.995191
13.238186
13.096634
11.441571
8.036711
10.834876
10.652345
14.411352
9.003177
13.072716
13.291318
14.672944
13.617749
11.793786
11.406056
12.327423
13.673461
14.118521
12.608540
12.013843
14.981951
11.555719
15.094547
12.781414
15.178366
13.081331
11.811507
10.871558
12.601955
14.085760
16.476675
16.839216
14.548285
16.391589
19.597784
15.896838
15.839904
16.939885
21.572902
17.891303
18.729626
18.777114
17.324224
18.367507
20.758119
21.472259
17.701363
19.862710
21.473991
20.298128
23.464028
22.701011
21.350437
18.364854
18.355439
20.466997
20.759254
21.946282
24.093066
21.594071
21.091946
19.860273
16.518996
20.615547
22.371213
20.482291
20.877705
19.104507
20.647985
22.893772
25.397669
23.905420
23.208305
19.299838
23.916213
21.197992
22.027091
22.039024
22.953273
22.672035
22.935689
24.992747
24.885175
21.587097
21.511031
24.738447
22.550729
25.118245
22.974682
23.420966
23.189984
20.952647
27.273544
23.779535
22.337685
23.211285
24.040920
27.735205
26.212503
19.747564
20.555731
22.300014
24.495058
25.960241
23.577750
27.828781
27.125873
21.942892
22.244361
23.974820
21.304338
23.213058
24.650496
27.844404
28.878108
26.560202
27.820186
28.400268
25.731608
27.194414
24.302641
24.513478
30.984633
30.001946
27.119567
25.125408
27.833786
27.786903
28.918671
27.676183
25.800000
25.800000
24.240072
23.716644
28.494095
27.950240
25.836117
27.528729
26.063892
25.927160
27.804461
25.894272
27.454318
30.597908
30.954847
27.796537
29.886629
31.376285
28.961048
32.077760
35.685616
31.816888
33.712989
29.696095
29.662175
33.343402
32.167919
31.078677
29.982677
30.919648
31.400000
31.153792
31.555218
32.890461
31.803366
30.546112
33.425671
35.608655
36.326459
31.128331
32.673622
31.890748
32.964796
31.470165
33.690678
32.225964
38.927104
35.732950
36.540625
34.444191
31.382255
35.307246
37.642788
36.597687
36.574208
33.752873
36.943653
40.146858
38.530044
38.875417
37.969944
36.209904
32.101350
36.773455
34.238932
32.584005
34.596068
36.160425
35.220113
32.924513
36.054425
36.450539
34.321122
31.611824
34.534951
33.288647
34.577238
32.399874
32.896416
33.852014
36.077536
35.668785
34.705579
37.700921
39.533895
36.429289
34.885819
35.645052
36.210278
38.061294
37.914205
37.512845
38.701637
37.671244
38.297171
43.450391
40.418013
41.646022
41.426967
41.297024
42.761838
40.461109
39.313075
42.280928
40.121353
40.443105
43.894762
44.341029
40.954332
42.428277
43.759864
38.818762
38.613064
37.123400
40.643460
43.257238
39.779573
39.219761
41.326495
39.352530
40.102342
33.033415
34.045391
39.203529
40.364040
42.974422
38.690763
40.322959
43.255826
42.203612
41.946400
46.108335
45.790494
41.630548
39.715883
41.539032
47.851826
47.047773
43.724879
46.604038
44.881425
44.226053
46.443473
43.798145
46.734771
46.865074
49.583042
49.108565
45.694736
45.238366
44.589537
41.859685
43.227668
46.280826
43.403375
44.395642
44.497771
45.421393
46.293224
43.367863
44.000932
41.122705
43.682988
46.033195
44.055615
43.909910
44.337097
43.152818
46.297738
50.728290
45.718937
44.376368
42.910250
42.217153
45.631217
47.211174
47.319654
38.949611
36.163828
38.659303
40.593116
40.465357
39.241115
40.301788
42.505389
41.600000
40.114554
35.508169
37.377069
39.866997
35.227784
36.756008
33.203247
33.619230
34.477580
32.340263
34.199783
34.954890
36.528456
38.822077
36.907647
34.005860
33.073169
31.640515
31.401798
29.295484
32.423103
32.023549
31.279371
27.725461
30.666686
32.109098
31.145529
29.549838
30.840985
31.076509
31.396557
32.141715
29.696857
31.910756
29.867726
34.204152
35.381175
28.468187
32.644555
30.041738
33.481539
35.682592
33.074632
30.990726
31.508283
32.707421
35.704734
36.246790
32.917343
33.072841
30.465306
33.384179
26.769540
32.825284
30.400234
30.615668
32.804994
35.649736
29.825917
28.903883
25.975111
26.644208
29.504265
30.654766
30.970393
28.518742
28.327613
27.539478
30.539292
27.208450
30.563337
24.090407
27.835402
26.144409
22.109300
28.301309
26.671153
26.895894
28.584107
24.742189
22.943584
25.540471
25.295520
26.951141
25.824136
24.662108
23.154742
