-39.376
13.7719
66.9198
74.9801
82.9723
78.9182
74.8222
75.9923
77.1911
75.6134
74.0149
72.3175
70.6192
69.4147
68.2159
71.5516
74.9483
76.6725
78.3708
75.258
72.0612
72.7839
73.5831
74.5779
75.5769
75.7952
75.995
76.487
76.9865
75.7363
74.4376
71.3926
68.2957
70.1363
72.1343
78.4802
84.9739
75.3648
65.1748
69.4189
74.2142
74.0158
73.6162
73.9833
74.3829
74.4956
74.5955
76.318
78.1162
81.6289
85.2254
80.2671
74.8724
71.944
69.1467
65.9708
62.7739
68.2679
74.262
70.075
65.2797
66.9755
69.0735
70.3265
71.5253
72.5368
73.5358
73.1325
72.633
71.1073
69.5089
68.3759
67.277
68.8722
70.6704
68.8532
66.7553
70.0228
73.7191
69.0151
63.6204
65.7792
68.5765
68.5242
68.2245
69.1172
70.1162
68.3694
66.3714
65.4693
64.6701
64.5088
64.4089
66.4007
68.5985
67.9833
67.0842
65.8228
64.5241
61.7797
58.8825
62.026
65.8223
66.8297
67.529
68.4976
69.4967
69.6
69.6
70.4937
71.4927
69.9056
68.0074
65.3084
62.5112
64.9524
68.0494
66.5395
64.4416
68.6198
73.6149
69.3489
63.8543
68.4803
74.4744
72.2145
68.8178
68.3124
68.2125
67.8503
67.4507
67.4
67.4
69.8367
72.634
70.4819
67.5848
69.3658
71.8634
69.4339
66.2371
66.3174
66.9168
67.5163
68.1157
67.3415
66.3424
67.5705
69.1689
68.7163
67.9171
68.9084
70.2071
72.1864
74.2844
72.1387
69.2415
68.9693
69.1691
70.2982
71.5969
72.8114
74.0102
74.8727
75.6719
75.9678
76.1676
74.526
72.528
72.6175
73.117
74.4496
75.9481
74.3715
72.1737
76.2774
81.6721
81.111
79.3128
78.8349
78.6351
77.0358
75.1376
77.8388
81.5352
83.429
84.9275
85.1182
85.0183
86.957
89.3547
87.1155
83.8187
86.933
91.5285
96.7716
102.166
104.654
106.452
107.444
108.244
108.721
109.121
109.12
109.02
113.319
118.713
122.193
125.19
126.755
127.954
126.85
125.152
127.809
131.606
137.061
142.955
138.526
131.333
133.809
138.904
142.195
144.993
145.443
145.244
149.881
155.875
157.044
156.844
160.216
164.611
165.6
165.6
166.758
168.257
171.065
174.262
178.996
184.191
188.006
191.403
194.646
197.843
201.193
204.589
201.977
197.481
201.331
207.825
207.886
205.888
209.098
213.993
217.383
220.28
221.751
222.75
224.048
225.447
231.476
239.069
241.596
242.395
248.024
255.317
267.575
281.561
283.352
280.855
288.972
300.86
309.293
316.486
326.832
338.321
351.199
364.586
382.202
401.384
416.274
429.561
440.816
451.306
476.481
507.251
529.075
547.457
574.545
605.015
637.638
671.105
712.73
757.586
793.95
826.918
871.343
920.395
962.989
1002.95
1052.54
1106.08
1167.11
1231.25
1292.5
1352.54
1413.78
1475.52
1551.95
1634.67
1709.36
1780.59
1864.91
1954.92
2048.82
2144.43
2232.14
2316.36
2407.27
2501.18
2600.87
2703.17
2797.58
2888.39
2998.84
3118.32
3218.56
3309.87
3401.05
3492.16
3600.36
3716.65
3827.93
3936.82
4039.78
4139.88
4220.62
4291.95
4359.46
4425.09
4505.24
4592.55
4658.26
4713.21
4771.28
4830.92
4878.57
4920.13
4969.22
5022.17
5070.83
5117.29
5153.17
5183.54
5201.14
5212.03
5229.64
5250.82
5272.46
5294.33
5307.13
5315.02
5323.43
5332.12
5319.46
5295.08
5299.65
5320.23
5307.72
5276.75
5275.44
5290.83
5302.13
5311.13
5323.1
5336.79
5341.74
5341.64
5340.02
5337.52
5334.08
5330.09
5328.85
5329.25
5325.21
5318.51
5327.16
5345.04
5339.8
5320.52
5304.59
5290.7
5284.97
5284.27
5308.44
5348.11
5354.31
5339.53
5331.41
5327.52
5322.95
5317.95
5302.26
5279.68
5250.74
5217.67
5184.91
5152.34
5114.17
5072.31
5024.21
4971.97
4921.21
4871.46
4819.8
4766.85
4726.8
4695.53
4661.18
4624.72
4597.7
4577.22
4552.91
4525.94
4507.53
4495.14
4478.6
4459.12
4458.63
4471.72
4449.68
4402.33
4384.19
4387.29
4378.74
4361.66
4339.17
4312.7
4295.96
4286.47
4285.6
4291.19
4300.88
4313.67
4315.34
4308.55
4309.84
4317.33
4323.19
4327.78
4324.69
4315.6
4304.16
4290.88
4279.43
4269.44
4251.57
4227.39
4209.85
4197.66
4160.23
4102.29
4067.69
4052.2
4031.08
4005.31
3974.9
3940.63
3908.75
3878.88
3841.65
3798.19
3772.32
3761.43
3733.45
3690.79
3644.01
3593.66
3557.39
3533.42
3511.14
3490.36
3473.29
3459.5
3438.59
3411.32
3383.57
3355.4
3333.41
3317.03
3297.72
3275.74
3266.55
3269.15
3266.62
3259.33
3249.5
3237.32
3233.66
3238.06
3232.98
3218.89
3204.14
3188.76
3195.58
3223.85
3224.99
3199.72
3192.8
3203.88
3207.44
3203.54
3189.24
3164.57
3136.2
3104.14
3071.87
3039.4
3023.49
3024.49
3006.44
2968.77
2935.92
2908.04
2883.88
2863.6
2839.33
2810.86
2781.81
2752.14
2720.49
2686.72
2660.35
2641.97
2625.12
2609.94
2589.32
2562.74
2547.94
2546.15
2535.46
2514.88
2487.09
2451.23
2414.24
2375.98
2335.1
2291.24
2249.06
2208.8
2158.17
2095.53
2044.51
2007.05
1961.04
1905
1847.53
1788.39
1736.31
1692.65
1651.58
1613.61
1576.19
1539.43
1506.08
1476.91
1454.54
1440.55
1421.26
1395.39
1373.28
1355.9
1340.81
1328.62
1321.49
1320.79
1319.22
1316.52
1310.51
1300.22
1296.7
1301.99
1309.49
1319.88
1326.49
1328.09
1339.57
1364.24
1387.09
1407.47
1430.9
1458.47
1503.93
1573.87
1649.63
1733.45
1816.56
1898.68
1998.44
2122.92
2253.44
2392.51
2544.84
2716.07
2905.89
3122.37
3349.27
3591.23
3834.46
4079.52
4346.41
4645.42
4944.38
5243.29
5554.01
5882.39
6207.46
6527.54
6831.85
7112.18
7408.6
7729.68
8020.46
8264.42
8525.61
8813.63
9078.64
9307.51
9562.26
9857.97
10115.3
10311.4
10543.5
10833.5
11111.6
11370.2
11643.1
11939.3
12245.8
12569.3
12892.8
13216.4
13556.1
13922.7
14290
14658.2
15004.7
15314
15656.5
16056.2
16436.1
16781.7
17105.4
17390.9
17713.4
18101.2
18473
18816.2
19172.2
19551.2
19911.2
20236.6
20596.1
21017.6
21406.2
21734.4
22065.3
22401.2
22740.2
23085
23408.9
23693.3
23980.7
24274.1
24570.9
24874.2
25166.6
25437.7
25693.4
25918.9
26134.2
26329.3
26525.4
26723.6
26880.2
26953.3
27041.7
27161.4
27260.1
27315.7
27382.7
27473
27562.1
27648.8
27709.7
27716.4
27714.6
27694.6
27690.3
27719.6
27746.5
27768.1
27775.9
27753.4
27726.9
27691.6
27647.1
27582.5
27481.4
27298.5
27134.4
27012.4
26876.9
26710.6
26543.7
26375.8
26199.2
26002.5
25821.7
25678.3
25543.7
25430.3
25312
25181.7
25072.1
25012.2
24967.6
24959.9
24968.3
25016.3
25060
25092.6
25162.7
25326.7
25471
25565.5
25673.9
25818.1
25982
26196.9
26413.6
26635
26860.8
27098.5
27340.5
27594.1
27834.1
28037.9
28267.8
28568.5
28857.2
29113
29351.5
29542.4
29747.2
29990.6
30209.9
30361.1
30505.2
30629
30748.8
30856.8
30953.1
31015.5
31060.3
31053.7
31057.3
31091.2
31118.6
31126.5
31113.3
31036.1
30969.5
30935.2
30881.4
30767.5
30648.8
30514.9
30378.5
30233.9
30087
29932.6
29771
29586.6
29432.3
29376.2
29304.2
29179.3
29051.7
28914.9
28778.3
28641.9
28534.7
28527.3
28498.7
28396.5
28294.6
28194
28101.2
28036
27963
27862.3
27778.9
27758
27726.9
27658.5
27590.2
27522.6
27447.3
27343.3
27264
27278.4
27276.3
27211.1
27152.6
27120.7
27076.2
26982.6
26892.2
26814.3
26739.3
26675.5
26616.9
26579.9
26530.6
26430
26336.7
26274.2
26213.4
26160.3
26103.4
26030.2
25944.2
25802.3
25668.7
25572.3
25463.5
25299.5
25148
25053.2
24942.6
24760
24579.6
24409.5
24244.8
24105.5
23952.5
23733.8
23527.1
23378.6
23212.7
22962.3
22727
22566.8
22393.7
22155.2
21931.4
21782.5
21628.6
21449.6
21275.9
21129.9
20980.3
20811.2
20649
20524.9
20394.9
20233.3
20075.7
19941
19807.2
19678.9
19551.4
19428.2
19301.5
19154.6
19012.6
18900
18791.4
18706.6
18620.9
18528.9
18435.3
18331.7
18223.7
18087.9
17964.3
17918.6
17862.4
17736.8
17622.3
17581.4
17538.5
17481.3
17424.9
17373.7
17327.4
17315.9
17301.5
17266.4
17232.6
17207.6
17187.2
17201.1
17210.8
17188.5
17169.5
17175.8
17182.9
17196.5
17204.1
17163.3
17134.5
17203.9
17257.6
17180.8
17116.1
17155.4
17188.1
17163.9
17141.5
17134.4
17124.5
17089.3
17059.9
17084.1
17107.2
17119.4
17131.1
17136.6
17139.7
17118.7
17098.2
17083.2
17066.3
17031.5
16995.3
16944.8
16893.9
16837
16777.3
16685.2
16593.8
16511.3
16427.9
16333.5
16237.9
16128.8
16013.5
15821.8
15635.5
15519.8
15404.5
15293.7
15181.6
15051.8
14923.7
14818.5
14715
14636.6
14556.3
14448.4
14340.1
14224.2
14111
14042.5
13971.8
13865
13756.8
13622.7
13491.9
13420
13343.1
13169.7
13000.6
12917.8
12832
12684
12535.5
12375.3
12216.6
12093.5
11968.3
11791.7
11617.2
11497.3
11375.5
11201.2
11027
10852.7
10678.9
10521.3
10363.6
10199
10034.8
9879.02
9724.07
9598.29
9472.17
9332.41
9192.97
9067.59
8941.44
8778.6
8616.64
8501.06
8385.29
8259.02
8132.96
8021.57
7910.32
7810.02
7709.48
7587.4
7465.04
7310.89
7156.58
6979.75
6802.68
6575.6
6348.46
6100.41
5852.32
5579.39
5306.46
