21.4215
69.1747
116.928
119.793
122.59
126.582
130.578
130.997
131.397
127.632
123.835
125.185
126.584
127.588
128.587
127.614
126.615
123.55
120.453
123.345
126.343
125.028
123.629
123.307
123.007
123.39
123.79
126.235
128.732
124.134
119.339
120.267
121.366
122.949
124.547
123.247
121.849
125.464
129.26
125.839
122.143
119.407
116.71
118.133
119.732
119.609
119.409
120.832
122.33
119.066
115.57
119.012
122.808
121.862
120.663
121.736
122.935
119.221
115.225
116.791
118.689
119.929
121.128
120.918
120.619
122.661
124.859
123.317
121.519
120.187
118.888
118.521
118.221
116.992
115.693
119.679
124.075
123.567
122.668
119
115.104
116.919
119.216
120.595
121.894
122.275
122.575
120.22
117.623
121.601
126.197
119.856
112.463
115.256
119.052
118.22
116.921
114.717
112.419
114.007
116.005
114.848
113.349
115.269
117.567
115.107
112.11
111.8
111.8
112.247
112.746
110.838
108.64
112.671
117.466
118.177
118.377
119.197
120.096
117.018
113.421
116.44
120.336
121.856
123.055
127.063
131.459
131.737
131.437
130.176
128.777
131.129
134.026
134.313
134.213
137.413
141.109
140.647
139.548
138.535
137.536
138.866
140.564
141.23
141.73
145.749
150.345
151.856
152.855
152.316
151.517
151.741
152.141
155.688
159.784
164.219
168.715
171.347
173.645
174.591
175.291
179.361
184.057
185.725
186.824
186.916
186.816
194.249
203.14
203.264
201.665
205.065
209.461
212.028
214.226
217.668
221.364
228.204
235.696
236.917
236.817
245.938
257.027
262.121
265.917
271.844
278.238
288.064
298.654
309.162
319.652
326.399
332.294
344.842
358.929
367.753
375.345
387.46
400.647
407.953
413.847
427.136
442.221
447.605
450.602
465.436
483.219
491.028
496.323
503.926
512.118
524.835
538.722
549.044
558.435
561.743
563.441
575.384
590.07
598.467
605.16
616.323
628.711
638.518
647.609
661.069
675.754
686.393
695.884
706.229
716.818
730.97
746.155
753.307
758.103
776.457
798.835
810.532
819.023
822.15
823.648
833.557
846.044
866.387
889.164
896.349
898.647
900.565
902.364
909.61
918.601
930.687
943.774
951.216
956.81
967.285
979.373
985.321
989.217
1007.15
1029.83
1048.49
1065.77
1079.86
1092.85
1119.1
1149.97
1176.03
1200.41
1232.82
1268.09
1291.73
1311.22
1348.44
1392.1
1431
1468.17
1511.16
1556.32
1605.4
1655.95
1695.62
1731.19
1784.91
1845.55
1902.73
1958.57
2018.88
2080.92
2153.29
2229.72
2303.28
2375.71
2450.06
2525.19
2597.97
2669.8
2763.2
2865.4
2953.09
3034.81
3120.49
3207.8
3287.3
3363.53
3453.44
3549.15
3647.23
3746.34
3838.25
3927.06
4021.23
4117.74
4229.31
4347.49
4475.99
4609.06
4727.56
4839.55
4945.63
5049.02
5164.84
5286.33
5411.98
5539.56
5675.8
5816.06
5943.39
6064.68
6176.12
6282.91
6392.01
6502.2
6628.92
6763.59
6858.11
6933.13
7032.37
7143.46
7230.21
7304.94
7371.4
7433.74
7501.66
7572.39
7622.18
7661.34
7708.23
7759.08
7787.4
7804.08
7835.15
7873.72
7899.31
7918.09
7935.5
7952.19
7943.81
7922.03
7933.35
7962.52
7986.71
8008.19
7992.9
7957.43
7946.92
7950.22
7965.76
7988.14
7996.45
7996.85
7991.96
7984.07
7977.45
7971.56
7981.18
7999.76
7997.57
7983.28
7991.78
8013.66
8007.62
7985.04
8003.81
8047.27
8062.79
8061.49
8073.06
8092.44
8113.56
8135.73
8173.35
8220.51
8269.02
8318.37
8344.46
8355.95
8373.31
8394.39
8435.47
8489.32
8510.58
8510.88
8498.58
8478.1
8458.28
8438.9
8389.6
8320.57
8274.28
8243.11
8188.61
8118.48
8078.57
8059.09
8020.95
7970.1
7936.25
7914.07
7887.94
7859.07
7834.14
7811.96
7814.76
7835.14
7841.03
7836.63
7822.86
7802.38
7804.77
7823.65
7795.9
7734.26
7717.71
7734.2
7749.7
7764.49
7771.66
7773.16
7772.14
7769.25
7772.21
7779.6
7805.87
7846.53
7855.44
7839.96
7832.3
7830.7
7832.07
7835.77
7830.47
7818.08
7814.27
7817.27
7789.9
7738.25
7702.59
7679.81
7658.25
7637.67
7599.18
7546.03
7503.23
7468.96
7433.66
7397.5
7370.4
7350.92
7323.43
7289.16
7254.79
7220.32
7207.73
7213.93
7211.5
7201.61
7193.37
7186.58
7167.08
7136.41
7111.94
7092.96
7082.63
7080.03
7070.23
7053.95
7033.16
7008.28
7000.73
7009.02
7012.9
7012.7
7005.4
6991.51
6976.29
6959.8
6955.4
6962.39
6983.72
7018.68
7030.09
7018.9
7007.91
6997.12
6996.96
7007.15
7016.53
7025.13
7017.3
6993.22
6977.6
6970.4
6958.48
6941.79
6938.06
6947.46
6937.47
6907.7
6887.63
6877.54
6853.37
6814.61
6800.27
6811.46
6817.93
6819.43
6823.74
6831.03
6837.89
6844.28
6849.52
6853.52
6852.58
6846.29
6837.71
6826.62
6816.38
6807.09
6802.29
6802.49
6792.38
6770.7
6736.97
6689.62
6642.03
6594.18
6552.7
6518.53
6448.01
6335.42
6237.41
6156.38
6077.89
6002.36
5922.63
5837.91
5757.48
5682.15
5614.89
5557.35
5496.28
5430.95
5372.76
5323.31
5277.03
5234.67
5192.76
5151.4
5120.77
5103.59
5082.39
5056.11
5038.98
5033.49
5030.31
5030.11
5026.38
5018.09
5019.6
5033.89
5071.61
5140.15
5201.07
5251.92
5308.12
5371.46
5454.34
5563.54
5683.28
5817.35
5947.12
6071
6215.41
6388.14
6552.72
6705.97
6868.33
7043.46
7246.04
7487.41
7717.93
7933.02
8155.54
8388.71
8627.84
8875.6
9121.24
9363.8
9587.28
9782.69
9998.34
10244
10465.1
10649.5
10841
11043
11242.6
11438.6
11625.6
11798.7
11973.5
12151.1
12326.5
12498.8
12675.2
12858.3
13033.7
13196.9
13358.9
13519.3
13704.8
13931
14167.7
14421.3
14659.3
14871.7
15132.4
15472.6
15787.9
16061.7
16360
16699.5
17022.4
17317.2
17613.5
17912.7
18219.3
18538.6
18844.3
19126.4
19417.2
19723.2
20028.1
20331
20644
20974.9
21296.4
21601.1
21926
22287.5
22640.4
22977.5
23318.3
23666.1
24003
24319.8
24596.3
24797.2
25042
25369.9
25657.3
25867.3
26090.9
26340.5
26571.1
26764.8
26959.1
27154.6
27327.4
27455.2
27600.7
27781.1
27919
27971.6
28041.8
28147.9
28215.9
28206.1
28223.9
28299.2
28365.8
28414.6
28456.4
28483.9
28487
28438.3
28400.8
28387.1
28366.5
28330.8
28313.2
28334.8
28321.7
28232.4
28123.6
27971.8
27820.1
27669
27489.2
27244.6
27013.8
26814.3
26617.2
26425.6
26217.7
25972.3
25773.5
25684.1
25580.6
25443.7
25316
25210.2
25141.8
25163.7
25188.6
25220.8
25248
25262.6
25323.8
25500.6
25637.1
25672.4
25760.3
25980.8
26189.4
26367.2
26556
26772.9
26979.5
27159.5
27368
27651.2
27914.3
28124
28366.2
28695.4
29011.5
29291.6
29557.6
29785
30006.5
30211.8
30409.4
30585.5
30762.4
30941.2
31115.9
31278.7
31424.8
31522.7
31605.6
31644.8
31666.4
31636.5
31618.4
31635.3
31648.1
31648.7
31625.3
31528.9
31438.8
31368.2
31277
31122.2
30978.7
30870.9
30762.7
30653.3
30527.7
30349.9
30183
30050.9
29923.6
29811.9
29702.7
29601.7
29502.6
29409.7
29308.7
29180.4
29059.3
28962.6
28865.8
28768.7
28677.2
28605.4
28529.3
28437.9
28345.7
28250.3
28166.4
28124.1
28087.4
28071.9
28038.5
27939.2
27846.5
27778.9
27709.5
27633.6
27558.5
27486.7
27418.5
27364.5
27310.1
27254.7
27191.9
27099.9
27023.4
27009.7
26985.9
26921.3
26856.8
26792
26735.2
26711.5
26661.2
26498.2
26361.2
26335.7
26294
26181.7
26061.9
25909.3
25754.8
25592.1
25434.6
25300.4
25167
25038
24891.1
24661.7
24440.4
24256.8
24069.4
23864
23662.2
23478.1
23278
22999.8
22741.9
22584.7
22426.1
22259.8
22090
21902
21717.3
21549.4
21379.2
21196.8
21022.7
20892.5
20762.4
20632.6
20499.9
20350.9
20203.5
20065
19928.9
19807
19692.9
19623.7
19540.9
19378.7
19227.2
19139.6
19045.4
18911.8
18788.2
18725.7
18657.2
18551.7
18447.2
18348.8
18242.5
18085.6
17937.3
17845.7
17758.3
17699.5
17639.8
17574.8
17517.7
17515.6
17508.5
17465.9
17422.1
17369.3
17322.9
17323.9
17323.4
17311.7
17306.3
17348.6
17389.7
17422.1
17443.7
17380.9
17324.6
17321
17320.9
17349.1
17374.8
17379.1
17377.1
17320.6
17267.5
17243.7
17219
17187.8
17164.3
17212.3
17253.4
17230.9
17212.1
17228
17241.7
17233.8
17220.7
17156.3
17095.4
17070.8
17042.8
16979.2
16919.1
16897.1
16867.6
16754.8
16645.7
16578.3
16505.4
16369.3
16234.2
16110.2
15987.5
15880.3
15771.7
15645.1
15521
15429
15332.9
15182.6
15036.1
14943.6
14851.2
14760.5
14670
14582.3
14492.9
14378.2
14263.9
14155.4
14048.5
13967.1
13882.3
13740.3
13599.4
13477.1
13354.1
13217.9
13083.2
12975
12864.3
12703.6
12543.7
12398
12253
12122.7
11991.4
11840.3
11688.9
11532.6
11375.3
11195.2
11015
10834.6
10656
10527.4
10397.1
10214.4
10033.2
9902.04
9769.64
9595.31
9421.42
9263.47
9106.36
8982.58
8858.22
8708.36
8559.72
8468.71
8376.55
8223.5
8071.23
7965.23
7859.29
7756.89
7654.2
7528.72
7403.06
7261
7119.04
6987.46
6855.2
6623.23
6391.29
6166.31
5941.11
5643.01
5344.92
5063.49
4782.07
