-25.1778
23.974
73.1258
83.2749
93.365
87.7253
82.0309
81.1057
80.2066
83.4724
86.7692
84.9196
83.0215
80.6294
78.2318
81.9459
85.7422
85.8
85.8
82.9526
80.0555
81.1759
82.3747
80.3463
78.2484
81.4207
84.7175
84.7026
84.6027
82.0726
79.4752
81.1462
82.9444
82.0318
81.0328
81.3865
81.7861
81.2214
80.622
80.7924
80.9922
81.7682
82.5675
81.3541
80.0554
81.3389
82.7376
84.4225
86.1209
82.9615
79.5649
80.7307
82.1294
80.872
79.4734
80.4413
81.5402
81.7889
81.9887
85.1109
88.4077
81.2622
73.4699
79.0082
85.4019
82.9895
79.9925
77.6498
75.352
78.092
81.189
79.1657
76.7681
76.0426
75.4432
77.3468
79.4447
78.9524
78.2531
76.6307
74.9323
75.4448
76.1441
76.8434
77.5427
80.26
83.1572
80.9287
78.2314
74.6207
70.9243
73.3341
76.3312
80.1467
84.0429
79.4997
74.105
76.6787
80.0754
80.9421
81.5415
78.6248
75.328
73.8305
72.5317
77.3372
82.8318
82.5938
81.6947
77.6675
73.2718
72.8892
72.9891
75.1356
77.5332
77.7112
77.6113
79.2832
81.1814
80.6044
79.7053
76.513
73.0164
73.304
74.1032
78.4148
83.2101
79.5946
74.7992
77.0848
80.3815
80.2767
79.6772
79.8611
80.1608
79.5922
78.8929
84.3446
90.7383
87.1052
81.9103
79.3026
77.1048
80.8442
85.5396
83.5386
80.4416
80.5139
81.1133
83.4219
86.0194
82.9042
78.8082
79.9864
82.0844
81.9756
81.4761
83.6863
86.3836
85.2793
83.4811
87.5828
92.7777
92.0864
90.2881
88.5738
86.8755
88.0228
89.7212
89.4155
88.7162
86.6839
84.3862
90.8981
99.19
97.6151
94.0186
93.5654
93.7652
93.3048
92.7054
95.6461
99.3425
102.71
106.007
106.846
107.145
108.344
109.743
114.729
120.524
115.987
109.094
115.185
124.276
125.109
124.01
126.061
128.858
133.589
138.784
137.71
135.113
138.208
142.703
143.92
144.319
149.346
155.54
154.333
151.236
151.076
151.676
154.809
158.606
158.847
158.148
162.964
169.258
171.15
171.849
169.02
165.224
170.892
179.184
182.014
183.313
182.355
180.756
189.172
200.461
199.748
195.552
198.076
202.571
208.222
214.216
214.601
213.302
216.449
220.945
222.459
223.058
222.59
221.791
225.859
231.454
233.559
234.558
233.816
232.517
231.973
231.674
236.117
242.111
241.873
239.575
244.167
251.06
249.215
244.419
245.956
249.653
254.464
259.658
270.485
283.273
285.935
285.036
287.748
291.745
298.534
306.327
313.899
321.392
327.129
332.224
341.914
353.303
357.782
359.68
369.847
383.134
394.106
404.197
411.329
417.323
429.361
443.747
456.124
467.712
478.299
488.489
497.609
506.3
523.389
543.869
561.723
578.507
595.503
612.586
622.541
629.534
646.381
667.36
685.321
702.005
717.919
733.504
755.37
779.946
798.049
813.334
833.477
855.756
873.812
889.996
911.011
934.189
952.617
968.901
989.509
1012.09
1029.05
1043.44
1071.27
1105.33
1131.17
1153.15
1166.78
1176.47
1200.91
1232.38
1262.7
1292.47
1315.92
1336.3
1353.53
1369.21
1381.15
1391.24
1402
1413.09
1428.23
1445.41
1458.36
1469.15
1478.35
1486.74
1491.31
1493.91
1504
1517.98
1528.04
1536.03
1531.88
1521.29
1517.73
1517.93
1527.93
1543.21
1543.42
1535.43
1527.24
1518.95
1516.96
1518.46
1513.48
1504.89
1505.44
1511.14
1519.06
1528.25
1538.33
1548.92
1546.15
1535.66
1540.95
1555.44
1556.2
1548.91
1546.32
1546.52
1541.34
1532.95
1540.09
1556.57
1564.54
1567.34
1567.97
1567.27
1572.31
1580.9
1584.51
1585.01
1597.41
1617.29
1631.12
1641.11
1643.72
1641.62
1647.06
1657.35
1665.88
1673.28
1661.88
1638.21
1635.48
1646.57
1639.48
1620.3
1608.05
1600.46
1597.22
1596.92
1599.47
1603.97
1597.63
1583.84
1578.61
1579.31
1572.66
1560.87
1558.11
1561.71
1556.13
1544.04
1541.45
1545.64
1545.25
1541.55
1540.23
1540.63
1543.74
1548.83
1543.47
1530.38
1523.88
1522.28
1528.16
1539.65
1545
1545.7
1553.14
1565.73
1566.74
1558.84
1559.62
1567.11
1568.66
1565.56
1563.53
1562.33
1569.93
1584.52
1581.06
1563.18
1550.44
1541.85
1540.92
1546.21
1543.93
1535.44
1534.5
1539.79
1532.28
1514.09
1507.59
1510.89
1501.95
1482.67
1477.52
1484.41
1489.16
1492.05
1487.46
1476.37
1464.1
1450.82
1445.98
1448.58
1449.48
1448.88
1447.86
1446.46
1440.07
1429.18
1424.05
1424.15
1421.49
1416.29
1416.35
1421.24
1424.38
1425.87
1419.58
1406
1403.46
1411.35
1411.82
1405.23
1399.35
1394.15
1400.08
1416.77
1421.05
1413.26
1412.27
1417.97
1414.57
1402.18
1393.2
1387.6
1384.8
1384.8
1389.66
1399.45
1401.63
1396.04
1394.73
1397.82
1400.28
1402.08
1400.26
1394.67
1392.58
1394.18
1402.17
1416.96
1418.52
1405.93
1397.96
1394.96
1394.69
1397.39
1394.51
1385.52
1386.73
1399.22
1407.5
1411.1
1409.99
1403.59
1401.18
1403.28
1402.81
1399.41
1390.21
1374.32
1363.25
1357.76
1341.66
1313.19
1292.52
1281.03
1269.18
1256.89
1249.33
1247.44
1238.97
1222.58
1208.82
1198.23
1187.82
1177.63
1166.32
1153.63
1149.58
1156.28
1153.61
1139.23
1131.33
1131.63
1131.54
1130.94
1130.42
1130.02
1128.58
1125.78
1130.01
1143.4
1151.17
1151.57
1155.54
1164.23
1175.36
1189.75
1202.94
1214.53
1229.93
1250.51
1270.5
1289.68
1309.66
1330.74
1357.84
1393.3
1422.53
1443.01
1470.4
1507.57
1545.31
1583.87
1620.38
1653.95
1699.72
1763.16
1809.66
1831.43
1859.96
1898.43
1935.92
1971.99
2007.69
2042.86
2083.24
2131.5
2173.84
2207.21
2242.23
2279.8
2314.81
2345.88
2376.52
2406.49
2437.08
2468.65
2505.79
2551.74
2589.96
2615.84
2645.31
2680.58
2713.52
2742.69
2783.04
2841.68
2893.24
2933.1
2979.52
3036.86
3096.6
3160.33
3227.89
3301.92
3370.19
3428.63
3486.23
3542.38
3601.59
3666.12
3720.31
3756.37
3805.12
3876.25
3944.22
4006.56
4070.33
4136.66
4204.63
4275.56
4346.31
4416.75
4474.66
4509.53
4555.68
4622.82
4689.4
4754.93
4819.47
4882.11
4938.25
4982.01
5027.75
5077.3
5127.97
5180.82
5229.11
5268.47
5310.01
5355.87
5393.78
5415.85
5442.15
5476.91
5499.51
5497.41
5500.56
5514.44
5528.88
5544.47
5550.01
5534.62
5528.29
5540.98
5550.98
5555.27
5554.92
5544.63
5540.35
5549.04
5556.35
5560.65
5561.44
5554.55
5544.12
5525.84
5497.97
5448.61
5410.29
5396.91
5380.08
5355.4
5328.28
5295.51
5260.61
5220.75
5181.51
5143.75
5105.3
5065.24
5032.64
5017.85
5009.13
5015.02
5019.29
5019.59
5019.94
5020.44
5022.98
5030.57
5043.21
5068.48
5090.56
5104.55
5127.75
5174.5
5222.51
5273.76
5326.29
5382.13
5435.86
5484.01
5531.7
5578.15
5625.48
5675.13
5723.97
5770.63
5819.07
5872.42
5921.42
5958.38
5990.6
6009.58
6030
6054.48
6081.47
6115.64
6144.04
6155.83
6168.94
6185.93
6205.47
6232.54
6248.7
6232.41
6219.9
6218.7
6222.18
6239.87
6243.42
6203.66
6170.7
6158.81
6142.25
6111.08
6086.22
6081.33
6069.84
6037.28
5999.87
5946.82
5903.86
5893.87
5879.7
5851.73
5821.99
5786.32
5756.4
5745.91
5738.95
5744.05
5740.71
5708.24
5684.82
5693.01
5694.22
5670.75
5643.01
5600.05
5567.68
5573.57
5576.78
5570.19
5566.74
5574.93
5572.52
5530.36
5499.9
5513.78
5520.46
5499.48
5481.1
5472.81
5463.54
5450.46
5438.51
5431.12
5414.92
5363.27
5328.35
5361.62
5381.68
5347.21
5317.14
5305.45
5296.34
5298.14
5297.03
5283.44
5269.54
5254.25
5233.03
5185.67
5141.95
5114.37
5090.22
5081.53
5067.21
5027.15
4983.53
4923.39
4867.81
4833.64
4803.77
4794.38
4783.45
4765.06
4739.72
4680.28
4624.22
4584.96
4546.97
4515.4
4481.25
4433.9
4391.02
4371.34
4347.15
4299.3
4255.41
4232.63
4207.61
4170.44
4134.11
4102.34
4075.96
4079.66
4077.09
4039.03
3999.53
3951.78
3908.49
3891.31
3874.41
3859.23
3844.48
3832.39
3818.22
3791.25
3763.65
3732.18
3701
3671.63
3645.62
3641.33
3637.1
3633.3
3626.72
3601.54
3578.35
3568.66
3561.08
3568.08
3570.82
3543.64
3520.01
3521.71
3523.09
3522.19
3522.5
3531.79
3538.99
3530.29
3523.25
3528.95
3532.47
3518.88
3507.86
3517.45
3528.72
3553.69
3573.51
3550.24
3528.47
3519.58
3513.8
3535.18
3553.44
3543.95
3533.97
3519.59
3506.57
3506.27
3506.97
3517.16
3526.08
3522.69
3522.24
3551.21
3576.49
3564
3550.25
3523.27
3498.16
3492.96
3487.33
3476.84
3464.23
3427.77
3394.35
3396.25
3396.37
3375.29
3354.99
3344.3
3330.76
3281.2
3233.84
3214.86
3195.11
3165.14
3135.78
3114.8
3093.99
3075.61
3057.58
3044.8
3031.19
3005.22
2979.59
2959.41
2939.12
2916.94
2894.95
2876.17
2857.36
2838.08
2818.42
2791.95
2765.58
2741.2
2716.29
2680.73
2646.09
2630.71
2615.64
2607.55
2597.31
2538.37
2481.32
2469.33
2456.43
2420.67
2384.86
2348
2311.33
2280.16
2248.96
2216.79
2184.09
2134.34
2085.54
2069.56
2053.3
2027.03
2000.82
1977.14
1953
1908.54
1864.56
1843.28
1822.02
1801.44
1780.9
1763.12
1745.16
1715.59
1686.05
1658.37
1630.63
1596.67
1562.78
1537.6
1512.34
1475.38
1438.41
1399.95
1361.43
1304.79
1248.15
1202.5
1156.84
