-75.7753
-21.0289
33.7174
35.8948
37.9927
39.5929
41.1913
39.4115
37.6133
36.5092
35.4103
35.8948
36.3943
36.9926
37.592
37.7971
37.9969
39.2789
40.5777
41.9746
43.3732
39.7744
36.078
40.4007
44.8963
40.9009
36.705
37.4766
38.3757
35.3866
32.2896
32.9761
33.7753
37.5758
41.4719
39.4744
37.2765
38.8392
40.5375
41.466
42.3652
40.1913
37.8935
37.9917
38.1915
35.7133
33.1159
37.8676
42.9627
37.4851
31.4909
32.2456
33.3445
35.9611
38.6585
38.1374
37.438
37.0221
36.6225
34.9974
33.2991
33.1059
33.006
34.7837
36.6818
38.861
41.0588
37.928
34.4314
35.2262
36.3251
36.1207
35.821
39.3302
43.1264
39.7846
35.8884
36.8026
38.1013
36.723
35.1246
33.7104
32.3117
32.8434
33.5427
34.9759
36.4744
34.7694
32.7714
34.518
36.6159
34.0659
31.0688
32.8916
35.1894
35.6722
35.9719
34.8228
33.5241
34.5746
35.8733
33.5657
30.8684
32.3093
34.2074
33.5921
32.693
34.6601
36.9579
34.1612
30.7646
30.6675
30.9672
29.6652
28.1667
30.486
33.2833
36.3463
39.4433
34.9382
29.4436
29.4174
30.1167
32.3121
34.7098
34.8244
34.6246
33.3734
31.9748
32.1497
32.5493
31.03
29.2318
34.2215
40.2157
38.0478
34.6511
35.4995
36.998
33.9153
30.119
32.7047
36.3012
35.079
33.081
34.7746
37.0723
35.6012
33.5033
33.6273
34.1268
33.6031
32.9038
35.0118
37.6092
38
38
36.2218
34.1238
34.3914
35.0907
33.3457
31.1479
33.1545
35.9517
34.8899
33.0917
33.4696
34.2688
33.9825
33.483
31.3173
28.8198
31.4751
35.1714
34.6392
33.2406
34.3235
35.9219
35.7048
35.1054
37.1405
39.7379
36.9147
32.9186
34.4942
37.2914
37.9635
38.1633
38.0369
37.8371
36.6611
35.2625
39.3822
44.7769
42.8046
39.1082
41.3074
44.9039
44.2304
42.532
43.8074
45.8054
47.4026
48.9011
49.6799
50.2793
50.4798
50.5797
51.1571
51.8564
50.6503
48.952
51.6886
55.5848
55.61
54.611
54.5576
54.7574
53.6209
52.1223
52.1136
52.5132
54.6336
57.2311
58.1901
58.6896
59.6561
60.755
60.0684
58.8696
58.058
57.3586
57.6634
58.2628
59.2474
60.3464
63.2896
66.7861
66.7568
65.6579
64.3296
62.931
68.0906
75.2835
74.0336
70.1374
69.2
69.2
70.108
71.3069
69.3357
66.3387
66.0517
66.6511
70.9296
76.4242
77.3507
76.7512
77.4216
78.5205
76.7886
74.0912
77.4122
82.8069
84.5705
85.07
88.3781
92.6739
93.3577
92.7583
94.2909
96.5886
101.746
107.94
112.306
116.002
118.823
121.321
124.764
128.56
130.906
132.704
141.013
151.802
159.778
166.671
175.219
184.41
193.458
202.449
210.081
217.174
232.759
251.74
267.163
281.15
289.458
295.452
310.86
330.141
344.693
357.281
372.05
387.735
410.017
435.093
457.158
477.938
498.997
520.176
541.216
562.196
582.62
602.8
633.985
670.049
693.415
711.098
731.258
752.537
781.365
813.633
838.785
860.664
887.796
917.367
945.85
973.822
1001.45
1028.93
1056.13
1083.2
1111.96
1141.53
1159
1170.59
1195.32
1226.49
1239.87
1244.47
1259.47
1279.65
1295.9
1310.19
1318.18
1322.98
1329.49
1336.88
1341.44
1344.54
1351.77
1361.16
1375.66
1392.85
1399.91
1401.61
1404.67
1408.47
1401.04
1387.55
1386.68
1392.68
1391.25
1385.76
1388.49
1395.79
1395.58
1391.18
1385
1377.8
1374.88
1374.38
1377.63
1383.02
1383.86
1382.06
1387.46
1397.05
1389.77
1372.59
1364.44
1361.64
1359.41
1357.51
1356.49
1355.99
1351.51
1344.62
1345.04
1349.93
1346.36
1337.57
1336.42
1340.01
1335.2
1325.11
1328.54
1340.53
1335.5
1319.62
1314.13
1315.33
1306.77
1291.88
1270.72
1245.44
1233.95
1231.56
1220.88
1204.69
1190.9
1178.71
1164.56
1149.07
1142.03
1140.73
1136.41
1130.01
1116.6
1098.31
1088.45
1084.45
1085.26
1089.46
1081.03
1063.65
1058.2
1061.3
1061.21
1058.81
1050.16
1036.98
1039.01
1052.2
1050.85
1038.76
1033.26
1032.66
1032.17
1031.77
1031.54
1031.44
1029.08
1024.98
1019.75
1013.66
1012.41
1014.9
1016.84
1018.34
1015.92
1010.43
1008.67
1009.87
1008.01
1003.72
989.245
966.567
956.731
957.33
949.362
934.377
926.56
924.662
917.802
906.813
896.584
886.994
875.725
863.037
852.13
842.739
838.024
837.324
832.984
825.491
813.464
797.479
786.704
780.51
775.958
772.861
765.385
753.996
752.805
760.798
760.201
751.809
744.669
738.675
736.372
737.471
734.996
729.202
727.69
730.187
730.989
730.19
728.008
724.511
723.973
726.271
725.622
722.125
719.641
718.142
718.912
721.909
720.989
716.194
708.547
698.058
690.01
684.415
681.6
681.6
673.443
656.959
644.71
636.818
635.154
639.949
637.613
627.822
621.048
617.452
610.173
598.984
590.304
584.31
576.441
566.551
561.256
560.957
558.75
554.454
550.87
548.073
544.378
539.682
532.68
523.089
516.64
513.743
501.88
479.802
464.791
457.898
451.885
446.89
435.532
416.75
401.458
390.269
378.12
364.833
354.186
346.693
340.787
336.791
329.365
317.776
308.659
302.565
298.708
297.609
293.169
284.578
277.361
271.866
268.358
267.359
266.58
266.081
265.406
264.507
263.564
262.565
263.301
266.298
266.791
263.994
263.259
265.257
271.106
282.095
290.87
296.664
303.264
310.956
318.227
324.92
336.527
354.909
373.25
391.532
413.267
439.841
470.225
505.99
542.538
580.201
621.925
669.478
720.501
776.546
836.085
900.722
959.981
1011.33
1074.99
1156.91
1225.22
1273.17
1332.24
1408.07
1478.58
1541.02
1600.85
1656.7
1705.12
1742.09
1793.5
1867.43
1928.34
1968.8
2015.25
2071.2
2121.95
2164.41
2213.64
2273.78
2328.33
2373.78
2427.69
2495.42
2568.05
2648.77
2721.25
2779.99
2842.83
2912.56
2985.86
3065.18
3140.7
3209.73
3279.76
3351.49
3420.81
3485.94
3550.5
3614.04
3675.98
3735.13
3803.75
3889.27
3966.82
4030.06
4101.18
4186.6
4260.74
4314.29
4375.64
4451.36
4519.19
4572.34
4639.63
4733.44
4815.88
4876.82
4923.19
4941.77
4977.16
5044.9
5101.59
5136.86
5180.09
5238.93
5290.86
5329.12
5363.58
5390.45
5416.83
5442.2
5456.79
5449.5
5454.7
5485.47
5511.25
5526.74
5542.35
5558.24
5563.85
5547.86
5548.49
5584.36
5603.71
5587.72
5575.69
5572.2
5564.17
5546.29
5529.78
5516.3
5504.55
5496.66
5477.69
5433.93
5396.98
5375.4
5346.21
5299.66
5261.27
5241.69
5215.77
5175.11
5130.65
5077.31
5027.4
4985.64
4956.02
4955.42
4952.63
4944.54
4941.71
4951.7
4964.26
4983.14
4997.95
5002.64
5012.35
5034.63
5060.95
5097.52
5141.72
5205.46
5261.02
5295.49
5325.55
5344.13
5371.9
5423.85
5476.4
5530.55
5578.73
5610.9
5650.53
5710.37
5768.26
5820.81
5863.7
5879.88
5907.71
5968.05
6019.73
6047.01
6082.35
6140.69
6180.96
6169.17
6167.94
6197.41
6216.1
6203.12
6191.79
6185.4
6177.38
6164.49
6157.33
6167.52
6166.25
6129.89
6097.43
6077.05
6057.34
6039.76
6014.84
5966.69
5929.29
5926.29
5922.75
5917.45
5908.2
5886.03
5864.75
5846.47
5823.96
5787.29
5753.87
5731.39
5707.17
5677
5649.68
5632.19
5615.47
5601.38
5587.95
5576.86
5564.16
5545.68
5530.83
5529.13
5523
5500.62
5479.88
5465.19
5457.09
5473.68
5482.75
5463.37
5444.59
5428.11
5408.12
5374.56
5348.53
5352.13
5351.79
5335.8
5321.97
5316.77
5312.97
5314.87
5314.08
5302.19
5284.65
5243.49
5208.79
5201.39
5194.49
5189.7
5183.56
5171.57
5153.62
5109.46
5069.88
5050.7
5029.62
4999.95
4971.01
4945.44
4913.64
4853
4797.9
4768.83
4738.92
4705.06
4670.04
4629.48
4588.82
4547.66
4509.11
4483.54
4455.75
4416.78
4379.83
4353.16
4321.4
4263.25
4213.11
4205.01
4194.24
4169.17
4139.03
4081.49
4027.66
3994.3
3964.18
3952.19
3937.18
3905.01
3876.49
3869
3859.23
3836.15
3813.75
3795.37
3778.34
3769.44
3758.09
3731.61
3707.6
3698.91
3687.43
3658.25
3628.38
3594.02
3565.4
3574.49
3579.26
3555.18
3533.06
3524.17
3515.98
3512.69
3509.64
3508.34
3504.15
3479.28
3458.45
3467.14
3473.72
3464.63
3457.27
3463.07
3468.85
3474.55
3481.42
3497.61
3510.75
3499.46
3490.02
3495.71
3499.19
3484.1
3469.68
3460.89
3454.01
3463.8
3471.64
3462.15
3452.02
3436.03
3424.02
3449
3471.76
3473.46
3475.09
3476.09
3476.12
3466.53
3459.25
3475.54
3488.21
3463.14
3438.9
3423.61
3408.05
3389.47
3371.9
3365.81
3358.15
3332.38
3306.29
3276.42
3247.82
3234.83
3221.11
3198.13
3174.5
3142.44
3110.87
3086.1
3061.78
3043.8
3025.52
3003.04
2980.39
2955.11
2931.2
2927.9
2923.56
2902.88
2881.5
2848.74
2816.49
2793.01
2770.21
2759.32
2747.69
2722.41
2697.49
2679.31
2660.03
2619.07
2578.69
2550.32
2521.69
2487.42
2453.55
2428.57
2403.26
2369.99
2336.91
2308.33
2279.2
2235.04
2191.94
2178.55
2163.92
2112.17
2061.42
2042.54
2023.2
1988.14
1953.13
1920.36
1887.81
1863.83
1839.57
1802.81
1766.35
1744.67
1722.91
1696.63
1670.61
1659.12
1647.43
1622.15
1596.91
1574.23
1551.49
1522.92
1494.36
1467.08
1439.67
1391.41
1343.19
1301.13
1259.04
1206.8
1154.53
1088.5
1022.46
