52.399
50.2011
48.0033
48.9975
49.9965
47.8098
45.6119
44.2089
42.8103
47.2624
51.758
50.3155
48.8169
51.8619
54.9589
50.4655
45.87
51.8012
57.8953
55.4472
52.8497
46.6266
40.3328
44.2095
48.3055
50.8399
53.3375
48.6273
43.7321
44.9609
46.3595
49.3103
52.3074
51.5286
50.6295
51.6628
52.7617
53.0893
53.389
47.1452
40.6516
44.4333
48.6292
51.2917
53.8892
55.1477
56.3465
56.4
56.4
53.1615
49.7649
50.8357
52.1344
54.2868
56.4847
53.6655
50.5685
51.0612
51.7606
53.214
54.7126
49.4378
43.7434
46.0286
48.8258
46.8453
44.5475
38.2299
31.6363
39.223
47.8146
50.9135
53.6109
42.4663
30.2782
41.0806
53.6683
50.1596
45.3643
43.7076
42.309
48.2796
54.8732
50.4363
45.0416
50.4703
56.8641
56.0271
54.5285
49.5593
44.2645
41.6127
39.215
43.3652
48.1605
44.2442
39.4489
41.2637
43.7613
44.4518
44.9513
44.6393
44.2397
45.2795
46.4784
43.7274
40.5306
43.335
46.8315
50.5069
54.2032
46.3063
37.0154
43.4746
51.8664
50.9354
48.8375
40.5381
31.447
40.0352
50.9245
45.6731
38.2804
39.0721
40.9702
44.7123
48.7084
44.8193
39.8242
35.7907
31.8945
33.1444
35.1425
42.188
49.9804
45.0087
38.1155
37.8931
38.6923
36.1204
33.0234
40.9655
50.656
48.2139
43.8182
40.9679
38.3704
41.5119
45.6078
49.6184
53.6145
48.402
41.6087
40.4298
40.23
38.9269
37.4284
40.1637
43.6602
45.7206
47.5189
43.3329
38.0381
42.4135
48.6075
46.4959
42.7996
38.4336
33.938
40.3811
48.9727
46.2347
41.2396
38.0729
35.2756
37.9507
41.747
40.0011
37.104
41.0562
46.4509
46.4944
45.3955
44.5429
43.7437
45.5664
47.9641
44.4765
39.6812
38.4738
38.0742
43.6944
50.6875
50.5392
48.741
51.7192
55.8152
52.2389
46.8442
46.1222
46.5219
47.7252
49.1238
52.6871
56.7831
50.9618
42.67
46.1858
52.6795
56.3876
59.3846
58.571
56.7727
58.3007
60.6983
59.541
57.4431
55.6603
53.962
56.5871
60.3833
62.1409
63.3397
61.801
59.5033
59.8582
60.9571
63.4569
66.3541
67.4658
68.0652
64.7929
60.3972
65.4245
73.2168
68.7596
60.6676
61.259
64.4559
68.8792
73.6745
72.4299
69.333
73.9381
80.9312
79.2532
74.8575
73.4965
73.0969
71.8649
70.3664
72.1888
75.0859
79.037
83.3328
83.499
82.3002
85.0704
89.1664
85.8679
80.0735
83.2187
89.4127
91.8173
92.9162
96.8311
101.726
108.247
115.34
114.399
110.603
113.129
117.924
119.64
120.239
129.175
141.163
147.609
152.005
159.746
168.737
177.656
186.547
199.273
213.459
222.017
228.411
237.755
248.244
272.511
302.182
313.749
318.144
340.88
370.951
394.474
415.354
446.24
481.206
501.733
516.319
545.162
579.928
612.09
643.159
672.965
702.237
742.007
786.264
830.52
874.777
917.781
960.239
1006.1
1053.45
1100.94
1148.5
1204.95
1265.39
1306.5
1338.86
1386.06
1440
1496.34
1553.79
1606.87
1657.92
1712.57
1768.92
1824.11
1878.75
1926.5
1970.96
2024.11
2081.46
2131.87
2178.93
2223.5
2266.86
2299.39
2326.56
2363.53
2405.39
2433.22
2454
2481.15
2511.52
2531.38
2545.87
2559.76
2573.35
2596
2623.37
2640.53
2652.32
2656.73
2657.22
2658.31
2659.71
2668.18
2680.47
2688.88
2695.17
2701.53
2707.92
2711.68
2713.98
2715.63
2716.93
2719.32
2722.31
2733.91
2750.4
2749.47
2738.58
2735.42
2736.72
2737.2
2737.2
2741.92
2749.41
2744.48
2732.19
2728.35
2729.55
2736.36
2746.55
2744.12
2734.03
2738.01
2750.59
2755.09
2754.59
2755.01
2756.01
2762.78
2773.17
2771.94
2763.35
2759.88
2759.68
2762.76
2767.96
2747.15
2709.49
2678.05
2650.68
2630.23
2614.34
2592.16
2565.78
2536.06
2504.09
2470.75
2436.48
2413.75
2398.86
2387.53
2378.64
2365.14
2348.46
2335.01
2323.82
2311.58
2298.59
2296.12
2301.12
2290.73
2269.36
2245.77
2220.59
2220.07
2237.45
2238.92
2228.73
2220.66
2214.17
2202.24
2186.25
2178.31
2176.42
2185.32
2202.41
2203.68
2192.89
2193.68
2203.37
2194.71
2171.83
2170.27
2185.35
2189.6
2185.3
2170.25
2146.68
2126.82
2109.94
2104.61
2108.61
2099.93
2080.95
2069.93
2065.43
2040.85
1999.69
1973.31
1959.22
1948.18
1939.69
1915.12
1876.96
1855.68
1848.78
1834.53
1813.95
1787.85
1756.98
1744.41
1747.81
1733.13
1702.56
1682.27
1671.08
1654.14
1632.06
1613.98
1599.49
1592.18
1591.38
1587.4
1580.51
1575.85
1573.25
1568.89
1562.9
1559.12
1557.42
1553.72
1548.13
1552
1564.89
1564.11
1550.22
1539.64
1532.25
1530.78
1535.07
1545.52
1562
1549.16
1507.3
1481.1
1470.51
1458.42
1444.84
1428.12
1408.24
1392.51
1381.03
1370.23
1360.14
1344.55
1323.27
1304.78
1289.19
1264.07
1228.91
1207.07
1199.38
1185.31
1164.43
1148.36
1137.47
1125.62
1112.74
1100.66
1089.47
1078.85
1068.86
1053.24
1031.37
1010.48
990.696
970.4
949.52
925.652
898.379
869.71
839.44
806.438
770.273
737.659
709.187
680.944
652.972
626.965
603.288
576.789
546.918
519.269
494.293
473.921
459.135
443.002
425.219
410.389
399.2
389.526
381.733
371.724
358.936
348.533
341.14
337
337
332.274
321.484
316.707
319.704
318.104
310.511
309.006
315.5
319.888
321.486
325.095
331.389
343.261
362.642
382.532
403.112
423.903
444.982
477.736
526.589
574.437
620.892
678.247
750.876
830.213
919.026
1012
1110.9
1222.19
1351.27
1489.85
1642.2
1791.14
1935.1
2086.14
2247.58
2417.43
2599.75
2764.69
2903.66
3059
3239.02
3418.25
3596.28
3767.4
3927.94
4080.32
4220.08
4359.22
4497.38
4636.83
4778.29
4908.35
5020.34
5138.25
5265.63
5398.36
5539.72
5665.17
5764.77
5883.2
6032.45
6184.53
6341.28
6492.33
6633.89
6788.43
6964.76
7140.6
7315.63
7490.51
7665.14
7832.9
7988.85
8148.96
8316.3
8485.3
8657.24
8826.24
8990.08
9143.07
9276.74
9428.13
9611.35
9780.96
9925.92
10087.1
10277.9
10457.2
10615.1
10753.1
10854.1
10983.4
11165.6
11321.8
11428.7
11550.5
11701
11833.2
11930.4
12051.9
12220.6
12355.8
12425.8
12504.2
12599.5
12678.1
12723.2
12770.2
12821
12872.2
12924.2
12969.8
13002.3
13034.2
13065
13089.1
13099.4
13105.8
13104.1
13106.2
13116.3
13120.5
13112.1
13095.4
13060.8
13042.8
13061.3
13072.1
13065.9
13046.7
12998.7
12948.5
12893
12827
12737.1
12651.7
12576.6
12499.7
12418.6
12335.1
12245.7
12162.1
12092.4
12015.1
11919.9
11845.1
11819.2
11795
11775.1
11762.9
11769.4
11773.7
11772.8
11784.6
11827.6
11876.7
11940.7
12006.4
12076.2
12144.6
12209.5
12283.5
12381.3
12483.1
12595.3
12698.6
12778.5
12874.7
13013.9
13143
13244.6
13355.2
13490.5
13610.4
13688
13781.7
13919.7
14040
14110.6
14183
14260.2
14336.2
14408.8
14477.3
14534.3
14578.5
14585.2
14599.1
14634.4
14664.8
14680.7
14687.8
14668.9
14641.4
14588.3
14548.6
14550.4
14541.6
14499.8
14457.8
14415
14361.9
14276.6
14199.1
14146.4
14094
14042.5
13990.8
13939
13880.9
13802.2
13728.8
13673
13617.3
13561.6
13504.7
13443.6
13393.3
13380.3
13356
13292.2
13233.6
13194
13159.3
13142.4
13130.8
13138.3
13139.1
13115.3
13085.6
13033.8
12990.3
12977.6
12961.1
12930
12895.2
12846
12807.9
12813.2
12809.3
12769.4
12722.6
12647.9
12585.8
12574.6
12560.8
12536.3
12513.2
12495.6
12481.8
12484.1
12476.6
12427.3
12379.1
12335.1
12285.7
12212.6
12149.8
12132.7
12102.7
12015.1
11932.1
11869.5
11804.8
11730.4
11652.5
11558.4
11467.2
11389.5
11308
11207.7
11109
11017.9
10932
10871.7
10802
10685.4
10577.9
10517.2
10451.4
10360
10270.5
10190.9
10111.2
10031.1
9956.96
9914.9
9862.32
9752.73
9651.68
9597.64
9538.76
9452.95
9371.12
9311.87
9255.68
9217.02
9172.88
9096.76
9024.62
8976.17
8927.34
8876.29
8826.15
8781.6
8736.17
8685.32
8636.31
8598.95
8560.46
8514.7
8471.65
8446.38
8422.13
8404.75
8383.8
8338.65
8297.56
8284.57
8268.51
8230.85
8195.38
8175.6
8159.16
8167.15
8173.75
8169.95
8169.2
8191.48
8208.27
8182.69
8161.32
8173
8184.86
8198.05
8209.93
8211.13
8210.12
8190.64
8172.52
8166.02
8161.07
8169.56
8176.21
8166.42
8156.83
8149.04
8139.76
8116.68
8099.08
8133.54
8167.78
8199.74
8226.86
8205.58
8183.12
8148.66
8117.72
8123.72
8127.17
8103.39
8080.16
8062.88
8042.48
7986.93
7931.4
7875.95
7819
7744.07
7672.52
7642.35
7609.18
7538.25
7469.23
7424.87
7378.68
7308.05
7240.12
7209.35
7176.16
7108.63
7043.02
7005.65
6966.81
6905.47
6845.84
6813.07
6779.42
6731.37
6684
6648.24
6611.88
6565.23
6516.97
6439.34
6362.27
6295.63
6230.15
6187.6
6143.74
6073.11
6002.77
5938.74
5873.62
5784.01
5696.1
5648.74
5600.44
5528.31
5455.9
5375.87
5295.17
5195.16
5096.67
5043.22
4989.42
4924.18
4858.99
4795.45
4731.12
4637.51
4544.49
4474.65
4404.85
4336.22
4267.82
4210.58
4152.98
4076.65
4000.79
3952.44
3903.83
3837.69
3771.87
3730.61
3689.04
3618.81
3548.62
3483.59
3418.53
3349.79
3280.81
3162.03
3043.29
2939.99
2836.65
2693.7
2550.74
