65.0017
68.698
72.3944
69.8064
67.209
65.408
63.6097
58.4333
53.2384
60.7365
68.329
68.202
68.0022
65.2343
62.4371
61.9071
61.4076
61.6951
61.9948
67.302
72.6967
69.2724
65.6759
67.6536
69.7516
63.4561
56.9625
66.3454
76.1358
69.9844
63.3908
64.3641
65.5629
63.5669
61.4689
61.2067
61.0069
63.4106
65.9081
65.2302
64.4309
64.496
64.5959
62.9708
61.2724
59.0959
56.8981
62.2403
67.9347
62.5803
56.6861
56.2099
56.0101
64.4423
73.3335
67.363
60.5697
59.7277
59.2281
60.1427
61.1417
65.8096
70.7048
67.0571
62.8612
60.7263
58.7283
64.7701
71.3636
63.4971
54.6058
55.8619
57.8599
56.0491
53.9512
55.8395
58.0373
57.5524
56.8531
58
59.2988
64.5585
70.153
65.912
60.817
61.6841
63.0828
62.0101
60.7114
60.052
59.4526
60.6759
62.0745
65.6558
69.452
63.0848
55.6921
55
55
49.8498
44.1554
52.8863
63.1762
65.4595
66.8581
64.0377
60.7409
59.4147
58.3158
52.3906
45.897
52.8694
61.461
62.6669
62.9666
57.7615
51.8673
50.5798
49.8805
51.0375
52.4362
59.3914
67.0839
65.7999
63.3023
55.0094
45.9183
49.0054
53.8007
53.0013
51.4029
54.6016
58.4978
64.6567
71.1503
69.9161
67.5184
61.3089
54.5155
57.8355
62.7307
65.0386
66.9367
61.1767
54.1835
56.3765
60.0729
60.7713
60.9711
59.0344
56.7367
53.16
49.3637
57.9023
68.5918
65.7017
60.4069
58.2452
56.6467
54.6259
52.5279
55.6557
59.7517
60.4841
60.584
57.4959
53.7996
57.3849
62.38
63.2
63.2
62.0337
60.6351
58.3222
55.8247
57.8874
60.8845
61.8963
62.4957
61.4447
60.046
64.4103
70.0048
65.4972
58.8037
60.2219
63.4188
63.3461
62.5468
65.4987
69.2949
68.6984
67.1
62.4989
57.2041
62.5146
70.307
71.3962
70.8967
65.4021
58.7087
61.4988
66.5938
66.8784
65.9793
63.9605
61.6627
65.2689
70.3639
72.2754
73.3744
71.8534
69.6555
74.6644
81.5577
84.58
86.578
83.1386
78.2434
77.0428
76.843
76.3295
75.7301
76.6168
77.9155
81.2428
85.139
82.4201
77.8246
79.7499
83.5461
86.8004
89.8974
89.8276
88.8286
86.9051
84.7072
89.9634
97.4561
93.6812
86.4883
91.9866
101.377
105.125
107.123
106.763
105.664
101.682
96.7873
101.048
108.241
105.698
100.003
101.912
106.308
107.775
108.275
110.197
112.595
119.997
129.088
127.75
122.854
124.2
127.697
131.786
136.082
139.343
142.24
145.58
149.076
154.852
161.446
165.913
169.609
172.94
176.137
187.648
202.233
215.801
228.988
231.367
229.668
243.379
262.96
278.645
292.831
305.434
317.422
331.922
347.407
368.259
391.236
412.001
431.882
467.49
509.449
532.955
548.94
573.559
601.731
636.962
675.124
705.756
733.229
774.108
820.662
859.028
893.893
934.832
978.389
1026.19
1075.84
1123.55
1170.4
1218.09
1266.14
1319.16
1374.41
1425.94
1475.79
1531.13
1588.97
1645.93
1702.47
1770.28
1843.3
1894.29
1934.95
1983.28
2035.22
2100.16
2171.29
2227.92
2277.57
2323.86
2368.52
2411.9
2454.66
2507.38
2565.02
2608.67
2645.33
2670.29
2689.38
2701.96
2711.25
2744.99
2791.25
2813.59
2823.58
2840
2859.79
2887.16
2918.53
2920.26
2906.27
2910.19
2923.67
2928.46
2928.56
2942.06
2962.84
2962.52
2950.63
2948.91
2952.8
2949.84
2943.05
2948.21
2960.09
2953.95
2937.56
2939.73
2952.52
2978.04
3010.9
3010.81
2991.53
2981.13
2975.93
2981.03
2992.22
2991.02
2982.43
2976.64
2972.55
2981.38
2998.06
3006.26
3009.26
3014.29
3020.58
3017.15
3007.66
2999.09
2991.1
2995.59
3007.97
3013.29
3014.09
3007.89
2997.2
2976.34
2948.86
2920.85
2892.47
2874.7
2863.91
2839.44
2805.87
2778.22
2754.55
2734.21
2716.13
2683.78
2641.72
2614.77
2598.18
2587.21
2580.11
2573.67
2567.67
2551.07
2526.99
2511.97
2503.38
2495.84
2489.04
2486.26
2486.36
2480.32
2469.83
2463.38
2459.88
2445.81
2423.94
2418.26
2424.66
2425.57
2422.38
2421.51
2422.41
2425.92
2431.41
2426.74
2414.25
2417.13
2431.92
2427.8
2408.92
2404.85
2412.44
2405.83
2387.95
2381.33
2383.73
2369.04
2340.56
2315.89
2294.32
2278.78
2268.19
2253.22
2234.64
2216.22
2197.94
2178.35
2157.67
2139.1
2122.32
2101.17
2076.29
2055.23
2037.45
2013.24
1983.47
1965.54
1957.95
1942.92
1921.34
1902.3
1885.52
1867.31
1847.83
1834.81
1827.62
1812.99
1791.61
1778.22
1772.12
1763.38
1752.19
1749.85
1755.75
1759.58
1761.48
1764.3
1768
1760.89
1743.51
1729.64
1719.15
1717.3
1723.8
1722.34
1713.15
1708.35
1707.85
1706.19
1703.4
1692.39
1673.21
1663.1
1662.1
1645.87
1614.2
1594.39
1586.7
1570.54
1545.66
1529.81
1523.32
1506.22
1478.05
1457.42
1444.73
1422.16
1389.09
1364.37
1348.59
1340.01
1339.22
1325.01
1296.24
1278.72
1273.53
1261.97
1243.39
1223.34
1201.66
1185.4
1175.21
1156.06
1126.79
1100.88
1078.8
1053.14
1023.37
993.231
962.661
927.249
886.19
850.364
820.693
786.999
748.537
720.317
704.332
681.685
651.015
624.317
602.438
577.818
549.846
531.268
524.275
515.099
503.211
488.706
470.924
460.691
459.992
453.007
438.021
427.587
422.991
425.323
436.611
439.01
429.819
426.025
429.321
434.122
440.916
446.254
449.651
457.264
470.551
487.568
509.646
537.927
574.691
610.741
645.806
686.808
736.06
794.215
864.846
944.462
1036.77
1138.35
1253.14
1369.73
1488.92
1619.73
1767.39
1909.68
2044.15
2192.08
2359.82
2530.61
2705.94
2875.54
3036.58
3200.18
3367.61
3533.82
3698.16
3852.56
3991.72
4138.15
4295.79
4450
4598.85
4737.14
4858.82
4982.32
5108.69
5232.95
5353.83
5471.42
5583.71
5707.5
5849.96
5983.14
6101.13
6235.62
6397.36
6556.4
6710.95
6871.43
7041.86
7209.51
7372.45
7526.17
7664.13
7818.4
8000.72
8170.95
8320.21
8479.52
8656.45
8832.15
9005.68
9167.46
9308.32
9463.15
9643.08
9804.81
9933.58
10080.4
10260.2
10422.7
10553.2
10696.2
10862.7
11029.7
11198.1
11350.5
11472.6
11594.5
11715.8
11842.8
11980.7
12102.8
12194.1
12284
12370.9
12455.3
12534.6
12626
12741.7
12818.8
12818.3
12840
12906.5
12965.7
13010
13043.1
13053.4
13074.4
13117.7
13136.8
13105.2
13092.2
13118.6
13135.6
13132.4
13129.8
13128.7
13121.1
13099.2
13077.1
13054.3
13032.6
13013.3
12982
12923.6
12857.7
12774.6
12692.3
12612.1
12532.1
12452.3
12368.2
12274
12189.5
12127.8
12058.3
11970.2
11902.1
11881.7
11846.7
11776.8
11732
11748.3
11760.9
11763.9
11782.5
11840.2
11886.3
11903.5
11939
12020.8
12102.6
12184.5
12266.3
12347.7
12431.7
12522.3
12617.9
12726.4
12832.1
12930.4
13028.5
13126
13235.2
13376.3
13512.1
13633.4
13745.8
13833.1
13917.6
13994.5
14068.9
14136.5
14202.7
14264.7
14326.4
14387.1
14433.6
14439
14466
14556.6
14616.6
14585.5
14562.4
14563.4
14553.2
14509
14468.8
14441.2
14409.6
14365.2
14314.4
14243.5
14183.4
14157.5
14121.5
14053.1
13989.1
13939.5
13884.5
13811.3
13756.2
13760.7
13737.2
13620.3
13522.3
13488.9
13441.3
13345.7
13268.3
13253.6
13235.1
13203
13163.6
13098.2
13038
12995.8
12958.5
12938.5
12919.2
12902.6
12885
12863.3
12842.8
12826.6
12809.9
12791.1
12767.2
12724
12684.9
12662.3
12641.4
12627.7
12609.5
12573.2
12544.8
12548.1
12544.8
12514.7
12479.7
12425
12373
12332.8
12295.1
12268.2
12235.1
12175.5
12121.2
12090.5
12047.8
11953.1
11869.8
11837
11793
11698.4
11616.6
11593.2
11557.7
11465.5
11375.9
11297.6
11217.3
11126.7
11040.5
10975.8
10909.2
10833.7
10756.3
10669.5
10579
10469.1
10368.3
10314.2
10251.1
10141.9
10041.9
9990.3
9929.93
9823.04
9723.46
9663.52
9601.85
9530.72
9461.96
9406.42
9345.31
9252.7
9169.59
9141.11
9108.78
9053.83
8998.7
8942.45
8885.52
8824.48
8766.52
8727.46
8688.83
8652.86
8613.82
8555.28
8498.9
8456.44
8416.92
8396.64
8375.52
8348.85
8321.2
8286.93
8254.71
8236.63
8218.6
8200.92
8186.51
8195.6
8200.73
8176.96
8158.17
8176.45
8186.27
8132.03
8086.92
8112.4
8135.38
8138.78
8141.99
8143.69
8148.47
8178.54
8202.05
8170.68
8142.82
8144.92
8144.78
8125.2
8105.6
8085.82
8069.88
8088.86
8105.39
8099.09
8095.28
8115.06
8132.82
8130.92
8128.63
8122.44
8117.01
8119.41
8120.33
8105.74
8087.3
8027.45
7973.69
7986.78
7995.63
7956.67
7916.21
7858.36
7800.32
7739.88
7680.2
7629.85
7580.56
7544.7
7505.47
7422.65
7343.82
7318.24
7291.65
7250.99
7208.76
7144.22
7080.48
7028.33
6976.76
6934.11
6891.11
6842.86
6794.01
6735.36
6678.15
6645.08
6610.73
6553.89
6496.36
6426.33
6357.11
6303.36
6250.36
6212.1
6172.47
6104.64
6036.17
5953.95
5873.56
5834.8
5794.21
5709.89
5625.41
5536.8
5449.52
5397.67
5345.59
5286.94
5227.19
5134.18
5041.77
4968.54
4895.52
4829.49
4763.15
4685.72
4608.92
4556.87
4504.41
4434.08
4363.5
4281.18
4199.18
4134.05
4068.85
3999.81
3931.32
3899.06
3866.39
3803.05
3739.95
3698.39
3656.47
3574.45
3492.42
3408.1
3323.76
3234.15
3144.44
3022.16
2899.88
2777.8
2655.72
