58.5997
57.9004
57.201
57.8982
58.5976
55.6133
52.6162
57.9654
63.3601
60.4251
57.428
57.9938
58.5932
59.884
61.1828
62.3829
63.5817
60.6485
57.6515
56.9127
56.2134
62.0794
68.0735
66.0485
63.8507
61.1648
58.4675
59.5688
60.7676
56.2313
51.5359
55.7655
60.2611
60.5936
60.7934
56.3555
51.76
53.9141
56.3118
53.9943
51.4967
55.0492
58.8455
61.2042
63.502
60.8264
57.9293
61.6177
65.6138
64.5617
63.263
62.7247
62.2252
60.0183
57.7205
54.7601
51.7631
55.9454
60.5409
56.275
51.4797
54.1163
57.2132
60.3102
63.4072
58.7285
53.5336
51.0498
48.752
47.5738
46.4749
51.9857
57.9798
59.9793
61.6776
58.7408
55.444
51.7772
48.0808
49.6462
51.6443
54.3792
57.1765
56.0212
54.5226
55.7758
57.2744
54.8372
52.0399
48.786
45.4892
47.205
49.4028
51.146
52.8443
57.1743
61.7698
61.385
60.4859
61.2132
62.1123
56.4299
50.0361
58.4862
68.5763
60.354
50.0641
52.8515
57.1473
60.9069
64.6032
61.7895
58.193
62.6941
68.1887
72.973
77.6684
74.3905
70.0947
70.2188
70.9181
77.3504
84.5434
84.872
84.2725
81.7413
78.9441
85.7843
93.9762
95.2622
95.5619
96.2105
96.9098
99.1756
101.673
108.859
116.752
116.067
114.069
118.554
124.049
127.128
129.826
134.502
139.497
141.402
142.8
147.968
153.762
160.497
167.39
174.965
182.658
182.354
180.655
194.998
212.181
217.679
221.076
219.319
216.622
227.073
239.96
246.793
252.487
262.293
272.882
274.265
273.865
284.238
296.725
310.629
324.815
325.621
323.723
332.603
343.693
359.828
377.011
387.84
397.33
414.889
434.17
442.281
447.976
465.469
485.549
504.24
522.622
537.742
552.128
576.194
602.469
621.115
637.998
664.596
693.468
710.226
724.112
743.316
763.796
791.75
821.521
835.497
845.588
866.795
890.771
920.412
951.482
970.295
985.98
1003.97
1022.55
1037.88
1052.37
1064.8
1076.69
1100
1126.38
1162.58
1201.44
1214.58
1220.68
1243.43
1270.8
1293.42
1314.7
1344.54
1376.8
1406.2
1434.77
1466.36
1498.83
1516.32
1529.4
1561.37
1598.93
1615.67
1626.16
1661.18
1703.63
1730.72
1753.1
1767.32
1779.01
1793.36
1808.55
1826.61
1845.6
1860.94
1875.13
1884.26
1891.75
1897.14
1901.83
1928.38
1962.14
1983.11
1999.79
2018.86
2038.74
2056.61
2073.8
2111.86
2157.11
2194.14
2228.31
2261
2293.17
2327.4
2362.36
2413.5
2470.45
2525.78
2580.53
2621.6
2657.66
2710.87
2770.41
2820.64
2867.39
2905.73
2940.9
3009.99
3092.01
3150.73
3200.48
3249.94
3299.29
3362.35
3430.78
3506.59
3585.31
3652.97
3716.21
3785.5
3857.23
3913.98
3964.63
4028.87
4098.7
4156.82
4210.07
4249.59
4283.36
4330.6
4383.55
4436.85
4490.29
4547.16
4605.5
4661.76
4717.1
4777.45
4839.99
4891.38
4937.84
5002.03
5074.16
5150.48
5228.71
5285.38
5332.24
5409.54
5500.85
5582.27
5659.09
5731.29
5801.32
5891.16
5990.37
6064.34
6126.28
6196.65
6271.07
6367.16
6473.75
6526.97
6554.04
6600.31
6656.05
6710.06
6763.21
6808.18
6849.04
6891.96
6935.92
6962.36
6979.85
7009.71
7045.98
7068.05
7082.74
7090.22
7093.92
7099.44
7105.94
7112.82
7119.91
7122.53
7122.73
7120.53
7117.04
7100.12
7075.85
7077.23
7092.82
7093.65
7086.26
7073.95
7058.86
7084.63
7133.58
7153.94
7157.94
7157.5
7154.5
7177.65
7216.01
7255.38
7295.34
7325.26
7349.24
7380.34
7415.71
7489.74
7587.04
7662.4
7724.44
7776.38
7822.13
7895.5
7985.91
8093.63
8212.11
8311.87
8399.89
8467.34
8521.79
8598.86
8690.37
8792.46
8901.36
8959.23
8984
9008.9
9033.87
9077.93
9134.58
9160.32
9165.51
9160.78
9149.39
9161.49
9189.46
9193.97
9182.48
9194.38
9222.35
9236.4
9240.79
9253.84
9272.92
9305.19
9346.75
9381.47
9411.34
9419.66
9412.57
9442.69
9499.63
9516.25
9503.56
9506.1
9519.78
9545.08
9578.95
9588.93
9581.14
9589.04
9608.72
9635.74
9668.31
9699.52
9729.69
9776.24
9835.38
9883.38
9922.74
9936.97
9931.58
9931.66
9936.05
9940.56
9945.16
9959.35
9981.23
9993.6
9998.29
9986.34
9960.87
9972.19
10013.6
10005.8
9957.41
9951.32
9980.49
10028
10090.8
10124.5
10133.5
10146.4
10162.7
10169.4
10167.9
10169.7
10174.4
10219.8
10300.7
10320.6
10286.9
10295.5
10341.6
10356.4
10343.2
10379.1
10459.1
10499.3
10503.3
10518
10542.4
10530.5
10484.9
10474.8
10497.7
10514.6
10525.9
10523.2
10507.3
10524.4
10572.9
10605.8
10623.8
10651.2
10687.9
10705.2
10703.6
10732.6
10791.8
10842.3
10884.2
10932
10985.6
11041
11098.5
11137.1
11156.7
11210.6
11299.7
11370.2
11421.7
11484.9
11560
11659.3
11783.7
11850.2
11855.5
11932.6
12085.9
12216.5
12322.7
12422.1
12514.1
12606.2
12698.5
12771.7
12823.8
12911.8
13039.4
13116.1
13136.2
13182.1
13257
13310.2
13338.9
13374.2
13417.1
13436
13427.4
13444.1
13490
13510
13499.8
13465
13401.6
13359
13341
13326.1
13315
13305.1
13296.5
13298.7
13314
13291.3
13222.2
13192.6
13211.8
13209.9
13181.9
13156
13132.6
13112
13094.7
13089
13098.2
13115.9
13144.6
13153.2
13135.8
13146.5
13193.9
13266.6
13372.7
13430.3
13423.6
13451.9
13526.8
13595.9
13657.1
13738.2
13846.2
13902.1
13886.8
13897
13942.1
13942
13879
13846.7
13857.5
13858.7
13846.5
13839.6
13840.1
13817.1
13760.2
13696.3
13622
13558.5
13510.5
13450.1
13371.3
13287.8
13197.4
13120
13062.2
12968.2
12819.7
12704.3
12638.9
12549.6
12423.4
12322.2
12259.5
12182.4
12082.7
12005.2
11962.5
11902.7
11815.8
11742.6
11691.3
11663.9
11675.1
11689.5
11709.2
11713.7
11693.4
11695.1
11732.9
11773.9
11819.9
11883.9
11978
12057
12110.2
12165.7
12224.9
12290.7
12367.6
12431.9
12474.4
12521.8
12578.1
12631.1
12678.3
12732.2
12798
12855.2
12897.2
12961.2
13065.2
13165.3
13258.2
13348.3
13433.3
13521.1
13614.1
13685.7
13717.2
13758.7
13819.1
13891.6
13987.1
14056.9
14076.9
14109.5
14166.1
14213.1
14241.4
14276.1
14323.6
14363.6
14388.6
14417.3
14453.3
14473.4
14461.3
14443.5
14414
14385.6
14359.3
14332.4
14304.1
14278.4
14257.8
14232.8
14198.5
14174.2
14171
14147
14078.3
14031.9
14034.1
14012.5
13938.8
13867.4
13800.9
13730.7
13651.8
13572.8
13493.4
13408.7
13311.8
13218.1
13131.9
13035.7
12916.4
12803.6
12706.1
12622.1
12570
12512.9
12443.9
12385.4
12351.9
12331.9
12344.4
12360.5
12385.2
12417.3
12467.7
12527.6
12611.1
12683.2
12726.1
12794.8
12929
13056.7
13167.3
13269
13347.6
13426.2
13504.5
13603.3
13756.8
13907.7
14051.6
14191.8
14321.7
14458.6
14614.7
14757.5
14863.3
14970.6
15082.3
15184.5
15259.8
15338
15424.1
15503.7
15564.5
15624
15679.4
15716.8
15701.2
15684.4
15663.7
15641.6
15615.2
15594.7
15591.8
15568.7
15483.5
15418.5
15415.6
15400.2
15345.6
15290.9
15235.6
15178.4
15115.5
15055.2
15003.5
14947.1
14875.1
14813.8
14788.2
14750.6
14673.4
14599.2
14535.4
14472.1
14410.5
14352.8
14308.4
14265.4
14227.9
14197.6
14192.9
14179.8
14136.6
14097.1
14070.7
14045.4
14024.1
14004.7
13991.9
13971.1
13920.2
13876
13856.7
13837.5
13818.8
13802
13792.3
13778.6
13749.3
13708
13619.5
13557.4
13601.5
13631.6
13604.5
13576
13542.1
13513.3
13505.7
13486.3
13416.5
13351.8
13308.7
13265.4
13221.5
13165.7
13057.4
12952.5
12862.5
12787.2
12778.3
12758.3
12687.7
12611.2
12507.7
12410.8
12344.9
12265.8
12123.8
11993.2
11917.7
11836.5
11727.3
11619.8
11521
11423.7
11333.7
11239
11120.9
11013.6
10962.9
10903.9
10800.8
10704.8
10646.9
10585.3
10503.5
10426.2
10373.3
10319.3
10259.1
10199.7
10144.6
10081.6
9973.62
9881.28
9880.48
9868.69
9791.56
9716.6
9654.66
9600.19
9591.6
9573.83
9498.8
9430.52
9404.94
9376.95
9333.39
9286.12
9214.49
9147.6
9112.34
9077.4
9044.74
9014.56
9001.57
8985.41
8946.95
8910.91
8892.23
8873.75
8856.77
8840.99
8834.2
8829.94
8844.82
8858.08
8858.78
8856.67
8832.5
8813.41
8835.19
8856.48
8873.76
8888.42
8881.13
8873.67
8864.78
8856.35
8851.95
8847.78
8845.58
8844.9
8858.09
8870.33
8873.73
8878.46
8895.94
8909.93
8889.85
8874.57
8907.14
8933.02
8890.66
8848.31
8806.05
8764.72
8733.35
8703.48
8689.99
8670.84
8587.72
8507.85
8465.69
8421.65
8355.11
8290.27
8246.11
8200.45
8135.92
8071.95
8015.3
7958.12
7893.78
7830.29
7778.34
7728.11
7702.33
7673.72
7603.39
7534.91
7494.55
7453.8
7407.05
7358.32
7277.5
7198.13
7143.18
7087.55
7019.92
6952.1
6880.97
6809.38
6729.06
6649.08
6575.75
6502.6
6433.27
6364.7
6312.55
6259.13
6176.91
6094.56
6008.94
5922.78
5822.98
5723.94
5645.22
5566.61
5491.08
5415.11
5325.8
5236.58
5150.57
5065.14
4999.91
4935.19
4889.53
4843.07
4764.45
4685.57
4595.56
4506.15
4445.41
4384.81
4331.86
4278.43
4196.51
4115.28
4079.81
4043.84
3968.51
3893.21
3819.98
3746.52
3647.72
3548.89
3446.39
3343.75
3212.98
3082.18
2941.12
2800.07
2669.5
2538.92
