65.0024
70.2972
75.592
68.1186
60.626
53.0338
45.4412
52.4545
59.5476
57.5175
55.4196
63.0205
70.713
68.7258
66.6278
64.727
62.8289
61.4227
60.024
59.1163
58.2172
60.8457
63.5431
60.764
57.8668
59.5567
61.355
63.2506
65.1488
64.8112
64.4116
53.9228
43.1334
47.4471
52.2424
53.2696
54.1687
52.1751
50.0772
53.8491
57.8452
58.096
58.1959
56.9541
55.6554
56.5564
57.5554
61.2269
65.0231
62.2473
59.1503
53.2018
47.1077
47.8434
48.9423
50.2306
51.5293
53.2059
54.9042
50.3808
45.4856
50.6563
56.4506
55.3918
53.8933
58.3904
63.2856
61.7303
59.7322
57.5476
55.3497
50.9176
46.3221
48.2296
50.6272
53.0249
55.4225
52.1772
48.4808
55.1234
62.616
56.3834
48.9906
50.6061
53.0037
56.0434
59.1404
54.9151
50.0199
53.5273
57.8231
58.9291
59.7283
52.8884
45.2959
47.4131
50.5101
51.5244
52.3236
55.3817
58.6784
57.1968
55.1988
54.0104
52.9115
53.6079
54.507
54.9583
55.3579
53.255
50.8573
53.0078
55.7052
52.5296
48.6334
55.8357
64.4273
61.2362
56.5408
53.8785
51.4808
55.5218
60.417
58.0078
54.6112
55.7805
57.5788
54.5583
50.8619
45.8543
40.6594
42.7911
45.9879
46.313
46.2131
50.9756
56.4703
54.1678
50.6712
48.5577
46.6595
47.4349
48.6337
48.6279
48.4281
46.683
44.6849
50.3959
57.389
57.8872
57.2878
55.3242
53.1263
49.5674
45.7711
52.3293
60.721
55.988
48.8949
49.3206
51.1189
52.1585
53.0577
53.9568
54.8559
53.0704
50.7727
50.9022
51.5016
52.101
52.7004
54.1329
55.7313
56.2493
56.549
56.0196
55.3203
51.7258
47.5299
52.4115
59.2049
53.9785
46.1861
49.81
55.904
56.0168
54.8179
49.3686
42.9749
42.5339
43.433
48.7249
55.0188
58.0665
60.3642
64.2002
68.3961
63.3044
56.0116
55.8085
57.307
55.7515
53.4537
54.6836
56.7816
59.1994
61.697
65.3115
69.2077
64.9065
58.5127
59.5817
62.5788
61.7745
59.9762
61.575
64.0725
68.6189
73.714
71.4199
67.1241
66.6705
67.2699
70.7633
75.0591
75.6879
75.2883
73.3322
70.9345
73.4275
77.3237
77.4257
76.4266
76.2772
76.3771
76.0148
75.5153
76.2453
77.3442
79.8995
82.8965
82.6061
81.3074
81.8388
82.9377
86.6228
91.1184
90.2275
87.63
90.2538
94.5496
95.9019
96.3015
91.3563
84.6628
84.3515
86.1497
91.0184
96.9126
94.9642
90.3687
92.1798
96.1759
104.779
114.969
115.525
112.728
113.995
116.693
123.739
132.331
134.232
133.733
136.093
139.489
146.689
155.28
163.507
171.599
174.091
174.49
184.61
198.397
207.843
215.635
223.932
232.424
250.341
271.92
290.055
306.838
317.253
325.145
350.236
382.205
403.498
420.482
439.949
460.429
488.27
519.14
543.939
566.218
592.367
620.14
654.37
691.334
730.257
770.018
805.661
839.528
879.659
922.517
962.182
1000.44
1044.8
1091.85
1138.77
1185.62
1239.15
1295.69
1342.36
1384.52
1427.36
1470.52
1520.09
1572.64
1629.61
1688.65
1736.57
1779.22
1827.84
1879.29
1922.03
1960.6
2008.84
2061.79
2112.19
2161.34
2193.24
2216.62
2250.2
2288.86
2315.16
2335.24
2360.82
2389.19
2403.23
2409.92
2431.7
2461.27
2479.02
2490.61
2506.39
2524.37
2535.56
2543.15
2550.23
2557.02
2560.31
2561.71
2566.4
2572.9
2576.36
2578.16
2580.15
2582.25
2590.37
2601.86
2603.63
2599.94
2605.86
2617.25
2619.3
2616.01
2617.14
2620.84
2620.37
2617.47
2616.59
2616.89
2612.98
2606.59
2602.2
2599
2596.86
2595.37
2594.43
2593.83
2594.65
2596.35
2609.48
2629.66
2629.46
2616.57
2602.94
2588.86
2594.29
2612.07
2621.13
2624.63
2621.38
2613.79
2593.29
2564.42
2550.04
2545.14
2523.09
2489.72
2460.2
2433.22
2420.48
2417.29
2384.46
2331.61
2307.17
2302.07
2286.85
2264.67
2247.51
2233.83
2223.2
2214.71
2202.34
2187.26
2167.67
2144.9
2139.13
2145.52
2135.49
2113.61
2109.84
2119.23
2123.95
2125.25
2118.9
2106.92
2108.84
2121.13
2123.66
2118.86
2119.19
2123.38
2114.37
2095.29
2082.31
2074.02
2077.94
2091.33
2093.33
2086.44
2089.1
2099.29
2095.83
2081.55
2064.26
2044.58
2020.64
1993.27
1978.24
1973.25
1966
1956.91
1939.28
1914.61
1894.13
1877.15
1863.48
1852.59
1835.96
1814.48
1794.57
1775.98
1753.53
1727.76
1709.69
1698.31
1676.09
1644.42
1628.59
1626.69
1620.45
1610.36
1596.79
1580.1
1567.68
1559.09
1551.44
1544.64
1536.34
1526.65
1521.79
1521.39
1518.97
1514.68
1504.76
1489.57
1474.13
1458.45
1454.69
1462.28
1465.18
1463.58
1463.97
1466.27
1462.59
1453.1
1452.28
1459.97
1455.41
1438.73
1432.65
1437.15
1429.93
1410.95
1393.01
1376.13
1361.77
1349.98
1339.37
1329.98
1310.39
1280.22
1254.54
1233.56
1221.68
1219.38
1206.08
1181.11
1158.31
1137.83
1124.41
1118.62
1108.08
1092.4
1079.53
1069.74
1057.95
1043.97
1028.47
1011.28
996.597
984.708
969.303
949.922
932.549
917.464
896.473
868.7
836.343
798.68
770.838
754.454
731.872
702.001
665.456
620.999
592.931
584.439
568.559
543.784
518.466
492.492
473.482
462.992
452.592
442.302
429.25
412.767
396.859
381.674
372.626
371.327
371.127
372.326
368.887
359.496
350.846
343.153
340.058
342.955
347.104
352.898
357.704
361.201
367.392
377.183
384.801
389.497
401.229
422.508
445.306
470.182
499.131
533.697
572.61
617.566
669.678
731.818
796.607
865.14
943.605
1036.21
1135.3
1243.7
1360.95
1491.02
1620.77
1750.04
1887
2035.25
2180.33
2320.69
2465.42
2616.67
2775.37
2945.31
3106.64
3254.89
3392.02
3512.1
3638.43
3774.39
3917.98
4073.42
4202.68
4290.79
4387.99
4499.58
4617.83
4746.7
4868.8
4979.99
5091.53
5203.62
5318.09
5436.48
5570.16
5729.11
5873.95
5995.34
6133.72
6300.66
6453.09
6580.97
6730.69
6917.71
7089.63
7235.59
7389.51
7557.24
7713.68
7850.35
7989.4
8132.66
8278.65
8429.5
8578.75
8725.1
8867.73
9003.6
9155.4
9336.32
9507.19
9659.55
9797.08
9907.07
10027.1
10166
10300.5
10427
10541.6
10633.6
10748.8
10908.4
11026.3
11062.9
11128.4
11250.3
11358.6
11440.2
11517.3
11585.4
11647.8
11698.9
11758.6
11835.5
11887.3
11887.7
11890.2
11897
11923.9
11992.5
12032.5
12012.4
11993.1
11975.3
11966.4
11976.6
11971.4
11932.8
11912.2
11930.8
11939.2
11925
11901.3
11856.5
11821.1
11806.8
11769.5
11680.3
11600.1
11540.2
11477.9
11410.3
11342.7
11275.3
11200.4
11108.2
11018.7
10935.5
10880.7
10893.9
10877.5
10789.8
10740.3
10784
10812
10801.6
10799.6
10818.2
10851.3
10920.6
10981.3
11020.7
11068.7
11138.6
11213.5
11301.3
11383.7
11452.1
11530
11633.2
11739.2
11852.7
11961.7
12058.9
12154.4
12245.7
12353.3
12505.7
12639.7
12722.9
12789.1
12807.8
12847.7
12947.6
13041.7
13119.1
13184
13212.8
13238.9
13257.3
13282.4
13327.4
13350.9
13310.7
13283.8
13296.4
13300.2
13276.7
13246.4
13195.1
13148.2
13114.8
13077.6
13028.7
12978.9
12926.2
12876.9
12838.5
12795.2
12735.8
12672.6
12596.7
12531.2
12500
12463.8
12410.6
12364.4
12341.9
12312.3
12259
12204.4
12145.4
12095.7
12078.2
12055.1
12011.9
11973.7
11953
11925.1
11871.3
11821.9
11788.8
11768.4
11794.7
11813.3
11803.4
11791.3
11771
11744.2
11692.7
11644.1
11606.8
11577.4
11579.3
11576.9
11557.5
11535.9
11505.5
11471.8
11425.4
11387.8
11386.6
11377.6
11336
11294.3
11251.9
11207.1
11151.4
11098.9
11060.1
11021.5
10984
10940.6
10870.6
10808
10778.1
10746.9
10709.3
10652.2
10504.8
10378.6
10352.4
10316
10230.4
10142.6
10043.3
9946.81
9864.29
9785.45
9724.91
9661.74
9585.32
9508.87
9432.35
9358.91
9301.47
9240.7
9162.48
9082
8989.49
8903.46
8852.51
8800.39
8741.85
8683.09
8623.15
8561.94
8493.5
8431.5
8406.53
8374.43
8300.71
8231.5
8189.14
8147.21
8107.84
8067.71
8022.86
7979.62
7946.45
7913.01
7877.84
7838.4
7771.36
7708.74
7675.08
7647.15
7657.54
7659.83
7607.08
7558.45
7538.27
7519.49
7510.6
7501.55
7491.36
7482.31
7481.62
7480.12
7472.73
7465.07
7455.38
7445.01
7429.43
7418.82
7447.39
7470.31
7447.83
7429.12
7441.31
7451.61
7446.12
7437.87
7406.1
7379.11
7393.8
7407.93
7417.12
7426.62
7438.9
7451.33
7465.01
7477.39
7477.29
7475.97
7462.78
7452.81
7474.89
7493.59
7477.81
7461.69
7442.11
7423.79
7418.99
7412.29
7384.62
7356.64
7325.17
7291.35
7230.31
7171.32
7136.76
7101.56
7058.6
7012.97
6933.65
6856.69
6810.43
6763.51
6707.56
6653.05
6618.28
6582.25
6528.2
6475.1
6435.84
6396.08
6348.83
6302.09
6263.53
6224.12
6170.87
6118.07
6072.81
6027.47
5980.62
5933.77
5887.02
5839.91
5786.06
5732.14
5676.9
5621.61
5565.36
5509.76
5468
5424.68
5345.85
5267.91
5210.86
5153.51
5088.37
5022.95
4949.82
4877.57
4830.12
4781.48
4697.57
4614.4
4555.36
4495.73
4416.01
4336.7
4272.56
4208.63
4152.78
4097.09
4047.84
3998.27
3933.94
3869.44
3796.41
3723.78
3674.73
3625.71
3578.96
3532.19
3484.44
3436.73
3392.97
3348.82
3260.91
3173.2
3115.06
3056.66
2947.47
2838.35
2756.04
2673.66
2540.4
2407.13
