35.4025
41.097
46.7914
42.3112
37.8156
35.4106
33.013
37.1731
41.369
33.7643
26.0719
26.4948
26.9943
26.7037
26.404
28.2729
30.1711
32.3644
34.5622
30.9671
27.2707
36.411
45.8018
40.328
34.5336
33.3264
32.2275
32.1026
32.0027
31.514
31.0144
28.1867
25.2895
23.4573
21.6591
29.4261
37.5182
32.6895
27.3947
32.8774
38.7716
30.9333
22.5415
25.9376
29.8338
30
30
28.5683
27.0698
31.1909
35.5866
32.5682
29.1715
28.2411
27.4419
29.4825
31.6804
30.0996
28.3014
25.4662
22.569
23.6229
24.9217
25.2816
25.5813
32.1578
39.1509
30.4383
20.6479
27.5565
35.6486
34.4312
32.533
35.7444
39.3408
33.9451
27.851
27.3075
27.2076
26.3692
25.4701
29.8216
34.6169
33.1616
31.1635
28.5234
25.8261
28.5289
31.7258
30.082
27.984
25.6127
23.215
24.455
26.0535
23.7499
21.0525
22.5204
24.4186
29.5695
35.0641
35.6
35.6
30.742
25.3473
30.0065
35.8008
32.1006
27.3053
29.5706
32.6676
35.5862
38.4834
30.4355
21.0447
21.687
23.5851
22.0281
20.0301
22.5403
25.6372
29.7926
34.0884
30.9918
26.8958
25.6097
24.7106
25.3009
26.1001
26.2
26.2
26.0255
25.8257
28.6718
31.9686
31.2712
29.9725
25.1217
19.727
23.4084
28.5034
28.9413
28.6416
29.2023
29.9016
28.3688
26.4707
28.1701
30.4678
28.1507
25.0538
30.1421
36.6358
38.1955
38.8948
32.9741
25.881
27.0862
29.7836
26.4828
22.0871
25.3614
30.0568
29.4546
27.8561
28.6067
29.8055
26.5684
22.4724
24.5555
27.8523
25.9841
23.0869
26.5062
31.2016
26.0301
18.8372
24.7138
33.3054
34.3048
33.7054
28.578
22.484
19.511
17.2132
24.0923
32.9835
31.3304
27.3343
23.6644
20.0679
21.6777
24.475
22.9712
20.4736
27.448
36.639
34.1196
28.8248
31.9088
37.0038
34.8656
30.9694
35.8923
42.9854
37.2819
28.3907
29.7913
33.7874
37.3059
40.7026
37.3511
32.2561
33.4966
36.3938
30.6011
22.509
28.7591
38.8492
40.6856
40.2859
46.5513
54.6434
47.4834
36.0945
35.5505
38.048
40.0786
41.9768
42.6329
42.9326
42.6903
42.2906
42.4317
42.7314
40.2576
36.9609
38.3517
41.1489
46.7822
53.2758
55.641
56.7399
53.2633
48.3681
51.6116
57.4059
54.0963
47.9023
48.3674
50.9649
54.8454
59.1412
56.5866
51.7913
54.8047
60.3992
58.6547
54.4588
56.9105
61.6059
64.8114
67.5087
67.8285
67.329
66.2366
64.9379
65.6347
67.0333
65.6309
63.2332
65.8347
70.2304
77.1924
85.0846
87.7119
88.4112
97.7162
110.204
114.182
114.981
121.873
131.064
133.166
132.566
142.068
155.454
165.532
174.323
184.836
196.026
209.218
223.205
235.121
246.21
257.869
269.757
293.285
321.557
343.955
363.936
384.692
405.772
419.953
431.242
457.973
491.24
519.608
545.882
579.136
615.401
643.8
668.776
690.281
710.261
744.499
785.059
817.683
846.755
883.671
924.132
960.818
995.784
1034.65
1075.31
1107.71
1136.29
1173.57
1214.93
1247.87
1276.84
1316.71
1361.76
1395.22
1423.09
1454.73
1488.2
1512.88
1533.26
1551.43
1568.52
1593.87
1623.34
1647.49
1668.97
1684.42
1696.8
1710.58
1725.07
1749.43
1778.91
1791.89
1796.28
1802.45
1809.54
1812.59
1813.49
1813.47
1812.97
1817.54
1824.83
1831.22
1837.11
1839.01
1838.71
1838.34
1837.94
1846.58
1860.27
1849.79
1825.72
1829.62
1849.4
1853.99
1849.9
1854.1
1863.09
1864.57
1861.67
1860.54
1860.44
1849.1
1831.12
1829.34
1837.23
1846.93
1857.72
1860.93
1859.53
1858.26
1857.06
1853.45
1848.35
1848.49
1851.89
1856.64
1862.23
1864.4
1864.4
1851.47
1830.29
1824.73
1829.23
1823.24
1810.46
1796.22
1781.03
1766.69
1752.9
1731.62
1705.34
1684.87
1668.29
1655.82
1646.13
1628.06
1604.28
1583.82
1565.64
1564.34
1574.73
1570.35
1555.66
1547.49
1543.89
1532.76
1516.27
1504.27
1495.48
1490.06
1487.06
1485.91
1486.11
1488.33
1492.03
1488.43
1479.44
1477.6
1481.1
1477.86
1469.57
1470.66
1478.85
1478.2
1470.81
1472.91
1482.3
1479.53
1467.34
1459.03
1453.73
1455.93
1464.02
1459.47
1444.88
1428.52
1410.74
1402.25
1401.25
1393.08
1379.1
1361.98
1342.3
1331.1
1326.9
1319.22
1308.63
1293.69
1275.11
1258.64
1243.96
1234.93
1230.74
1215.36
1190.39
1177.46
1174.96
1165.42
1149.74
1138.68
1131.68
1123.84
1115.25
1105.66
1095.17
1085.89
1077.7
1071.97
1068.47
1062.36
1053.87
1046.99
1041.6
1035.53
1028.84
1025.55
1025.45
1022.62
1017.23
1017.72
1023.82
1027.36
1028.46
1034.49
1045.28
1039.77
1018.39
1001.85
990.062
991.432
1005.82
1008.85
1000.56
992.115
983.523
972.053
957.667
938.832
915.455
901.089
895.994
889.918
882.825
871.091
854.507
840.21
828.322
815.27
800.984
792.007
788.71
779.454
763.769
750.191
738.902
731.379
727.982
724.111
719.715
711.395
698.707
684.513
668.629
652.791
637.007
619.774
600.893
578.57
552.296
530.513
513.93
492.458
465.285
445.32
433.831
419.919
403.136
385.032
365.352
347.212
330.928
316.72
305.031
296.129
290.634
281.963
269.375
259.683
253.589
249.224
247.026
241.65
232.259
226.868
226.568
226.531
226.831
229.657
235.751
236.771
231.177
226.618
223.422
223.061
226.458
233.063
243.952
256.204
270.29
281.537
288.929
302.44
324.319
348.045
374.319
401.43
429.702
467.044
517.095
575.966
647.297
721.965
801.387
882.491
966.009
1049.69
1133.61
1229.88
1344.16
1446.36
1530.78
1633.06
1761.84
1885.4
2001.19
2120.4
2244.78
2363.57
2473.86
2575.79
2664.9
2756.02
2850.23
2946.54
3046.14
3147.61
3252.01
3335.91
3387.36
3463.67
3579.65
3679.33
3752.76
3829.35
3911.07
4002.11
4108.41
4209.54
4302.15
4413.47
4555.93
4682.27
4781.58
4890.93
5017.31
5131.51
5224.92
5331.91
5462.28
5581.84
5682.64
5781.99
5878.8
5994.39
6143.14
6262.83
6330.76
6412.35
6518.44
6634.81
6769.78
6889.76
6982.37
7080.46
7188.65
7301.36
7422.44
7526.56
7598.89
7688.64
7811.32
7916.61
7988.74
8068.04
8161.15
8239.92
8290.87
8353.41
8438.63
8517.36
8583.3
8634.11
8654.79
8677.82
8705.6
8735.38
8769.25
8802.89
8836.05
8868.02
8897.49
8916.26
8912.77
8900.22
8868.65
8852.9
8870.68
8880.67
8873.97
8870.44
8873.74
8870.34
8852.36
8837.13
8827.93
8815.11
8794.23
8765.98
8721.23
8669.3
8601.17
8540.04
8494.88
8436.45
8347.43
8279.55
8260.77
8236.79
8200.63
8152.68
8076.86
8022.49
8019.39
8015
8007.51
8000.34
7993.94
7995.52
8016.7
8041.21
8073.98
8099.08
8104.97
8119.84
8157.4
8207.1
8287.82
8357.69
8399.55
8454.12
8541.84
8628.67
8713.19
8793.25
8861.49
8941.41
9052.7
9152.49
9221.13
9292.11
9369.54
9445.39
9516.92
9596.17
9696.97
9781.51
9820.18
9865.79
9931.23
9972.49
9944.11
9933.65
9975.31
10010.6
10027.3
10042.4
10052.7
10054.6
10031.3
10011.9
10004.3
9994.69
9978.81
9950.27
9882.54
9827.26
9810.97
9793.8
9773.82
9736.69
9644.68
9578.22
9594.41
9593.6
9537.26
9486.5
9454.24
9416.24
9359.1
9305.92
9266.16
9233.73
9226.33
9212.71
9177.54
9145.22
9122.84
9099.87
9074.79
9046.77
9008.21
8976.4
8969.01
8958.87
8938.69
8922.71
8922.31
8919.96
8910.27
8899.58
8885.09
8869.57
8850.09
8832.31
8821.12
8805.53
8772.66
8745.32
8739.92
8731.84
8712.96
8690.93
8656.07
8625.08
8610.09
8588.05
8536.5
8492.13
8478.14
8468.84
8479.63
8480.28
8436.93
8392.51
8343.46
8298.55
8272.07
8243.19
8203.43
8162.18
8114.13
8063.28
7999.44
7939.28
7896.42
7850.67
7791.13
7729.09
7654.96
7582
7514.77
7450.66
7402.11
7348.69
7270.77
7199.12
7159.56
7116.35
7054.21
6992.54
6933.29
6876.18
6830.42
6783.21
6728.06
6675.36
6636.1
6598.94
6573.57
6545.96
6505.7
6464.97
6421.51
6376.45
6322
6273.25
6258.37
6238.93
6191.97
6145.44
6101.48
6061.86
6049.27
6031.93
5984.48
5941.7
5929.01
5914.51
5888.14
5859.27
5813.82
5773.81
5770.82
5768.05
5766.85
5763.56
5745.58
5726.65
5700.98
5680.94
5702.02
5720.75
5722.05
5721.89
5710.7
5699.4
5687.21
5677.07
5683.07
5692.07
5725.24
5756.28
5769.86
5778.68
5747.61
5719.98
5721.68
5724.92
5741.6
5754.71
5736.03
5720.14
5729.63
5738.05
5736.56
5738.69
5775.46
5806.79
5785.21
5766.34
5774.43
5779.99
5759.71
5739.31
5717.63
5697.3
5691.4
5682.51
5640.65
5599.15
5561.69
5526.23
5514.04
5498.6
5444.35
5392.09
5364.12
5333.19
5265.06
5198.88
5158.02
5119.18
5107.39
5095.17
5076.99
5055.97
4994.63
4935.73
4912.65
4888.9
4854.93
4821.42
4795.05
4766.44
4701.51
4639.76
4631.87
4621.44
4566.6
4514.6
4514.6
4511.66
4452.81
4394.83
4353.77
4312.3
4262.45
4212.23
4153.99
4096.31
4051.56
4006.53
3954.98
3903.45
3852.5
3801.44
3747.49
3693.83
3648.18
3602.05
3541.71
3481.75
3434.2
3386.21
3323.17
3261.04
3232.47
3203
3137.76
3073.3
3042.33
3010.6
2942.46
2875.19
2853.52
2831.43
2785.07
2738.91
2705.54
2672.1
2632.94
2593.78
2554.92
2515.9
2459.05
2402.22
2347.07
2291.8
2210.28
2128.69
2025.29
1921.9
1821.3
1720.69
