135.624
74.6719
132.72
133.88
150.972
129.927
133.833
138.774
151.77
138.338
129.842
140.701
135.601
134.934
138.328
140.851
139.255
133.266
134.364
135.614
135.815
141.408
139.008
141.848
128.651
125.259
133.957
145.902
132.803
142.286
143.785
138.509
135.209
141.653
143.249
136.477
136.285
127.41
136.908
140.096
130.196
131.68
135.18
133.679
138.179
124.478
137.68
133.55
131.451
136.019
148.816
136.772
122.277
130.802
130.7
132.492
136.388
136.505
124.406
134.986
136.487
138.306
125.206
137.041
133.743
128.474
135.472
148.002
138.501
132.148
133.452
124.155
136.253
137.214
141.014
147.88
146.371
153.027
128.336
130.046
144.941
142.938
126.846
139.487
125.885
134.485
143.282
132.586
139.388
124.109
136.009
130.185
129.483
132.781
137.783
133.144
128.744
129.237
138.132
143.148
140.649
133.625
139.328
134.418
137.215
147.754
153.152
154.55
149.947
151.519
145.522
143.697
151.494
154.626
157.922
161.624
152.626
160.197
157.096
165.266
163.862
166.371
151.074
171.6
186.591
181.117
187.616
191.779
193.175
195.32
198.715
206.727
223.118
224.027
227.125
230.699
239.496
239.631
247.125
245.31
255.603
269.325
261.323
262.807
286.496
291.843
306.132
308.681
320.774
319.424
324.322
341.94
352.227
365.852
369.234
396.487
405.477
422.226
435.009
438.851
445.244
462.223
492.607
497.525
493.415
517.332
534.018
544.294
560.877
577.861
585.154
604.027
624.605
640.628
645.518
674.104
691.882
721.299
741.473
759.947
766.537
798.781
815.153
860.568
869.344
896.973
932.35
946.397
994.259
1027.6
1063.47
1104.25
1129.61
1167.27
1201.83
1246.12
1293.67
1332.08
1382.74
1409.78
1453.44
1506.11
1533.27
1579.24
1630.89
1672.99
1726.45
1753.08
1786.74
1821.72
1860.78
1901.61
1949.37
1973.45
2005.53
2038.92
2083.78
2127.74
2167.8
2202.97
2232.74
2290.1
2355.94
2394.01
2411.98
2477.33
2519.47
2577.43
2621.09
2665.3
2727.55
2782.64
2835.68
2886.39
2924.64
2980.07
3036.91
3096.68
3129.94
3192.27
3236.32
3290.29
3334.54
3370.26
3406.03
3450.3
3488.36
3527.95
3564.11
3573.33
3595.12
3619.21
3648.57
3671.41
3682.5
3711.8
3749.47
3783.99
3809.46
3840.79
3852.37
3895.68
3942.03
3993.26
4041.51
4101.8
4182.33
4254.31
4310.04
4389.41
4471.14
4543.24
4618.77
4703.95
4799.37
4898.68
4982.69
5066.66
5167.78
5243.28
5341.79
5442.78
5537.08
5632.99
5739.89
5829.41
5920.32
6007.25
6098.96
6208.26
6326.24
6446.86
6569.35
6670.34
6802.52
6888.72
6976.23
7089.13
7219.4
7327.53
7424.14
7488.32
7551.36
7641.91
7748.5
7832.28
7886.63
7942.44
8009.87
8123.77
8201.77
8289.71
8380.54
8446.38
8516.71
8602.64
8699.14
8781.43
8863.25
8976.75
9083.93
9166.63
9256.26
9352.34
9468.13
9599.01
9730.98
9838.13
9952.92
10049.1
10157.1
10287.4
10437.5
10546.3
10629.6
10743.8
10870.7
10971.6
11062.7
11160.4
11265.9
11327.7
11393.5
11487.8
11614
11662.1
11718.8
11744.7
11795.7
11833.2
11870.2
11878.7
11859.1
11902.9
12000
12010.1
11974.5
11965.7
11977
11963.9
11939.5
11946.8
11968.3
11961.1
11934.7
11906.2
11880.5
11877.2
11875.1
11863
11866.4
11869.5
11883.2
11925.5
11997.3
12052.9
12069.9
12102.3
12154.3
12193.7
12223
12278
12339.5
12409.1
12489.5
12597.2
12731.3
12827.4
12936.5
13062.1
13195.2
13365.1
13511.8
13652.8
13777.5
13945.6
14164.2
14319.7
14452.2
14642.7
14869.4
15037.4
15179.9
15314.6
15460.4
15563.1
15627.4
15701.9
15788.4
15828.5
15866.7
15872.8
15862.8
15893.3
15973.5
16013.5
16037.2
16055.3
16102.5
16135.3
16167.1
16248.6
16334.4
16403.6
16466
16515.3
16576.7
16630.9
16696.2
16746.6
16783
16821.4
16880.8
16933.7
16974.3
17014
17065.8
17091.9
17084.2
17127.9
17207.9
17283.8
17332.9
17406.9
17475.1
17545.6
17591.1
17648.9
17709.7
17759.6
17806.4
17872.5
17951.8
17997.3
18035
18038.3
18029.1
18049.3
18093.4
18119.2
18139.9
18168.1
18177.6
18216.5
18281.1
18338.7
18375.3
18419.2
18484.8
18555.4
18637.7
18688.5
18702.7
18737.9
18814
18850.5
18880.8
18912.9
18955.9
19025
19101.5
19166.2
19190.8
19206.8
19243.2
19269.5
19293.7
19303.4
19284.6
19263.8
19227.1
19226.9
19262.2
19264.4
19255.2
19255
19228.9
19206.4
19171.9
19179.9
19195.6
19239
19321.5
19415.2
19481.3
19543.7
19564.1
19599.1
19657.5
19754
19861.4
19975.9
20195.6
20185.7
20289.1
20399.3
20544.7
20660.3
20795
20917
21043.4
21179.5
21349.2
21536.4
21710.1
21884.7
22065.3
22276.8
22508.5
22705.7
22883.7
23076.7
23281.7
23482.9
23666.6
23838.4
23973.6
24135.7
24332.9
24488.8
24568.4
24686.8
24816
24919.3
25002.1
25090.7
25175.2
25221
25224.8
25220.7
25247.2
25263.6
25259.6
25249.1
25220
25199.1
25199.9
25179.7
25180.4
25185.1
25218.3
25219.9
25189
25158
25144.6
25145
25133.7
25153.4
25213.4
25234.8
25195.7
25174.1
25135.2
25165.7
25270.8
25348.7
25342
25348.3
25391
25432.5
25442.3
25482.4
25559.6
25639.1
25763.7
25874
25980.2
26066.3
26123.3
26191.3
26210.6
26226.8
26234.4
26232.2
26209.2
26217.6
26215
26183.8
26084.7
25978.6
25900.3
25785.5
25680
25508
25272.7
25066.5
24894.2
24692.9
24466.9
24249.6
24051.4
23812.3
23504.1
23240.4
23059.1
22831.8
22567.7
22317.8
22071
21815
21545.3
21304.9
21085.8
20866.2
20656.6
20438.7
20217.3
20026.3
19861.9
19698.8
19504.3
19347.9
19230
19114.1
18968.3
18875.4
18821.4
18762.9
18731.6
18713.3
18720.2
18726.9
18735.9
18763.5
18827.4
18866.5
18883.3
18908.6
18954.8
18983.8
19008.9
19023.2
19048.3
19089.4
19123.6
19134.2
19119.9
19108.3
19142.8
19174.9
19229.3
19282
19355.1
19422.9
19466.1
19514.8
19564.4
19641
19693.1
19723.8
19705.4
19716.2
19788.5
19848.5
19890.7
19912.9
19927
19964.2
19991.8
20020.3
20072.2
20110.1
20094.1
20074.3
20049.7
20031.5
20004.9
19996.8
19987
19959.2
19867.7
19801.6
19754.3
19712.5
19640.1
19603
19537
19500.4
19491.7
19436.8
19386.6
19329.4
19278.3
19225.5
19156.3
19091.8
18998.1
18895.8
18775.4
18663.2
18596
18500.9
18409.4
18294.7
18084.3
17925.8
17855.5
17746.7
17576.2
17389
17224.5
17106.9
17102.9
17093.9
17074.8
17034.9
16993.4
16962.6
16986.8
17018.6
17076.5
17122.4
17125.6
17154.6
17240.9
17367.8
17575.2
17745.8
17748.1
17822.1
17992.1
18148.8
18311.5
18457
18573.3
18714.7
18897.4
19073.3
19205.1
19357.1
19517.1
19702.1
19855.4
19999.9
20085.1
20172.2
20265.4
20372
20492.5
20608.6
20692.7
20745.6
20754.8
20771.5
20851.3
20909.6
20873.5
20836.1
20792.2
20759.9
20755.3
20744.4
20654.1
20593.4
20578.5
20544.3
20448.2
20347.1
20254.9
20159.4
20054.2
19973.1
19915.2
19833
19701.7
19586.8
19538.5
19482.4
19378.1
19297
19296.3
19245.6
19150.8
19065.5
19008.6
18944
18866.3
18791
18757.5
18706.6
18618.5
18534.6
18473.7
18435.3
18454.3
18432.9
18391.2
18328.5
18280.6
18235.7
18225.6
18212
18179.5
18133.4
18075
18025.5
18036.7
18047.9
17983
17913.3
17886
17879.2
17791.4
17730.6
17691.5
17633.8
17578
17513.6
17439.2
17371.8
17347.8
17319.4
17220.3
17129.3
17083.6
17012.8
16923
16838.9
16766.6
16678.6
16566.1
16437.4
16312.6
16181.3
16067.7
15949.7
15835.9
15734.6
15626.4
15502.5
15358.4
15227.6
15118.6
14986
14887.6
14785.5
14677.2
14539.8
14449
14321.4
14207.6
14084.1
13948.9
13826.2
13738.3
13649.9
13578.9
13495.7
13415.4
13328.4
13188.3
13062.5
13047.2
13017.1
12875.7
12746.2
12688.9
12623.5
12512.9
12415.1
12361.9
12302.2
12233.7
12148.3
12076.9
12010.4
12000.4
11991.8
11908.9
11833.6
11794.9
11746.9
11689.9
11655
11669.9
11670
11623.3
11588.3
11614.9
11605
11565.5
11522.4
11496.9
11503.4
11505
11522.8
11553.8
11567.9
11544.6
11509.3
11497.5
11486.3
11494.5
11500.7
11518.2
11521.8
11533
11546.3
11503.7
11461
11463.5
11454.5
11470.1
11479.7
11506.9
11517.7
11492.1
11468.7
11503.9
11512
11522.9
11527.6
11507.3
11497.9
11483.3
11472.6
11449.1
11416.2
11395.3
11354.6
11274.6
11201.4
11136.9
11055.7
10974.9
10902.6
10858
10805.5
10713.2
10621.1
10541.4
10467.5
10378.8
10302.9
10250.6
10208.8
10105
10021.3
9954.96
9889.95
9809.62
9731.38
9661.56
9592.61
9535.96
9469.18
9395.16
9313.17
9257.23
9195.03
9105.91
9014.93
8934.61
8868.45
8829.98
8784.71
8659.63
8548.25
8489.51
8424.02
8286.57
8142.48
8055.07
7968.95
7857.05
7745.36
7687.74
7606.59
7491.81
7371.27
7262.38
7156.12
7025.24
6916.58
6838.45
6749.12
6634.24
6510.77
6441.33
6376.71
6250.73
6138.18
6044.28
5949.03
5888.6
5816.67
5724.86
5646.11
5549.49
5461.05
5377.82
5317.49
5236.57
5142.74
5057.71
4991.32
4853.35
4740.26
4590.71
4436.11
4271.37
4118.62
3934.49
3758.37
