13.4225
-50.6264
4.32465
3.58458
18.7785
2.90399
12.0049
13.9936
23.9926
15.3966
11.7963
21.9093
16.0102
10.9877
9.98674
14.4228
14.8243
8.07895
8.37768
8.33811
7.24016
15.2578
15.3557
18.9331
6.43456
3.44955
12.5475
23.5286
9.42965
16.5531
15.6549
10.406
7.20617
11.5235
10.9212
10.8406
17.6417
7.75708
15.9559
17.3641
5.66579
9.86507
16.2617
11.4291
12.3321
2.68664
20.2841
16.9228
15.4233
15.638
23.8388
16.1346
6.43531
13.8743
12.3738
10.8733
11.3728
10.8332
-1.76621
9.2573
11.2583
13.7644
1.36385
19.3429
22.5388
11.3032
11.5079
23.5088
13.9074
10.5335
15.034
2.60357
11.105
13.7651
19.6632
18.8
8.8
23.7075
8.60758
5.69231
14.7922
17.8655
7.76761
23.7364
13.232
16.4903
19.1926
11.2814
21.68
1.77668
8.28207
4.53662
6.63261
10.9087
16.7099
11.7815
6.98129
3.72439
8.52361
15.7685
16.1661
9.33461
14.9379
9.29887
11.2959
17.8944
18.9963
17.7104
10.6105
14.7787
11.9785
10.4078
18.1052
17.311
16.2111
21.2
14.2
21.5544
17.954
23.1491
18.4479
21.1006
6.40225
20.9281
29.0251
24.6489
33.3453
35.2381
33.7376
29.4013
25.8029
26.9083
36.4068
35.1221
36.7216
40.881
50.5764
45.4599
46.7596
38.9237
43.2224
54.9174
45.5169
39.493
54.6909
48.8839
51.5852
51.625
62.719
60.6255
64.8243
75.1779
77.0731
73.9701
59.1699
76.3033
76.6021
80.2556
79.1528
78.824
82.8191
86.0214
100.521
100.991
94.5833
107.813
112.211
110.199
114.495
122.112
120.615
127.447
135.338
139.587
132.889
146.901
149.494
155.785
151.183
164.109
169.201
179.364
169.262
192.967
181.063
195.468
219.257
206.103
223.295
233.057
246.949
255.586
246.481
261.274
275.661
280.738
284.636
294.649
320.532
313.217
320.214
336.381
327.075
339.382
358.07
368.877
391.466
385.869
386.964
390.253
397.846
406.963
422.957
428.02
444.408
450.742
465.532
470.358
468.855
473.631
476.025
486.339
499.728
516.396
521.587
547.225
542.11
559.824
565.22
567.99
587.877
599.602
608.989
619.898
619.491
628.316
636.209
653.485
646.177
669.942
676.032
687.452
687.747
694.913
706.901
714.924
712.824
722.035
730.928
724.146
733.546
732.872
733.467
741.987
743.483
748.255
756.449
753.185
738.094
758.813
769.893
782.98
788.976
802.962
815.046
815.386
827.682
848.282
858.56
874.265
885.858
896.069
912.653
927.605
948.689
973.748
983.529
1000.86
1038.14
1034.96
1049.25
1061.82
1066.11
1079.02
1105.6
1120.94
1140.02
1151.45
1166.23
1188.85
1216.32
1240.42
1264
1266.3
1299.88
1307.97
1325.66
1344.52
1370.89
1379.87
1379.27
1391.99
1422.56
1427.84
1427.04
1445.61
1452.6
1450.85
1456.33
1497.61
1498.39
1512.94
1532.03
1537.04
1551.33
1566.33
1585.31
1595.25
1607.04
1631.65
1641.43
1655.2
1688.88
1693.37
1701.16
1733.61
1771.57
1784.23
1804.32
1804.3
1815.4
1832.31
1861.29
1875.03
1875.82
1899.07
1930.95
1941.91
1945.5
1951.06
1962.16
1947.87
1946.86
1977.97
2042.72
2032.33
2032.05
2003.97
2002.58
1995.83
1992.93
2004.55
2010.64
2012.47
2032.06
2032.11
2022.21
2014.81
2014.62
2021.89
2034.87
2020.15
1987.19
1979.93
1983.32
1984.08
1987.38
1987.75
1975.26
1968.37
1985.77
1981.68
1976.18
1972.81
1983.81
2002.72
1997.02
1992.47
1999.27
1994.62
1980.52
1989.58
2003.47
2017.56
2037.54
2053.1
2075.99
2074.67
2094.85
2117.58
2139.15
2174.89
2173.49
2199.5
2229.87
2253.37
2295.84
2312.62
2330.01
2349.11
2368.59
2394.22
2436.08
2441.59
2439.59
2452.84
2465.83
2464.13
2458.03
2455.54
2484.42
2472.52
2438.66
2425.57
2448.95
2459.71
2472.9
2444.17
2419.49
2419.21
2444.89
2465.98
2453.58
2459.49
2483.07
2484.5
2491.61
2488.3
2493.99
2512.54
2537.02
2525.02
2506.14
2502.54
2502.74
2503.54
2517.73
2527.4
2519.2
2506.47
2488.09
2494.95
2497.34
2521.44
2537.41
2563.54
2570.63
2578.93
2581.63
2576.73
2571.34
2567.68
2563.38
2557.16
2568.56
2566.51
2568.91
2572.07
2575.86
2569.38
2564.19
2576.05
2577.04
2571.21
2561.21
2564.67
2564.17
2567.24
2588.83
2597.14
2601.84
2597.58
2576
2577.6
2621.97
2616.12
2594.85
2587.63
2601.91
2608.04
2591.34
2609.47
2628.85
2625.26
2629.06
2623.08
2615.28
2621.5
2624.99
2630.73
2624.64
2622.99
2627.29
2609.25
2589.67
2599.96
2604.04
2615.51
2618.4
2633.03
2625.94
2610.39
2599.19
2605.41
2590.12
2610.15
2626.23
2633.84
2642.03
2657.6
2653.6
2668.7
2800.88
2696.5
2698.51
2707.42
2751.49
2755.14
2767.04
2768.95
2777.85
2789.45
2827.51
2873.53
2896.2
2902.89
2897.79
2917.51
2951.08
2960.9
2962.99
2977.85
3002.22
3038.06
3072.93
3096.48
3083.99
3090.26
3122.63
3150.5
3142.8
3163.78
3184.26
3187.21
3179.11
3189.09
3208.97
3222.11
3229.91
3209.26
3195.68
3187.88
3178.48
3181.08
3186.88
3181.51
3174.82
3158.59
3177.09
3173.64
3167.45
3156.44
3145.16
3131.09
3131.18
3139.22
3128.33
3120.06
3117.07
3119.48
3116.67
3137.02
3147.31
3142.15
3103.57
3108.1
3118.29
3119.65
3129.34
3142
3128.7
3132.69
3156.87
3152.63
3152.94
3158.28
3185.36
3197.94
3188.74
3201.53
3180.23
3172.8
3179.9
3193.71
3209.29
3216.86
3158.5
3128.38
3109.8
3080.21
3072.82
3039.71
3031.13
2996.82
2957.86
2933.24
2921.26
2892.32
2856.15
2818.8
2786.24
2763.89
2748.2
2718.58
2684.12
2635.02
2596.45
2570.38
2544.61
2513.57
2474.61
2449.07
2420.3
2388.8
2363.63
2336.66
2316.28
2302.83
2278.84
2266.74
2240.26
2222.71
2196.62
2186.6
2169.4
2178.46
2182.56
2173.66
2177.76
2180.34
2184.03
2181.91
2172.72
2169.39
2180.58
2176.91
2167.92
2161.86
2167.56
2164.92
2173.91
2170.18
2173.68
2180.23
2157.04
2146.46
2175.74
2177.55
2171.36
2165.27
2185.66
2191.17
2192.98
2198.97
2198.17
2197.21
2186.8
2210.42
2222.71
2233.71
2233.51
2224.64
2205.16
2198.38
2222.27
2219.57
2196.08
2198.45
2196.45
2195.56
2218.63
2238.46
2225.87
2213.71
2205.41
2201.08
2183.59
2184.28
2182.58
2190.41
2191.4
2190.36
2151.09
2133.46
2119.16
2134.81
2110.12
2110.59
2130.08
2113.07
2121.67
2120.86
2120.96
2109.7
2060.83
2042.44
2051.93
2051.27
2028.9
2002.91
1995.33
1967.45
1960.46
1958.38
1925.5
1907.09
1890.11
1867.59
1860.51
1830.9
1810.42
1795.24
1794.34
1797.26
1811.55
1806.97
1805.38
1798.58
1807.68
1810.28
1804.18
1804.82
1809.31
1820.21
1839.19
1859.13
1857.73
1873.89
1862.08
1888.56
1924.02
1946.22
1974.79
1992
1995.6
2007.71
2016.6
2031.52
2037.41
2055.5
2060.08
2092.3
2099.99
2119.29
2135.87
2149.16
2153.35
2166.66
2181.84
2198.88
2201.98
2193.34
2197.65
2187.73
2177.13
2175.32
2168.82
2167.9
2180.68
2188.1
2171.21
2170.02
2157.02
2155.95
2145.46
2133.42
2114.63
2095.97
2102.17
2098.3
2063.23
2052.68
2066.47
2067.11
2054.92
2041.57
2036.98
2031.19
1998.72
1978.63
2002.52
1987.63
1967.16
1953.06
1956.45
1952.87
1938.38
1919.41
1917.81
1910.1
1906.01
1900.65
1898.95
1905.25
1915.55
1895.85
1894.07
1872.83
1872.13
1865.73
1861.63
1856.23
1839.94
1820.47
1828.66
1828.38
1820.39
1829.02
1827.12
1810.71
1797.21
1812.02
1776.94
1768.72
1781.32
1775.29
1770.5
1762.06
1764.55
1759.89
1738.11
1730.15
1730.44
1727.57
1720.99
1695.87
1680.79
1669.68
1662.48
1649.27
1656.57
1645.07
1625.3
1600.82
1601.52
1591.41
1554.14
1535.72
1540.92
1530.84
1501.66
1485.29
1487.9
1461.75
1443.77
1425.65
1419.78
1384.78
1396.68
1372.39
1364.8
1352.5
1355.4
1358.96
1333.48
1310.65
1322.35
1318.82
1301.43
1287.95
1281.96
1272.19
1268.39
1266.53
1251.65
1237
1225.71
1213.34
1198.46
1189.25
1181.36
1172.74
1192.14
1190.29
1174.2
1157.36
1160.56
1171.03
1146.14
1125.52
1119.63
1106.96
1101.36
1111.32
1125.21
1127.45
1104.97
1090.78
1113.18
1104.82
1109.02
1105.44
1089.05
1102.81
1097.3
1105.25
1104.95
1094.28
1097.69
1088.09
1094.48
1098.28
1095.18
1088.65
1081.17
1062.16
1071.35
1088.13
1096.33
1097.2
1079.42
1051.96
1066.66
1072.79
1073.69
1063.25
1064.55
1063.24
1074.64
1059.99
1059.89
1056.2
1053.51
1060.18
1046.68
1039.67
1046.87
1044.44
1050.15
1039.53
1030.34
1027
1022.91
1003.1
994.711
991.563
976.179
957.912
963.713
966.499
940.114
921.55
916.953
921.992
906.001
904.574
897.174
906.871
890.285
876.112
863.22
852.435
850.341
848.224
843.731
830.198
828.005
816.747
812.356
803.031
790.938
776.68
767.291
770.28
765.782
757.981
742.89
738.728
727.039
712.219
707.432
694.007
689.212
685.977
663.693
640.695
647.304
631.881
624.59
611.432
606.237
603.823
581.435
580.153
571.461
552.817
554.924
546.899
531.611
522.541
512.944
516.274
514.18
509.95
498.563
476.237
466.446
469.768
458.57
455.277
436.687
441.07
432.082
410.165
396.168
401.083
373.1
370.15
359.96
344.739
323.259
313.788
298.1
290.411
.41
