649.970789
679.733392
713.834808
736.487398
775.316898
803.973806
827.695508
863.030271
903.722827
961.117947
1008.388726
1044.665576
1122.395378
1201.151181
1247.605226
1313.336175
1380.312263
1447.963921
1531.106312
1598.715487
1671.040089
1764.829188
1819.677121
1888.233395
1965.148672
2041.400842
2093.931090
2148.674981
2214.512632
2294.509228
2376.824323
2463.970885
2568.538158
2655.304237
2750.436673
2832.383835
2895.414313
3022.789398
3099.548738
3208.135000
3291.751902
3348.965808
3424.311429
3519.753759
3566.422180
3591.305819
3641.006316
3690.754143
3742.225000
3815.654501
3861.684060
3949.533440
4031.544124
4116.367368
4233.553861
4338.325207
4485.896347
4654.789774
4826.534643
4980.583465
5116.590113
5293.718983
5467.134023
5645.396165
5837.407895
6017.516742
6194.913966
6393.084925
6575.283917
6804.529098
7016.204689
7150.191128
7319.540113
7496.184455
7680.390564
7833.444774
7954.314492
8061.456516
8207.338722
8355.946278
8512.825763
8704.244474
8856.260113
9046.160244
9266.558154
9412.228346
9630.167406
9851.118759
10058.343308
10224.082143
10494.941673
10697.425085
10840.314060
10958.709605
11138.133891
11309.048647
11395.508945
11445.638947
11548.943929
11629.471880
11639.372316
11637.170714
11607.352970
11632.718797
11597.877857
11588.784896
11566.735263
11617.670301
11665.662519
11620.833729
11604.157331
11715.808064
11827.314737
11936.417368
12048.796165
12140.149737
12258.075556
12429.293647
12674.994915
12919.400432
13132.553759
13456.343107
13753.418271
14053.836598
14301.814135
14556.244256
14854.910789
15109.912105
15290.043684
15455.843947
15558.425895
15572.957707
15708.289077
15773.369286
15862.948964
15868.993835
15978.314286
16095.366723
16165.071917
16348.879944
16403.983346
16531.739718
16621.316992
16676.748064
16762.013785
16845.340526
16919.621695
16988.711090
17158.406780
17256.222707
17295.157011
17486.665395
17566.653383
17707.457119
17735.014568
17780.701128
17854.186090
17925.254294
17952.532444
17996.488759
18055.377250
18167.084211
18294.354520
18370.258571
18452.672256
18538.644211
18590.103571
18691.139135
18741.613947
18776.143427
18911.466241
18867.045545
18866.155902
18874.953522
18875.693459
18868.418985
18879.595932
18895.242105
18887.141168
18961.595132
19061.093459
19154.256992
19314.890583
19463.698609
19661.993910
19822.478757
19995.882406
20267.185414
20571.169549
20765.131767
21079.114925
21348.229323
21706.710526
22054.022368
22409.183616
22819.692481
23184.957331
23410.084211
23600.564783
23902.347368
24089.081203
24243.596422
24490.481955
24529.898305
24618.606579
24583.363910
24575.022222
24543.046805
24477.590789
24440.031579
24462.481544
24481.259211
24498.881955
24532.776692
24549.038910
24534.415038
24650.025188
24665.457062
24679.081391
24734.874765
24865.467669
24941.691541
25046.539548
25254.245113
25310.726316
25397.900000
25544.353484
25595.548872
25510.117857
25411.957895
25330.741353
25158.540678
24943.771805
24699.569492
24349.324812
23993.712241
23587.758271
23153.333083
22699.552919
22260.572744
21862.552632
21427.431579
20985.313220
20535.529906
20130.404023
19760.164162
19410.050865
19157.985895
18905.091429
18669.964444
18465.171128
18453.391353
18439.801917
18412.454286
18455.162881
18518.429624
18615.564850
18641.145526
18713.137495
18804.153872
18820.508816
18833.081017
18874.620526
18933.240885
19033.542425
19097.728041
19144.157669
19254.127556
19371.872462
19435.360902
19497.125254
19559.364868
19652.843145
19656.731316
19652.667608
19686.786880
19685.408571
19594.552256
19530.903440
19550.411808
19506.993609
19395.858383
19192.900526
19137.058346
19117.567143
19001.382575
18880.107684
18751.832143
18577.889962
18368.849868
18179.610000
17944.114737
17746.933684
17543.084218
17292.712143
17087.954501
16910.375169
16837.062857
16827.318983
16756.009474
16827.319267
16921.910677
17065.144294
17239.202782
17404.449023
17584.703684
17875.655526
18107.304680
18335.163496
18601.041017
18880.667857
19175.256554
19454.387895
19731.977650
19959.415480
20094.673947
20150.679398
20213.600846
20245.913390
20236.294436
20298.349248
20213.546711
20142.535000
20043.309190
19932.026598
19770.781337
19600.030977
19500.006384
19343.771729
19106.445752
18966.538964
18842.083609
18693.693102
18520.975714
18373.265763
18351.918872
18270.540564
18157.337368
17987.523421
17938.778192
17953.552180
17897.968286
17827.447199
17779.493277
17691.549023
17556.105865
17447.206271
17407.788496
17306.680075
17249.779643
17085.686591
17042.116128
16903.390377
16828.381184
16714.090000
16526.802938
16351.825132
16217.656704
16070.045301
15889.732128
15694.111015
15478.658947
15237.131955
14986.931128
14798.438927
14556.356015
14344.860339
14136.631635
13971.417345
13757.157368
13467.314605
13283.530094
13109.150451
12918.903898
12750.260132
12589.320000
12436.054211
12257.599624
12115.104831
12047.523195
11882.871469
11772.908064
11636.681203
11528.734361
11377.545367
11320.181316
11272.970000
11184.090847
11059.889211
11043.152674
11008.283985
10985.408569
10993.857068
10992.351165
10993.572744
10972.017801
10969.698569
11000.363308
10989.963703
10947.444030
10920.401617
10942.936579
10937.416184
10928.770508
10973.337519
10998.909361
10982.204060
10952.171617
10917.162143
10900.131617
10882.014294
10797.622857
10659.343333
10522.201748
10491.650714
10289.705574
10181.527632
9968.654079
9877.036316
9693.494350
9553.166504
9438.844812
9307.152932
9196.982613
9064.662618
8932.190602
8808.213446
8674.231071
8567.729492
8452.624962
8303.472782
8128.196102
8011.850677
7888.976842
7672.006842
7496.738230
7326.659774
7093.686165
6936.063271
6764.733308
6557.360621
6364.981917
6189.414972
5999.789135
5831.775819
5682.061147
5519.475789
5383.585593
5233.362105
5102.218249
