503.821158
525.702427
549.792162
568.609782
604.957508
645.272195
664.547119
693.026113
728.792661
774.306385
828.009590
872.499544
934.210466
985.670661
1023.281150
1098.019096
1166.143408
1223.808158
1297.209477
1350.454423
1431.357522
1479.943940
1546.763746
1596.950338
1661.141718
1723.409109
1796.565835
1857.019139
1913.862827
1969.913569
2044.805752
2140.358527
2208.338158
2289.246610
2373.980658
2461.060752
2516.196121
2616.560771
2662.770113
2772.448571
2839.010264
2870.756842
2903.560000
2953.621729
2998.139586
3033.794218
3068.752406
3120.818098
3193.956184
3251.229529
3303.637368
3407.140639
3504.862938
3591.125489
3702.509058
3813.597594
3964.258832
4091.040301
4223.761598
4340.044972
4473.004624
4634.292542
4780.148008
4938.949850
5109.892105
5295.418173
5474.129380
5651.095789
5810.588286
5944.528158
6122.200508
6268.653308
6373.346610
6495.904154
6638.977068
6756.147368
6889.849511
6973.687853
7102.196466
7295.931861
7458.787684
7589.515263
7729.715263
7899.189398
8073.968870
8236.614436
8459.282011
8630.501015
8796.780564
9015.164699
9206.559060
9359.484746
9484.897895
9598.656497
9722.466165
9826.896654
9938.706403
10025.349474
10056.202857
10097.529023
10121.253842
10152.266071
10184.845451
10151.284060
10145.724286
10159.172787
10079.330827
10091.187444
10110.099060
10171.897571
10225.989436
10247.453158
10291.022763
10442.641053
10566.234737
10652.059737
10820.885932
11028.432519
11216.119153
11421.313703
11638.304737
11978.294821
12261.216673
12502.506523
12816.453910
13034.300527
13207.950188
13346.916316
13454.149474
13537.680526
13576.690226
13582.550977
13618.574143
13691.077895
13687.341337
13753.866241
13857.647387
13946.582090
14013.543947
14091.402425
14193.202274
14239.790659
14318.784511
14342.920113
14381.588362
14484.949211
14603.834237
14663.687989
14756.640169
14914.502782
14959.669248
14955.760357
14996.021353
15032.623051
15138.839756
15191.363759
15216.004361
15268.636610
15284.873647
15307.492782
15364.070621
15490.927763
15616.584426
15677.640000
15730.242143
15780.530620
15918.312143
15989.326316
16082.139906
16186.550791
16272.283083
16333.206992
16378.532444
16330.792335
16366.714398
16409.881767
16396.246441
16477.195263
16568.136874
16628.354662
16726.014586
16881.035451
17059.381165
17140.139887
17383.445113
17485.428475
17681.895771
17856.537970
18088.386429
18327.447199
18654.243402
18904.133158
19182.367368
19498.761184
19842.375424
20190.996015
20457.682519
20632.313158
20961.568644
21199.817218
21332.019492
21520.334087
21592.057143
21714.491525
21828.303571
21795.401504
21822.792279
21856.245865
21890.946053
21873.973684
21838.860829
21857.657895
21897.675940
21858.913534
21817.601128
21813.001504
21887.388346
21876.848588
21878.427256
21982.444821
22080.965414
22239.907331
22375.350282
22582.947368
22672.097368
22821.225000
22873.767420
22798.481955
22670.750000
22546.881955
22449.335714
22171.945763
21930.579511
21600.413559
21253.980451
20875.960245
20491.435038
20129.146203
19766.215141
19330.518026
18871.349342
18430.930526
18065.356667
17762.559492
17459.604323
17113.166573
16795.765132
16586.811149
16480.913383
16443.537778
16405.856447
16380.673008
16425.592481
16436.788835
16483.134972
16476.751880
16530.717744
16597.468421
16640.275047
16666.813008
16668.555827
16701.188644
16788.016241
16914.955800
17048.859342
17140.353653
17266.965301
17260.989981
17368.903571
17396.565789
17473.614859
17519.680000
17502.009774
17535.461579
17563.031318
17559.387387
17534.199774
17485.620977
17425.096466
17342.533559
17244.122970
17166.348252
17115.494417
17027.362932
16909.078571
16918.170376
16803.135763
16652.437857
16460.730376
16260.334342
16014.250000
15737.251128
15484.272143
15270.046234
15102.130940
15005.450395
14941.454041
14927.174511
14916.977458
14984.700940
15141.823741
15294.088609
15410.197627
15642.231579
15800.645038
16070.461053
16353.786447
16631.760545
16940.874812
17221.400339
17504.193872
17818.744708
18077.148647
18301.630959
18500.971940
18672.030865
18851.761955
18768.677293
18834.114746
18839.784436
18818.076767
18773.945921
18709.128158
18591.550188
18495.229004
18398.615443
18244.514436
18076.948136
17911.452481
17798.614549
17753.263503
17578.847575
17444.018628
17294.359323
17265.785800
17167.555977
17094.077293
17059.507105
17026.644079
16954.793258
16855.215489
16812.696083
16767.291128
16716.778230
16681.791617
16575.189023
16423.781695
16394.576767
16424.804350
16259.173929
16202.412505
16220.025639
16066.417721
15941.922895
15806.819474
15688.946893
15570.201880
15410.414878
15252.225451
15077.985122
14856.985075
14619.079248
14386.574511
14152.655639
13952.896780
13721.122556
13553.903390
13307.983590
13163.640151
12983.430000
12754.794737
12574.068173
12511.478045
12371.906441
12170.004117
12040.104407
11977.746541
11860.981015
11696.126654
11568.858008
11485.941431
11418.120338
11265.753759
11181.209098
11075.366780
10973.958026
10906.391053
10871.812429
10824.127425
10776.951638
10737.477744
10698.627872
10749.085470
10803.075977
10774.699850
10763.812650
10758.285782
10749.809774
10653.379568
10713.803729
10731.442218
10710.766053
10770.704079
10746.950339
10738.117218
10742.559962
10698.216015
10670.394511
10655.237143
10596.923289
10504.973992
10404.412857
10295.761356
10161.918252
10048.405714
9901.140791
9764.255545
9635.095789
9502.984737
9389.922486
9285.314812
9175.758233
9061.396917
8950.077970
8838.412618
8664.439850
8523.034256
8421.637744
8215.881450
8062.280752
7943.198722
7719.126102
7525.334361
7402.219474
7258.629737
6999.370697
6847.667481
6679.817951
6470.977970
6275.392857
6086.062147
5920.208985
5759.734124
5561.710376
5409.096365
5314.781504
5148.354887
4989.618927
4861.267180
4736.364689
