8.415781
8.906958
9.347123
5.668977
9.795649
6.596341
9.243342
5.250297
1.972947
6.107894
6.790702
6.467645
7.681895
8.957529
10.944586
11.587971
8.393766
5.363797
6.415535
7.789911
12.790793
10.160914
4.914649
9.257681
5.112492
5.483658
7.288190
9.978735
10.265624
6.738686
5.646474
10.282548
11.802821
7.125016
8.187514
7.827346
10.212373
9.811694
11.164466
9.705839
6.095565
7.958331
9.000000
9.000000
6.930726
6.457548
9.662706
10.208965
8.691112
12.103877
10.641584
7.458773
11.194833
10.781235
9.694142
8.874476
5.690912
8.786009
7.211716
11.346667
8.180584
6.278442
7.617869
8.251580
12.861342
15.099263
12.766947
10.036358
10.828594
9.981213
10.187981
10.428517
8.051226
12.488868
10.886433
10.600785
11.728640
10.669828
10.566401
12.225823
11.413634
10.124165
11.469746
9.363220
9.385330
11.972565
11.886965
11.821861
10.190281
11.603619
11.088362
12.198685
14.204755
10.839041
9.351958
11.622965
12.520731
12.400000
11.696250
10.803216
13.274892
15.452971
15.125773
13.958607
11.044489
11.754450
12.949246
12.032017
9.724454
10.140477
12.206984
11.245991
11.251705
13.265342
10.893071
9.248594
11.999752
14.099523
11.234024
10.164492
10.660726
13.670842
15.768475
11.784456
13.064436
11.124472
11.719814
12.776208
11.833011
10.762163
10.475236
13.097835
15.801762
14.148265
12.850420
15.018346
14.873313
17.297190
10.124720
14.762664
13.816539
11.321317
13.778686
16.902267
15.838092
13.456026
13.959519
14.118012
12.239678
16.518156
17.545634
12.110164
9.663796
9.955153
15.194451
11.337544
16.474295
15.363648
16.313370
15.503075
15.774399
16.477403
14.198637
13.692271
16.311982
15.433330
11.581000
11.464295
17.136013
13.155310
13.369280
13.843387
12.771194
12.987934
15.895692
15.972406
16.417249
14.739932
11.827261
15.091142
19.568123
16.102916
13.913899
10.396474
13.711919
15.742986
12.446142
12.382398
15.409497
14.655807
18.654723
16.600209
16.035337
18.562191
17.205632
13.716756
15.466698
19.524291
17.268722
15.495308
15.674274
16.777685
16.310697
14.259583
15.307782
18.839268
17.956813
19.094098
19.261576
20.465755
18.040389
17.411931
21.749590
19.684898
16.166807
19.160882
15.575136
21.645353
18.229455
17.946214
16.180586
17.906484
20.900993
20.809087
24.668224
23.597875
18.043374
17.992252
20.470582
19.124686
19.338476
19.951176
17.053625
22.114347
22.265786
21.900346
19.115676
20.034408
19.704286
19.679621
19.393130
15.245458
17.260035
19.806620
20.109716
21.198614
18.749313
15.142054
15.469799
21.430189
18.832504
20.071203
23.889834
17.886820
17.013944
20.161323
19.419119
17.301524
17.777827
16.804752
16.229340
18.295932
18.837292
18.200332
18.576502
14.312784
19.406459
16.524125
17.329332
19.289871
19.198714
21.026226
21.025076
19.192129
20.509083
22.694945
22.102045
20.712368
20.600000
20.790327
21.764991
23.754011
23.928005
17.542277
17.541314
18.083842
21.685115
20.943800
20.466770
19.069914
18.269600
19.381320
20.730558
17.627475
15.073613
18.106493
20.549116
21.898411
20.433711
20.526766
15.097309
19.468015
18.997257
21.373964
22.832669
19.886705
19.728378
19.777984
22.321678
22.894961
20.583067
20.864115
22.216662
20.207073
17.791947
22.352458
25.258757
23.351214
27.806392
23.805206
21.860599
23.619488
24.551874
24.987348
25.200000
24.773634
22.795227
21.164597
21.891104
22.102436
20.537858
20.457734
18.640458
24.814017
25.019169
25.013936
24.813547
20.459963
19.081924
23.775262
22.541426
18.619958
20.117878
21.205627
21.034117
24.193186
23.450702
20.882668
22.984976
19.544950
21.736005
19.467899
22.261647
21.977179
20.597653
20.009089
22.268694
24.668205
24.865357
22.692559
20.551919
20.906601
22.316924
22.832109
23.702690
24.222133
23.965455
19.438915
21.517257
20.820616
20.071967
18.706718
18.357642
19.246158
18.328472
18.413651
17.554108
15.461551
17.105937
19.368782
18.819678
13.567097
19.564145
20.792659
13.615423
16.344776
19.508376
19.603714
19.482196
17.627211
14.834853
15.211293
17.742556
18.417671
18.806549
20.823147
19.791559
17.557047
16.876322
20.715169
22.444291
18.028408
18.731871
22.577717
19.452211
19.158370
20.063353
21.333517
22.402929
21.973781
18.646790
16.752086
21.253053
20.252719
16.436857
20.183193
19.925586
17.787446
13.255974
18.816414
20.480744
19.528359
22.475276
20.830514
19.045013
18.929953
19.622095
20.599282
18.443773
16.844180
15.456384
20.446051
20.657318
18.212363
15.775729
23.228095
19.146108
17.947414
17.836160
14.662253
13.041229
17.891286
21.860402
18.167979
13.925219
16.123541
19.656208
21.077515
18.751802
14.090519
