772.376000
811.674644
855.919470
893.789350
942.008475
979.900742
1044.805593
1114.514887
1187.649266
1258.608985
1330.161128
1416.115047
1509.251579
1605.575085
1718.005188
1833.665141
1938.786184
2064.650263
2190.942594
2299.724380
2407.064501
2521.122857
2606.277552
2730.058553
2823.278757
2930.485639
3054.786955
3155.252632
3265.883985
3393.086516
3514.081880
3640.821055
3771.034474
3903.603390
4053.455150
4176.646541
4342.917910
4482.132876
4581.005537
4728.600000
4797.073107
4910.709154
4986.747143
5066.188947
5151.433778
5190.755367
5239.159323
5320.708531
5383.201579
5485.601036
5598.827068
5702.917180
5868.397175
6077.518722
6248.130716
6440.043102
6653.049567
6896.672932
7128.837425
7369.641055
7590.330414
7825.494576
8079.435019
8334.009248
8603.784737
8870.768154
9134.520000
9432.848571
9712.298380
9984.728665
10235.720339
10438.299248
10684.933333
10886.291917
11062.565414
11208.117293
11366.994549
11557.513936
11800.823308
12061.943421
12291.540113
12526.326316
12785.818045
13031.021617
13315.816384
13635.896241
13940.025940
14249.096992
14526.175564
14846.851880
15122.899436
15362.098305
15558.605263
15726.270621
15917.184586
16063.747744
16138.797175
16223.163158
16319.150000
16383.063158
16370.476271
16387.667857
16389.143233
16326.496992
16288.560714
16259.101695
16226.082707
16212.457895
16211.260902
16237.103955
16349.268045
16455.228383
16567.810526
16709.647368
16800.254887
16985.556203
17302.671940
17568.301128
17808.910169
18217.061466
18610.671429
19043.251412
19491.207143
19922.818985
20323.471805
20718.488701
20988.926504
21183.253383
21280.615789
21330.505263
21420.211864
21442.798872
21473.957815
21536.290602
21579.907156
21740.860150
21834.935150
22012.535028
22186.912030
22294.766353
22337.645677
22395.812994
22485.693985
22551.978759
22612.982109
22723.697368
22894.993220
23105.502444
23270.433898
23316.371429
23424.967481
23577.739850
23647.283083
23692.626742
23658.624624
23671.658647
23769.290226
23837.329944
23931.218797
23972.445489
24038.610923
24147.346053
24284.105273
24418.771429
24489.174624
24638.996429
24747.392857
24822.169173
24949.068045
25071.500377
25067.425564
25104.547180
25186.935338
25196.335782
25148.862782
25154.131767
25182.088136
25268.642105
25392.498117
25528.336090
25730.667293
25910.503759
26032.601504
26261.757331
26458.974436
26763.431638
27052.659962
27370.433835
27724.897744
28130.837594
28589.702068
29025.242857
29521.136842
29959.607895
30387.826554
30803.109398
31158.375940
31590.884023
31939.956497
32218.404511
32527.776880
32685.963277
32852.654511
32912.866102
32896.058271
32927.015789
32928.061959
32890.532895
32847.521053
32892.544737
32920.504520
32910.016917
32876.360902
32788.703759
32775.231767
32781.262970
32783.633835
32720.045009
32898.289474
33044.800753
33183.198496
33409.753383
33544.055932
33803.362406
34056.934211
34180.925000
34203.467043
34167.478947
33940.328571
33532.694925
33220.678947
32942.503390
32512.733083
32014.130508
31508.487970
30877.592844
30300.550376
29647.777068
28950.011299
28344.230639
27778.846053
27151.489474
26584.581356
26063.292669
25562.608647
25093.065160
24648.865038
24328.524670
24153.595489
24126.777778
23998.212030
23942.379699
24037.637218
24125.764662
24248.874011
24282.848872
24263.812218
24340.959211
24385.724482
24334.659774
24401.236278
24540.059322
24613.020301
24750.206403
24859.474248
24948.515066
25087.489474
25225.268233
25239.723872
25320.857895
25376.364972
25522.821241
25597.424482
25546.889474
25463.431073
25449.910338
25406.954887
25299.808271
25179.930075
25071.977401
25002.854511
24888.962218
24838.014662
24646.233083
24627.528571
24446.974060
24226.040866
23928.271429
23621.278571
23270.019737
22910.300000
22596.146617
22258.210150
21953.991149
21699.752632
21495.797363
21421.981955
21366.843609
21368.198305
21458.990038
21616.875564
21781.492105
22074.312429
22379.149248
22681.348120
23024.631579
23434.106579
23847.457707
24247.675940
24606.815254
25021.609023
25476.738041
25835.336090
26145.370865
26367.085499
26605.212782
26719.276316
26838.812030
26847.010169
26788.666165
26702.637594
26617.113158
26509.023684
26371.146139
26175.892293
25978.403578
25747.466165
25513.753672
25332.878759
25114.216165
24855.743691
24612.815038
24482.726880
24383.498496
24231.916949
24130.104323
24083.769925
23961.965789
23820.085526
23714.838041
23647.333083
23568.489454
23429.526128
23331.296798
23283.503759
23199.656767
23118.488136
22982.583459
22967.843315
22910.503571
22704.800000
22567.371429
22458.920151
22345.073684
22177.647368
21983.955367
21747.583083
21487.858945
21271.409774
21016.195292
20703.156767
20392.643609
20047.002256
19717.757143
19470.437853
19082.930075
18757.602825
18516.118421
18316.153296
18047.773684
17735.580263
17504.952166
17333.892105
17144.050847
16926.911466
16716.618644
16510.145113
16297.458083
16107.235338
15965.234962
15862.139360
15760.148496
15563.276692
15386.756391
15290.823729
15150.467105
15039.092105
14960.080038
14927.378383
14892.413183
14860.648872
14903.029944
14913.297932
14892.786842
14901.139098
14877.971617
14892.035593
14836.578947
14763.785338
14814.906026
14725.167669
14719.207895
14793.918421
14757.500000
14778.843609
14864.485526
14824.830451
14766.332707
14677.485714
14534.226128
14407.078154
14270.757143
14103.366102
13940.745865
13714.378571
13551.249153
13384.340789
13068.781579
12923.368421
12798.969868
12652.052632
12496.391353
12312.026316
12144.850000
11982.512806
11824.457895
11647.387382
11451.332331
11261.870998
11027.762406
10832.099624
10553.554237
10345.172932
10117.810526
9815.358947
9592.053070
9323.748759
9039.797876
8789.771748
8501.646767
8267.428531
8042.534737
7792.228249
7573.000301
7386.340508
7197.003346
6985.625038
6825.338927
6630.636692
6440.840452
