754.914789
783.201164
820.787592
861.954891
924.992695
977.809231
1015.459593
1076.310301
1135.998493
1207.119850
1288.998045
1380.542015
1463.258421
1548.482034
1664.997820
1784.875367
1880.224605
1989.058684
2119.034662
2236.309605
2358.230829
2468.812256
2581.916403
2646.557124
2757.050452
2859.206429
2958.519492
3052.813327
3161.751504
3284.920885
3408.095244
3544.004934
3695.771053
3836.646949
3960.613910
4097.385038
4248.942448
4372.535376
4499.971733
4638.441429
4759.704444
4851.291786
4947.835714
5005.765789
5051.042162
5120.720320
5176.544098
5207.469228
5280.574605
5396.905273
5500.835564
5613.107105
5769.277684
5890.201654
6122.895499
6313.957218
6532.909510
6733.746917
6957.068571
7166.504595
7389.353421
7653.175085
7917.227481
8146.211805
8394.648947
8706.437439
9003.874492
9277.669662
9552.197552
9801.868703
10098.659322
10284.791729
10465.550847
10676.504323
10891.016165
11075.814662
11245.609023
11400.735405
11593.752632
11854.937218
12110.859322
12327.681579
12582.568045
12879.962030
13197.192655
13441.310526
13757.413346
13999.361466
14321.842481
14637.693609
14934.109023
15219.759322
15402.449624
15570.413183
15736.927820
15857.991729
15963.161017
16090.128947
16187.746429
16220.021805
16241.637288
16172.196429
16140.185338
16123.773684
16097.303571
16032.272316
15914.972180
15919.703759
15928.887406
15992.849153
16044.807895
16122.085338
16229.081579
16320.078947
16454.574436
16647.099248
16845.112618
17010.036090
17353.045763
17663.256955
18064.724812
18529.381733
18946.994925
19360.649060
19843.203759
20250.381168
20487.966165
20660.669925
20797.068421
20857.709211
20872.484934
20889.221805
20938.186064
20993.677256
21081.902260
21205.075188
21351.309211
21455.806215
21572.209023
21638.223120
21764.964662
21784.369868
21849.713534
21908.353759
22012.508098
22101.868421
22171.569492
22341.207707
22436.008475
22581.713534
22750.473120
22805.318233
22834.308271
22893.561582
22946.337782
22924.287218
22933.911278
22937.454237
23109.358083
23245.414286
23267.644256
23302.389474
23380.551977
23493.042857
23650.234023
23735.936654
23799.450000
23875.777820
23969.539286
24060.116196
24042.123308
24145.460338
24119.489474
24170.539925
24054.296992
23971.093609
23993.228814
24062.426316
24128.838795
24215.215038
24395.720301
24612.218421
24758.383459
24953.390038
25213.742857
25435.826554
25764.457143
26002.037594
26310.456015
26629.275940
27153.130827
27615.478195
27999.057895
28449.668421
28945.870621
29340.569549
29663.491353
30029.846617
30335.704708
30654.652632
30876.594737
31065.491714
31172.568797
31171.776271
31246.694549
31225.542857
31132.484557
31150.588534
31030.514474
30986.871053
30978.385687
30943.633083
30968.500000
31007.406015
30991.703571
30853.842105
31016.704887
31001.981921
31020.612594
31172.109793
31243.879699
31461.406203
31638.554237
31830.248120
32019.194737
32230.800000
32263.566290
32180.947368
32053.075000
31821.692293
31524.633083
31049.610169
30624.170677
30244.120339
29749.150376
29198.677213
28674.757519
28149.080075
27603.576271
26993.326880
26348.077632
25714.473684
25182.515254
24675.887594
24176.657519
23747.767232
23352.514098
23001.779284
22794.463158
22685.688889
22586.282143
22533.234586
22559.625188
22648.728759
22769.052354
22805.127068
22897.937406
22863.347368
22885.623164
22945.506391
22969.751692
23056.964407
23204.882707
23308.734463
23393.841917
23461.964030
23637.387970
23744.945865
23856.134398
23789.893233
23899.329944
23993.210150
24027.087571
24034.986842
23959.630508
23971.663722
23976.027068
23921.051128
23814.747180
23631.502825
23537.548496
23470.344737
23385.443045
23194.424812
23216.671429
23011.055827
22814.761205
22572.378571
22322.102256
22064.428947
21710.500000
21310.600000
21014.129135
20749.283616
20507.927068
20347.709228
20203.674060
20147.280451
20130.729379
20251.290977
20382.644361
20499.355263
20752.753296
21022.401692
21345.676692
21696.626316
22070.476316
22440.158271
22817.014286
23251.633333
23606.816353
23868.681733
24197.466165
24542.584023
24876.889077
25030.364662
25086.957143
25257.997744
25251.676271
25228.862406
25202.789286
25227.301316
25057.807895
24884.644068
24713.018233
24493.743879
24287.110526
24101.375141
23885.918045
23661.004511
23504.212053
23403.940602
23316.139474
23073.385714
22914.172881
22824.664850
22756.023684
22573.684211
22450.113158
22420.327684
22377.353383
22264.711111
22152.190977
22098.233522
22026.112030
21895.634398
21813.261017
21750.752632
21660.486629
21580.039286
21487.369868
21331.351128
21269.995104
21140.053947
21016.857895
20843.146893
20650.931015
20375.870810
20121.803759
19892.219774
19649.312218
19396.718045
19076.530827
18750.594173
18493.287571
18222.489850
17915.518079
17654.959398
17461.551977
17154.352632
16989.407895
16741.242750
16508.732707
16347.396610
16160.597932
15968.759322
15802.824060
15609.709398
15414.923308
15291.398872
15153.040866
14948.012406
14808.209023
14798.310526
14642.931073
14506.542105
14459.476316
14390.448023
14309.843609
14269.534840
14267.538346
14272.752354
14267.228383
14287.423684
14341.530827
14370.814850
14368.259134
14342.415038
14294.725752
14285.077401
14262.056767
14234.773684
14243.889474
14308.898305
14317.931579
14395.954887
14357.481015
14346.551504
14352.050000
14255.520865
14092.571751
13946.271429
13831.550282
13627.917481
13404.335714
13323.838795
13075.396241
12888.688158
12654.947368
12537.529379
12394.255263
12218.061654
12009.832331
11866.759023
11718.447081
11540.377444
11351.894350
11175.031015
11040.970056
10851.937970
10610.641353
10424.328814
10205.123308
9961.231579
9707.923158
9417.220132
9182.287556
8950.545414
8688.364248
8476.482632
8250.823277
8003.768308
7792.548588
7588.110940
7357.496798
7145.317801
6944.387820
6773.737966
6669.886203
6466.487401
