966.983000
1017.308917
1070.682671
1130.248910
1186.608288
1251.050545
1324.722237
1418.110241
1499.908040
1578.442180
1691.229771
1821.528249
1930.863692
2048.856955
2199.897684
2346.345797
2494.346763
2653.497316
2806.501568
2973.733729
3134.943823
3268.785789
3424.773390
3535.824756
3689.895424
3828.629173
3969.947462
4096.917030
4237.989023
4399.301073
4561.425808
4742.748889
4938.141053
5116.201864
5308.052763
5495.390000
5684.922825
5887.945526
6104.734802
6230.420714
6384.753220
6516.832744
6650.532857
6748.332406
6810.036184
6881.618738
6959.516541
7025.722448
7122.018947
7255.321168
7377.531278
7529.902199
7723.056610
7936.154135
8260.449209
8532.150620
8815.671017
9112.292105
9449.326917
9707.703164
10018.954549
10331.018136
10656.289342
11013.043383
11387.303684
11832.626290
12203.754511
12606.872068
12974.355725
13312.976654
13627.576045
13912.890150
14196.208305
14427.999023
14693.049211
14975.391165
15241.129831
15482.752731
15744.179699
16065.497218
16387.667232
16691.355263
17081.585188
17468.901466
17815.319190
18243.037519
18644.647951
19013.897688
19446.247970
19888.740075
20233.303872
20622.801864
20926.724361
21166.132335
21364.566974
21530.038797
21725.223616
21914.797632
21983.245000
22015.851579
22043.012994
21993.922500
21962.108308
21864.795376
21839.985000
21779.270377
21656.110977
21627.823308
21670.228177
21737.817966
21779.221917
21868.314211
22048.824342
22216.358421
22386.533759
22668.620132
22864.879077
23122.913346
23560.672542
24000.198553
24599.412331
25216.812542
25788.786109
26377.218816
26945.894737
27446.746271
27838.525977
28097.022932
28280.393684
28381.202500
28376.095574
28360.166165
28405.418512
28569.407444
28625.698814
28861.959474
29021.184380
29181.741582
29283.861842
29451.244568
29644.139398
29692.882938
29718.425489
29799.856936
29926.518098
30029.985526
30103.943051
30264.465545
30509.365085
30690.800677
30902.580921
31027.221692
31113.828534
31155.330998
31108.207876
31245.090301
31306.457970
31355.753503
31488.663083
31586.294286
31649.044821
31704.151447
31760.449435
31924.220000
32158.482030
32227.898872
32379.578571
32546.406015
32644.269549
32677.961205
32698.333835
32782.859962
32822.778195
32822.600753
32775.882707
32680.584398
32621.359322
32702.363158
32814.022599
32906.228008
33140.937970
33445.281955
33645.760902
33944.873120
34211.977444
34502.374576
34845.599060
35285.685714
35777.176316
36244.331767
36955.684398
37481.656391
38018.931579
38581.156579
39097.229379
39665.416165
40255.159774
40733.371053
41138.460829
41519.827068
41835.165414
42056.728625
42182.615038
42261.520339
42345.045301
42334.086466
42234.526177
42131.851880
42068.369737
42101.421053
42078.167420
42022.865414
41994.817293
41916.887218
41865.378008
41794.645677
41920.765789
41950.200377
42063.742857
42169.474953
42332.483459
42622.125940
42878.145198
43207.206391
43428.478947
43606.000000
43662.749341
43549.777444
43375.914286
43118.383083
42689.706015
42187.235593
41578.369549
41035.849153
40326.283459
39632.623729
38973.168045
38247.982331
37398.887194
36608.363346
35719.475000
34804.294737
34097.022599
33415.785338
32663.303308
32068.711130
31638.886823
31207.794407
30932.691729
30681.786667
30665.040846
30603.639248
30595.323459
30707.193139
30795.845932
30898.608271
31000.295301
31023.898553
30986.991940
30990.487669
31074.829398
31219.326780
31373.921429
31481.065311
31586.015338
31792.123183
32012.718083
32242.043534
32392.095038
32353.837820
32416.987288
32493.676109
32565.860640
32540.267368
32505.362674
32459.997124
32419.010827
32323.665639
32142.338741
31995.316723
31899.413872
31759.668477
31594.721203
31464.252707
31359.345714
31217.060075
30954.180395
30574.470714
30256.950226
29843.923289
29356.910000
28843.590075
28428.839229
28053.936234
27704.954173
27498.117024
27393.754586
27347.222857
27371.010395
27391.880113
27535.936523
27824.120564
28070.677778
28455.842594
28851.963985
29283.131053
29756.445921
30242.018647
30722.794699
31316.792542
31874.271372
32331.775386
32805.971955
33155.629286
33507.559887
33782.819549
33879.509774
34067.741165
34170.694915
34138.418045
34067.566917
34006.675000
33858.034211
33605.113748
33308.007575
33055.877608
32837.829173
32572.231356
32301.214868
32106.320526
31883.573522
31620.428402
31378.428628
31103.316767
30942.988531
30834.969117
30746.331090
30555.661579
30412.989342
30351.873202
30246.018120
30130.099416
29964.070207
29796.926798
29735.455150
29683.430545
29540.746610
29411.408872
29348.074350
29272.812143
29039.544011
28813.495526
28638.496422
28534.400263
28317.166316
28107.404124
27951.681109
27637.624991
27265.989812
26896.521751
26512.088045
26145.550000
25738.150602
25306.879643
24951.015650
24573.175489
24170.993277
23814.898741
23569.082976
23208.190000
22919.120789
22569.164972
22253.162331
22049.950508
21799.319211
21559.100339
21323.123308
21084.880320
20907.423759
20666.573346
20459.078983
20308.599229
20061.191203
19871.270150
19749.582599
19600.226447
19474.324737
19342.853164
19308.488534
19243.222768
19212.395038
19255.324539
19256.204173
19271.511767
19343.940188
19327.121241
19265.975499
19228.817594
19289.580282
19195.262486
19158.108383
19132.753421
19187.941447
19226.390508
19306.345639
19352.355771
19350.851598
19305.275865
19180.182143
19054.876598
18922.715631
18709.407143
18511.324011
18289.774774
18021.385000
17832.363635
17544.783045
17320.729737
16983.985263
16809.346177
16626.672632
16407.222556
16148.484398
15963.020714
15776.158738
15564.302782
15335.713371
15074.471297
14820.981356
14561.315150
14297.048045
13969.186441
13653.829925
13359.569474
13045.543816
12631.511205
12353.230526
12043.206429
11679.947613
11347.187594
11038.085480
10713.432895
10418.034011
10143.144812
9857.743974
9619.551335
9372.123459
9111.449379
8846.815414
8610.932994
