13.063216
16.131092
18.265997
14.173850
12.851703
23.248706
24.907249
21.705405
19.062505
18.400000
20.812362
21.640793
14.735323
15.070256
24.805551
23.271072
23.019947
28.636626
19.980026
26.974902
28.773958
24.066194
26.556412
28.957839
31.817146
28.571575
38.980898
41.298544
38.005272
31.506478
29.045021
39.614460
43.745295
45.460305
46.829961
42.727697
42.760386
46.693677
31.199316
38.456657
42.560275
47.410063
41.410457
41.348998
46.087086
48.677115
52.617395
52.435680
50.396683
57.131774
50.007520
56.967077
53.704985
53.082198
49.656544
56.952086
57.381815
63.257570
67.012398
65.635835
71.195227
75.581902
75.454652
79.550814
82.411716
78.551411
80.802558
87.090464
103.339431
110.215874
100.192615
113.073436
110.362062
124.066893
125.960617
129.070575
138.772169
141.941879
144.676669
153.969778
160.910644
161.592132
165.669308
175.049241
176.135734
195.185511
203.622861
206.574660
220.957910
211.410639
214.069489
223.492831
239.570135
231.889981
234.864216
247.343060
245.928122
249.437645
253.398500
243.889955
249.168729
248.177821
247.485477
244.381932
241.325107
236.697365
235.483030
246.203925
241.491876
239.149910
239.303056
234.198585
232.193645
235.987211
237.242759
240.761017
246.693879
242.009154
239.666017
239.341573
243.556293
248.743791
251.139344
244.900368
249.670876
253.881525
251.120130
247.352128
243.814579
237.731579
233.677299
232.234929
226.003616
229.583835
231.668450
231.689925
225.474034
221.781198
222.879602
218.211045
215.041479
213.727761
222.080451
223.962539
217.762638
212.679632
214.607085
223.405803
225.501847
223.101000
224.139098
213.028829
207.293135
222.099736
215.094915
214.309211
214.647256
209.394034
210.027711
206.241098
199.372772
195.400329
196.562879
200.331714
197.008836
188.620344
189.261929
193.799184
184.037474
184.162540
172.201135
167.212462
164.989361
172.725301
175.530665
177.977628
173.402932
169.779211
166.622311
162.828182
168.218658
169.334447
163.972267
171.035053
174.620135
157.399040
156.353325
159.420297
163.989015
162.072331
160.858707
159.251391
151.975263
157.144750
164.147237
160.711346
157.292395
155.075838
155.359130
152.485940
156.604064
151.113288
153.940857
153.396254
140.878310
138.399504
134.729418
129.682487
132.923158
125.117211
121.545060
122.980316
119.944353
122.323729
118.884034
116.160523
119.435019
110.796354
116.526684
117.688849
111.113361
116.220865
118.753305
120.498477
115.379579
116.658000
123.903559
131.136812
130.742250
127.641419
137.608041
146.958559
149.590393
150.366339
152.884714
157.434218
163.578889
181.144312
181.112719
184.398602
194.336395
194.245632
194.921689
203.360680
212.717917
217.676448
226.431556
235.418729
216.810857
236.109333
254.565122
235.915692
247.490944
251.627635
266.569746
267.374519
266.117596
277.556066
281.091113
296.202241
307.563331
300.186153
304.120429
321.571557
328.706147
336.486256
332.942075
348.837438
356.464936
355.419286
363.748994
365.892359
367.273158
370.505868
371.923772
379.159876
378.010308
375.230617
374.956765
361.431887
356.119684
368.924684
366.154605
359.056917
366.684714
360.921590
371.204394
360.472429
356.236831
352.931026
358.821000
350.831895
340.596350
337.872021
333.816398
322.338789
312.260989
320.477797
315.331695
311.997821
312.219816
318.018850
315.667588
328.262222
319.311429
327.631684
340.417184
355.742577
349.402447
340.505119
352.334848
362.919610
359.391782
361.252280
367.343947
374.012248
368.944327
381.115235
370.667136
376.652376
372.441983
366.146895
362.414079
369.686247
367.363192
354.619571
351.764594
352.990825
349.662545
350.430064
346.140475
342.973224
334.653487
332.081451
332.718582
316.890585
317.242707
324.971605
325.911539
315.138094
313.190256
314.157996
312.797250
309.122597
298.657233
294.002511
301.620305
290.723511
293.253595
287.745857
298.578350
282.085842
292.368469
296.413763
282.821632
274.282915
271.491310
276.050676
271.032113
259.131284
255.970981
260.814053
260.047564
243.861310
238.326203
253.204293
235.699548
230.797043
231.843166
222.191105
235.554026
228.052797
221.069041
218.173610
213.491393
211.406780
208.708842
203.522936
201.281994
199.251782
197.045895
197.747158
191.827105
196.048188
191.017305
185.857171
188.557947
189.838267
171.340098
169.345198
174.463451
180.340970
181.362524
179.047632
181.864421
182.208265
178.446970
178.739000
180.647382
189.761524
178.579677
173.033421
172.972961
178.570169
174.605383
174.247367
172.941556
169.909207
170.528357
174.814976
173.157563
164.626000
161.828068
161.332186
161.055000
148.087588
157.442810
151.487303
151.917158
153.164322
148.009731
149.289109
141.192797
139.463750
142.979339
140.553586
139.309716
137.867598
129.593712
128.874045
125.310011
138.657780
122.551338
128.282211
121.013263
117.109855
115.172331
104.481622
105.823415
102.052750
99.296962
95.614624
96.346443
97.968467
89.687003
85.929899
82.917080
82.863797
83.779471
77.079276
