64.041321
76.839216
73.903402
74.876906
67.294917
81.195743
90.239273
87.677859
89.061400
96.234378
100.726553
100.298444
104.115588
111.335915
115.807045
120.117412
123.113763
125.800105
132.648947
144.205850
159.081241
150.309053
158.093650
162.825906
163.146746
178.974485
189.552667
188.045107
189.916444
190.853411
195.738406
209.446467
209.633184
213.597695
226.256564
226.817797
233.891593
237.224122
248.321569
257.223857
264.578974
269.248305
269.734286
291.651632
296.398301
286.651936
287.455274
295.909695
300.254855
292.284910
298.065962
314.441793
320.793181
338.605733
353.073998
385.835325
387.690868
402.294925
423.371694
446.694403
454.963094
470.270746
501.676852
527.906647
543.391579
571.855601
622.013214
656.295410
693.250072
736.200598
771.060339
812.928835
857.270232
906.665086
963.888962
1002.085274
1051.820921
1112.283446
1161.523083
1211.250075
1283.231582
1349.796316
1393.932143
1472.315583
1544.308060
1608.951880
1661.856598
1758.828684
1807.545150
1902.806654
1962.859173
2022.672034
2052.960376
2105.757815
2170.411673
2209.018910
2237.722994
2267.903947
2295.351786
2326.297820
2312.114350
2334.857143
2345.747594
2344.722105
2338.745714
2356.234407
2370.760977
2363.675263
2359.059211
2355.308814
2375.690075
2391.760038
2395.268158
2414.124737
2430.479474
2427.359981
2437.136177
2458.026729
2462.951356
2481.975526
2513.601278
2524.300866
2545.025376
2567.256955
2591.173421
2595.412241
2579.596861
2570.843308
2584.844737
2591.629605
2572.587250
2545.356880
2509.373635
2509.936053
2512.871412
2477.601729
2469.235451
2466.517740
2448.622519
2425.662707
2448.233722
2476.815424
2470.884211
2458.311053
2468.649397
2474.346579
2476.374915
2497.079850
2494.540847
2490.013158
2496.425282
2505.369925
2506.694887
2501.925122
2503.156936
2505.070677
2459.933083
2448.153390
2436.034680
2424.987068
2426.468663
2420.330921
2403.114049
2385.414286
2370.339737
2363.673647
2323.741429
2315.035489
2298.901241
2299.346045
2267.555489
2264.156579
2246.041579
2240.880621
2235.673609
2248.347951
2239.296441
2211.981053
2219.955744
2251.677914
2250.695789
2237.004060
2257.299511
2264.085883
2250.313383
2257.307175
2254.897895
2256.330376
2241.398045
2226.973910
2243.937876
2257.115789
2268.243158
2251.343947
2244.853785
2272.472143
2283.730695
2270.119455
2262.666573
2267.654511
2248.017594
2247.325141
2247.184436
2206.372542
2155.579850
2107.361278
2079.742147
2048.831898
1994.830921
1957.497632
1933.756290
1897.850150
1875.134361
1863.631880
1821.339737
1816.149286
1811.755639
1820.379492
1803.458778
1805.435574
1799.273835
1811.986635
1865.953220
1880.492707
1906.350000
1934.772500
1979.764991
2052.938045
2127.428214
2195.210376
2283.140075
2395.906271
2506.501805
2631.875593
2724.414586
2872.532731
3029.905075
3160.879098
3315.112976
3442.019192
3585.899211
3713.448947
3858.124181
3996.798158
4111.561579
4219.238362
4328.502951
4457.142222
4563.131880
4685.073333
4859.515639
5000.051579
5160.656880
5349.757124
5508.119341
5701.655414
5906.391767
6071.339868
6254.583540
6447.904398
6635.301541
6810.682203
6979.789774
7169.676685
7356.713590
7540.129247
7708.552970
7879.500432
8008.068722
8149.002331
8318.141299
8443.488026
8539.879586
8665.490263
8760.644011
8816.719060
8892.612632
8957.510977
8970.020414
8991.491412
9024.348947
8976.386617
8982.871617
8995.901053
8971.912857
8966.708402
8907.938776
8862.100000
8790.577086
8760.316842
8666.770000
8571.778496
8484.017425
8374.653559
8275.695414
8195.190885
8121.676353
8098.116992
8115.377966
8150.008233
8155.485827
8231.839474
8294.911714
8377.693083
8463.652782
8551.126316
8676.742632
8780.314624
8914.787594
9058.491921
9193.632556
9346.661017
9470.284737
9558.768402
9703.356930
9791.452632
9829.851278
9829.885602
9892.599322
9940.599549
9913.181222
9884.021842
9842.272368
9761.940621
9693.052876
9670.384652
9609.313008
9534.038136
9508.926805
9438.265865
9316.637608
9257.668102
9223.015940
9110.646391
9069.162316
9032.452632
8928.443459
8930.196316
8880.377632
8841.477307
8833.089774
8787.655932
8737.495132
8705.566460
8677.372218
8632.897199
8569.314576
8568.766617
8498.440584
8495.583929
8432.912863
8403.384323
8353.720245
8278.248947
8230.174211
8137.558249
8108.761372
8038.772128
7941.129173
7874.044388
7766.576861
7630.737970
7538.439699
7406.960583
7284.429322
7212.487632
7114.747232
6980.089079
6868.261525
6761.503684
6656.311974
6568.756121
6500.696992
6416.408305
6313.030038
6242.669831
6193.424737
6110.540789
6023.257331
5977.128195
5907.019510
5838.867763
5815.424962
5702.663985
5697.639492
5601.974868
5570.298158
5557.647137
5520.529944
5502.221205
5462.484436
5469.480904
5494.061447
5500.628083
5501.473835
5472.152801
5490.968041
5542.546241
5502.551335
5459.429849
5450.666353
5466.537368
5454.689342
5476.490678
5452.803383
5470.184436
5488.248496
5493.926429
5473.862857
5436.122500
5402.994030
5374.012857
5355.803898
5313.220658
5191.348571
5171.149944
5055.609605
4985.012632
4919.976316
4834.877439
4771.756504
4723.144361
4653.926128
4609.375432
4546.049021
4481.514962
4437.344105
4373.435414
4298.536215
4223.996429
4134.545338
4094.142542
4016.692406
3909.802632
3853.209342
3754.321130
3661.880301
3559.420226
3439.333966
3348.071203
3265.746723
3188.076165
3098.415311
2998.392105
2915.845235
2839.285545
2763.343459
2648.135970
2582.404643
2517.227288
