160.913895
170.053663
184.672429
180.197282
198.879220
197.902034
187.793627
206.395015
227.782188
233.004122
231.513891
239.801446
252.026039
266.931994
286.306586
300.893605
308.108105
312.139842
344.691850
355.653803
374.889751
390.332481
398.613915
421.951712
434.553701
453.669357
467.725017
478.021372
497.478233
513.932235
522.644521
537.211412
554.402974
572.490814
591.464637
616.941211
624.025827
647.679216
672.353657
679.943214
710.067571
724.968519
730.928429
750.014925
765.102872
769.844345
769.398827
783.408337
807.924961
807.053614
833.023797
863.091338
859.736876
905.153647
949.747026
988.080205
1038.290527
1094.289774
1160.584211
1224.371996
1269.535489
1335.052881
1418.264774
1505.638045
1597.280000
1678.475273
1789.384135
1918.890827
2040.286667
2158.404718
2292.547232
2412.357895
2561.127232
2715.429079
2867.177368
3035.052820
3211.762162
3386.880885
3566.435038
3762.595320
3980.805254
4218.128158
4455.580639
4675.404586
4898.519435
5139.715564
5417.940301
5610.721203
5852.194925
6094.640188
6285.603741
6468.185085
6640.658195
6819.425612
6955.037613
7063.853759
7195.150508
7309.923947
7374.211071
7431.211278
7479.523107
7518.891786
7532.164361
7545.894774
7600.552500
7553.789002
7543.569774
7556.749925
7574.263816
7582.422881
7602.033797
7615.440827
7623.430132
7640.496842
7645.072406
7654.720113
7701.266855
7740.634060
7767.828644
7820.139962
7845.938872
7953.570640
8061.291767
8098.446748
8117.763722
8136.102316
8161.094831
8115.975113
8043.209474
7966.901711
7863.111130
7780.403421
7674.461563
7616.568440
7539.884369
7501.730075
7487.489173
7458.186723
7423.841466
7465.738421
7403.862274
7382.785744
7391.988421
7383.121034
7376.623785
7389.280789
7398.362373
7408.776222
7437.227966
7434.181955
7453.205883
7450.433759
7396.851128
7441.541337
7410.667274
7391.626015
7329.974887
7230.738249
7165.771222
7122.653759
7072.781676
7000.454737
6933.016591
6891.737143
6838.742180
6768.095470
6704.788571
6665.186391
6626.116523
6598.883315
6573.030150
6546.771898
6483.796654
6452.289567
6452.859474
6439.888327
6396.801186
6386.947895
6395.592241
6391.949398
6409.005940
6405.841278
6378.354305
6389.079586
6383.603383
6387.052203
6364.809925
6387.820188
6405.613008
6378.810827
6349.190470
6335.450602
6319.195263
6323.840263
6329.467740
6325.708308
6325.889944
6322.294981
6325.536516
6260.526090
6233.023929
6170.715348
6051.001955
5946.021525
5814.083120
5689.133459
5538.978004
5422.432801
5291.908947
5176.848684
5080.862373
5002.334643
4932.905338
4867.232707
4837.483308
4773.855865
4736.843459
4682.848380
4669.461823
4708.345989
4737.610602
4798.935714
4836.671977
4919.303496
5055.146053
5209.795000
5373.589793
5561.741128
5779.684286
6013.900019
6291.723797
6657.487627
7027.969248
7410.770508
7845.902406
8350.579435
8833.959417
9321.172256
9835.531827
10353.102068
10848.868421
11328.515789
11758.093785
12193.864850
12614.588722
12967.141620
13339.559023
13773.664972
14191.590977
14668.844444
15179.161466
15768.404135
16368.640602
17008.174248
17630.468173
18237.927068
18882.906015
19559.832895
20106.043503
20695.718421
21321.800940
21947.396610
22582.359398
23130.481733
23752.194925
24333.826177
24933.670301
25494.090789
26002.960150
26462.702256
26843.648588
27271.064850
27646.695292
28014.981579
28294.152731
28570.237970
28776.486466
28888.524812
28984.963722
29007.985876
28935.377820
28919.383647
28981.592293
28965.583459
28904.828571
28779.746992
28656.153672
28517.600000
28268.809774
27981.598684
27624.900000
27251.542105
26886.050752
26563.264030
26279.726316
26042.984369
25890.194173
25774.987970
25786.009605
25693.147368
25867.016353
26104.461654
26366.805838
26646.315602
27073.820301
27510.768421
27932.178947
28398.901504
28871.910902
29309.638418
29753.380075
30180.843691
30573.075188
30980.724436
31281.717137
31575.087218
31673.243233
31814.272556
31804.430508
31846.578947
31774.812218
31652.647368
31588.450000
31478.211299
31208.970113
31010.191149
30763.757143
30440.906780
30177.398684
29908.552632
29757.843691
29507.330827
29325.330451
29108.788722
28896.507910
28783.562594
28628.030451
28523.892105
28335.193421
28211.525612
28122.582707
28026.721846
27889.863534
27795.960452
27712.888346
27567.447556
27476.674576
27303.224812
27219.862147
27058.110714
26801.755367
26753.389850
26543.562712
26486.476316
26193.057895
26008.050847
25783.711278
25457.291714
25206.130075
24891.131073
24480.197556
24162.806015
23857.313534
23424.656391
22996.296045
22704.924436
22374.438418
22064.595677
21681.488136
21357.231579
21072.410526
20887.629002
20605.021053
20242.354237
19974.234023
19755.655932
19499.023308
19264.837218
19053.006955
18786.181955
18578.415443
18441.220677
18251.936090
18057.466917
17913.883616
17851.126316
17730.192105
17563.259699
17488.402068
17436.901507
17428.756391
17403.264030
17377.200564
17389.357143
17387.414286
17397.993421
17459.922599
17413.084962
17357.134211
17410.937476
17353.769925
17391.276316
17324.650000
17281.474576
17246.968421
17333.609962
17358.454887
17326.386090
17259.292857
17162.940602
17050.702072
16901.114286
16708.533898
16468.026128
16287.928571
16088.782109
15781.751316
15553.622368
15435.515789
15170.312053
14872.293609
14684.841729
14539.352256
14387.441165
14242.123540
14048.141353
13813.862524
13595.869361
13360.840866
13121.461654
12933.110714
12646.237288
12325.158647
12012.300000
11801.057895
11492.968173
11213.486090
10885.278759
10572.959398
10274.306015
10026.777966
9734.821541
9407.293051
9135.552256
8881.456196
8616.745639
8387.004812
8135.682467
7902.195583
7724.533051
