129.156316
132.520484
133.430491
132.333383
145.411339
139.754602
141.705186
141.415564
146.991441
143.894466
141.079278
144.036974
150.551241
155.726045
159.934541
166.442452
173.798289
185.215053
188.325744
183.646562
194.782411
197.734113
201.307458
218.115297
229.806520
231.705128
226.958806
229.101556
234.447602
239.275431
245.743573
250.668380
258.437737
272.709712
274.617438
279.210970
290.682702
295.761748
305.573787
300.392357
303.920949
328.282571
331.673571
338.432639
344.817541
350.416650
358.146977
362.103945
367.536974
379.457589
396.030481
413.011536
440.584791
443.255391
462.298864
490.971049
522.127162
564.848541
609.083077
656.807755
698.228801
756.836966
840.702630
920.743586
992.431421
1074.929736
1167.093440
1287.532895
1403.592429
1545.750244
1683.802373
1823.157068
1976.323220
2148.341147
2334.642857
2510.448008
2703.775583
2930.249548
3158.481278
3376.589944
3596.984633
3835.217632
4090.683459
4321.723741
4577.407043
4817.424436
5121.355902
5334.346560
5618.807481
5872.289135
6056.559793
6244.759322
6444.792632
6630.986441
6785.114211
6885.003722
7016.368399
7170.127237
7215.143214
7290.731579
7319.429096
7362.273929
7406.129812
7410.544135
7463.925000
7457.623710
7478.508797
7479.939624
7472.105038
7494.059548
7509.342556
7524.625677
7563.853158
7600.293684
7613.777519
7617.591504
7635.307589
7703.895564
7705.328305
7745.745620
7774.686842
7797.131751
7833.525207
7899.524549
7912.952293
7912.593879
7894.577105
7875.081504
7787.956842
7672.187368
7588.095612
7458.150451
7373.082580
7287.746147
7252.699605
7184.296165
7143.151823
7057.551017
7041.755188
7061.519962
7035.354398
6976.480621
6966.482331
6946.578759
6918.989284
6919.356842
6928.341525
6936.509981
6963.658814
7002.291203
6984.273910
6990.830226
7001.056654
6969.911789
6877.532387
6841.199850
6746.023910
6646.245085
6593.725526
6521.931767
6424.805612
6337.976579
6252.589529
6156.897143
6065.942989
5976.780545
5916.923571
5862.563910
5761.893064
5709.686045
5661.826241
5640.751353
5560.682462
5544.626290
5523.065564
5487.504812
5465.847288
5471.830000
5468.395819
5452.555789
5449.266579
5429.389699
5428.932143
5395.923929
5375.117895
5356.404915
5300.634455
5208.445113
5110.567143
5055.574643
4987.407519
4929.448797
4864.042105
4781.243947
4698.229153
4620.093534
4545.064117
4485.884173
4441.151205
4365.104662
4237.765132
4099.056403
3945.416391
3750.699153
3559.347143
3365.084662
3167.360339
2955.130432
2787.770789
2608.065526
2427.591733
2286.746936
2168.002406
2060.027970
1973.626898
1911.743628
1850.128045
1813.101186
1778.767782
1763.471883
1739.543684
1750.351598
1775.115932
1829.318985
1898.618421
2030.042500
2194.708004
2401.507068
2697.772857
3068.270996
3473.456617
3929.613898
4508.405583
5107.576949
5812.447143
6569.074746
7286.445733
8036.820865
8788.450772
9470.914718
10182.753947
10830.689474
11433.952542
11991.749436
12492.744361
12991.722599
13463.266165
13873.041243
14378.206767
14828.211111
15376.473120
15943.146992
16624.192857
17180.244173
17770.902825
18408.531579
19041.867669
19766.493421
20390.619586
20876.765414
21429.300564
22030.655932
22589.496241
23207.166667
23802.964286
24316.444256
24944.454511
25387.244925
25823.383647
26255.703008
26676.477401
27121.596241
27476.096234
27856.892105
28147.552731
28284.361278
28411.162406
28542.144361
28649.383835
28743.441808
28713.093609
28636.661654
28700.403008
28694.388722
28635.857143
28525.754323
28407.614313
28238.671429
28025.018421
27746.709211
27433.600000
27076.324812
26731.624624
26451.172881
26159.150376
25879.293220
25706.871241
25554.190226
25595.466102
25656.148308
25794.008083
25984.669549
26220.271563
26499.986842
26859.157895
27247.194737
27691.611842
28177.956391
28627.365789
29133.183616
29610.347180
30013.920151
30405.105263
30656.012406
30954.475895
31272.062030
31502.837594
31578.291729
31760.161017
31722.959398
31723.483271
31543.346053
31397.081579
31283.248964
31109.134398
30925.312053
30653.693233
30309.377401
30082.746805
29918.771429
29610.844444
29327.995113
29169.602632
28986.635338
28763.385499
28648.673308
28539.847368
28332.892105
28228.069737
28183.989266
28127.634586
28012.673070
27890.979323
27780.029944
27675.525940
27588.223872
27478.732203
27363.953383
27239.665725
27143.235714
27043.031638
26909.597744
26636.377024
26546.214474
26306.010526
26109.264972
25820.996429
25500.499812
25261.785714
24951.521846
24585.235150
24308.886466
24005.292481
23609.024248
23289.574011
22978.490226
22668.745763
22230.609023
21879.253861
21609.615789
21302.894737
20983.609416
20696.105263
20420.710169
20142.115602
19922.781356
19734.608271
19541.954699
19354.865977
19128.779323
18919.205461
18738.365789
18504.042105
18383.129323
18280.285311
18142.239474
18021.310526
17930.951789
17838.532331
17783.714124
17815.445113
17777.937100
17767.900000
17760.672180
17698.037218
17747.573496
17766.043503
17792.118045
17713.034962
17732.906026
17641.135714
17592.252632
17600.993421
17603.140678
17646.442857
17702.706203
17697.538910
17696.425188
17670.064286
17570.994549
17455.511676
17323.514286
17146.404520
17003.121053
16744.457143
16516.086064
16321.946241
16077.443421
15869.894737
15623.151412
15404.058459
15230.466165
15028.539474
14854.748684
14674.515066
14461.387218
14260.352731
14077.715789
13870.964407
13612.760150
13327.248872
13103.691525
12823.684962
12618.215789
12303.125000
11988.233145
11693.628195
11433.753571
11109.298496
10766.664662
10487.555932
10176.313158
9836.545424
9554.786053
9312.772787
9089.609041
8861.258120
8581.795066
8397.190282
8172.790282
