152.204789
158.555836
151.259203
165.577188
167.541203
178.954447
185.779085
180.053970
190.796546
196.263314
202.148267
213.825768
223.202494
228.609486
242.336143
260.213588
266.336658
277.400789
284.833586
293.881070
318.507525
317.445481
338.470426
348.451976
363.142915
370.872568
377.475376
393.701712
402.573639
411.097331
422.913750
432.071966
451.445526
463.682068
475.613983
481.975947
494.140518
515.500058
544.592356
540.267571
544.149866
566.650162
580.192143
582.516000
587.971682
596.475812
609.289902
630.198780
644.649579
645.868352
658.591722
686.472748
701.362593
731.162011
767.464706
808.159758
839.944919
877.147827
923.586981
980.645482
1030.109774
1088.756102
1147.911053
1209.000827
1287.178421
1362.371186
1448.565056
1536.740075
1629.415292
1747.470865
1875.838249
1994.510075
2110.811186
2254.619192
2380.416617
2517.165977
2669.722932
2838.575348
3025.577970
3200.939173
3372.040565
3576.680789
3780.941090
3984.870620
4187.718663
4384.269098
4643.544229
4823.609718
5047.536692
5208.460226
5397.511353
5571.344407
5736.323459
5890.646704
5999.728609
6106.529962
6211.519548
6278.754737
6352.663571
6419.681353
6489.043503
6524.856786
6533.155263
6554.071128
6576.780000
6595.055461
6579.493233
6569.433534
6601.627613
6591.589379
6579.336203
6601.770038
6636.731316
6653.167895
6643.747895
6652.123102
6677.903861
6676.115451
6710.187627
6776.674361
6803.500150
6858.980584
6887.071992
6938.057425
6985.815789
6999.162900
6959.247801
6913.546842
6867.793158
6797.881842
6721.221770
6644.348346
6559.891620
6512.741767
6470.872166
6375.476391
6344.341936
6303.218305
6305.770188
6303.225545
6290.076147
6286.873183
6296.448496
6245.649981
6217.746177
6237.288684
6238.939492
6256.378177
6282.562373
6265.102481
6280.624192
6273.095169
6269.973647
6274.786704
6238.239267
6196.104361
6134.401353
6088.834407
6052.894549
5989.501880
5912.993409
5853.287105
5809.777175
5751.147143
5676.086880
5640.957368
5600.682857
5532.660226
5510.859906
5467.947401
5416.396241
5377.139568
5342.085188
5334.335518
5311.817331
5259.675771
5229.923729
5235.668421
5240.739510
5237.853026
5250.463797
5267.770000
5256.668271
5241.263195
5259.547293
5216.155819
5193.689323
5181.818534
5151.691128
5110.874417
5122.327632
5084.646617
5038.505263
5039.601447
5053.505367
5046.715338
5007.470357
4953.619887
4956.201582
4936.006015
4889.335414
4824.240659
4771.949211
4658.927458
4529.532782
4377.504662
4285.244915
4170.681635
4050.784737
3955.644737
3853.083785
3765.108383
3695.815639
3610.491203
3560.020414
3530.399831
3498.092105
3494.051073
3489.449417
3491.980113
3501.113835
3539.018872
3606.851582
3657.603233
3748.003158
3873.342500
4015.554294
4168.903083
4358.976429
4607.304117
4875.721992
5144.957627
5476.062932
5851.636271
6265.513759
6696.228795
7199.643252
7642.803910
8090.433409
8521.154079
8983.546447
9459.744211
9883.652316
10290.238910
10685.191729
11051.956309
11401.886466
11747.506780
12171.795489
12531.777778
13040.298872
13529.651128
14068.037970
14563.575000
15149.953484
15716.149624
16278.621992
16889.868421
17404.970621
17921.237218
18442.909211
18966.006780
19538.233083
20085.945009
20636.862782
21118.720339
21582.964662
22055.807895
22486.123684
22935.773684
23340.484181
23749.212406
24058.692467
24378.939474
24614.179661
24781.324248
24951.070677
25072.530827
25132.378383
25201.064407
25254.115414
25232.666729
25185.019737
25161.124060
25086.485714
25116.802068
24995.126742
24866.028571
24688.327632
24437.752632
24166.600000
23808.009774
23448.511090
23171.198493
22915.516541
22699.613371
22583.728571
22479.621805
22491.147458
22504.550564
22664.843797
22732.947368
22939.155932
23250.343233
23542.586466
23915.715789
24299.411842
24681.091729
25049.233459
25395.329944
25768.479699
26180.174576
26541.308271
26807.455639
27062.873446
27290.798120
27520.214286
27616.565977
27739.296610
27684.514286
27602.721429
27529.188158
27449.463158
27271.949153
27174.517857
26966.437853
26634.642105
26394.311864
26197.531391
25943.001504
25763.404143
25638.996241
25396.704323
25310.149624
25076.774576
24916.492669
24717.738722
24604.192105
24506.253947
24445.057815
24378.486466
24325.390019
24222.297556
24072.686817
23992.219925
23973.443233
23880.776271
23715.696992
23658.089454
23559.796429
23391.892467
23186.643609
23116.503578
22972.760526
22726.005263
22552.931638
22380.555263
22129.993220
21862.698120
21625.657250
21364.447368
21037.545865
20724.482707
20455.132707
20070.390395
19791.086842
19600.941243
19178.184586
18934.351224
18671.652632
18374.564474
18062.504520
17841.318045
17651.715254
17416.561654
17203.930508
16988.772932
16806.544737
16690.132331
16476.900752
16296.706403
16142.897744
15979.717293
15896.309023
15605.318644
15511.002632
15444.481579
15369.681168
15287.196053
15232.181733
15206.078195
15183.997740
15233.672180
15286.341729
15273.489098
15262.988346
15202.343691
15223.157895
15210.546805
15156.280414
15133.973308
15066.131579
15154.100000
15143.194915
15141.158647
15121.932519
15146.199812
15164.165414
15144.835714
15063.596992
14970.725424
14876.214286
14693.688701
14581.095865
14396.871429
14223.447834
13959.494173
13768.132895
13586.057895
13361.796234
13190.159398
12996.164662
12822.825188
12641.404887
12495.621846
12313.395489
12103.032203
11945.301504
11792.740113
11622.057895
11353.829699
11143.725424
11002.529323
10743.968421
10434.106579
10168.680603
9945.806015
9709.949380
9468.153421
9157.545865
8901.520565
8684.630263
8421.060056
8152.591579
7925.735273
7716.957989
7526.722782
7303.321940
7156.238271
6953.053785
