167.462526
170.192092
171.577378
168.466571
173.723661
186.097389
187.569441
197.170135
210.079795
221.428051
230.265767
238.480320
251.081430
262.219740
267.100098
277.600395
298.819803
318.223368
324.486797
340.585880
369.264145
382.341774
386.205740
398.510348
417.364508
433.017898
443.436491
451.386654
466.398910
488.072896
509.232716
529.242750
550.653921
567.309288
572.064306
594.001947
615.308288
636.522898
653.448821
664.517571
669.818904
690.543987
704.391000
717.879526
736.906927
740.138006
743.183684
766.167145
784.487145
797.804595
819.574902
849.374457
872.037847
904.832079
937.562782
968.838259
1023.817876
1080.476992
1138.492350
1188.204670
1236.549737
1310.608475
1391.822274
1466.711729
1549.025263
1635.903070
1740.859549
1850.667481
1970.374727
2105.217143
2210.749548
2334.761278
2465.744915
2635.987425
2749.416429
2904.391165
3066.364117
3251.866290
3435.614361
3598.891523
3801.744576
4033.950263
4221.904850
4435.046485
4670.162712
4895.544887
5111.603816
5319.889662
5520.221654
5760.861316
5924.225526
6106.539492
6266.253083
6371.479849
6483.833064
6592.438120
6668.589153
6750.804868
6839.902143
6895.826391
6919.070395
6949.622857
6955.342744
6949.666466
6958.721429
6985.192712
6949.082256
6958.823308
6948.111447
6977.383051
7007.375789
6982.291974
6962.083816
6980.145789
6991.762180
7012.252932
7033.086497
7034.345564
7065.193898
7090.078365
7178.859248
7222.149793
7298.898008
7319.443308
7348.309474
7405.177439
7385.858947
7291.738797
7225.242105
7169.070789
7075.745330
6987.902143
6884.628154
6839.555207
6782.361243
6733.826391
6719.801147
6711.626102
6674.227143
6629.974699
6669.517876
6647.405292
6619.240150
6609.612857
6602.763766
6604.788684
6637.585424
6661.543346
6620.400339
6635.892180
6670.714248
6654.733665
6630.555977
6624.293409
6589.787237
6508.429850
6442.227594
6374.213333
6340.105019
6319.038647
6221.761733
6112.494605
6076.835876
6059.618571
6007.387744
5942.862932
5903.590714
5875.627256
5846.070357
5796.288475
5767.644135
5745.602556
5753.964248
5718.094426
5692.820940
5693.934906
5690.494746
5683.811053
5682.651921
5688.955808
5717.521391
5744.051466
5712.468233
5704.232462
5665.592556
5645.663955
5653.234906
5635.392481
5644.663308
5598.556560
5582.270639
5600.345263
5580.795263
5560.939211
5553.362881
5559.301278
5564.163665
5525.086917
5509.875650
5493.604962
5488.147011
5410.792994
5282.069962
5196.393559
5054.584718
4922.793083
4798.538004
4677.010338
4557.568158
4451.938684
4380.079228
4299.294511
4212.849774
4166.837744
4111.807444
4061.665733
4020.108684
4016.505499
4010.394756
4002.040565
4026.506090
4084.789135
4123.251073
4206.415865
4307.089211
4420.540000
4568.476836
4753.269023
4952.367143
5183.577914
5470.512632
5759.130000
6106.824361
6467.258644
6804.112707
7226.206704
7633.145639
8036.499211
8432.826441
8890.029981
9238.731711
9547.651053
9887.650113
10212.756955
10540.609774
10870.202260
11144.681203
11438.028437
11811.717293
12163.555556
12611.741917
13052.464662
13464.051504
14023.413722
14547.406968
15015.845865
15519.898120
16005.625000
16493.318456
16952.015038
17421.131579
17889.777966
18333.687970
18821.370245
19290.886466
19744.787571
20149.742105
20610.057331
20981.079135
21270.009023
21564.762712
21933.739286
22197.287006
22380.865789
22564.233710
22758.146053
22864.469173
22932.436090
23007.515789
23006.220339
22985.740602
22987.705451
22930.490977
22907.506767
23005.757143
22926.701504
22784.328814
22482.707143
22221.168233
22011.688158
21777.100000
21456.409774
21154.894549
20831.625612
20535.677068
20362.160075
20263.597932
20320.995489
20348.683051
20474.993045
20609.360338
20739.703759
21020.008851
21242.992669
21456.682707
21746.042105
22147.248684
22607.522932
22945.761278
23334.080226
23759.688722
24078.838230
24402.806015
24736.457331
24995.984181
25222.524436
25241.051128
25368.927256
25473.862712
25411.246617
25370.675752
25310.877632
25156.755263
24979.176271
24777.956015
24610.216196
24417.184962
24185.435028
23993.701692
23809.174060
23619.193597
23461.276316
23358.188346
23143.172932
22997.631827
22955.897368
22866.600376
22746.473684
22705.647368
22610.561582
22493.026316
22411.437100
22328.979323
22249.056685
22149.555263
22029.896053
21957.652542
21833.921053
21790.794915
21708.703571
21593.600942
21392.133835
21321.765160
21121.489474
21001.510526
20844.938983
20660.763158
20434.724105
20176.119549
19904.298493
19665.652820
19441.303008
19107.273684
18716.982707
18468.508475
18239.691729
17943.462712
17633.453571
17448.238795
17187.663158
16950.700000
16714.521281
16496.020677
16364.664407
16198.782707
16005.198305
15800.577444
15597.652256
15454.583835
15319.001504
15183.760075
15011.951504
14814.790226
14675.433083
14601.296045
14451.851316
14385.000000
14329.362335
14277.763910
14237.435217
14237.633835
14213.394727
14239.851504
14323.010150
14350.128571
14325.198872
14268.853484
14232.505263
14195.630451
14222.579284
14200.203383
14152.018421
14187.326316
14155.901695
14239.681955
14309.695677
14280.394173
14234.890977
14161.392857
14057.311466
13946.037288
13820.428571
13701.087006
13525.322368
13285.485714
13176.352542
12866.541541
12731.535526
12535.878947
12410.096610
12278.436842
12122.510526
11914.201880
11743.879135
11594.112241
11422.803008
11230.244633
11046.144361
10880.540678
10675.260150
10471.822932
10265.871186
10089.670977
9827.469474
9553.148158
9315.567853
9040.447180
8807.068252
8552.855132
8300.303985
8051.287232
7838.606898
7662.366271
7448.968195
7199.733691
7002.952726
6830.171278
6639.190320
6474.981936
6271.277910
