160.818895
161.809299
169.404622
172.674970
162.267593
162.829791
167.733746
175.031902
184.184574
191.642220
200.513041
198.509569
208.427865
220.675723
218.995857
233.521989
252.584579
262.491368
274.467695
283.144060
289.632755
300.383677
309.967644
317.072932
324.593938
338.684996
348.821511
351.600000
369.973436
383.962478
391.873919
408.345531
411.339579
430.699119
447.481171
446.987000
458.129267
477.608466
488.100881
530.384214
534.066137
545.630173
547.737286
557.405203
571.351786
580.675812
597.554560
612.103422
617.075395
642.359699
663.350692
689.513156
717.101537
764.423045
809.659930
854.065043
898.908763
958.332684
1034.964474
1114.920395
1197.312820
1289.280678
1393.283722
1504.460000
1630.516842
1780.736610
1947.525338
2141.224248
2311.123371
2524.233158
2718.855254
2929.540977
3151.120621
3390.240132
3635.931617
3908.330188
4186.506015
4469.814633
4762.100000
5082.611128
5418.488023
5737.536053
6067.219549
6408.306673
6768.675085
7092.944586
7478.818365
7792.492199
8155.582406
8433.151992
8720.594831
8955.663220
9221.702632
9394.309661
9555.606222
9741.680789
9885.740885
10038.013158
10198.017857
10274.287970
10345.231638
10373.510714
10431.186090
10442.738346
10395.721429
10419.685876
10453.271429
10495.287218
10487.572744
10497.285311
10534.026692
10569.100564
10585.077632
10610.663158
10668.098496
10699.671992
10709.511111
10732.225940
10783.232203
10832.968421
10976.084962
11057.525047
11131.235714
11210.901128
11226.344361
11261.351789
11279.946429
11227.244361
11102.121053
10930.084211
10780.079849
10670.322932
10539.227119
10479.516917
10319.035028
10258.990226
10232.921053
10206.089266
10193.533835
10172.348120
10157.356767
10108.369680
10105.616541
10100.143233
10100.693409
10158.268421
10203.427119
10186.125376
10189.955932
10199.529323
10198.252820
10176.222932
10153.956391
10095.445951
9994.897838
9899.150602
9804.700226
9728.740339
9626.474211
9521.683496
9413.261111
9288.355395
9172.029868
9096.501429
9019.270470
8887.903703
8842.812857
8792.738195
8679.819737
8636.225122
8574.182406
8519.861598
8460.141485
8385.118945
8358.082105
8329.528759
8326.392034
8333.849474
8319.427119
8321.113985
8360.293609
8397.413534
8413.987425
8361.305376
8316.628421
8231.135085
8137.254868
8045.269699
7997.588083
7881.704098
7791.009436
7699.299323
7639.558947
7583.760658
7498.091412
7419.693835
7341.956147
7233.615414
7162.456591
7056.363910
6868.517086
6693.121977
6453.373947
6176.638983
5897.573609
5599.707669
5278.552524
5022.766316
4771.550921
4516.813421
4278.403070
4080.574248
3919.332256
3762.967519
3617.882838
3487.467932
3407.635639
3344.427439
3274.603966
3217.961507
3214.275789
3277.836748
3339.309435
3434.288647
3616.563158
3839.820000
4128.015744
4498.329850
4991.428929
5597.023365
6228.958722
6964.957458
7824.426692
8699.396610
9693.542331
10652.691714
11587.752068
12522.338722
13426.087006
14256.598496
14962.677632
15720.747368
16359.656497
16939.554135
17513.142857
18037.600942
18584.371053
19096.774953
19548.189474
20092.133333
20821.481015
21469.578571
22068.902256
22835.107519
23561.564972
24295.003008
24971.419173
25614.478947
26265.552542
26924.703383
27586.943233
28256.694915
28973.010526
29686.614878
30275.166917
30952.516761
31665.966917
32288.552444
32755.090602
33128.890977
33594.059322
34043.303195
34471.761394
34793.555263
35112.686817
35292.383459
35449.980451
35569.512782
35597.245113
35608.636723
35477.975564
35377.033647
35301.631391
35219.247368
35141.314286
34983.831767
34807.005838
34579.107143
34273.948496
33801.819737
33357.300000
32902.506015
32427.664286
32028.612241
31699.472556
31415.692279
31259.091353
31199.455639
31081.211299
31253.910150
31392.400752
31720.401880
32020.799247
32427.151504
32914.416541
33452.078947
34098.361842
34664.736654
35283.900000
35895.614124
36502.965226
37110.584369
37650.848120
38227.189662
38581.537288
38784.103008
38907.458647
39062.052820
39256.196610
39098.542105
39054.687594
38905.272368
38753.789474
38541.505085
38346.111654
37963.620527
37530.899248
37280.629944
37039.339662
36704.883459
36426.445763
36109.625940
35803.507895
35687.255639
35479.958192
35288.903947
35090.947744
34952.473684
34869.632895
34764.602260
34623.375188
34488.028437
34314.050376
34205.462900
34090.415789
33933.433271
33967.715254
33783.338346
33637.713183
33452.503571
33276.091714
33124.058647
32940.097928
32713.440789
32438.652632
32086.093785
31795.128383
31409.042561
31137.270301
30827.708851
30402.842105
29981.448120
29480.424060
29104.641729
28650.578531
28210.316917
27856.707910
27459.527632
27031.325047
26571.952632
26231.019737
25928.525424
25530.456015
25281.337288
25019.807707
24684.525424
24425.080451
24180.510150
23849.499624
23548.802256
23333.112994
23106.125564
22840.405263
22738.250376
22514.881921
22287.492105
22159.144737
22068.125047
22000.588534
21964.009793
21920.711278
21954.348023
21992.058647
21983.882707
21999.336090
22044.060338
22108.158569
22067.643609
22033.031203
22023.602448
21933.381203
21975.586842
21943.472368
22011.711864
22029.554135
21996.868421
22063.635714
22040.179323
21933.392857
21839.324060
21666.033522
21446.300000
21312.445198
21085.108835
20741.157143
20321.995669
20085.991165
19796.489474
19524.752632
19290.446139
19018.032143
18746.140977
18467.416165
18208.298496
17991.410358
17773.584211
17514.119021
17209.857331
16906.395857
16637.519173
16269.710338
15911.676271
15640.062406
15318.436842
14945.559211
14511.632392
14122.205639
13824.561654
13463.424812
13065.686466
12681.791525
12289.721429
11950.400565
11628.315414
11274.994539
10991.255827
10666.703759
10406.209981
10115.536936
9827.055311
