9.557992
9.520344
8.834451
7.875811
9.101684
2.173813
5.119646
4.074249
4.613523
-4.815793
-2.562825
1.874632
4.684133
2.108073
-4.109650
-0.846813
0.697874
1.712785
1.611670
6.870209
10.028904
5.443631
2.194286
0.331640
4.230004
6.989109
5.696730
0.242530
1.413694
3.429138
1.348824
4.111604
4.862156
-1.277389
-0.855318
2.208122
1.146854
0.704318
-3.097587
-3.938829
7.644186
9.493429
5.005524
4.934961
2.061462
6.338788
9.689221
3.254977
3.396996
3.624930
6.103291
8.910208
7.856861
8.958260
7.041650
5.962634
9.399989
3.536621
3.072968
8.637473
9.557189
2.534068
0.382667
4.278910
2.626258
2.595618
7.514565
1.746064
1.464981
5.249098
6.990431
2.520173
11.055264
1.602928
8.797543
13.400785
6.756561
0.779112
4.168319
7.637250
5.800000
7.257870
11.520482
12.295498
4.633917
3.298104
8.320615
3.595723
14.242973
9.093406
15.301047
13.743854
13.915520
11.532542
12.621194
13.256891
9.841501
10.271945
12.618961
13.285123
8.788609
9.388731
10.820262
8.308535
7.773222
3.097565
11.292549
9.128176
15.036202
12.341245
11.711266
14.600000
16.224275
13.918827
9.262563
12.611859
7.746811
13.918123
10.137978
15.045512
12.459569
10.723949
19.568895
10.732814
6.919532
11.925792
21.991543
18.778714
14.945368
17.128470
13.400000
13.285729
12.763424
12.909718
15.531778
15.143668
13.927283
11.180898
12.677429
16.324419
16.467473
17.678683
12.042592
16.377577
20.649539
17.827963
14.204802
10.993550
15.833847
15.696603
20.455615
15.385272
9.953639
16.130366
14.849753
11.882235
7.886459
19.182477
14.632281
15.956771
18.608075
19.459912
17.353816
13.893043
20.032613
16.736671
23.077236
8.957757
21.986766
23.766134
19.661672
16.533243
13.033925
15.968824
17.265200
15.481329
15.727853
19.065984
21.745478
23.314191
19.161356
9.635211
21.023566
22.119598
18.779150
17.716731
11.290940
12.034266
26.367528
22.163300
31.271566
22.723247
18.937953
19.818620
24.685859
29.864152
22.974089
17.469789
19.481947
18.839360
24.292829
23.207407
14.600949
15.222942
18.035649
17.726756
17.406198
18.617638
21.784611
20.623742
28.590506
29.364049
20.763521
27.650308
27.896719
26.354254
23.415350
22.312624
27.454681
25.075264
24.849270
30.235195
26.946321
26.840252
25.789226
30.665725
27.539820
25.467532
28.330661
25.550654
24.782145
22.563785
29.371974
24.647332
23.478941
26.694107
24.394379
13.770479
19.299247
23.540352
19.724937
16.117000
22.893613
22.741625
19.019381
24.805382
28.358504
25.822630
20.617532
18.370733
18.542255
18.665642
19.690619
17.266086
19.281761
21.741084
21.787209
27.113209
31.613353
25.102098
22.330318
23.786327
19.400000
21.915266
25.313734
16.095539
19.435293
23.946382
31.141883
28.025484
26.227769
27.349010
25.694068
13.173847
18.489985
23.386348
29.088544
33.946395
31.556021
34.322717
35.596884
27.518523
20.780953
31.999312
27.723571
34.994881
31.776345
29.296229
32.791865
26.057500
19.984100
26.951243
26.339598
24.466579
25.898336
22.348605
25.708417
31.579153
28.432632
25.992899
23.232086
31.315162
30.723674
30.081905
31.286128
25.037537
26.650129
30.119549
34.733041
35.392877
29.650960
28.972494
32.499870
27.133165
27.426804
34.110511
35.435598
39.214687
32.665271
32.393792
32.956151
37.338747
34.477226
37.568603
32.139445
29.610511
31.184010
30.834375
33.722523
34.928053
33.029763
32.952722
29.288596
33.730578
41.261607
38.760108
41.866398
31.142813
22.357074
30.614720
38.045797
30.258284
34.373473
40.351166
32.777256
33.053851
36.546192
31.755186
26.212863
23.505704
30.403749
24.526403
22.382396
25.259496
23.285042
19.628619
22.188657
24.165661
26.031564
28.463949
30.688351
29.408303
24.894949
30.996045
35.032119
23.154442
27.240132
25.014001
27.068179
27.564889
24.940079
22.487117
18.866535
20.314134
23.784639
22.572612
20.022077
22.646224
27.782420
24.521761
13.985474
21.714696
21.035852
19.350353
20.229254
19.294403
17.890958
20.349090
19.946101
21.943920
18.641608
17.778145
20.095163
19.784036
18.987056
17.656802
18.161336
27.651193
29.164837
24.482680
29.263926
28.271268
22.802134
24.387790
24.041848
24.003323
23.935652
13.405926
17.885118
28.321405
24.529931
20.960914
17.285197
13.790226
11.881521
10.703585
18.548890
24.667517
17.623779
14.804674
14.808414
12.856781
18.828109
21.385702
17.588736
17.105777
17.643269
14.413743
17.096321
24.532499
16.847885
14.370766
8.581523
18.298232
16.868745
12.523748
13.449194
17.044651
15.304232
12.220224
7.455778
7.659529
11.589301
9.612495
9.392407
16.310786
9.893192
15.189583
12.438009
8.715702
