56.413800
58.272991
57.247297
52.083909
53.928042
56.716849
56.323683
51.807174
58.273796
51.118885
47.688663
51.619823
59.011723
61.874839
59.041377
58.175360
56.364705
59.779537
58.214202
63.341112
64.450978
57.944289
57.200000
58.831513
66.602475
62.887895
59.311809
70.496340
75.094232
65.772847
59.905590
64.146855
69.781266
70.623756
75.294862
80.485673
72.420034
75.541656
87.678314
83.470450
86.019142
79.015352
80.127614
86.432714
84.516892
80.019544
83.633364
86.732793
79.704336
82.522391
100.471992
97.909867
105.664226
102.881586
113.192689
125.113998
123.363454
123.659586
136.268126
149.365697
164.626410
171.878746
185.476639
212.147985
235.960211
257.106411
274.172735
303.333248
333.962525
381.195613
412.664271
454.541805
511.353774
559.437496
623.118188
680.236786
744.825039
819.193535
895.273609
963.258987
1032.767232
1115.998684
1193.969699
1276.687801
1364.101620
1450.094361
1555.027707
1628.091034
1701.916805
1790.320714
1895.618759
1936.962203
1995.155564
2060.168362
2112.793383
2175.382180
2233.551601
2261.451974
2291.707143
2332.230677
2342.713220
2348.337857
2374.079060
2417.139812
2394.594643
2411.669548
2419.133759
2418.918271
2414.983966
2436.837627
2453.537368
2447.766748
2452.791184
2452.501053
2431.437669
2451.992876
2463.625706
2467.615526
2463.778644
2478.695320
2473.724812
2466.982335
2468.822331
2480.212744
2469.575602
2445.657947
2442.557068
2416.617594
2377.726316
2336.661447
2288.744331
2265.818571
2215.092580
2170.881278
2164.505989
2142.626767
2128.572838
2090.812203
2079.136015
2071.139887
2060.703891
2055.853578
2042.894962
2036.852293
2017.888851
1997.659474
2005.885424
2013.925038
2003.726102
1997.590752
1992.286071
2000.334398
1988.478158
1959.852335
1959.789737
1939.945639
1905.156165
1882.858023
1852.463571
1829.161767
1795.781017
1755.808947
1728.306083
1708.755714
1683.297838
1642.038722
1617.257143
1579.648985
1541.239474
1510.072166
1519.278947
1497.292632
1472.073289
1471.194011
1468.014248
1441.167368
1429.561017
1428.952105
1427.269718
1420.340188
1400.508534
1396.277331
1406.927068
1398.234154
1358.173008
1366.074463
1346.897556
1309.307143
1279.608120
1250.486974
1204.891635
1186.220977
1154.312632
1122.330921
1102.804859
1072.391278
1040.619342
1020.433496
989.512439
984.239158
958.781393
907.515492
863.579180
835.440983
787.168239
738.129556
679.046456
634.006043
589.861618
532.531500
500.517908
482.132425
445.518053
416.845376
401.826665
379.449705
370.219812
372.080326
360.376947
348.077704
347.424496
360.447898
374.078559
383.486549
397.123474
425.020500
464.179124
514.546414
580.867857
668.084679
781.338338
914.762593
1072.633487
1287.736271
1494.602857
1720.622618
1969.773929
2258.818120
2541.119944
2804.067500
3089.131184
3379.703158
3646.701243
3892.853628
4155.428985
4382.821996
4560.552312
4823.872768
5088.338947
5319.275556
5541.309098
5804.999925
6064.657293
6332.438102
6585.777307
6866.019774
7197.344831
7481.810658
7750.647006
8035.795977
8326.311861
8626.790847
8900.138346
9132.119812
9435.341917
9728.124275
9951.143120
10220.880827
10472.603383
10711.044361
10907.838418
11128.633459
11337.701883
11484.873684
11601.807910
11756.654135
11873.878947
11932.824812
11989.796992
12035.833898
12069.494737
12103.029323
12110.547556
12139.392481
12100.900000
12075.904511
12035.077213
12044.000000
11980.363158
11843.827632
11739.800000
11621.482707
11512.979887
11396.653672
11242.896241
11111.061394
11056.766729
11046.750376
10968.164972
10989.088910
11013.162970
11148.038722
11233.152542
11376.913722
11512.775188
11612.989474
11786.675000
11976.738346
12146.215038
12330.948588
12484.400940
12662.607533
12912.930075
13059.390602
13167.609981
13267.932331
13350.473308
13379.076128
13532.361017
13489.161654
13454.724812
13433.077632
13406.602632
13404.219397
13285.750940
13143.613371
13045.942857
12954.600565
12852.858083
12748.049624
12695.005838
12609.807143
12464.937218
12448.060150
12329.396987
12261.592669
12199.416541
12090.371053
12045.227632
11987.104331
11962.127068
11928.567043
11894.746992
11903.453484
11871.081955
11764.511842
11691.098305
11621.165414
11595.720151
11543.771429
11458.362335
11438.181579
11387.965348
11320.646053
11244.910526
11162.396045
11035.583835
10931.066855
10823.577068
10713.160640
10573.091165
10423.410526
10324.904511
10138.224624
9952.775763
9822.433797
9685.730960
9536.996992
9419.733126
9290.014211
9123.650395
8993.441714
8877.892481
8784.035593
8665.467895
8556.928136
8447.061579
8332.921974
8246.453365
8130.303910
8043.256441
8000.784323
7861.401429
7801.098647
7757.894350
7664.253289
7615.594737
7529.061337
7507.068402
7489.791751
7494.046992
7467.465932
7461.546898
7492.447068
7490.790827
7476.991523
7455.991808
7453.600977
7491.195489
7526.138211
7429.165564
7422.809737
7448.478289
7474.271356
7471.699850
7483.408534
7456.129455
7455.166579
7487.834286
7482.421711
7422.576930
7343.314286
7275.247345
7219.337293
7137.207143
7050.859868
6929.691992
6792.370132
6696.737895
6663.636234
6561.180451
6456.426880
6389.420789
6311.116861
6230.229868
6127.823910
6038.133861
5966.625320
5861.279586
5799.090038
5704.957444
5587.156271
5489.738346
5378.947368
5259.545263
5144.453653
5008.177068
4891.293177
4777.719793
4630.114737
4493.211977
4373.122820
4252.173390
4116.484586
3980.459341
3869.318327
3743.255263
3677.983183
3554.458214
3452.185254
