67.751637
74.266183
71.840999
85.207665
78.148388
88.392036
82.498836
85.592801
95.197802
103.838098
105.273447
108.521126
116.143940
121.357395
124.451759
129.874311
134.871934
142.158737
159.187842
164.933434
167.081313
177.553805
181.756121
195.904624
199.453254
206.545733
219.243023
222.621216
222.436602
233.930580
239.300476
241.504663
268.060658
276.466424
276.885237
283.334308
288.259286
309.449664
321.038938
324.910786
338.774761
338.770445
340.195857
342.325677
344.760207
347.560942
352.016861
358.134797
364.571842
374.171254
382.129707
391.773842
412.665045
421.848801
445.064328
466.226402
476.363714
498.595639
527.227218
550.548524
579.591895
622.293102
660.166408
686.283722
719.204053
756.432185
796.409880
864.052256
898.333073
937.591526
999.943006
1058.894737
1090.468701
1131.705526
1192.002444
1246.033872
1289.586523
1360.389887
1416.572105
1467.009436
1535.366554
1598.753158
1685.279925
1741.639323
1819.073070
1904.367368
1985.019417
2054.978534
2137.406504
2207.832970
2265.321955
2329.612542
2374.311128
2416.410226
2436.563402
2466.135226
2512.619247
2537.134868
2563.580357
2591.260000
2606.656328
2603.751429
2614.070940
2602.108421
2595.687857
2610.531827
2579.084211
2597.193083
2610.082256
2617.982373
2607.715489
2625.014831
2662.354868
2678.308421
2687.113835
2685.254229
2698.972505
2714.020000
2737.544746
2737.751598
2809.564962
2841.490697
2873.564756
2913.346992
2937.257105
2939.667081
2961.114586
2957.621353
2936.503684
2916.580789
2893.772900
2879.464323
2837.606874
2856.473365
2857.938851
2831.810602
2833.610094
2843.372203
2837.638421
2874.204568
2859.799887
2856.241544
2856.920752
2854.717444
2859.982844
2862.762105
2871.045763
2896.889229
2906.831186
2906.117143
2901.576053
2931.388835
2917.782368
2911.372486
2902.667876
2905.090000
2891.725338
2873.912147
2856.571147
2840.911654
2829.390490
2820.185921
2808.550810
2790.217143
2777.557462
2783.968440
2768.245000
2764.148496
2751.575320
2742.305782
2745.021128
2749.661090
2722.552801
2737.107476
2700.642218
2699.178816
2716.094915
2712.898421
2705.421356
2711.008816
2740.749436
2772.957707
2749.406711
2752.769643
2746.331955
2724.990226
2719.261955
2722.893383
2743.847669
2767.597387
2760.459079
2765.118045
2787.270526
2806.857763
2809.088927
2807.670188
2820.854380
2829.552951
2828.780527
2864.105038
2861.404342
2802.851111
2755.417744
2730.430678
2686.764737
2648.125564
2577.882467
2545.062312
2494.321579
2433.190789
2391.567684
2358.904098
2320.198722
2288.335789
2275.127256
2252.507876
2235.412481
2223.015122
2221.025959
2231.446026
2258.280376
2278.435169
2304.607684
2338.208195
2399.643684
2473.890000
2561.092128
2655.515940
2751.971071
2853.971692
2956.899398
3071.476610
3211.696128
3345.257966
3478.829098
3613.450942
3732.283929
3852.835977
3959.246949
4048.811692
4174.869474
4256.700526
4334.890678
4413.181523
4491.464436
4581.444275
4648.768628
4720.806121
4851.168571
4950.677778
5072.212105
5207.831391
5379.144511
5521.025827
5695.639680
5846.975113
6010.250451
6130.504342
6313.820188
6495.777820
6620.568778
6760.429492
6914.351429
7045.788701
7237.233835
7447.210000
7595.674586
7689.277989
7811.014568
7935.797143
8080.220339
8224.943477
8337.436215
8398.592895
8444.587194
8471.852801
8511.249549
8569.286992
8586.986128
8556.492881
8543.099398
8543.918365
8512.600940
8458.497519
8517.254286
8479.861635
8453.145273
8410.480714
8297.969605
8198.064868
8109.430000
7999.684211
7909.021335
7796.250998
7676.259549
7626.409021
7608.910357
7593.124662
7598.640847
7622.258271
7676.998496
7699.209361
7811.130414
7926.601974
8043.143835
8167.356842
8291.896579
8425.500150
8571.049586
8743.298701
8902.130263
9004.195631
9093.755188
9208.744380
9309.029379
9394.965789
9410.745338
9481.387876
9491.083559
9489.686992
9477.438008
9462.828684
9408.037632
9378.549397
9344.638910
9224.203691
9109.278195
9028.303898
8946.365545
8928.629286
8904.320490
8788.870320
8756.539211
8722.024812
8640.252429
8578.771372
8539.772331
8468.979737
8473.060132
8451.824143
8371.514662
8351.202090
8371.025263
8383.259831
8357.100865
8288.481786
8263.573559
8234.092481
8163.120621
8163.424286
8104.552090
8084.730977
8010.951638
7968.600263
7927.338947
7831.404859
7773.652801
7702.087702
7612.360827
7517.437815
7394.308553
7286.284211
7215.459474
7096.520996
6979.757571
6872.471278
6756.392655
6675.148158
6537.568154
6446.652632
6399.980658
6338.593032
6246.597707
6131.793559
6054.690752
6005.688305
5930.540602
5858.259699
5817.040771
5759.152669
5714.840565
5674.925282
5576.972030
5537.387293
5492.925593
5448.354474
5438.713684
5391.142053
5379.813872
5362.988343
5358.912030
5378.211356
5377.757143
5356.661015
5359.548797
5390.014004
5403.863032
5385.290075
5375.481053
5340.709228
5349.248684
5345.335789
5348.705263
5363.576949
5372.252782
5369.694135
5353.426504
5341.462519
5347.829286
5331.623139
5269.428776
5199.642857
5140.695650
5072.161504
4998.656429
4976.624972
4860.615695
4811.548947
4778.179474
4680.633710
4648.212162
4584.207444
4532.203797
4492.600602
4415.290678
4357.265038
4300.444670
4211.741673
4148.157853
4070.386880
4024.843026
3901.229831
3813.924511
3711.181053
3668.052237
3554.001507
3457.124323
3343.788421
3254.658289
3180.372782
3081.812994
2995.960282
2916.571073
2827.631429
2755.649058
2694.165075
2637.976090
2533.356102
2483.914756
2417.504576
