92.201958
95.121443
98.689134
91.427226
91.390237
103.478697
96.008147
99.419901
108.473621
107.155472
115.252256
123.301637
123.629203
136.687650
149.171526
139.836684
146.189053
158.933263
163.779673
178.517637
188.073582
190.333511
197.915589
200.467983
210.015531
217.306214
219.961115
218.565282
233.212534
248.037910
245.404742
245.930446
257.123711
267.086814
272.367064
288.623113
300.471277
314.643615
303.511648
317.325214
323.976073
340.098538
348.462714
358.870301
355.433716
358.917490
370.661406
371.154529
373.457697
382.021667
402.712429
414.305444
421.105689
442.576511
461.301676
483.336870
493.273092
536.597842
564.359763
597.206068
615.624624
645.505525
696.769893
738.167722
780.765737
844.107563
893.914280
949.318113
1003.502876
1058.265789
1125.960000
1192.032406
1263.412712
1313.322180
1390.029361
1461.912030
1554.740132
1642.225254
1729.795188
1820.430226
1900.160226
1990.977368
2094.165301
2191.769267
2295.979981
2396.364286
2495.326335
2585.833271
2702.327406
2803.039211
2911.545602
2981.962542
3057.082857
3117.949473
3175.734925
3217.151767
3259.794689
3310.180658
3327.890714
3373.389699
3374.295254
3397.277143
3397.997256
3417.340564
3417.071071
3411.266780
3401.700226
3382.461429
3392.809962
3430.002260
3427.424812
3418.404831
3441.133816
3452.670000
3446.078271
3458.362876
3472.460904
3511.374925
3519.463390
3549.727688
3596.690451
3622.025857
3659.050695
3708.926635
3740.006128
3757.209755
3739.285414
3735.189549
3712.682105
3660.640132
3626.921488
3585.115263
3556.420885
3542.888835
3527.710753
3491.119398
3468.488571
3489.677627
3496.753308
3493.537068
3466.964286
3462.575970
3468.181203
3441.650301
3444.881638
3468.441316
3482.833390
3507.815056
3501.015593
3532.510226
3527.398383
3498.622801
3492.859211
3505.429153
3465.114098
3460.696617
3479.476316
3416.899096
3396.420432
3367.678008
3353.193465
3337.630263
3306.756158
3283.754286
3242.596974
3229.187086
3214.152857
3192.206466
3177.707387
3131.059586
3129.171504
3126.502068
3108.798346
3104.625725
3087.068308
3068.699117
3072.558983
3063.262632
3053.343710
3066.473515
3070.188496
3068.053722
3069.597218
3076.725075
3064.235714
3025.579718
3024.731259
3012.637444
3006.646880
2993.449211
2996.054662
2995.256917
2988.411579
2986.781842
2969.409209
2957.226955
2969.946654
2963.754774
2956.705876
2951.903233
2931.702932
2895.199190
2858.455113
2799.560169
2728.893045
2650.979173
2595.642185
2505.139041
2446.334605
2381.825526
2304.195386
2246.719323
2217.209398
2194.739549
2156.525677
2143.959586
2114.096579
2088.486648
2090.359868
2084.280414
2111.762556
2139.539925
2190.018079
2213.422481
2282.229211
2369.820000
2469.644520
2600.421203
2740.840357
2876.624831
3047.710226
3271.023729
3480.835244
3679.640000
3890.750451
4110.107552
4335.080883
4507.927669
4740.259548
4967.456391
5122.144605
5279.325263
5482.528983
5671.645940
5830.413008
5971.222448
6099.233008
6258.508512
6425.971654
6608.847778
6771.441391
7005.979812
7279.318835
7553.779474
7793.676591
8066.304060
8333.271579
8600.680132
8834.940678
9043.866805
9286.670282
9590.801695
9867.387368
10095.213371
10410.921053
10616.347458
10856.569173
11054.245865
11308.056955
11497.300000
11736.242373
11887.720113
12033.236723
12164.450000
12279.963277
12367.198496
12483.542857
12563.959398
12578.375188
12605.853107
12615.035338
12659.772180
12632.610338
12550.439850
12541.771429
12494.561466
12490.911299
12408.692857
12307.803759
12160.818421
11987.700000
11812.751880
11672.466541
11527.719962
11413.123684
11339.257627
11228.504135
11195.459398
11206.253107
11214.750752
11228.160150
11351.996241
11488.382298
11611.282143
11778.609023
11995.600000
12180.619737
12333.986654
12546.004135
12731.101130
12894.504511
13109.686441
13328.628571
13502.442857
13589.281356
13687.268421
13808.117293
13819.986278
13826.691525
13814.385714
13802.851316
13768.609211
13766.060526
13645.080038
13568.958083
13459.577778
13320.475188
13234.493220
13139.045113
13045.236842
12964.298305
12769.384211
12703.762782
12589.693985
12546.912053
12516.763910
12426.738346
12416.797368
12368.117105
12297.182486
12259.340602
12186.321092
12142.232331
12087.078531
11965.839474
11907.306955
11912.967797
11855.362406
11824.867797
11756.064286
11706.607721
11648.509398
11580.033333
11525.598684
11403.478947
11311.631073
11223.314662
11100.004143
10963.451504
10796.222787
10618.415226
10481.689474
10360.542857
10210.609962
10025.634576
9872.165977
9712.748249
9589.178045
9431.391883
9273.706842
9157.409605
9039.161205
8915.218496
8821.244237
8704.214662
8613.124407
8494.596692
8348.615320
8276.649981
8192.034398
8095.644105
7995.560376
7962.447744
7877.539699
7811.618983
7721.630526
7634.248421
7618.845028
7587.901485
7580.915744
7599.474962
7592.612166
7595.792481
7609.280038
7607.989887
7606.945432
7573.784463
7574.380301
7541.472951
7554.741224
7580.725338
7511.804474
7513.678421
7533.322881
7558.347744
7551.806128
7511.968496
7506.742669
7492.410000
7465.254774
7412.456535
7323.248571
7276.405876
7168.404850
7058.544286
6971.811620
6852.313365
6771.339079
6657.932105
6599.081940
6473.844041
6404.324699
6337.083233
6214.313722
6112.291996
6051.670301
5988.591544
5904.697876
5800.916610
5689.430038
5567.683853
5472.174237
5368.590376
5254.285263
5081.999079
4992.733522
4869.483910
4737.292500
4602.416635
4494.988647
4350.233672
4216.395056
4115.265819
3998.790489
3869.239040
3744.753045
3640.533609
3550.375725
3434.181053
3361.116271
