143.180316
149.063951
149.847261
162.838688
156.940831
161.795915
163.752661
152.389940
178.157829
186.281605
198.068139
201.593721
202.115588
211.440452
221.201105
232.916706
243.491066
248.154079
257.253944
278.620130
287.098797
291.744218
302.145704
324.156600
322.907847
326.278635
340.019596
362.195039
364.151511
357.713220
378.562064
401.024303
400.630237
419.504085
434.376090
445.892068
460.445851
476.815071
494.894256
492.964429
510.295710
510.989506
517.389143
527.930383
535.576393
538.302932
535.829124
544.335911
564.533066
573.791492
598.616211
620.513504
631.527153
638.342492
658.055597
677.679299
713.872840
747.447331
788.283077
815.893672
843.179583
889.019932
936.968301
974.544797
1017.332316
1073.533446
1136.396673
1197.151880
1256.248060
1331.120921
1419.582090
1479.720000
1550.130960
1604.696955
1675.057594
1760.129737
1843.816767
1924.052053
2011.293684
2107.682124
2203.078418
2296.982105
2402.454323
2508.699154
2600.717853
2716.954586
2810.879380
2900.071880
3035.307744
3134.920714
3208.467857
3311.381017
3381.327218
3433.605970
3484.070470
3520.833045
3566.184557
3613.269211
3622.915357
3645.375263
3657.722655
3677.306786
3700.224549
3708.450038
3684.166071
3682.223766
3699.173008
3665.788271
3655.282932
3670.769887
3683.438421
3703.598459
3725.676184
3729.345263
3731.686015
3738.095789
3721.634124
3730.284023
3778.261525
3788.657406
3838.011128
3857.258267
3916.483985
3956.693665
4006.227256
4030.204256
4005.727462
3988.725489
3969.960526
3936.148553
3916.910038
3882.142218
3819.555819
3786.645188
3790.208136
3771.810451
3769.921917
3751.380960
3745.806165
3736.233026
3759.384248
3746.884068
3733.018797
3731.554098
3729.154878
3750.365526
3783.802034
3785.338947
3782.751525
3784.975414
3790.364944
3766.180583
3768.436767
3785.383465
3744.081767
3733.264211
3701.501053
3670.233107
3646.488214
3630.278158
3609.151073
3575.163684
3535.578945
3522.630000
3532.653365
3496.571786
3471.296429
3437.810451
3438.718947
3422.874124
3420.405188
3413.589944
3393.482049
3351.807815
3366.434586
3335.925996
3326.899492
3339.341053
3338.498908
3348.868252
3364.192932
3362.865677
3348.826541
3351.934380
3330.670150
3298.335424
3308.162030
3314.025000
3340.073346
3329.043308
3338.983665
3357.351654
3341.758947
3331.123553
3345.511243
3368.513797
3384.982218
3383.290489
3387.649096
3402.300526
3383.124850
3343.877119
3312.829474
3265.564068
3211.320056
3153.245489
3076.947947
3027.484267
2977.710921
2935.856316
2908.830527
2869.400489
2828.587368
2811.628346
2777.608647
2736.169887
2760.609586
2735.832900
2732.745470
2783.364087
2773.994060
2826.548947
2851.633107
2872.595602
2944.232895
3020.645000
3095.242825
3191.937143
3287.726429
3389.274474
3539.078008
3681.079153
3821.555395
4007.605424
4154.049398
4323.606384
4489.296147
4669.652293
4821.936008
4997.887876
5134.044211
5235.155789
5350.871864
5486.605150
5603.471466
5721.570546
5855.853872
5960.237985
6124.132857
6280.456667
6487.012632
6713.177594
6912.925000
7131.085301
7373.048983
7628.766917
7859.208891
8063.338684
8286.818286
8539.031955
8760.368026
8968.452373
9198.559474
9423.715800
9679.840489
9889.659077
10143.328571
10332.933647
10435.475188
10609.576692
10790.641808
10899.950376
11061.521281
11176.615789
11269.346139
11348.902068
11421.838346
11464.384211
11458.884211
11452.488701
11458.326316
11461.418609
11498.587782
11456.627820
11455.842857
11424.020489
11352.283427
11260.542857
11158.969549
11013.169737
10859.500000
10726.615789
10580.368797
10410.491525
10274.337218
10212.322034
10169.086842
10112.939850
10153.044633
10194.962594
10266.855075
10424.897744
10491.245763
10648.375752
10801.242857
10943.626316
11141.897368
11330.959586
11487.049248
11709.246328
11918.215414
12074.971751
12253.019549
12396.123684
12591.332392
12682.819173
12680.486842
12715.173308
12726.462712
12701.654135
12695.707895
12682.548684
12623.192105
12543.183239
12419.344549
12311.034275
12226.356391
12125.139548
11996.939474
11874.509774
11825.480414
11767.755075
11662.964850
11506.930827
11489.122034
11513.583647
11413.603759
11355.936842
11334.194737
11294.754614
11238.480451
11159.576083
11133.381391
11124.388324
11052.896241
10998.172556
10990.808475
10907.902256
10877.782298
10875.075000
10808.283616
10714.018045
10664.449529
10612.673684
10559.136842
10469.356497
10347.450752
10220.438983
10072.048496
9944.445311
9846.854436
9737.075338
9604.777744
9431.888816
9273.386610
9136.602820
9032.757910
8889.432218
8773.164388
8649.572105
8519.851711
8400.728305
8286.069511
8204.445593
8172.037951
8066.367966
7938.469549
7866.366992
7783.075639
7703.617895
7607.840508
7482.411917
7457.421053
7414.924887
7322.513446
7278.584474
7213.771053
7194.538964
7180.289380
7158.770056
7173.685414
7151.239567
7125.463477
7153.139023
7178.171353
7164.076880
7132.528192
7134.469098
7139.463064
7145.181751
7126.136504
7093.077632
7087.149474
7106.118983
7112.820301
7100.301729
7107.364962
7083.079248
7059.427143
7029.733083
6960.116384
6891.908571
6828.394633
6740.176729
6625.954286
6547.339134
6489.289492
6398.147632
6298.838947
6229.111318
6162.303703
6069.341692
5965.385226
5867.811673
5804.824934
5744.710677
5656.432034
5568.834568
5483.092599
5364.614398
5256.131504
5137.653559
5007.733083
4906.656842
4777.290395
4671.590942
4539.474850
4406.523327
4288.008872
4163.770977
4024.811808
3943.927707
3866.546158
3746.886654
3639.516309
3533.976579
3452.347068
3329.178154
3239.164286
3172.845085
