42.664247
45.139852
53.700169
55.519162
60.769115
62.105650
50.533785
54.047894
49.374014
51.907844
53.314414
46.851865
47.108058
52.010746
52.245432
56.121681
61.724026
62.814813
56.637976
57.299542
60.458788
56.923120
63.740330
62.026430
68.198256
61.926446
65.686175
68.967967
66.968267
65.166815
63.537534
63.744096
70.998739
83.197373
86.529962
77.777208
81.949743
82.776124
78.751901
94.402786
95.197024
86.905684
84.665729
88.144305
87.695106
89.179195
95.286015
99.921694
99.962072
97.890780
105.339902
106.537410
107.815599
120.035271
135.956655
138.473981
133.363077
153.098812
160.078707
177.767659
188.836331
206.288492
231.730118
247.345008
266.618000
302.221508
336.131389
369.615981
407.245734
459.480267
498.588215
546.645812
610.580763
664.411523
729.609316
785.635617
868.205120
951.314637
1018.063383
1100.861579
1201.881921
1286.507895
1369.764060
1474.998778
1561.557420
1650.666917
1752.124868
1839.534098
1930.648271
2007.441654
2080.094248
2158.181017
2217.509925
2264.916441
2313.225921
2359.752632
2394.940659
2418.058026
2440.526071
2475.469925
2509.813729
2502.537857
2532.629098
2547.751729
2551.943929
2534.693597
2524.352632
2549.463308
2538.899756
2545.372486
2558.852256
2550.156410
2533.470132
2521.232632
2514.759248
2526.378289
2533.634313
2519.331617
2537.351864
2514.596861
2522.762331
2517.694708
2542.920395
2524.110996
2523.712782
2516.488305
2482.412011
2435.281203
2395.737368
2359.705000
2316.333371
2264.830902
2203.308023
2168.147989
2140.575631
2115.329323
2128.195432
2117.490678
2076.126692
2062.569474
2081.907030
2056.329962
2037.389248
2009.913609
1996.260019
2008.786053
2019.308305
2023.842368
2015.570000
2011.264662
2020.814962
1994.711259
1960.770000
1950.272580
1931.583722
1915.432932
1889.519398
1851.662147
1824.785320
1785.082368
1748.837966
1703.202105
1660.515857
1640.307143
1606.760320
1588.360959
1564.425000
1535.659812
1506.733891
1487.507100
1481.000752
1449.984737
1418.464962
1417.174350
1423.309398
1425.687838
1415.599661
1410.842632
1409.675461
1405.949361
1404.252444
1385.098308
1372.798346
1373.501241
1346.769774
1323.577684
1281.796429
1267.538008
1236.083383
1207.025564
1176.059436
1150.835714
1125.544211
1092.542105
1061.089040
1038.387180
1022.495395
1004.311000
978.650699
974.112556
926.440126
887.948439
825.657376
788.658949
743.877128
688.450955
645.091846
595.977195
558.400118
520.969342
487.639258
458.426763
427.130383
407.785233
398.543508
383.129731
377.778974
361.468126
361.727045
347.617217
359.837519
365.047714
365.849989
379.272575
407.246947
441.103500
492.069186
545.700278
612.869286
715.605524
837.819150
1000.637169
1200.076654
1390.537627
1642.670376
1869.040508
2115.992124
2389.481692
2654.860866
2903.845921
3133.431316
3370.405789
3608.866384
3804.334981
3974.306391
4169.194294
4379.605921
4581.851977
4786.990075
4972.031111
5200.106128
5429.182256
5659.280789
5947.665677
6204.975461
6460.855263
6708.938759
6923.793947
7156.124030
7421.669812
7655.516128
7902.437966
8172.518045
8379.829058
8633.525921
8860.444859
9126.213008
9338.352143
9546.667274
9701.811729
9848.060339
9990.688289
10133.899247
10289.039474
10406.639925
10523.174060
10595.994737
10610.640602
10632.772556
10670.463842
10684.312782
10675.513722
10683.798684
10645.621805
10689.742857
10637.260338
10603.301507
10483.371429
10364.844549
10291.528947
10166.200000
10051.202256
9906.818947
9715.909680
9609.516992
9588.031318
9536.554568
9524.427444
9514.758644
9596.630714
9643.618665
9763.858797
9866.962976
10022.443440
10173.297744
10339.294737
10522.864474
10673.354511
10803.012782
10986.124859
11168.035526
11304.574765
11455.751880
11610.222556
11745.867985
11822.139098
11966.821053
11986.716917
12036.647458
11973.248120
11976.068045
11964.502632
11927.678947
11833.838983
11731.921992
11664.574011
11589.117293
11481.035593
11388.228759
11318.791729
11217.066478
11146.980263
11117.182331
11031.718045
10944.038230
10916.335150
10879.296617
10819.057895
10735.078947
10710.665537
10686.822556
10622.465913
10593.031203
10589.329944
10574.027820
10546.000752
10479.005085
10440.545865
10403.156121
10343.660714
10270.360829
10206.427068
10168.060264
10129.584211
10080.700000
9984.968814
9851.604455
9740.377646
9619.610789
9520.712599
9413.891635
9269.173759
9165.687895
9039.699511
8891.228927
8781.204135
8586.615141
8485.762049
8360.311695
8235.441579
8145.088026
8043.364218
7952.526090
7871.580508
7756.387293
7664.187627
7580.623308
7493.610000
7450.316297
7391.046842
7300.566911
7196.855094
7149.223008
7071.885564
7025.659379
6933.203947
6930.925789
6886.033032
6863.248571
6851.676629
6845.807218
6849.285405
6862.991823
6875.365263
6883.812368
6880.398515
6852.518418
6877.497820
6840.236955
6828.325819
6832.956053
6818.092632
6862.892105
6831.200678
6854.879248
6871.633289
6866.092556
6844.416992
6798.620714
6782.297368
6759.264294
6656.020000
6567.893955
6515.059549
6426.512857
6342.762580
6294.609774
6173.564737
6055.994737
6006.772034
5926.930526
5824.578459
5753.835602
5698.042914
5619.160282
5537.826541
5466.467495
5381.474286
5287.874501
5197.699248
5086.548703
4979.169661
4853.095489
4725.707368
4647.275526
4522.735895
4389.234135
4267.511748
4119.098778
4001.666165
3892.109153
3805.368026
3717.382768
3594.653872
3487.107307
3413.267707
3325.468722
3227.532863
3132.849060
3043.573729
