129.979737
128.688354
117.196880
122.985560
129.727712
132.192408
128.680034
135.216338
134.883249
136.254575
136.194169
141.581689
151.908288
153.023249
150.927218
158.923136
165.610750
173.146053
175.406966
187.038182
196.222358
194.029744
200.939964
218.804237
220.938452
216.093786
225.746528
225.520019
232.614511
242.843330
241.278188
247.048395
258.440500
262.057203
267.839729
281.303985
289.512119
304.956039
308.649885
313.204500
325.329840
329.125925
330.865000
327.487970
340.374049
346.918689
347.365917
354.343524
351.974013
362.132330
375.402120
382.293115
397.944452
401.314568
415.815185
446.736002
462.981601
484.226662
506.511383
539.187663
567.736128
599.427661
640.332763
681.218331
716.748526
757.387337
813.731887
863.739556
922.271448
975.820814
1028.169209
1111.750451
1162.666271
1233.192256
1300.456880
1378.056654
1451.240038
1527.688098
1618.337895
1707.516203
1793.122655
1884.591842
1974.785263
2083.333383
2184.221394
2297.492707
2420.435263
2491.041466
2590.783722
2702.705188
2797.029793
2872.030000
2926.579098
2996.576384
3068.334756
3089.210338
3123.076685
3201.258026
3219.502857
3237.123684
3255.970678
3262.831786
3280.812218
3299.723797
3315.682857
3305.942072
3318.147143
3308.180526
3298.446165
3291.446328
3304.310263
3317.693195
3322.103684
3334.721053
3342.552932
3341.498459
3365.034783
3381.413571
3403.117119
3402.379831
3440.125789
3475.913804
3466.846335
3502.599436
3508.749060
3534.316328
3534.655094
3520.385338
3486.768947
3436.368289
3400.207420
3367.114624
3343.780207
3298.799211
3262.190038
3228.378120
3239.795075
3255.580452
3240.333722
3249.491184
3217.358383
3216.837232
3209.668346
3186.207105
3184.690339
3181.181842
3170.364407
3187.778383
3202.136441
3223.194812
3227.190752
3245.115132
3236.259023
3217.799115
3191.680244
3177.107895
3161.758271
3143.385141
3091.001692
3078.129135
3060.781017
3013.338158
2984.557928
2974.320000
2949.438421
2916.102989
2884.888571
2852.573083
2839.797556
2838.810075
2823.986391
2840.112857
2832.434756
2815.425085
2785.533233
2767.015489
2759.789661
2760.940000
2760.046271
2761.227274
2773.359586
2778.378759
2780.484756
2732.463985
2726.729323
2712.531469
2686.148308
2676.710038
2669.232180
2638.602312
2631.416635
2631.566391
2607.057368
2576.482632
2587.917062
2597.277519
2572.931992
2580.895019
2580.323258
2555.292406
2550.486560
2503.754840
2454.993158
2416.670678
2331.159004
2254.561654
2202.127288
2149.556034
2075.832763
2017.391053
1951.299322
1902.990771
1868.398045
1816.365489
1815.528214
1780.068064
1766.408459
1769.573917
1759.869887
1747.956648
1756.122556
1786.796429
1832.085763
1878.030677
1937.141842
2025.737500
2119.302260
2213.632857
2331.208929
2471.539549
2635.343346
2837.509661
3027.019098
3231.838983
3469.183308
3692.993427
3898.121767
4125.242707
4359.291657
4587.218214
4790.404605
4977.289474
5161.180056
5329.760188
5507.856053
5689.953691
5853.103534
6053.432335
6259.792707
6415.465556
6587.939756
6850.059436
7137.494699
7452.307274
7734.996704
7980.791880
8262.608534
8544.783684
8793.168569
9083.069211
9372.087538
9643.216102
9909.927143
10150.902637
10475.306767
10741.929567
11005.518421
11242.109774
11442.035150
11702.179699
11880.130508
12064.355827
12193.892655
12355.215789
12528.542561
12673.895301
12741.248120
12799.038346
12853.741917
12845.948588
12872.340977
12876.539286
12879.443609
12880.852632
12878.628571
12787.958647
12760.973070
12710.135714
12583.415226
12456.359211
12282.200000
12122.513534
12006.314850
11849.390019
11689.894737
11579.533710
11471.988346
11456.427820
11493.737853
11539.329135
11544.840977
11666.115789
11728.024482
11903.482707
12071.586466
12239.384211
12442.143421
12644.778947
12843.697368
13067.759887
13312.820677
13520.671940
13665.290977
13783.247556
13899.570621
14119.019173
14154.916541
14153.504135
14186.823729
14215.106015
14179.436090
14064.043421
14036.602632
14027.197740
13957.250940
13834.429002
13691.761654
13572.754237
13463.118045
13339.263910
13260.672881
13160.296805
13084.400376
12977.455639
12896.346139
12844.428947
12706.720301
12652.313158
12626.421053
12594.814313
12535.431579
12476.964972
12459.135150
12425.030508
12346.518045
12283.935338
12238.820339
12186.756391
12156.911299
12106.357143
12011.589642
11951.470301
11894.714313
11845.488158
11716.752632
11628.153672
11527.058647
11421.235028
11272.613158
11103.661394
10933.043609
10762.059398
10644.692481
10529.584023
10346.966102
10144.735714
10050.698870
9833.452556
9692.771356
9579.043684
9428.043289
9318.089322
9238.035000
9099.313559
8953.842124
8855.739661
8752.779173
8630.135695
8542.219962
8466.072293
8344.226930
8270.296165
8204.163759
8105.505038
8041.558814
8003.685658
7943.858947
7898.376610
7814.349605
7799.709247
7813.210000
7806.700414
7803.390451
7814.156353
7838.412444
7841.037538
7795.171055
7835.449549
7779.338158
7763.505443
7769.773647
7788.377105
7744.445789
7761.579153
7751.386541
7762.344117
7740.365714
7728.278083
7762.006429
7735.274511
7628.013503
7539.802857
7477.111299
7418.232970
7308.541429
7194.390151
7072.367331
6988.355921
6914.273158
6786.433390
6683.793346
6608.211767
6527.372368
6418.214756
6320.127043
6241.091579
6151.055122
6062.508816
5988.033766
5882.030038
5767.963985
5702.022203
5549.583609
5435.374737
5276.965921
5200.245706
5056.643233
4917.647312
4778.007462
4650.570301
4535.388249
4408.120282
4278.245480
4161.683609
4033.309492
3904.222256
3824.558271
3694.890075
3607.418647
3498.674633
