26.208558
31.497942
27.667598
23.650412
19.812354
24.814907
22.356637
29.958080
26.263636
29.703724
30.911337
28.390075
29.416715
31.800000
26.115002
20.867139
27.960993
26.031505
25.482606
21.622468
30.215332
24.845670
27.507153
29.468367
30.555370
31.077829
27.520352
28.840091
28.731238
26.833185
29.403319
35.311091
36.586239
28.760358
33.978092
32.787579
27.929701
30.163566
31.522167
26.039821
34.283881
35.057908
33.867357
38.921123
39.568327
39.328126
38.128547
35.915215
37.002572
33.998964
39.187622
34.451515
37.041086
32.720220
41.655940
43.502677
41.472689
39.334132
48.698412
50.963161
52.909688
59.938786
58.580276
58.543807
69.070542
72.945883
80.113398
79.827753
90.497068
104.274058
104.909525
100.487438
120.009881
137.047113
144.970650
158.211361
165.092709
174.871938
187.940045
207.427835
230.032141
241.060684
253.751248
267.514130
277.785068
296.117271
311.435538
324.492024
332.761891
351.728075
374.792632
373.946458
380.066797
402.884181
411.247528
410.657511
414.841635
413.995171
423.799964
446.415120
439.024181
431.164607
437.821177
454.641477
439.367857
447.539264
453.638774
449.927902
438.420376
443.836480
443.816338
442.503361
443.637039
441.309474
448.355910
450.696220
443.126819
458.235748
444.622525
437.820714
442.732586
446.996444
446.422902
452.699632
447.227508
440.540009
434.307972
429.848519
423.369895
423.578368
422.058224
403.961474
409.409407
400.374991
392.164844
388.244872
381.059816
396.436718
372.106876
367.236291
376.296650
372.409911
369.611308
364.819122
358.638492
356.256211
358.456661
360.961722
359.288169
367.297053
368.740192
362.669964
355.162741
358.200832
354.482648
352.845444
350.661534
332.270825
329.426444
326.641098
325.200663
316.882579
306.521725
312.052571
312.832594
300.645226
291.500000
276.559353
284.184835
286.369864
285.791496
283.093331
284.516436
278.490936
277.347996
273.212466
274.626508
279.185211
278.904281
276.531769
273.968188
269.549015
265.863088
265.765132
265.222195
257.382198
256.939947
254.614237
243.789474
236.616861
245.155652
240.110150
239.088000
235.712658
228.054605
226.121827
222.009320
215.001442
218.678316
213.510707
204.777857
202.556028
188.243774
179.014390
177.181182
170.336880
158.940038
158.917513
151.246211
144.844711
137.078621
128.732246
127.225925
125.598639
122.439267
121.075244
124.181850
117.232831
119.214111
124.348049
115.683090
110.159590
119.957706
123.575383
131.677684
136.317000
135.663380
141.235985
157.963393
181.911996
205.628763
226.050508
258.909628
287.078797
327.592887
370.879077
407.584190
448.464113
503.908879
533.690782
566.470684
610.942000
653.281028
687.295408
707.652883
743.767827
793.947504
810.699855
866.953414
895.211111
929.485026
965.047774
1007.842500
1061.858647
1108.986215
1143.036767
1192.409662
1233.376842
1273.831224
1311.565451
1351.101673
1392.990000
1434.743083
1483.316893
1520.093590
1550.966121
1600.215150
1652.296974
1680.405320
1721.399398
1744.706045
1759.488402
1771.819680
1814.540263
1838.165631
1854.915451
1879.182556
1879.407444
1862.843910
1868.435650
1876.632218
1865.647895
1875.172274
1891.015639
1893.121429
1878.287312
1856.223992
1845.983571
1819.680301
1786.173026
1771.610000
1753.379774
1738.391654
1712.071525
1684.282632
1677.194143
1673.898440
1684.676391
1678.638136
1691.098929
1712.078835
1710.036241
1725.371375
1750.703365
1781.435338
1817.681053
1837.865789
1846.351316
1877.769549
1919.557797
1962.329173
1999.271262
2017.253233
2040.543195
2071.487156
2086.593158
2091.350188
2119.832989
2144.037797
2115.434211
2090.430883
2089.576711
2097.530263
2076.182185
2048.402688
2029.843635
2010.202481
1992.882147
1990.156203
1994.950677
1981.830226
1948.497594
1956.357726
1933.627744
1893.939529
1898.753722
1882.669774
1863.666316
1873.688026
1867.307363
1863.088947
1859.611695
1846.837801
1839.441789
1840.311466
1829.602650
1807.729492
1803.483609
1800.699567
1771.414643
1764.399002
1774.304398
1759.333371
1774.695395
1764.126316
1737.297910
1716.628365
1689.720753
1668.139549
1648.910075
1621.913985
1600.597444
1593.355113
1583.394361
1544.985876
1492.755714
1485.118475
1472.463383
1461.154388
1420.411579
1395.570789
1364.738644
1354.948835
1351.020678
1338.891936
1319.967966
1296.680451
1280.796278
1266.711278
1244.550263
1252.520282
1240.340301
1240.134060
1239.745489
1214.805537
1215.365263
1191.925263
1197.133352
1199.251410
1176.463333
1179.485113
1171.353126
1162.504305
1175.608459
1176.333346
1160.617425
1154.613371
1177.349474
1163.933308
1165.753540
1177.462143
1156.306579
1168.146974
1180.342203
1174.476241
1175.675583
1162.839850
1160.521692
1157.165000
1152.425677
1150.050998
1131.488571
1113.907740
1104.713459
1101.825000
1083.769605
1052.987801
1046.721053
1022.488421
1030.306196
998.288139
985.244045
982.735568
974.369818
968.536232
953.067346
929.103518
912.896098
891.245070
860.470714
847.091430
826.611492
809.196226
798.411579
766.526868
755.318296
729.477609
696.595677
691.787929
684.927263
652.730955
631.996128
617.230571
595.357455
587.818510
580.156380
562.149820
546.704925
535.483530
508.643520
