37.589168
29.041530
35.754815
23.579677
33.359088
33.675460
27.513261
35.970035
37.586473
32.424769
31.085548
36.897444
34.357101
28.178408
28.742630
31.089573
37.469054
35.613913
42.198235
42.452208
42.227146
38.481895
39.578156
49.262736
42.335649
46.345493
46.608543
48.325424
53.160830
52.234164
49.889668
53.185106
54.646416
54.813346
59.131850
63.107820
60.156904
54.029948
61.416350
59.042250
57.770607
62.681128
60.072929
65.297941
61.813986
62.925726
68.382605
63.437095
62.044692
65.419809
74.143874
71.371308
78.280029
93.299802
90.709570
96.695631
111.509392
122.475256
119.841579
130.966702
142.055162
157.992136
171.873154
189.181098
219.512842
243.281006
274.621282
295.870786
322.391307
358.725605
394.214915
438.796947
474.725277
514.895094
576.353432
637.841462
680.658724
731.961245
805.955917
877.066462
938.032079
1010.887158
1085.308308
1149.458102
1221.206968
1285.152105
1375.506090
1437.348797
1489.757857
1543.426241
1626.729342
1697.633559
1737.993759
1763.992524
1806.353064
1844.670714
1866.054708
1892.075263
1909.755714
1915.412556
1934.303446
1947.020357
1967.805489
1961.681729
1969.172857
1972.528738
1975.642331
1962.818195
1974.547086
1971.345763
1973.432068
1971.433590
1962.228421
1968.010526
1968.336842
1949.966955
1949.237721
1966.388083
1955.574068
1947.693816
1949.977444
1947.882580
1924.465075
1944.431053
1924.829850
1908.771883
1885.173534
1850.146617
1822.550526
1789.875000
1750.851808
1729.073722
1694.749605
1651.417162
1622.433371
1619.018872
1627.842350
1583.327740
1548.649850
1554.431560
1541.095996
1545.890810
1536.527068
1524.773252
1522.013070
1520.854211
1518.335424
1514.800000
1516.748305
1522.538872
1519.832989
1496.608102
1471.867368
1470.275198
1444.729117
1419.922707
1401.652782
1372.497175
1359.174812
1332.433910
1289.247326
1252.546447
1226.027250
1207.617143
1196.723665
1168.371128
1129.395714
1132.327932
1129.211372
1113.728606
1103.683534
1082.859737
1066.467143
1056.435235
1056.425489
1056.862556
1053.298983
1041.542105
1038.044802
1041.991203
1039.123045
1045.377368
1032.100263
1007.354925
990.197000
977.710994
958.027820
940.417466
916.774714
889.380336
862.511575
847.877917
830.615842
806.129868
787.055446
775.727970
760.166556
743.149412
734.033580
702.380549
674.705893
649.627121
606.655462
568.690254
529.539968
495.948992
453.032403
418.288246
385.600026
355.941895
335.979761
324.059231
310.772338
290.991932
273.021957
264.525994
258.946237
253.321347
258.913148
253.839463
247.195985
262.814468
267.646644
284.718786
299.831342
314.323250
359.163518
417.850835
475.496429
555.645622
663.129451
789.924610
932.977169
1061.130610
1250.044436
1439.956855
1629.944718
1833.110526
2014.705066
2209.087763
2386.690395
2576.355263
2742.717966
2879.635620
3035.618684
3187.165499
3315.484455
3483.988211
3636.168045
3811.870000
4003.074117
4194.692293
4380.795038
4578.497256
4748.406949
4963.302707
5153.001184
5330.840395
5543.038493
5745.274774
5934.991466
6108.885424
6278.506241
6496.793145
6704.046147
6873.342731
7022.047068
7174.370000
7286.164455
7432.659173
7558.973277
7676.152481
7785.029718
7841.396579
7916.916121
7987.382726
8050.039248
8106.445789
8130.579586
8140.639661
8151.046805
8132.850996
8139.933797
8100.211278
8155.935714
8107.436617
8104.732542
7982.791429
7894.455752
7819.231447
7720.260000
7600.025940
7502.053195
7401.031714
7296.848647
7231.469718
7196.792632
7216.822857
7291.562599
7297.183139
7329.338327
7363.727256
7452.376271
7549.565301
7671.577444
7794.662105
7940.681316
8056.277011
8185.203158
8330.514294
8481.710771
8630.844124
8741.616090
8821.984887
8898.817910
8993.483496
9015.096353
9028.389135
9017.228814
9011.507218
8988.153628
8945.019211
8912.981579
8885.264896
8816.551579
8738.579077
8688.511654
8612.037458
8523.892688
8475.220150
8381.147815
8353.701015
8260.311165
8208.579549
8157.391073
8147.912688
8088.100188
8054.227368
8015.233816
8014.768136
8002.371128
7908.863427
7836.438252
7830.587458
7817.559850
7775.766617
7730.963898
7684.619248
7662.697571
7626.745357
7548.415217
7541.153684
7475.688964
7448.736184
7421.618947
7303.791356
7256.143496
7218.640264
7080.876617
6984.345085
6922.460940
6791.627218
6697.775940
6638.044624
6511.500847
6352.999624
6250.788870
6211.596485
6114.407815
6037.205789
5928.484079
5838.217589
5741.833609
5672.825424
5614.941297
5554.142881
5488.709699
5429.092594
5374.269850
5303.819549
5269.165537
5237.638929
5172.827669
5082.506541
5067.505932
5043.707763
5003.553421
4968.222467
4949.845226
4924.344708
4916.804060
4927.199793
4934.637406
4934.252105
4926.403120
4906.576297
4885.312655
4893.951579
4891.935714
4884.945480
4879.484398
4856.664211
4847.726316
4864.372034
4867.037970
4857.618985
4817.084023
4822.213496
4833.745000
4778.063853
4722.185574
4695.211429
4617.973220
4552.660940
4508.149286
4456.386026
4419.944605
4318.632763
4269.706842
4226.286347
4165.015752
4097.476353
4061.114098
4001.728628
3923.718154
3861.818195
3814.435066
3761.668271
3699.150942
3632.400789
3535.505094
3433.800508
3343.342632
3293.759474
3207.835132
3106.266629
3012.672895
2927.761165
2850.551184
2765.385940
2691.845367
2634.339417
2550.303333
2449.367895
2387.841638
2338.621823
2256.404211
2206.323013
2133.837594
2095.829266
