106.886368
111.930412
114.462697
110.355169
116.943254
124.807015
113.764339
116.619977
119.592134
120.332564
135.718635
144.064663
142.310600
148.817588
155.700263
152.566565
158.885158
172.957447
178.032838
185.798709
203.256284
197.015398
193.920266
222.803688
220.788757
221.889489
236.796169
241.418618
235.401737
237.227441
248.112327
255.141669
263.230895
282.355983
294.362780
302.815406
309.497640
317.265979
315.472567
327.675643
324.492154
329.242594
341.586143
347.446338
358.128179
370.565653
372.767718
374.409299
385.689592
394.784151
400.840023
413.972539
429.117288
442.437902
452.914407
487.524117
495.090998
526.493241
555.639141
583.731806
620.107981
647.871322
677.241968
721.016271
767.977158
824.770702
893.188365
953.787248
1004.985955
1050.641955
1136.511073
1204.403083
1247.650904
1327.959718
1377.811053
1464.274962
1562.154944
1653.334369
1739.464511
1822.531617
1917.466328
2026.879211
2125.946316
2225.894699
2336.693522
2428.921654
2534.103102
2656.032180
2769.302820
2840.127556
2918.447744
3015.909661
3098.220902
3172.430998
3224.613947
3270.235902
3329.437684
3375.258026
3398.136786
3434.526917
3472.564124
3468.834286
3478.579925
3468.177857
3475.495000
3450.381092
3460.137068
3433.300000
3435.334380
3464.297514
3483.095865
3499.110771
3505.502237
3499.961579
3510.507594
3517.686842
3522.172618
3561.568985
3555.886441
3542.800226
3598.201579
3651.347627
3677.916222
3694.183233
3747.778045
3772.332919
3747.984680
3719.639549
3700.634737
3674.687237
3637.789209
3593.026767
3549.183748
3515.121560
3504.944294
3482.729474
3482.695677
3453.704463
3475.204586
3462.173797
3454.550526
3439.416347
3429.956767
3407.342030
3395.200094
3418.285263
3440.674915
3454.143158
3479.485932
3449.213759
3437.385207
3472.200583
3466.188947
3446.992919
3423.573665
3425.849248
3377.950752
3378.822373
3345.770169
3339.239887
3311.875104
3265.142368
3251.436761
3231.351429
3196.405075
3183.448553
3120.707857
3094.898271
3102.448177
3096.373710
3076.890902
3048.803853
3058.116372
3029.069266
3031.896203
3028.476711
3004.778983
3007.651053
3007.069887
2983.328534
2988.987970
3000.462970
2987.028026
2973.902462
2964.513534
2954.569548
2955.808008
2935.996241
2934.102293
2928.876635
2921.717444
2909.151504
2889.383158
2890.714868
2884.504294
2871.201617
2873.703045
2865.545695
2862.851846
2827.532782
2822.566673
2775.546064
2720.577105
2667.702203
2594.748308
2524.822782
2445.840000
2383.434342
2309.779737
2244.751842
2191.407326
2144.808759
2104.828346
2065.008120
2033.857744
2002.456523
1977.559962
1980.937646
1977.703308
1994.408908
1998.781579
2010.369248
2057.783164
2112.173421
2171.155000
2253.647500
2360.214670
2487.195414
2620.704286
2767.696184
2939.618947
3103.223729
3321.823214
3557.261017
3778.616617
4006.544388
4253.769398
4452.496917
4679.706629
4911.889342
5115.125789
5322.374211
5484.950621
5658.937030
5839.413271
5972.713559
6119.489549
6307.050377
6481.617669
6653.367778
6907.721523
7153.227707
7424.645000
7730.541823
8012.449416
8324.887519
8585.751504
8807.131184
9065.337966
9383.396090
9660.573327
9916.835254
10219.835338
10490.393974
10762.017293
11069.284934
11338.415789
11567.184398
11818.083647
12014.489474
12224.122034
12407.588346
12565.586252
12713.850000
12860.774576
12990.460902
13107.855639
13157.121805
13189.765414
13263.595480
13258.841353
13281.906579
13244.203571
13241.019549
13257.357143
13195.793421
13131.519209
13053.914286
12907.777068
12774.534211
12626.400000
12474.875188
12361.187030
12209.319397
12043.716165
11940.152166
11860.750752
11830.669925
11793.471186
11831.483083
11850.650188
11994.787218
12122.560452
12264.399248
12434.583459
12640.936842
12788.894737
12951.663534
13180.760150
13438.382486
13661.176316
13834.944633
14032.470677
14278.618421
14426.083992
14429.453383
14554.189474
14599.181203
14589.586441
14662.330827
14643.450752
14544.903947
14468.702632
14400.995480
14301.474248
14208.064972
14087.828571
13968.486441
13851.378947
13677.063534
13578.071375
13460.534962
13349.637594
13266.860150
13200.435028
13214.560526
13146.238722
13049.868421
12967.236842
12945.393220
12881.681203
12854.195857
12836.571805
12799.193597
12766.507895
12687.999812
12574.184746
12515.732331
12495.026742
12457.175000
12428.974576
12291.316165
12205.416196
12123.653947
12022.678947
11925.468362
11842.013346
11720.625047
11552.318797
11411.763277
11285.045113
11129.041353
10982.724060
10822.303383
10628.830508
10448.143985
10349.210734
10147.270677
10053.856309
9868.627895
9657.075658
9555.481394
9447.641090
9333.089322
9225.765132
9139.892373
9033.146241
8910.277350
8816.586917
8705.538571
8605.586535
8513.720808
8421.284511
8325.487594
8282.473277
8212.128158
8139.089211
8065.175028
8023.886523
8017.914143
7999.435714
8005.978908
8008.114793
7994.278421
7989.140489
7994.809662
8056.815217
8050.242932
7999.678947
7996.629849
7983.820113
7924.721053
7946.412895
7943.412881
7999.569323
8035.622444
8009.099643
7996.474812
7944.240000
7901.824323
7883.882335
7782.764286
7678.482994
7614.624492
7510.559286
7399.028437
7241.237425
7171.383158
7066.425263
6992.292900
6877.909380
6769.253835
6686.079586
6593.769962
6540.632900
6481.422632
6378.876836
6277.182237
6177.558362
6071.470376
5947.454662
5828.942542
5750.813534
5630.100000
5458.697632
5320.104859
5167.408383
5062.978346
4902.328947
4742.796165
4635.224463
4514.996316
4376.244689
4260.837632
4142.327552
4001.872876
3881.912180
3778.573333
3674.629774
3595.977571
