401.378737
435.796492
456.105412
474.159891
504.526339
533.512419
557.872593
587.686045
626.943471
668.249372
709.536278
751.185582
800.320882
866.803757
928.595481
969.732887
1025.504474
1090.746842
1154.371504
1197.774624
1273.277533
1338.764662
1394.430847
1456.092876
1513.116893
1561.353233
1603.225207
1659.736335
1729.411353
1787.041507
1866.290508
1971.352354
2029.703947
2088.188305
2170.386353
2257.006541
2321.011846
2408.943947
2454.007137
2513.305000
2577.844539
2635.568853
2690.012857
2729.154586
2733.161861
2757.909209
2811.283045
2864.695895
2934.356447
2997.641111
3053.879624
3116.771560
3196.784859
3292.396391
3383.869849
3499.873571
3634.327665
3777.712180
3914.048102
4049.424896
4187.773797
4349.901695
4524.854154
4683.872180
4829.286316
5001.996780
5194.301936
5316.669549
5493.502109
5666.384436
5891.004689
6039.734135
6144.830282
6291.697068
6439.262444
6575.553947
6739.177538
6877.444557
7048.274286
7225.584699
7365.156836
7543.836579
7728.358083
7944.713289
8183.412090
8382.705263
8631.859868
8832.620188
9021.833534
9254.006805
9453.657406
9604.019322
9775.249549
9927.725857
10056.643421
10208.577444
10318.752354
10350.906579
10416.132143
10471.996241
10462.246328
10467.500000
10546.224060
10475.730075
10484.307143
10462.220716
10422.617293
10436.894737
10495.411842
10515.230508
10542.462406
10608.144173
10661.228947
10743.589474
10878.904511
10973.517293
11152.190019
11312.892105
11486.183051
11651.539286
11880.182707
12144.437665
12386.518797
12553.658835
12808.475188
13102.081921
13259.282331
13313.027068
13385.005263
13464.221053
13470.314124
13455.029323
13521.993974
13549.403195
13571.995292
13621.818797
13672.429887
13758.511864
13825.529323
13858.612970
13855.587970
13885.885311
13906.463158
13937.833083
14046.512806
14130.981579
14147.735593
14208.547368
14306.116949
14444.100752
14484.804135
14512.296805
14563.628195
14608.832957
14587.329135
14638.112030
14639.232331
14690.292655
14725.348496
14768.253383
14839.890960
14904.386842
14950.182486
14986.714286
15007.346805
15060.056015
15175.178571
15220.271429
15352.035150
15392.840866
15467.914286
15528.347556
15561.937782
15481.306403
15505.394737
15560.429135
15553.130508
15596.705263
15685.865537
15720.651316
15783.135338
15928.253759
16043.512406
16236.353383
16307.996992
16453.897175
16605.947556
16740.316541
16951.881955
17142.567481
17379.034023
17606.953383
17830.878947
18101.052632
18377.884746
18625.722556
18875.276692
19119.662218
19310.403766
19476.769925
19713.922556
19831.009605
19889.306015
19934.250847
19973.521053
19959.627820
19907.957439
19894.251880
19777.063158
19662.947368
19614.089831
19621.730263
19648.324060
19606.206767
19526.395865
19538.799436
19651.424436
19567.195292
19588.142293
19662.915819
19750.484211
19921.667857
20118.836723
20277.739474
20432.876316
20618.525000
20716.856497
20717.345113
20727.046429
20747.911090
20706.117293
20609.318644
20469.327632
20297.006780
20196.839850
20032.250282
19755.314850
19533.253759
19319.724859
19087.246805
18797.840789
18513.910526
18303.598305
18077.342293
17843.573684
17626.849341
17454.526692
17452.525989
17418.635338
17420.588889
17510.029511
17641.360526
17764.528947
17955.936654
18087.956874
18225.156391
18414.322180
18570.481579
18692.775895
18800.000000
18946.034023
19113.986441
19286.828571
19560.521657
19866.103947
20007.582109
20195.154511
20369.596241
20556.942293
20762.717293
20898.730508
21053.743045
21124.935217
21177.926316
21220.594350
21229.507143
21292.466165
21286.772932
21218.560526
21245.050282
21177.081955
21071.358271
21091.146241
21046.908271
20931.328571
20856.658647
20732.582109
20523.192857
20313.150188
20063.992105
19810.100000
19474.642105
19142.596053
18921.019774
18753.341729
18588.306968
18502.095113
18499.480451
18464.650282
18613.582895
18842.519361
18929.287218
19123.848588
19385.846805
19653.694737
19963.042105
20336.043421
20629.836090
20940.310902
21338.873446
21728.599624
22122.370621
22527.050376
22786.740414
23005.899623
23224.746992
23377.469549
23504.956391
23534.703390
23502.054887
23408.649436
23355.080263
23315.771053
23135.860640
22996.138722
22859.604520
22681.096241
22541.835028
22401.800188
22209.081203
22049.990960
21883.395301
21723.707331
21566.379699
21539.126177
21386.973496
21336.880451
21303.384211
21229.309211
21132.993974
21056.959398
20923.622599
20859.896992
20819.870245
20712.197744
20626.455827
20509.008475
20390.508271
20400.793785
20250.121429
20300.488701
20215.541353
20119.554237
19982.907895
19770.700000
19608.982486
19434.446805
19272.657250
19044.116541
18798.998682
18569.883835
18267.199248
17950.801504
17713.743609
17474.297175
17233.699624
16966.261582
16659.909962
16400.771375
16224.721053
15957.793421
15699.459887
15522.276316
15388.906780
15217.230451
15038.808475
14891.833835
14717.110150
14520.196241
14413.104135
14356.159699
14210.623872
14004.954135
13863.068421
13784.954237
13676.264474
13539.597368
13467.164407
13486.949060
13484.566667
13420.019549
13375.064218
13393.546241
13419.597368
13406.219925
13366.539286
13335.422034
13364.485714
13359.039850
13364.789266
13354.682707
13355.371053
13331.394737
13403.228814
13385.230075
13448.607143
13395.406955
13354.457143
13334.564286
13257.778571
13135.286252
12980.271429
12850.897740
12720.033459
12524.250000
12360.198682
12252.031955
12083.628947
11853.221053
11691.939736
11562.327068
11394.341353
11201.052632
11115.000752
10977.483051
10750.860902
10576.016008
10414.500376
10174.207345
9969.998609
9850.042162
9630.696780
9361.405714
9133.247368
8956.949079
8723.038004
8468.813609
8276.748271
8008.363947
7782.794286
7551.772090
7325.935902
7137.124350
6943.182594
6747.494915
6576.460414
6395.476466
6225.047815
6044.265395
5885.222655
