110.106000
111.898495
104.523476
119.022056
126.465661
105.377955
110.101051
121.440444
117.829090
128.399207
124.626410
123.547989
129.749598
133.304537
134.238060
135.777424
144.761316
143.503289
142.899368
150.677959
149.134109
150.445992
166.308565
165.174094
170.744689
171.827579
171.019203
175.501556
179.205120
183.560823
188.129872
188.724256
193.416711
201.240559
208.857961
209.035421
204.741394
211.861784
221.665727
217.578357
221.005991
222.055015
233.184429
234.809083
236.991579
239.838846
240.039586
250.265962
262.140763
258.687426
260.988594
269.424741
283.001525
296.423865
300.678612
302.131902
311.527298
320.869256
334.213609
347.656132
368.608940
394.822220
416.674746
434.491015
457.700053
490.457921
524.027058
548.685605
571.385733
604.630336
643.155215
682.101263
718.284757
772.572831
802.935793
859.982816
903.294314
948.008456
1014.472331
1077.433477
1131.191186
1191.234474
1249.665902
1318.069680
1386.721996
1465.333835
1547.731654
1608.310771
1666.491015
1722.039662
1791.703346
1845.225593
1912.686466
1949.451921
1974.773459
2021.484774
2072.110734
2100.951974
2113.582143
2136.520677
2150.797797
2166.041071
2175.298684
2179.167970
2200.112500
2192.741299
2212.066466
2191.280451
2193.853477
2193.906215
2191.092406
2189.361241
2201.899474
2217.847368
2208.360150
2202.724417
2199.831092
2204.321278
2200.962203
2213.909211
2212.981805
2234.058832
2258.551090
2252.635207
2245.975564
2264.335932
2264.493139
2249.010902
2221.995263
2192.501447
2172.254369
2147.423195
2131.235367
2102.044135
2082.878983
2061.486842
2060.089192
2049.176610
2037.977519
2042.360902
2039.952519
2038.663296
2031.342105
2007.199041
1992.772128
1998.151579
2009.160339
2014.795395
2013.020339
2028.010301
2018.963271
2028.693440
2020.947669
2009.288060
2015.833947
1986.465639
1979.275414
1966.148644
1925.696673
1910.124962
1894.533540
1870.421184
1864.365047
1859.898571
1837.923665
1819.941560
1805.973571
1790.482556
1779.180169
1768.610791
1749.503083
1746.851541
1742.865207
1732.537985
1713.427632
1698.799286
1683.999661
1682.593158
1695.240508
1693.482801
1682.692970
1698.413647
1709.769060
1686.157932
1673.728797
1677.383107
1667.222387
1661.587218
1638.433233
1640.119774
1636.856034
1613.684361
1597.141053
1590.465789
1599.658531
1590.200263
1572.312124
1594.262500
1570.042750
1566.858647
1551.915263
1542.995876
1506.688797
1488.289492
1460.688327
1428.038045
1403.347363
1360.329605
1325.859868
1292.298947
1252.926177
1228.301335
1217.196165
1197.355714
1181.227124
1187.207932
1180.098910
1165.116271
1163.710395
1175.991375
1199.672481
1210.765545
1216.052938
1225.492444
1264.183684
1298.767500
1335.270979
1393.115338
1469.066429
1543.754605
1623.655714
1739.245593
1828.509699
1958.498983
2090.874361
2239.868550
2368.204906
2533.331053
2675.686328
2858.872895
3014.502763
3148.740526
3293.540282
3449.538308
3620.716654
3769.408757
3881.961147
4030.503597
4188.418647
4375.288889
4550.299342
4738.711654
4967.480977
5176.222632
5412.230923
5668.410150
5908.771053
6121.935921
6371.692373
6629.236729
6861.435094
7117.283220
7390.750075
7619.650753
7849.476297
8073.866121
8346.181541
8618.548045
8860.195827
9059.978722
9233.304181
9462.892105
9677.364859
9834.589474
9966.435989
10102.154511
10240.949624
10329.769925
10372.599624
10435.722599
10493.339474
10498.884774
10504.239474
10562.493233
10537.214286
10529.096805
10483.769680
10452.642857
10383.709962
10369.761842
10266.100000
10148.210526
10030.798308
9916.217721
9801.395226
9695.273578
9650.687312
9597.133684
9563.047006
9596.505996
9589.633102
9648.924699
9766.671544
9912.022970
9977.713008
10074.284211
10224.807895
10400.090414
10551.010150
10701.293785
10840.581579
10984.755179
11161.380451
11305.435902
11443.270810
11487.775564
11586.050752
11679.855263
11707.566102
11731.215038
11694.314850
11677.271053
11667.442105
11617.621092
11516.205075
11434.381921
11350.051128
11265.015819
11188.745301
11078.548496
11009.493597
10933.676128
10846.247368
10739.687970
10630.817137
10632.436654
10561.692857
10502.044737
10452.123684
10418.592655
10363.518045
10312.687194
10296.938534
10281.890772
10238.875564
10188.646992
10155.423729
10132.960902
10081.548964
10018.314286
9950.237834
9902.750263
9837.568493
9748.924605
9681.154737
9602.858983
9505.610827
9422.403729
9305.818496
9194.944444
9114.596861
9035.727594
8924.914962
8738.498365
8669.377288
8515.005714
8372.692034
8233.426823
8130.955122
7999.442632
7876.506579
7756.165066
7624.684436
7519.431356
7443.448515
7367.797119
7275.740677
7179.922180
7090.152049
6999.829925
6933.018267
6874.642575
6778.268647
6722.498120
6673.864746
6617.323816
6606.362895
6543.435895
6522.878177
6467.310527
6420.773233
6438.451695
6437.851316
6400.417820
6408.970338
6448.347895
6437.194237
6421.167895
6454.133008
6427.104294
6373.753120
6365.137895
6388.617763
6410.437797
6400.919699
6419.531504
6417.409774
6404.153759
6393.082857
6371.556842
6333.774407
6297.554286
6254.932994
6149.737481
6103.350714
6031.178776
5916.590301
5859.550132
5747.058421
5666.632166
5564.280320
5517.433985
5463.078947
5375.320940
5309.010320
5259.517594
5188.246930
5098.275545
5022.114783
4970.326015
4876.261955
4772.424237
4713.783609
4599.821053
4453.478158
4398.348079
4284.819173
4168.335827
4060.393064
3958.297368
3854.202712
3738.698459
3613.715989
3526.757331
3453.566026
3316.027838
3220.211654
3130.821337
3043.235620
2963.136158
