52.930147
57.296420
57.022457
50.943920
52.298788
50.064162
44.389578
51.401219
54.034383
52.342913
51.158734
53.386036
54.436152
53.989154
51.613405
48.803515
53.018782
53.400289
56.937389
51.826624
52.662691
58.482762
57.271098
51.616022
63.694282
58.554043
61.886175
53.356897
53.961721
60.162754
58.195258
62.631008
64.241182
61.613454
56.546560
56.678881
65.260566
61.586310
67.982219
65.950450
71.222118
74.542092
72.137571
71.083716
68.023807
64.909822
64.600000
64.014006
68.345021
77.508310
77.074480
85.601266
86.671006
84.710629
87.932092
91.681691
92.036383
105.780795
112.569680
112.072437
124.905590
134.381949
140.074720
150.913940
163.776737
184.509968
202.462340
220.596605
248.001810
271.876504
304.571588
331.712353
351.251689
406.557953
457.019842
487.416639
534.660329
592.808456
639.153526
694.971976
763.995011
820.037316
875.124823
930.055122
1012.110524
1068.882256
1127.922387
1208.561842
1270.974323
1325.169774
1401.948816
1458.805763
1514.939549
1548.748776
1581.633872
1634.623346
1680.654708
1700.759737
1704.615000
1713.917143
1759.262203
1772.071071
1776.692932
1788.051316
1800.302857
1790.771525
1796.063835
1822.436316
1805.942594
1799.493785
1815.578083
1815.634793
1833.836711
1857.506842
1827.120977
1816.685602
1810.568399
1794.356767
1819.272542
1825.256147
1812.164060
1823.055405
1810.665865
1797.708910
1780.914925
1759.495669
1736.650508
1724.939474
1710.385789
1679.016053
1642.906271
1614.242782
1593.968211
1568.449887
1551.458795
1511.474962
1500.083177
1483.719379
1470.694135
1449.737838
1434.342632
1422.667778
1433.472932
1423.727500
1407.413070
1398.775789
1399.249831
1409.520940
1391.711525
1393.750827
1399.313853
1399.802876
1390.032218
1384.282712
1374.870658
1358.103609
1333.004361
1314.658192
1297.589530
1280.781617
1255.643823
1224.991316
1200.146384
1170.865714
1137.163346
1130.772462
1113.911429
1093.133158
1066.914530
1052.817062
1035.881805
1020.779098
1014.953177
993.780650
994.557143
994.671438
969.514847
968.046947
974.603637
963.370910
968.898117
965.176707
948.561367
943.548641
954.299459
924.376859
906.238592
897.125451
872.097455
837.367055
827.377043
791.975564
764.890316
752.903500
734.769277
712.223094
692.194318
671.913502
656.872484
649.438346
627.552032
606.502175
576.427083
561.866847
511.003026
483.964534
456.055109
415.001045
390.615329
368.564368
336.403991
317.173835
298.853571
270.865489
271.130759
255.451013
263.127718
253.524424
253.772297
240.902872
245.106015
245.991957
252.643186
252.143917
263.475711
281.545250
307.287322
330.846135
364.363214
429.566188
508.938914
598.471119
712.527957
835.760085
979.849030
1164.714030
1336.960921
1526.265376
1741.994595
1953.492707
2180.309079
2390.385789
2588.817684
2787.104925
2983.863083
3178.441676
3357.615038
3523.343559
3723.387444
3925.734444
4156.528233
4361.041692
4567.000564
4811.413853
5020.461412
5252.480677
5542.478120
5784.238553
6041.513409
6299.988910
6508.201786
6736.584237
6986.969173
7202.689209
7491.401692
7716.723955
7917.890113
8148.235620
8400.405977
8578.558496
8773.240339
8973.679549
9166.274520
9320.685263
9484.638889
9597.344436
9665.640376
9749.121654
9808.059962
9822.900169
9866.233722
9880.454060
9892.477462
9971.242406
9956.748571
9955.637613
9912.462467
9870.821429
9842.817425
9753.833553
9655.480000
9573.258496
9515.432594
9429.339360
9289.684737
9190.585235
9153.135508
9081.640602
9096.196554
9089.125056
9146.474211
9204.348158
9259.576911
9388.543684
9500.352556
9615.376316
9753.371974
9845.949117
10006.912180
10219.646893
10387.933647
10538.804143
10690.787970
10810.625188
10954.060640
11002.683083
11053.776692
11127.719173
11213.113559
11180.445113
11162.350564
11158.611842
11120.500000
11119.639925
11063.690789
10946.373635
10838.675188
10777.814124
10729.293421
10642.800376
10563.270433
10482.138910
10423.035526
10308.230075
10266.540301
10163.006391
10095.718421
10058.965789
10027.888158
9983.014426
9941.658120
9922.123597
9915.081485
9879.936648
9801.542519
9731.754699
9706.301695
9676.008722
9635.615989
9571.442857
9584.768569
9518.655789
9446.952542
9379.306184
9310.673158
9266.318814
9186.284154
9084.558908
9005.178985
8945.257684
8831.702368
8679.907895
8577.024060
8444.573252
8285.571073
8177.102256
8027.565480
7936.075320
7819.561940
7739.788421
7618.119868
7493.155311
7418.025940
7302.372542
7185.086711
7136.943729
7043.090602
6901.058966
6857.309492
6834.226429
6724.722674
6655.785282
6591.153158
6515.537218
6447.881864
6409.016447
6383.947632
6319.382467
6281.230188
6229.190019
6224.563759
6228.008701
6232.197688
6253.091917
6242.131278
6216.513665
6232.048399
6219.012105
6223.891278
6214.722750
6180.217406
6196.415263
6205.625263
6235.189661
6239.358571
6199.765827
6194.332274
6222.869699
6256.973571
6238.407256
6184.219586
6145.021429
6074.237175
6009.318158
5949.852143
5865.051017
5797.263383
5703.966053
5652.414737
5542.671827
5453.521729
5373.688797
5318.042594
5271.926786
5193.610151
5124.243383
5058.090716
4967.708609
4908.908531
4855.147368
4744.058308
4670.329153
4619.356767
4492.366842
4380.788684
4277.123427
4186.374774
4068.167049
3962.297444
3864.407744
3753.482768
3645.562951
3555.120282
3453.541617
3340.060433
3247.901353
3142.786316
3058.864878
2992.542218
2888.110339
