67.759958
67.188526
58.804784
62.223376
62.230542
62.200000
59.156624
56.089814
62.494652
64.271456
65.850512
67.308415
62.195507
63.922823
71.121044
67.322831
66.175487
66.890197
83.968122
76.084554
84.884604
88.376326
85.117469
96.673143
92.752823
82.543190
87.755019
91.882633
91.097364
88.919564
87.732892
93.546633
98.196066
96.409061
104.818827
106.024188
107.930913
112.489515
108.624009
101.084714
113.646889
112.173611
118.988000
123.641774
119.661045
122.874872
128.984312
128.119443
133.265526
138.985004
136.810586
149.616143
148.628299
158.698801
159.303727
167.635355
185.326902
200.660797
217.365229
225.164147
245.979583
271.937593
292.165868
315.867158
351.604211
388.916173
421.012359
478.319981
518.223473
578.718938
632.546904
695.938286
764.190418
844.432656
910.637218
994.866989
1095.276203
1190.279925
1285.583684
1386.512011
1490.133672
1602.383947
1718.495865
1842.151165
1978.260075
2071.784586
2199.798477
2299.184041
2411.254060
2500.289286
2602.554718
2694.279153
2772.442030
2822.497552
2872.027726
2935.417857
2993.721676
3038.035000
3079.624286
3115.523835
3116.376102
3135.093929
3146.156617
3158.901692
3141.807500
3158.752655
3159.604361
3187.358722
3185.676635
3168.145763
3176.270677
3194.078722
3189.991711
3184.449474
3182.697744
3159.147481
3172.588362
3159.015376
3119.959322
3130.133252
3156.100602
3165.141676
3159.710395
3140.582763
3135.696617
3116.136648
3075.305602
3031.965188
2982.528947
2920.177763
2864.967401
2811.036617
2747.399134
2732.984530
2665.015857
2675.466767
2640.370038
2633.643729
2596.161541
2593.146316
2566.433609
2550.350791
2555.421880
2535.375808
2498.225951
2494.131053
2509.216780
2509.365564
2519.382373
2517.310075
2506.144023
2485.996842
2463.310827
2452.301902
2431.035244
2377.804211
2366.180902
2317.831017
2275.738120
2229.083647
2187.810226
2150.198947
2112.186949
2080.715714
2041.981992
2008.492763
1983.106429
1944.175865
1916.331447
1887.210998
1874.361128
1846.421974
1840.138985
1834.715857
1808.874060
1792.982462
1792.525763
1794.400000
1793.706761
1793.985940
1791.767519
1779.852293
1771.359173
1766.178947
1753.258647
1705.577571
1648.105620
1653.475188
1610.039023
1561.798647
1555.215620
1511.333083
1463.103158
1419.972763
1378.367232
1359.124361
1348.828553
1323.336635
1308.739680
1284.970226
1247.690771
1185.891356
1135.900000
1072.406780
1007.342331
943.780662
873.516460
815.523930
775.692553
728.796026
667.967531
625.274133
604.730383
585.886414
576.479618
553.170353
536.459195
533.566902
532.796267
534.278966
528.158353
519.148179
534.382056
557.327669
584.706316
625.950250
689.182712
765.905466
850.719179
970.312034
1136.157820
1312.953390
1536.090376
1796.769322
2050.287519
2365.290716
2684.095921
3008.450602
3315.171394
3658.306654
3962.534211
4262.951053
4571.950847
4828.162237
5078.667970
5363.561582
5611.150996
5831.381789
6089.577744
6371.546667
6656.497951
6923.428421
7276.684925
7654.672857
8034.870169
8369.888947
8688.583177
9020.376579
9362.460753
9688.299850
10021.502632
10384.038983
10753.534586
11103.524859
11423.036842
11742.962712
12073.533459
12367.306955
12616.912218
12878.166165
13129.015254
13423.115977
13646.542938
13829.094737
14021.590772
14153.414286
14261.303008
14344.505263
14386.956579
14398.715254
14347.414662
14373.590414
14435.046617
14447.148120
14399.300000
14377.300940
14355.291337
14313.471429
14213.389286
13986.321053
13802.500000
13659.235338
13495.335338
13306.471563
13162.699624
13082.064218
13011.865977
12999.881203
12999.818079
13089.635714
13128.701504
13252.985714
13431.000753
13596.665602
13802.475188
14019.700000
14221.310526
14470.698872
14668.586466
14893.324859
15181.654323
15415.680038
15622.541353
15853.656203
15965.347834
16134.884962
16262.895489
16257.095865
16286.206780
16253.777444
16225.460338
16163.444737
16111.218421
16068.123917
15993.331015
15855.649153
15701.152632
15583.461582
15469.922368
15311.694737
15167.881733
15102.225376
14975.724060
14867.678947
14799.191902
14759.107331
14701.001128
14609.047368
14530.960526
14485.033145
14435.278947
14411.975706
14367.509962
14295.484746
14239.887970
14188.089850
14147.820339
14123.195489
14021.556874
13933.946429
13899.727495
13815.049248
13695.944633
13688.051316
13600.557895
13429.433333
13298.638910
13199.273823
13018.463910
12857.707345
12714.512030
12488.091729
12298.372180
12168.415977
11961.100565
11819.629323
11570.492655
11431.264286
11293.079661
11128.131579
11026.172368
10896.428437
10719.405639
10604.869492
10457.501692
10351.244068
10265.532331
10138.993045
10033.599586
9894.064135
9761.442957
9669.518665
9536.918647
9434.930902
9361.208023
9327.587632
9308.542105
9284.760678
9250.643158
9224.426573
9236.646090
9234.762279
9221.171880
9241.597932
9241.861429
9204.002406
9238.812787
9250.671504
9218.624624
9213.046874
9243.695075
9162.638421
9190.184605
9206.666271
9222.980752
9249.900038
9237.449944
9206.164060
9154.832143
9093.869248
9015.979981
8922.228571
8862.862486
8766.552519
8653.683571
8558.851262
8379.555789
8252.314079
8215.789474
8067.802316
8002.705977
7870.724173
7755.930752
7634.188083
7536.856215
7435.399624
7314.457401
7195.717162
7065.028023
6960.525000
6834.758308
6712.801356
6561.766842
6446.792105
6259.361184
6108.971770
5951.299173
5769.913252
5620.578459
5467.027744
5294.577175
5133.864944
5003.432034
4873.811504
4727.340207
4601.392914
4500.336241
4383.446139
4255.567143
4104.094294
