-2.19955
-1.20053
-.201507
1.49577
3.19411
5.19111
7.18915
2.33137
-2.56384
-.517554
1.58039
-1.27008
-4.16724
-1.03928
2.15759
1.21423
.215211
.298381
.398283
2.56007
4.75792
3.23217
1.63373
.0353014
-1.56313
2.8895
7.485
5.26235
2.8647
2.02235
1.22313
-1.32227
-3.91973
-3.90318
-3.80328
-2.64057
-1.44175
-.146498
1.15223
1.68114
2.18065
1.14365
.0447286
-2.01255
-4.1105
2.59045
9.6835
7.51845
4.92099
.323318
-4.37208
.532849
5.92756
6.29486
6.39476
3.18152
-.215153
1.20591
2.90425
.643259
-1.85429
-2.37629
-2.7759
-3.17551
-3.57512
-.133754
3.56262
1.27586
-1.42149
1.66518
5.16175
4.74833
4.04902
1.49172
-1.20563
-5.01543
-8.91162
-1.15183
7.53965
.630426
-7.56155
-4.33112
-.135235
-1.45456
-3.2528
-2.11586
-.717227
-.416943
-.217138
1.16999
2.66853
2.34431
1.8448
1.16341
.464095
-.688948
-1.88777
-2.63385
-3.33316
-3.85177
-4.35128
-3.13778
-1.73915
-5.10854
-9.00472
-7.69443
-5.79629
-2.28587
1.4105
-1.59626
-5.39254
-1.43021
3.46499
.529637
-3.36654
-2.55697
-1.15834
-.822816
-.623012
-2.19113
-3.98937
-3.8472
-3.44759
-1.99192
-.39349
.239045
.738555
1.32568
1.92509
3.83577
5.93371
2.9728
-.72358
-1.46108
-1.76078
1.23905
4.73563
3.38068
1.28273
-1.16096
-3.65852
1.69202
8.28556
4.29532
-1.3991
-.225422
2.07233
-.854907
-4.65119
-1.26885
3.32664
3.65894
3.25933
-.968337
-5.86354
-8.46719
-10.665
-8.71373
-6.01638
-1.54492
3.25038
2.3143
.316258
.252267
.551974
-2.0007
-5.09766
-5.18151
-4.682
-.59191
4.20339
5
5
2.42358
-.673386
.209547
1.90788
-1.19147
-5.28746
-2.94665
.749728
2.63491
4.13344
3.00376
1.30543
1.40968
1.90919
-1.02437
-4.72075
-6.29698
-7.39591
-2.63775
3.45628
6.38536
8.5832
4.95216
-.0429442
-3.01902
-5.51658
-2.13287
2.66243
.385222
-3.61086
-2.79653
-.798484
.71969
2.11832
-1.26998
-5.86547
-7.43669
-8.23591
-3.95413
1.64039
.344962
-2.752
-1.34603
1.25143
2.58803
3.58705
-2.33138
-10.1237
-4.89977
3.89161
3.8446
1.34705
3.06258
5.95974
5.89958
5.00046
2.54877
-.348389
-1.2323
-1.532
1.79843
6.19412
4.5806
1.18393
3.16643
6.76291
5.76041
3.36276
1.65319
.15466
-.047484
.15232
1.18881
2.48754
1.4344
-.363836
-.497317
-.0977085
3.39637
7.89197
7.94609
6.54746
5.22391
3.92519
.904044
-2.69243
-6.13952
-9.5362
-6.5262
-1.33129
-.817304
-1.91623
-1.97769
-1.67798
.0999017
2.39765
3.36856
3.86807
.250621
-4.84439
-4.00036
-1.00329
-1.07751
-2.27633
-.193314
3.10346
.436028
-4.45917
-2.24562
2.64958
1.25098
-2.5453
.0794856
5.17449
-1.24266
-12.132
-7.16341
4.02562
6.05505
4.45661
3.00091
1.60228
-1.64671
-5.6428
-10.1357
-14.8311
-6.36209
7.5243
5.95355
-2.03861
-4.18884
-3.88914
-2.04527
.452278
2.87984
5.27749
4.53425
2.43631
1.59119
1.29149
1.96346
3.06239
3.05395
2.55444
2.4
2.4
3.91401
6.11185
1.79054
-5.50232
-2.12056
6.17132
6.00252
1.90653
3.79767
8.49306
5.3869
-1.40644
-4.14115
-4.94037
-2.36718
1.82871
3.40176
3.70146
2.86121
1.46258
.665696
.166185
1.66662
4.16418
6.19645
7.99468
3.82831
-3.36464
-2.62827
2.16703
3.86588
3.96578
7.41568
12.6106
10.9945
5.79959
3.47764
2.67843
.642332
-2.05502
2.64656
11.338
10.9058
5.51109
4.37414
5.57296
6.38589
6.98531
4.37872
-.0169688
1.27658
5.77218
4.97832
1.18204
-.835326
-1.83435
1.91689
8.41053
11.4314
12.4304
13.8071
15.4055
8.97206
-2.21697
-5.27403
-3.47579
-2.61293
-2.31322
-1.20541
.393028
1.61966
2.61868
3.6177
4.61673
2.66016
-1.13612
-1.49518
.30306
2.40721
4.70496
1.51384
-5.1796
-3.72696
2.96648
9.53873
16.0324
14.3116
7.21854
4.4
4.4
6.32027
9.51714
5.1776
-4.2132
-5.13838
-.343082
3.44206
6.53902
7.5631
7.16349
4.34366
-.151931
-1.17632
.222304
.975914
1.27562
1.04934
.449933
3.98603
10.4797
9.07839
1.98534
-1.11571
-1.31551
1.7136
7.10831
4.34321
-4.44817
-2.58777
7.20264
9.68784
6.69078
5.85501
6.65422
4.73278
.736701
-2.63805
-5.53521
-3.87298
1.32193
1.86112
-1.23585
.753834
6.74796
6.11361
.219389
-1.4009
.39734
2.47213
4.76988
7.12274
9.52039
10.2705
9.67108
4.58441
-4.20697
-1.43868
10.9492
16.4913
16.2915
11.8692
3.87701
3.38243
9.27665
11.8388
11.5391
11.7748
12.4741
14.2405
16.9379
14.6385
7.94508
6.28289
9.08015
6.91752
.323984
-1.85376
-.0555199
2.99967
7.19556
8.52169
7.22296
6.44405
6.14435
3.7732
-.522585
1.83675
10.4283
13.8291
12.3305
9.80805
6.31147
6.07908
8.97624
9.73951
8.44078
8.00244
8.40205
9.75955
12.0573
12.1454
10.0474
9.45021
10.3493
7.36186
.468613
-1.11397
2.68231
5.73704
8.03479
9.24924
9.34914
9.89045
10.8895
9.49488
5.5987
5.93537
10.7307
13.9753
15.5737
12.4425
4.25055
3.31656
10.2098
14.7095
16.6077
13.9767
6.38417
4.53654
9.03214
9.27226
4.77667
4.89562
10.1904
11.6401
8.74298
8.97444
12.7707
10.9405
2.64863
1.5339
8.72685
12.2311
11.4319
8.70437
3.70926
.679982
-.0193325
.601462
2.79931
4.22663
4.72614
5.40616
6.30528
6.57533
6.07582
3.29468
-2.29984
-3.44015
.955547
4.06519
5.56373
6.2234
5.82379
7.09446
10.4911
11.8749
10.6761
10.5227
11.7216
12.1832
11.6836
10.6661
8.96774
7.14048
5.14244
2.58825
-.708514
1.40293
10.7937
12.7241
4.53216
1.78306
6.47846
7.7721
4.37543
3.40323
5.80088
7.57445
8.47357
7.38502
3.48884
1.32364
1.62335
.733528
-1.86393
-.0525662
8.13941
13.325
14.1242
12.0528
5.75902
3.08634
5.7837
7.35996
7.26006
7.79765
9.29618
9.60528
8.10675
6.01644
3.01938
1.43554
2.03495
4.74362
10.7377
12.6511
8.1555
6.56006
9.55713
10.3997
7.80224
6.08517
5.78546
5.86657
6.56588
6.69691
5.8977
5.85228
7.0511
8.06246
8.76177
10.953
15.6484
15.0381
5.44755
2.61089
11.3024
13.6061
4.91465
1.51788
7.31221
9.22034
4.32514
3.90928
11.4019
15.8766
14.9775
12.8992
8.70336
5.64464
4.64561
5.80237
10.8974
13.2159
10.4187
8.18061
6.98179
7.20784
10.105
10.7905
7.29391
6.82117
12.116
14.2334
10.2373
8.75498
12.1516
14.2311
13.7316
14.4745
17.6714
15.8274
3.93909
-.847231
8.64347
15.4949
16.9934
17.4097
15.6114
15.052
17.05
15.1272
5.03709
1.51744
11.8073
17.8076
14.7106
11.2637
7.06781
5.33835
8.93482
10.2687
6.67222
4.98073
7.47828
8.4552
6.05754
6.15775
11.8522
14.6356
10.8393
7.68241
5.98408
6.61502
12.6091
16.259
14.4608
11.6473
6.45243
3.57124
6.16869
8.41254
9.81117
9.51205
5.11636
2.52336
4.3216
6.23536
8.4332
9.08211
5.88524
3.40058
2.70127
3.95414
10.1481
13.2794
8.58405
6.73456
12.2292
14.7316
9.43681
6.34276
9.04011
11.4097
12.9082
13.6746
12.4757
11.1423
9.44399
8.46726
9.46628
9.37755
6.28058
5.07973
9.17571
11.3374
8.04064
5.88537
6.9843
8.95864
13.4542
16.8
16.8
15.6843
11.2886
9.40897
15.0035
17.6272
11.3334
6.22847
4.72994
4.31261
7.20977
9.61939
10.5185
10.7889
9.09058
9.33507
15.7288
20.3859
19.4868
17.054
9.66129
4.70194
7.69901
10.6497
13.4469
15.2549
13.7564
12.5544
12.3546
11.7929
9.99469
8.35339
7.25446
5.66662
2.36985
1.76047
10.6517
16.5302
11.635
7.73509
7.43538
7.60737
9.50551
11.2549
12.4538
13.4842
13.8838
12.9071
6.71318
2.87418
8.06909
12.466
13.7647
14.6379
13.8386
12.1363
6.84148
3.39497
7.39105
10.2458
8.44755
7.7793
11.7754
15.5014
18.0989
18.9018
12.1085
7.7904
14.0842
17.9845
11.4909
7.03267
11.5283
14.9803
13.7815
11.5865
4.89304
.797478
8.58984
15.0177
15.1176
15.3051
15.9046
15.7415
11.9452
9.14266
11.1407
12.1056
8.00957
5.6045
11.5986
15.8389
11.2434
7.54715
8.44627
8.97384
7.57521
7.53306
14.6261
19.7961
14.7011
10.4778
10.9773
10.7083
6.2127
2.84009
5.73725
8.18502
8.08512
8.14784
9.14686
10.3209
12.5188
13.4789
7.08515
2.06849
5.36526
7.97599
6.37755
4.82053
3.52181
3.31182
10.0053
14.8342
7.64127
2.0741
7.16911
11.613
11.7129
12.0565
14.0546
15.3579
11.8614
8.78756
8.68766
8.73463
9.83355
10.0533
3.8594
-1.18534
2.31123
5.34174
4.84223
4.51456
5.51358
6.21984
4.62141
3.24426
3.64386
3.98913
3.88923
3.88538
4.6846
5.74573
9.0425
11.4448
6.05011
1.65384
6.14943
9.94287
7.34542
5.4653
10.2606
14.2106
10.1146
5.33955
-6.04929
-15.4894
-5.49915
3.74257
5.341
6.59084
4.19319
1.50589
-4.28843
-8.83426
.356736
8.29609
2.10216
-3.30653
.389852
3.93925
5.73748
7.4754
8.47442
9.42938
9.82898
10.1571
9.55769
8.96523
8.46572
7.60809
1.81377
-3.24569
2.14902
6.96448
3.2681
-.107454
1.39108
2.7761
2.37649
2.1329
4.43065
6.41578
3.11901
.188532
3.6851
6.88061
4.58286
2.53487
5.23222
7.65122
4.55426
1.4757
-1.22165
-3.50027
3.29307
9.52201
2.92847
-3.17911
2.3155
7.37078
1.37665
-4.23689
.258703
4.57257
3.77335
2.9806
2.38119
1.9549
7.04991
11.946
10.0479
8.19735
8.09745
7.88485
3.18945
-1.30532
2.89056
6.87032
.576488
-5.44354
2.94824
11.155
8.45764
5.80883
6.40824
6.94771
2.85173
-1.17409
1.22356
3.59912
3.49921
3.43646
8.73127
13.9783
9.58265
5.19822
4.59881
4.00573
9.70015
15.3946
