.40027
.999683
1.59909
-3.98608
-9.5806
-3.42755
2.76638
-3.16159
-9.15572
-2.75433
3.7393
-.455638
-4.75143
-4.99754
-5.19735
-3.03131
-.833465
4.02067
8.91587
2.91252
-3.28141
-2.12614
-.82741
.373524
1.57235
-3.18229
-8.0775
1.3454
11.1358
7.60895
3.71277
5.4432
7.34134
-.151552
-7.94392
-4.81833
-1.32176
.535617
2.33385
3.55473
4.75355
-1.05793
-7.15196
-3.08738
1.40821
.0697582
-1.52867
-5.32233
-9.21851
.410599
10.7005
4.54631
-2.44684
-4.60228
-6.50042
-4.13881
-1.54135
.678239
2.87608
3.75416
4.55337
3.37704
2.07831
-2.31839
-6.91389
-2.98429
1.5113
1.89349
1.99339
-1.45176
-5.14814
-3.445
-1.34706
1.02958
3.42723
-.108137
-4.10422
-2.64235
-.744215
4.29253
9.58734
5.11785
-.176965
-.783841
-.983645
-1.3669
-1.76651
.213633
2.41148
1.86934
1.07012
.817725
.617921
-2.12824
-5.12531
-5.67224
-5.97194
-3.2835
-.28644
-2.25885
-4.7564
-.762559
3.93284
.441648
-3.95404
-5.4772
-6.67603
-2.67973
1.91576
-1.08563
-4.98181
1.46682
9.15928
4.48301
-1.71092
-2.22242
-2.02262
-1.29126
-.492046
-1.19557
-2.09469
-1.31799
-.318974
.768052
1.86697
5.07331
8.56989
6.19638
2.99951
3.03709
3.5366
2.72778
1.72876
-2.05509
-6.25097
-3.84778
-.451105
.259903
.559609
3.53891
6.93558
4.55399
1.25722
2.2628
3.96113
-3.26905
-11.9605
-9.3455
-4.84991
-1.20891
2.28766
1.77683
.578008
2.61177
5.20922
3.56306
1.16541
3.3403
6.33736
7.13792
7.53753
2.96432
-2.53029
-2.39093
-1.1921
1.5168
4.51387
4.16302
3.164
1.58047
-.117868
.183143
.882457
-2.65685
-7.05255
-7.71708
-7.61718
-3.46406
1.53104
.501971
-1.79578
-2.2
-2.2
-3.18558
-4.3844
-4.6
-4.6
-3.29216
-1.69373
.0677938
1.86603
1.54921
.749996
-1.75342
-4.65058
-2.52843
.768343
3.41902
5.91658
2.53287
-2.26243
2.98845
10.6809
6.02663
-1.66583
-4.55962
-6.25796
-3.88741
-.490737
2.42842
5.22568
9.53135
14.2267
13.1409
10.5435
1.7051
-8.78462
-5.72018
.973257
1.06367
-.634662
.646645
2.74459
3.51286
3.91247
4.7802
5.77922
2.34226
-2.35314
.481428
5.47653
-2.69193
-14.6802
-10.9893
-2.69745
-5.73064
-12.1244
-5.07015
6.01898
3.69442
-2.69931
-2.59447
-.496524
-1.29639
-2.99472
-3.09575
-2.69614
-1.84133
-.842314
4.01592
10.1099
7.44887
1.95426
-.529188
-2.02772
1.50434
6.69925
2.90764
-3.8857
-2.8364
.859978
1.35302
.75361
3.79491
8.0907
3.49395
-4.19851
.377881
9.26917
7.76692
2.57201
.244276
-1.05445
-1.76661
-2.26612
-.644984
1.75267
2.18121
1.8815
3.90929
6.80645
4.1907
-.504701
.804332
4.40081
6.19361
7.29254
2.99513
-3.3986
-1.18171
4.41281
6
6
3.93045
1.03329
2.05036
4.64782
5.18708
4.88738
3.87991
2.58118
-1.47019
-6.6651
-3.06191
4.23094
3.59244
-.403645
-4.53971
-8.7356
-6.92891
-2.53322
-3.98407
-7.98015
-3.78634
4.00602
-1.62837
-13.217
-7.75912
5.32805
7.12899
3.83222
.947184
-1.75017
-1.43674
.261595
-.155237
-1.55387
2.15016
8.24419
9.58944
8.69032
.688595
-10.7002
-7.1156
3.67382
5.45144
2.85398
4.21287
7.50964
5.99243
2.09625
4.66657
10.4609
7.74715
.754006
-.870992
.227931
.467844
.26804
.595291
1.1947
2.71372
4.71176
7.10275
9.7002
5.89879
-1.29416
-.870555
3.62504
3.18801
.0910412
1.13534
4.43211
6.50316
7.90179
5.956
2.15972
3.87775
8.67306
6.24493
-.248705
1.47861
7.87235
7.59516
3.49918
2.63337
3.63239
4.75769
5.95652
5.51877
4.12014
1.21552
-2.58076
-4.43787
-5.13719
-6.27301
-7.67164
-3.04054
5.25133
4.49612
-1.79771
.618104
8.41047
6.78189
-.710768
-3.6
-3.6
-2.1316
.266048
-.446661
-3.14402
-2.741
-.343349
2.41788
5.41494
4.8484
1.95123
.559182
.159574
.42006
1.11937
.502808
-.995724
1.97702
7.97115
5.17093
-3.62045
-3.40957
2.98416
6.07224
6.87145
6.55283
5.4539
2.65447
-1.34161
-.136325
4.75888
3.53819
-2.05633
-.975003
4.91922
6.76359
5.66467
5.43064
5.83024
2.03502
-4.85822
-4.65028
.844338
.974195
-2.92199
-.846176
5.74736
7.86315
6.56443
8.31587
12.4118
11.3856
6.39045
3.07814
1.0801
-.0794864
-.578997
-1.35701
-2.35603
1.1409
8.23395
7.25176
-.240902
-.899408
3.99579
5.04671
2.94877
2.98501
4.78324
7.89012
12.086
13.022
11.2238
7.96391
3.46832
2.53273
4.63067
3.45025
-.545832
-1.86452
-.8655
.880451
3.2781
3.44318
1.64495
2.22993
4.92729
3.24517
-2.34935
-1.2676
5.82545
9.35712
9.65682
11.5218
14.8186
12.6573
5.46437
2.31071
2.91013
3.2
3.2
6.48924
12.883
14.3104
11.0137
7.20688
2.91109
3.39116
8.48616
11.4555
12.3546
11.1867
7.98984
9.41318
15.4073
15.2985
9.10459
5.60137
4.80216
6.78235
11.5776
9.89676
1.60489
-.876572
2.62
5.3809
7.37894
7.32532
5.12747
4.19461
4.59422
6.54448
10.1409
9.63517
4.73996
1.19061
-.907333
-1.85639
-1.55668
3.22443
12.9149
15.7685
11.0731
8.50543
8.30563
6.88156
4.0843
4.56944
8.76533
11.607
12.9058
12.6235
10.5255
7.73305
4.13657
3.3066
5.70425
6.44905
5.25022
4.46285
4.16314
4.45521
5.45423
8.99147
15.585
19.4256
19.9251
18.7621
15.5652
11.6078
6.71264
5.42535
8.62221
9.91219
8.81327
9.34791
11.9454
11.2022
6.20715
5.3254
9.72109
14.8138
20.8079
19.126
7.43746
3.77885
10.6721
13.7834
11.8853
11.6556
13.6536
13.3095
9.81297
6.3164
2.81982
4.25981
12.4518
16.57
15.0715
14.618
15.617
14.6606
10.9642
10.0009
12.898
13.7757
11.7777
9.12335
5.52687
3.44082
3.54072
4.61566
7.11322
8.64043
8.74033
9.48399
11.1823
12.7605
14.1592
12.4899
6.19603
4.54097
9.93569
14.0679
16.2658
16.6186
14.121
10.4126
4.8181
1.51659
1.8163
3.31474
6.71141
8.2229
6.72437
7.71386
12.709
11.9157
1.72567
-2.97091
1.32487
3.84924
3.44963
3.49995
4.29917
6.59032
11.3856
12.248
6.45373
2.76309
2.66319
4.91279
11.2066
13.3742
8.37913
6.94333
11.7386
12.8132
7.31858
3.97964
4.47915
6.12209
9.81847
13.1595
15.8568
15.7269
10.4321
7.66775
9.56589
10.3806
9.18178
10.7632
17.5566
20.3067
15.4115
11.0661
7.76929
6.31748
8.41543
9.35839
8.05966
7.26755
7.46735
6.6598
3.86254
3.26855
7.06483
9.6
9.6
11.1506
15.846
16.8355
10.2419
7.56038
12.9551
14.4289
7.73549
4.74599
9.54129
12.4799
11.4808
9.62278
5.92641
4.9178
9.7131
12.4972
10.8988
9.76877
9.66887
9.91033
10.9093
9.10214
1.01007
-2.82277
2.97155
6.05617
2.9592
3.22003
11.2122
13.7344
3.54441
-.82313
8.46777
15.5636
17.4617
16.2953
7.8036
3.76119
10.4546
14.2986
11.2017
7.78704
3.59115
.513947
.214241
1.82325
8.21699
12.4039
11.0053
8.67945
3.98405
1.99505
6.99016
11.4034
14.3006
14.8319
9.13754
6.11986
10.2158
11.356
4.56264
1.21533
7.20945
11.0387
8.9408
8.11632
10.8137
12.6156
11.9163
10.7988
8.50105
7.1632
8.56183
11.1448
17.139
20.5013
16.2055
11.1997
4.10668
.208968
5.80349
9.15121
5.75454
3.62107
5.3194
7.43547
10.8321
12.6931
9.7959
8.61561
12.8115
15.1605
11.6639
9.76127
12.9581
14.409
10.2132
7.53816
9.83591
10.9967
8.39928
7.02118
9.71853
12.0053
12.9044
13.4643
12.8649
11.4584
7.2625
4.91116
9.00715
12.7727
15.3702
15.3915
6.20047
-.15619
3.73999
6.62848
5.82926
5.51867
7.0172
9.48398
15.578
19.128
13.0339
8.17934
8.07944
8.22508
9.324
10.7472
13.4445
15.3391
14.0404
12.523
10.1254
8.9281
12.6245
14.0609
6.16861
-.00713201
.991889
2.22
4.41785
6.44564
7.74436
8.48211
6.78377
5.82558
8.12333
10.0366
10.2364
10.7441
12.6423
13.555
9.95853
7.28353
8.88196
9.55158
5.8552
3.85707
9.9511
15.1885
16.2874
16.1499
9.95594
4.16381
.367534
-2.20435
1.39213
4.71065
6.60879
9.36311
16.5561
19.9828
3.59884
-8.51338
2.17615
11.1533
10.8536
10.0774
6.6807
3.78482
3.68492
4.52874
10.7227
14.7434
6.25168
-.722825
1.17531
3.01588
4.51442
6.24009
9.33706
11.2719
6.07705
1.72424
2.62336
3.27752
2.3784
1.3988
-.0997342
-.606937
5.38719
9.45407
.662683
-5.93543
2.35645
9.25898
6.56162
3.75235
.155878
-2.98776
-2.88786
-2.83613
-3.13583
-2.58254
4.31071
8.99017
-3.09799
-12.1504
2.23553
14.0879
5.99587
-1.10042
-.201304
.447842
-.950787
-1.54897
4.54506
9.50759
4.81219
.826183
3.02403
4.74787
2.25031
.929613
10.3204
18.199
12.005
6.05807
2.4616
-.102337
7.39032
13.7447
8.74957
4.42276
6.92032
8.94727
6.05011
3.62149
6.21895
8.89964
12.4961
15.2392
8.34596
2.39659
7.39169
11.0794
-.808929
-10.7444
3.24192
16.1119
14.913
13.078
2.98788
-5.40574
8.88026
21.6729
13.8806
6.17352
-.320121
-5.8462
2.84528
11.0247
11.4243
11.6506
9.1531
6.88667
8.3852
9.52646
4.63126
-.172372
-3.36924
-6.12488
-.830074
4.38482
8.08119
11.7632
15.1598
18.2343
14.6378
11.0193
6.9233
2.94524
1.64652
.580727
5.07632
9.34269
7.84416
6.371
5.57178
4.86172
6.65996
8.08316
-1.70725
-10.8629
.226273
10.929
8.43141
5.85448
.359869
-4.8579
.93642
6.56619
5.06765
3.62676
4.92549
6.25588
9.25294
12.155
9.45764
6.76469
4.36704
2.03953
5.1365
8.14926
3.45386
-1.18674
.311787
1.8
1.8
1.81575
5.01262
8.19318
5.89543
3.6002
3.8
3.99981
