-49.3945
-37.2064
-25.0184
-3.25419
18.5245
9.93866
1.24717
3.78336
6.38081
-.838979
-8.13183
.806116
9.89721
2.88838
-4.30457
-.654083
3.1422
2.60971
2.0103
-1.43648
-4.93305
-4.60804
-4.20843
-5.17794
-6.17696
-2.39368
1.5025
-2.49089
-6.68678
-4.17543
-1.47807
-4.69836
-8.09503
-3.35926
1.63584
4.89181
8.08867
6.9465
5.64777
2.71318
-.283886
-.303968
-.204066
-.2
-.2
-2.30408
-4.50193
-2.50022
-.302379
2.08596
4.48361
-1.67348
-8.26702
-4.71086
-.614877
1.11458
2.71301
-.411825
-3.8085
-3.34011
-2.6408
-2.2237
-1.8241
-5.17961
-8.77609
-3.94115
1.45356
.584675
-.714053
-3.41214
-6.2094
-4.16572
-1.76807
-3.08639
-4.68482
-3.68756
-2.48873
-1.65994
-.860722
1.13855
3.23649
1.46556
-.632382
-1.44344
-2.14276
-2.29172
-2.39163
-4.87128
-7.56863
-5.15134
-2.25418
-1.45318
-.853764
.382238
1.68096
-.377896
-2.77555
-1.0079
1.18994
-1.31062
-4.30769
-3.78857
-2.88946
-2.97992
-3.17973
1.01904
5.71444
1.00488
-4.78944
-4.14875
-2.75012
-2.6
-2.6
.870362
4.76654
-.393636
-6.68747
-2.52743
2.96718
-.112646
-4.30853
-4.09439
-3.29518
-2.31995
-1.32093
-1.55124
-1.95084
2.38066
7.37577
6.25165
4.25361
4.43611
4.93562
1.34491
-2.85097
-.447777
2.94889
-3.01094
-10.4037
-8.97972
-6.18246
-1.05665
4.43797
-2.02795
-10.4197
-7.99425
-3.79836
-1.91517
-.416637
-1.65281
-3.35115
.492666
5.28797
5.14932
4.1503
2.72691
1.22838
.237911
-.661208
-2.82754
-5.22519
-3.15573
-.258574
.536357
.935965
2.92955
5.2273
5.76739
5.9672
4.32996
2.33192
.167266
-2.03058
1.6724
6.56761
-.725626
-10.516
-4.75531
4.23588
1.09619
-4.59823
-4.85905
-3.95994
1.21002
7.30405
5.77806
2.58119
2.65392
3.45313
3.68154
3.78144
2.41708
.718742
-3.17071
-7.5664
-6.94278
-5.14454
-5.12304
-5.52265
-1.00778
4.68664
2.42448
-1.7714
-2.51983
-2.41992
-1.60022
-.6012
4.14758
9.842
4.79227
-3.0001
3.73601
14.2257
7.2926
-4.19614
-3.51904
.377143
-.848884
-3.44634
-2.74228
-1.14385
-1.11365
-1.51325
-2.06929
-2.66871
-2.17584
-1.37662
-3.84603
-7.2427
-5.67114
-2.67408
-4.09068
-6.78804
-4.54223
-.845853
-1.54082
-3.53887
-5.15268
-6.65121
-5.23706
-2.93931
.505248
4.30153
4.51368
3.61456
4.46487
5.8635
3.0136
-1.18228
-3.78909
-5.88703
-6.7019
-7.10151
-2.98436
2.61015
.771412
-3.52438
-1.23005
3.26554
-1.57535
-9.56752
-2.80946
8.97899
12.2972
12.6968
8.79835
3.40364
-1.54762
-6.34292
-.523552
9.06705
10.1296
8.13161
3.05407
-3.13986
-6.48189
-8.77964
-9.25414
-9.05433
-3.76314
3.42981
4.96477
4.36536
2.46378
.0661275
1.05937
3.35712
1.76952
-1.32745
-1.26718
.031545
1.61651
3.31485
-.196366
-5.79088
-3.27226
2.52206
3.91611
3.5165
3.25845
3.05864
1.87071
.272277
-2.80424
-6.50061
-7.38943
-7.08973
-1.89049
5.40236
4.9477
1.15142
-.208805
-.508512
-.94703
-1.44654
.891564
4.48804
3.94365
1.546
2.6581
5.35546
7.91557
10.4131
6.47854
-.414709
-4.98809
-8.48467
-8.37536
-6.57712
-.708505
7.08386
5.81194
.217423
2.31199
8.10631
9.46198
8.66276
4.57777
-1.11664
-2.93314
-2.83324
-.53339
2.86328
4.13294
4.33274
1.1526
-3.7426
-2.03004
3.06497
-.668198
-8.96007
-5.36276
4.42765
6.81764
5.31911
3.10234
.504886
.64158
2.24001
2.28077
1.48156
2.62356
4.8214
3.14856
-.647715
-1.54979
-.850476
-1.17708
-2.0762
-1.95253
-1.25322
.338295
2.43624
4.66125
6.959
8.18002
8.77943
6.72692
3.13045
.60404
-1.2941
-1.93725
-1.83735
-2.23787
-2.93719
-.580968
3.61492
4.76486
4.06555
5.90685
9.30353
10.2294
9.62996
7.86063
5.36308
3.29518
1.49694
.494083
-.005427
3.33727
9.13159
7.26616
.472822
-1.16987
.528466
3.0724
6.16937
3.3061
-3.48724
-3.91967
-.123394
2.77569
5.07344
5.22498
3.92625
1.08257
-2.81361
-.431894
6.26155
8.58679
7.88748
5.48198
1.8855
1.98323
4.68059
8.19614
12.2921
10.6799
4.98552
4.86398
8.76016
8.37507
4.8785
6.62892
12.2234
13.3933
11.2953
8.33836
4.74189
7.48039
14.973
17.5175
16.3187
14.2129
11.4157
8.67492
5.97756
3.50536
1.20761
.143907
.0440048
2.12409
5.92037
6.04036
3.2431
2.22202
2.62163
4.23806
6.83551
9.81877
13.1155
12.4033
8.40718
7.63973
9.53787
9.30946
7.31142
7.92127
10.7185
9.88872
5.99254
4.79333
5.89226
4.14276
-.0531236
.0348205
3.8311
8.74777
14.642
14.1043
7.91037
6.11217
8.21012
8.09194
5.99399
4.05376
2.25552
1.71424
2.31365
3.90444
6.40199
7.49604
7.29623
5.12856
1.13248
1.67633
6.47163
10.496
13.7928
9.71696
-1.37218
-3.38281
3.31063
5.78709
4.18865
4.46283
6.56078
6.2892
3.69174
6.26691
13.9594
12.6976
2.50754
-1.15498
1.74218
3.79559
4.99441
3.77085
.0744683
-.56898
1.92857
4.27899
6.47684
6.08567
2.98871
-.108258
-3.20522
-3.00706
.689312
3.08262
4.08164
4.55193
4.45203
2.96389
-.0331744
1.0221
6.51672
9.49496
9.69476
8.85434
6.8563
5.94126
6.24097
8.55701
13.1525
14.2458
11.3487
9.707
9.50719
8.70544
7.2069
4.78621
1.28963
2.38432
8.87795
11.76
10.3613
8.27989
5.38273
3.66402
3.36432
6.35906
13.3522
13.5154
5.32346
3.97639
11.0694
11.1694
2.57779
.59382
6.88765
8.45737
4.06168
2.03955
3.03857
1.49957
-3.29573
-1.86149
7.62921
12.1326
10.1346
8.26608
6.56774
7.96367
13.4583
17.0278
18.0268
15.3636
7.77103
4.33255
6.53039
8.01096
8.51047
9.38796
10.7866
10.5132
7.91571
8.64669
14.0414
15.4194
11.1236
9.01214
10.0112
11.6254
14.123
15.1918
14.1927
10.6749
3.48193
.372493
3.26965
6.16681
9.06398
10.4797
9.68047
9.08047
8.78076
8.08458
6.78585
6.94685
9.3445
10.1719
8.57347
7.9906
8.98962
10.4939
12.7916
12.1892
6.99431
4.95419
7.95125
5.24501
-6.64334
-10.4203
-1.02954
4.23171
2.73318
4.55136
11.8442
15.6501
13.6521
12.4373
12.5372
12.0063
10.4079
7.2594
1.46508
-1.2088
1.48855
3.52864
4.42776
6.19854
9.49531
10.2273
6.43102
4.50299
5.90162
7.87196
10.869
12.9066
13.2063
12.0924
8.39602
7.54637
11.9421
13.7515
10.7545
7.96592
5.56827
2.72137
-.975005
-.891596
6.40126
10.8242
9.72525
7.43737
2.84187
1.96156
8.35529
12.6671
12.867
12.4325
10.7341
9.43406
8.93455
9.75469
13.2513
14.2554
10.1594
8.14979
10.4475
11.1899
8.69235
8.25612
12.1523
13.8396
10.8426
9.02271
9.72203
9.75731
8.35868
8.93983
13.835
15.4512
9.85664
8.51371
16.6058
20.0105
12.9175
6.83561
3.03933
2.04409
7.4388
9.29423
3.00039
.643712
7.43705
11.0355
7.13932
5.79416
10.4896
12.7686
9.27207
7.53179
10.0293
12.6432
15.5403
14.7698
4.97936
-.537108
4.5579
8.00058
7.30127
6.65854
6.15903
5.40664
4.00801
4.45085
9.64576
13.871
15.5693
16.9926
17.6919
16.6977
11.2031
7.90506
10.5025
11.5923
8.59527
6.31982
6.02011
5.50816
4.40924
5.28543
11.6792
15.3021
11.1063
9.29716
14.2923
17.5365
15.7383
14.4
14.4
14.4761
14.7758
14.9748
14.8749
14.4255
12.927
12.3201
14.4181
16.1474
16.7468
16.9075
15.7086
15.8881
20.3837
20.6819
7.69461
1.13056
15.1168
25.2809
23.0831
22.1253
25.2223
24.8389
12.9506
3.70797
3.30836
4.02649
8.52208
12.1131
12.6126
12.7982
11.8991
10.7111
8.51324
7.52691
10.8237
12.5485
8.65237
6.87653
12.7707
16.2208
10.7262
7.24978
11.2459
14.1474
12.9486
11.8123
10.9132
9.99343
8.9944
9.48907
15.7829
19.3814
12.3882
7.04084
8.23966
10.0148
14.1108
17.2622
16.5629
15.5909
13.4929
11.3178
8.82028
7.75455
12.7496
16.082
12.2857
9.51789
11.2162
12.7665
13.6656
14.3084
13.8089
13.7803
15.8783
16.9192
13.1229
9.02537
3.53075
-.351581
3.3448
7.42241
13.3166
17.0863
10.5927
5.23387
5.43368
6.30315
10.499
13.6856
11.7875
10.1836
10.0837
9.77384
8.37521
7.64684
10.4441
12.3744
9.67705
7.24433
6.24531
6.53747
13.9302
18.9404
10.6485
3.83967
5.43811
6.94784
7.94686
9.544
14.639
17.1865
4.59889
-5.26302
1.33051
5.99194
-1.20101
-5.85383
5.3352
14.3331
9.43794
5.88409
10.9791
15.1224
13.0245
10.8744
8.3769
6.27696
6.87637
7.16002
5.26188
4.27147
9.66618
13.8615
9.4658
5.52774
4.92833
4.08012
1.38277
-.184395
6.80875
12.5761
8.87976
6.36568
13.159
18.9344
16.5368
14.237
12.7384
11.2399
9.74138
9.06004
15.3539
20.8561
19.4574
17.131
6.54134
-2.21873
5.67354
12.9648
14.6631
16.048
14.4496
12.7023
9.50546
7.09174
12.4864
17.1416
14.2444
11.4431
9.64489
8.15334
9.95158
11.4835
10.0848
8.93004
10.5285
12
12
12.0309
12.4305
12.4004
7.10556
2.75083
10.2435
16.6567
9.06414
1.79837
-1.09879
-3.34052
3.45282
9.52442
5.32854
1.61643
5.0131
8.55167
14.2461
19.2595
13.5651
8.13066
6.93184
6.01771
9.91389
13.5084
11.8101
9.99756
6.10137
2.61978
7.01547
11.0176
7.22135
3.53555
2.13692
.901377
3.19912
5.6106
10.6057
15.0787
7.08654
-.317291
7.07546
14.0659
10.3695
6.83086
7.72998
8.58383
8.08432
7.63948
8.93821
10.1915
9.89177
9.48359
5.08789
.851449
2.94939
4.84672
-1.94663
-8.41474
.576445
9.43539
11.3335
13.0516
4.16036
-4.52498
.570032
5.59872
5.49882
5.37085
2.6735
.0212096
2.41886
4.7711
.575217
-3.58523
-.588172
2.39703
1.39801
.397383
-2.20007
-4.79753
