-1.19865
1.79841
4.79548
2.50572
.207968
-.994668
-2.19349
-4.08784
-5.98598
-1.43845
3.15704
3.89278
4.59209
.254008
-4.14168
-4.98861
-5.78783
.00447777
5.8987
5.50907
5.00956
.00253914
-5.09247
-4.02648
-2.82765
-.360053
2.1375
2.88181
3.58113
7.87708
12.2728
-.696423
-14.1832
-5.49941
3.89138
4.87633
5.57565
5.69642
5.79632
1.75845
-2.43744
.088886
2.88614
5.87508
8.87214
3.16595
-2.92807
1.19044
5.78593
1.80906
-2.58663
-3.08516
-3.38486
-3.87428
-4.37379
-.992197
2.60428
-2.1122
-7.30711
-3.73494
.361042
.223704
-.175904
-.575512
-.975121
-2.87365
-4.87169
-1.72797
1.7686
-1.35847
-4.95494
-4.64143
-4.04202
-1.21302
1.78404
-.96651
-4.16338
2.53807
10.0307
5.79978
.604872
.936928
1.73614
.421195
-1.07734
-4.77726
-8.67344
-3.96592
1.5287
2.274
2.5737
5.7898
9.28638
6.14422
2.34794
-.813115
-3.91008
-3.74725
-3.24774
-1.84469
-.346157
4.66855
10.0633
7.45131
3.95474
1.35583
-1.14172
-.325148
.873677
1.44688
1.94639
2
2
-1.02544
-4.42212
-1.33727
2.55891
.253645
-2.84332
-7.35463
-12.05
-1.83953
10.3485
1.50344
-10.1851
-7.38517
-2.58987
-.0725095
2.12534
1.61324
.714124
4.17609
8.27207
4.88383
.38824
1.10245
2.60098
4.70595
6.9038
3.65602
-.439967
-2.72485
-4.7229
-2.33254
.764422
-1.54724
-4.74411
-1.51682
2.77897
-.0183867
-4.01447
-1.44524
2.25114
3.14027
3.53988
3.34538
3.04568
-1.99592
-7.89014
.408404
11.2977
4.15007
-6.33964
-2.02966
5.06338
5.02549
3.62686
5.57614
8.17359
7.59798
6.39915
.785103
-5.70853
-6.30134
-5.70192
-.210555
6.28308
4.753
1.55613
-1.8883
-5.38488
-5.34138
-4.54216
-1.85392
1.24304
-.821941
-4.01881
-6.97046
-9.86762
-6.15971
-.964797
-1.38292
-3.08126
-2.50732
-1.4084
1.39062
4.58748
3.66554
1.7674
1.96396
2.66327
1.59446
.0959264
-1.32243
-2.72106
-1.48042
.41772
-1.11477
-3.51242
-2.72662
-1.12818
-2.07025
-3.66868
-2.65369
-.955353
-.0470073
.652307
3.71572
7.4121
2.9333
-3.76014
-3.23971
-.742156
1.7554
4.25295
2.77148
.174022
-2.89038
-6.08725
-4.78166
-2.1842
-1.75486
-1.95467
-2.92684
-4.12567
-3.39846
-2.09974
1.12013
4.91641
1.73757
-3.55724
.857588
8.25034
6.11084
1.01583
-2.63399
-5.83086
-4.324
-1.32694
-2.94579
-6.04276
-1.9696
4.42413
2.31132
-2.58388
-.721579
3.37441
2.30314
-.494114
-3.36606
-6.26323
-4.46713
-1.07046
2.02901
5.02607
3.20634
-.290234
.869445
3.6667
6.75881
9.95568
5.72731
-1.16593
.886037
6.18085
6.28374
4.4855
1.73917
-1.35779
-2.27273
-2.37264
-3.56061
-5.15905
-5.02126
-4.22204
-3.35068
-2.45156
-2.12805
-2.02815
-2.21526
-2.51497
-4.8899
-8.08677
-5.00363
.590884
1.70182
1.00251
3.8518
8.14759
7.70137
5.30372
1.07097
-3.92413
-4.41461
-3.01598
-.775086
1.82237
-.269722
-4.36571
-2.9477
.848583
2.41761
3.01702
3.75525
4.55446
-.252339
-7.54519
-7.10844
-3.21226
-2.06882
-2.16872
-.758922
1.33902
.563033
-1.53491
1.27979
6.3748
4.46216
-.732753
-.0934513
3.30322
4.73822
5.23773
1.21822
-4.97571
-5.52045
-3.3226
-1.79532
-.596496
.268025
.96734
-2.19991
-7.29492
-6.27476
-2.17877
.260375
1.85881
5.24134
9.53713
8.89178
5.69491
5.38823
6.58706
4.2494
.0535168
3.10532
9.99857
10.3168
7.11997
5.54568
4.84636
3.56468
1.96625
-.277298
-2.87475
-3.54274
-3.14313
-4.15416
-5.9524
-4.23481
-.53843
-1.6854
-5.58159
-4.0775
.517995
3.21339
4.81182
2.17981
-2.9152
.424454
8.71633
7.59579
.902344
-.91191
.187013
-1.7696
-5.56588
-1.15676
8.23404
3.55847
-9.7285
-10.3525
-3.15957
-.954173
-1.85329
1.97377
8.76712
10.3599
8.66155
5.68248
1.8862
.825541
1.52486
2.58775
3.88647
3.192
1.19395
1.72449
3.92234
6.66026
9.75723
6.45423
-1.13833
-2.76919
-.371541
-1.59858
-5.29496
-2.71344
4.1798
7.11806
7.31786
5.81148
3.11413
2.11728
2.31708
2.22467
1.92497
1.21753
.218513
1.19322
3.59087
3.03791
.340557
1.33339
5.02977
6.19775
5.49844
4.62732
3.6283
1.83027
-.567377
-1.37249
-.972887
2.26074
7.65545
3.7867
-7.20253
-7.77834
-.285682
.588
-3.70779
-4.14667
-1.54922
-3.51928
-9.1138
-9.71281
-6.31613
-1.70264
3.89187
5.46306
3.76472
1.73688
-.560871
2.2853
9.37835
8.61954
1.32669
-.641724
1.85583
4.73233
7.92919
5.3006
-2.29196
.273036
11.562
10.9097
-.0795025
-6.37375
-8.57159
-7.68637
-4.08989
-.864143
2.03302
4.61359
6.91134
5.84467
1.74868
1.31882
4.21598
6.53919
8.33743
6.75686
2.06146
2.44108
7.53609
8.24593
4.84926
6.74621
13.6394
10.9586
-.829881
-2.9278
4.26515
6.93628
5.23794
3.79266
2.59384
6.43656
15.2279
17.2397
12.5443
7.24859
1.35436
.293469
4.08975
3.61765
-1.17765
1.39309
11.4832
15.4675
13.1697
10.0382
6.04211
2.87647
.578718
1.97863
7.27344
8.54627
5.5492
7.13702
13.6307
14.3083
8.71378
3.74157
-.554216
-1.79883
.29911
2.39705
4.495
5.97826
6.77748
7.15291
7.05301
6.39041
5.09168
4.91365
6.01257
4.554
.158311
1.59694
9.78891
12.3095
8.21357
6.18365
6.58326
5.7028
3.30514
2.81938
4.61762
5.37337
4.87386
5.32207
6.9205
6.90132
4.90328
4.02369
4.5232
4.08732
2.48889
1.33392
.734509
1.19471
2.99295
5.49446
8.89113
10.0561
8.35776
7.57425
7.97386
8.0699
7.77019
6.95242
5.45389
4.38512
3.88561
1.50377
-3.39143
-3.17651
3.91654
7.36417
5.86564
5.54851
6.84723
4.07225
-4.31953
-4.10025
8.08781
14.2847
12.0868
9.9304
7.83245
6.023
4.62437
4.33323
5.63196
6.64493
7.24435
6.50308
3.80572
1.79569
.796671
2.41293
7.90754
9.79862
6.30205
3.68203
2.38331
2.94802
6.34469
7.37425
4.77679
2.72893
1.5301
.0578528
-1.84029
-.62926
5.46477
8.92932
8.23
7.29985
6.00112
4.70239
3.40367
3.78052
6.87749
8.0044
5.90645
5.27842
7.07666
6.96269
3.66592
3.05464
6.95082
7.43356
2.13875
.719154
5.91406
7.84169
4.14531
4.10046
10.3943
11.6397
4.04716
-.330392
.968335
.973657
-1.32409
-2.01389
.183953
3.51896
8.91368
11.3398
8.34272
8.36811
13.9626
15.0487
7.75587
3.97309
6.77035
7.11403
2.81824
1.47755
5.77334
9.79581
13.2924
12.6106
3.81924
-.581476
3.61441
6.23211
5.7326
6.60178
10.1982
12.2349
11.136
9.54223
6.94477
5.62634
6.92507
9.49518
14.6901
16.353
10.6585
4.19114
-3.90093
-6.83901
1.15316
6.2182
5.01937
4.3581
4.85761
4.50865
2.3108
1.73688
4.73394
7.32757
9.0259
9.79911
8.50038
6.74202
3.94477
2.33491
3.43383
4.3815
4.98091
5.09945
4.10043
3.60901
4.30833
5.06697
5.96609
5.77492
2.97766
2.37576
7.07116
9.46958
6.27271
5.67503
11.4693
14.2805
9.68503
5.80174
3.7038
1.74732
.148884
-.494257
1.30398
2.6
2.6
4.48396
11.2773
15.4022
12.5051
10.2088
9.50949
9.13559
9.6351
10.0269
10.1268
8.38261
1.58926
-2.49796
.898712
4.50606
8.70195
11.3295
9.53126
8.84858
11.3461
11.3719
4.27888
-.335655
2.2618
4.30142
4.70103
5.90576
9.50224
11.8006
10.2021
8.6037
7.00527
6.56176
9.65872
11.1468
7.65023
4.41965
2.022
-1.09522
-6.48993
-7.93555
3.25348
10.4315
4.63723
2.04845
9.94072
14.8167
9.72167
6.19111
7.88945
8.81221
7.11388
5.68692
5.18741
4.23952
1.74196
.200022
1.99826
4.5895
9.98421
13.4577
10.061
7.24855
6.54923
6.19296
7.09208
7.58755
6.58853
6.91559
12.2104
16.1915
15.1924
12.7268
4.63469
-.756464
4.33854
7.87309
5.27564
2.9993
2.00028
2.57132
9.46456
14.0357
9.14055
5.37534
6.27446
7.42431
9.62216
10.1209
3.42746
-1.2064
2.98949
6.73659
8.53483
8.48269
.290722
-5.15506
1.63828
7.32678
8.0261
8.25959
6.36145
4.41015
2.2123
1.24119
6.03649
9.48013
6.48306
3.46887
.371903
-1.37006
3.52514
7.70045
8.29986
8.81654
8.91645
8.673
6.67495
5.30693
7.20507
8.28932
5.09246
1.70643
-2.68926
-5.0768
3.41488
9.52401
2.53086
-3.58211
-4.78093
-4.13725
6.95188
15.0103
5.61951
-1.91859
1.37818
3.59552
-.600369
-3.85928
-1.46163
.0959699
-3.50051
-5.73028
.563551
6.05444
6.45404
6.58538
4.98695
3.50747
2.80816
1.88747
-.510178
-2.25369
.443663
3.05261
5.05065
6.61348
5.11495
3.61642
2.11788
.884301
1.58361
2.29478
3.09399
2.87953
-5.01273
-11.095
-3.20273
4.09276
6.69021
9.03319
9.3329
9.02397
3.72916
-1.25614
-3.65379
-4.69993
5.78979
14.213
4.62241
-3.51591
1.27939
5.51099
4.61187
3.84847
4.34798
4.88548
5.7846
6.46047
4.96193
3.55447
3.05496
2.61782
2.81762
2.75598
-.0412747
-2.13997
3.25474
7.7006
1.70648
-3.60494
-1.20729
.960341
.460831
.00773594
.107638
.426205
3.42327
5.92091
2.12463
-1.25703
.741014
2.50961
1.21088
.0135141
.213318
.596838
3.5939
6.2154
3.31824
.809771
4.20644
7.41792
7.71763
7.94222
6.9432
6.0949
7.79324
9.55621
12.4534
15.1325
13.8338
12.4451
9.34819
6.15044
.955527
-3.6041
4.98748
12.9928
8.29744
3.84212
4.84114
5.7518
4.55298
3.44202
4.54095
5.47314
1.97656
-1.24913
3.14656
7.39353
7.19373
6.89066
3.29418
-.100547
3.39603
6.79471
6.5949
6.4196
7.21882
7.90532
3.70943
-.422642
-1.52156
-2.54971
.147647
2.80667
3.20627
3.54557
-.150808
-3.73241
1.5624
6.80863
7.60785
8.38321
6.48507
4.58418
2.28643
.00393741
.803154
1.6
1.6
1.59758
-.800066
-3.19772
