-7.79405
5.39303
18.5801
6.92908
-4.75946
.775116
6.36963
1.43201
-3.5631
-1.31923
.978523
-.484525
-1.98306
-3.87668
-5.77482
-1.16689
3.52851
4.68219
5.78111
6.78185
7.78087
1.23471
-5.45873
-3.54633
-1.44839
2.01592
5.5125
2.19093
-1.30565
-.719556
-.020241
-2.8133
-5.71047
-5.02548
-4.22626
-2.75071
-1.25218
.92131
3.11916
4.16227
5.16129
3.66349
2.06506
-1.45009
-5.04657
-3.95668
-2.65795
-.691114
1.30693
1.49525
1.59515
-.301055
-2.2991
-5.71999
-9.21657
-4.95092
-.255524
-1.60591
-3.30425
-.57191
2.42515
-2.47999
-7.8747
-5.00814
-1.61147
-1.4
-1.4
-.0911886
1.30744
1.12013
.820421
3.03428
5.43193
6.43609
7.33521
5.45323
3.35528
6.53027
10.1267
3.19967
-4.59269
-5.66058
-6.16009
-4.26967
-2.17173
-.899306
.299519
1.77293
3.27146
2.578
1.67888
.324079
-1.07455
.164121
1.66265
.983289
.0841701
5.07079
10.6653
1.80317
-8.58665
-5.54287
-1.04728
-1.04981
-1.54932
-7.61437
-14.3078
-7.92389
-.0316254
3.21313
5.91049
5.21903
4.1201
3.11016
2.11114
-2.52818
-7.62319
-4.56772
-.471737
4.95019
10.5447
7.31917
2.92348
2.04798
1.64837
2.82932
4.22795
3.61148
2.71236
-.284775
-3.58154
-2.95334
-1.75451
-.903793
-.104576
.26049
.560196
3.28566
6.38263
2.13232
-3.26239
-2.96509
-1.76626
-1.08372
-.484305
1.05947
2.75781
1.54386
-.154478
-1.76735
-3.36579
-.104181
3.9918
.346595
-4.64851
-1.58074
2.91485
2.1605
.462162
.368961
.568766
1.27428
2.0735
3.29316
4.59189
5.63893
6.63795
6.13042
5.3312
3.36296
1.16511
2.46612
4.46416
5.38177
6.08109
4.70754
2.9093
1.11106
-.687176
-6.52904
-13.2225
-10.6129
-6.01745
-4.62508
-3.92576
-4.04581
-4.34551
1.48527
8.67822
5.1889
-.705327
-3.58966
-5.78751
-6.76807
-7.46738
-4.44269
-.546504
-1.17294
-2.87127
-7.14769
-12.0429
-4.40047
6.28905
4.39132
-.603789
2.63883
7.93364
1.66005
-7.53095
-7.092
-4.19483
-3.83817
-4.13788
-2.6161
-.618062
-.357998
-.557802
-.994016
-1.49353
.758223
3.75529
3.61588
2.61686
3.41681
4.71553
5.31208
5.71169
8.3682
11.665
7.5094
1.21557
3.36191
7.9574
5.60157
1.20588
.585206
1.08472
1.50738
1.90699
-2.67563
-8.76966
-3.31915
5.67204
8.33381
9.03312
8.97181
8.67211
7.462
5.96347
1.74079
-3.35422
-3.31692
-1.61859
-1.50112
-1.90072
3.33092
10.424
6.88297
-.210074
-2
-2
-3.48992
-5.48796
-1.02188
5.67156
3.10193
-2.69239
-4.49563
-4.89524
-3.74688
-2.04854
-1.96759
-2.4671
-.0337497
3.46282
.889967
-3.90533
-3.52261
-1.22486
.272809
1.47163
1.36477
.765357
1.1064
1.80571
-.597284
-4.19376
-1.89025
2.70524
2.49314
.395196
-1.98899
-4.48654
-4.48636
-3.48734
-3.55584
-4.05535
-.651394
4.34371
5.8
5.8
3.47084
.174072
-2.98193
-6.07889
-6.50868
-5.80936
-4.76008
-3.56126
-3.68858
-4.3879
-1.67673
2.51916
4.77168
6.17031
7.01526
7.61467
4.07322
-1.32149
-1.41717
.880575
-3.47809
-10.8708
-11.4893
-8.99177
-4.58374
.711067
3.89678
6.09463
5.98592
4.7871
.814873
-4.47994
-.804151
7.18802
6.63914
1.94374
1.40585
2.90438
3.60058
3.90029
4
4
1.20829
-2.9876
-2.67689
-.0794356
1.13039
1.6299
-.63763
-4.33401
-3.76079
-.963529
.654903
1.65392
2
2
2.97648
4.47501
3.63704
1.53909
1.57649
2.77531
3.71609
4.51531
3.12779
.530337
.882398
2.88044
5.07025
7.368
5.77832
1.98204
-1.81424
-5.61052
-5.66993
-3.57198
-1.78974
-.19131
1.34418
2.84271
4.09024
5.18917
5.47489
5.27509
3.57869
.98124
3.04594
7.94115
7.32134
3.32526
1.61469
1.31498
.522677
-.576246
.964128
4.16099
1.30072
-5.39272
-4.70668
.688036
.489916
-3.30636
-5.22417
-5.92349
-3.48199
1.0136
1.11428
-1.68298
-4.00017
-5.99821
-4.10842
.38717
1.18651
-.511825
2.95949
9.95263
8.83189
2.13845
-.481941
-.282137
1.21201
3.60966
4.18953
3.49022
5.18704
8.58371
6.79644
1.30182
2.8894
9.58284
8.81299
2.61906
2.76764
7.56294
8.22088
5.82323
5.20087
5.90019
5.8005
5.10118
2.06994
-2.72535
-3.77975
-1.98151
.438052
3.33521
7.30186
12.0972
9.82474
2.03238
.332814
3.42978
2.57194
-1.42414
1.12944
8.92181
11.5703
10.0718
5.59712
-1.29612
-1.04998
5.04405
8.89445
10.8925
7.49238
-.399884
-.79447
5.09975
7.25865
6.25963
5.63818
5.33847
4.87754
4.27812
4.26774
4.76725
3.07932
-.517153
-.233215
3.46316
2.86973
-1.52596
.199065
7.39202
10.1166
8.81787
6.99541
4.69767
1.82597
-1.5707
-3.7718
-4.87072
-1.77499
5.21816
5.29823
-1.0955
-2.04144
2.15445
4.81438
6.01321
5.83496
4.33643
4.51453
6.31276
7.80733
9.00616
7.02881
1.9338
2.2123
7.80682
8.34892
3.85333
.204812
-2.59245
-.873161
5.42067
5.48549
-.808337
.185468
8.67715
10.2044
4.51001
3.99361
8.88882
7.79964
.406887
-1.70398
1.79259
5.91657
10.7119
11.0851
6.6894
6.93713
12.2319
15.0477
15.1476
14.4403
12.8419
7.41355
-2.27696
-2.9738
6.417
6.75774
-3.13256
-7.13922
-4.44186
.0224945
6.51613
9.49065
8.39173
8.95271
11.4503
9.67794
2.8846
1.25726
5.75285
6.78885
3.69188
2.3626
3.16182
4.77337
7.37082
9.15947
9.95869
10.6237
11.1232
12.8699
16.1667
16.7139
13.8168
12.5532
13.3524
10.6352
3.4423
2.46313
9.45628
10.6991
4.50515
3.99235
10.8856
14.1092
12.5108
10.0099
6.31351
4.75614
6.05487
5.90573
3.80778
2.93911
3.73832
4.03123
3.63162
3.4
3.4
3.65081
4.25022
5.43211
7.43015
6.52951
1.53441
1.11405
7.20808
9.24131
5.44503
3.24082
3.34072
6.6095
14.5018
17.421
13.0253
8.66989
4.3741
2.20039
3.19941
3.40156
2.40254
5.32864
14.2199
17.154
10.96
6.65041
5.25178
6.2749
11.0702
13.0284
10.5308
8.14929
5.95144
5.21557
6.814
5.88614
.891031
-.752904
3.04338
4.75594
3.05761
2.03769
2.13759
3.58728
7.28366
10.0103
11.1092
9.90777
4.81276
1.85835
2.55766
2.88987
2.59016
1.08545
-2.51102
-2.94771
2.1473
6.05023
7.84846
6.23355
-1.45891
-4.54193
.652981
5.1727
8.46947
8.40888
2.21495
-.640221
2.65655
3.61173
.215061
.710754
8.50312
13.1507
11.852
12.2026
15.6992
14.9592
6.06794
1.7966
6.492
9.02583
7.3275
5.02475
1.52817
.201484
3.19855
5.4655
6.26471
6.17316
4.27502
1.36022
-3.63488
-4.75062
2.14262
6.47596
5.47694
5.34754
7.04587
9.16037
12.1574
13.1182
9.72156
6.95731
5.55868
4.6
4.6
4.72492
5.12452
6.2379
8.93526
9.10392
3.60931
2.0675
9.46026
12.5905
5.99701
2.45876
5.95534
6.68689
.992467
-1.11889
5.17494
8.97707
6.87913
5.87147
7.46991
9.4196
12.2169
11.6123
2.72097
-1.95384
3.74058
7.28368
5.48545
3.60174
1.5038
2.03707
9.23002
12.5456
5.95207
.94889
.0497713
1.11773
7.31166
11.1398
8.74212
5.33386
-.760165
-3.51869
2.67524
7.41538
8.21459
7.70422
3.60823
2.1653
8.05953
11.768
9.37031
5.97938
-.214552
-2.64671
5.64517
11.3108
9.41266
8.56214
10.76
11.0815
5.88658
2.70448
5.50174
7.10071
5.10267
4.41736
7.71413
10.8389
13.4363
13.6692
6.57618
2.65087
8.645
11.9288
6.63396
3.62296
7.91875
10.209
6.01316
4.99943
14.3902
20.0918
13.5982
8.83006
9.82909
10.1438
8.14574
7.02968
8.92782
9.77226
6.975
5.15557
6.75401
7.6035
5.80526
6.01556
13.4083
17.6422
10.4492
4.62848
3.82926
3.90107
7.19784
9.33692
7.13908
5.37915
5.27924
5.28263
5.68224
6.57292
9.37018
10.9312
7.63446
4.91972
4.52011
4.43849
5.63731
5.93093
2.53426
-.706548
-3.304
-3.95349
3.53917
8.77908
4.48329
1.47238
3.96993
5.34552
1.84894
-.777955
.42087
1.98585
5.18272
7.96301
8.86213
9.04459
5.94763
2.99242
.694677
-.236135
5.25848
9.14149
5.34521
2.13147
1.73186
1.90812
4.90519
7.14887
5.65034
4.97911
8.47568
11.0566
8.9587
7.10307
6.50366
5.74466
4.14623
2.29559
-.901278
-3.05515
.44142
3.47685
3.97637
4.11166
2.21352
.929554
3.1274
5.4583
8.55527
10.8353
8.33774
5.94094
4.1427
2.96911
5.56657
7.22596
3.12998
-.151509
1.64673
3.48579
5.58374
6.6086
.714379
-3.34258
4.64959
11.613
11.7129
11.5178
9.31998
6.97057
3.57389
1.59477
9.58694
15.3516
5.16162
-3.22193
1.57337
6.17911
9.37598
11.7689
8.07252
4.71981
4.02049
3.2311
1.73257
.908951
5.50445
9.69781
10.5969
10.909
6.31356
2.22095
2.42076
2.91871
6.01568
8.49744
5.50038
3.33403
8.72875
13.6969
14.6959
14.8686
7.17619
.0697694
-1.32886
-2.52715
-1.72793
-.180223
9.01077
16.1886
2.30224
-9.48846
1.20106
10.2842
1.69262
-6.01307
-3.71532
-1.35412
1.74285
4.57679
4.27708
4.06032
4.85954
5.47514
3.77681
2.60747
8.30189
13.447
11.2492
8.97702
5.68025
2.81652
6.11329
8.72259
1.22993
-5.40514
.988598
6.85065
4.3531
2.15023
4.74769
7.03811
4.14095
1.75013
8.24377
14.1301
8.93517
3.81019
.0139072
-3.20166
5.09021
12.8066
8.61076
4.56474
3.76552
3.08845
5.18639
7.28032
9.27836
10.9249
3.73198
-3.07314
.423435
3.85143
5.34996
6.92932
10.9254
14.6178
8.62363
2.67497
-1.72072
-5.83861
.255418
6.2441
8.04234
9.76393
8.1655
6.58971
6.0902
5.60559
5.90529
6.17666
4.77803
3.34263
-.553554
-4.36684
-1.76939
.811874
1.9108
2.9726
-.124361
-3.17248
.823602
4.7808
.884623
-2.98044
3.6131
10.1924
2.69979
-4.79286
