8.79986
8.50016
8.20045
4.11019
.014205
-.796445
-1.59566
-2.5936
-3.59262
-3.40167
-3.20187
-.923729
1.37402
4.85704
8.35361
3.86547
-.730028
.577334
1.97596
-1.43648
-4.93305
-4.90201
-4.80211
-2.84413
-.846085
1.15196
3.15
-1.76751
-6.86251
-6.12514
-5.22602
.135579
5.63019
1.2497
-3.44569
-1.28114
1.11651
.814307
.414698
.207545
.00774091
1.8246
3.72274
1.69161
-.506236
-2.70408
-4.90193
-.991339
3.20455
2.25702
1.05819
-3.56253
-8.35783
-5.84915
-2.95199
1.45975
5.95535
5.25534
4.25632
3.2573
2.25828
.130374
-2.06747
.334708
3.03206
2.82527
2.42566
1.74559
1.04628
-3.0115
-7.30729
-5.17953
-2.58207
-5.00118
-7.79844
-.212912
8.17886
4.63715
.14156
-.107688
-.00778602
-.736929
-1.53615
2.35257
6.64836
3.78964
.293067
-2.92892
-6.12579
.175975
7.36893
3.44314
-1.55197
-5.54671
-9.4429
-2.4496
5.64247
4.67955
2.78141
1.15433
-.4441
4.44886
10.0434
6.73161
2.43582
-.333936
-2.93139
-4.90185
-6.79999
-1.90561
3.78881
2.17051
-.327039
-3.53646
-6.83323
-4.80273
-2.10537
-1.26845
-.669035
-3.69387
-7.19044
-8.3938
-9.29292
-2.79964
4.69301
3.14135
.344089
1.40181
3.00024
-.996037
-5.79134
-3.95779
-1.16053
2.15888
5.55555
6.17366
6.37346
-.0109402
-7.4037
2.05906
14.1472
7.43445
-2.25605
-5.92327
-8.62062
-3.84893
2.1452
-1.28277
-6.27788
-8.53827
-10.3365
-5.73996
-.0455387
1.14027
1.53988
-.267191
-2.46504
-4.66288
-6.86073
-4.32765
-.930982
-4.52996
-9.42517
-3.55695
4.33531
1.90869
-2.487
-1.02386
1.57359
.997977
-.200848
-.233388
-.0335836
1.99465
4.3923
3.6392
2.24057
-.977876
-4.57435
-2.55926
.637603
-2.01076
-5.90694
-3.15048
1.04541
-2.05098
-6.74637
-10.5426
-14.1391
-4.4439
8.24367
1.57033
-9.5188
-6.89315
-1.09883
1.05244
2.35116
.580975
-1.91658
1.95052
7.34523
5.02448
.828595
-.641389
-1.44061
-3.43949
-5.73724
-6.99782
-7.99684
-5.01655
-1.02046
-1.0733
-2.17222
-1.37047
-.0717406
.2
.2
-.509229
-1.40835
3.27366
9.46759
2.64519
-7.74463
-6.71493
-2.51904
2.301
7.29611
6.29874
3.60138
-.493285
-4.98888
-3.44472
-.147949
-.558555
-2.05709
2.4536
8.74743
7.58725
4.19058
2.40355
1.10483
2.09971
3.79805
.53961
-4.25569
-2.43357
1.46261
1.56547
.466544
3.52951
7.92521
7.56597
5.66783
.156292
-6.53715
-6.09766
-3.3004
-.428258
2.4689
2.82654
2.32703
4.65837
7.95514
9.4687
10.3678
6.45014
.855626
-.0826389
.616676
4.70679
10.0016
4.19531
-5.59509
-2.26096
5.83111
4.19746
-.997445
-4.22325
-6.7208
-5.94532
-3.94727
-1.58654
.911011
.659547
-.639181
-.494973
.204342
-.751216
-2.34965
-.790854
2.0064
-1.13577
-6.63039
-4.275
1.21962
3.58285
4.68177
1.87723
-2.51847
-1.18127
2.5151
4.23522
5.13434
7.30039
9.99774
8.27319
4.67672
5.41982
8.01728
6.84567
4.04841
2.08637
.487939
-3.81732
-9.31194
-6.98581
-1.19149
1.49719
2.79591
5.12692
7.92418
6.94718
4.24983
2.51045
1.21172
1.07292
1.47253
1.73607
1.93587
.914565
-.683869
-.794137
-.194724
1.14662
2.84495
3.13099
2.73138
-.283432
-4.57922
-2.79068
2.00462
3.26667
2.76716
-.723462
-5.71857
-6.73726
-5.73824
-2.4265
2.06909
2.21648
.118535
.253919
1.55265
2.26196
2.66157
3.51824
4.61716
5.84628
7.14501
5.97742
3.47987
3.63531
5.23375
5.99353
6.29324
5.62821
4.42939
2.97408
1.37565
3.29304
7.18922
4.90375
-.890566
-.77636
2.72021
3.17662
1.87789
1.27372
1.07391
-.258905
-2.25695
-3
-3
-1.74893
.249116
-1.30724
-5.00362
-2.35946
4.13417
7.46753
8.86616
4.45835
-3.53381
-3.09024
2.60418
3.87931
2.38078
4.36969
8.56558
5.26001
-2.83205
-3.56833
.427752
1.15166
-.246972
3.97161
11.8639
12.652
8.75585
7.9201
9.11893
7.56636
4.16969
4.23081
6.62846
4.62894
-.366167
-.208658
3.48772
2.10754
-2.78766
-1.62297
3.77174
4.12358
.926712
1.1195
3.71695
5.61545
7.01408
10.8508
16.4454
15.1551
8.8613
3.95129
.055107
-.508194
1.38994
4.89158
9.58698
10.1732
7.67565
5.91749
4.71866
5.61701
8.11456
7.50546
4.5084
.779582
-3.51621
-2.25879
3.33573
2.83745
-2.45736
-2.96185
.334918
-.198205
-3.79468
-6.83806
-9.43551
-8.61589
-5.01941
-1.03851
3.25728
4.48861
3.18988
5.38087
10.4759
9.54014
3.54601
3.93984
9.73417
8.46242
1.16956
-.748921
1.94844
2.50388
1.20515
3.80113
9.79525
8.66643
1.27367
.712831
6.20745
7.21705
4.21999
4.3245
7.22166
10.852
15.1478
11.4605
.471246
-2.72073
1.27535
4.49465
6.9922
6.96184
4.56418
4.17091
5.66945
5.83681
4.73789
3.63897
2.54004
2.50807
3.50709
5.56895
8.66591
7.57839
2.38348
2.56208
8.0567
10.5499
10.0504
10.5972
12.1957
9.7739
3.28026
.741549
2.24008
2.31063
.911999
2.79939
8.0942
11.0931
11.6925
10.2485
6.652
4.84846
4.94836
8.28181
15.0751
15.5238
9.13003
4.74685
2.549
2.30582
4.20396
3.77563
.778572
2.46253
9.35577
13.6121
14.9109
13.9119
10.3154
9.4273
11.6251
13.2185
14.1176
12.9793
9.48278
8.66049
10.9582
8.48108
.38901
-1.07412
5.31961
6.34186
.94715
-.0963396
4.09955
6.49026
6.69006
5.90132
3.90328
4.85794
9.45344
10.4856
7.08889
6.08693
8.08497
8.00793
5.31058
5.20655
8.40342
7.96829
2.87328
1.39402
4.59089
5.74949
4.25095
4.09075
5.68918
7.54547
9.74332
13.3529
18.8475
20.3818
16.5855
12.8316
9.13524
7.75947
9.55771
10.936
11.7352
13.245
15.7426
14.5372
8.14351
4.93832
6.23705
7.20607
7.70558
8.12305
8.42276
7.78355
5.78551
5.00626
6.00529
7.48948
9.68732
11.7645
13.6626
12.0773
5.28399
3.98904
10.9822
12.9401
7.24566
3.91835
4.21806
4.20372
3.70421
3.24376
2.84415
3.92139
7.31807
8.66529
6.76715
5.94626
6.84537
7.4
7.4
7.28575
6.98605
5.09514
.599548
-2.27538
-2.47518
-.0129043
6.88034
10.454
8.45599
7.05159
6.65198
6.62144
7.22085
7.15947
5.96064
5.56515
6.56417
7.05472
6.65511
7.05023
8.84846
8.99402
6.19676
3.57816
1.28041
1.43467
6.03017
9.91885
12.5163
14.0946
13.7948
11.8176
6.72259
5.24192
10.5367
12.2721
7.27702
4.68723
6.68528
8.30749
9.20661
11.1928
15.2888
16.7166
12.9203
8.15023
1.45679
-1.43101
3.26439
6.83143
8.13016
9.59384
11.3921
10.9602
5.96512
4.29518
9.49009
14.8146
20.4091
22.0098
15.2165
9.70365
6.90639
5.41361
6.71234
8.89645
12.9924
14.323
9.62762
7.27442
10.0717
12.5276
14.2259
14.1665
10.1704
7.27743
6.87782
7.30026
9.59801
12.5008
16.7965
18.4175
13.822
11.0479
12.5464
12.7398
9.84261
8.18307
9.4818
10.8391
12.3376
11.2484
3.85564
.765995
8.25865
13.4279
12.8285
10.8046
5.21013
3.15219
10.0454
14.0447
10.648
8.1721
8.0722
8.33246
9.53129
8.85947
3.26495
.756881
6.4513
10.6542
10.854
10.6769
9.47811
9.24143
11.6391
13.7449
15.0436
14.4726
8.67826
4.42614
4.52604
6.02688
11.5215
15.0078
12.71
11.7921
14.8891
16.8957
15.6969
15.3284
17.4263
18.6006
17.0021
15.3789
13.6806
13.5549
18.2503
19.7523
11.3605
5.26599
6.36492
8.92695
16.1199
19.9347
12.9416
7.64719
7.84699
8.60835
11.2058
12.2719
8.27582
5.82118
8.51853
9.9613
7.16404
5.76891
9.16558
11.8
11.8
12.2445
14.2425
15.1171
12.0202
9.97114
11.6695
13.0216
13.1215
13.6931
15.9909
18.1187
19.6172
20.7158
20.3162
18.29
10.0981
4.48826
8.78405
10.8495
4.256
-.189371
3.80671
8.56545
16.3578
20.394
9.30483
1.16746
5.06364
8.47276
9.87138
11.9836
17.0786
20.4173
16.3213
13
13
12.0463
6.95132
4.15077
11.4436
15.8438
7.35214
.852804
3.35036
5.48958
5.98909
6.13419
4.63566
4.13604
8.33193
11.3321
8.63476
5.5776
.782301
-1.38769
9.30184
17.8819
15.9838
14.4496
14.7493
14.2315
9.53614
5.97155
8.2693
9.72124
6.72418
4.64136
7.43862
9.42639
7.02874
5.18445
6.38328
7.67316
9.4714
10.9551
10.6553
10.5183
11.3175
11.2852
6.38998
1.94094
.142699
-.590793
5.10363
9.38396
4.98827
1.25522
1.65483
2.36745
5.06481
7.82923
11.0261
13.3242
9.72768
6.84742
8.74556
9.78434
4.98904
1.02735
2.82558
4.35026
3.95065
3.62448
3.82428
4.26495
6.46279
8.24598
6.94726
5.73009
5.13068
5.31025
11.5042
16.0654
7.77355
.842566
4.83865
8.6065
10.5046
11.677
6.78184
2.84003
7.03591
10.7589
10.3593
10.0403
10.4399
10.4341
6.73771
3.48724
4.38636
5.52293
8.9196
11.6093
7.41342
3.87319
6.87025
9.48416
8.18543
7
7
6.92333
6.02421
5.5579
9.85369
13.7756
13.4759
13.0889
11.6903
10.1524
6.95558
4.20358
6.90094
9.4661
10.3652
10.6996
3.70645
-2.20901
6.28267
13.7878
7.69379
2.26245
6.25853
9.88542
8.08718
6.26426
4.06642
2.17324
5.0704
7.63243
4.73527
2.11165
4.10969
6.11312
8.21106
10.0806
7.78286
5.45015
2.45308
-.347208
.751715
1.77238
1.17297
.979065
9.57065
17.5683
12.0737
6.93253
10.2293
13.4535
14.8521
15.823
5.43322
-4.54514
-2.9467
-1.34827
.250163
2.00046
8.594
14.7897
7.39697
.133856
-2.3637
-4.7314
-1.93414
.824796
1.92372
3.06587
6.26274
9.33667
5.94
2.64667
5.44393
8.20441
8.50412
8.76939
6.37174
3.98489
2.58626
1.25479
7.44872
13.5188
1.73037
-9.94684
.842583
11.5852
6.59007
1.6005
2.10001
2.59952
