-9.00004
-9.09995
-9.19985
-4.31218
.583023
-2.78489
-6.18156
-6.79616
-7.39557
-4.32591
-1.22895
-.0123805
1.18644
-1.96072
-5.15759
-4.01708
-2.81825
-2.40648
-2.00687
-2.88367
-3.78279
-4.38794
-4.98735
-3.82648
-2.62765
-2.4048
-2.205
.13765
2.5353
-7.21784
-17.3079
-4.98863
7.99864
6.4637
4.46566
1.98452
-.513028
-2.23919
-3.93753
-1.78677
.510979
2.04047
3.53901
3.21666
2.81705
-1.88636
-6.78157
-4.32756
-1.5303
-.542763
.356355
2.11095
3.90919
1.53372
-1.06374
3.81704
9.11185
2.22063
-5.37193
-1.18079
3.71442
3.15333
2.25421
4.82859
7.62584
4.98953
1.99247
-1.84597
-5.74216
-3.20128
-.204214
-1.21023
-2.50896
-3.99349
-5.49202
-3.46782
-1.17007
.757645
2.65578
-.892475
-4.88856
-2.8971
-.399545
-4.70409
-9.5993
-4.12963
2.2641
.603309
-1.79434
-1.90867
-1.80876
1.20753
4.5043
4.07247
3.27325
1.0221
-1.37555
1.93144
5.82763
.869108
-5.02512
-6.41142
-7.31054
-5.15094
-2.65338
-.694432
1.20371
1.84785
2.34736
1.23812
-.0606055
-1.89441
-3.79255
-.707605
2.98877
-.151515
-4.1476
-2.2966
.300849
4.84302
9.63832
7.73038
4.93312
6.5361
8.73395
4.0827
-1.51182
.0779433
2.6754
3
3
3.34889
3.74849
-2.20478
-9.09803
-2.87993
5.31204
5.70692
4.90771
1.16958
-3.02631
-3.85873
-4.15843
-4.80233
-5.50164
1.18224
9.07451
3.34756
-4.6446
-1.7834
2.912
4.02632
4.52583
5.87602
7.37455
6.6664
5.56748
7.34756
9.64531
2.56569
-6.22569
-4.14431
-.0483288
-.997695
-2.89583
-1.10266
1.39489
-2.21749
-7.01279
-4.12592
.269776
2.24959
3.74812
2.08846
-.209286
4.20904
10.0034
7.36037
2.96468
3.76794
5.66608
6
6
.250799
-6.74235
-8
-8
-1.70603
5.98643
3.73051
-.76508
.515056
3.11251
3.03193
2.33262
1.47139
.57227
-1.13446
-3.0326
-4.36678
-5.56561
-2.98707
.509504
4.40695
8.40303
5.84093
1.64504
.241525
-.45779
-4.34056
-9.03596
-5.55413
.040389
.883221
.483612
3.08596
6.48264
4.04787
.0517865
.0646816
1.1636
.45906
-.739765
-1.15643
-1.35624
-2.41426
-3.71299
-2.44351
-.445471
.931542
2.13037
3.09689
3.99601
2.19184
-.405617
-.306629
.59249
3.18221
6.27917
4.08731
.291032
-.676454
-.776356
-2.40142
-4.49936
-2.566
.630862
4.81399
9.30959
9.03792
7.23969
8.38497
10.4829
6.6338
.839482
2.02792
5.52449
3.47938
-.416801
1.58767
5.58376
8.98387
12.1807
6.16437
-3.02662
-4.80716
-4.00795
-4.90863
-6.40716
-1.93494
4.6586
6.25296
6.05316
1.45407
-4.73986
-2.45121
2.9435
4.32707
4.22717
4.78187
5.58109
3.84146
1.14411
-2.85541
-7.35101
-2.10679
6.8844
5.7305
.635491
-1.01526
-1.31497
-2.90275
-5.00069
-1.17545
5.01848
3.09927
-2.09564
-.761116
3.23497
5.53242
7.13085
7.17652
6.5771
5.34423
3.8457
.241494
-4.2541
-.700474
6.29267
6.09668
2.79991
-1.88889
-7.1837
-3.94159
3.05156
4.5079
3.50888
4.99437
7.59183
11.0839
14.9801
11.6023
4.90883
3.5527
4.65162
2.74837
-.5484
-1.73607
-1.93587
-2
-2
2.26156
8.5554
8.98124
6.58359
5.73275
5.63284
6.00234
6.60175
6.66628
6.46647
6.26667
6.06686
2.74301
-2.15219
-.287507
5.0073
4.81767
1.82061
-2.42821
-7.32342
-2.95688
6.23412
6.32195
1.62655
-.848829
-2.14756
2.8032
11.0951
7.5097
-2.48051
-2.31169
3.38273
1.20675
-5.28688
-5.79916
-3.0019
.500676
4.39686
6.0557
6.4553
4.49696
1.20019
1.58831
4.08587
2.65654
-1.03984
-2.02115
-1.42174
-1.32589
-1.52569
-2.60399
-4.20242
-4.36212
-3.66281
-2.90114
-2.10192
5.78378
17.9718
15.4739
3.98513
1.14426
3.64182
5.46205
6.86068
6.84759
5.94847
6.27301
7.37194
5.3605
1.36442
1.01583
3.01387
3.43642
2.83701
2.902
3.40151
1.73366
-1.3633
-.4997
2.99687
2.84487
.247412
-2.70774
-5.90461
-1.67382
7.61707
6.66196
-1.33021
-2.29784
1.59834
2.55283
1.4539
1.23455
1.63416
4.72212
9.71722
8.07222
1.67848
3.12161
10.2146
10.7122
6.41644
5.29191
6.49074
5.44849
2.75113
.282843
-2.0149
1.50868
9.40095
11.4918
9.1941
5.5927
.997207
-.209216
1.18941
.223913
-2.57334
-.490512
5.40371
9.17384
11.2718
9.58203
4.88663
5.35326
9.94876
10.0641
6.56758
5.16534
5.46505
4.83114
3.43251
2.90944
3.10925
3.47263
3.97214
6.15592
9.75239
9.12632
4.93043
4.02485
5.92299
8.30482
11.1021
7.42004
-1.87085
-1.39831
7.59288
8.55746
2.46343
.50033
2.19866
3.79147
5.29
5.68458
5.08517
6.68544
10.2819
8.60846
2.11483
-1.36387
-2.06319
-2.45179
-2.55169
-1.10389
1.79327
4.58765
7.285
8.5488
8.4489
7.43095
5.53281
7.80084
14.0947
14.9731
10.5774
7.94626
7.04714
5.49517
3.29732
4.05088
7.74726
10.2976
11.6962
11.7051
10.3065
6.97986
1.68505
-.606074
.193143
1.82612
4.32368
5.55115
5.45125
7.63806
12.2335
11.741
5.84677
3.62045
5.31879
6.3442
6.6439
7.13509
7.83441
6.34069
2.44451
5.57519
16.4645
19.363
13.3689
9.11699
6.81924
4.66217
2.66413
2.06696
3.06598
6.34349
12.2377
12.9922
7.79727
5.41497
6.31409
7.35095
8.54978
9.65717
10.6562
10.244
8.14611
9.58354
15.2779
15.2861
8.39282
7.11629
12.7108
13.0262
6.83232
5.71619
10.9111
13.2678
12.069
12.7245
15.7216
16.389
14.0913
12.4062
11.507
11.3049
12.0042
11.4025
9.1048
6.4185
3.22164
3.84963
9.54405
12.5005
11.8012
11.4
11.4
10.8913
9.69251
9.37973
10.2788
11.052
11.6514
11.2894
9.59104
8.47518
8.17548
9.40793
12.8046
12.4508
6.75638
3.72814
4.52736
8.14332
15.8358
18.0843
12.3899
8.27224
6.47401
6.40587
8.90343
10.1998
9.70029
8.4836
6.18585
6.02908
9.12604
10.1715
8.07356
8.01694
11.1139
10.0705
2.57781
.0209585
5.21587
8.78669
9.78571
8.05314
1.95911
-1.53206
-.832744
1.50407
6.49918
9.3348
8.63548
9.14225
11.6398
12.5626
10.8643
10.3968
11.9952
12.2579
10.2599
9.29525
10.0945
10.1595
8.96064
6.15514
.560627
-.530275
6.26307
7.92684
.53409
-1.07427
7.61721
13.7002
15.0989
14.6496
10.8533
9.46022
12.4573
12.7482
8.05279
6.7824
11.8774
15.0262
14.5267
12.8177
8.82162
7.33393
10.6307
11.5017
7.70541
4.72442
3.32579
2.90661
4.40515
4.9299
3.53127
3.43457
5.93212
8.19737
9.9956
11.6619
13.0605
13.3441
11.346
9.4784
7.87997
6.28154
4.6831
4.85612
8.7523
10.7277
8.62979
6.18187
2.985
3.9937
14.0838
19.2716
13.777
10.1249
10.5245
9.74486
6.34819
7.39215
18.3814
24.2228
18.4284
14.4913
14.791
15.6957
17.9935
16.9251
8.03385
3.35266
8.54757
12.289
12.5887
12.2401
10.342
8.44384
6.5457
3.97882
-.217069
-.774086
7.61769
12.596
9.09948
5.8593
3.26185
4.22926
14.2195
19.9951
15
11.958
13.9561
13.2667
5.57423
1.48551
6.88023
11.9472
16.1431
17.7085
12.2139
7.9577
7.05858
6.61381
7.41303
8.63673
11.0344
12.2206
10.0228
8.37386
8.27396
8.77075
10.9686
12.7545
13.3539
12.4457
7.15095
4.59458
10.0892
14.7032
16.7012
17.0516
12.4561
10.9815
18.9736
23.501
17.407
12.3612
10.563
9.85289
12.5502
13.9044
11.0072
9.60885
13.0055
15.5528
15.353
14.6618
12.3641
10.9248
12.3235
14.2742
18.0705
19.4945
12.9009
7.37031
5.47217
6.77999
19.1678
27.2221
20.1291
14.2035
12.4053
10.9127
10.5131
10.9789
14.5754
16.6496
13.153
10.4425
10.6423
10.358
8.26003
7.07962
9.37737
10.7249
8.42713
7.27523
10.572
13.0987
12.5992
12.4007
13.3997
13.6634
10.966
9.05582
10.3545
11.2246
10.3255
10.2943
13.8908
16.3609
14.0631
12.3134
12.9128
12.1471
5.45369
.277556
1.77609
4.29986
11.3929
16.7291
14.1316
11.7492
10.3505
8.88103
7.08279
5.42475
4.42573
3.91192
5.71016
7.85106
11.6473
13.9531
8.95802
4.83348
5.03329
5.11727
4.61776
5.65516
14.5464
21.0792
15.3848
10.7915
11.9903
13.1103
13.8096
14.4156
14.5155
13.7699
8.37524
3.61789
2.41907
2.2838
8.17803
12.7121
9.41536
6.41035
5.11163
4.3742
6.97166
9.1858
9.0859
9.056
9.45561
9.8138
9.91371
9.89112
9.09191
7.9037
4.20732
1.51549
5.41167
8.37027
5.0735
2.93109
8.62551
13.4484
12.2496
11.2746
11.874
12.2898
11.3907
10.7565
12.0553
13.0341
11.6355
10.2951
9.39602
8.55418
8.15457
7.50724
4.90979
2.98724
6.48382
9.46958
8.27075
7.5522
10.849
13.4019
9.6056
5.96353
3.66579
2.18495
7.97927
13.1209
12.3217
11.1735
6.77778
2.92347
4.2222
5.28837
4.08955
3.428
8.1234
12.2842
10.9854
9.77385
9.47415
9.20852
9.30842
9.0421
4.74631
1.04382
4.04089
6.55412
3.45715
.80887
3.50623
6.30161
10.2977
13.7136
9.81739
5.82112
.526311
-3.87158
3.72097
10.5635
7.06693
4.24617
11.0395
17.0499
11.5553
6.38149
6.08178
5.69844
4.00011
2.55023
5.14769
7.58883
7.38903
7.04917
4.25191
1.83359
6.32918
10.3952
6.29921
2.64476
7.73977
12.7519
16.0487
18.8341
10.5423
2.52418
.725947
-.987951
-.688245
-.30449
2.19306
4.77761
9.67281
14.1668
7.37349
.896992
3.89405
6.73014
4.43239
2.31934
6.51523
10.6
10.6
10.4971
6.30121
2.1459
-.251751
-2.45179
4.74116
11.746
8.84882
6.03334
8.03138
9.98088
8.68215
7.31966
1.02582
-5.105
3.68638
12.3735
9.37642
6.37798
3.18112
.0118122
2.40946
4.78696
.391265
-3.99547
.500123
4.99572
