4.62266
54.8734
105.124
107.893
110.591
114.781
118.977
122.08
125.177
121.035
116.839
110.07
103.277
110.608
118.1
117.214
116.215
112.363
108.467
111.345
114.343
112.048
109.65
111.947
114.345
113.424
112.425
112.01
111.611
109.559
107.461
109.825
112.323
113.852
115.351
113.564
111.666
111.889
112.189
115.472
118.868
112.662
106.068
108.962
112.259
111.061
109.662
111.7
113.898
110.095
105.999
104.469
103.071
110.019
117.412
115.812
113.714
109.16
104.465
107.405
110.802
107.801
104.405
107.298
110.595
111.081
111.381
111.68
111.98
108.175
104.079
106.872
110.169
108.17
105.773
105.229
104.829
106.187
107.686
110.292
112.99
106.199
98.6066
101.585
105.481
106.35
106.95
104.62
102.023
104.54
107.537
107.891
107.991
106.454
104.756
105.507
106.506
104.789
102.791
101.154
99.5559
103.277
107.572
106.56
104.962
105.338
105.938
104.119
102.021
103.141
104.639
104.622
104.422
104.222
104.022
98.4063
92.1125
96.0954
101.39
102.088
102.188
101.406
100.507
104.36
108.856
103.956
97.7619
96.7371
96.4374
101.732
107.826
103.803
98.3082
97.4259
97.2261
99.4576
102.055
103.526
104.825
106.383
107.981
104.664
100.568
106.195
113.388
110.107
105.112
104.828
105.328
104.545
103.546
102.462
101.363
100.179
98.9803
101.176
103.974
104.061
103.662
105.712
108.209
104.554
99.759
101.691
104.888
106.574
107.973
108.451
108.751
110.553
112.651
110.084
106.588
108.078
110.575
108.347
105.15
106.006
107.704
108.908
110.007
110.612
111.111
113.582
116.479
117.983
119.182
122.179
125.576
126.281
126.381
126.725
127.125
129.229
131.726
133.333
134.732
135
135
137.9
141.497
140.11
137.513
139.886
143.483
148.599
154.093
155.918
156.817
155.806
154.308
157.493
161.889
161.533
159.934
163.392
168.187
173.613
179.207
176.863
172.367
174.144
177.641
180.121
182.318
187.169
192.764
191.821
189.024
192.204
197.099
197.348
196.249
197.004
198.303
201.065
204.262
208.765
213.661
218.172
222.568
219.548
214.253
221.998
233.787
234.318
231.321
232.572
235.17
237.389
239.487
240.906
242.104
242.4
242.4
245.854
250.449
252.049
252.649
257.281
263.276
267.705
271.601
276.761
282.355
290.321
299.112
307.313
315.305
322.781
330.074
340.234
351.423
363.712
376.399
396.107
418.385
438.111
456.892
474.583
491.866
510.745
530.226
554.481
580.556
605.909
630.984
663.83
699.695
736.852
774.515
810.389
845.554
883.503
922.565
971.021
1023.27
1074.67
1125.72
1180.3
1236.35
1296.14
1357.48
1411.71
1462.96
1520.66
1581.1
1646.09
1713.03
1783.8
1856.23
1924.34
1990.58
2074.72
2166.73
2243.93
2314.56
2397.34
2485.55
2560.76
2630.09
2711.43
2798.25
2878.22
2955.04
3033.44
3112.56
3203.59
3300.19
3385.61
3465.73
3533.34
3594.97
3674.02
3761.43
3827.12
3882.27
3941.57
4002.91
4052.75
4096.91
4149.26
4205.71
4248.59
4284.66
4312.04
4335.02
4359.45
4384.63
4415.53
4449.4
4475.91
4498.59
4502.67
4496.97
4501.2
4510.69
4519.6
4528.19
4535.55
4542.24
4550.62
4559.91
4558.04
4550.05
4545.21
4542.11
4544.97
4551.17
4552.44
4550.94
4553.14
4557.44
4571.9
4592.18
4581.8
4553.73
4555.77
4575.36
4575.3
4563.71
4557.14
4553.54
4555.2
4560
4561.05
4559.85
4561.82
4565.72
4575.94
4590.02
4585.89
4570.5
4571.86
4583.65
4596.49
4609.97
4606.27
4591.68
4584.54
4582.14
4580.17
4578.47
4556.29
4520.82
4497.86
4483.07
4446.55
4395.7
4353.56
4317.19
4267.13
4207.89
4169.69
4145.71
4125.24
4107.16
4082.39
4053.02
4035.33
4025.74
4005.5
3977.83
3964.05
3960.06
3947.82
3929.74
3921.38
3919.98
3906.92
3885.44
3869.57
3857.78
3849.11
3842.72
3846.38
3857.47
3845.25
3815.68
3803.34
3803.94
3811.71
3824.89
3833.83
3839.52
3838.44
3832.15
3823.04
3811.75
3804.78
3801.18
3790.21
3773.42
3751.41
3725.23
3703.55
3685.47
3659.92
3628.35
3608.63
3598.54
3575.77
3542.6
3509.7
3477.04
3439.35
3397.49
3354.66
3311
3297.5
3309.48
3297.31
3264.54
3232.09
3199.93
3171.5
3146.33
3113.04
3072.68
3046.04
3031.45
3021.26
3014.97
2997.7
2970.63
2951.18
2938.59
2928.15
2919.66
2913.82
2910.43
2898.4
2878.42
2863.21
2852.42
2841.83
2831.44
2826.76
2827.46
2827.65
2827.35
2833.17
2844.85
2840.54
2820.76
2810.34
2809.04
2811.73
2818.32
2812.21
2793.53
2776.25
2760.36
2743.58
2725.9
2693.37
2645.82
2614.24
2598.95
2576.18
2545.71
2515.68
2486.11
2458.69
2433.51
2403.91
2369.64
2341.87
2320.99
2298.86
2275.38
2254.79
2237.3
2219.44
2201.16
2180.68
2157.8
2132.27
2103.8
2076.69
2051.12
2025.22
1998.94
1965.49
1923.93
1874.48
1816.04
1758.67
1702.52
1645.68
1588.04
1535.19
1487.94
1435.68
1377.53
1323
1272.75
1228.6
1191.74
1154.69
1117.43
1082.87
1051.6
1019.66
986.894
958.286
934.809
911.288
887.711
867.194
850.51
838.595
832.701
827.818
824.221
816.861
804.673
798.105
798.804
799.59
800.489
805.058
814.449
826.547
842.232
865.061
897.429
923.58
941.362
976.694
1035.84
1094.34
1151.99
1223.24
1313.25
1404.72
1498.23
1616
1767.75
1918.67
2068.43
2233.8
2421.41
2615.18
2817.79
3031.82
3262.39
3486.75
3702.04
3920.32
4143
4364.72
4585
4808.37
5036.35
5254.24
5456.94
5665.99
5884.67
6088.6
6269.93
6442.49
6601.54
6757.61
6909.07
7071.52
7251.24
7420.25
7572.3
7714.16
7839.74
7981.24
8148.37
8318.67
8494.1
8666.91
8835.45
9017.1
9220.4
9418.98
9609.69
9814.87
10044.3
10256.7
10440
10641.1
10872.4
11079.4
11244.2
11424.5
11631.7
11811
11941.4
12096.8
12296.4
12490.3
12674.1
12872.3
13096.1
13301.1
13471.9
13629.7
13763.8
13929.1
14151.7
14354.9
14522.3
14672.6
14791.2
14921
15072
15213.2
15335.7
15453.3
15561.2
15684.8
15838.8
15967.8
16047.9
16127.7
16207
16276.6
16326.8
16377.7
16429.9
16471.1
16490.3
16501.7
16497.2
16501.9
16525.6
16551.9
16583.8
16610.1
16624.5
16625.7
16598.5
16569.6
16537.2
16503
16465
16428.4
16394.6
16356.6
16309.2
16237.7
16112.7
16007.9
15948.7
15869.9
15746.9
15620.4
15485.8
15363.2
15268.2
15165.9
15046.8
14936.7
14848
14769.4
14715
14670.3
14649
14638.1
14652.3
14667.6
14685.6
14703.1
14719.5
14751.8
14823.8
14892.9
14954.9
15030.1
15138.4
15233.9
15297.1
15379.9
15513.5
15648.4
15786.9
15930.5
16087.9
16248
16415.8
16568.7
16681.6
16806.3
16962.5
17121.5
17288.1
17438.8
17545.5
17656.2
17777.4
17893.3
17993.9
18077.8
18113.8
18168.7
18277.8
18357.2
18350.1
18350.8
18374.5
18389.5
18378.7
18368.3
18359
18336.8
18275.4
18203.6
18099.5
18011.3
17972.6
17918.7
17817.6
17737.4
17723.3
17691.3
17601.6
17509.1
17407.1
17312.3
17240.8
17165.3
17076.2
16999
16961.5
16917.9
16853.8
16788.6
16719.5
16657.1
16617.4
16587
16588.9
16573
16494.1
16423.9
16385
16344
16295.3
16245.2
16190.4
16150.7
16167.4
16171.5
16128.1
16082.6
16029.2
15987.1
15988.4
15978.3
15924
15876.7
15856.6
15831.3
15784.9
15739.7
15698.8
15669.3
15686.2
15683.4
15599.6
15526.8
15500
15466.3
15403.3
15343.6
15298
15254.2
15218.2
15168.8
15061
14952.6
14841.4
14731.7
14628.6
14531.8
14463.5
14383.7
14250.2
14116.7
13982.6
13850.4
13727
13605.2
13490.9
13382
13299.7
13213.8
13110.1
13006.5
12903.6
12794.2
12651.1
12517.3
12431.3
12346
12264.6
12183.4
12103.7
12018.7
11905.3
11802
11754.2
11701.6
11622.8
11546.2
11482.2
11418.5
11357.1
11295.2
11231.1
11164.5
11083
10999.3
10901.6
10815.1
10797.7
10773
10703.7
10631.7
10542.9
10460.8
10422
10379
10307.6
10245.4
10243.7
10239.7
10220
10196.7
10148.3
10101.1
10062.1
10032.6
10072.3
10105.5
10091.9
10076.6
10049.7
10028.2
10047.5
10061.8
10037.8
10011.9
9971.6
9941.71
9995.05
10039.7
10012.8
9988.47
9985.37
9983.47
9991.76
9996.77
9973.2
9952.08
9952.88
9954.98
9968.97
9980.85
9973.16
9967.63
9982.72
9997.18
10005.6
10010.9
9986.38
9963.83
9961.93
9954.57
9890.03
9829.51
9812.03
9790.17
9720.24
9651.63
9597.88
9544.32
9492.97
9438.59
9348.08
9259.26
9191.12
9125.75
9095.18
9059.01
8950.11
8844.36
8780.63
8719.24
8690.27
8658.46
8586.33
8514.44
8446.01
8378.78
8329.82
8279
8198.67
8118.46
8039.93
7963.88
7929.51
7891.64
7792.34
7696.09
7655.53
7612.18
7515.77
7420.27
7342.54
7265.38
7199.95
7134.21
7061.88
6988.91
6901.29
6812.55
6696.97
6582.87
6506.35
6428.04
6302.36
6178.41
6102.98
6026.24
5909.95
5794.8
5715.77
5636.98
5566.05
5494.4
5396.3
5298.8
5225.47
5152.42
5091.28
5029.87
4955.44
4880.61
4784.81
4689.65
4632.6
4575.24
4496.21
4417.53
4365.18
4312.37
4217.47
4122.56
4028.16
3933.62
3820.13
3706.38
3540.44
3374.51
3210.67
3046.85
2900.39
2753.94
