37.0174
75.5796
114.142
121.581
128.974
128.602
128.202
131.28
134.377
127.359
120.266
120.695
121.194
123.768
126.365
124.231
122.033
121.41
120.81
120.702
120.602
119.522
118.423
119.28
120.179
120.005
119.805
120.482
121.181
119.645
118.046
119.843
121.741
123.93
126.128
124.847
123.449
120.7
117.903
117.704
117.604
119.521
121.519
120.642
119.643
119.696
119.795
121.327
122.925
121.571
120.073
116.863
113.566
116.151
119.048
121.945
124.842
121.883
118.586
116.986
115.487
115.964
116.564
118.477
120.475
119.663
118.664
119.535
120.534
117.521
114.225
114.093
114.193
110.763
107.066
111.899
117.393
119.558
121.456
114.861
107.568
110.04
113.336
118.472
123.766
119.338
114.044
115.339
117.237
114.295
110.898
114.428
118.624
118.363
117.664
116.148
114.55
112.498
110.4
114.266
118.761
113.7
107.606
112.038
117.632
115.597
112.699
112.848
113.347
112.059
110.561
109.954
109.454
111.091
112.989
112.756
112.256
114.238
116.535
111.408
105.314
106.893
109.491
109.888
109.988
110.527
111.126
108.747
105.949
106.387
107.286
105.219
102.722
103.009
103.708
105.971
108.468
110.273
111.971
111.249
110.15
106.981
103.485
104.635
106.533
108.002
109.4
110.285
111.084
110.516
109.717
105.848
101.453
106.585
113.378
110.835
106.639
107.439
109.138
108.133
106.634
109.94
114.136
114.716
114.616
114.097
113.497
113.4
113.4
111.312
108.815
105.484
101.988
107.051
113.845
112.678
109.881
110.641
112.139
113.885
115.684
113.365
110.169
110.257
111.056
112.183
113.382
115.725
118.323
120.186
121.884
121.142
119.844
124.956
131.549
130.371
127.374
127.365
128.065
128.361
128.561
130.047
131.845
134.124
136.522
135.56
133.762
138.586
145.079
146.4
146.4
147.353
148.551
152.918
158.113
154.302
148.108
149.952
153.948
153.228
151.23
153.387
156.684
161.467
166.662
166.864
165.665
164.31
162.912
166.171
170.766
173.349
175.347
175.645
175.446
174.707
173.807
176.366
179.963
181.873
183.272
187.575
192.77
192.932
191.534
197.285
205.277
204.393
200.696
200.557
201.556
201.649
201.449
208.401
217.692
221.351
223.15
225.697
228.494
224.42
218.026
227.947
243.432
244.131
239.735
244.751
253.042
260.891
268.583
274.58
279.975
290.663
303.251
309.313
313.009
325.261
340.646
355.229
369.515
390.565
414.142
424.227
429.222
445.43
465.91
490.286
516.161
542.683
569.457
592.858
614.936
641.308
669.381
705.018
743.68
783.338
823.399
857.001
887.971
931.326
979.779
1022.73
1063.39
1118.26
1179.1
1234.54
1287.69
1343.43
1400.27
1456.07
1511.41
1578.87
1651.6
1726.2
1801.63
1859.68
1910.03
1988.89
2080.5
2156.97
2226.6
2305.84
2389.45
2465.82
2538.85
2623.61
2713.82
2784.3
2845.54
2919.47
2999.39
3075.46
3149.69
3223.17
3296.3
3373.66
3453.09
3520.51
3582.05
3636.56
3687.61
3743.53
3801.87
3851.38
3896.43
3935.59
3971.75
4009.84
4048.9
4068
4076.79
4114.74
4167.89
4202.64
4227.71
4231.83
4224.84
4242.25
4272.72
4272.82
4256.54
4252.16
4254.26
4265
4280.48
4287.8
4290.6
4302.88
4320.47
4317.79
4303.7
4302.49
4308.58
4320.2
4334.99
4343.95
4349.54
4335.69
4310.51
4322.29
4355.75
4358.22
4342.34
4351.54
4375.71
4389.41
4396.81
4412.72
4433.79
4438.51
4433.22
4427
4420.21
4426.1
4439.88
4442.62
4438.43
4447.14
4464.02
4463.4
4451.61
4444.45
4440.25
4431.63
4420.14
4411.85
4405.66
4377.85
4335.79
4306.28
4285.1
4254.47
4217.5
4180.66
4143.9
4113.01
4086.14
4062.82
4041.94
4025.37
4011.78
4005.26
4003.66
3984.35
3952.58
3930.75
3915.96
3910.73
3912.33
3906.32
3894.83
3888.32
3885.42
3870.42
3846.54
3834.22
3830.42
3836.42
3849.7
3841.76
3817.88
3814.03
3825.31
3826.97
3821.27
3828.85
3846.64
3851.3
3845.81
3840.54
3835.44
3827.44
3817.15
3816
3822.09
3820.58
3812.99
3797.71
3776.23
3759.65
3747.07
3722.18
3687.21
3656.51
3629.34
3587.39
3533.14
3512.15
3519.04
3506.01
3476.14
3440.07
3398.71
3371.59
3356.71
3334.59
3306.22
3278.27
3250.7
3224.3
3198.92
3176.3
3156.12
3134.41
3111.33
3090.78
3072.5
3060.19
3053.29
3034.66
3005.29
2983.66
2969.18
2954.38
2939.29
2935.66
2942.75
2941.88
2933.49
2932.16
2937.56
2927.24
2901.87
2897.22
2912.61
2921.92
2925.32
2928.51
2931.51
2924.06
2906.28
2899.15
2902.65
2886.36
2850.2
2821.03
2798.95
2784.83
2778.84
2763.93
2739.86
2712.84
2682.77
2653.97
2626.49
2599.85
2574.07
2544.9
2512.14
2485.16
2464.38
2442.93
2420.75
2398.76
2376.98
2358.83
2344.64
2321.25
2287.68
2267.45
2262.05
2239.23
2196.88
2157.19
2120.53
2082.79
2043.83
2001.89
1956.53
1909.28
1859.83
1805.95
1746.91
1692.04
1642.09
1588.3
1529.96
1474.8
1423.45
1380.12
1346.46
1306.97
1260.41
1217.86
1180.2
1148.75
1124.97
1098.79
1069.62
1046.08
1029.6
1010.11
986.836
973.36
972.361
967.774
958.583
949.566
940.775
931.897
922.906
922.376
932.966
941.492
947.287
956.546
970.433
993.304
1028.27
1063.62
1099.48
1139.31
1184.57
1236.08
1296.22
1364.68
1444.7
1536.17
1643.66
1761.55
1894.12
2035.55
2189.6
2358.21
2547.72
2743.28
2947.58
3154.93
3366.72
3591.73
3836.19
4073.01
4298.49
4539.5
4803.74
5056.47
5291.84
5525.98
5758.25
5994.59
6237.15
6465.54
6672.04
6871.04
7058.35
7250.92
7451.72
7644.25
7823.67
8002.87
8181.69
8359.21
8534.64
8714.34
8900.95
9090.41
9284.52
9479.27
9675.08
9875.8
10084.7
10296.5
10513.3
10729.9
10946.1
11168.2
11400.5
11632.9
11865.6
12099.5
12335.7
12570.5
12802.8
13023.8
13224.5
13439.1
13678.4
13896.8
14077.6
14264.5
14462.8
14674.1
14908.9
15134
15340.9
15535.3
15706.4
15887.6
16087.8
16305.4
16555.7
16766.6
16901.9
17039.7
17182.3
17345.6
17549
17712.2
17796.7
17899.5
18038.3
18172
18295.4
18406
18490.9
18565
18617.3
18679.3
18761.2
18807.3
18779.4
18782.7
18851
18896.6
18894.9
18898.2
18912.1
18917.3
18903.7
18881
18838.8
18806.6
18796.7
18789.7
18789.5
18773.8
18723.5
18660.8
18569.9
18484.2
18409.9
18328.5
18231
18143.6
18079.7
17995.1
17862.4
17727.5
17587.2
17474.6
17427.6
17363.1
17257
17163
17098.3
17053.3
17056.5
17069
17104.3
17122.7
17099.4
17100.4
17162.3
17227.7
17302.4
17395
17533.5
17672.9
17814.2
17943.3
18040.3
18151.6
18300.7
18440.9
18557.5
18684.4
18839
18999.1
19174.1
19338.4
19473.9
19608.8
19742.2
19887.7
20067.4
20229.8
20343.7
20455.2
20560.1
20676.1
20824.1
20925.3
20890.5
20877.7
20929.3
20978.9
21022.4
21051
21035.3
21021.9
21015.9
21001.1
20959.4
20910.6
20839.9
20764.3
20673.1
20585
20506.8
20430.5
20360.5
20291.8
20227.7
20160.5
20083.4
19999.2
19891.9
19787.5
19693.3
19610
19563.8
19504.4
19400
19300.3
19217.2
19145
19110.8
19069.8
19004.7
18946.2
18911.3
18871.9
18816.1
18765.2
18732.4
18701.9
18679.6
18657.2
18634.5
18605.7
18553.3
18508.7
18493.7
18464.7
18381.4
18309.7
18283.6
18258.1
18234.5
18212.1
18194.4
18176.1
18155.1
18112.4
17980.1
17875.2
17884.4
17882.9
17836.1
17786.2
17723.1
17657.1
17578.8
17502.7
17436.5
17362.6
17254.4
17149.6
17060.5
16967.1
16854.1
16743.3
16642.2
16536.9
16412.2
16292.7
16197.8
16099.8
15987.1
15868.6
15722.2
15583.1
15480.2
15374.3
15253.1
15133.6
15022.4
14905
14755.1
14613.3
14513.9
14414.6
14316
14213.6
14090.6
13971.1
13870.2
13769.6
13670.8
13576.5
13507.5
13433.9
13333.4
13235.5
13152.8
13068.8
12977
12889.9
12831.8
12773.4
12713.6
12650.4
12566.4
12483.5
12407.7
12329.7
12236.4
12154.2
12145
12128
12059.3
11996.6
11974.6
11950.4
11911.2
11869.5
11810.5
11761
11779.3
11791.3
11757.7
11725.2
11701.5
11681.5
11689.1
11694.8
11685.8
11680.3
11702.2
11717.9
11683
11653.6
11669.7
11686.4
11707.5
11723.8
11698.8
11675.8
11669.9
11662.6
11643.4
11623.3
11595.7
11575.7
11626.6
11672.1
11667.2
11667.3
11715.2
11757.8
11747.1
11737.3
11736.3
11733.4
11710.2
11685.6
11645.4
11605.3
11565.2
11524.7
11479.1
11434
11393.6
11348
11239.4
11136.7
11106.4
11072.1
10986.1
10900.2
10816.7
10732.7
10642.6
10552.5
10462.9
10375.8
10323.7
10269.9
10190.7
10110.7
10019.2
9930.22
9880.47
9828.31
9736.9
9647.71
9595.96
9543.9
9486.35
9426.46
9323.66
9222.79
9158.66
9094.24
9024.41
8954.35
8879.42
8803.77
8712.56
8620.44
8507.45
8396.16
8325.42
8253.2
8143.51
8034.28
7937.27
7839.89
7731.79
7623.44
7507.36
7391.38
7278.79
7165.84
7040.76
6916.8
6833.68
6750.4
6660.79
6570.65
6457.46
6344.36
6235.56
6127.47
6055.94
5983.8
5876.01
5768.36
5670.76
5573.69
5518.35
5462.46
5356.86
5251.36
5156.55
5061.77
4970.16
4878.38
4751.8
4625.22
4496.04
4366.81
4176.89
3986.98
