-29.3755
24.8713
79.1182
85.5841
91.9778
86.7235
81.4287
88.6532
95.9461
93.7192
91.4215
85.9567
80.4621
84.2521
88.1483
85.3413
82.4441
81.121
79.8223
82.2546
84.7522
84.114
83.4147
85.5514
87.7493
86.4336
85.035
85.487
85.9865
85.1251
84.226
82.8418
81.4432
83.2395
85.1376
82.6879
80.0904
79.9036
79.8036
79.4151
79.0155
79.192
79.3919
79.5916
79.7914
79.8
79.8
80.7544
81.7534
79.514
77.1164
78.1406
79.3394
80.3485
81.3476
78.6548
75.7576
82.5904
89.9832
87.5719
84.5748
82.0481
79.5506
83.7184
88.3139
84.5716
80.2759
76.541
72.8446
77.9175
83.612
83.7207
83.421
82.7497
82.0504
81.8146
81.6148
82.8026
84.1013
78.8459
73.0516
71.7709
70.8718
76.9586
83.6521
84.9338
85.733
85.0677
84.2685
80.912
77.3155
78.4582
80.0566
83.3829
86.8795
83.4794
79.3834
77.6417
76.1432
77.7167
79.6148
79.9803
80.1801
81.2795
82.4784
82.6
82.6
84.481
86.5789
82.7781
78.2825
80.1186
82.7161
82.911
82.8111
84.043
85.4416
83.9167
82.0186
79.6785
77.2808
81.3218
86.217
83.8078
80.4112
80.439
80.9385
80.5619
80.0624
80.0874
80.1873
81.77
83.5682
85.0183
86.417
88.3366
90.3346
92.7658
95.2634
93.439
90.9415
86.3741
81.4789
85.7047
91.3991
91.6849
91.0855
93.484
96.3811
92.3561
87.1612
93.1358
101.028
103.051
104.05
106.746
109.743
110.2
110.2
108.764
107.065
108.486
110.484
113.238
116.136
117.523
118.622
118.8
118.8
120.887
123.385
124.3
124.899
127.41
130.307
133.121
135.919
138.468
140.965
145.196
149.791
147.389
143.493
147.728
153.722
157.832
161.528
165.551
169.647
171.786
173.484
178.599
184.494
189.008
193.204
200.476
208.469
214.361
219.756
226.762
234.154
244.682
255.971
259.162
260.361
261.64
262.938
266.71
271.106
277.412
284.205
288.299
291.696
298.577
306.369
313.609
320.702
325.116
328.812
332.037
335.134
338.152
341.149
341.956
342.156
352.108
364.796
369.701
372.399
383.169
396.256
403.149
408.244
413.339
418.434
420.987
422.785
429.117
436.809
441.359
444.956
455.204
467.492
471.01
471.809
477.02
483.614
492.255
501.546
500.243
495.548
497.419
501.415
513.165
527.451
529.048
526.45
534.861
546.949
552.39
555.587
565.563
577.851
586.721
594.413
610.332
629.113
639.543
647.036
661.9
679.383
691.131
700.822
724.297
752.769
768.663
779.952
805.973
837.442
862.365
884.843
912.109
941.18
968.949
996.223
1033.09
1073.65
1105.51
1133.98
1171.49
1212.55
1258.91
1307.36
1346.32
1381.48
1434.8
1495.44
1536.63
1569.9
1631.34
1704.36
1751.49
1787.85
1839.35
1897.2
1950.41
2001.66
2063.05
2128.79
2193.83
2258.56
2330.89
2406.51
2473.95
2537.79
2611.18
2688.8
2770.43
2853.84
2926.94
2995.37
3068.13
3142.86
3220.39
3299.21
3391.13
3489.14
3562.85
3625.19
3727.42
3848.5
3926.09
3982.93
4048.21
4117.54
4210.68
4315.38
4385.34
4438.29
4493.71
4550.35
4591.73
4625.5
4676.02
4734.96
4763.61
4776.9
4820.58
4879.83
4919.24
4948.41
4950.12
4937.53
4948.2
4971.07
5002.96
5039.63
5045.69
5035.4
5035.63
5041.52
5055.12
5072.9
5068.04
5050.76
5040.03
5032.94
5032.96
5036.96
5030.86
5019.07
5020.66
5029.85
5043.24
5059.02
5072.65
5085.04
5083.54
5073.95
5067.44
5062.75
5054.03
5042.94
5060.94
5096.31
5112.41
5116.9
5134.64
5160.41
5172.12
5175.22
5186.04
5201.62
5214.56
5225.85
5259.6
5307.45
5328.08
5331.48
5347.13
5370.61
5386.73
5398.12
5395.33
5383.34
5367.85
5350.07
5320.3
5282.64
5251.22
5223.94
5194.04
5162.37
5144.89
5137
5109.79
5069.43
5045.77
5033.59
5009.18
4976.31
4953.09
4936.61
4935.49
4945.18
4943.06
4932.57
4927.21
4925.51
4926.31
4928.91
4918.72
4899.24
4895.15
4902.34
4901.89
4895.8
4896.92
4903.42
4912.71
4924.09
4919.73
4903.44
4914.48
4946.35
4965.51
4974.9
4984.18
4993.37
4992.91
4984.92
4968.1
4944.32
4931.24
4926.64
4918.77
4908.28
4901.33
4897.24
4878.7
4848.43
4825.57
4808.79
4783.14
4750.17
4726.42
4710.34
4695.23
4680.94
4659.35
4631.58
4602.83
4573.26
4550.89
4534.71
4508.08
4472.42
4456.92
4459.02
4461.81
4465.2
4449.75
4417.58
4395.49
4382.4
4371.2
4361.71
4348.4
4331.62
4307.84
4277.67
4272.5
4290.39
4276.78
4233.92
4219.03
4230.32
4233.13
4227.93
4221.05
4212.56
4215.69
4229.98
4231.97
4222.08
4224.44
4238.72
4249.48
4256.77
4255.03
4244.34
4252.71
4280.08
4284.88
4267
4245.09
4219.12
4210.3
4218.99
4211.14
4186.26
4160.36
4133.38
4137.92
4175.38
4190.07
4180.78
4163.06
4136.39
4128.54
4140.82
4153.16
4165.55
4159.31
4132.84
4122.86
4130.95
4141.51
4154.8
4148.47
4120.29
4100.45
4089.97
4067.94
4032.87
3995.75
3956.29
3919.44
3885.57
3841.51
3785.67
3737.76
3699.09
3641.1
3560.38
3502.98
3473.2
3427.96
3364.22
3316.07
3286.7
3249.52
3202.87
3162.96
3131.29
3093.67
3048.71
3013.42
2990.14
2971.97
2960.18
2949.23
2939.34
2930.99
2924.59
2914.87
2900.89
2899.45
2914.23
2920.43
2915.44
2919.38
2935.06
2950.45
2965.43
2994.28
3041.63
3088.17
3133.63
3186.33
3248.87
3312.93
3379.07
3449.86
3527.09
3612.25
3708.46
3809.87
3918.56
4029.16
4142.45
4273.05
4428.29
4573.7
4704.97
4850.04
5015.08
5179.02
5341.36
5500.38
5654.53
5817.9
5994.92
6168.91
6338.34
6503.35
6661.7
6829.67
7012.3
7174.64
7305.91
7445.19
7596.84
7729.59
7832.89
7941.28
8057.66
8189.44
8345.59
8487.96
8608.34
8736.72
8877.98
9029.72
9198.45
9355.37
9492.93
9640.45
9804.39
9972.71
10148.3
10357.2
10622
10850.7
11018.4
11215.3
11462
11697.7
11914.6
12118.7
12300.6
12484.4
12671.5
12859.7
13049.7
13249.4
13466.1
13664.1
13828.2
14014
14239
14443.7
14611.3
14787.4
14979
15166.3
15345.6
15528
15716
15892.4
16046.9
16189
16307.7
16425.6
16542.1
16683
16871.3
17037.3
17159.6
17262.2
17326
17407.2
17523.3
17625.8
17701.3
17751.4
17750.1
17760.2
17793.9
17823.5
17844.5
17874.3
17922.2
17940.6
17897.1
17868.3
17870.4
17868.5
17858.4
17850.4
17847.2
17818.8
17735.5
17684.1
17703.1
17694.5
17624.7
17550.9
17468.5
17374.8
17255.7
17125.4
16970
16836.9
16755.5
16668.7
16569.5
16461.1
16331.2
16225.2
16176.2
16118
16038.2
15961.9
15894.1
15842.2
15829
15817.2
15808.8
15822.6
15891.8
15965.2
16049.4
16135.4
16225.8
16310.9
16382.6
16464.4
16572.7
16695.1
16854.1
17011.5
17164.5
17310.7
17438.9
17580.8
17759
17926.8
18066.5
18214.9
18387.4
18545.1
18662
18779.4
18897.9
19002.3
19067.1
19142.4
19248.1
19337.1
19377.7
19414.7
19440.7
19489.2
19603.5
19669.8
19593.4
19526.5
19487.5
19448.2
19407.9
19376.8
19373.4
19362.6
19329.2
19271.7
19138.9
19027.2
18982.1
18924.9
18828.6
18734.8
18649.2
18565.1
18486.1
18403.6
18309.9
18210.5
18091.8
17995
17972.5
17935.9
17851.3
17780.6
17757.7
17719.3
17627.2
17551.3
17532.8
17503.9
17437.7
17387.7
17396.4
17380.3
17273.8
17190.2
17191.2
17187.4
17165.9
17137.5
17083.3
17035.1
17009.3
16987.9
16983.4
16958.1
16851.1
16760.5
16735.1
16707.2
16668.9
16622.3
16541.7
16470.8
16440
16402.7
16337.7
16279.7
16250.9
16218.6
16170.9
16122
16067.6
16003.4
15896.7
15800.8
15752.7
15699.3
15621.8
15542.4
15454.4
15355.4
15205.3
15063.6
14960.8
14858.3
14757.5
14651.3
14518.9
14390.2
14279.3
14160.9
14005.5
13854.3
13724.6
13600.1
13501.4
13407.1
13335
13253.8
13124.6
13004.5
12932.9
12858.6
12770.1
12680
12581.4
12487
12415.9
12339.7
12235
12132.5
12042.5
11952.4
11862.4
11777.2
11720.6
11662.8
11598.5
11530.6
11440.6
11359.3
11332.5
11300.8
11237.7
11172
11089.7
11013.2
10973.9
10931.9
10871.1
10809.8
10744.6
10686
10673.1
10665.4
10694
10714.1
10672.5
10636.7
10642.5
10643
10603.9
10570.6
10581.3
10590.2
10585.2
10580.1
10573.7
10569.6
10584
10596.3
10591.4
10587.4
10591.7
10594.8
10587.8
10580.4
10570.4
10559.6
10542.4
10527.7
10536.3
10543.9
10540.7
10537.1
10530.1
10524.1
10527.9
10527.4
10483.9
10444.8
10451.9
10455.7
10424.9
10394.1
10362.7
10331.4
10299.7
10267.3
10226.9
10185.7
10134.3
10077.2
9953.87
9835.67
9780.92
9727.1
9684.94
9639.57
9552.45
9466.18
9391.15
9315.32
9228.41
9141.46
9054.04
8967.01
8885.59
8805.92
8752.77
8700.68
8665.32
8628.61
8569.96
8511.37
8453.63
8394.65
8313.93
8235.51
8199.25
8160.18
8067.87
7976.65
7906.92
7835.92
7738.82
7643.09
7577.15
7508.99
7390.21
7273.13
7196.7
7119.42
7020.62
6922.29
6836.57
6749.9
6636.31
6523.2
6424.3
6325.52
6230.92
6136.32
6042.11
5947.81
5849.9
5752.16
5661.05
5570.21
5490.89
5411.21
5314.71
5218.81
5154.77
5090.95
5040
4988.7
4913.97
4839.04
4748.23
4657.77
4599.12
4540.24
4454.52
4368.6
4252.31
4135.9
3993.74
3851.53
3694.09
3536.64
3383.59
3230.54
4459.64
4306.59
4153.54
