-105.777
-54.727
-3.677
2.38508
8.37921
7.40444
6.40542
6.49936
6.59926
9.57492
12.572
8.34436
4.04857
7.75335
11.5496
10.0228
8.42434
9.48219
10.5811
10.7964
10.9962
9.82413
8.6253
9.77352
10.9723
11.2928
11.5925
11.8922
12.1919
11.8112
11.4116
10.1389
8.84013
6.28281
3.68536
6.98166
10.4782
10.6
10.6
9.92641
9.22709
6.41508
3.51792
6.37091
9.46788
11.3215
13.1197
13.2
13.2
11.1045
8.90668
7.08905
5.29081
6.24343
7.34235
8.34661
9.34563
12.8007
16.3972
11.3209
5.72638
6.15259
6.95181
7.09388
7.19378
9.07364
11.0717
10.9195
10.6198
6.5885
2.2927
3.95499
6.05294
8.42958
10.8272
11.0927
11.1926
10.5524
9.85313
9.70769
9.60778
6.65228
3.45542
5.49801
7.99556
8.84207
9.54138
9.41694
9.21714
7.73867
6.14024
5.63545
5.23584
6.20035
7.29928
7.76298
8.16259
8.2
8.2
7.47717
6.67795
7.32126
8.12048
7.12045
5.92162
7.50557
9.40371
8.61472
7.51579
6.685
5.88578
5.53246
5.23275
6.00085
6.89997
7.35515
7.75476
7.88859
7.98849
8.97236
10.0713
8.96519
7.56656
9.86413
12.6614
11.9463
10.7475
10.3371
10.0374
10.4371
10.9366
8.55779
5.76053
8.4459
11.9425
12.5736
12.7735
10.9807
8.88273
8.25424
7.85464
5.3852
2.58794
5.03955
8.33632
5.70935
2.11288
5.28318
9.57897
10.5418
10.9414
8.35682
5.25985
5.82082
7.01964
8.04872
9.04774
8.26856
7.16963
7.76033
8.65944
9.13714
9.53675
10.9454
12.5439
9.52815
5.63197
6.84135
9.03919
8.14747
6.64894
6.23339
6.03358
9.07508
12.7714
12.4879
11.389
9.13203
6.63448
7.2728
8.57152
7.40044
5.7021
4.82508
4.12576
7.52323
11.819
10.72
8.42223
8
8
6.94247
5.64374
6.69844
8.29687
9.81435
11.3129
8.6926
5.09613
7.05865
10.3554
10.1159
9.01701
8.96035
9.16015
9.35995
9.55976
9.83934
10.139
10.3592
10.559
10.4412
10.2414
8.77449
6.97625
6.91599
7.3156
9.76409
12.7611
11.7492
9.6513
9.67047
10.2699
10.7129
11.1125
9.79564
7.9974
9.77908
12.5763
12.579
11.7797
10.5159
9.11731
10.4992
12.697
13.2
13.2
12.5084
11.6093
10.7101
9.81103
10.0587
10.6581
12.4014
14.4994
14.9239
14.824
14.8
14.8
14.119
13.2198
11.2641
8.96632
10.9595
14.3562
14.0737
12.5752
12.7991
13.5983
14.4722
15.3713
14.3336
12.6352
13.0916
14.2904
14.8223
15.122
15.1261
15.0262
15.1474
15.3472
16.0616
16.9608
15.5869
13.3891
12.7269
12.627
15.2255
18.8219
19.8
19.8
19.7275
19.6275
21.4809
24.0784
23.3571
21.359
21.5915
22.6904
22.2824
21.2834
21.9303
23.229
25.7409
28.738
32.2332
35.9296
36.3612
35.4621
36.0493
37.2481
35.7649
33.1674
35.7081
40.4035
43.4845
45.8822
46.74
46.9398
48.8147
51.4122
51.4344
50.3354
52.915
57.1109
59.715
61.6131
63.3042
64.9027
69.5291
75.5232
76.0275
74.0295
73.6737
74.0733
80.2043
88.9957
90.2352
87.9374
88.0141
89.2129
89.4647
89.2649
91.5607
95.0572
98.7556
102.552
103.331
102.631
102.6
102.9
107.6
114.493
115.537
113.639
114.988
117.985
118.471
117.672
116.148
114.25
111.761
108.963
111.667
117.262
119.592
120.191
119.358
117.76
117.914
119.013
120.694
122.692
121.4
118.303
117.65
118.349
119.049
119.748
119.297
118.198
117.099
116
114.647
113.148
115.133
119.129
120.537
120.437
122.477
125.774
124.302
120.006
118.588
118.887
120.808
123.705
125.359
126.258
122.944
117.05
116.715
119.812
120.815
120.515
120.707
121.206
121.339
121.239
121.932
123.131
124.451
125.85
123.734
119.338
118.023
118.722
117.796
115.798
113.8
111.802
111.12
111.319
111.042
110.443
112.577
116.573
115.653
111.357
108.537
106.739
105.176
103.778
105.428
109.224
110.625
110.325
108.22
104.823
104.793
107.191
105.77
101.574
102.049
105.945
107.255
106.656
105.255
103.257
102.971
103.97
103.376
101.578
100.063
98.7644
101.363
106.958
106.923
102.527
102.956
107.152
105.702
99.8078
100.653
106.847
109.322
108.823
105.115
98.8216
97.5983
100.495
100.097
97.0006
96.8586
99.1564
99.0549
96.957
94.9134
92.9153
91.0797
89.3814
88.546
88.4461
91.4096
97.0042
98.5826
96.6844
94.9997
93.5012
92.2684
91.2694
89.7408
87.7427
86.9583
87.258
87.2423
86.9426
87.638
89.2364
88.1216
84.5251
81.9163
80.218
80.9018
83.7989
84.8904
84.291
84.8737
86.572
86.888
85.889
84.5329
82.8346
82
82
83.4171
86.2144
88.1546
89.2535
88.4441
85.7467
83.1494
80.6518
81.0941
84.4908
85.4059
83.8074
82.6045
81.8053
79.5288
75.7326
74.1433
74.8426
76.177
78.175
80.2704
82.4682
81.1286
76.0336
74.9926
78.2894
77.9812
73.7853
71.217
70.4178
71.7163
75.3128
75.8231
72.9259
71.3527
71.2528
70.9646
70.465
70.622
71.5211
72.0467
72.1466
70.247
66.0511
62.6424
60.1448
58.7539
58.654
59.2887
60.7872
59.0856
53.5909
51.7835
54.381
55.528
54.9286
53.6974
51.6994
50.4652
50.1655
51.3869
54.4838
53.6611
47.9667
45.5539
47.2522
48.0234
47.6238
46.8286
45.5298
46.0252
48.8225
50.4436
50.5435
50.5566
50.4567
49.7092
48.1108
47.6727
48.7716
49.2716
48.9719
49.0129
49.5124
50.5206
52.2189
54.4658
57.4628
58.78
57.781
59.3319
64.4269
68.3985
70.7962
72.6141
73.6131
75.8898
79.9857
84.656
90.1506
93.1142
92.4149
96.5908
107.88
115.449
117.547
119.323
120.622
125.684
136.374
144.115
147.412
153.642
164.332
168.946
164.25
163.52
168.914
174.426
180.121
186.087
192.481
197.483
200.28
204.27
210.164
214.106
214.905
216.619
219.815
221.838
221.938
224.337
230.531
236.012
240.308
243.298
244.098
248.867
260.355
269.371
274.167
278.044
280.342
284.137
290.531
292.602
287.108
288.729
302.916
313.796
318.791
320.571
316.575
316.523
323.616
330.532
337.126
343.122
348.017
352.703
356.998
360.703
363.301
366.382
370.378
373.206
373.805
373.824
372.725
373.155
376.552
382.887
394.975
400.952
394.858
392.603
397.997
402.496
405.193
408.649
413.645
415.459
410.763
408.545
411.442
411.52
405.726
401.413
400.215
400.52
404.017
405.986
404.688
402.851
399.854
398.491
400.689
402.169
402.069
401.69
400.691
399.26
396.862
394.005
390.109
387.461
387.661
386.227
381.032
377.039
375.84
373.149
366.955
362.511
362.211
361.234
358.636
357.883
361.579
363.822
362.523
361.687
361.986
363.634
368.629
372.399
373.099
371.733
365.139
362.31
369.104
374.251
375.15
377.435
383.329
388.563
392.059
396.949
405.54
411.827
411.927
411.111
407.815
408.58
420.469
429.943
432.74
435.169
436.567
437.182
435.583
435.801
441.196
446.359
450.854
453.663
451.565
450.456
452.255
453.675
453.975
453.726
451.827
451.192
454.389
456.333
454.435
450.903
442.312
437.396
443.989
447.153
439.461
431.697
423.705
418.732
423.528
427.2
427.2
426.782
424.984
422.173
415.98
411.633
413.531
414.231
410.834
408.738
411.136
411.4
404.207
399.327
402.624
405.484
406.782
407.043
403.546
400.971
401.771
401.72
398.523
395.537
393.339
392.809
398.604
402.043
396.449
392.205
393.204
393.311
389.914
386.618
383.721
381.181
380.082
379.633
381.831
383.717
384.316
384.028
380.032
377.086
378.585
379.46
377.662
374.872
367.779
361.963
361.763
362.259
365.855
367.278
358.887
351.677
349.879
348.063
346.165
344.477
343.778
343.235
343.434
342.092
333.301
326.576
329.972
331.645
324.751
318.752
317.253
315.673
313.675
311.386
307.59
304.129
302.43
300.748
299.149
297.442
295.144
293.338
294.237
294.256
289.361
285.17
284.97
284.401
281.703
279.59
280.888
281.597
278.8
276.755
279.252
280.084
270.693
262.255
259.757
257.586
257.486
258.03
262.726
266.271
262.275
258.487
256.09
253.897
253.098
252.488
253.188
253.278
249.082
245.755
248.652
251.236
251.536
251.622
250.124
248.858
249.358
249.708
248.909
248.571
251.868
253.793
244.702
237.219
242.914
248.011
248.11
248.556
251.953
255.031
255.33
255.196
251.2
247.046
241.452
236.962
242.756
248.646
255.439
260.567
249.478
239.673
242.67
245.382
245.182
244.843
243.045
241.323
240.424
239.567
239.167
238.743
238.044
237.178
234.381
231.993
234.491
236.747
236.048
235.158
231.861
228.535
224.839
221.247
219.049
216.79
213.693
210.623
207.925
205.266
203.168
201.391
204.488
207.239
204.541
201.832
198.935
196.418
200.314
203.887
201.789
199.582
195.386
191.27
188.673
186.075
183.478
180.862
177.865
175.119
177.816
180.307
178.109
175.626
166.335
157.518
160.615
163.593
163.393
162.97
156.277
149.781
149.181
148.524
146.026
143.62
144.319
144.865
139.77
134.812
135.312
135.692
130.896
126.181
125.282
124.327
120.431
116.585
115.686
114.818
116.016
117.158
113.861
110.565
107.368
104.185
102.487
100.759
94.8652
88.9921
87.3937
85.7908
82.6938
79.5942
73.7998
68.0055
02.59
996.8
991.005
