75.198989
68.837250
70.431335
79.718277
71.364175
72.754630
70.801995
67.105405
80.678927
86.863167
75.258659
78.137064
86.236152
87.135907
91.532962
91.303221
87.082571
94.168442
101.835113
105.531293
96.435064
103.869113
105.326006
112.251976
119.540684
114.454267
111.019203
114.469436
110.527774
112.069503
123.167756
128.994375
136.051316
135.905136
131.686179
137.005346
143.187006
143.350203
153.440298
155.477429
155.756979
158.122380
165.391000
165.697195
160.750419
166.519217
177.178180
179.514081
179.531908
185.396041
198.563023
200.466280
214.470486
230.935530
237.503104
260.043515
274.854186
297.238444
313.080049
339.986932
358.758936
394.110712
440.041102
483.514511
539.815158
597.229945
662.904545
742.189602
812.662418
910.497207
1025.454350
1102.511729
1210.337401
1350.977143
1473.687594
1606.628233
1748.976297
1905.072486
2075.676241
2240.111128
2404.801073
2599.052895
2795.158158
2969.314455
3152.194802
3329.699624
3535.474812
3730.207801
3930.221015
4093.494436
4268.203741
4405.330508
4528.627143
4651.327363
4769.724248
4867.398872
4949.688305
5026.896711
5091.123214
5157.640075
5198.551582
5218.176429
5232.241241
5258.078571
5289.362143
5287.436723
5314.268421
5318.493083
5333.676861
5328.030113
5336.865489
5356.286485
5401.491842
5410.606842
5351.878271
5384.942688
5390.608832
5434.493609
5426.178644
5433.189868
5433.767744
5435.606780
5468.860432
5476.385338
5492.883609
5464.632316
5402.462519
5339.781504
5288.177368
5229.276579
5142.931205
5033.098383
4929.916139
4875.629793
4794.097269
4768.329474
4742.612632
4701.959435
4665.138008
4653.588741
4645.953365
4627.196629
4596.091880
4568.721034
4539.470979
4524.700000
4548.693559
4583.109981
4586.030847
4572.405714
4575.622162
4537.619117
4512.502707
4494.513333
4476.534605
4439.212857
4391.876015
4294.894350
4214.340771
4179.381617
4103.623202
4002.048947
3931.886798
3865.961429
3802.787914
3763.879680
3686.192857
3613.695677
3578.686053
3532.176704
3479.385188
3437.993327
3439.254662
3409.149887
3375.100301
3353.302989
3357.932203
3360.109474
3353.207834
3351.471128
3352.736053
3358.657293
3332.102669
3294.132782
3248.463985
3204.411243
3146.920000
3087.018647
3029.882406
2981.864060
2897.067613
2809.745489
2764.894737
2717.903684
2657.235254
2612.709925
2568.264117
2496.310489
2428.757797
2396.546842
2324.174812
2205.152655
2094.696278
1979.601864
1843.925207
1702.463383
1570.118795
1455.330038
1356.873421
1256.610789
1163.070527
1077.855583
1009.820150
970.071639
925.913596
880.733284
845.889466
827.261041
818.852592
816.843638
804.883594
806.604551
823.931305
869.192132
900.815605
964.993750
1075.729981
1208.486541
1384.982857
1633.931053
1937.537331
2296.107288
2728.045733
3203.759153
3766.259624
4306.226064
4891.599305
5487.707744
6090.702316
6681.305752
7293.007763
7877.910000
8395.629831
8860.926823
9305.696128
9749.069284
10215.638722
10685.959699
11061.914286
11471.933333
12009.000752
12506.313158
13007.412406
13599.323872
14170.130132
14762.539850
15372.902256
15916.331579
16481.910734
17019.353008
17566.107895
18145.344068
18666.564662
19199.729944
19818.207519
20291.958192
20813.858647
21328.487970
21800.191917
22247.032331
22612.654802
22997.521992
23340.151601
23656.481579
23941.094915
24070.234211
24200.820301
24376.072180
24493.800000
24552.209040
24521.900000
24486.211090
24507.112594
24540.421053
24553.728571
24498.383647
24453.956874
24315.057143
24084.097744
23838.880263
23549.400000
23294.347368
22991.912030
22659.178908
22389.082331
22179.200377
22016.877444
21923.426316
21969.487006
22059.686466
22145.702632
22395.678947
22664.388324
22932.971241
23260.497744
23623.921053
23929.992105
24306.312218
24749.870677
25184.993220
25605.146617
26017.889642
26385.123308
26682.542481
26980.042561
27261.324436
27438.071053
27454.013158
27565.296610
27579.451128
27561.514474
27473.660526
27352.336842
27304.131827
27156.564850
26952.932768
26667.669925
26349.580226
26119.881579
25902.925564
25717.835028
25506.902820
25290.640414
25145.148120
25036.022034
24948.542669
24738.654511
24670.997368
24558.221053
24379.951789
24354.467669
24304.209040
24232.950940
24105.144068
23986.121805
23960.021992
23776.735593
23696.972180
23674.497363
23553.950000
23450.055932
23321.918421
23191.228437
23082.386842
22931.278947
22765.076836
22587.366917
22367.242750
22162.817293
21915.424294
21599.460338
21260.151128
20919.485714
20631.516165
20236.126554
19929.822180
19667.638418
19404.556203
19053.127307
18753.473684
18499.793421
18343.691714
18162.206015
17853.188136
17576.221805
17387.267797
17192.053383
16968.077256
16731.548684
16494.680075
16321.402637
16106.479699
15956.094737
15801.335338
15670.016384
15521.446053
15501.676316
15404.895292
15325.572368
15265.113559
15240.293233
15290.012241
15278.599436
15241.123308
15282.196992
15325.976880
15396.305838
15379.306767
15340.898120
15322.020904
15249.355639
15294.828947
15313.526316
15303.205085
15346.245865
15375.310526
15345.732895
15313.323308
15264.585714
15221.421429
15167.497363
15014.185714
14791.811299
14570.782895
14408.671429
14176.158757
13974.409774
13796.147368
13659.594737
13411.512806
13178.168985
13060.847744
12895.792481
12726.144737
12621.042373
12491.718045
12334.655556
12180.510338
11951.395669
11706.292105
11535.170301
11258.662712
11000.635338
10706.384211
10506.000000
10203.572128
9903.344023
9629.943609
9368.361090
9104.715188
8873.382203
8621.554192
8378.472260
8159.885827
7913.387024
7680.694380
7447.124436
7233.659058
7114.081711
6875.074237
