211.191158
223.085134
213.925957
224.456545
243.563169
246.105541
257.527475
275.445602
295.726712
309.228051
318.307211
336.441693
361.136821
386.604209
402.859000
417.856113
451.736487
468.439579
495.410823
512.201278
550.992976
569.422857
593.172100
619.240816
636.637124
659.214004
671.206532
694.269748
727.454496
748.269891
776.015645
818.511996
834.019789
844.744339
880.057945
924.229203
964.589422
973.136102
1018.349567
1048.873571
1078.105650
1080.589436
1112.421429
1125.571128
1135.392989
1151.883239
1160.803421
1176.309736
1197.893684
1212.963503
1250.979549
1276.529906
1312.791412
1342.405977
1410.199435
1468.514417
1505.128832
1582.474211
1654.688910
1711.076290
1770.733271
1850.684915
1942.959117
2027.723759
2117.411579
2229.138192
2333.999154
2445.507932
2558.460527
2652.025639
2781.697232
2921.774211
3064.510452
3172.556805
3310.339474
3437.545263
3592.536786
3763.857213
3931.124586
4106.543177
4302.303164
4495.589211
4667.100000
4860.891974
5063.095254
5293.606767
5478.785639
5679.211429
5857.009774
6065.149662
6268.220000
6439.403898
6553.446842
6682.074953
6779.682462
6863.976617
6956.441770
7020.129605
7075.305357
7105.043459
7151.037853
7181.086429
7206.732180
7184.709361
7180.155357
7196.263164
7173.383985
7163.573008
7185.375150
7190.017627
7193.482218
7219.636015
7234.331842
7212.463684
7215.912180
7283.016654
7306.384878
7315.771203
7373.684746
7456.928628
7546.438722
7585.301996
7716.928534
7774.899211
7848.466353
7865.433465
7881.550075
7860.899098
7798.560000
7752.722500
7705.027495
7624.515038
7568.814275
7548.257989
7477.707853
7508.476165
7529.916748
7519.083220
7513.399060
7478.509906
7461.820695
7447.772599
7477.777143
7476.478722
7440.912015
7427.292105
7462.689661
7518.607932
7527.837966
7550.679474
7589.888195
7588.116861
7556.904812
7561.952655
7462.756128
7382.527444
7368.527444
7344.514802
7299.372801
7243.299135
7184.745932
7143.203289
7114.859548
7070.885714
7016.900620
6972.984192
6928.902857
6958.136241
6944.463891
6897.390245
6872.267218
6861.707011
6845.223741
6854.165330
6845.986203
6827.080583
6813.222542
6814.604211
6821.607834
6826.188308
6835.649887
6856.856278
6893.844944
6888.823045
6917.837519
6926.798136
6927.493722
6942.453684
6944.300188
6969.670489
7012.136504
7038.785263
7084.266842
7126.363158
7175.181130
7262.313233
7322.178327
7314.785470
7353.072241
7404.753459
7391.283214
7363.021733
7322.852857
7244.331695
7189.740019
7068.511353
6994.700264
6924.856278
6825.383947
6792.210263
6753.223635
6686.382594
6654.853609
6632.374887
6596.018609
6533.505395
6527.147368
6517.563691
6522.396222
6530.236723
6565.030977
6618.236297
6689.935311
6777.341203
6867.498947
6959.852500
7068.223220
7180.164135
7298.561071
7432.274737
7567.899699
7731.165254
7930.665658
8136.320508
8326.843985
8585.496911
8870.933590
9145.079211
9428.941299
9647.222613
9851.266974
10117.388421
10387.203955
10656.893609
10865.689098
11048.160075
11329.142669
11628.851977
11942.919549
12243.944444
12636.577444
13039.271429
13461.943609
13932.447744
14433.745951
14927.790977
15474.572744
15910.200000
16326.981356
16789.215038
17219.475564
17626.127119
18091.934586
18626.077589
19167.677820
19587.028814
20043.904511
20493.187030
20854.944925
21280.788722
21584.121469
21863.407331
22168.448023
22460.063158
22645.883616
22835.641353
22959.844361
23024.884211
23084.640414
23112.742373
23185.401880
23207.752820
23196.286654
23192.754135
23204.585714
23034.532707
22863.365725
22671.228571
22425.268797
22227.057895
21950.000000
21606.672180
21242.534023
20948.655179
20757.873684
20603.127684
20479.760150
20425.278195
20452.424859
20574.281015
20723.056391
20904.222932
21227.366102
21489.597744
21776.304511
22071.647368
22456.431579
22869.709774
23303.824060
23695.329944
24090.361842
24504.083239
24831.057143
25124.892293
25401.871563
25572.241729
25722.344737
25892.251692
25904.315254
25891.951128
25802.226504
25744.852632
25626.476316
25420.823352
25170.255263
25004.228249
24839.978195
24590.124859
24364.662782
24185.503383
23964.507345
23817.544925
23696.183271
23472.210526
23415.891902
23269.762782
23116.548120
23004.300000
22908.944737
22840.585122
22720.835338
22673.074388
22601.833271
22523.187382
22487.368045
22370.826692
22220.061017
22094.972932
22055.608663
21893.957143
21781.313371
21626.855263
21582.613371
21455.163158
21292.621053
21121.016384
20886.018233
20650.255932
20396.520677
20167.002260
19946.796805
19622.090977
19239.996241
18935.386090
18679.428249
18390.892105
18107.740113
17805.842481
17626.562335
17398.084211
17153.490789
16942.627495
16685.559023
16487.100000
16318.032519
16148.125424
15942.245865
15750.814474
15642.555827
15507.345489
15354.754426
15173.365226
14990.651880
14865.191729
14769.679096
14617.225000
14585.492105
14500.475895
14507.506015
14497.193785
14446.710526
14451.774200
14502.831767
14519.724436
14525.933459
14550.375564
14490.213748
14403.918797
14414.425940
14350.495292
14348.441729
14393.686842
14389.807895
14439.801695
14500.106015
14482.406203
14424.514286
14401.671053
14420.507143
14335.853008
14180.476083
14079.685714
13900.638983
13652.449436
13426.107143
13312.570433
13107.643985
12939.311842
12744.052632
12556.547458
12366.840414
12177.851504
12048.355263
11926.280451
11748.012994
11583.509023
11409.119397
11211.268421
11062.922976
10839.414662
10594.465414
10449.662712
10179.352632
9856.409474
9685.151974
9436.967269
9160.814774
8890.732124
8667.497068
8473.175263
8242.313955
8018.051955
7798.986328
7541.992556
7311.485254
7135.865677
6915.022105
6742.346780
6556.032444
6368.257966
