107.252526
103.597218
109.881816
114.383838
115.480678
110.909626
121.558898
115.284609
117.053783
124.038098
119.924793
115.074774
119.329338
128.240452
138.812624
144.829723
142.429645
151.603053
162.644436
163.857987
174.521017
173.678368
169.916874
185.388840
188.697497
188.600000
195.578402
195.930205
197.510564
208.836254
218.148316
220.842237
226.990947
233.085102
234.615660
240.180722
241.946584
254.545368
261.700043
273.042286
268.863047
283.168758
283.873571
281.562338
290.948075
298.986910
303.294861
309.304655
314.918816
330.127804
351.184398
368.831043
378.090915
393.962620
419.635580
446.334162
471.727032
523.394947
559.730115
608.845345
659.932180
717.886068
784.626831
859.728805
952.315947
1053.077740
1158.116203
1274.450564
1396.093484
1536.422143
1687.444463
1867.660602
2041.473559
2220.392368
2393.419586
2606.292707
2820.167124
3042.971431
3287.237669
3550.660808
3810.638983
4052.452632
4326.080752
4625.093703
4884.765574
5138.749699
5392.576316
5672.048365
5943.155902
6180.772256
6400.236898
6603.575593
6797.197594
6948.583540
7079.273553
7211.748008
7347.502787
7474.006974
7554.235357
7621.769173
7722.403503
7755.282500
7778.404361
7763.228271
7789.050357
7818.006987
7813.592331
7840.782406
7872.030019
7882.118192
7858.830000
7860.211203
7893.684737
7897.111579
7875.074361
7893.051241
7931.782429
7921.805376
7973.698644
7967.195752
8034.920150
8072.746648
8122.801485
8138.213797
8145.770226
8127.125028
8040.618195
7954.260677
7839.253158
7707.389605
7596.926045
7450.809135
7357.829153
7251.171805
7192.089379
7096.175038
7071.390414
7035.784124
7022.702218
6966.270921
6932.097989
6884.731996
6878.082331
6875.373327
6863.847476
6867.648158
6867.856441
6873.917707
6911.476949
6899.247218
6900.738327
6842.672049
6796.583271
6826.479077
6739.478929
6662.119248
6583.550075
6461.971356
6393.566466
6305.920301
6198.810810
6103.686053
6004.466855
5883.038571
5767.533402
5702.261353
5600.349286
5524.086353
5484.723195
5419.523465
5392.064511
5356.838703
5305.578797
5300.081186
5250.973308
5203.458459
5182.647288
5182.615263
5192.776460
5188.770357
5172.919774
5175.546090
5161.611767
5098.600019
5030.684135
4993.818079
4884.729624
4783.326090
4694.102782
4647.247895
4572.739154
4470.097068
4380.404211
4276.744079
4189.908870
4134.371391
4069.352763
4007.713139
3942.498060
3844.724511
3760.793571
3612.565725
3454.657256
3262.673729
3058.635451
2888.968421
2686.328814
2490.924962
2345.940395
2193.011316
2038.873296
1925.177086
1839.498346
1759.183759
1688.059793
1625.257368
1580.736203
1557.201657
1538.799680
1519.443390
1514.383158
1531.033797
1554.027119
1611.991880
1689.173158
1811.880000
1980.000697
2212.306165
2523.550714
2900.367782
3353.025602
3899.558644
4550.368271
5250.498136
6042.297368
6815.479962
7633.410470
8452.664211
9245.473352
10021.983553
10701.959211
11357.878947
11973.853107
12572.923684
13138.327820
13652.374576
14167.047744
14681.043691
15239.066165
15834.155556
16447.518045
17088.018045
17741.192857
18511.671805
19261.926554
19943.462406
20712.494173
21350.585526
21994.539925
22694.265038
23381.728571
24021.808475
24662.499248
25334.802825
25934.548496
26591.731262
27221.249624
27745.009774
28289.287594
28868.289474
29399.264972
29822.761654
30187.713183
30502.065789
30815.574200
31076.790977
31218.029323
31354.993233
31493.716353
31506.981921
31493.751880
31501.132519
31491.447180
31398.521805
31419.542857
31371.498496
31190.830697
30946.842857
30726.227820
30312.265789
29884.900000
29492.227068
29132.453759
28746.578343
28386.605263
28172.335217
28087.559211
28086.305263
27995.626554
28114.331767
28308.287406
28483.872180
28744.369303
29168.106391
29637.739098
30178.421053
30642.257895
31174.245113
31779.793609
32324.772881
32844.539850
33319.760640
33699.125564
34104.598496
34418.780226
34626.269549
34957.976692
35100.112406
35113.298305
35163.363910
35142.127068
35056.523684
34914.057895
34684.433710
34479.451504
34196.997175
33900.424060
33684.243503
33432.426128
33148.981579
32935.849906
32632.743045
32354.648684
32152.437594
32016.382109
31840.134211
31641.401504
31568.100000
31449.165789
31377.219397
31199.413534
31023.734087
30944.646617
30847.132580
30692.407895
30553.366165
30452.128814
30362.617293
30193.173635
30066.389286
29947.552354
29816.649624
29667.443126
29540.765789
29246.857895
28959.330508
28653.592105
28377.148588
28115.773684
27804.301883
27402.501316
26961.495489
26573.507519
26201.710714
25814.684746
25275.154511
24956.164407
24598.078759
24271.997928
23929.710526
23599.923684
23340.341808
23088.992857
22780.845763
22487.956579
22222.722034
21932.247368
21696.652820
21501.886090
21212.805639
21023.605650
20748.378383
20537.418045
20388.090977
20230.338418
20081.247368
20044.636842
19954.700565
19885.251316
19814.082486
19831.589474
19868.578719
19840.984023
19867.483835
19907.220301
19883.662970
19991.533898
19897.162406
19879.280451
19860.610923
19871.082331
19871.807895
19834.925000
19828.691525
19892.983459
19962.742857
19966.757143
19936.668797
19851.042857
19749.053571
19586.660264
19336.657143
19167.353107
18953.197744
18662.350000
18394.917891
18197.656203
17810.536842
17650.405263
17393.245009
17222.653759
16932.161654
16660.082331
16449.063910
16261.178154
16081.780451
15863.324670
15593.939850
15331.283804
15062.689474
14776.364474
14516.603390
14180.236842
13885.015789
13510.259211
13186.958192
12841.400000
12504.543421
12170.391729
11816.848120
11499.355367
11189.584586
10838.446328
10527.090226
10279.481921
9984.582049
9693.201729
9396.943710
9172.473346
8935.984181
