57.785863
56.806254
48.234739
52.010642
63.123037
51.396664
56.086653
56.886177
47.967815
51.762871
49.007158
49.029722
51.828922
56.891945
64.217080
62.339167
61.680417
63.318521
61.024090
67.079728
60.903825
58.794571
69.598229
72.505204
66.152823
72.056810
76.234422
81.760122
75.130271
76.868384
84.414126
75.861717
79.418582
80.199414
75.926295
79.349308
86.328264
94.327158
102.059426
94.390364
96.419142
101.755386
94.878400
92.655895
104.890741
116.805499
119.800000
121.704211
124.329474
123.480017
123.685293
125.837615
137.573311
141.136030
157.416395
158.859626
169.890979
168.159872
199.004370
213.000000
230.160752
245.684322
265.586570
299.456692
332.572526
366.234998
398.025425
441.383752
498.265234
548.441823
609.076418
667.685940
747.613831
806.576865
903.439560
983.314011
1071.639079
1163.802034
1268.591955
1374.181635
1476.976667
1594.648158
1691.945338
1804.052068
1940.253861
2044.326617
2171.257500
2307.765695
2406.196541
2502.039211
2596.874380
2707.161186
2781.746992
2865.525160
2931.270132
2992.975752
3068.010395
3108.425000
3126.050000
3169.266316
3222.972712
3226.090357
3235.743308
3263.918083
3269.204286
3287.122486
3318.832481
3324.504586
3300.624511
3302.723503
3309.862632
3315.437895
3316.531842
3305.388421
3309.186015
3316.605038
3302.442222
3346.960075
3352.885085
3332.990320
3353.268346
3345.923333
3360.436335
3370.536335
3357.957632
3364.360414
3344.486429
3283.621053
3232.460526
3201.176842
3168.758776
3133.831429
3069.637891
3004.045940
2959.202279
2942.553383
2929.951071
2893.247458
2892.385451
2848.823214
2842.794023
2824.093955
2814.413308
2804.106504
2784.023597
2770.481053
2778.089492
2791.416147
2777.725932
2764.578346
2777.190338
2796.822218
2786.285113
2774.763804
2748.538590
2707.006992
2685.991203
2657.914802
2601.974925
2548.289098
2516.624746
2482.765526
2452.033183
2409.931429
2327.083985
2292.682575
2265.969286
2239.596504
2197.009398
2162.512580
2133.828271
2124.017726
2080.023008
2068.361243
2053.769962
2041.854098
2053.495254
2049.338421
2034.382938
2042.066203
2045.714098
2028.102820
2015.860771
2002.461898
1968.041955
1939.123390
1907.093872
1893.914323
1849.704699
1814.429342
1771.432914
1715.882481
1693.363158
1658.306184
1610.478362
1581.003835
1549.923947
1517.002744
1495.632825
1449.833684
1403.921654
1353.819115
1289.643271
1235.184746
1160.662350
1075.900376
989.103552
913.595731
849.692329
788.130947
734.458930
694.608019
653.561068
614.871647
598.244998
567.116107
552.472662
535.025774
522.725573
514.037516
503.855158
509.642981
532.704379
569.717500
582.787658
607.871000
676.326188
760.826083
864.446571
1007.223974
1169.214436
1365.640508
1610.628741
1893.003051
2207.716917
2537.565179
2874.793853
3238.577180
3624.319021
4020.541598
4345.954737
4683.950000
4992.052881
5281.328289
5566.050376
5834.948832
6105.465733
6359.942825
6618.291955
6865.910000
7174.761992
7522.409474
7821.851579
8160.433440
8470.249812
8827.348647
9169.829605
9523.983816
9890.088644
10215.683083
10552.363722
10882.108475
11170.403008
11493.125800
11807.417293
12114.488701
12401.869549
12722.015038
12954.045865
13222.940602
13472.526554
13651.962782
13883.099247
14120.157895
14273.507910
14370.793045
14441.475940
14547.412782
14656.444173
14672.466667
14673.808647
14691.281955
14659.246429
14687.708271
14642.442857
14609.469173
14512.395292
14436.278571
14347.008835
14164.964474
14053.800000
13895.354887
13724.420865
13574.066667
13415.674812
13314.304143
13266.533647
13192.750376
13202.058192
13158.440977
13226.206767
13386.158271
13511.766102
13651.523872
13826.554135
14012.578947
14216.456579
14442.781203
14688.921429
14979.507345
15222.410526
15396.783992
15594.866165
15778.951880
15950.287382
16061.195489
16179.756015
16281.127444
16303.615254
16323.808271
16260.889098
16268.964474
16164.371053
16081.951036
15988.841353
15847.072505
15741.219549
15605.512429
15406.558271
15288.654135
15200.384557
15065.910902
14965.710338
14855.666165
14794.613936
14711.528571
14698.974060
14586.673684
14519.234211
14461.488324
14371.772180
14330.559510
14358.509211
14294.275518
14179.131955
14157.290414
14099.961017
14058.303759
14023.000753
13983.892857
13916.668173
13817.719549
13715.924482
13633.284211
13527.968421
13436.366102
13330.536090
13183.523164
13050.925188
12867.641243
12674.877820
12518.097744
12305.136842
12131.768985
11957.795480
11856.116541
11690.274576
11496.297180
11349.141243
11189.105263
11025.556579
10871.776083
10738.250376
10608.866102
10497.772932
10361.903390
10207.836090
10066.964474
9960.199192
9902.583008
9781.971751
9678.247086
9605.605639
9465.822632
9388.119153
9356.788947
9316.930789
9260.083202
9218.210714
9210.393107
9189.388722
9175.364708
9160.449267
9150.614098
9150.292331
9134.745752
9152.100452
9153.059248
9169.165451
9173.416817
9167.330376
9110.975000
9143.608289
9146.565593
9126.300602
9125.618891
9143.658177
9141.694925
9090.474286
9047.118684
9025.455104
8962.191429
8874.839209
8804.765996
8719.586429
8545.312128
8421.607876
8317.083684
8225.431579
8095.638663
7971.211090
7858.593496
7768.346203
7688.938985
7585.007269
7470.407368
7376.834068
7275.733064
7141.206516
7013.027857
6886.222180
6776.984915
6651.665414
6456.238947
6350.231842
6175.203503
6069.272481
5907.856823
5741.992970
5596.506767
5442.318983
5301.638816
5128.943503
4953.886805
4842.348286
4710.022143
4579.503759
4414.021337
4320.424286
4175.795198
