50.300142
46.527741
53.258063
58.892389
60.106090
56.052961
49.344207
58.083833
55.587541
60.497545
58.089590
66.238547
73.990516
69.548215
69.990437
76.826584
81.492524
84.168784
87.559854
86.546611
97.484122
93.398581
103.097028
104.273707
99.063605
100.733673
105.625735
105.879825
113.324947
115.811348
112.092887
119.229252
122.405921
123.460576
129.631363
127.703797
139.458296
142.366258
133.381392
145.691857
158.584964
159.512885
161.329571
162.116000
161.364250
162.450996
166.455274
171.613420
178.296513
183.317802
177.366098
176.793329
182.692497
180.092613
201.953411
207.691235
216.509262
230.817774
236.333224
249.857544
265.031748
270.696492
275.146521
293.935459
313.878526
324.975503
351.693055
363.031342
386.334186
407.203440
433.504847
453.410594
472.531429
511.083124
524.387395
546.753647
590.838652
623.201849
649.495511
679.242945
708.701390
747.000237
787.135173
830.160382
881.246876
914.205797
949.396444
983.023481
1026.924248
1061.731617
1112.823026
1138.468983
1165.620902
1192.298738
1224.114850
1248.681692
1259.938701
1275.109737
1289.152500
1301.597970
1316.126836
1304.403929
1311.475714
1329.552180
1328.940714
1331.091977
1328.948271
1337.101053
1339.188985
1342.502147
1337.646504
1335.606898
1345.701184
1350.517895
1345.223459
1349.212086
1361.115235
1370.724737
1382.865763
1381.901523
1395.649023
1402.177646
1416.805263
1434.310432
1446.373459
1432.429209
1434.630470
1429.892406
1414.110000
1414.941711
1406.527815
1379.731654
1385.754859
1378.689699
1379.126629
1370.309549
1354.214981
1346.740000
1340.462030
1351.519793
1341.672274
1342.441544
1339.450902
1335.133083
1331.361412
1335.999211
1346.158305
1341.695489
1337.994915
1350.104812
1354.921203
1359.804229
1346.648158
1357.554313
1363.002838
1339.245564
1341.470376
1346.090508
1320.584850
1317.768835
1311.902109
1294.185921
1282.073748
1274.655714
1270.672180
1248.117481
1247.542857
1240.940414
1225.447632
1250.028023
1244.935564
1239.882669
1209.491165
1207.200565
1207.241429
1193.723064
1189.538305
1203.235789
1205.506836
1192.540564
1183.795827
1176.850902
1198.809211
1195.845771
1181.339699
1186.068870
1180.174793
1194.276805
1200.438459
1188.587820
1187.158158
1183.109549
1183.702632
1187.139211
1191.336780
1193.506429
1192.093835
1189.860620
1181.996516
1190.784060
1189.796259
1192.101111
1168.665301
1152.117627
1138.623741
1114.635188
1100.445348
1083.454831
1064.902763
1046.497632
1030.971337
1005.272929
984.264180
982.953797
964.224707
959.597752
969.673504
975.026145
959.542709
972.927588
966.818075
971.300462
986.403294
1008.664613
1039.737895
1046.267500
1067.470979
1101.395714
1134.466071
1184.006147
1232.135865
1280.149322
1356.468346
1421.011525
1490.027068
1542.628305
1615.054079
1699.953496
1814.335443
1896.774361
1972.153684
2056.293158
2127.841130
2211.336259
2280.420564
2339.718569
2442.115320
2524.023164
2576.231654
2682.912222
2775.326447
2877.824398
2972.076241
3088.196485
3206.376215
3328.386992
3442.885169
3563.148947
3696.489492
3822.159925
3940.662763
4061.244915
4185.533910
4294.952957
4374.973703
4521.278606
4655.788910
4741.327444
4840.358233
4965.144436
5051.790565
5140.549944
5236.854049
5294.820263
5349.268343
5366.119680
5428.990677
5491.414737
5489.989342
5505.271864
5510.600000
5511.114568
5518.885752
5546.435865
5537.385714
5550.725451
5513.945857
5473.534286
5443.546259
5384.302632
5352.900000
5308.599474
5243.564229
5164.735066
5110.671353
5092.537006
5052.470301
5018.297895
5007.303955
5027.446165
5014.794812
5070.937256
5107.361036
5148.759305
5208.425639
5270.069474
5349.963816
5442.500357
5509.033534
5572.417062
5639.312613
5731.030923
5849.934962
5921.932462
5992.007137
6015.270827
6063.712932
6104.097820
6073.517288
6119.835714
6124.690451
6126.002895
6086.802895
6030.825556
5968.961165
5943.487552
5913.537068
5878.231356
5859.019492
5805.086767
5757.534275
5714.714361
5680.617368
5673.194060
5580.175292
5527.934323
5489.079737
5460.411053
5440.974342
5420.995895
5400.005564
5406.749492
5400.578177
5370.043766
5348.036429
5333.378929
5306.188983
5252.894812
5218.351733
5163.967143
5184.686949
5150.233233
5121.428870
5100.619737
5069.257895
5024.170452
4955.991523
4929.790226
4903.404135
4831.708757
4753.196880
4690.292105
4639.600677
4597.074568
4496.206215
4440.862895
4370.149209
4269.332556
4247.723070
4161.005263
4113.859737
4063.206516
4004.983008
3948.655932
3904.756165
3853.915424
3793.911504
3743.982218
3710.020771
3674.053985
3614.332448
3596.038929
3538.034586
3517.012030
3454.624633
3439.849737
3433.975263
3406.690339
3374.469154
3363.700151
3336.396316
3328.496968
3348.207237
3352.843647
3346.542556
3356.930169
3369.261507
3364.620827
3377.117124
3361.188173
3341.633534
3363.176053
3355.584342
3358.600000
3344.651504
3356.606692
3368.743177
3370.095263
3363.003571
3338.167105
3316.794068
3305.895714
3275.562938
3249.965414
3178.598571
3136.458663
3114.184944
3078.710000
3008.316316
2967.218060
2935.201466
2896.451316
2846.238308
2810.531165
2775.975650
2751.270752
2729.100320
2675.681541
2616.621130
2587.242857
2547.396241
2519.495424
2459.029474
2384.501053
2320.348816
2287.756704
2224.774474
2168.416447
2119.876165
2061.474511
2005.318192
1960.478872
1900.048814
1835.076692
1785.371921
1724.696617
1685.774887
1645.550885
1572.516541
1528.116554
