92.367679
93.881174
91.662541
98.680403
95.696556
109.633722
95.983205
90.532877
104.568261
102.771949
99.723698
105.080320
114.211438
120.273571
120.743406
122.392757
126.245750
126.417947
134.781143
140.000835
139.109207
148.423226
151.854446
154.157923
157.469842
157.010853
161.348444
150.325135
151.496090
166.469891
175.320389
182.374546
185.466526
192.773017
202.318235
189.198917
203.225761
212.719754
223.647808
225.000000
220.279051
231.340203
236.399429
235.148549
241.170327
251.062934
257.262579
264.181341
274.336697
283.798878
295.903293
307.175513
318.069198
329.542861
347.017702
368.282581
398.327162
429.993526
459.390761
498.770352
543.296274
591.626390
647.116900
714.151729
785.213684
858.770448
962.248421
1074.022218
1183.250546
1301.335301
1397.177006
1564.129098
1715.678588
1856.844962
2019.218383
2188.380338
2370.808741
2586.293540
2814.575564
3035.710526
3261.390395
3489.356579
3714.881692
3963.577838
4197.030546
4457.661654
4705.578665
4958.532970
5165.858421
5348.558459
5549.075207
5744.817627
5927.077820
6078.035141
6187.544474
6307.369436
6415.647175
6488.995526
6598.249286
6680.650301
6737.441243
6779.044286
6808.003534
6822.584962
6819.691429
6852.467702
6808.402632
6817.176767
6837.122688
6883.498701
6894.786767
6875.074756
6871.733289
6877.427368
6888.917744
6909.381898
6897.537420
6914.364962
6958.998136
6940.660545
6956.242932
6985.324143
7011.811241
7040.958233
7029.527895
7004.869567
6966.950207
6876.542481
6781.277368
6698.953158
6577.733070
6439.046654
6340.804218
6284.111541
6170.523315
6149.112256
6106.343252
6070.081017
6014.079887
5979.614643
6000.064305
5946.079586
5902.042331
5898.428421
5894.939981
5885.762895
5899.095932
5931.646861
5932.745932
5908.071203
5921.092368
5895.944511
5875.629135
5794.916384
5723.269699
5726.003233
5619.702481
5521.325537
5491.659323
5401.144737
5284.887495
5176.169474
5082.373898
5009.167143
4915.392820
4850.940075
4784.735000
4718.844398
4669.602951
4613.143164
4588.514436
4508.790921
4511.128383
4475.552354
4450.571767
4407.651823
4375.762712
4377.679474
4394.466139
4399.211673
4378.004925
4361.705865
4369.108609
4326.389342
4284.721278
4191.279548
4116.772068
4064.306429
3994.626842
3917.629342
3838.878402
3752.715940
3659.192632
3567.452763
3501.578023
3455.414398
3396.679041
3335.036203
3289.998644
3210.627519
3117.689774
3004.527891
2884.928271
2736.705254
2568.740771
2402.064436
2221.924350
2052.096090
1918.141053
1801.857895
1695.660094
1595.633703
1512.564060
1449.718271
1376.385132
1323.510075
1292.418872
1275.557213
1253.263778
1247.932185
1241.181128
1270.348496
1299.180734
1350.630414
1428.394737
1527.620000
1679.799379
1893.241128
2148.976429
2464.642293
2859.514135
3309.283898
3863.033477
4426.061356
5069.436767
5746.950584
6459.075583
7194.034850
7923.117043
8623.657500
9281.461447
9919.282632
10455.629379
10993.056955
11526.048872
11964.465160
12415.292105
12950.683427
13491.679699
13999.400000
14564.606203
15152.122932
15757.502632
16453.259398
17102.635217
17698.112030
18356.276880
19012.852632
19602.060264
20192.063910
20821.614850
21438.144068
22044.663158
22697.043503
23336.695677
23901.318079
24440.813910
25007.037594
25467.008083
25888.088722
26382.758192
26808.823872
27251.922034
27593.273684
27902.829567
28117.263346
28285.221053
28421.790226
28505.454323
28564.683051
28547.360902
28515.426880
28461.076128
28473.031579
28504.428571
28384.452632
28236.525612
28067.735714
27827.023872
27471.701316
27204.400000
26882.206767
26389.004323
26010.595292
25790.128571
25540.038418
25361.343985
25308.278195
25331.609605
25427.197932
25541.466353
25791.606391
26013.849718
26352.326316
26786.482707
27265.600000
27688.425000
28162.695489
28698.822556
29174.555367
29634.533835
30140.556121
30608.218045
31005.969361
31319.708286
31478.234586
31748.665038
31914.347556
31936.472881
31805.564662
31825.367293
31737.730263
31579.655263
31357.276083
31123.937782
30871.564972
30618.609023
30465.748023
30282.919173
29964.311654
29782.900942
29464.995865
29222.818421
29119.512030
28934.907345
28874.388722
28704.212782
28672.839474
28595.138158
28476.377589
28371.696241
28261.123164
28138.853759
28020.033145
27886.034962
27729.319361
27642.916949
27638.834586
27400.621281
27258.042857
27192.336535
27080.577068
26845.466855
26809.197368
26523.368421
26321.889831
26095.730451
25809.729190
25514.671053
25191.152542
24851.042293
24473.890977
24050.764662
23731.878008
23447.261582
22984.000000
22638.642373
22341.419361
21970.437853
21678.131579
21377.934211
21154.648023
20862.892481
20618.428814
20394.304323
20150.305085
19902.485714
19648.823308
19424.996992
19246.948120
19041.141996
18826.097368
18609.500752
18566.015789
18354.851412
18188.901316
18062.626316
17970.118079
17917.756767
17871.825235
17844.234586
17881.424105
17927.677256
17973.178571
18021.707895
18020.967669
18016.576648
17971.213534
17956.584774
17895.807156
17900.218421
17854.539474
17825.539474
17912.337288
18007.421053
18012.043609
18008.270301
18018.897368
17936.857143
17849.069549
17779.092090
17580.314286
17334.350282
17131.982143
16885.521429
16642.108663
16409.630075
16161.173684
15994.784211
15782.625800
15519.918985
15312.851504
15125.326692
14929.070489
14741.627872
14552.400000
14327.553861
14077.434962
13849.463277
13654.280827
13444.408835
13126.423729
12848.993985
12537.431579
12216.764474
11902.146139
11606.783835
11275.020301
10959.734586
10608.359398
10330.728249
10067.117481
9776.385819
9510.922519
9252.516554
8996.940263
8769.315188
8534.072260
8290.539586
8031.633955
