107.764789
117.026019
105.733451
108.070263
115.930424
113.539417
119.793729
120.372256
118.606866
127.682626
124.276906
125.524399
127.344609
128.586621
132.273556
129.979412
137.101724
138.659737
142.585549
146.233130
155.315992
156.513459
160.257795
157.374094
163.851480
168.700342
171.449641
185.586810
189.549015
184.090053
181.847367
186.614373
200.638447
199.550492
202.847062
209.559744
220.142798
219.119483
221.869277
225.418429
218.289254
235.072767
242.466286
244.050902
245.217541
246.560942
245.767718
247.921446
260.064263
267.314567
267.530466
273.299489
274.750503
284.792383
302.474350
305.508350
306.908755
319.315383
336.165229
355.930256
374.480966
392.501797
409.293015
428.688955
453.649421
481.196026
515.702985
546.910417
581.532708
619.782299
653.207678
686.467932
721.034582
772.491803
829.960143
872.291891
917.788327
973.101422
1028.229850
1084.964098
1150.561469
1220.416316
1290.793120
1361.059850
1420.333390
1486.437895
1569.192669
1635.175301
1691.230940
1781.695677
1845.522575
1900.077966
1958.904962
2006.439868
2045.213759
2094.262594
2133.124181
2154.117895
2186.442143
2204.068120
2230.087288
2247.780000
2250.522331
2260.468985
2270.724643
2268.206309
2276.961654
2273.903759
2280.910658
2261.634181
2260.444173
2280.111635
2301.762500
2314.333684
2314.473609
2326.009079
2307.578230
2308.147068
2322.252034
2340.701259
2342.293910
2357.883785
2369.296316
2362.108910
2360.742556
2367.163898
2389.422895
2374.191805
2342.811053
2330.066184
2323.526554
2312.971617
2255.558456
2221.737086
2214.199379
2194.767519
2198.789925
2173.933955
2163.750000
2173.082575
2174.237594
2138.646893
2126.122481
2140.683590
2143.040847
2132.932632
2133.018814
2131.541184
2120.236780
2134.939398
2138.714323
2139.957030
2126.581654
2120.786516
2125.911184
2100.906767
2074.996241
2076.597288
2059.361711
2039.610038
2013.662034
1998.076579
1984.301883
1953.900000
1939.012763
1922.736222
1907.324286
1889.962744
1871.368402
1861.150245
1838.661504
1837.152970
1811.731936
1794.537985
1797.260414
1787.306861
1765.807966
1758.642632
1764.042693
1767.091955
1756.829699
1740.080263
1763.086109
1752.600865
1749.109398
1739.391243
1705.017707
1732.179248
1717.067030
1692.609079
1689.842744
1686.553759
1678.977895
1661.673816
1654.200169
1647.192895
1629.709023
1632.433496
1634.759247
1635.324436
1605.168684
1591.678663
1552.205902
1531.948136
1509.241729
1467.490902
1433.688889
1389.338609
1354.894737
1319.769474
1288.425970
1259.996015
1237.398797
1223.320902
1191.489305
1178.382199
1185.193684
1179.888945
1167.050658
1161.139567
1190.916617
1206.567838
1219.758305
1245.449662
1279.763158
1295.865000
1328.113051
1390.684737
1452.478929
1524.953477
1623.452707
1704.164915
1827.432669
1956.737288
2103.333459
2236.005800
2383.378985
2533.208947
2668.249077
2865.462368
3037.421316
3189.465789
3346.261525
3502.066466
3640.027632
3773.483992
3918.620357
4057.191864
4209.407068
4343.922222
4515.208195
4702.979436
4881.494098
5080.018985
5270.038249
5479.144511
5716.151109
5949.764474
6129.228324
6340.839624
6558.879305
6747.542542
6952.783985
7162.999718
7381.637162
7589.797872
7790.515714
7984.473064
8182.256071
8342.437068
8504.528814
8668.692857
8804.761751
8918.769737
9059.858437
9159.371861
9233.228271
9301.804436
9353.324530
9400.040056
9422.599135
9437.275263
9468.767462
9432.558571
9421.241429
9470.568703
9358.826158
9278.404286
9250.529380
9206.984474
9129.210000
9024.259098
8913.809079
8791.094388
8679.800602
8618.491412
8562.763195
8486.557368
8485.024124
8468.535056
8511.185414
8549.556917
8631.585763
8714.601353
8781.114135
8882.366316
8992.092105
9125.973534
9241.955827
9392.717232
9566.266579
9699.591789
9814.937744
9921.877914
10021.262712
10102.193609
10167.331579
10201.569173
10215.035593
10224.896992
10264.317481
10220.111842
10206.123684
10110.422787
10026.721053
9934.011281
9851.147594
9798.401921
9716.962801
9639.820902
9583.951337
9500.176786
9447.936447
9380.752932
9269.651337
9223.153008
9200.575677
9158.751316
9087.127237
9061.676158
9052.301579
9026.621714
8966.302256
8928.290132
8898.142519
8824.109286
8780.614746
8725.694812
8702.776328
8703.556071
8588.644105
8539.640902
8473.898983
8426.863553
8382.951579
8358.053672
8251.377068
8147.578380
8058.579060
7966.672825
7866.698195
7777.587970
7693.432782
7522.112368
7417.861356
7314.874323
7179.958757
7068.659474
7006.959115
6865.674737
6743.142632
6670.717269
6601.895526
6473.268983
6388.530639
6339.011864
6265.170977
6178.197331
6090.723797
6018.479887
5974.057627
5927.984981
5826.028947
5742.389774
5728.486158
5676.515921
5613.997105
5598.157740
5558.348571
5540.205104
5508.033383
5484.650320
5494.660056
5501.238120
5498.968233
5499.154944
5472.479153
5464.392105
5509.186184
5486.762090
5478.859474
5470.315263
5453.498816
5476.544407
5480.495188
5457.689831
5466.359868
5456.854361
5426.499286
5415.008271
5415.375499
5396.232857
5337.315650
5257.118158
5202.055000
5144.593371
5090.745508
4982.844474
4903.507368
4808.440151
4769.781071
4715.780602
4656.895827
4602.076673
4531.470320
4465.418195
4407.999605
4329.685658
4250.861846
4203.541316
4133.492594
4030.353051
3978.046241
3903.355263
3821.576053
3710.080339
3619.594549
3532.063346
3451.523139
3368.978722
3268.897910
3170.156504
3075.771073
2992.822293
2913.309190
2804.427951
2722.790000
2649.173446
2570.974417
2507.205480
