8.475838
7.230401
5.171988
6.811500
3.630834
9.339427
6.280354
6.698199
6.420840
8.057042
9.241236
10.159192
8.968793
6.410805
6.571636
7.700278
7.060853
7.966104
9.161218
9.081983
11.370184
7.815968
7.049284
12.547130
10.627455
8.627625
8.834417
11.722760
13.497364
11.862308
8.745535
6.978700
9.208880
12.780453
10.687263
11.286202
10.270088
9.786974
9.095849
9.338829
8.455874
11.393845
13.398914
9.688181
12.336566
10.318789
5.178036
10.297326
12.624316
9.607617
11.286654
7.344263
7.049518
2.084839
13.204801
13.535291
5.709103
6.120166
7.497072
12.510188
11.399280
10.557333
13.854947
13.390609
11.677105
11.889698
6.548766
7.845500
7.406986
9.975311
8.987737
10.451308
12.978798
9.772772
12.441984
12.732238
11.228480
10.927890
10.811233
9.122423
10.683392
14.958463
10.297745
6.383886
9.409707
8.846020
8.994788
12.620156
11.719770
12.055880
10.984483
10.040537
11.077014
10.066266
9.317309
12.177358
14.207505
12.731242
12.742525
13.727241
13.376084
13.367904
12.149330
13.645474
13.729146
16.772421
12.379104
12.167965
10.054589
9.409315
9.909724
12.051746
13.259593
13.322284
12.932317
8.786290
12.711700
14.207218
16.210388
13.844698
10.370364
9.974864
15.581898
14.563821
13.659756
11.677812
11.875908
13.735689
14.691747
13.604124
10.381914
9.578142
13.381072
12.831986
17.480611
17.612446
14.938631
15.815136
15.310193
13.612867
11.735047
10.124561
12.167402
15.343234
17.384703
16.738158
14.873832
15.432291
16.905905
17.266691
14.225454
13.382296
10.187039
15.858084
18.902698
13.028498
16.957716
17.392902
17.828186
17.118552
17.139397
15.693607
13.800908
16.836429
19.392159
16.880325
16.841721
15.680330
11.717751
17.036601
15.117640
15.942090
18.050414
11.891407
16.678463
17.867511
18.613154
19.316268
16.731619
14.577182
15.880859
19.142983
18.251401
18.543797
15.816074
17.762919
12.836534
14.777918
18.535125
17.236398
20.067324
20.825876
18.647811
16.561721
17.375098
20.005441
22.296301
23.386528
20.645136
19.071599
16.844894
22.444291
24.820968
21.484897
19.185755
16.899042
20.690846
22.129456
21.876946
23.576779
20.646748
21.321789
25.756517
22.688298
24.098906
24.180646
24.570159
20.954845
21.361012
22.857272
22.889186
23.122212
25.381593
21.728681
22.645503
23.613375
22.463422
24.685329
25.001182
21.494869
23.881677
24.797144
21.451335
20.072547
24.800350
21.534268
24.169652
25.869429
23.825912
20.638593
21.362836
20.840611
19.107947
21.479518
22.853745
21.802673
21.844717
17.447385
17.233007
18.057589
18.396487
22.281478
22.548011
18.843018
22.283278
19.426265
19.825163
19.761279
17.668785
17.972831
20.977990
22.104014
21.562708
23.000000
23.856806
25.370844
19.360500
21.160844
22.063179
20.081539
22.254649
23.258000
22.600744
20.126518
22.597950
25.359303
25.899850
22.932968
21.872922
25.140725
22.564991
23.452646
21.127895
24.551516
24.418429
22.132300
23.488181
22.109686
22.505031
21.630280
21.651700
24.126375
22.310621
20.810214
22.727466
21.735678
20.613570
24.143952
21.431162
16.181484
18.461552
19.658516
23.588073
22.723389
21.117304
21.845111
21.511618
23.487965
26.348436
26.296698
26.345723
24.531525
23.033521
29.280933
24.514210
27.289489
26.492448
25.379723
24.268844
23.763795
27.522618
25.665208
20.591639
24.733463
28.674517
26.122346
25.015961
26.353105
24.246057
22.162584
24.402517
23.111673
26.091922
22.769806
25.622440
26.844782
20.332191
22.601658
25.800191
23.522121
24.152582
24.809929
24.703337
22.365590
21.321904
26.172745
26.650702
23.922046
25.552653
23.278050
26.705928
23.356115
26.977436
23.937767
20.827079
23.896980
24.022330
24.305243
24.344542
25.592025
23.665618
18.789221
21.242932
22.010880
19.947846
22.733101
23.615507
21.886634
21.138304
23.808237
22.720464
24.607527
25.834426
24.761315
23.886790
20.462324
18.712148
20.676931
21.705937
23.125852
21.759485
21.856013
22.858151
17.382798
21.565443
19.560045
15.249139
21.385121
21.727717
19.602274
17.229507
16.966756
18.752130
18.801708
18.180721
19.658984
19.612764
18.652915
17.703181
22.927808
18.361200
19.703787
18.333763
22.255973
20.604517
17.120628
20.121245
20.746275
15.648157
16.583248
19.369375
16.830343
19.403712
18.142394
22.986814
29.480680
23.702854
19.299103
18.427516
22.464110
23.084388
22.588477
23.122157
18.970401
18.058134
18.181329
17.622095
19.600000
20.312409
21.763806
20.753541
19.093241
15.342589
17.681153
15.394795
23.821957
17.569489
17.981530
18.673525
19.836424
17.305293
16.023839
15.581205
15.310344
17.080879
15.895520
17.758490
17.922485
19.127787
12.140828
