413.182263
431.097200
447.486712
471.542026
494.801831
518.783679
541.827390
583.095361
601.363043
634.908575
684.173263
725.813271
763.403650
813.302701
867.479218
914.090130
970.933684
1041.826842
1101.434737
1134.493872
1204.094105
1275.286541
1317.318588
1374.611823
1385.641243
1462.355150
1534.009455
1593.868778
1644.778421
1697.679529
1762.614229
1831.025009
1904.292632
1969.637966
2029.090357
2096.752256
2147.114463
2230.374436
2266.642260
2345.147143
2381.501940
2458.010113
2493.787143
2529.480451
2572.670188
2597.118305
2618.039850
2659.195951
2709.864342
2754.876987
2804.009624
2883.389361
2977.674633
3078.395639
3204.255047
3328.827331
3421.290245
3578.586842
3704.874211
3823.580678
3975.774699
4147.881864
4308.962274
4479.781203
4662.937895
4846.024991
5076.881729
5262.474699
5461.275009
5687.851391
5893.409661
6107.206316
6297.112881
6508.790395
6682.302256
6912.977744
7141.781410
7351.394426
7572.225038
7837.921805
8115.238983
8357.817105
8619.928759
8913.483947
9258.770697
9565.829699
9884.251786
10140.374060
10434.364286
10738.418797
10983.957331
11197.861017
11455.670677
11619.949718
11777.221805
11921.423308
12012.846893
12108.305263
12170.842857
12218.356391
12215.063842
12247.335714
12271.289850
12255.476316
12255.814286
12223.094162
12234.372180
12202.911278
12227.822368
12252.593220
12270.080075
12314.595489
12378.115789
12438.647368
12492.289474
12577.298120
12720.447646
12813.495489
13000.186441
13179.197744
13358.825564
13527.576271
13782.727444
13945.774436
14102.369925
14295.024859
14351.975188
14373.512030
14379.021053
14312.107895
14238.535782
14188.148496
14157.194162
14104.972368
14124.999247
14109.721053
14132.958083
14138.009605
14172.874812
14191.172744
14219.581955
14236.745574
14298.778947
14300.192105
14297.956497
14369.376316
14491.596610
14598.966541
14622.100000
14723.874436
14819.020489
14879.310338
14881.093609
14906.505650
14893.057895
14842.649624
14844.574436
14756.422034
14730.830451
14779.148496
14792.435593
14761.093421
14749.770056
14774.914286
14788.916165
14769.147932
14813.235714
14881.915789
14866.407707
14884.992467
14893.109774
14939.475752
14930.953195
14918.115443
14883.277068
14871.408459
14909.401695
14951.400000
14969.270245
15044.345489
15160.701880
15185.600376
15271.413722
15305.465789
15350.859398
15469.357062
15527.374436
15629.613158
15790.902632
15894.693797
16076.860150
16298.434586
16486.052632
16661.581579
16840.397740
16981.349624
17103.173872
17271.877632
17412.101130
17462.949624
17498.216165
17448.908286
17389.622180
17361.333898
17292.693609
17126.742857
16999.641243
16890.689286
16719.202632
16611.028947
16540.054049
16491.912030
16429.872180
16282.511278
16206.182143
16203.364098
16186.286842
16130.661017
16187.546617
16250.656874
16281.303759
16368.732331
16567.787006
16706.681955
16825.484211
17030.850000
17174.694350
17272.276692
17394.296429
17530.182143
17682.777068
17758.179661
17914.477820
18082.964407
18264.875940
18407.641996
18522.548872
18599.560150
18701.653484
18852.595301
18962.396053
19098.036842
19202.910734
19235.505075
19289.055263
19421.093032
19594.359774
19822.736535
20129.144361
20422.111111
20835.493609
21194.815414
21691.201504
22131.731767
22640.923164
23064.719549
23524.073308
23973.527632
24332.149718
24748.213534
25175.231391
25579.059322
26038.439850
26505.078154
26979.151316
27379.728437
27806.905639
28210.705639
28540.702256
28804.864662
29209.156497
29506.130639
29764.095480
29882.631579
30004.267043
30195.943233
30321.829323
30369.341353
30397.813910
30414.883051
30411.415038
30296.779135
30286.659962
30165.581955
30117.542857
29935.684962
29719.512618
29414.478571
29065.525564
28755.005263
28373.400000
28027.679699
27632.104323
27308.470433
27088.340977
26850.703390
26720.719361
26717.605263
26807.743503
26914.873120
27153.183459
27285.972180
27710.475141
28193.703571
28569.648120
28982.089474
29478.273684
30020.010526
30573.892105
31189.228249
31793.303383
32255.051224
32642.245865
33065.391729
33405.182298
33614.614286
33779.483835
33884.343233
33868.289831
33829.991729
33742.404323
33616.743421
33484.050000
33308.123540
33163.610714
32931.835028
32592.603759
32229.943503
31925.427444
31697.457519
31439.179849
31310.200188
31009.796241
30737.100000
30621.718079
30515.504887
30292.648496
30031.794737
29874.015789
29802.182486
29717.693233
29594.754802
29433.769737
29287.396422
29180.063158
29076.352820
28981.244068
28858.250376
28688.010546
28564.800000
28323.456121
28170.568797
28019.221657
27796.032895
27624.336842
27373.093220
27086.433835
26792.041620
26458.992481
26113.006780
25697.338346
25242.680451
24876.418045
24484.651692
24113.468927
23655.632707
23361.106215
23012.930639
22694.629379
22290.042105
22038.103947
21752.320527
21491.475940
21235.333898
20988.199436
20752.166102
20498.065414
20225.388346
19960.050000
19774.805263
19721.454426
19528.888722
19274.933835
19098.982707
18967.207345
18827.231579
18662.955263
18535.854614
18446.775940
18458.986817
18425.294737
18397.719209
18405.608835
18435.331955
18445.212782
18382.194173
18368.483239
18292.479699
18218.712782
18330.387571
18223.093233
18210.176316
18205.806579
18246.125424
18251.894737
18243.115602
18201.015789
18196.790977
18106.250000
17935.991917
17796.502072
17616.828571
17369.380791
17131.885338
16886.242857
16698.675330
16497.253759
16213.914474
15899.631579
15756.767043
15557.718421
15348.454511
15178.088346
14980.151880
14764.502637
14564.591729
14344.662147
14089.819173
13850.607910
13607.895865
13284.362218
12997.183051
12650.170677
12309.110526
12036.251316
11711.695292
11414.974060
11105.697368
10812.225376
10487.092481
10170.056497
9872.876523
9560.402147
9293.954624
9070.745330
8787.780132
8567.215714
8327.610019
8124.466523
7875.510847
