40.124795
40.360950
36.730422
36.884444
37.891602
37.637780
38.952534
42.494595
40.214595
39.397940
43.218592
45.491485
45.207230
44.074155
42.818605
44.400825
47.588378
48.187405
49.916874
50.108477
53.980804
52.469786
58.663565
53.400223
51.395681
55.922958
59.776382
58.850572
60.684579
59.910539
56.454405
59.599455
61.727682
62.223708
64.997523
66.584317
64.674622
70.801642
67.015774
74.331979
74.541133
77.684183
79.665729
80.000000
75.208021
78.551830
86.061344
82.526135
78.504955
84.035296
91.762663
92.082349
98.942994
101.706008
106.548070
115.741494
126.163188
136.983647
147.746162
161.383695
177.565485
187.981119
206.149165
231.191579
253.150211
282.256013
308.413154
347.228015
379.863446
423.982066
459.164621
511.414729
547.535226
603.265829
664.437218
726.376733
781.552885
844.970657
919.359429
1000.122863
1078.798192
1151.030789
1236.904887
1326.755902
1397.766026
1470.147444
1556.327162
1631.420865
1696.543008
1751.569774
1833.364850
1895.723729
1941.786541
1983.513371
2030.967312
2065.036955
2100.107288
2144.625000
2158.267857
2181.544286
2203.350339
2201.027857
2221.130000
2227.744624
2204.437143
2234.076026
2215.029398
2234.369398
2219.012820
2237.795537
2237.388496
2237.210865
2251.092895
2234.425263
2220.569023
2237.409793
2234.798418
2212.531955
2228.893051
2222.004492
2224.257744
2256.085819
2262.823064
2261.580677
2256.850977
2234.368870
2187.770395
2147.217444
2132.192632
2107.960000
2058.478305
2023.156692
2003.279058
1989.513402
1968.517759
1934.927444
1919.140789
1896.747684
1886.672895
1856.638741
1872.770376
1853.905876
1842.229925
1830.946673
1827.862373
1832.532632
1835.941525
1845.577293
1841.498136
1844.710226
1850.469586
1851.686203
1823.516917
1801.584068
1787.619962
1765.310526
1729.881955
1717.664237
1682.538647
1648.686353
1616.810904
1581.897105
1554.029021
1529.328571
1505.324511
1485.187594
1457.629286
1446.672932
1422.794098
1421.869605
1383.681955
1375.466278
1365.303421
1351.812542
1340.854925
1342.925827
1340.422542
1330.276842
1325.920264
1327.400000
1332.812744
1337.451466
1308.462538
1284.015169
1289.872331
1276.789605
1239.468553
1207.251917
1190.601992
1172.098421
1155.431184
1128.791805
1110.021579
1081.936447
1054.684237
1040.349662
1026.037124
1009.854784
981.218917
959.792932
930.774479
879.740407
828.474305
795.377763
724.417400
680.045850
641.732247
584.465861
545.538566
517.787158
483.321898
451.782955
429.823887
414.673549
404.112511
377.268336
364.565459
361.621094
348.987060
347.668642
348.664474
355.596474
361.997497
380.494158
402.932974
441.701500
487.084582
540.990098
615.806500
716.292767
840.718308
975.869678
1143.905714
1333.622203
1560.411203
1783.011620
1999.949944
2233.444511
2488.043315
2713.584925
2898.760132
3081.776316
3283.636384
3486.411203
3665.301504
3814.870301
3967.263308
4159.196177
4343.550902
4477.790000
4684.464342
4893.508872
5080.966880
5323.587970
5573.211714
5773.477143
5995.915489
6215.095395
6394.072015
6553.224060
6740.223891
6964.046949
7179.809774
7385.287552
7629.007688
7824.251601
7969.330714
8120.660376
8275.427218
8432.250977
8597.124802
8733.813008
8868.018343
8985.565000
9012.732674
9092.895526
9191.746617
9230.369248
9217.763289
9189.084068
9215.185602
9226.786015
9195.788665
9211.665714
9199.525714
9167.246898
9117.500791
9053.343571
8919.703703
8841.062368
8742.390000
8636.811053
8516.323553
8399.840847
8323.814774
8280.761601
8261.255075
8244.611955
8228.214746
8277.988947
8338.757556
8429.304511
8564.866893
8682.867068
8763.216992
8894.896316
9055.998684
9191.064380
9325.079436
9514.556384
9684.319793
9824.450829
9977.491654
10064.871805
10189.857439
10277.053383
10283.416541
10410.021992
10370.096610
10383.630827
10361.590789
10341.664474
10315.028947
10252.746704
10167.400188
10065.191525
9992.691278
9929.606836
9840.861880
9768.370301
9703.720640
9680.923233
9615.223252
9569.564361
9492.457872
9482.960733
9411.519135
9372.721053
9328.081447
9293.272316
9237.617444
9225.583729
9189.275658
9139.398136
9130.069962
9091.485808
9030.397288
8998.206692
8960.110527
8944.991429
8929.478230
8882.257744
8811.100885
8727.124079
8721.061579
8680.418192
8602.518929
8483.554162
8373.610677
8275.025198
8147.713534
8039.256316
7950.945489
7783.016673
7684.233616
7558.008158
7424.193333
7310.565752
7213.863616
7099.725789
7049.699211
6953.766930
6852.453346
6802.258136
6720.725075
6633.340000
6557.298120
6469.078534
6407.644831
6377.568383
6328.024426
6224.462068
6208.210451
6119.656165
6100.256271
6039.694605
5981.392368
5979.101488
5982.547744
5962.322881
5924.526692
5929.660621
5929.548120
5927.144173
5966.291316
5979.101560
5963.032863
5957.189023
5955.691015
5923.598795
5952.306241
5977.050263
5940.556316
5911.377119
5959.630677
5988.379248
5945.688647
5932.610188
5937.075000
5895.097707
5824.031337
5758.755714
5691.744576
5603.115132
5550.608571
5512.075480
5448.543289
5347.281053
5263.182105
5213.680697
5133.567368
5067.955000
5011.458271
4925.236917
4869.735593
4840.318797
4758.601488
4652.479643
4586.689228
4510.405188
4422.491729
4311.513729
4221.912331
4171.916842
4092.091842
3942.368060
3811.236053
3727.520188
3611.638008
3516.111203
3441.359944
3348.855602
3249.662881
3148.307820
3053.009002
2986.370019
2888.789624
2818.421337
2732.577744
2670.294294
