16.945432
17.115107
17.141997
15.828350
24.490114
16.019164
15.845371
16.156862
14.607329
17.979351
16.260786
16.619823
17.457929
15.379090
16.285018
18.592738
18.737791
19.147392
17.621808
16.710948
19.127521
19.290574
21.304275
21.600000
21.297841
21.894573
23.468844
23.397336
23.005272
22.838137
23.889668
27.391872
28.696221
27.034746
26.871814
22.780641
27.101690
29.926479
25.870418
28.588286
27.783815
33.352224
30.673471
28.441835
29.906882
31.580377
32.115311
32.952810
34.552932
34.765015
36.594621
40.187431
37.773459
39.615366
38.989380
36.964777
42.490900
47.888867
52.127694
51.363161
55.037269
59.527132
65.946934
76.387494
86.151058
94.607247
98.600254
104.413575
110.479680
123.113053
139.923266
152.349654
158.387763
174.497517
188.360492
206.680733
221.164711
237.494815
257.599910
279.842945
303.172503
322.703079
341.210617
365.373429
389.598652
406.263383
441.570759
455.407288
490.523436
501.226748
528.333791
541.634814
552.228286
573.065661
594.215404
599.159365
601.969802
612.259592
610.686143
615.885188
629.118582
630.522536
627.244421
632.669117
631.109536
641.648529
639.770241
634.365767
623.690239
630.777011
641.052868
639.980429
628.705855
623.174579
631.734030
634.087419
636.349766
631.409154
630.484153
636.693265
641.322910
640.602217
638.809816
641.140154
643.822617
641.780783
637.416282
634.879955
624.674105
606.422947
594.444401
589.671474
581.514107
568.501994
568.768475
564.325489
553.136868
554.377746
541.401827
521.285776
527.880023
521.783130
519.122925
530.300367
537.120879
531.012500
518.790220
515.437086
527.997119
525.189474
525.426058
526.559436
516.534996
515.009051
510.544327
511.548406
506.594647
502.126079
487.762291
481.215590
472.823411
457.957303
450.760239
446.363000
436.143556
437.017041
434.059000
413.642417
409.661261
407.888431
402.869744
397.801712
404.449477
390.789757
382.912673
383.841184
382.344051
378.131211
374.617876
376.588133
382.439229
381.954831
383.844752
381.026444
371.392797
361.939136
358.145367
356.377180
352.404237
336.269056
333.821019
333.967391
325.223316
316.047171
304.383169
301.729372
310.955665
304.140282
295.499520
295.215962
285.306630
272.894055
263.493154
254.031119
236.979430
228.189534
211.741793
201.670517
189.753684
182.267184
171.899947
160.316242
158.123226
155.308421
145.481284
141.009539
141.161613
136.669254
141.623528
133.644356
137.450782
133.423513
136.395062
141.963455
144.117368
151.438500
161.976537
171.374451
188.962393
215.177889
235.680812
262.265288
310.576449
348.362017
395.376038
435.948580
482.829983
544.450365
609.769915
666.821895
714.680632
775.059105
822.981972
866.219019
909.429098
943.656439
976.082417
1011.114143
1059.925865
1083.211111
1128.007801
1185.245526
1233.166729
1278.710113
1331.370301
1388.634135
1453.064981
1499.261579
1522.223540
1569.246353
1629.072500
1678.072542
1715.468045
1753.351563
1828.433647
1853.145800
1892.319323
1936.300301
1963.744117
1989.001880
2030.617458
2063.827575
2097.566158
2124.511579
2143.188098
2140.958008
2150.972556
2157.658797
2156.644699
2173.690508
2165.868195
2164.603872
2172.608346
2169.732256
2156.188571
2175.590094
2174.907024
2141.757857
2109.509662
2097.797632
2076.730000
2038.388571
2020.885789
1994.559040
1952.916504
1939.613804
1937.234492
1925.870451
1932.997458
1921.759831
1928.277613
1924.133008
1948.099492
1950.971353
1982.789398
2033.775789
2052.509737
2087.275733
2117.252519
2137.941695
2165.369643
2209.657533
2258.078797
2262.423402
2258.679040
2295.639060
2282.256842
2311.346654
2316.169492
2320.797293
2328.931748
2312.257105
2293.069737
2287.237363
2274.941823
2254.992128
2218.282632
2187.907458
2182.991729
2165.203459
2138.129718
2124.251936
2100.284323
2097.648271
2064.852693
2052.790865
2054.323308
2042.747895
2039.057368
2022.577043
1997.868496
2001.251770
1999.419850
1979.140169
1961.582143
1950.498421
1955.688814
1960.177970
1938.371921
1923.694643
1932.352976
1910.686278
1882.244087
1873.479474
1861.884211
1858.354237
1832.465959
1812.628211
1796.140789
1769.518606
1734.609944
1706.043383
1691.703083
1666.973459
1650.764859
1606.311992
1590.446723
1558.253158
1536.887420
1524.352105
1487.415263
1467.592072
1459.367481
1442.600169
1422.170695
1400.048475
1374.009774
1353.335808
1339.668102
1324.525789
1315.820829
1297.113609
1291.029398
1269.055865
1255.511751
1250.842237
1250.074737
1231.175198
1224.398120
1231.216328
1227.933684
1209.032655
1208.710169
1219.522068
1219.793872
1223.537162
1216.632863
1209.951579
1206.850470
1193.158041
1218.418308
1193.505000
1204.341974
1195.005593
1189.708647
1194.208929
1190.348816
1190.761617
1202.113571
1192.894361
1175.480169
1183.542857
1181.898814
1154.439436
1122.925714
1127.027872
1111.083327
1081.968816
1063.512105
1048.290151
1033.539117
1028.799173
1012.390902
995.897902
985.524637
967.512376
950.090068
943.811872
927.579356
899.960263
893.607128
878.263763
865.772669
828.234053
817.645618
786.127859
783.459128
753.053618
744.598028
721.469759
699.128175
684.837195
666.277746
641.505056
618.532343
602.363086
579.096316
564.921512
546.500133
540.490887
