77.537842
77.590426
77.251566
79.380182
79.289566
80.467870
78.063886
81.992801
78.566685
79.054977
81.164965
84.186036
86.778223
87.568344
87.944273
86.143015
86.391238
96.987603
96.608082
97.082719
102.220746
100.219308
98.246376
99.794676
98.084985
104.623282
108.053865
109.002957
110.523301
111.128842
114.014699
117.792983
116.120947
118.868288
123.237269
119.328511
132.005397
123.827568
127.705742
128.061286
128.944066
137.184724
135.672857
136.060579
139.324457
142.825028
143.676015
146.225143
153.138868
151.961136
154.296729
160.933062
166.916147
173.200139
191.865047
189.847996
199.636151
217.749511
231.722635
250.494266
264.873417
283.931441
311.166921
336.589519
363.776421
398.548196
433.649258
474.331090
518.832900
570.369227
623.957266
687.421496
760.318051
823.611391
898.584861
983.727440
1054.872763
1136.216460
1232.448797
1326.138872
1422.899548
1528.438947
1622.440414
1718.726316
1848.543107
1950.160000
2063.103872
2162.873214
2263.155113
2384.531880
2470.748835
2563.693390
2636.447068
2706.491959
2783.532669
2846.915376
2882.443766
2909.454342
2955.735357
2999.090827
3012.747571
3030.828571
3058.591692
3059.103083
3079.936429
3092.355198
3099.693459
3086.888421
3096.735733
3112.116667
3122.687406
3130.519549
3136.561053
3138.307895
3141.529398
3145.546861
3129.295104
3146.112632
3153.674915
3185.870526
3189.167669
3187.220301
3185.498008
3207.485414
3181.923534
3165.438343
3165.274417
3156.321504
3109.676842
3055.195658
3024.063258
2979.131917
2938.048927
2908.038346
2871.237891
2865.220075
2821.592274
2791.330452
2784.275451
2759.408045
2764.462387
2768.526704
2743.950602
2718.143064
2709.507401
2707.905789
2711.289492
2712.526410
2702.737288
2726.856466
2741.396297
2712.761447
2707.286015
2704.755650
2696.623233
2656.485188
2624.646842
2606.821695
2570.713477
2534.557594
2491.448192
2440.857500
2399.259548
2366.307143
2333.867951
2295.632838
2249.763571
2216.040301
2179.277632
2151.366685
2130.625489
2123.166579
2109.890320
2077.743409
2067.066917
2048.830639
2035.183559
2036.653158
2038.787872
2042.549380
2043.136203
2023.817594
2017.710545
1999.534511
1981.349850
1964.907458
1937.070545
1911.536579
1880.854511
1857.493910
1817.392857
1782.728571
1745.400526
1714.235000
1676.961582
1630.291654
1601.548477
1578.197312
1535.240697
1512.233008
1471.014417
1412.015669
1357.708571
1295.495254
1229.823797
1181.555263
1107.330471
1024.682707
961.153842
898.910684
836.623663
790.174013
755.665504
719.798632
686.934383
661.032925
629.700955
619.414222
600.294141
597.052060
606.153504
620.691695
630.722068
637.895444
665.997763
708.003750
757.902827
833.598391
934.667679
1060.114530
1230.685226
1420.696949
1616.057293
1887.045932
2188.954211
2498.440546
2816.320470
3171.654361
3523.059303
3861.765752
4204.794211
4505.634211
4831.838023
5150.011692
5412.622481
5664.836742
5938.900019
6213.981318
6463.582932
6708.610000
6982.921861
7308.530226
7597.802105
7913.057914
8268.797778
8617.528722
8947.978459
9291.646579
9614.089680
9914.265038
10238.869361
10555.789831
10825.678947
11119.500753
11464.397368
11768.737665
12041.682331
12359.168609
12647.314098
12867.769925
13080.097175
13289.521617
13490.103390
13644.128947
13828.264783
13997.705827
14102.429323
14190.840602
14285.633271
14326.632203
14315.063534
14336.528195
14332.254323
14371.251880
14354.900000
14323.446429
14268.387382
14219.421429
14119.044361
13986.750000
13854.000000
13728.555639
13584.615226
13431.145386
13303.207143
13204.013559
13123.128195
13071.706015
13039.644068
13023.637218
13058.021053
13153.626316
13278.259134
13448.616165
13640.837594
13765.557895
13967.585526
14143.092481
14344.293233
14581.384181
14862.676692
15120.311488
15268.098496
15441.049248
15623.383616
15819.205263
15919.219173
15951.107331
16009.264407
16085.030075
16019.871617
15994.178947
15944.550000
15880.679096
15831.515602
15720.142750
15554.609774
15450.949153
15389.260150
15271.429323
15152.470433
14988.794925
14920.206955
14758.072180
14693.368550
14619.241353
14526.702256
14470.189474
14391.272368
14320.667232
14301.254887
14286.866102
14257.358835
14208.689454
14121.238722
14041.105451
14017.986441
13963.928571
13904.401507
13829.271429
13732.983051
13653.259774
13593.586629
13535.928947
13458.426316
13359.984181
13223.529887
13106.797175
12992.600752
12810.701695
12613.228195
12472.440602
12335.895489
12162.893609
11975.114124
11800.049248
11643.150847
11439.434774
11335.060264
11188.847368
10974.442105
10798.551224
10664.871429
10549.557627
10428.155451
10266.681356
10091.899248
9979.091429
9917.588553
9823.675376
9719.011017
9627.294060
9563.661805
9464.256767
9368.839661
9234.208158
9167.189474
9138.427137
9094.642180
9031.637119
9022.593759
9036.088023
9031.489568
9020.127105
9025.916992
9035.134756
9010.310810
9034.860526
9005.171485
8991.851431
8957.265827
8994.366842
8977.758421
9045.706441
9061.626917
9015.265526
9027.876805
9057.316729
9039.453571
9002.247857
8985.464689
8937.350000
8811.500339
8724.813835
8645.205714
8562.549171
8343.581297
8277.471579
8172.363158
8054.919115
7916.245658
7819.662444
7722.655940
7615.930808
7522.280584
7441.972707
7336.557834
7211.040583
7109.833766
7021.258609
6937.261090
6752.043390
6629.733083
6528.467368
6388.901184
6217.837137
6063.530489
5936.217782
5760.015489
5608.254135
5478.172655
5337.117914
5178.704350
5016.684737
4863.166026
4720.387218
4602.497594
4473.830471
4327.873402
4231.315819
