61.900832
65.311235
65.031829
60.236745
63.379978
61.988700
68.732010
64.665829
67.254071
64.157382
66.866028
73.019823
73.761509
71.831656
75.664071
80.205062
76.339271
76.013108
74.040491
78.257808
79.309136
83.110556
86.907153
87.236837
86.444602
88.005791
84.358998
87.648156
93.642277
95.471322
94.545495
97.740259
105.468368
102.856288
103.741361
104.257316
108.460090
105.398489
115.734891
108.928786
109.760070
114.900464
111.673429
115.004609
121.740310
119.847224
120.957440
129.710780
131.929408
135.724727
142.234015
144.121575
149.039339
152.787583
165.389578
177.603694
185.418264
195.280256
207.898445
231.295222
244.964274
254.005441
274.785216
299.927316
322.200579
352.549435
387.498209
420.569872
458.723347
495.203592
541.510062
594.379812
643.468944
682.267504
742.024613
801.639692
858.231528
924.973360
996.083038
1070.023910
1137.563955
1193.687632
1271.315150
1351.212838
1419.725217
1505.534135
1570.781748
1623.902970
1686.357068
1784.660338
1862.385602
1902.976441
1943.506165
1989.202580
2036.288590
2078.646241
2107.922863
2125.036711
2149.334643
2186.115338
2187.417288
2188.690714
2223.125038
2214.826917
2221.642500
2225.784463
2223.076316
2229.355789
2233.604342
2249.996949
2244.747180
2235.812744
2230.705921
2225.627895
2230.177444
2219.708496
2231.492090
2231.668684
2229.126610
2229.591579
2249.946917
2262.783861
2256.325902
2256.175150
2277.553985
2266.664068
2234.373534
2215.150827
2195.814737
2154.718158
2113.642316
2093.142744
2060.730226
2014.815357
2009.712693
1994.438271
1974.362914
1974.426328
1959.540075
1953.069680
1936.141598
1922.267778
1930.869023
1917.854850
1911.984670
1914.741316
1913.993729
1922.613102
1899.129492
1899.007218
1908.185094
1900.360094
1881.189774
1881.084821
1850.022293
1832.618045
1819.855639
1792.260678
1764.263026
1751.021128
1725.324030
1682.039868
1649.988456
1631.490000
1609.494981
1593.814718
1572.926429
1536.914962
1515.829962
1522.392411
1523.387218
1516.943665
1506.166391
1489.544463
1503.807293
1489.383571
1475.393898
1476.200000
1476.285405
1470.085169
1464.381165
1470.862180
1453.004023
1434.234417
1424.203383
1416.511130
1392.247425
1372.187444
1342.483722
1321.453872
1320.887274
1292.408571
1278.368421
1255.052368
1218.488814
1202.196466
1195.839455
1177.815395
1154.551827
1127.176015
1089.386222
1064.293051
1015.541767
961.821729
926.038137
884.437421
839.859793
790.329915
743.922697
703.567684
671.253748
639.151008
610.193165
593.543113
574.037602
555.416280
548.860662
550.093772
541.794688
534.406503
543.532263
544.218976
562.333734
581.681470
608.470895
644.132000
693.512424
771.012647
856.550143
943.202120
1067.284323
1221.180000
1403.213459
1566.848305
1767.795639
1991.321996
2180.546917
2399.314023
2609.431582
2809.011936
3032.374474
3210.675789
3342.224915
3487.508515
3670.152669
3819.965461
3923.382049
4091.878588
4278.773609
4427.810000
4594.180019
4779.029361
4953.862180
5192.825977
5358.413955
5524.745038
5725.223872
5928.946842
6089.425593
6256.492105
6443.636391
6625.999831
6815.908647
7008.277062
7172.498440
7340.168531
7523.157857
7674.981147
7799.479699
7924.901278
8030.298531
8161.063402
8246.040282
8315.419737
8390.791036
8472.114831
8514.791353
8524.920602
8534.029135
8552.100169
8588.912594
8584.095470
8579.966128
8578.710226
8555.881429
8502.134023
8487.197891
8399.720000
8307.661485
8235.931184
8103.500000
7996.398797
7897.209868
7777.228719
7698.916504
7679.059510
7647.206353
7593.410075
7612.979153
7669.286598
7742.543891
7798.384060
7885.178606
7981.959267
8090.275188
8210.486316
8366.175000
8526.753308
8655.383083
8762.262203
8931.328778
9105.235292
9214.765113
9358.711767
9405.443804
9474.629624
9560.953120
9617.283910
9627.205763
9591.515188
9596.773064
9567.570263
9538.974737
9507.716930
9443.149962
9384.681582
9298.518722
9225.338814
9173.850865
9074.391429
9037.151751
8925.484135
8897.513233
8858.805940
8783.595104
8759.098665
8703.426466
8669.895526
8611.141184
8578.609190
8560.264812
8551.664294
8518.281071
8486.391864
8465.622519
8422.673665
8385.449322
8339.050150
8382.259190
8327.465714
8265.223503
8246.627932
8177.969736
8113.915263
8064.515789
8035.224915
7967.250733
7860.702599
7779.497481
7681.454444
7545.133891
7437.312707
7365.354361
7267.211748
7116.956893
7018.344286
6869.976780
6774.406692
6703.507307
6596.683158
6484.017105
6378.274840
6334.908308
6289.533729
6219.699398
6139.382712
6075.071203
6010.047237
5927.293891
5872.795075
5810.163089
5733.164944
5703.694060
5671.915414
5627.329887
5556.741053
5495.785263
5472.110640
5490.926034
5483.254068
5459.664586
5437.941582
5454.334192
5478.043647
5464.431767
5454.279286
5452.677307
5456.584662
5453.836617
5418.383390
5422.211955
5434.576316
5449.777500
5463.158814
5469.955113
5441.926560
5447.616823
5434.271241
5387.410000
5361.863045
5317.789529
5224.442857
5175.248475
5148.476823
5055.843571
5007.935725
4969.637312
4889.335000
4812.035789
4758.961205
4716.916598
4654.289850
4600.436729
4517.624041
4434.236460
4373.060752
4303.754821
4223.263741
4153.947401
4082.245489
3992.950902
3886.885085
3796.725489
3739.942632
3644.338421
3553.274708
3455.305263
3348.903139
3251.320019
3170.236767
3066.453107
2963.089117
2876.087119
2797.585301
2736.875330
2679.010752
2607.231880
2538.560772
2438.151617
2361.930339
