54.122395
59.778349
57.576751
57.157851
64.849061
64.875460
62.940203
61.972453
58.469834
58.659097
62.174250
66.494451
65.708642
64.030875
65.971236
67.984994
72.492524
73.031703
70.603912
72.856454
77.636175
73.363620
73.501392
77.515611
77.795681
79.544705
79.004272
81.066759
80.223329
79.209026
83.203219
88.077437
90.671853
89.732259
95.145681
97.557271
104.024439
101.069652
94.212614
99.129543
97.997024
100.303351
105.394571
107.157774
105.802355
107.314870
110.931289
113.584405
117.916316
124.909019
129.895000
125.547645
134.108475
133.510752
147.283237
153.595073
161.399605
171.026451
177.643258
195.949254
216.456372
232.017475
244.547034
263.588391
288.163158
306.027716
333.161444
372.337293
406.884802
448.996173
477.930469
517.279128
562.629718
603.433594
661.494102
709.162102
761.203028
824.856913
877.428624
935.194385
1007.488757
1067.347105
1128.227519
1188.588759
1253.425179
1311.444962
1395.252180
1472.575395
1523.501767
1601.622180
1654.114135
1699.445424
1738.390150
1761.333277
1795.207801
1830.477782
1856.303879
1891.773421
1918.869286
1921.229398
1930.649661
1958.376071
1983.077105
1972.996165
1982.858214
1976.545970
1969.423910
1975.441504
1970.160244
1972.658362
1984.259737
1988.253233
1988.735789
1994.525263
1994.657594
1988.765357
1991.630659
1987.436767
1984.743220
1994.709944
1997.762632
2018.297232
2012.187068
2019.144586
2010.842744
2004.460960
1986.082425
1968.510376
1947.848421
1909.507632
1879.316460
1862.885113
1819.093220
1788.456447
1778.743164
1776.631128
1753.569624
1739.391243
1733.225526
1716.103365
1715.551560
1722.241601
1695.824586
1688.867951
1690.939981
1685.632632
1679.891695
1671.972989
1687.686610
1689.865038
1690.708139
1684.744342
1677.789361
1659.383691
1640.168647
1620.149323
1611.976391
1572.527571
1539.949135
1519.611316
1515.148192
1498.475526
1473.921168
1457.915714
1421.639511
1397.912782
1387.825000
1369.930075
1365.290113
1345.833823
1345.325414
1331.463853
1334.805056
1327.992881
1325.674662
1323.745188
1323.859831
1319.584737
1309.654105
1299.299248
1296.792669
1300.845677
1276.733459
1274.618421
1257.905489
1245.731299
1234.995489
1220.258083
1200.667368
1172.610282
1154.786410
1141.957820
1111.619474
1088.683947
1079.115932
1068.809248
1050.815451
1024.036241
1007.921073
987.368173
969.176985
929.091761
889.060643
859.100847
818.578748
771.110143
729.966395
684.971120
642.876526
613.918316
585.197616
553.725944
534.358346
518.149992
495.628246
496.828256
472.927756
467.226145
469.604870
468.229851
467.384308
481.864212
482.340034
497.127669
532.525316
562.078000
604.197158
667.172248
742.347536
829.266692
937.031447
1078.021525
1215.536617
1373.225932
1570.507970
1743.888606
1931.851711
2109.528872
2315.375537
2484.079004
2653.951842
2810.650000
2978.955424
3135.927312
3267.182970
3384.215593
3498.563289
3647.454162
3806.370677
3952.304444
4080.315169
4266.266692
4444.928195
4605.774192
4788.316252
4927.922331
5127.821429
5283.189474
5414.757514
5576.347030
5747.154774
5897.884407
6056.959774
6233.273861
6373.542406
6553.023239
6693.142331
6830.250226
6963.928383
7060.607293
7149.490734
7266.020056
7342.524746
7403.326842
7523.296629
7607.577086
7642.371053
7677.460000
7676.604117
7634.914972
7622.109173
7611.133026
7684.810000
7641.231504
7631.055714
7613.775432
7610.318531
7514.910000
7433.480940
7347.446711
7213.640000
7129.424511
7052.980658
6963.361902
6896.627331
6846.465744
6811.914981
6805.073158
6821.287684
6876.823383
6874.888120
6935.077669
7023.086478
7123.723665
7242.851729
7372.581579
7472.449211
7584.794398
7682.274586
7818.492881
8004.921241
8141.600358
8217.840752
8312.743778
8404.873013
8504.671504
8596.470226
8598.112368
8602.684407
8579.178647
8549.623947
8551.956184
8545.503684
8469.762542
8419.037350
8386.622994
8312.847218
8231.941864
8164.794041
8094.753571
8059.282881
7997.720902
7963.384699
7950.244737
7888.240433
7861.892744
7801.019323
7757.072632
7734.200395
7713.890904
7693.862256
7658.070960
7606.097688
7595.003239
7591.803571
7541.587049
7515.113729
7466.009398
7399.474350
7406.612857
7366.293164
7333.444286
7312.636516
7298.830132
7211.744737
7163.664294
7100.825132
7005.151337
6908.115752
6832.342279
6779.695940
6694.868421
6562.369474
6474.100094
6374.365424
6251.464286
6140.911582
6057.942876
5989.090000
5902.487368
5823.853026
5732.337684
5685.531391
5627.538136
5547.991673
5482.787627
5426.175113
5369.504718
5311.206767
5251.825677
5227.246516
5158.442876
5100.092180
5063.511729
5013.607966
4992.740526
4952.686316
4929.931488
4902.237895
4886.434576
4876.455940
4868.379510
4872.743496
4879.097519
4881.609361
4883.164643
4861.600942
4844.872481
4849.258214
4872.110433
4855.299586
4888.825526
4895.789605
4882.490339
4872.896316
4884.261955
4902.253233
4861.473722
4826.130000
4809.148102
4782.970094
4741.885714
4642.185876
4582.395695
4587.095000
4494.337156
4429.266447
4382.028947
4322.536842
4258.511657
4213.540301
4171.440376
4097.124850
4063.736541
4008.494953
3926.616992
3859.821318
3794.096391
3725.581864
3645.069887
3556.421711
3466.663390
3431.275940
3317.584211
3269.512500
3167.102373
3088.159211
3003.829041
2920.761711
2819.112105
2731.199718
2653.934511
2583.342994
2514.555414
2444.906874
2391.525526
2321.122105
2264.816234
2180.693139
2149.807288
