69.051911
69.637688
65.571589
62.140366
67.514861
68.724538
67.447366
69.082640
69.455239
67.145023
68.050512
75.039720
75.752025
74.009286
77.252248
78.032501
81.076525
84.307642
88.141482
83.502360
91.426406
93.040979
91.271098
93.447245
96.568226
98.511277
98.492462
98.200000
100.047526
103.699746
105.529872
105.228652
106.384421
108.394305
112.552893
116.570850
115.534011
120.089688
116.935047
117.586000
114.967183
122.475004
125.333714
130.157820
131.874876
130.986910
132.331289
135.643855
139.610842
144.706814
153.993090
154.992047
162.899723
168.803150
180.290235
188.289560
199.672846
214.266579
226.425532
245.149117
264.856372
280.519983
300.876312
333.606932
366.516842
392.684316
428.350015
463.768038
509.664591
550.890620
598.836085
653.039504
710.195288
766.554051
816.056778
884.119857
956.982656
1026.382109
1107.800226
1186.849831
1263.211977
1349.646842
1416.536128
1500.176617
1588.394218
1668.640677
1735.822425
1823.611955
1913.635075
1985.479774
2059.530639
2122.294237
2169.348120
2213.369548
2260.078233
2305.808571
2328.855386
2343.877500
2384.573929
2400.492782
2415.022599
2437.030357
2431.048459
2468.207594
2448.927143
2468.555330
2459.842782
2465.488872
2457.207086
2469.190226
2466.884549
2464.591222
2473.228684
2471.907895
2470.102105
2477.494624
2491.639209
2465.869211
2484.789153
2483.574662
2488.156842
2486.392298
2490.909492
2503.569455
2518.417932
2503.718908
2488.854662
2474.142932
2438.514737
2383.571184
2331.967665
2298.135827
2273.069115
2253.964135
2215.899962
2209.479624
2192.832669
2168.877740
2170.742970
2148.460583
2141.067331
2137.707100
2124.219624
2137.873609
2135.584915
2115.025000
2106.754237
2093.120150
2098.548983
2115.346165
2119.840301
2097.013045
2086.880414
2086.717872
2075.617387
2046.617068
2003.266692
1974.857966
1948.905564
1928.381617
1908.983992
1864.957237
1824.273484
1810.728571
1781.120639
1754.800846
1741.595714
1710.636729
1700.594850
1678.746290
1685.204812
1674.416128
1677.003647
1659.169623
1652.741579
1653.937444
1639.348136
1631.140000
1641.938041
1643.593214
1636.566128
1638.191504
1609.920583
1605.448684
1594.978947
1586.247797
1569.072820
1536.815301
1505.106992
1477.550658
1458.387425
1439.520226
1400.693684
1374.836316
1362.615085
1347.284887
1325.886053
1296.095940
1284.504181
1265.147368
1238.756692
1188.955179
1156.487782
1085.259322
1042.998045
994.202218
921.807168
876.941511
832.723171
796.252684
763.023038
722.701417
694.060744
673.158594
638.624707
628.841784
618.110797
615.018748
607.471145
610.452431
624.921188
631.164094
632.633763
651.534519
683.786842
730.200000
788.111844
862.479917
956.695643
1073.209117
1214.314436
1365.696441
1544.149248
1741.564746
1972.284511
2187.994237
2428.087293
2659.498233
2892.966384
3112.859154
3312.740658
3527.003158
3710.280847
3877.470752
4020.586203
4161.900000
4344.681805
4501.229284
4688.654211
4905.676667
5077.129812
5272.330865
5460.372707
5700.611316
5891.665574
6083.810977
6321.812989
6540.841711
6723.814972
6903.244286
7103.086823
7284.719661
7460.442932
7688.478286
7891.012180
8079.883371
8263.972970
8424.126165
8535.516992
8705.912256
8864.484463
8960.802425
9109.946026
9195.954474
9282.753371
9384.184192
9390.158271
9378.138346
9410.401635
9419.373503
9447.212331
9432.619474
9402.173026
9454.955714
9406.148571
9376.215451
9338.736610
9253.310714
9155.636523
9004.043026
8903.470000
8801.677519
8677.050545
8549.274689
8446.499436
8401.871375
8374.502801
8339.411128
8401.360508
8406.057782
8518.706579
8626.477368
8686.070056
8809.039474
8905.218722
9015.035789
9184.137763
9359.242876
9526.119662
9684.935537
9846.629417
10024.250584
10171.287970
10259.378195
10375.953672
10478.421429
10558.048496
10608.395301
10568.433898
10547.114286
10554.214662
10550.871053
10500.363158
10420.885122
10350.944361
10276.283239
10209.465414
10132.075706
10034.335526
9967.252744
9905.514143
9841.939398
9777.699643
9710.638571
9606.510207
9562.154831
9544.744586
9498.432105
9479.564868
9488.866911
9455.045940
9373.964915
9323.455771
9300.304369
9268.409361
9238.921090
9197.050678
9140.823759
9127.052881
9128.335357
9069.820038
9040.123647
8950.020998
8929.229605
8839.399474
8783.036667
8694.074117
8591.063013
8511.465865
8419.633729
8298.874398
8169.999699
8045.800602
7929.890489
7804.547853
7656.362932
7514.609831
7420.313327
7331.433107
7218.527368
7115.603421
7043.851751
6955.393947
6866.476271
6782.778741
6696.363898
6626.784511
6565.640752
6491.164417
6444.210602
6427.462599
6337.620395
6273.581203
6265.033609
6172.102938
6092.092632
6035.903947
6001.191017
6046.485207
6033.731620
5985.311955
6010.089849
6009.651992
5974.704248
5971.746617
5953.624680
5964.424087
5945.696692
5963.183816
5946.371563
5928.816729
5929.063684
5958.879342
5946.626102
5966.710000
5942.881673
5926.168628
5933.017632
5911.607857
5884.772895
5849.957100
5774.020000
5714.159774
5653.831109
5559.453571
5465.719303
5429.666034
5354.533026
5241.080000
5213.995122
5151.712481
5104.560789
5017.624812
4965.192011
4888.984482
4822.041203
4746.211733
4626.897444
4550.233766
4461.046353
4382.907481
4238.540169
4149.693008
4082.036316
3976.462105
3867.055292
3781.656165
3669.355075
3557.990470
3459.616165
3357.615480
3275.152538
3180.627006
3067.955263
2986.519831
2914.759267
2843.162632
2770.236648
2686.202068
2605.227119
