155.468526
156.034256
160.781821
158.037383
161.727780
178.769071
184.150525
186.996361
194.259957
198.391261
205.472211
217.083326
228.315588
235.452062
247.044105
264.034181
269.766039
278.236132
295.546357
305.163212
322.200928
332.515053
340.915589
351.136192
365.738627
382.441094
390.283823
395.269436
407.648489
419.242062
429.335088
448.023058
466.820316
476.686847
481.826592
500.872692
510.482657
529.814062
544.496866
553.454000
571.951644
586.471838
593.129000
597.502353
598.637438
611.929427
630.356361
640.155484
654.061697
674.008309
695.174789
701.247987
729.449734
757.802064
789.876512
811.660617
857.036028
905.823083
944.052079
992.625258
1044.519023
1104.804407
1162.496410
1222.456466
1299.011053
1366.622655
1444.863477
1560.086955
1649.145405
1743.115207
1845.342260
1943.000827
2058.932147
2174.510038
2293.781128
2417.752481
2532.513665
2665.656761
2824.515865
2987.568158
3148.585198
3313.875526
3486.294436
3669.758741
3839.835217
4002.491880
4177.235865
4329.226429
4479.272105
4686.332143
4808.574812
4923.377458
5059.366692
5174.241055
5251.219605
5323.181241
5404.568719
5481.879737
5542.011786
5568.472556
5580.581299
5574.172857
5625.563045
5608.500752
5595.654286
5595.738475
5593.829624
5603.560602
5595.607086
5611.368362
5612.576955
5628.776071
5656.342895
5657.833158
5670.687895
5689.555564
5693.549454
5723.577970
5744.329831
5751.660094
5816.112932
5863.181846
5923.032820
5945.696635
5978.948647
6012.173032
6002.604436
5974.299624
5913.843684
5844.681974
5788.580716
5699.553609
5647.910414
5600.404981
5562.490339
5542.211429
5534.598628
5529.252373
5515.238421
5505.126823
5511.110827
5496.121168
5457.935940
5444.818515
5453.714030
5477.458421
5511.708305
5522.460470
5524.826102
5560.625940
5568.935150
5529.111654
5524.277669
5523.058362
5487.355414
5434.426541
5415.216015
5371.774181
5338.333365
5266.138684
5214.954727
5180.169079
5126.575367
5092.155714
5066.477820
5023.552932
4995.944286
4961.045752
4931.266711
4913.508512
4912.617895
4872.320056
4862.108102
4814.313522
4807.178308
4791.404981
4780.078475
4767.316316
4755.106742
4774.293496
4802.566391
4812.430113
4834.001823
4836.897180
4812.781053
4780.318079
4785.662218
4742.340301
4731.849023
4749.536598
4751.930376
4756.591654
4739.671579
4729.809474
4727.510169
4742.227256
4763.210771
4733.724906
4720.175518
4721.634511
4687.126560
4631.517307
4531.737632
4456.290169
4361.196278
4262.811429
4149.452976
4041.451259
3956.443026
3870.405526
3785.045518
3724.244248
3662.107143
3581.607068
3529.403008
3486.611297
3481.776015
3489.427928
3450.593459
3456.598041
3476.432707
3521.981391
3579.913051
3637.261992
3739.774474
3862.802500
4000.238719
4140.270301
4313.195714
4532.419624
4746.119248
4993.814915
5276.975883
5558.329322
5908.843910
6217.207213
6548.240658
6848.946090
7180.006535
7510.934549
7863.135395
8196.402632
8467.341977
8726.825602
8960.120714
9180.074087
9449.156598
9702.540584
9971.891579
10314.277778
10712.036278
11042.365038
11451.277820
11867.011278
12265.006403
12640.166917
13084.743045
13478.865789
13820.314878
14198.985714
14604.703571
15008.157627
15377.823308
15728.272693
16166.455263
16506.842561
16917.660150
17298.798496
17577.462594
17891.701504
18147.099435
18373.407143
18561.378531
18804.481579
19028.701507
19159.456767
19209.357895
19262.039850
19334.543421
19336.362712
19306.740977
19384.971617
19350.960714
19266.588722
19260.214286
19219.313158
19121.251224
19010.414286
18844.338534
18550.072368
18280.300000
18040.115038
17848.140977
17627.696234
17413.287970
17297.580414
17195.265414
17134.318045
17141.861017
17197.968797
17289.135150
17466.818797
17616.603955
17849.297932
18072.121053
18352.721053
18701.031579
18988.848684
19358.833459
19690.180791
20030.771805
20411.986064
20642.613534
20848.560150
21045.868362
21179.277444
21313.813910
21355.963346
21369.444068
21360.624060
21316.800188
21260.992105
21181.723684
21028.482109
20891.574436
20759.829944
20565.618045
20417.212429
20311.696241
20093.860902
19905.896798
19776.432895
19676.120677
19546.055639
19427.547646
19321.115977
19195.139850
19170.289474
19079.128947
18966.212618
18895.469173
18869.696798
18804.388346
18696.152166
18618.328571
18568.602068
18495.596610
18403.252632
18335.426365
18259.510714
18158.013183
18122.937594
18010.116761
17884.714474
17695.315789
17575.900565
17417.668609
17217.517891
17035.704887
16782.948588
16505.569549
16296.800752
16088.172932
15886.067669
15614.354802
15344.148496
15074.319774
14897.812030
14683.337665
14416.400000
14250.610526
14138.302637
13964.533083
13788.967797
13588.265602
13453.277966
13316.536842
13156.982895
13047.787594
12859.651880
12717.956121
12580.922744
12397.386466
12351.671429
12213.086441
12207.028947
12103.513158
12063.102260
12001.583083
11962.605085
11939.285714
11951.929755
11948.637406
11925.587594
11931.536842
11958.279511
12009.957062
11973.124812
11919.745677
11916.942750
11958.152632
11970.152632
11942.028947
11974.554237
11955.472932
11974.794361
11960.301316
11915.036842
11868.628571
11819.468985
11749.383804
11638.285714
11505.981921
11369.557143
11197.135714
11021.204331
10855.647932
10693.819737
10510.984211
10418.029944
10284.145489
10165.183835
10022.758383
9876.675432
9759.970264
9651.173158
9517.234934
9342.897914
9157.819699
9007.456241
8820.311128
8637.775424
8472.239925
8298.197368
8115.683158
7863.838173
7666.330902
7448.329511
7252.037669
7053.269323
6862.518757
6657.823759
6479.355706
6314.294549
6103.466535
5928.987218
5802.387143
5644.765518
5516.199699
5335.575141
