101.118579
101.432269
108.155316
113.071068
113.820000
114.886850
119.733746
130.954316
133.076008
137.177092
149.772977
162.456731
171.640789
180.492927
191.186496
206.318136
224.399237
236.771447
245.360056
250.510079
270.740996
282.625105
297.403499
298.583767
307.917034
321.418301
336.150752
345.210545
353.964045
366.150742
378.460643
396.040318
412.212947
414.098305
436.525746
450.833414
457.286215
477.258998
493.939548
507.119786
508.728062
511.213350
534.435714
539.432504
545.419908
556.701780
558.699008
565.777832
579.023461
580.639435
595.422677
618.583385
637.231729
661.975726
693.047987
718.364314
753.472463
779.530053
824.496679
865.714495
898.373639
940.632102
983.313415
1017.000526
1069.528947
1139.823258
1188.982538
1256.199586
1332.746761
1390.005282
1451.448362
1528.714361
1590.244463
1651.165545
1715.111316
1783.849774
1870.128477
1934.831676
2025.678421
2143.574417
2236.305537
2327.779474
2431.959850
2537.543741
2618.923164
2696.334737
2797.877519
2879.548139
2996.369023
3084.430038
3163.666579
3238.630339
3301.791429
3354.364972
3403.300414
3449.428195
3488.661563
3519.600132
3534.190357
3537.755639
3558.438418
3544.374643
3558.404925
3545.300075
3529.503214
3555.606911
3498.297820
3488.441504
3511.159793
3500.525367
3500.786729
3498.121090
3490.554868
3520.466316
3546.352331
3532.943628
3550.433672
3560.382105
3603.935085
3609.868120
3631.806992
3673.515970
3730.897876
3771.372030
3792.461805
3830.278606
3816.351222
3788.218346
3759.481053
3703.695395
3664.415311
3658.989586
3638.672448
3629.662462
3600.800264
3588.772331
3574.728515
3594.544633
3582.696654
3547.632425
3548.524699
3569.742185
3548.935940
3521.379718
3524.698606
3528.292368
3528.489492
3547.502049
3562.736102
3587.241128
3577.876109
3576.033684
3566.280677
3558.550113
3517.508947
3510.423083
3489.435865
3458.897345
3455.299737
3440.741541
3404.108644
3359.798947
3328.429642
3324.947143
3330.634718
3316.253797
3285.832143
3274.821955
3266.865489
3251.232109
3241.074662
3236.190996
3193.607744
3174.180339
3189.056278
3179.968083
3166.346271
3165.183684
3167.582938
3168.655038
3176.489173
3192.000075
3184.903872
3204.298365
3203.742105
3186.865480
3193.320564
3190.963459
3208.035301
3221.594624
3222.987068
3234.524361
3233.609474
3254.083684
3273.336893
3282.976654
3312.821673
3321.282387
3301.797439
3299.733835
3294.878910
3253.338983
3234.529398
3184.677288
3117.087669
3088.155338
3005.264331
2937.321635
2902.340000
2853.488947
2798.758023
2765.604380
2745.874436
2721.150075
2685.719098
2647.398741
2639.768609
2642.038964
2635.802218
2636.589360
2641.757218
2667.901372
2696.517401
2726.693008
2776.231316
2827.680000
2918.466610
3001.503383
3061.717143
3163.283778
3271.631015
3348.976102
3460.946692
3526.349831
3664.146090
3827.777439
3933.179568
4064.554624
4162.816177
4275.074718
4369.664737
4475.481053
4555.178475
4630.069004
4720.735865
4798.806441
4876.375338
4965.143936
5031.369248
5148.861111
5267.712519
5442.097444
5600.223722
5774.577782
5974.595424
6150.143383
6306.850432
6446.850395
6565.469529
6691.968722
6845.018553
6997.599831
7158.175865
7340.554765
7487.031165
7667.363917
7789.367068
7932.229850
8070.036936
8143.942707
8226.207175
8319.613083
8435.395198
8527.234737
8542.657269
8584.486353
8606.525338
8598.324286
8587.455056
8588.865028
8659.315000
8624.508778
8586.890752
8568.154211
8502.842857
8504.344229
8458.413258
8377.752857
8268.866241
8186.308421
8055.120000
7915.533759
7787.278966
7689.115932
7610.586053
7532.992542
7502.060169
7521.174286
7555.565650
7552.321823
7584.405733
7664.920677
7759.290075
7825.469605
7915.706767
8057.023684
8220.101184
8341.087801
8416.541504
8574.176497
8756.950677
8850.524482
8948.471880
9092.462669
9167.413296
9240.227368
9243.167481
9295.805244
9300.036610
9287.454135
9258.210432
9196.868816
9156.697105
9098.976102
9011.811898
8930.327571
8879.716090
8828.820621
8750.632782
8664.337180
8576.621017
8520.344831
8466.505940
8468.797820
8362.577571
8336.601090
8272.658421
8199.601579
8161.860000
8139.367853
8126.971805
8107.721488
8067.314981
8032.380094
8004.305564
7955.851447
7901.755085
7859.320902
7855.636177
7826.252500
7781.658814
7708.305752
7652.785480
7645.305000
7582.140526
7518.151638
7464.440846
7375.830923
7244.613233
7127.805292
7052.799192
6963.840226
6835.092857
6729.774530
6623.566667
6509.748308
6427.088079
6368.558628
6272.347043
6149.356842
6045.139211
5973.212203
5888.009436
5806.068305
5757.463722
5702.745424
5631.775263
5574.108440
5521.290602
5454.958985
5392.985330
5345.397857
5298.930150
5225.773684
5194.695537
5152.040658
5110.559737
5085.578832
5056.995564
5042.294218
5065.688195
5057.330226
5026.378271
5046.036579
5065.879962
5023.380846
5003.276139
5000.831805
5034.264906
4981.742637
4985.030602
5000.090526
5005.875789
5027.433898
5024.745940
5026.473759
5016.183383
4995.630827
4994.021429
4954.137462
4884.632429
4856.982857
4807.519718
4714.763947
4641.487143
4657.665857
4542.437669
4446.638158
4358.431579
4319.812881
4269.965000
4205.262331
4153.178910
4108.051429
4058.191940
3996.292932
3931.545593
3876.085432
3822.064557
3749.469023
3649.448233
3589.826949
3499.158496
3416.575789
3344.345263
3255.411412
3143.604436
3058.482782
2957.721992
2879.670677
2797.272486
2722.091823
2654.609266
2572.991955
2500.585725
2443.352932
2366.157068
2310.328475
2256.058421
2188.260565
