47.709032
50.380756
46.372910
44.528074
46.291903
51.452687
48.787569
45.846675
50.122837
52.397940
52.720583
54.318340
55.407230
56.041720
57.847491
59.988890
61.990868
62.752211
65.245924
63.429500
64.779584
66.569030
75.693858
72.105427
75.834249
79.205791
80.380653
83.352028
80.165135
80.084409
86.627202
89.026654
91.155661
89.571339
88.269277
90.251345
98.234180
103.204942
100.428672
99.322343
108.326750
111.525925
115.395143
114.781647
116.249581
118.316597
120.847970
125.270768
129.308355
134.949102
134.418992
143.147158
147.995113
160.210462
170.392772
180.677816
192.636151
208.326947
223.474256
240.166109
252.643455
275.651559
308.130870
340.240128
377.808789
421.619936
464.092165
502.890977
554.395166
619.202586
684.585192
742.106211
803.952486
891.906617
971.654350
1057.397406
1144.210508
1236.633032
1346.396316
1461.233534
1563.867062
1675.131053
1803.708684
1913.336635
2048.038136
2167.565714
2250.082444
2383.160075
2502.010414
2575.130677
2688.790432
2787.232203
2849.509925
2929.043804
3007.960996
3059.414060
3103.157137
3139.092368
3155.403929
3194.943835
3244.852825
3250.874643
3270.591654
3265.212669
3245.096786
3272.642806
3269.039023
3294.379098
3305.600677
3302.097853
3313.866654
3306.151579
3305.293289
3325.820000
3313.336767
3305.300470
3300.284143
3302.549962
3313.249492
3306.734117
3342.201053
3354.081864
3343.581504
3335.771541
3325.641278
3319.176761
3302.401447
3275.077744
3230.912105
3164.314474
3093.585179
3037.167218
2998.721186
2974.195244
2937.892599
2908.218120
2882.739774
2863.935141
2853.028835
2849.579004
2831.911861
2827.883013
2816.655639
2798.984342
2793.058192
2791.930000
2788.483390
2785.980620
2783.297119
2801.124662
2801.002575
2776.565658
2774.765489
2776.779228
2736.526278
2697.176090
2637.475338
2596.178927
2567.032049
2536.445000
2494.445160
2438.573026
2395.749040
2360.102857
2315.540583
2308.310959
2248.064286
2207.820526
2177.902162
2160.050923
2139.051880
2122.484229
2108.885451
2090.173220
2095.319699
2084.635846
2080.573390
2085.886842
2081.130301
2071.377143
2059.687556
2049.790376
2061.708947
2042.689342
2004.186165
1972.151412
1943.125846
1893.931955
1866.721955
1825.272932
1801.088891
1767.164586
1721.294737
1693.608684
1662.504181
1623.290338
1600.378327
1571.649812
1536.850282
1517.964135
1462.948609
1403.927853
1358.963383
1280.784746
1188.105132
1108.552556
1027.016098
956.453891
882.800092
831.699395
784.938013
736.826763
707.025586
678.297090
646.734299
639.001350
621.978647
601.778021
592.333214
582.970482
580.516797
594.479799
601.939407
620.885274
654.080395
709.529500
778.783292
860.778602
974.547786
1130.770714
1317.138534
1526.985932
1794.039511
2103.327458
2415.049624
2736.246667
3107.363289
3444.553872
3815.438418
4164.870169
4484.039737
4799.851053
5081.864520
5349.925263
5602.851165
5839.702768
6092.732500
6335.025367
6570.327143
6839.110000
7142.659380
7473.158459
7801.455564
8157.275620
8476.002505
8797.388571
9128.534023
9434.746974
9732.029529
10030.692331
10301.714850
10586.838983
10908.977444
11207.713183
11508.599060
11768.454049
12061.040977
12387.598308
12589.982331
12811.696992
13090.720339
13257.072932
13430.722411
13600.897368
13697.899435
13768.125000
13873.642857
13963.794737
13995.731015
14004.419209
14009.907143
14032.645865
14004.899436
14020.112030
13943.628571
13936.247556
13850.957627
13770.564286
13698.088910
13503.557895
13293.200000
13139.860902
13005.526692
12864.259134
12716.286466
12605.572505
12552.050564
12483.224060
12477.645198
12597.075376
12635.711278
12747.812406
12893.822787
13059.730827
13241.355639
13422.973684
13646.543421
13951.413534
14186.641729
14419.141808
14682.426316
14902.690584
15092.994737
15256.720865
15407.424859
15511.535338
15573.811278
15628.512218
15683.727119
15697.302256
15714.301504
15587.135526
15535.892105
15472.494539
15389.942293
15270.589831
15152.643609
15068.295480
14942.206203
14770.020677
14648.791902
14568.788158
14562.687406
14465.493233
14380.925047
14283.106391
14165.260902
14122.939474
14070.750000
14058.215443
14012.654887
13936.247269
13895.606203
13871.827119
13821.558647
13759.852444
13716.400000
13684.652632
13610.104520
13507.085714
13522.930132
13419.576316
13367.712241
13283.803947
13186.705263
13054.957062
12922.203008
12823.947081
12712.060526
12531.939548
12338.028008
12189.023308
12033.557895
11839.646053
11652.532203
11479.938346
11294.134463
11140.006391
10954.400377
10789.510526
10650.961842
10541.243315
10417.739850
10302.888136
10162.683647
10047.261017
9934.883158
9799.369737
9711.371071
9640.282707
9521.936252
9403.921767
9383.213459
9244.650752
9239.127514
9145.511842
9106.482105
9032.215819
9018.936410
8996.706554
8962.093759
8974.193089
8991.742387
9025.665827
9056.455301
9021.455789
9045.659077
9050.352857
9042.117387
9052.940998
9032.356842
8983.574474
8978.811316
9017.956949
9078.181805
9054.552782
9045.972782
9057.478496
9019.397143
8977.791729
8922.876893
8812.388571
8739.612316
8644.673195
8457.005714
8385.422994
8256.968515
8109.007500
8011.214211
7892.096441
7810.468177
7712.210489
7648.004812
7531.122350
7409.151940
7303.201805
7194.067627
7091.339267
6971.959529
6841.515075
6723.552350
6588.501017
6469.568947
6288.173158
6133.838026
6009.735217
5876.690789
5712.271372
5531.171598
5371.197669
5217.677571
5083.293083
4941.214124
4786.990489
4652.906949
4524.501880
4426.143459
4301.823371
4183.773628
4123.947514
