94.769079
90.591992
95.369687
94.999674
108.884441
102.267752
93.960727
102.954444
104.496913
119.386852
122.495398
121.569305
122.629203
131.984469
142.029722
137.730972
145.582355
159.633211
168.568440
169.645430
159.684224
180.631594
191.217264
189.136741
199.730333
211.178782
207.113868
204.634718
212.261226
220.008814
231.764910
244.358371
242.452895
250.975186
267.414481
269.675940
272.525548
286.795852
285.715847
306.993214
304.233940
319.094992
319.541000
325.428075
328.041148
331.977804
335.020647
332.704354
340.025382
348.258727
358.741594
366.507759
380.733565
385.593256
405.787023
445.147754
446.908625
461.447120
487.312055
525.297640
556.196628
575.865305
611.315874
652.515917
686.482684
742.531066
794.382994
840.534338
900.173405
953.939786
1020.753333
1077.329323
1142.319661
1216.873214
1293.148722
1361.911429
1441.787669
1531.735443
1610.896090
1703.413684
1811.163729
1909.180789
2015.158797
2094.013628
2212.192185
2337.895263
2458.882556
2571.062086
2665.452256
2775.728271
2858.076316
2934.827966
3021.281429
3095.612109
3145.817820
3173.295414
3210.886855
3267.635000
3296.501071
3314.971128
3345.280000
3364.589286
3364.414474
3354.945451
3364.396429
3356.612222
3328.619323
3330.065188
3368.435639
3393.963051
3361.340865
3327.948835
3335.430132
3341.771053
3342.531353
3364.245132
3353.048550
3356.950752
3368.147458
3378.193459
3387.665789
3378.755631
3396.393910
3459.324549
3474.436241
3434.681657
3412.622744
3396.084962
3347.065263
3284.318158
3245.399397
3223.490902
3176.615028
3124.445282
3108.309510
3084.503835
3079.447218
3074.940904
3045.172707
3030.970338
3034.128684
3032.370508
3032.803910
3020.751297
3004.598173
3012.955789
3033.120678
3041.465658
3052.027288
3050.241203
3044.996297
3028.588289
3004.799211
2990.853559
2987.183477
2972.967293
2907.836466
2893.908192
2863.243139
2832.216955
2803.992693
2776.711053
2738.406196
2701.191429
2696.149323
2657.527951
2616.362143
2587.181165
2605.186222
2615.809510
2569.508496
2557.361485
2530.809605
2510.650810
2489.486053
2480.905038
2481.375254
2483.772632
2496.999906
2500.482782
2487.100940
2500.781015
2496.749455
2484.662801
2496.010677
2495.989831
2454.465959
2425.137594
2428.782970
2416.808684
2416.957914
2424.879850
2414.795263
2393.349079
2376.562599
2379.223421
2405.673195
2406.511353
2351.828757
2360.099549
2339.787669
2283.328456
2243.252782
2191.571186
2129.693177
2077.945865
2029.625348
1987.718647
1932.966711
1886.430526
1845.560301
1804.999436
1768.920451
1741.749098
1728.936842
1696.559586
1687.869398
1701.084539
1700.188252
1713.419887
1727.265338
1740.459568
1767.586497
1808.969662
1850.423158
1904.817500
1976.050320
2064.066541
2153.917143
2264.249455
2407.868684
2520.768305
2699.983402
2876.773898
3082.680827
3266.954840
3500.556992
3708.018308
3925.799379
4147.186805
4355.387237
4558.713158
4772.973785
4970.081372
5151.750226
5317.016535
5482.996015
5711.111563
5929.080902
6183.644444
6384.012425
6653.458910
6912.323008
7246.314060
7546.589661
7833.855188
8110.932387
8357.257105
8699.127740
9004.789774
9289.512444
9594.866610
9876.244962
10182.413936
10455.224060
10736.375141
11025.872932
11317.797556
11523.060150
11719.935338
11974.958192
12183.249624
12352.815819
12518.123684
12669.568362
12784.546053
12877.921053
12929.950376
12923.658459
12951.179661
13051.286090
13041.560338
12981.337218
12994.973684
12980.628571
12910.418233
12823.855744
12774.057143
12708.243045
12496.788158
12321.700000
12155.854135
11998.449248
11862.406780
11744.303759
11645.180414
11579.959211
11602.107519
11582.955367
11640.944737
11685.698496
11750.301128
11877.657250
12025.351504
12167.580451
12384.573684
12589.378947
12835.498872
13066.034586
13257.732203
13498.230263
13734.201130
13880.980451
14042.423872
14184.594162
14253.712030
14329.793609
14380.698496
14477.850847
14379.148872
14318.190789
14319.925000
14267.460526
14185.659134
14045.307707
13906.204896
13789.830827
13714.875706
13662.374812
13524.077444
13380.849906
13339.544173
13158.530827
13096.335338
13011.929002
12948.323308
12942.878947
12905.794737
12831.006579
12788.855179
12728.290226
12679.058004
12636.094173
12612.902825
12544.648872
12430.888534
12423.969492
12315.933835
12223.796987
12260.171429
12212.839360
12129.308271
12025.475518
11952.011842
11886.452632
11802.353672
11656.336654
11531.714124
11428.210526
11285.014878
11105.583271
10918.048872
10750.233083
10617.831391
10448.592655
10339.346617
10148.083616
9995.701974
9792.932429
9682.512105
9571.648816
9455.038719
9303.182932
9180.465763
9091.258590
8994.242712
8886.296090
8789.919624
8698.817632
8605.827293
8537.512863
8400.972707
8318.826165
8251.061955
8190.742881
8120.641447
8069.135789
8032.708606
8030.113703
8017.217627
8012.451278
8023.349906
8029.628120
8014.022368
7998.177556
8007.657932
8002.600942
7989.832932
8002.601805
7946.184821
7968.740000
7951.013947
7979.368553
7995.243559
7965.101955
7997.184680
7996.116523
7964.155376
7930.805714
7908.717650
7857.123785
7749.750000
7670.395424
7598.846654
7474.873571
7378.798588
7225.658083
7119.080789
7066.710526
6958.668286
6827.626335
6743.527180
6649.844286
6593.975508
6523.144124
6413.678120
6289.646290
6178.583910
6100.569341
5996.789850
5877.054662
5753.058983
5631.284286
5486.593158
5389.670132
5251.092524
5131.106165
4977.570395
4829.773891
4682.741579
4536.228983
4402.174662
4291.668192
4177.036316
4045.329925
3937.735846
3842.379098
3754.367910
3620.615338
3523.248927
