79.315400
85.916964
85.287259
86.329255
68.986085
78.029816
83.595910
86.439502
74.548090
80.676895
83.305106
83.894451
89.276882
93.810064
95.991855
99.853498
104.140961
104.377789
109.187147
104.125876
114.699215
110.576030
114.534181
129.883667
135.465836
131.337688
140.238799
143.274553
135.256955
132.261077
136.175818
142.165038
149.405526
153.913153
166.772679
163.866602
171.477582
158.724679
166.768395
171.557214
182.112836
172.604782
181.980286
185.855421
193.493096
207.984243
211.751936
210.551343
212.060579
210.137021
225.502737
236.829147
236.707266
266.894808
284.304245
295.594250
322.818407
343.592534
372.658209
406.241239
434.142071
478.686508
536.042720
580.845361
629.267000
703.149844
777.694361
856.294872
936.625441
1029.823346
1151.409548
1239.614286
1342.062260
1492.731635
1612.946165
1735.421955
1884.629906
2041.422015
2194.335940
2357.626372
2532.639040
2701.195789
2882.597256
3092.482575
3254.543427
3415.168722
3593.288440
3749.886711
3920.192669
4105.893158
4209.765489
4353.024068
4457.634662
4538.515631
4626.385132
4698.541654
4771.035687
4855.481316
4916.338929
4975.318647
4999.899492
5035.556071
5056.336692
5046.277030
5076.980000
5069.905970
5051.580902
5050.613008
5047.646504
5068.873051
5064.268421
5075.847895
5084.286053
5054.080526
5054.365113
5065.867500
5058.654426
5028.919850
5029.557458
5057.564398
5070.872857
5080.449397
5068.945132
5082.149079
5016.720714
4996.719435
4952.990000
4886.839248
4817.695263
4716.019342
4607.304708
4540.838910
4492.160094
4414.013195
4341.908004
4301.934511
4274.536617
4267.589887
4240.097820
4203.365508
4196.316805
4157.005235
4144.815038
4124.267707
4096.832580
4087.535263
4106.718814
4137.032293
4121.919661
4117.531128
4101.955132
4092.662801
4028.981729
3986.797345
3954.574586
3894.892105
3833.005639
3773.474915
3689.252124
3650.001278
3593.305706
3510.170921
3450.294765
3394.594286
3329.589680
3267.410395
3213.165714
3181.714060
3163.234229
3112.900471
3073.525940
3059.241410
3046.146015
3020.763070
3019.477218
3005.118477
2995.441186
2983.100000
2975.852637
2993.441353
3001.240940
2980.549774
2965.395075
2953.647594
2914.426541
2858.289605
2833.052556
2779.749887
2723.768571
2659.377105
2611.733120
2567.905414
2517.510526
2451.251579
2400.741469
2354.294135
2298.601297
2270.214492
2212.044501
2119.133534
2015.087199
1938.199680
1819.910376
1703.754407
1614.429981
1497.298045
1364.563955
1257.866711
1174.787368
1095.094474
1021.770320
964.089735
907.031008
853.567203
831.823041
803.078289
771.094594
756.084019
749.230694
743.458437
757.680226
778.881261
803.969232
839.443639
905.147026
996.928250
1108.023220
1256.167519
1446.884643
1676.131316
1956.123459
2286.676780
2674.871955
3070.934237
3518.289023
3992.040188
4463.251071
4928.966842
5421.925348
5885.105451
6335.871711
6795.302632
7177.168305
7542.885658
7925.873120
8272.317420
8602.442425
8968.411073
9389.068872
9778.080000
10179.997180
10628.469549
11140.020301
11624.489474
12106.150659
12562.991729
13031.973120
13511.290789
13929.527119
14343.066165
14774.051692
15180.076271
15625.126316
16132.003955
16550.353759
16978.251412
17383.769549
17756.304887
18090.039474
18399.102256
18693.247458
18989.526692
19251.925047
19413.478947
19588.887759
19758.989850
19828.233835
19876.852632
19942.021805
19960.518644
19994.244737
20012.479699
20025.601316
19991.410526
19956.400000
19900.852068
19846.845386
19594.142857
19362.541917
19160.825000
18835.500000
18595.656391
18356.340038
18124.420716
17976.889474
17863.154049
17779.523120
17727.728571
17811.859887
17908.065977
18022.957331
18179.529323
18373.623729
18594.142857
18880.775188
19157.131579
19552.953947
19903.424060
20180.921805
20545.096045
20969.439474
21327.897175
21599.507519
21827.595113
22055.196234
22159.303008
22279.244361
22376.172744
22328.379661
22331.104511
22273.463346
22204.825000
22108.955263
22004.894727
21830.066917
21629.269868
21424.577444
21192.785876
20987.134962
20836.003759
20674.835970
20532.329135
20380.017105
20297.354135
20191.294727
20112.254887
20027.060150
19911.102632
19765.072368
19652.516008
19579.225564
19511.769115
19406.520865
19295.070810
19230.225188
19204.886466
19151.983051
19033.360150
19097.076648
19014.825000
18858.869492
18750.291729
18603.518644
18488.672368
18397.784211
18263.425424
18053.467105
17815.991902
17565.499624
17321.063653
17092.290038
16833.938346
16545.813534
16315.465977
16094.670621
15696.326692
15489.379096
15242.665414
15066.515631
14817.694737
14634.136842
14439.475141
14230.900752
14053.303390
13880.044361
13767.555932
13652.703759
13461.161842
13286.528947
13168.480451
13060.068927
12936.147556
12827.002256
12657.665414
12485.751977
12441.578947
12329.450000
12228.991902
12194.685150
12187.856874
12177.060902
12156.571751
12165.402256
12189.130827
12192.053008
12174.173308
12126.520716
12138.135338
12108.347744
12058.526554
11990.534211
12021.981579
12041.564474
12024.972881
12041.115038
12081.136842
12056.162594
11998.443609
11932.492857
11826.429887
11673.383427
11549.485714
11476.478531
11304.151316
11149.671429
10993.303390
10836.547744
10658.318421
10550.110526
10463.915066
10304.474812
10174.776316
10039.106090
9872.030940
9722.554501
9578.749774
9423.292354
9289.344850
9137.087627
8920.878271
8774.536015
8549.056610
8334.428271
8176.185263
7958.276316
7717.535537
7453.692782
7271.091692
7088.007237
6836.819850
6607.152994
6440.604229
6243.854802
6039.519549
5902.409077
5752.346278
5589.664211
5398.198249
5276.069492
5101.922034
