93.522837
91.108090
84.681180
91.454291
100.083241
86.385367
91.393902
89.776016
92.040581
93.597940
90.301991
98.845525
109.830846
104.225000
98.086717
102.664763
101.208763
108.163447
111.150568
113.347398
108.248537
116.336180
115.120266
124.588778
123.475904
127.261714
120.518092
124.573308
133.144782
137.152009
145.801897
147.444362
136.979026
141.574898
144.150508
153.232158
145.649241
151.120400
157.443863
149.928786
161.145844
166.342130
171.926571
167.143940
172.201367
179.045497
180.986564
184.696748
188.110724
197.894840
200.374782
208.927073
218.119102
214.257534
227.829213
244.854128
250.636546
273.207203
305.154976
319.819136
333.747835
364.342898
386.818808
412.119744
460.665158
507.233177
563.759391
602.547474
656.838746
725.343669
799.210062
865.509895
943.724429
1036.709182
1135.993346
1224.657857
1329.201090
1429.844105
1538.906541
1666.571410
1792.058475
1918.432895
2054.568534
2190.056898
2320.233842
2450.511579
2611.895639
2712.813778
2835.608609
2983.322256
3101.744981
3213.782203
3310.585113
3406.028625
3509.364568
3589.617218
3653.237815
3722.140921
3762.718929
3790.525564
3831.318023
3852.781429
3867.608759
3890.523459
3878.109643
3912.572976
3928.355263
3941.490376
3941.313402
3947.727627
3951.768872
3959.486823
3989.828158
3998.462105
3981.574737
4008.099398
3993.532467
4006.769699
3993.269492
4024.402895
4019.909398
4060.702147
4045.950977
4036.804643
4031.172331
4028.298060
4003.436353
3974.989023
3942.977368
3892.207763
3833.259228
3774.323684
3719.924068
3671.326335
3621.903390
3576.359850
3563.905865
3534.261808
3496.593947
3497.784192
3464.506917
3472.771676
3468.527068
3464.156880
3453.090678
3431.294737
3427.626949
3424.327782
3410.893390
3434.399173
3431.467575
3445.552914
3417.894774
3396.768136
3346.532914
3362.792030
3322.846917
3277.571525
3244.303966
3180.377481
3133.716817
3097.449605
3044.372712
2997.134286
2944.755921
2888.233083
2854.084286
2797.913233
2752.265564
2732.937476
2705.960226
2660.191823
2620.242162
2610.754689
2595.636128
2575.143139
2575.540508
2575.406842
2575.687495
2578.225733
2567.516241
2565.160226
2544.259117
2539.454699
2524.622932
2481.782373
2471.839398
2432.654398
2404.514023
2360.631485
2334.201372
2286.926466
2244.142105
2199.928816
2155.546497
2123.151579
2077.124211
2029.531222
2021.148079
1948.557820
1904.789906
1847.196422
1789.155451
1680.880508
1594.400019
1515.014286
1429.803126
1335.050771
1252.043026
1177.888421
1105.604501
1040.288214
989.495226
940.987301
885.123447
862.783586
849.312023
821.594857
809.712694
797.470685
791.791556
804.386675
806.433870
826.541357
877.118395
924.201250
992.323665
1091.530677
1216.180000
1367.366485
1541.085827
1761.500678
2032.919342
2347.761356
2679.436617
3041.117910
3468.184887
3861.104662
4250.310998
4667.857914
5106.840000
5496.350000
5850.837571
6241.299267
6634.383271
6954.666347
7251.558797
7589.525254
7888.077895
8187.502222
8575.421447
8929.078722
9297.052932
9706.993647
10146.064972
10534.200000
10969.459023
11415.838158
11825.456685
12225.325564
12624.287782
12997.335593
13369.597744
13772.952354
14162.089286
14568.019021
14970.706767
15318.093797
15661.703759
15964.909023
16280.946893
16539.135338
16843.097363
17047.768421
17280.479661
17477.735902
17611.500752
17742.996992
17825.613910
17856.781356
17933.670301
17969.815414
18003.126692
17986.024060
17980.671429
17937.258835
17897.054426
17810.185714
17675.264850
17523.776316
17360.800000
17225.822556
17075.668233
16821.682863
16598.250752
16498.777213
16411.825752
16383.583459
16285.927684
16311.956955
16326.850564
16435.968421
16584.768362
16776.624436
17020.089474
17205.689474
17434.588158
17674.871429
17923.320301
18247.567797
18594.134774
18845.287571
19070.070677
19389.089098
19612.027684
19715.165789
19906.560150
19989.654887
20038.515254
20093.142105
20008.587782
19997.976316
19972.918421
19851.374576
19748.262406
19609.310923
19468.540602
19315.771186
19116.864662
18975.704135
18850.395104
18768.074812
18596.054323
18440.308271
18341.979284
18229.418797
18099.128947
17996.513158
17945.984211
17850.615631
17806.181955
17773.764595
17724.027068
17671.404896
17589.290977
17500.184398
17469.425424
17432.454887
17285.608663
17295.896429
17123.373258
17046.369549
16925.831638
16811.835526
16694.410526
16583.859887
16450.766729
16297.208098
16138.790602
15937.927119
15733.828008
15545.862406
15309.965414
15094.311654
14888.223729
14616.155263
14425.570056
14212.266917
14014.978154
13810.889474
13650.107895
13447.545951
13222.814286
13056.240678
12877.987970
12716.623729
12574.228571
12423.524624
12277.343985
12123.121053
12037.554991
11911.765414
11802.452632
11668.333083
11539.554802
11464.664474
11360.273684
11307.517326
11244.856203
11211.774953
11214.655639
11193.787194
11166.252256
11161.400000
11173.581203
11159.425752
11099.562524
11181.371429
11147.034398
11145.640301
11087.054511
11054.363158
11089.764474
11115.647458
11139.156391
11161.404699
11161.081015
11187.940977
11152.578571
11095.906391
11089.298870
11022.214286
10879.859887
10762.531579
10662.035714
10526.534840
10358.177256
10211.173684
10096.784211
9901.881073
9782.213929
9672.918609
9528.328346
9392.831015
9288.373917
9158.492105
9016.978154
8899.333271
8781.665217
8669.100940
8492.942162
8325.664407
8187.777293
7977.077895
7853.093421
7667.613823
7463.091767
7279.372989
7103.114586
6901.508421
6718.442429
6544.252124
6341.896610
6124.721541
5944.144991
5815.689530
5670.025714
5501.901921
5364.935921
5185.608588
