108.545947
109.586158
111.024092
109.975466
112.481322
118.738857
117.202136
123.231902
119.208559
120.714273
124.650496
121.878606
128.905124
143.566881
147.246211
144.182480
147.538092
162.336921
157.907000
163.611902
162.011936
177.279602
184.937529
188.247026
186.835949
199.535368
194.614586
196.885254
204.636602
202.743584
204.131769
212.226260
214.775711
221.282763
228.963998
239.496105
223.657311
243.429130
242.865849
259.788714
271.024895
275.087115
273.802429
282.716639
285.279254
289.255343
298.015688
302.395348
307.643934
306.255153
308.660098
330.874528
336.549571
344.059496
358.223913
367.760077
384.836281
410.964398
430.607479
461.078505
482.310323
503.676458
537.459096
569.463053
601.320947
650.900281
700.890182
737.839023
785.542889
844.934727
889.529774
941.262932
1024.973017
1094.868102
1141.266692
1229.343233
1309.054756
1399.722448
1491.867970
1577.518327
1677.788362
1773.797632
1857.490150
1958.316109
2072.555725
2180.496241
2289.448064
2397.704643
2509.901729
2600.301729
2701.127425
2772.417288
2848.940752
2920.812109
3009.197105
3079.151992
3103.408305
3148.874342
3212.539286
3222.387519
3261.725593
3273.325357
3282.199812
3299.382594
3293.214643
3318.238512
3301.071053
3308.667519
3309.113064
3301.922316
3299.786165
3307.046861
3320.637237
3329.648947
3332.119549
3345.138759
3363.438041
3366.100301
3368.179661
3364.209417
3395.033910
3411.831601
3425.254549
3452.260564
3433.215113
3435.124934
3429.143214
3406.196015
3390.326842
3353.236053
3294.814614
3266.675226
3232.234143
3199.061372
3160.511883
3119.037669
3116.783158
3102.475763
3106.964398
3094.069173
3068.760301
3059.653522
3047.258947
3061.073609
3055.445461
3032.370526
3042.031356
3061.124756
3061.010847
3043.980301
3069.641955
3075.416410
3055.825414
3050.744105
3016.528853
2995.796992
2965.336842
2950.547345
2939.256692
2899.917707
2853.910810
2843.347500
2822.246723
2769.420000
2749.084831
2718.604398
2689.437143
2652.231128
2616.447575
2583.814369
2576.321203
2555.466955
2539.116034
2510.285480
2496.082105
2491.837274
2500.334407
2495.786316
2487.924539
2491.650639
2485.501466
2485.820827
2489.684286
2472.651353
2484.334737
2479.989831
2455.302256
2427.729323
2417.705940
2386.939098
2372.144323
2362.330526
2359.519474
2339.219211
2312.109944
2302.713759
2305.562876
2295.169267
2252.276742
2250.450677
2230.285808
2182.868249
2123.692895
2099.990678
2051.070338
1975.788571
1911.967815
1842.628835
1813.754079
1752.628684
1687.985913
1648.499060
1606.442180
1573.512481
1541.439624
1509.177632
1497.956617
1490.433823
1499.871053
1491.030038
1509.113910
1518.922763
1543.682429
1583.273083
1622.471053
1684.585000
1753.645725
1839.940226
1951.227857
2079.730376
2232.401504
2390.566780
2582.487105
2756.238475
3002.467820
3224.061186
3450.714361
3681.174436
3953.364350
4224.043703
4491.918947
4750.662105
5005.021638
5242.121861
5471.747519
5695.253070
5907.545056
6144.270226
6381.779699
6616.433333
6857.973553
7148.861917
7462.833233
7766.265752
8096.719699
8423.694436
8746.989944
9127.034079
9463.647834
9799.493195
10139.273872
10453.796610
10787.721053
11126.057250
11436.537030
11792.521657
12104.860150
12403.109023
12692.209586
12927.972180
13247.655367
13457.341165
13661.797552
13862.465789
14093.471563
14265.933459
14334.498496
14442.142857
14555.621992
14563.109605
14630.986842
14697.069173
14692.516917
14624.304511
14660.857143
14613.864474
14566.108475
14531.307143
14437.007519
14274.686842
14209.700000
14096.508271
13908.394173
13679.300565
13524.135714
13459.550094
13336.177632
13263.288722
13216.753672
13233.715038
13316.503571
13422.026316
13522.619962
13649.993609
13813.549624
14034.178947
14253.015789
14430.209023
14597.199248
14811.991525
15063.211466
15302.789266
15542.484962
15775.489850
15912.726930
16046.029699
16108.011278
16161.406015
16204.779661
16279.482707
16241.447556
16173.811842
16142.900000
16024.420339
15966.545677
15901.435028
15769.969925
15639.154237
15534.242105
15428.058271
15276.656685
15170.201316
15053.208083
14906.394737
14816.539171
14701.002820
14643.236466
14568.457895
14508.539474
14460.079849
14420.052632
14351.319397
14278.194737
14215.421469
14149.983083
14098.181391
14035.405085
13946.576692
14003.428060
13837.035714
13777.718832
13692.822180
13625.182298
13563.194737
13453.705263
13400.744633
13228.028947
13090.702637
12984.660526
12830.904708
12643.882331
12473.670677
12320.017293
12102.898120
11968.288136
11753.565038
11608.140678
11420.650188
11273.732957
11098.652632
10946.460526
10737.261770
10583.836842
10479.708475
10359.434962
10231.450847
10106.566917
9985.158534
9876.994398
9769.240301
9661.272298
9553.694774
9490.775038
9325.785338
9287.677853
9252.917237
9142.542368
9073.668606
9051.520695
9010.468832
8985.596767
8945.127589
8925.704041
8937.923233
8936.225677
8938.995094
8939.297119
8952.039549
8933.088910
8930.519906
8900.805714
8877.376579
8848.411842
8913.397797
8924.102857
8931.902838
8930.846015
8908.674023
8927.885000
8912.901523
8829.977778
8780.382857
8719.345650
8592.557011
8492.579286
8395.752335
8265.682669
8149.260000
8013.735263
7945.520226
7798.994774
7684.963872
7552.476015
7476.964436
7424.418249
7328.668195
7217.279228
7112.099774
7004.540621
6902.120602
6758.275977
6611.724068
6525.164962
6395.180000
6296.950395
6105.101205
5935.348571
5792.326786
5665.818929
5522.118947
5358.761808
5197.064774
5056.036554
4929.219624
4795.312354
4645.581090
4488.781654
4362.894821
4253.406711
4109.223107
