8.537550
-4.524881
1.902468
5.430636
3.347711
9.320557
1.039033
2.537723
-2.681160
-4.071476
1.586639
3.373163
2.481895
3.673367
3.257513
1.583552
1.465731
-0.826279
0.682414
2.375610
2.451529
6.518257
1.413218
4.352470
1.423205
2.561483
1.442967
3.525436
7.539659
6.286422
2.686389
3.657337
5.874447
3.455558
1.906362
9.394848
-2.625775
1.242732
5.008886
-1.346050
-7.320618
-7.438595
5.782330
1.557704
2.223622
1.731828
-1.789912
1.321787
-1.970524
-0.878309
3.684951
9.586056
5.709390
5.498375
-0.215611
6.514107
0.109104
-1.600000
2.721836
5.873023
-2.498724
-2.297864
2.926929
1.715631
3.148409
3.505468
1.006708
2.375426
3.872235
10.132707
5.119251
2.315576
-11.982896
10.159685
6.165437
-2.070875
1.386175
4.890699
9.562715
9.830344
2.013662
5.224548
14.398634
7.635735
0.965313
-1.526959
5.788982
5.088106
2.451769
-2.391166
6.628286
9.520266
4.419568
3.102553
11.856272
15.616852
10.807505
9.398407
7.896677
6.209681
9.039122
10.869346
7.948008
2.707532
11.439379
10.178767
12.564120
10.918078
11.473669
12.078166
6.184418
2.572419
3.543540
2.832690
6.467395
14.084071
8.982873
5.459296
10.146639
14.040192
13.327930
3.553660
4.546409
0.223180
7.574918
6.914904
8.923705
10.640506
4.061869
0.949864
6.345372
6.347819
3.654368
8.706255
9.423931
3.564254
10.467237
9.649524
2.392559
9.073792
13.304489
7.144185
11.502250
11.108871
7.192376
1.064687
1.109420
10.812904
3.659662
12.715787
8.515040
10.343750
9.321550
11.788847
1.096557
3.685295
8.971831
4.712308
7.026808
9.832992
9.791247
6.647812
6.964253
13.076100
11.480446
7.660929
14.897986
13.337449
6.445084
25.047386
19.575587
15.550747
8.693166
4.007151
10.143755
12.986153
12.489337
12.794084
15.359337
17.382900
15.750930
15.050013
13.956943
10.417239
6.929442
14.440340
13.498529
10.342433
17.867447
17.274641
16.200000
11.555075
17.176821
18.389459
9.011311
6.866174
9.996311
7.984155
15.286692
13.439535
11.256102
18.657805
11.413927
8.224336
19.186047
16.014748
17.665709
11.353135
14.123037
23.086208
19.282863
11.486775
13.170447
16.300517
15.984783
11.350408
6.759137
-0.924257
11.014277
10.097178
10.336166
6.266335
7.905771
9.849330
8.518556
14.638875
17.811268
8.660922
2.674600
8.871522
12.802313
14.832785
20.855898
5.614075
10.025118
11.077077
13.118679
7.823916
12.036432
15.860783
15.786361
17.500847
15.900954
10.123115
10.005221
14.475198
15.104595
14.673535
11.792097
17.881744
16.608121
14.970674
20.831059
23.634444
22.601374
17.959578
21.096952
17.816618
12.444346
16.397043
17.376133
15.650739
19.245294
17.056704
18.213687
28.530635
13.647080
15.701407
22.506266
25.324194
30.210716
29.252254
26.457521
22.036326
23.425706
20.813315
23.789659
23.477291
12.634303
11.366845
19.144029
27.393894
20.363739
23.923015
15.672343
17.131622
28.134503
21.377907
28.108518
24.509964
24.319400
19.702605
16.473296
18.728151
19.836293
19.809183
17.894869
11.926351
12.068593
17.551898
20.369183
24.862095
20.583193
18.329671
23.899422
16.000726
20.835100
21.445988
25.092854
25.787566
23.979588
23.199467
19.364024
26.526497
31.409669
27.207714
30.305924
26.282593
22.698637
27.754909
26.644288
30.262607
24.426968
24.332314
25.450865
24.586817
25.249554
26.446895
28.413574
29.365405
23.894422
22.335517
22.862669
22.758903
30.135199
30.083038
19.385273
26.433287
22.541753
16.946354
21.118561
25.954322
28.509910
24.508281
18.669926
18.596895
17.150836
23.237853
20.720420
19.968032
27.643667
20.651675
16.541897
25.145787
25.574858
23.806361
22.617269
15.396108
13.487023
15.146280
15.853707
21.521067
26.547983
21.632600
15.032595
21.088734
21.763850
21.760561
23.242989
19.640063
18.364417
24.340235
21.069958
19.455247
27.217914
27.037331
15.996041
14.769380
24.258853
23.746300
19.179163
11.719074
5.347761
6.953655
8.033162
18.254134
14.948826
10.834689
11.076365
16.668503
18.135292
12.151179
9.418674
14.527580
21.045341
20.921973
14.191289
18.219849
12.985599
16.136046
18.330259
15.783942
12.689347
14.747858
13.430998
18.402830
17.376387
20.562629
21.651086
17.147624
20.551698
25.400100
16.545728
11.494535
20.313179
19.314194
14.149432
16.375317
20.207226
13.575204
16.762083
14.514665
17.590472
17.471017
17.107549
18.974312
11.903949
3.773250
11.309024
16.026976
10.619761
17.462886
11.679332
9.777266
15.512047
17.900226
8.217093
11.952546
9.532555
7.031921
8.262986
4.096805
6.104851
10.446339
6.882475
12.369379
9.000000
9.732887
13.689694
10.701855
