115.303895
128.313621
120.257135
119.452500
118.358203
123.071665
120.387356
124.192977
132.059957
132.079297
130.800000
140.994341
140.347773
136.291542
149.301669
154.016407
149.962697
160.272000
168.705045
169.615385
182.050550
167.961549
186.968751
193.425906
199.185644
203.578293
209.621511
214.693327
216.913060
214.053411
212.979135
221.843976
228.088579
225.587424
231.071951
241.274925
247.232397
253.068188
257.460081
264.746429
269.933863
283.340203
288.532571
292.549143
295.544353
300.836966
302.697835
304.449454
308.871237
306.979527
332.949361
339.654152
336.288972
348.541564
358.366657
378.540352
414.745426
425.682932
435.861989
460.550211
492.209545
521.839966
550.730870
581.735459
623.900000
678.781294
720.425932
764.459914
828.297548
871.056115
929.103350
995.484120
1072.254633
1155.925150
1206.612256
1288.867744
1376.338459
1451.404708
1537.990827
1654.292688
1769.597853
1861.145526
1963.368534
2070.144267
2189.670282
2300.426316
2426.935545
2517.190902
2640.604774
2736.974398
2832.301673
2938.124746
3032.127293
3094.030508
3154.320677
3211.316316
3268.564633
3336.596579
3380.866786
3414.365414
3437.635876
3454.911786
3483.535414
3488.175150
3508.137143
3520.956083
3513.546917
3523.266015
3508.107444
3484.137345
3521.082556
3542.682331
3511.069605
3511.943684
3554.695414
3566.776128
3555.057533
3555.409662
3560.651695
3572.735714
3569.757068
3580.576008
3604.590846
3615.736335
3595.442782
3595.864595
3596.877406
3591.103383
3573.845789
3528.856184
3463.428098
3410.595188
3386.743522
3355.479549
3323.800546
3278.318496
3268.579380
3258.181921
3227.360000
3213.705865
3245.930677
3219.551770
3204.876692
3202.089023
3200.636855
3198.468158
3191.179153
3190.920150
3193.505763
3197.584662
3199.580094
3223.662237
3199.695752
3153.977194
3157.191053
3149.991504
3112.751654
3098.364859
3063.843139
3016.274887
2972.959774
2933.485263
2912.440301
2904.748571
2858.359868
2792.774474
2786.589286
2723.775827
2718.827368
2680.545744
2681.966917
2656.797425
2619.718515
2624.555744
2637.078158
2611.752707
2583.859661
2584.176842
2586.811412
2590.783064
2594.962105
2567.421316
2579.682406
2562.030207
2573.561053
2582.244463
2556.344135
2513.736165
2503.002820
2486.866635
2471.018008
2459.244286
2437.091579
2427.240789
2419.530960
2402.808985
2383.597669
2356.537594
2344.897363
2331.583534
2312.310414
2261.668041
2209.321353
2149.696780
2085.788008
2023.567970
1970.743616
1890.032312
1847.904211
1794.733158
1732.267891
1696.639868
1665.077594
1621.138045
1589.070226
1576.802462
1558.250075
1540.180151
1549.290056
1549.853691
1567.812331
1558.052218
1601.776215
1631.146504
1681.914211
1744.537500
1820.346968
1899.702481
1996.453214
2128.337914
2274.260827
2455.009492
2658.460752
2881.347966
3102.598647
3341.219416
3596.951936
3848.969887
4113.837476
4427.229098
4685.958684
4941.037368
5198.247514
5443.346673
5679.233571
5919.505047
6160.912613
6399.835876
6712.206316
7005.266667
7286.500244
7548.469286
7874.011391
8236.019192
8549.262448
8925.667895
9296.961748
9704.319868
10093.150885
10436.801880
10777.284774
11112.303390
11461.027068
11823.360452
12114.667481
12526.488889
12912.423684
13201.151128
13500.177820
13798.178195
14137.981356
14386.107143
14582.361582
14831.071053
15037.858004
15175.021992
15305.391729
15439.186466
15523.312406
15569.745198
15618.253383
15592.704511
15636.537406
15603.321053
15628.028571
15570.437594
15580.574765
15488.150000
15367.141729
15217.834211
15127.000000
15000.315038
14810.087782
14626.885876
14486.571805
14367.598117
14255.850564
14190.647368
14179.636158
14216.019173
14260.127632
14308.471805
14418.159887
14537.202444
14705.993985
14954.731579
15197.910526
15396.279135
15614.642481
15841.961582
16087.214850
16360.247458
16598.447368
16782.522556
16939.929190
17104.218421
17250.516541
17289.729323
17314.749153
17303.923308
17295.204699
17268.025000
17192.518421
17142.872128
17076.900188
16934.158004
16766.198496
16650.347458
16552.858459
16417.191729
16313.885311
16208.010150
16015.567105
15828.880451
15759.199812
15723.087030
15624.746241
15508.163158
15432.098684
15365.341996
15340.710526
15297.366290
15243.941541
15219.856874
15157.072932
15059.350188
15012.640678
14920.423308
14901.326742
14774.371429
14756.661959
14657.458647
14557.547834
14434.115789
14370.842105
14268.272881
14125.444173
13950.243126
13822.055263
13691.075706
13518.675564
13335.848872
13127.184962
12930.899812
12728.812994
12565.566541
12380.046893
12215.982707
11992.008851
11791.468421
11634.643421
11454.511111
11279.913534
11142.171186
10975.484774
10834.057627
10738.148872
10639.939662
10521.767857
10384.950000
10292.844821
10143.173496
10021.489323
9917.355940
9848.356949
9735.104211
9705.325789
9645.327815
9586.014962
9537.679153
9544.814812
9525.204275
9512.123534
9506.692293
9474.098459
9491.545395
9523.041695
9552.953985
9521.383778
9505.764218
9477.964662
9416.161316
9451.028553
9494.904746
9514.793534
9517.500658
9534.142707
9497.293722
9460.000000
9453.382989
9401.949341
9324.137143
9266.834463
9132.067838
9004.873571
8912.069887
8805.428496
8650.197368
8526.413684
8417.309492
8312.353158
8228.100113
8118.260940
8025.287632
7908.726478
7752.505865
7620.956196
7540.298703
7467.114915
7348.975752
7188.109793
7080.733390
6912.516767
6778.907895
6700.350658
6510.610603
6338.182707
6168.115075
6005.338120
5844.280827
5689.082655
5526.993778
5366.734407
5208.942594
5059.913013
4941.706729
4784.483985
4605.585650
4498.332857
4370.913898
