83.885789
77.365782
74.076688
79.877248
84.828554
78.536013
66.302925
76.907743
76.925036
74.804120
74.279317
79.405859
83.510796
87.745193
88.962021
85.539752
92.193180
90.569816
103.549120
101.775848
105.021930
111.033368
113.528397
117.552199
127.917034
126.277060
116.967733
128.853648
131.561752
124.879972
131.320389
135.963303
134.471553
138.146847
145.504897
152.209662
154.967635
147.528299
162.485985
174.395000
168.489254
178.594528
176.276429
181.506962
187.744353
187.425968
194.897207
200.134196
195.413171
208.213318
216.510038
223.859709
229.797305
241.219718
268.204102
265.351096
292.635917
302.028346
346.776056
370.891847
403.975455
439.900661
468.713415
513.602617
580.188842
651.596435
712.215222
771.128868
853.133418
972.593111
1044.656610
1150.394962
1285.542316
1388.233365
1514.100865
1644.556090
1789.654173
1954.441940
2120.030301
2278.710226
2457.780621
2650.975789
2818.262481
3006.624549
3189.691940
3377.937218
3549.393045
3766.533553
3968.352857
4125.719474
4256.961880
4435.417966
4560.519850
4668.727043
4756.760996
4851.923835
4947.399454
5000.502763
5054.835000
5098.736165
5138.262881
5174.313571
5221.045564
5229.771917
5232.460000
5227.348644
5223.829624
5237.797293
5220.154624
5262.297232
5269.057481
5270.822744
5288.451974
5271.183684
5264.056015
5280.755902
5289.681375
5270.008045
5308.977119
5322.507707
5332.553684
5348.026365
5376.199981
5371.938421
5334.102331
5350.284727
5301.018778
5222.853684
5175.660000
5120.394211
5018.253202
4894.916917
4825.361770
4753.304380
4701.045518
4642.112857
4628.193778
4583.525480
4561.055263
4538.481805
4493.939492
4499.088606
4520.455714
4483.359211
4445.920471
4438.262895
4423.177119
4428.192951
4470.769492
4486.904060
4472.728647
4464.479718
4449.359812
4407.811883
4367.948647
4311.349248
4240.671053
4168.305367
4098.562331
4062.615677
3997.672787
3918.861579
3856.845838
3787.435714
3719.282726
3646.319774
3606.747143
3542.492218
3494.208496
3452.957495
3416.462932
3377.209831
3343.337594
3339.222693
3311.623835
3303.734906
3265.770000
3240.468947
3253.260490
3241.814549
3223.485639
3240.549549
3218.749568
3189.315771
3160.621278
3139.380113
3097.781617
3059.969286
3030.542105
2964.927782
2899.419323
2852.589549
2791.379474
2728.838553
2681.598983
2628.236165
2566.254906
2522.686880
2480.066215
2406.563684
2327.360771
2243.289736
2127.166278
2020.236102
1851.612820
1745.903459
1632.223597
1506.150470
1380.013553
1278.093684
1193.773559
1122.409718
1055.542406
994.129887
966.469705
922.523639
885.365026
861.724303
847.915383
842.052019
850.529632
847.812015
871.119814
890.758365
932.967711
1006.745500
1105.858324
1246.464812
1425.494286
1631.671184
1899.169549
2240.447288
2611.592350
3053.879153
3541.907519
4056.520508
4580.669474
5114.340902
5663.823861
6228.647801
6749.454474
7265.914211
7735.539040
8163.110564
8590.931316
9002.066911
9372.798703
9735.238324
10141.662406
10601.811111
11041.251128
11509.721429
12020.109023
12558.568985
13068.771563
13650.772932
14140.662406
14633.181579
15169.693785
15717.782707
16211.095113
16654.605085
17145.348872
17660.234087
18113.269549
18647.326742
19091.243233
19509.871992
19952.232707
20335.674436
20683.216384
21072.807707
21370.395857
21657.494737
21843.281921
22011.354887
22223.566165
22349.542105
22356.068233
22367.742938
22400.431203
22423.317105
22479.748684
22482.902256
22485.700000
22447.630263
22345.516573
22214.478571
22010.601880
21828.773684
21563.300000
21258.907519
20955.731015
20692.449718
20461.079323
20272.738983
20162.987594
20059.187218
20122.944633
20175.890226
20312.772744
20478.704511
20654.521281
20910.452256
21251.464662
21510.468421
21877.222368
22242.985526
22550.854511
22953.051412
23402.778008
23764.425989
24100.932331
24437.407707
24639.975895
24851.450376
24960.737594
25026.770301
25063.489831
25147.945865
25049.484023
24918.672368
24791.742105
24738.397740
24654.457707
24428.342561
24211.996992
24000.851977
23743.614098
23602.738346
23485.244633
23279.704887
23050.678008
22935.951880
22846.880603
22702.379887
22551.203008
22408.334211
22300.452632
22256.311488
22195.958647
22129.756497
22116.985902
22042.914689
21913.195865
21838.161842
21733.789831
21648.281955
21504.777024
21462.035714
21403.988701
21294.445865
21068.177401
20940.835526
20777.605263
20572.423729
20427.110150
20257.802072
20011.950000
19755.603013
19480.638158
19185.727068
18950.045865
18696.026316
18318.447458
18028.009398
17803.106215
17492.201692
17249.373070
17037.105263
16769.723684
16547.827307
16347.412406
16118.401695
15934.563722
15754.430508
15522.604511
15300.635714
15140.525564
15023.419549
14890.741431
14657.394737
14587.095489
14493.854887
14327.379096
14200.697368
14142.597368
14074.917514
13991.827444
13950.715443
13940.872180
13941.596045
13991.506955
14011.711654
13954.637218
13944.655075
13971.779849
13959.064662
13892.651504
13870.909416
13786.766541
13823.471053
13838.546053
13838.827119
13843.014286
13895.423308
13918.498120
13896.761654
13851.478571
13778.659586
13679.382486
13563.485714
13421.301695
13244.961090
13065.292857
12903.930885
12716.633835
12525.977632
12306.963158
12116.644633
11991.312782
11845.809023
11701.041353
11527.634398
11357.777966
11247.265414
11103.236535
10903.468609
10738.192844
10548.488346
10412.912970
10167.430508
9965.198045
9702.669474
9492.945263
9285.978889
9009.219398
8747.903628
8523.438872
8296.967068
8057.079718
7794.462669
7591.316780
7419.552105
7188.068117
6984.626880
6797.458647
6609.432900
6436.956992
6268.169153
