118
118
118
120.893
123.79
113.645
103.455
109.66
115.953
114.413
112.815
109.93
107.033
110.556
114.152
112.918
111.62
111.403
111.203
110.709
110.209
107.162
104.065
112.704
121.595
111.942
101.852
103.645
105.743
106.286
106.785
105.539
104.24
109.718
115.413
112.895
110.097
106.336
102.54
112.023
122.013
112.509
102.219
103.142
104.54
105.556
106.555
105.741
104.842
107.848
111.045
109.489
107.691
108.548
109.547
107.612
105.514
108.139
111.037
110.351
109.452
110.999
112.697
111.298
109.699
111.661
113.859
113.159
112.259
105.11
97.5173
102.027
107.422
106.499
105.101
110.933
117.327
109.197
99.9059
102.8
106.696
105.987
104.888
104.156
103.457
103.675
103.975
105.281
106.68
101.868
96.4733
97.0936
98.2925
101.583
105.079
102.224
98.7273
98.4905
98.5904
102.304
106.4
97.8743
87.984
95.5464
105.037
102.858
99.3616
96.8503
94.4526
96.6131
99.3105
97.5488
95.2511
96.6907
98.5888
94.8933
90.4976
95.6699
102.064
100.944
98.8457
101.422
104.619
100.6
95.6046
97.1952
99.6928
97.9849
95.6871
94.7006
93.9014
95.5444
97.5424
98.7573
99.8562
102.865
106.162
99.5826
91.4905
95.7592
101.953
97.7116
91.8174
97.3675
104.76
102.795
99.2986
95.6307
91.9343
96.613
102.707
101.809
99.7115
100.506
101.805
100.472
98.674
102.21
106.706
108.583
109.981
106.997
103.201
102.6
102.6
105.536
109.033
110.437
111.436
109.262
106.465
109.082
112.779
111.655
109.557
110.029
111.028
109.546
107.547
109.18
111.578
112
112
116.517
122.012
116.445
108.453
109.861
113.357
115.631
117.629
125.809
135.4
135.009
132.311
135.038
139.034
139.073
138.174
139.128
140.526
142.407
144.405
145.201
145.7
151.078
157.672
157.324
155.227
158.7
163.595
167.934
172.13
173.475
174.074
179.098
185.292
182.817
178.022
179.83
183.426
182.71
180.812
183.998
188.593
191.706
194.404
195.311
195.711
199.448
204.144
209.149
214.244
214.396
213.097
216.113
220.408
227.778
236.07
239.916
242.414
241.624
239.825
242.984
247.679
244.693
239.298
247.938
261.026
254.892
242.604
250.544
265.03
264.234
258.439
263.382
271.874
273.251
272.252
274.539
277.936
285.803
295.193
304.881
314.672
319.052
321.55
331.586
344.274
354.013
362.704
373.895
385.984
398.512
411.199
430.468
452.147
471.273
489.455
506.765
523.748
549.799
579.27
607.511
635.284
667.313
700.98
741.123
783.781
827.516
871.672
907.886
940.954
992.362
1051.1
1100.45
1146.01
1204.34
1267.87
1338.7
1412.53
1470.48
1521.83
1581.27
1644.11
1730.81
1827.62
1900.83
1963.97
2048.19
2141.5
2242.25
2346.25
2447.4
2547.31
2641.95
2734.26
2834.99
2939.49
3047.56
3157.25
3267.22
3377.31
3480.02
3579.32
3699.16
3828.53
3953.69
4076.87
4191.84
4302.93
4401.1
4493.11
4598.41
4710.1
4798.05
4874.47
4951.5
5028.83
5090.5
5144.45
5212.6
5287.82
5346.3
5396.35
5464.89
5542.82
5590.34
5622.31
5645.85
5665.03
5688.87
5715.15
5735.99
5753.97
5787.95
5830.41
5859.13
5880.51
5885.99
5882.89
5881.09
5879.99
5871.79
5859.7
5849.1
5839.31
5850.48
5873.36
5894.26
5914.04
5920.69
5919.89
5907.46
5888.38
5882.6
5884.5
5903.7
5932.97
5936.37
5924.58
5919.7
5918.9
5918.72
5918.92
5898.86
5866.59
5871.62
5899.29
5899.2
5882.12
5878.5
5883.2
5879.46
5870.47
5890.75
5929.41
5954.86
5971.94
5973.66
5965.57
5968.23
5977.83
5933.73
5854.81
5804.87
5773.91
5733.36
5686.51
5640.5
5595.04
5534.33
5463.4
5399.15
5339.41
5313.48
5310.58
5279.19
5228.24
5188.33
5156.06
5141.21
5138.51
5119.1
5087.93
5072.6
5068.51
5059.52
5047.03
5025.2
4996.62
4987.84
4993.43
4988.82
4976.73
4962.98
4947.99
4930.49
4911.11
4909.76
4921.95
4921.63
4911.83
4912.25
4920.44
4932.02
4946.21
4959.66
4972.55
4952.79
4907.53
4896.43
4912.22
4898.37
4861
4830.41
4805.24
4788.97
4779.87
4747.8
4697.05
4659.87
4633.79
4592.56
4538.81
4496.41
4463.44
4425.04
4382.08
4339.55
4297.4
4259.44
4225.08
4184.8
4139.44
4108.92
4091.24
4070.19
4046.22
4016.29
3981.12
3955.17
3937.39
3916.02
3891.44
3879.27
3878.27
3857.64
3819.17
3788.64
3765.36
3749.68
3740.99
3736.54
3736.04
3727.44
3711.26
3697.49
3686
3693.51
3719.08
3717.98
3691.31
3678.15
3678.05
3678.76
3680.26
3679.54
3676.64
3663.65
3640.67
3627.85
3625.15
3600.88
3554.92
3521.28
3500.1
3466.86
3421.3
3389.14
3370.76
3344.33
3309.57
3277.39
3247.92
3214.65
3177.39
3143.37
3112.8
3080.35
3045.88
3026.22
3022.52
3007
2978.63
2945.68
2907.72
2887.85
2887.95
2869.32
2829.86
2789.74
2748.88
2713.69
2684.92
2641.39
2581.05
2510.95
2429.63
2362.8
2312.75
2251.49
2177.17
2106.88
2041.34
1977.96
1917.12
1855.14
1791.8
1733
1679.65
1628.11
1578.75
1537.98
1507.71
1481.6
1460.62
1435.37
1404.8
1380.97
1365.58
1344.95
1317.67
1305.61
1312.9
1311.84
1300.05
1290.13
1282.64
1278.88
1279.97
1281.46
1283.46
1287.99
1295.89
1313.79
1345.06
1382.12
1426.98
1472.04
1517.4
1569
1629.14
1708.01
1812.71
1924.3
2045.49
2177.4
2324.36
2479.1
2644.84
2845.56
3096.12
3340.89
3577.36
3823.75
4084.49
4366.08
4678.07
4993.46
5313.85
5619.95
5904.87
6194.44
6490.94
6797.46
7119.04
7419.33
7687.27
7965.39
8259.1
8537.42
8791.97
9035.9
9263.28
9492.79
9725.66
9955.83
10181.7
10411.8
10648.5
10870.8
11069.8
11281.4
11513.4
11770.3
12068
12350.6
12608.4
12898.2
13241.5
13564
13851.9
14157.5
14493.1
14807.3
15084.8
15382.3
15714.1
16029.9
16318.2
16614
16923.3
17234.8
17550
17848.3
18116.6
18394.8
18690.6
18988.6
19290.5
19577.7
19838
20134.6
20498.1
20836.2
21127.1
21401
21643.2
21892.5
22155.5
22411.5
22654.4
22886.7
23098.5
23323.7
23574.4
23789.7
23935.7
24100.8
24303.8
24491
24646.6
24768
24820.6
24881.7
24960.1
25031.6
25088.8
25140
25178.8
25205.7
25207.8
25208.2
25205.1
25209.9
25231.6
25252.9
25273.3
25274.1
25232.9
25197.5
25175
25147.5
25108.8
25058.4
24981.6
24900.2
24808
24678
24462.1
24255.1
24068.4
23909.9
23816.6
23702.9
23541.5
23369.6
23173
23003.7
22899.1
22807.5
22746.7
22690.8
22646.3
22612.3
22603.7
22617
22684.3
22744.4
22786.8
22848.7
22959.1
23069.8
23181.4
23314.7
23503.6
23698.5
23908.9
24116.6
24317.2
24522.1
24738.1
24955.6
25177.4
25394.7
25599.9
25821.2
26086.1
26342.8
26576.8
26800.5
26995.8
27199.9
27428.5
27634.9
27778.1
27911.5
28016.8
28130.2
28266.8
28378.4
28417.6
28464.3
28533.2
28578.3
28552.6
28510.3
28417.8
28349.7
28355.5
28338.9
28253.3
28156.8
28026.7
27902.6
27798
27700.2
27624.2
27537.3
27415.1
27297.6
27195
27076.5
26906
26750.3
26643.2
26544.6
26474.1
26399.6
26311.4
26213.7
26083.7
25964
25880.3
25801
25737.3
25662.7
25549.9
25465
25479.6
25469.5
25370.1
25289.5
25277.8
25252.5
25176.6
25107.8
25065.3
25028.7
25015
24983.9
24886
24789.1
24696.1
24612.3
24564.3
24521
24496.2
24463.2
24397
24330.8
24265.1
24216.8
24240.4
24243
24158
24073.9
23994.1
23920.9
23876.2
23817.1
23695.6
23571.7
23437.1
23308.9
23209
23096.8
22928.9
22768.1
22639.2
22499.9
22312.4
22133.7
21996.1
21844.6
21626.8
21423.3
21288.4
21147.5
20977.3
20811.4
20667.2
20513.2
20310.1
20115.1
19962
19807.9
19649.1
19495.4
19368.7
19234.3
19058.5
18901.7
18847.3
18777.3
18622.3
18473.9
18362.7
18246
18097.8
17964.2
17914.4
17853
17724.6
17597.9
17481.8
17370
17284
17192.4
17066.7
16949.6
16886
16813.8
16687.4
16570.6
16515.2
16458
16388.2
16317.8
16242.3
16173.3
16147.7
16120.7
16083.8
16048.9
16028.7
16010.5
16006.7
15999.8
15970.1
15947.1
15973.2
15997.8
16011.2
16023
16021.7
16022.1
16035.4
16049.1
16066.6
16076.3
16021.8
15976.1
16003.3
16023.9
15989
15958.4
15966.2
15974.1
15983.3
15991.5
15990.2
15991.4
16015.8
16039
16049.3
16056.6
16035
16015.7
16019.2
16022.5
16023.4
16018.5
15953.7
15891.7
15860.6
15822.6
15710.2
15602.2
15543.7
15482.5
15390.6
15297.3
15187.6
15078.4
14975.2
14872.3
14772.5
14667.3
14493.4
14324.2
14218.6
14117.3
14075
14025.6
13876.1
13730.4
13639.5
13547.5
13438.8
13333.1
13274.8
13215.2
13136.1
13056.1
12961.5
12865.6
12748
12631.3
12532.9
12430.6
12255.3
12083
11970.9
11859.4
11759
11657.1
11523.8
11392.4
11303
11209.6
11021.1
10834.3
10691.1
10547.2
10387.8
10229.2
10096.7
9962.98
9795.54
9628.95
9489.19
9350.07
9233.19
9115.09
8952.25
8790.69
8680.1
8568.24
8401.5
8236.35
8146.84
8056.68
7932.2
7808.1
7706
7604.11
7516.39
7428.11
7295.74
7163.72
7063.62
6962.98
6802.13
6641.34
6488.09
6334.42
6095.26
5856.04
5599.19
5342.32
5067.19
4792.06
