-29.9845
4.28189
38.5483
37.2035
35.8048
34.2071
32.6087
28.3275
24.0317
19.2401
14.4448
12.1237
9.82598
20.3686
31.0582
26.764
22.2684
17.1826
12.0876
14.3564
16.7541
14.1543
11.4569
18.6367
26.0295
22.4913
18.695
20.1584
21.7569
14.6067
7.21397
15.4399
24.1314
24.7872
25.1869
25.2
25.2
21.1502
16.9543
13.0471
9.15095
14.2817
19.7763
17.3166
14.5193
15.8346
17.3331
19.4998
21.6976
17.7043
13.4085
14.7208
16.3193
17.5383
18.7371
22.3971
26.1934
20.7321
14.7379
17.9822
21.7785
15.9793
9.58553
13.8939
18.889
22.5726
26.169
23.8759
21.1785
20.7201
20.4204
21.1447
21.944
19.213
16.2159
13.1262
10.0292
9.52247
9.22277
14.2771
19.7718
16.5153
12.5193
16.2445
20.6402
18.7069
16.2093
15.0847
14.0857
17.562
21.4582
15.9672
9.57348
13.9108
19.3055
20.163
20.5626
20.0567
19.4573
19.4
19.4
20.572
21.8708
21.1903
20.2912
19.7512
19.2516
19.6478
20.1474
17.1612
13.7646
15.2728
17.3707
18.2229
18.9222
20.3318
21.8303
21.2027
20.3035
23.4707
27.167
20.7203
12.928
17.5443
23.8381
22.0535
19.1564
20.9903
23.4879
19.8662
15.3706
14.8
14.8
10.7968
6.20131
7.24977
9.14791
14.7713
20.9652
19.8119
17.5142
16.51
15.7108
15.7721
15.9719
18.1463
20.6438
17.7451
13.9488
13.9982
14.6975
11.8158
8.31919
12.9041
18.8982
23.1949
27.191
25.8524
23.5547
23.3689
23.5688
18.88
13.2855
12.2318
12.032
13.7618
15.8597
18.5435
21.3408
19.0444
15.7477
17.8658
21.0627
18.3587
14.4625
15.1266
16.7251
16.7518
16.4521
18.7932
21.6903
17.425
11.6307
14.8708
20.0657
19.1974
16.9996
18.9704
21.8676
19.8721
16.7752
17.9083
20.0062
22.2665
24.5642
21.6808
17.5848
17.0423
17.342
19.7364
22.6335
22.2356
21.0367
20.5595
20.2598
18.4405
16.2426
16.3585
17.0578
17.5183
17.9179
19.0321
20.3308
19.3329
17.7344
23.7199
31.7121
28.3566
21.9628
23.5871
27.3834
26.7102
24.812
28.8583
34.5527
28.8562
19.9649
26.0159
36.3058
35.9606
32.5639
29.9416
27.544
23.8333
19.7373
20.2638
22.1619
24.598
27.1954
26.4203
24.6221
25.5762
27.3744
28.4101
29.2093
25.3687
20.0739
20.9243
23.7215
23.1893
21.5908
23.6152
26.8121
26.4708
24.9723
28.2791
33.1743
35.6731
37.3714
32.5716
25.5784
31.3986
41.5886
34.5409
21.5537
23.0909
29.6844
26.4481
19.7547
16.452
14.3541
22.9896
35.4774
38.6533
38.4535
38.3269
38.227
37.2519
35.9532
34.5817
33.1831
32.4373
31.9378
32.1617
32.6612
34.4594
36.7571
40.6378
45.1334
46.974
47.7732
45.4954
41.9988
48.5645
59.1542
60.8478
58.9497
59.7485
61.6466
68.216
76.7077
80.1175
81.4163
77.6473
71.7531
77.5102
88.1997
96.4395
103.632
109.22
114.115
114.695
113.396
118.83
127.222
129.454
128.954
138.669
152.955
159.258
161.955
166.368
171.563
179.632
189.023
193.774
196.371
203.187
211.978
221.652
231.742
241.291
250.582
251.104
247.408
252.589
262.08
268.687
273.882
276.87
278.768
279.4
279.4
286.645
297.534
304.911
310.506
311.805
310.906
312.906
316.402
316.22
314.123
318.443
326.135
323.968
316.575
321.161
332.15
333.663
330.067
328.282
327.483
326.297
324.898
326.201
328.998
330.513
331.312
334.796
339.791
336.948
329.655
333.417
343.507
340.866
330.876
330.925
336.819
340.825
343.722
338.588
328.697
325.5
326.3
330.903
337.796
343.384
348.179
341.882
328.795
326.703
331.399
332.83
332.231
331.877
331.677
329.764
326.767
326.271
327.37
327.314
326.514
329.533
335.027
329.891
317.803
312.879
312.68
313.5
314.999
309.02
298.031
294.494
295.993
294.936
292.139
289.223
286.226
280.337
272.444
272.848
279.042
280.075
277.478
275.932
275.133
271.247
265.153
263.587
265.285
267.331
269.628
270.369
269.97
268.651
266.653
265.284
264.385
263.543
262.744
257.736
249.544
250.591
258.683
260.675
257.977
254.942
251.646
251.827
254.724
257.286
259.583
260.266
259.666
255.959
249.765
249.212
253.208
251.307
244.614
239.403
235.407
235.515
239.012
237.546
231.952
232.334
237.728
236.465
229.571
230.23
237.323
234.742
223.853
218.05
216.652
216.16
216.46
215.324
212.926
208.305
201.711
198.072
197.073
195.864
194.465
192.857
191.059
191.296
193.394
193.776
192.577
194.434
199.129
199.543
195.946
192.658
189.661
187.637
186.538
184.929
182.831
183.019
185.417
183.158
176.365
177.638
186.829
188.839
183.744
177.148
169.056
174.567
193.748
196.005
181.119
175.33
178.827
176.759
168.967
168.678
176.171
175.506
166.315
162.33
163.828
164.067
162.968
158.973
151.88
151.661
158.854
156.042
142.355
138.299
144.792
145.636
140.241
141.041
148.733
149.551
142.658
136.984
132.688
129.092
126.295
126.567
130.363
130.224
125.528
121.986
119.788
117.957
116.558
114.017
110.121
106.225
102.328
100.698
101.797
104.16
108.056
105.437
94.8474
88.6421
87.8429
86.1528
83.3556
80.6913
78.1938
78.3453
81.8418
82.8769
80.779
79.6875
79.8873
79.303
77.7045
78.101
81.0981
82.8
82.8
83.6165
85.5147
88.5251
93.0207
91.7248
82.6337
80.5791
88.0718
91.1764
88.2792
89.8338
97.5262
102.167
102.567
104.173
107.47
112.423
119.716
127.709
136.7
145.404
153.696
160.029
163.525
171.694
186.679
200.896
213.984
225.341
234.132
244.485
257.172
271.294
287.578
301.246
310.936
325.006
345.786
362.051
371.342
385.437
407.016
420.433
421.032
428.206
445.788
456.523
456.323
465.004
487.981
506.351
517.24
526.311
532.405
540.082
550.372
563.024
579.608
595.334
609.62
625.538
644.22
661.757
677.342
692.56
707.145
717.605
720.902
731.063
753.241
769.856
776.65
793.215
827.182
852.966
864.055
875.144
886.234
897.181
907.871
921.021
938.703
954.254
965.843
974.199
976.497
984.911
1004.89
1022.16
1034.24
1044.83
1052.52
1062.15
1075.54
1091.76
1113.54
1124.47
1113.98
1113.61
1133.39
1144.71
1139.01
1136.88
1141.98
1148.65
1158.54
1169.96
1184.54
1190.41
1178.13
1169.51
1168.61
1166.08
1160.08
1160.14
1173.12
1178.62
1167.93
1161.51
1164.41
1166.31
1166.01
1164.77
1161.48
1156.49
1147.69
1141.78
1142.38
1142.83
1142.93
1142.55
1141.05
1134.32
1115.44
1100.44
1094.54
1087.17
1076.28
1069.04
1070.54
1069.87
1063.98
1056.89
1046.9
1039.16
1036.97
1037.52
1044.91
1050.65
1052.25
1053.71
1054.81
1056.33
1058.93
1061.72
1065.02
1066.07
1061.27
1066.16
1096.53
1116.5
1108.8
1107.13
1121.62
1134.16
1141.46
1148.22
1153.51
1159.73
1168.53
1178.55
1192.04
1200.51
1194.81
1192.05
1197.65
1204.04
1212.73
1218.38
1215.18
1213.41
1215.81
1216.49
1212.1
1209.57
1212.67
1218.14
1230.83
1236.17
1218.99
1205.68
1204.38
1203.57
1204.27
1199.76
1178.78
1164.46
1171.46
1172.41
1153.83
1141.45
1149.34
1152.2
1138.41
1126.05
1118.46
1114.45
1122.54
1126.4
1115.81
1104.57
1091.09
1076.89
1060.2
1050.37
1064.76
1075.39
1072.59
1068.37
1058.97
1050.83
1047.23
1044.34
1044.04
1043.61
1042.71
1040.85
1035.36
1030.36
1027.26
1023.61
1017.82
1015.33
1025.82
1033.4
1029.4
1025.03
1019.13
1013.79
1010.69
1006.82
999.724
993.633
991.735
989.455
985.559
980.473
970.283
962.748
966.744
968.501
960.409
952.866
947.771
943.745
944.544
942.315
926.231
913.602
916.999
918.082
908.292
898.675
889.884
879.653
862.47
847.827
845.629
843.582
842.284
840.009
832.816
823.742
805.061
788.899
785.802
782.833
780.535
777.386
769.694
761.519
750.729
741.677
742.176
739.868
721.886
708.218
719.007
727.002
718.91
710.191
697.803
686.725
683.428
680.6
680.6
679.144
668.754
660.145
662.643
662.867
648.681
635.917
632.321
630.033
636.326
640.888
633.895
626.697
618.105
610.575
610.375
610.001
608.403
606.718
604.421
602.219
600.721
600.134
606.328
611.532
609.234
606.787
603.191
600.067
600.667
600.082
589.992
581.88
589.972
597.734
602.729
606.928
604.33
601.465
596.27
591.913
595.01
598.047
600.545
602.732
602.033
601.124
598.227
594.902
587.41
580.9
584.197
587.066
585.568
583.982
581.484
579.498
582.995
585.934
582.737
579.621
577.423
574.472
562.783
552.077
553.076
553.547
547.553
541.537
535.243
529.486
530.685
531.285
523.893
516.844
514.547
511.882
503.989
496.504
495.006
493.464
491.266
489.487
494.282
497.823
480.94
465.234
469.43
472.894
463.503
454.33
449.135
444.13
442.731
441.242
437.945
434.625
430.829
427.151
426.052
424.553
413.964
403.72
401.722
399.273
385.486
372.555
382.346
391.268
375.784
360.706
357.809
355.076
357.573
359.719
349.828
339.872
327.484
315.402
315.502
315.458
309.164
302.8
293.11
283.624
284.923
286.075
278.582
271.203
271.403
271.563
268.666
265.73
259.236
252.778
250.28
247.754
241.06
234.363
226.971
219.595
217.997
216.394
210.8
205.205
