129.999
129.1
128.201
124.709
121.212
121.299
121.399
120.903
120.404
116.632
112.835
119.53
126.323
120.77
115.075
112.831
110.633
112.764
114.962
113.429
111.83
114.544
117.341
119.062
120.761
122.947
125.145
124.615
124.016
125.361
126.759
120.882
114.788
114.213
113.813
112.834
111.835
120.478
129.469
118.253
106.264
109.545
113.441
116.283
119.081
117.383
115.485
116.927
118.525
113.837
108.842
115.729
123.222
119.426
115.03
108.742
102.348
107.384
113.079
105.293
96.7012
109.935
124.52
120.518
115.323
112.096
108.999
110.015
111.314
111.027
110.627
108.738
106.74
110.595
114.89
108.803
101.91
101.4
101.4
109.985
119.276
118.894
117.696
112.177
106.282
109.377
113.273
117.81
122.406
119.421
115.724
113.668
111.77
111.327
111.027
113.904
117.101
112.057
106.163
105.238
104.839
108.496
112.592
110.841
108.443
110.983
114.08
110.727
106.631
101.821
96.9254
98.0052
99.8035
106.229
113.222
109.383
104.188
108.472
113.967
112.036
109.139
111.622
114.819
111.064
106.368
108.171
110.868
108.133
104.637
106.56
109.258
107.943
106.045
106.583
107.482
104.734
101.438
104.205
107.902
109.351
110.45
110.514
110.414
110.916
111.516
116.064
121.259
117.717
112.722
113.196
114.595
116.846
119.244
118.919
118.12
115.114
111.718
113.401
115.999
114.119
111.422
112.854
115.052
118.679
122.576
123.368
123.567
130.128
137.921
129.18
117.191
123.364
133.154
129.73
123.636
124.673
127.17
127.6
127.6
133.459
140.552
142.705
143.804
141.782
139.085
139.747
141.146
140.092
138.494
142.766
148.361
152.979
157.375
161.608
165.804
168.138
170.036
169.108
167.509
171.309
176.404
179.168
181.366
180.998
179.999
183.799
188.794
193.39
197.886
202.62
207.415
212.131
216.827
218.433
219.233
216.161
212.065
214.431
218.527
223.959
229.753
234.293
238.489
234.942
229.247
238.533
252.019
251.731
247.535
248.618
251.216
249.942
247.544
253.797
262.588
270.455
278.048
274.113
266.721
273.738
285.127
292.158
297.852
302.326
306.422
306.715
305.816
303.627
301.03
308.799
319.888
323.958
325.757
325.673
324.974
326.226
328.125
329.798
331.397
334.788
338.784
347.101
356.891
354.125
347.032
354.167
366.255
372.504
376.7
388.046
401.932
405.453
405.253
418.838
437.419
451.687
464.374
474.364
483.355
495.255
508.243
526.598
546.978
558.026
565.518
586.791
613.365
635.478
655.858
682.409
711.381
733.697
753.378
787.831
828.191
853.037
871.619
899.995
932.363
967.846
1004.61
1044.41
1085.47
1120.4
1152.77
1199.95
1253.4
1311.11
1370.66
1412.4
1446.47
1491.95
1542.4
1595.14
1648.89
1723.95
1808.47
1875.04
1933.58
1986.97
2038.02
2107.66
2185.79
2249.47
2306.51
2380.21
2461.63
2532.64
2598.77
2664.09
2729.03
2791.46
2852.7
2921.16
2993.09
3046.73
3091.48
3143.62
3199.36
3258.25
3318.69
3365.06
3404.43
3441.2
3476.66
3513.92
3552.08
3587.14
3620.6
3637.47
3645.76
3664.5
3688.67
3707.54
3723.63
3725.8
3720.61
3729.48
3745.86
3746.93
3739.73
3750.85
3771.93
3775.14
3768.55
3763.37
3758.97
3755.28
3751.99
3765.82
3789.3
3799.2
3801.4
3804.99
3809.39
3804.86
3795.16
3789.89
3787.2
3780.47
3771.38
3769.57
3772.07
3768.12
3760.33
3762.39
3770.38
3761.96
3743.58
3742.24
3751.33
3749.92
3742.03
3750.27
3768.55
3772.71
3768.02
3762.1
3755.41
3755.97
3761.17
3752.13
3733.95
3713.53
3691.65
3671.46
3652.38
3634.93
3618.54
3576.05
3516.21
3483.94
3470.16
3438.37
3394.41
3372.97
3366.88
3335.97
3288.02
3258.9
3242.81
3240.73
3248.42
3239.99
3220.21
3202.41
3186.03
3184.79
3194.38
3190.85
3177.87
3172.23
3171.93
3166.21
3156.52
3139.07
3115.89
3109.38
3115.27
3121.68
3128.47
3131.68
3132.18
3131.32
3129.42
3129.11
3130.01
3126.8
3120.4
3115.86
3112.76
3113.97
3118.57
3102.72
3070.65
3049.63
3037.44
3035.7
3042.4
3030.24
3002.77
2985.29
2976
2954.4
2922.63
2897.78
2878.7
2866.9
2861.21
2842.85
2813.77
2784.54
2755.17
2735.69
2724.7
2713.17
2701.18
2688.02
2673.84
2661.78
2651.59
2630.65
2600.18
2585.9
2586.1
2578.47
2563.79
2551.4
2541.11
2530.77
2520.38
2513.74
2510.54
2503.77
2493.68
2489.83
2491.83
2484.58
2468.59
2467.61
2480.9
2480.11
2465.82
2463.93
2474.02
2480.62
2483.82
2474.66
2453.38
2443.1
2443.7
2435.64
2418.96
2420.42
2440.1
2436.35
2408.88
2392.43
2387.23
2378.3
2365.51
2346.88
2322.21
2303.98
2292.49
2279.88
2266.1
2252.89
2240.31
2235.01
2237.5
2235.92
2229.92
2217.61
2198.43
2192.07
2199.76
2202.52
2199.82
2189.51
2170.73
2157.83
2151.54
2142.53
2130.44
2113.54
2091.16
2063.39
2029.42
2001.01
1979.03
1954.61
1927.34
1894.78
1856.02
1832.9
1828.3
1812.05
1781.88
1753.21
1726.33
1704.87
1689.99
1672.23
1650.95
1639.6
1640.5
1632.67
1613.99
1595.88
1578.5
1572.15
1579.75
1588.57
1598.96
1601.47
1593.88
1593.52
1602.51
1611.11
1619.2
1630.19
1644.97
1665.35
1693.12
1717.17
1736.25
1759.68
1788.95
1817.2
1844.08
1874.32
1909.19
1950.02
1999.07
2049.25
2101
2165.07
2246.39
2327.17
2407.19
2493.23
2587.84
2691.34
2807.63
2926.24
3048.22
3181.25
3330.41
3479.04
3626.89
3774.99
3923.44
4075.98
4234.63
4402.87
4585.59
4759.12
4918.66
5094.81
5296.42
5473.76
5613.62
5772.47
5960.88
6137.87
6296.92
6449.62
6592.28
6746.06
6917.59
7095.93
7285.25
7469.5
7645.53
7831.67
8034.37
8246.95
8475.82
8704.74
8933.71
9171.82
9425.28
9680.03
9936.98
10185.5
10419.5
10671.9
10955.8
11231.3
11491.9
11735.4
11948.8
12186
12465.5
12726.3
12954.2
13203.5
13491.4
13775.5
14053
14313.6
14543.2
14797.2
15096.5
15373.4
15608.8
15854.9
16120.7
16377.7
16618.1
16856.3
17090.5
17308.1
17493.7
17681.2
17872.3
18050.5
18203.6
18355.5
18505.3
18657.3
18813.7
18957.6
19076.2
19166
19197.6
19242.9
19316.3
19381.7
19430.3
19479.6
19530.1
19561.3
19551.8
19552.1
19573.2
19589.7
19596.2
19605.3
19620.1
19611.4
19551.5
19516.2
19534.8
19525.2
19453.3
19363.5
19233.8
19127.7
19075.1
18995.6
18854.4
18731.9
18652.3
18547.5
18384.1
18242.3
18150.9
18059.6
17968.6
17884.9
17818.7
17760.5
17721.2
17688.1
17669.9
17651.5
17632.7
17644.5
17732.6
17806
17842.7
17911.2
18060.1
18193.5
18287
18394.5
18538.3
18676.7
18800.9
18927.9
19061.7
19220.2
19444.2
19653
19821
19990.3
20162.7
20331
20487.8
20645.5
20805.5
20956.6
21082.6
21213.5
21358.5
21494.6
21605.7
21702.1
21756
21806.9
21848.8
21888.2
21920.4
21939.9
21921.3
21917.4
21957.5
21970.5
21901.4
21831.3
21757.5
21692.6
21654.7
21598.8
21486.6
21386.7
21325.3
21245.1
21104.7
20981.9
20916.5
20845.5
20756.3
20661.7
20549.5
20439.6
20337.1
20253.4
20233.4
20200.6
20123.5
20052.1
19999.8
19939.4
19850.3
19768.1
19710.7
19653.7
19598.6
19546.5
19505.4
19468
19443.6
19409.7
19340.6
19274
19216.8
19177.8
19207.8
19228
19210.5
19181.9
19110
19037.6
18962.7
18899.5
18883.2
18867.6
18854.9
18827.4
18740.1
18661.5
18618.8
18578.3
18546.6
18508.7
18444.4
18379
18309.4
18230.1
18108.7
18003.9
17972
17926.8
17822
17716.4
17607.6
17502.5
17415.3
17320.9
17192.8
17057.3
16886.7
16726.8
16617.7
16507.8
16394.7
16272.8
16107.7
15946.4
15804.3
15664.9
15538.9
15415.5
15305.2
15192.5
15066.8
14945.2
14845.4
14741
14611.8
14485.3
14373.2
14267.2
14194.5
14115.5
14001.6
13893.3
13816.8
13735.3
13625.3
13519.4
13437.6
13358.2
13292.7
13223.9
13134.6
13045.8
12960.6
12881.2
12837.7
12790.5
12719.3
12649.3
12587.8
12523.8
12443.7
12367
12313.5
12262.5
12229.5
12197.2
12170
12143.7
12123.5
12102.7
12077.9
12057
12065.5
12072.5
12068.7
12066.8
12078.8
12086.8
12064
12043.6
12041.8
12038.5
12022.9
12011.1
12030.9
12045.8
12019.7
11996.5
11997.5
11997.7
11990.8
11984.5
11984
11985.6
12006
12019.9
11973.8
11937.4
11994
12042.9
12016.3
11993.1
12003.2
12009.9
11982.4
11955.5
11935.6
11913.3
11864.8
11815.8
11761.2
11707.4
11662.9
11615.8
11537.3
11458.2
11370.7
11285.6
11229.4
11170.6
11077.5
10985.2
10900.8
10816
10723.4
10630.6
10533.6
10437.8
10358.9
10281.3
10224
10164.7
10075.1
9987.76
9933.51
9879.65
9832.2
9782.67
9697.95
9613.96
9542.73
9471.1
9392.28
9311.34
9190.26
9072.07
9011.03
8949.25
8872.33
8793.76
8679.57
8565.61
8456.82
8348.25
8244.95
8142.01
8048.2
7953.34
7830.46
7707.72
7588.94
7471.17
7383.76
7294.79
7156.32
7019.53
6939.6
6859.08
6756.38
6653.39
6539.01
6425.07
6330.56
6235.91
6134.51
6033.65
5961.22
5888.76
5814.53
5739.9
5637.9
5536.38
5471.94
5406.73
5271.07
5136.05
5074.01
5011.6
4895.01
4778.25
4626
4473.65
4287.83
4102
3904.19
3706.39
