72.597
65.9035
59.2101
58.402
57.6027
58.3964
59.1956
61.4853
63.783
58.9409
54.0457
54.6928
55.3921
57.1779
58.9761
59.69
60.3893
56.5631
52.6669
53.5818
54.5808
54.502
54.4021
56.3559
58.3539
53.5201
48.525
54.2441
60.2382
61.7609
63.1595
62.4239
61.6247
56.372
50.9773
55.2445
59.84
57.2037
54.3065
55.1623
56.1613
58.0246
59.9227
57.2207
54.3236
61.2773
68.6701
61.7462
54.1536
51.9903
50.0921
53.4219
57.0184
57.864
58.5633
57.6534
56.6543
57.9225
59.3211
50.4444
40.9537
48.7726
57.6638
60.0775
62.0756
60.8884
59.4898
59.213
59.0132
61.4255
64.023
60.0107
55.5151
56.2219
57.3208
56.7511
56.0517
58.5902
61.3874
61.7846
61.9844
60.3419
58.5436
54.4474
50.1516
49.7082
49.6083
53.2611
57.2572
61.8926
66.588
59.709
51.7168
52.0913
53.2901
54.0352
54.7345
53.1701
51.3718
52.1939
53.2928
56.0146
58.9117
57.6706
55.9723
54.9921
54.093
55.1644
56.4631
56.5106
56.4107
55.9541
55.4546
60.2941
65.7887
64.5354
62.4375
70.1733
79.1645
72.5979
64.0063
64.4112
66.0096
68.4881
71.0856
77.0198
83.4135
79.9069
75.0117
78.0715
82.2674
82.3639
81.8644
83.0183
84.417
90.8518
98.0447
96.9208
94.5231
87.8035
80.4108
86.8169
95.4084
104
112.591
113.113
112.314
111.6
110.901
116.782
123.775
132.303
141.094
142.23
142.03
152.694
165.281
170.926
175.321
169.41
161.618
172.284
186.37
196.504
205.895
205.303
202.805
209.263
217.455
219.05
219.35
229.147
240.835
242.384
241.885
253.905
268.491
273.895
277.392
283.694
290.587
301.679
313.667
324.177
334.367
347.343
360.93
373.781
386.468
395.568
403.86
418.578
434.762
450.297
465.682
485.925
507.304
522.545
536.331
551.165
566.25
589.694
615.169
634.952
653.334
666.037
677.326
685.584
693.076
716.486
743.959
757.46
767.35
772.647
776.743
800.826
830.197
846.408
859.095
874.298
890.183
901.676
911.966
944
982.063
1003.9
1021.18
1030.14
1036.73
1059.39
1086.66
1110.14
1132.52
1144.63
1153.72
1169.13
1186.41
1204.08
1221.86
1241.48
1261.66
1292.16
1325.83
1346.99
1364.27
1364.9
1360.3
1371.72
1388.2
1394.77
1398.17
1409.64
1423.73
1429.01
1431.4
1450.77
1475.75
1492.78
1507.17
1521.7
1536.29
1553.33
1571.22
1595.34
1621.61
1650.48
1680.25
1712.17
1744.84
1780.97
1818.33
1864.74
1914.39
1954.29
1990.65
2030.23
2070.99
2110.37
2149.23
2201.26
2258.2
2311.52
2363.47
2420.26
2478.91
2525.64
2567.8
2637.52
2717.94
2776.48
2826.43
2889.26
2957.19
3038.76
3125.77
3186.53
3236.68
3302.02
3373.54
3441.04
3506.88
3570.95
3634.29
3702.27
3772.2
3832.66
3889.1
3957.16
4030.19
4107.69
4187.11
4258.18
4325.61
4400.68
4479.11
4577.25
4684.15
4794.22
4905.71
4979.08
5035.22
5113.39
5201.61
5312.67
5434.26
5535.71
5627.82
5724.42
5823.12
5918.98
6013.48
6093.45
6166.48
6255.69
6352.7
6431.14
6500.57
6598.5
6710.39
6782.37
6834.62
6880.8
6923.96
6969.57
7016.43
7043.07
7059.45
7102.53
7159.28
7179.85
7181.75
7197.11
7219.49
7256.8
7301.96
7318.84
7320.74
7341.71
7372.88
7363.68
7332.71
7321.35
7320.65
7302.53
7274.86
7266.8
7269.6
7254.44
7229.27
7239.95
7270.82
7286.59
7293.78
7320.03
7357.2
7364.59
7354.8
7345.83
7337.34
7356.73
7392.5
7419.67
7441.74
7468.45
7497.92
7525.84
7552.81
7584.13
7618.1
7687.02
7777.33
7833.05
7867.41
7918.84
7980.88
8031.19
8074.15
8143.91
8230.62
8297.7
8352.24
8399.98
8443.34
8461.19
8462.49
8458.77
8451.78
8454.24
8462.93
8446.84
8414.27
8394.02
8382.03
8353.53
8313.87
8292.15
8282.66
8276.19
8271.8
8278.85
8293.84
8293.59
8282.7
8295.5
8324.97
8347.19
8364.28
8381.01
8397.49
8388.09
8360.01
8351.79
8357.98
8360.89
8361.39
8360.79
8359.4
8349.12
8332.24
8355.36
8408.51
8436.52
8445.51
8456.03
8467.72
8481.33
8496.41
8527.32
8570.47
8582.56
8570.37
8565.73
8567.02
8564.7
8559.51
8557.64
8558.44
8547.41
8526.83
8499.25
8465.98
8455.61
8464
8458.06
8440.28
8436.23
8443.63
8436.57
8417.39
8385.1
8341.75
8333.34
8354.72
8360.19
8352
8347.61
8346.51
8347.97
8351.67
8353.61
8354.01
8364.31
8383.4
8397.41
8406.9
8416.45
8426.04
8424.21
8412.02
8400.15
8388.56
8370.52
8346.55
8330.96
8323.17
8340.04
8380
8379.2
8339.94
8331.4
8352.08
8377.04
8406.11
8438.69
8474.65
8508.49
8540.26
8554.94
8552.84
8549.94
8546.24
8558.86
8587.73
8611.52
8630.2
8668.98
8728.12
8754.09
8746.2
8768.99
8823.33
8857.03
8869.32
8900.02
8949.97
8988.25
9014.22
9067.19
9148.81
9193.07
9197.37
9218.59
9258.05
9274.24
9265.15
9294.49
9365.92
9420.63
9456.9
9483.52
9499.4
9527.29
9568.65
9579.72
9556.54
9528.46
9494.8
9451.97
9398.62
9352.82
9315.76
9284.78
9260.9
9221.46
9163.72
9113.75
9072.99
9029.95
8984.2
8940.03
8897.77
8865.21
8844.43
8814.04
8771.88
8724.44
8670.49
8636.23
8626.44
8597.81
8545.56
8526.64
8549.82
8572.69
8595.17
8602.37
8589.99
8586.75
8595.34
8613.34
8643.61
8683.94
8737.49
8779.99
8807.86
8856.35
8932.38
9001.08
9059.92
9121.61
9187.14
9246.39
9297.04
9360.96
9443.18
9509.35
9553.21
9592.28
9624.65
9694.16
9816.14
9917.6
9989.83
10055.9
10113
10168.4
10221.4
10276
10333
10394.2
10461.3
10524.4
10581.7
10639.1
10696.9
10742.5
10769.9
10797.5
10825.6
10871.5
10944.6
10997.2
11018.1
11044.7
11080.3
11120.1
11166.5
11217.8
11276.6
11354.3
11462.2
11553.2
11617.1
11708.9
11846
11981.5
12114.3
12246.7
12378.5
12529.7
12713.5
12878.1
13010.7
13159.4
13335.5
13501.3
13649.3
13790.7
13920.5
14058.7
14211.8
14358.2
14493
14636.5
14795.7
14941.6
15064
15217.7
15427.8
15609.4
15739.1
15883.9
16056.1
16217.4
16358.5
16504.5
16659.7
16798
16904.3
17016.5
17140.1
17263.2
17385.5
17502.2
17608
17711.4
17810.3
17903.2
17984.2
18057.2
18114.2
18160.3
18184.4
18223.2
18291.1
18332.5
18320
18311.9
18312.9
18323.1
18352.3
18348.1
18274.5
18232.7
18257.7
18251.4
18178.2
18132.7
18146.2
18158.8
18169.6
18156.7
18092.2
18039.9
18014.5
17947.7
17789.2
17632.3
17479
17337.8
17223.6
17107.5
16987.3
16869.7
16758.5
16638.1
16496.3
16369.8
16279.6
16175
16036.4
15932.8
15913.4
15907.1
15932.9
15953
15959.2
15974.4
16011.9
16039.9
16044.4
16072.3
16159.2
16242.4
16316.4
16407.7
16543.4
16676
16800.7
16940.2
17118.4
17279.8
17396.7
17548.1
17791.5
17997.2
18102
18222.3
18384.4
18548.2
18716.6
18882.4
19041.5
19186.3
19291.3
19392.8
19484.6
19577.9
19675.4
19750.5
19761.2
19777
19807.5
19831.9
19838.5
19854
19896
19917.6
19877.5
19825.3
19736.3
19664.8
19647.2
19606.8
19496
19393.6
19317.4
19245.3
19186
19111.3
18987.5
18871.1
18778.3
18689.1
18612
18541.7
18493.9
18444
18386.6
18317.7
18209.7
18109.3
18034.9
17971.6
17946.9
17906.5
17811.8
17714.9
17610.1
17532.5
17552.3
17554.5
17493.2
17431.3
17367.5
17312.5
17290.3
17267.5
17242.3
17211.3
17158.4
17109.7
17077.6
17046.4
17018.9
16989.3
16951.2
16908.7
16848.8
16799.3
16792
16766.1
16664
16574.9
16539.6
16510.6
16507.4
16490.8
16417.8
16349.3
16300.3
16244
16156.5
16070.9
15993.5
15909.3
15794
15687.3
15619.8
15534.7
15369.4
15216.1
15118.5
15020.6
14921.7
14815.4
14673.9
14542.6
14460.7
14368.1
14222.4
14082.6
13971.9
13859.5
13738.3
13619.6
13513.1
13409.3
13319.3
13229.9
13142.6
13052.3
12945.3
12833.7
12697.3
12572.5
12512.2
12447.3
12357
12274.8
12238.8
12187.6
12048.4
11919.8
11852.9
11787.6
11732.2
11669.6
11564
11471.1
11456.3
11435.5
11376.8
11319.3
11268.4
11211
11111.2
11015.8
10949.3
10887.2
10855.3
10820
10762.7
10713.2
10718
10717.2
10677.5
10639
10610.1
10581.8
10558.3
10540.6
10566
10589
10594.6
10596.7
10571.5
10548.6
10543.7
10542.7
10572.1
10594.7
10560.7
10526.1
10486.4
10452.3
10466.8
10478
10460.2
10445.1
10454.1
10460.3
10440.9
10423.2
10421
10421.8
10451.3
10476.9
10465.6
10455.2
10453.2
10447.9
10408.6
10370.4
10343.5
10315.4
10275.2
10231.7
10151.9
10076.5
10051
10020.1
9925.48
9834.8
9790.95
9742.59
9639.2
9540.97
9507.9
9470.28
9373.57
9278.64
9207.41
9135.6
9055.78
8977.3
8917.85
8858.49
8800.24
8740.64
8660.32
8581.72
8530.17
8478.31
8421.47
8363.92
8294.49
8224.92
8152.89
8080.37
7999.05
7916.96
7820.15
7725.15
7665.81
7603.43
7478.25
7356.27
7303.52
7248.37
7138.58
7028.84
6920.45
6812.67
6720.26
6627.06
6512.87
6400.22
6330.78
6260.89
6177.17
6091.75
5951.99
5813.64
5723.52
5633.78
5557.66
5481.17
5390.16
5299.41
5219.98
5140.8
5072.66
5004.57
4938.84
4873.07
4805.13
4737.11
4663.18
4588.92
4488.52
4388.46
4320.53
4252.46
4169.24
4085.67
3950.7
3815.6
3652.76
3489.9
3321.76
3153.62
2975.49
2797.37
