-40.1899
-17.8118
4.56624
27.4431
50.3206
40.1458
29.8558
32.9795
36.1764
24.0028
11.7148
11.9959
12.3955
13.8816
15.3801
13.9213
12.4228
15.8433
19.3399
17.7308
16.0325
16.098
16.1979
19.2316
22.3286
21.6192
20.82
23.0402
25.338
18.2067
10.814
11.6671
12.766
14.2522
15.7507
15.1237
14.4243
14.9785
15.5779
15.6962
15.7961
22.2341
28.9275
20.1914
10.8006
12.791
15.2885
19.1223
23.0185
16.1516
8.75885
10.206
12.1041
10.7771
9.27861
13.2704
17.5662
12.5099
6.91541
10.9364
15.5319
20.3155
25.1108
17.702
9.51002
12.6536
16.5498
14.4628
11.9653
17.0243
22.6188
20.114
17.0171
12.3408
7.54553
16.7484
27.0384
22.8046
17.4099
11.1843
4.89052
12.2299
20.7215
18.0909
14.4944
13.0993
11.9005
15.095
18.6915
18.0867
17.0876
15.1772
13.1792
17.4561
22.3513
17.3552
11.3611
11.0716
11.3713
13.5685
15.9661
19.3555
22.8521
20.1413
16.7446
13.6172
10.5203
8.40858
6.41053
12.9925
20.5851
13.0171
3.62633
11.1424
20.733
18.6924
15.1958
12.851
10.6531
18.0905
26.782
21.1849
13.6923
12.888
12.9879
14.3171
15.8157
17.139
18.4377
22.2715
26.4674
23.7728
20.0764
18.5557
17.3569
18.6761
20.3744
17.9143
14.8174
18.0304
22.2263
18.8328
14.2373
18.4186
24.0131
24.8
24.8
21.2881
17.1921
17.4546
18.4536
16.2126
13.4153
12.8299
12.63
15.7403
19.4366
19.4919
18.8925
21.5034
24.7002
25.2
25.2
21.2478
16.5524
17.0584
18.5569
20.9761
23.5736
23.2485
22.3493
21.7835
21.2839
19.1222
16.6247
18.0241
20.222
22.0062
23.7045
21.7719
19.0745
18.353
18.0533
21.5316
25.8274
29.0581
32.0551
28.0226
22.428
23.7648
26.6619
23.9461
19.95
20.255
21.5537
26.9812
33.375
30.4004
25.2055
29.195
35.389
33.0637
28.668
27.8
27.8
29.6395
31.9372
31.5224
30.4235
29.0062
27.5077
31.1695
36.1646
36.3288
35.2299
33.736
32.1376
31.4848
31.0852
37.2886
45.2808
44.726
41.8289
35.8813
29.088
32.9834
39.8766
41.6335
41.9332
39.8264
37.0291
42.672
50.7641
50.5918
47.9944
47.1689
46.8692
46.2621
45.5628
48.3893
52.2855
50.677
47.3802
52.4719
60.1643
57.2841
51.0902
50.9656
52.7638
50.3245
46.5282
48.0907
51.3874
57.2437
63.9371
65.8252
66.1249
63.1296
59.0336
58.6722
59.5713
61.2154
63.1136
65.0117
66.9098
66.733
65.8339
67.6694
70.4667
69.0623
66.1651
73.5604
84.6495
84.8138
81.0175
85.0457
91.9389
92.9248
91.726
94.2366
98.1328
105.583
114.375
117.017
117.317
119.636
122.733
131.155
141.644
142.304
139.107
149.148
164.434
169.157
169.656
170.227
170.826
179.304
190.992
198.788
204.982
210.258
215.154
216.741
216.94
223.177
231.968
247.549
266.031
269.785
267.188
273.569
283.859
296.3
309.687
314.976
316.675
331.21
351.49
359.933
363.03
370.382
379.673
388.621
397.413
406.409
415.5
425.612
436.201
444.077
450.671
465.179
483.461
493.312
499.106
509.272
521.56
530.093
536.786
546.221
557.01
557.8
553.604
562.303
577.488
584.124
586.422
594.468
605.458
609.266
609.366
619.384
634.569
635.281
628.388
626
626
627.302
629.3
631.752
634.45
640.641
648.733
646.31
638.118
637.965
642.261
641.492
637.895
640.244
645.938
644.431
638.837
644.106
655.595
654.163
645.272
646.42
653.413
657.511
659.908
657.411
652.017
654.128
660.722
664.135
665.634
665.205
663.607
668.143
676.435
686.024
696.414
697.383
692.488
690.477
690.277
697.97
710.658
715.356
714.956
717.9
722.995
723.424
720.827
716.961
712.266
716.902
727.691
720.238
700.657
687.357
678.266
684.198
700.282
702.997
696.603
692.756
690.658
685.018
676.926
670.188
664.393
663.349
665.646
671.158
678.951
681.384
679.986
682.535
687.929
684.009
673.32
674.105
683.296
685.706
683.108
683.317
685.615
686.257
685.658
689.04
695.434
697.463
696.164
695.092
694.192
701.962
716.448
712.591
694.409
694.393
708.679
710.767
703.174
703.019
708.814
709.741
706.744
703.14
699.044
693.96
688.065
689.23
696.224
702.944
709.438
709.14
703.146
694.283
682.994
674.995
669.8
668.099
669.397
669.679
669.079
662.504
650.716
650.143
659.434
664.118
664.717
662.256
657.061
653.233
650.636
646.834
641.938
642.522
648.116
647.421
640.927
640.286
645.081
650.753
657.247
656.648
649.355
639.707
627.819
621.643
620.944
624.258
631.451
634.19
632.592
627.867
620.075
624.787
641.871
650.95
652.049
651.205
648.407
645.908
643.71
639.98
634.685
635.25
641.843
643.238
639.242
637.64
638.539
643.233
651.924
649.907
636.52
633.364
641.157
641.018
632.327
629.858
634.154
635.351
633.153
629.863
625.368
624.466
627.563
633.202
641.694
641.698
632.108
625.085
620.989
617.079
613.383
606.029
594.44
583.912
574.621
567.35
562.455
556.097
548.005
542.371
539.673
535.571
529.777
520.553
507.166
504.248
514.139
512.755
497.47
485.882
478.889
470.698
461.008
459.22
467.412
470.198
466.102
462.225
458.628
457.602
459.9
458.294
451.601
450.563
456.957
463.135
469.03
475.309
482.102
488.81
495.404
503.439
513.429
524.347
536.535
547.842
557.932
569.777
584.063
604.465
633.437
658.309
677.39
696.142
714.424
737.792
768.462
795.744
818.122
839.2
858.381
880.797
907.97
938.966
975.63
1005.37
1024.75
1047.56
1075.53
1105.8
1139.57
1168.28
1189.26
1209.46
1228.44
1249.57
1274.04
1297.43
1319.11
1338.59
1354.57
1374.59
1401.07
1425.93
1448.21
1468.74
1486.42
1511.83
1549.9
1582.83
1607.31
1635.65
1670.41
1704.62
1737.89
1769.3
1797.57
1823.41
1845.09
1880.97
1941.31
1993.58
2031.85
2065.79
2092.16
2121.79
2157.15
2190.36
2219.73
2253.71
2295.97
2334.68
2366.95
2397.48
2424.86
2462.7
2519.85
2561.68
2575.07
2596.28
2632.14
2665.24
2693.11
2717.79
2736.37
2757.99
2785.47
2818.95
2864.11
2893.56
2892.26
2906.41
2951.06
2984.7
2996.39
3005.49
3009.39
3015.17
3024.76
3035.56
3048.85
3062.4
3076.48
3084.93
3081.63
3080.53
3084.02
3085.28
3081.78
3085.16
3103.24
3109.94
3092.06
3082.06
3089.25
3093.29
3090.4
3079.99
3052.92
3034.01
3033.41
3029.08
3016.29
3006.12
3001.92
2996.7
2989.11
2975.86
2949.49
2926.91
2913.22
2895.12
2866.54
2845.9
2844.2
2841.8
2837.7
2827.44
2802.17
2790.96
2814.33
2824.57
2802.2
2793.72
2820.09
2842.42
2854.51
2868.51
2887.39
2908.11
2933.59
2959.31
2985.69
3012.58
3040.86
3068.36
3093.84
3121.73
3156.09
3179.05
3171.05
3177.2
3222.06
3263.52
3295.58
3320.41
3325.01
3338.51
3377.18
3411.04
3431.22
3449.19
3460.77
3471.49
3479.69
3484.84
3481.04
3481.55
3494.83
3502.13
3491.44
3482.9
3480.91
3476.94
3466.95
3458.33
3453.93
3446.49
3429.5
3413.38
3400
3391.54
3398.83
3399.18
3377.11
3356.67
3341.58
3327.82
3318.43
3308.99
3299.4
3290.06
3281.57
3265.95
3225.99
3194.71
3193.41
3193.53
3198.63
3202.73
3203.33
3200.66
3186.27
3171.08
3153
3140.19
3146.69
3146.79
3123.21
3106.56
3115.85
3119.88
3104
3093.03
3100.92
3104.46
3091.07
3080.93
3083.52
3084.96
3081.76
3075.58
3057.4
3038.59
3017.21
3001.3
3008
3011.08
2999.1
2989.21
2988.21
2982.68
2957.7
2939.62
2951.51
2951.15
2896.9
2853.51
2858.51
2862.91
2864.61
2865.32
2861.52
2855.37
2838.29
2818.24
2784.27
2754.12
2742.13
2726.01
2689.95
2656.78
2637.8
2621.76
2620.37
2615.69
2594.51
2572.32
2544.95
2519.06
2500.88
2481.42
2455.24
2433.36
2434.36
2428.13
2382.78
2343.85
2340.25
2336.09
2328.8
2319.14
2296.06
2275.82
2271.93
2262.94
2224.18
2192.12
2199.91
2204.61
2190.63
2177.13
2166.64
2155.38
2139.29
2122.12
2098.04
2079.08
2093.06
2104.72
2101.13
2095.34
2074.96
2054.99
2037.81
2022.29
2018.3
2013.36
2001.77
1991.31
1988.91
1988.3
2000.79
2011.8
2011.8
2011.47
2008.68
2005.87
2002.97
2001.63
2012.52
2020.92
2009.33
1999.53
2004.43
2009.58
2016.87
2022.12
2009.93
1998.92
1998.12
1998.8
2012.69
2023.34
2004.56
1988
1992.09
1995.39
1991.09
1988.33
2000.52
2010.9
2003.21
1997.71
2014.7
2028.67
2011.08
1994.39
1987.3
1981.67
1992.16
2001
1991.21
1982.25
1982.85
1981.41
1955.74
1930.33
1908.15
1886.82
1876.23
1865.16
1847.77
1830.36
1812.58
1795.98
1795.68
1793.73
1768.25
1743.9
1736.11
1728.33
1720.74
1712.81
1699.62
1685.99
1665.11
1645.48
1646.98
1648.13
1643.13
1637.57
1621.69
1605.94
1592.86
1579.44
1559.46
1539.87
1528.49
1516.83
1499.34
1481.65
1459.07
1437.52
1440.52
1441.94
1403.88
1366.75
1354.47
1342.02
1325.14
1308.23
1290.75
1273.23
1254.65
1235.99
1214.41
1193.06
1180.27
1167.35
1149.07
1130.86
1115.98
1100.87
1075.3
1049.91
1034.53
1019.17
1005.18
991.22
979.032
966.761
948.08
929.538
923.844
918.059
902.175
886.224
860.749
835.258
806.386
777.538
756.759
735.976
712.299
688.622
