92.0027
98.0968
104.191
100.409
96.6131
90.328
84.0341
96.9168
109.904
101.968
93.8756
93.1072
92.4079
92.1037
91.8039
90.1242
88.4258
91.0563
93.7536
94.7818
95.7808
94.9181
94.019
95.3691
96.7677
89.8705
82.7775
85.7168
88.9137
90.5553
92.1537
94.8193
97.5166
94.0178
90.3215
87.4946
84.6974
85.1785
85.7779
85.5113
85.2116
91.442
97.9357
90.2456
81.9537
87.3384
93.3325
91.023
88.3256
87.6285
87.0291
87.4752
87.9748
83.4468
78.6515
79.9146
81.513
87.079
92.8733
94.7083
96.3067
92.5429
88.447
84.0693
79.6737
82.1168
85.0139
84.1716
83.0727
88.3176
94.012
89.3728
83.9781
85.0864
86.6848
84.7605
82.5627
81.6599
80.8607
82.6462
84.6442
86.6423
88.6403
89.9949
91.2937
86.6303
81.4354
81.2746
81.5743
90.0939
99.3848
94.1849
87.5914
87.9094
88.9084
88.5463
88.0467
89.6299
91.4281
88.7086
85.5118
81.774
77.9777
79.7591
82.1567
82.4897
82.5896
80.4503
78.0526
79.5875
81.5855
88.4884
95.9811
90.2152
82.8224
83.7757
85.7738
85.0255
83.9265
83.4464
83.0468
81.1478
79.0498
78.536
78.2363
80.8342
83.8313
84.1124
84.0125
78.7549
72.7608
73.7444
75.7425
75.3908
74.6915
78.3337
82.6295
80.1678
76.6712
78.1016
80.2995
81.3762
82.2753
83.2604
84.2595
78.9055
72.5118
78.1098
85.7023
82.9543
78.4587
78.3968
79.0961
79.9656
80.8647
85.668
91.1626
90.3911
88.493
90.6499
93.5471
91.05
87.5534
93.3908
100.983
95.8241
88.2315
82.8988
78.0036
84.6316
93.5229
91.3345
86.9388
90.5217
95.7166
91.1276
84.5341
87.6186
92.7136
93.1048
92.5054
89.8478
86.7509
95.7272
107.316
106.778
103.581
105.37
108.267
109.045
109.344
109.074
108.675
112.008
116.204
118.295
119.894
119.15
117.851
116.23
114.532
125.291
139.077
140.357
138.559
147.557
159.246
153.223
142.733
145.614
151.908
154.153
155.351
153.778
151.481
153.449
156.546
159.091
161.489
164.515
167.712
165.969
162.872
169.865
179.655
184.843
188.739
184.152
177.159
190.427
209.508
208.38
201.386
201.654
204.051
205.987
207.785
214.732
223.223
230.565
237.559
235.836
231.44
233.45
237.446
239.617
241.215
243.952
247.049
247.649
247.449
246.419
245.12
251.199
259.69
266.755
273.349
273.053
270.455
273.908
279.403
283.854
287.95
295.315
303.807
317.264
332.449
338.617
341.614
355.373
372.956
386.863
399.451
411.159
422.547
437.373
453.457
477.053
503.428
522.601
539.085
562.17
587.745
608.762
628.043
661.826
701.187
743.067
785.925
816.154
841.429
880.515
925.072
976.622
1030.97
1080.62
1128.37
1184.07
1243.01
1287.59
1326.25
1396.89
1480.8
1551.35
1616.29
1672.94
1726.09
1801.7
1886.92
1970.88
2054.3
2132.01
2207.24
2286
2366.32
2454.81
2546.92
2643.52
2742.12
2834.46
2923.97
3015.82
3108.73
3194.11
3276.03
3372.62
3476.02
3579.76
3683.65
3774.66
3859.58
3948.15
4038.46
4129.04
4219.75
4294.19
4360.72
4435.91
4515.33
4583.92
4647.16
4693.4
4731.16
4783.88
4844.12
4886.73
4920.4
4959.09
5000.35
5037.59
5072.75
5092.22
5103.51
5122.33
5145.11
5156.39
5161.59
5161.12
5157.62
5170.74
5192.82
5208.62
5221.01
5222.56
5218.16
5199.11
5171.93
5175.66
5196.64
5210.02
5219.11
5227.43
5235.33
5240.1
5243.1
5235.78
5222.49
5220
5223.79
5227.72
5231.71
5223.85
5208.96
5216.03
5236.22
5237.75
5228.06
5223.72
5222.62
5225.92
5231.91
5241.49
5253.28
5262.36
5269.75
5279.78
5291.47
5294.84
5292.94
5294.58
5298.47
5298.54
5296.14
5274.41
5240.15
5204.37
5167.61
5136.2
5108.33
5078.18
5046.51
5000.72
4945.48
4890.29
4835.14
4794.2
4762.93
4729.41
4694.35
4670.08
4653.3
4648.11
4651
4648.92
4643.32
4620.37
4585.1
4558.98
4539.4
4549.83
4581.9
4570.06
4526.3
4506.47
4504.18
4493.66
4477.08
4470.51
4471.41
4473.85
4477.45
4475.59
4469.59
4476.75
4493.93
4506.99
4516.88
4524.13
4529.32
4517.63
4492.76
4471.74
4453.76
4444.57
4442.38
4429.69
4408.61
4375.97
4334.01
4308.75
4297.06
4262.25
4208.51
4169.97
4144
4120.8
4099.92
4068.88
4029.32
3988.41
3946.35
3906.29
3867.92
3842.35
3827.77
3789.89
3731.84
3704.91
3705.11
3687.13
3653.16
3630.16
3616.87
3602
3585.71
3563.65
3536.37
3517.74
3506.95
3490.95
3470.17
3453.75
3441.37
3437.06
3440.25
3443.19
3445.89
3441.24
3429.65
3420.98
3415.08
3420.51
3436.8
3443.73
3441.63
3436.6
3428.71
3416.08
3398.79
3383.67
3370.68
3358.7
3347.71
3332.78
3313.9
3292.83
3269.56
3254.88
3248.99
3223.1
3176.65
3138.92
3110.25
3091.74
3083.85
3060.48
3020.82
2990.9
2971.32
2952.56
2934.68
2908.24
2872.57
2844.38
2824.3
2814.04
2814.54
2795.1
2753.64
2721.82
2700.74
2670.34
2629.48
2590.45
2553.49
2512.65
2467.39
2406.09
2326.37
2251.79
2183.16
2113.05
2041.22
1975.59
1917.24
1855.11
1788.47
1726.39
1669.74
1620.53
1580.27
1537.21
1490.76
1451.99
1422.62
1388.1
1347.24
1313.86
1289.79
1265.45
1240.77
1225.1
1220.8
1207.41
1182.43
1168.53
1168.83
1167.87
1165.27
1169.13
1181.42
1188.74
1189.54
1198.12
1217
1237.55
1260.33
1284.51
1310.59
1353.83
1420.36
1487.24
1554.57
1628.54
1711.66
1811.16
1933.44
2063.96
2206.02
2360.63
2532.96
2709.83
2893.15
3096.65
3329.12
3564.21
3803.07
4037.1
4264.08
4507.8
4776.13
5038.76
5292.91
5535.49
5760.77
5988.04
6218.31
6439.23
6645.93
6848.21
7043.71
7240.44
7439.05
7640.03
7844.73
8023.9
8162.96
8308.87
8465.62
8632.17
8814.4
8989.46
9153
9312.46
9465.31
9650.56
9888.82
10116.9
10328.2
10551.9
10796.1
11031.8
11253.1
11489.5
11751.6
11988.8
12183.7
12383.2
12590.6
12811.5
13056
13290.3
13506.6
13722.8
13938.6
14145.7
14337.2
14535.4
14745.7
14961
15185.4
15414.6
15652.8
15880.4
16088.6
16293.1
16490.6
16685.6
16875.9
17073.3
17284
17471.1
17613.1
17745.1
17857.8
17975.9
18104.5
18240.2
18389.7
18504.5
18550.7
18620.8
18738.9
18853.8
18962.1
19039.7
19055.3
19074.9
19102.7
19128.9
19151.7
19165.1
19158.7
19167.6
19208.4
19226
19194.4
19165.2
19141.4
19126.4
19130.3
19111.7
19043.8
18991.2
18971.9
18920.8
18799
18688.5
18603.5
18507.8
18387.7
18256.9
18101.8
17950
17805.9
17672.9
17565.5
17450
17315.4
17208.4
17166.5
17118
17053.8
17003.8
16988.1
16979.1
16986.3
16997.9
17020.6
17061.3
17146.6
17224.1
17281.8
17366.9
17521.1
17661.4
17766
17880.4
18019.9
18150.9
18259.2
18414.4
18692.6
18918.3
19004.1
19110.9
19274
19450.1
19661.3
19848.3
19969.2
20107.8
20295.4
20471.3
20614.4
20755.5
20891
21015.4
21107.8
21168.5
21137.7
21161.5
21344.1
21485.3
21504.8
21510.6
21475.6
21441.6
21410.4
21378
21341.6
21298.8
21236
21172.7
21107.7
21038.6
20956.9
20871.8
20776
20685.8
20613.6
20538.8
20455.9
20366.6
20256.4
20152.1
20067.2
19996.4
19973
19938.4
19865.5
19788.9
19699.3
19629.5
19628.4
19611.2
19537.7
19477.1
19462.1
19433.1
19354.1
19274.1
19190.7
19124.1
19118.9
19107.3
19071.9
19040
19021.3
19001.3
18976.7
18944.1
18881
18827.2
18809.6
18785.6
18736.6
18691.1
18660
18617.5
18529.7
18463.1
18483
18484.1
18407.9
18342.1
18320
18277.9
18150.7
18045.2
18032.7
18001
17885.8
17782.2
17729.5
17666.2
17556.2
17446.1
17335.5
17228.4
17137.1
17038
16902.6
16768.8
16642.3
16518.3
16406.3
16286.1
16127.3
15980.8
15894.6
15796.8
15641.9
15490.5
15356.9
15229.1
15131
15032.4
14931.2
14827.1
14707.9
14590.6
14484
14380.5
14293.6
14199.6
14066
13946.6
13907.4
13863.5
13793.7
13725.7
13668
13601.1
13480.1
13367
13300.4
13230.6
13142.3
13059.9
13013.5
12959.2
12855.1
12758.1
12706.2
12658
12634.3
12601
12504.6
12415.5
12375.1
12334
12288.9
12243.3
12193.8
12152.7
12171.6
12187.1
12178.7
12167.5
12136.6
12111
12124.5
12137.6
12147.5
12157
12162.5
12173.8
12230.3
12275.8
12232.2
12192
12179.5
12167.7
12161.6
12153.7
12129.9
12111.9
12144.2
12171.2
12151.6
12134.2
12136.3
12138.1
12137.5
12139.1
12161.1
12186.9
12250.6
12300.5
12214.3
12137.7
12159.1
12177.4
12163.3
12146.1
12095.7
12043.9
11975.1
11908.1
11860.4
11806.8
11685.4
11566.2
11474
11383.6
11314.2
11244.7
11173
11100.2
11013.1
10924.8
10817.9
10713.6
10645.9
10580
10540.3
10499.7
10445
10388.3
10302.6
10217.3
10138.1
10059.1
9982.23
9906.27
9846.73
9786.68
9717.64
9648.31
9573.38
9495.95
9370.97
9246.95
9141.96
9036.78
8927.78
8819
8714.8
8611.44
8527.13
8442.25
8344.05
8244.9
8121.92
7999.64
7896.15
7791.25
7646.99
7504.3
7408.39
7311.55
7184.97
7059.47
6970.56
6881.05
6769.56
6658.11
6548.62
6439.46
6344.86
6250.48
6167.27
6083.89
5992.38
5901.36
5839.12
5776.37
5679.57
5583.09
5512.06
5440.93
5360.41
5279.52
5157.84
5035.93
4880.28
4724.62
4565.57
4406.37
4195.98
3985.61
3795.29
3604.98
