82.0031
88.9963
95.9894
94.9027
93.8038
95.2933
96.7918
91.6333
86.4384
89.6724
92.9692
90.5258
88.0282
85.3331
82.6358
89.0075
95.5011
87.6311
79.5391
79.8909
80.3904
83.8296
87.3262
86.0309
84.6322
84.6
84.6
89.1779
93.8733
94.7776
95.5768
87.1601
78.4686
83.7184
89.4128
87.7642
85.8661
86.3785
86.9779
91.1378
95.4335
87.7254
79.5334
85.3335
91.7272
91.5218
91.0223
90.8091
90.6093
92.6002
94.6981
92.8989
90.9009
85.0137
78.9197
75.1922
71.5957
81.2244
91.6142
87.8636
83.2681
84.9755
87.0735
85.6041
83.9057
88.203
92.8984
83.7578
73.6677
80.6498
88.8418
83.4419
77.0482
81.3378
86.4328
87.5416
88.3408
83.5896
78.3947
80.5847
83.382
84.429
85.3281
81.5393
77.3434
86.7228
97.3124
85.6605
71.9739
73.9053
77.302
75.3215
72.824
78.1474
84.2414
81.5331
77.9367
79.7732
82.1708
85.0203
87.9174
82.3397
75.846
83.0267
91.7182
90.3558
87.8583
85.1816
82.4842
79.34
76.1431
72.5003
68.804
74.6288
81.622
85.2412
88.4381
86.9395
84.8416
79.2962
73.3021
80.538
89.5292
86.1117
81.0167
76.7998
72.7038
78.0701
84.7635
82.6278
79.2311
80.0211
81.4197
85.4291
89.8248
89.5317
88.5327
90.2193
92.3172
82.3138
70.4254
75.0095
82.2024
83.7163
84.3157
83.9707
83.4712
84.9418
86.74
87.8546
88.8536
84.2252
78.6307
82.3937
87.7884
91.231
94.328
91.0742
86.6785
87.8586
90.0564
90.7371
91.1367
88.9296
86.2322
83.2832
80.2861
80.8043
82.0032
84.9555
88.2523
84.6347
79.6396
81.044
83.7413
89.7553
96.4487
93.8776
89.382
89.2602
90.0594
94.8103
100.405
93.1868
83.1966
81.4
81.4
92.1079
105.195
105.072
101.975
100.749
99.95
103.939
109.034
109.352
108.553
112.923
118.517
113.799
106.606
112.835
122.326
122.436
120.238
122.599
126.096
123.05
118.355
121.14
125.836
131.722
137.916
140.467
142.065
143.348
144.547
143.46
141.762
143.994
147.291
148
148
150.581
153.878
154.132
153.532
156.746
161.042
162.155
162.355
164.026
166.124
167.758
169.257
168.29
166.592
167.66
169.558
178.815
190.303
186.807
178.715
184.731
195.121
198.817
200.415
199.434
197.636
198.562
200.36
202.989
205.886
209.385
213.082
213.85
213.65
216.52
220.417
223.715
226.812
233.113
240.505
249.904
259.994
269.418
278.609
283.143
286.04
296.604
309.891
323.325
336.811
342.233
344.73
359.879
379.659
400.826
422.504
443.019
463.1
489.491
518.263
542.043
563.921
589.335
616.109
650.438
687.701
720.157
750.727
796.038
847.188
897.482
947.433
990.054
1029.71
1079.03
1132.27
1188.42
1245.77
1310.59
1378.53
1430.84
1476.59
1545.23
1623.55
1705.86
1789.88
1861.68
1928.22
2016.19
2113.5
2196.29
2272.72
2359.18
2450.09
2533.69
2614.01
2698.53
2784.94
2896.47
3019.45
3107.47
3179.4
3274.39
3380.08
3480.68
3578.88
3656.94
3725.47
3815.78
3916.49
4009.36
4098.48
4176.76
4249.79
4322.21
4394.34
4457.18
4515.42
4577.66
4641.9
4676.43
4696.01
4735.07
4784.03
4817.38
4842.76
4872.68
4904.95
4930.98
4953.75
4977.58
5001.95
5011.7
5013.7
5026.18
5044.26
5059.88
5074.17
5083.99
5091.38
5097.55
5103.04
5089.88
5066.41
5074.8
5100.97
5099.47
5082.38
5094.87
5124.14
5113.52
5080.05
5079.01
5096.69
5099.41
5093.42
5087.99
5082.89
5084.14
5089.13
5101.57
5118.45
5110.21
5086.83
5074.77
5069.57
5080.67
5101.75
5111.22
5113.52
5106.95
5094.86
5099.1
5113.58
5121.22
5124.51
5106.71
5075.44
5068.49
5077.18
5049.63
4998.58
4958.89
4926.62
4876.05
4813.41
4760.19
4713.24
4678.85
4652.87
4606.69
4546.85
4505.72
4477.35
4441.64
4400.87
4377.94
4367.35
4347.47
4321.09
4314.71
4322.41
4313.85
4293.77
4283.59
4280.5
4284.19
4292.78
4271.17
4227.62
4199.4
4182.41
4175.03
4174.73
4171.91
4167.21
4161.49
4155
4160.45
4174.93
4185.39
4192.79
4198.03
4201.63
4191.83
4171.65
4164.26
4166.85
4158.11
4140.42
4135.16
4139.76
4106
4041.56
4007.82
3998.83
3981.74
3958.06
3913.24
3851.1
3812.82
3794.24
3759.14
3710.28
3669.8
3636.33
3602.86
3569.4
3538.41
3509.54
3478.89
3446.73
3413.97
3380.7
3351.43
3325.66
3302.12
3280.54
3259.54
3239.06
3220.53
3203.75
3178.61
3145.94
3135.32
3144.71
3138.35
3117.57
3105.52
3101.52
3104.42
3113.71
3109.53
3092.75
3076.48
3060.69
3064.88
3088.05
3099.25
3098.95
3097.63
3095.33
3082.86
3060.48
3043.2
3030.91
3020.48
3011.89
2992.99
2963.82
2942.87
2930.18
2904.89
2866.83
2834.94
2809.37
2787.19
2768.51
2744.63
2715.36
2679.83
2637.77
2595.42
2552.77
2530.02
2528.43
2507.52
2465.96
2437.81
2424.13
2406.13
2383.45
2355.77
2322.6
2288.25
2252.58
2227.51
2214.22
2190.25
2154.28
2106.92
2046.68
1989.15
1934.7
1880.54
1826.69
1771.45
1714.61
1647.76
1569.23
1500.26
1442.52
1392.04
1350.18
1300
1239.85
1192.22
1159.65
1121.67
1077.11
1043.66
1023.78
999.2
968.829
942.646
921.667
903.703
889.517
870.562
845.587
832.479
834.477
832.012
823.82
821.378
826.373
826.251
819.458
819.226
827.618
840.136
858.118
883.501
918.767
956.672
998.132
1038.4
1077.07
1129.86
1201.99
1284.62
1381.72
1489.2
1611.08
1738.57
1873.94
2029.39
2213.21
2403.92
2604.42
2814.77
3039.25
3282.1
3551.53
3806.79
4041.36
4298.13
4587.54
4865.01
5124.76
5382.18
5636.13
5893.39
6155.63
6424.42
6703.14
6951.1
7151.9
7365.31
7598.18
7814.37
8004.58
8188.11
8361.14
8550.3
8764.99
8970.98
9163.09
9362.02
9571.91
9785.24
10004.1
10219.5
10429.1
10651.7
10895.7
11151.9
11428.1
11686.8
11916.1
12161.2
12433.3
12689
12917.1
13168.2
13458.8
13720.2
13930.9
14142.5
14355.8
14573.4
14798.7
15039.3
15307.3
15567.8
15814.9
16044.1
16240.5
16463.2
16734
16986.5
17204.9
17420.8
17631.8
17846.6
18068.6
18276.2
18456.5
18644.3
18846.5
19025.1
19158
19300.6
19461.7
19615.4
19754.3
19868.4
19933.2
20003.5
20084.5
20160.2
20225.1
20283.9
20330.4
20371.8
20402.7
20423.6
20423.7
20446.8
20517.9
20568.3
20575.6
20571.4
20542.7
20510.3
20469.7
20445.8
20457.8
20455.8
20423.3
20366.9
20257.9
20152.5
20054.9
19947.3
19817.3
19689.2
19565.2
19437.6
19301.7
19167.2
19035.8
18903.7
18770
18649
18558.2
18457.9
18334.9
18232.9
18181
18150.6
18171.9
18199.8
18243.6
18266.4
18237.2
18253.9
18384.6
18499.8
18576.3
18661.6
18769
18886.5
19029.9
19172.7
19314.2
19460.6
19620.2
19794.9
20009.6
20204.4
20346.5
20505.9
20711.7
20911.8
21096.6
21288.4
21499.3
21700.7
21875.7
22039
22169.5
22299.9
22430.4
22551.5
22645.8
22727.5
22773
22828.9
22915.3
22975.6
22958.9
22937.4
22901.9
22869.4
22846.2
22815.8
22763.2
22722.5
22718.1
22668.9
22480.8
22330
22296.4
22246.7
22146.3
22048.6
21959.8
21863.2
21741.1
21623.7
21521.8
21424.2
21340.9
21256.9
21170.6
21098.9
21076.6
21046.8
20991.1
20927.3
20835.1
20749
20684.3
20621.9
20568.1
20513.3
20455.1
20402.5
20369.8
20343.8
20341.8
20336
20316.4
20285.9
20214.5
20142.4
20067.8
20001.7
19968.4
19939.7
19928.6
19921
19927.1
19912.6
19816.2
19727.6
19670.4
19619.3
19593.5
19561.7
19504.6
19450.3
19407.6
19354.8
19259.4
19172.5
19122.4
19071.9
19020.2
18953.2
18819.3
18677.1
18497.4
18339.1
18276.9
18199.7
18054.4
17916.6
17814.2
17701.1
17537.8
17377.2
17229.4
17090.5
16994.2
16884.2
16707.3
16537.9
16406.4
16275
16144.6
16015
15889.3
15763.4
15635.8
15504.6
15354.7
15213.2
15117.2
15022.2
14932.7
14839.8
14728.3
14621.1
14537.4
14454.9
14379.8
14300.5
14197.1
14104.4
14074.3
14034.8
13939.1
13846.5
13772.3
13694.7
13595.8
13506.7
13478.3
13435.2
13298.6
13174.9
13133.9
13090.3
13029.2
12966
12889.6
12818.2
12781.3
12746.4
12725.7
12704.2
12676.7
12650.1
12630
12610.6
12595.4
12580.7
12569.8
12559.8
12556.6
12554.7
12562.9
12572.7
12594.8
12610.5
12575
12543.3
12542.8
12543.4
12552.3
12561.2
12568.7
12571.9
12537.6
12506.3
12501.2
12498.2
12514.5
12528.8
12524.9
12520.8
12514.9
12508.5
12496.9
12489.2
12520.3
12546.2
12520
12490.5
12427.3
12365.2
12313.2
12260.6
12200.1
12138.4
12062.3
11982.4
11858.5
11738
11657.9
11576
11472.3
11370.9
11299.4
11226
11128.8
11034.3
10975.7
10916.6
10852.3
10786.3
10697
10610.2
10559.9
10507.7
10425.5
10343.8
10270.2
10196.1
10115.7
10036.1
9970.39
9903.08
9808.17
9713.68
9626.66
9538.76
9433.96
9329.34
9228.24
9126.77
9017.68
8908.37
8794.49
8681.29
8583.78
8484.62
8345.75
8207.3
8079.23
7951.68
7838.19
7724.54
7606.36
7488.52
7380.92
7273.49
7171.19
7068.33
6946.45
6824.75
6709.46
6594.65
6499.05
6403.49
6309.98
6216.64
6131.43
6046.2
5960.69
5875.58
5814.24
5752.09
5636.21
5520.93
5452.59
5384.07
5298.26
5211.95
5070.39
4928.73
4773.08
4617.41
4457.57
4297.5
4060.43
3823.41
3634.99
3446.58
