84.9979
80.3025
75.6071
79.989
84.3847
81.9111
79.4135
77.0153
74.6177
74.9966
75.3962
79.6556
83.9514
77.8761
71.6822
71.9943
72.3939
73.3838
74.3828
78.6219
82.9177
79.4724
75.8759
73.4529
71.0553
72.7567
74.555
73.7234
72.8242
73.1888
73.5884
72.0478
70.4494
67.1083
63.7116
67.0783
70.6747
73.9819
77.2787
77.5924
77.7922
70.0214
61.9293
69.0752
76.8675
75.861
74.4624
74.3045
74.2046
69.1518
63.857
64.9307
66.3294
67.1588
67.9581
62.3203
56.3262
63.6517
71.7438
75.0281
78.0251
70.4859
62.294
69.9674
78.6589
82.5725
86.169
78.8276
70.7355
68.614
66.9157
68.1964
69.6949
65.9911
61.8951
63.1759
64.8743
70.0879
75.5825
71.1075
65.8126
67.2423
69.2403
70.9626
72.661
68.6724
64.1768
66.1797
68.7772
69.6393
70.3386
66.8456
62.9495
67.6927
73.2872
74.3445
74.9439
73.7323
72.3337
74.0071
76.0051
72.233
67.8373
69.739
72.3365
77.8962
83.7904
77.2343
69.2421
67.2381
65.9394
71.775
78.4685
69.4118
58.4226
60.3963
63.9928
71.0444
78.537
76.5713
73.3744
74.2348
75.6334
76.944
78.2428
79.3659
80.4648
83.4036
86.6005
84.6397
81.9424
80.4661
79.1674
83.4383
88.5333
86.8556
84.1582
92.2901
102.08
97.0035
89.6108
92.4809
96.9765
99.3209
101.319
107.009
113.302
111.459
108.262
108.74
109.839
113.922
118.518
115.882
111.986
119.633
129.323
129.614
128.216
133.491
139.985
142.264
143.763
145.85
148.048
150.917
153.914
155.823
157.521
162.392
167.887
167.05
164.953
165.93
167.528
173.936
181.328
186.405
191
203.271
217.157
219.271
218.871
222.003
225.899
234.957
245.147
245.692
244.094
255.787
270.472
278.406
284.8
292.492
300.484
317.948
337.629
337.604
332.909
348.113
368.093
372.321
372.721
380.416
389.907
397.798
405.291
415.177
425.667
434.008
441.8
450.466
459.357
471.812
485.199
493.135
499.628
504.94
509.935
519.804
530.993
541.555
551.945
565.541
580.027
584.994
587.292
596.828
608.416
618.219
627.51
644.777
664.358
674.593
682.085
691.273
700.963
714.419
729.005
737.382
743.876
755.798
769.384
777.252
783.346
783.963
782.864
793.145
807.032
814.713
820.408
822.253
822.852
827.592
833.686
850.066
869.847
878.095
882.491
888.081
894.076
916.086
943.559
937.226
919.243
937.276
967.846
990.064
1009.34
1027.15
1044.43
1066.2
1089.58
1117.21
1146.38
1166.63
1183.61
1206.94
1232.62
1257.56
1282.24
1307.86
1333.83
1359.88
1385.95
1423.64
1465.8
1498.68
1527.95
1561.67
1597.14
1632.82
1668.58
1721.05
1780.19
1810.86
1830.04
1861.72
1898.48
1939.42
1982.08
2013.3
2039.78
2072.87
2108.73
2149.65
2192.71
2226.67
2256.74
2300.21
2349.46
2389.18
2424.74
2472.8
2526.35
2564.25
2595.22
2656.9
2732.33
2765.5
2779.59
2827.57
2891.01
2953.97
3016.71
3069.69
3118.14
3158.5
3195.06
3254.42
3324.55
3379.06
3426.11
3478.16
3532.6
3588.4
3644.84
3685.33
3717.99
3765.57
3820.52
3845.87
3856.46
3883.46
3918.73
3952.8
3986.27
4002.36
4009.55
4020.63
4033.72
4056.85
4085.23
4081.9
4061.92
4083.99
4128.35
4136.12
4124.33
4130.06
4145.25
4141.28
4126.9
4119.28
4115.39
4114.58
4115.48
4115.99
4116.29
4111.16
4102.97
4116.25
4141.72
4155.57
4162.77
4155.14
4138.95
4145.5
4165.28
4172.79
4173.09
4193.84
4226.71
4246.19
4257.68
4273.16
4291.04
4318.5
4351.77
4382.8
4412.47
4449.87
4492.02
4521.81
4543.89
4571.06
4601.43
4634.49
4669.26
4689.14
4699.53
4737.46
4793.11
4822.88
4835.86
4817.68
4779.12
4777.16
4799.34
4794.28
4771.1
4767.24
4776.33
4770.46
4754.48
4746.28
4743.38
4744.39
4748.09
4747.77
4744.67
4737.99
4728.8
4743.76
4775.73
4787.25
4784.25
4785.79
4790.59
4779.83
4757.85
4759.3
4777.78
4777.07
4762.28
4762.21
4772.99
4781.26
4787.66
4792.57
4796.36
4820.18
4859.14
4863.7
4842.02
4859.2
4906.26
4931.64
4940.23
4933.62
4915.14
4910.91
4917.9
4931.86
4951.34
4946.07
4920.99
4907.09
4902.19
4890.24
4872.56
4863.67
4861.97
4866.45
4876.04
4873.8
4861.71
4866.63
4885.81
4887.72
4875.04
4868.17
4866.28
4866.64
4868.93
4861.06
4844.37
4844.55
4859.43
4860.98
4850.79
4861.57
4890.94
4893.61
4872.43
4865.97
4872.77
4890.87
4919.25
4931.34
4928.54
4908.43
4872.37
4861.37
4873.66
4897.86
4933.23
4937.45
4912.27
4900.51
4901.51
4905.31
4911.81
4928.36
4954.64
4976
4992.58
4998.03
4992.53
5004.71
5034.39
5055.6
5068.39
5082.92
5099.21
5106.9
5105.9
5109.6
5118.09
5136.38
5164.76
5188.66
5207.95
5227.47
5247.25
5272.82
5304.49
5331.61
5353.88
5386.59
5430.44
5460.75
5476.43
5500.49
5533.66
5563.82
5590.7
5618.76
5648.13
5666.53
5672.72
5686.17
5707.75
5714.37
5704.08
5695.38
5688.48
5683.82
5681.72
5676.52
5667.73
5649.95
5621.68
5591.57
5559.3
5528.13
5498.26
5475.85
5462.37
5450.06
5439.17
5428.51
5418.12
5399.23
5369.96
5346.51
5330.22
5313.76
5297.08
5279.2
5259.81
5254.92
5268.3
5270.66
5258.97
5247.76
5237.17
5241
5263.48
5274.29
5269.9
5284.24
5323.2
5362.29
5401.55
5443.98
5490.63
5519.02
5522.81
5544.12
5589.17
5628.74
5660.81
5696.91
5738.57
5778.47
5815.94
5858.23
5907.28
5952.6
5992.67
6035.36
6081.82
6125.32
6164.58
6202.25
6237.62
6273.55
6310.31
6342.31
6367.28
6399.42
6442.18
6483.17
6521.54
6556.35
6585.82
6608.59
6621.18
6630.5
6634.79
6656.44
6704.89
6743.5
6766.78
6780.8
6780.31
6797.55
6842.91
6879.99
6903.87
6942.29
7004.13
7079.72
7177.62
7253.06
7291.72
7351.3
7445.41
7546.19
7658.08
7761.62
7851.13
7940.53
8029.74
8117.15
8201.47
8289.49
8383.9
8479.47
8577.08
8674.54
8771.74
8859.09
8929.02
9009.76
9109.76
9205.51
9293.63
9392.97
9512.65
9641.1
9785.56
9915.78
10019.8
10116.2
10198.5
10280
10360
10437.4
10509.9
10578.4
10639.6
10710.7
10801.1
10881.1
10940.7
10996.5
11044.9
11090.6
11131
11170.8
11209.2
11250.4
11297.2
11322.4
11303.5
11306.3
11353.4
11386.8
11391.8
11384.4
11351.3
11322.2
11301.6
11292.4
11307.4
11329.1
11365.1
11381.4
11354.8
11324.1
11284.6
11237.3
11173.2
11114.5
11068
11025.6
10992.5
10948.3
10879
10794.8
10676.6
10574.1
10507.9
10434.6
10344.8
10259.1
10183.2
10120.8
10090.7
10063.1
10041.6
10029.4
10039.8
10045.1
10038
10035.2
10042.9
10063
10114
10163.2
10208.2
10250.2
10284.9
10334.7
10423.1
10513.5
10609.1
10708.7
10818.6
10917.7
10988.4
11071.4
11187.2
11285.2
11335.5
11411.9
11559.3
11694.2
11795.3
11898.3
12006.6
12108.1
12190.7
12269.3
12337.2
12403.4
12465
12522.1
12566
12604.9
12629.3
12643.9
12629.2
12625.5
12654.6
12669
12639.2
12603.3
12548.7
12510.1
12520.4
12511.4
12442.4
12390.9
12393.7
12385.1
12340.5
12287.6
12208
12146.5
12143.4
12113.3
11995.2
11902.2
11892
11867.6
11795.6
11730.5
11688.8
11651.1
11626.7
11606.9
11602.8
11585.1
11520.1
11463.4
11436.3
11408.9
11380.1
11357.5
11357.3
11348.3
11307
11269.9
11248.8
11227.4
11204.9
11183.6
11167.2
11145.9
11106
11071.2
11056.4
11037.5
11002.8
10966.5
10924.5
10896.4
10924.8
10939.5
10898.4
10862
10844.7
10825.8
10799.7
10771.4
10733.7
10696.2
10659.1
10616.5
10549.5
10485.8
10435.9
10387.2
10343.3
10298.8
10251.2
10198.3
10120.6
10041.2
9953.17
9871.42
9819.07
9763.39
9691.86
9619.03
9539.91
9460.41
9379.09
9297.79
9216.57
9138.47
9076.14
9009.82
8923.21
8837.56
8756.94
8678.04
8608.21
8539.09
8473.75
8411.25
8364.1
8314.88
8254.34
8196.66
8154.9
8110.73
8052.88
8001.77
7989.38
7970.86
7916.52
7863.93
7821.77
7779.68
7738.02
7693.97
7635.22
7578.84
7537.18
7499.17
7484.29
7466.62
7431.06
7395.07
7356.31
7317.9
7281.83
7247.47
7224.7
7201.92
7179.14
7159.41
7161.11
7157.8
7118.64
7085.03
7091.92
7097.06
7089.17
7081.78
7078.18
7076.65
7091.03
7102.72
7093.13
7084.96
7088.26
7088.19
7060.52
7039.06
7069.63
7093.44
7059.47
7029.25
7031.64
7035.93
7057.01
7076.05
7076.55
7077.76
7085.66
7091.66
7079.67
7068.27
7062.57
7056.92
7051.62
7046.08
7037.99
7029.64
7018.65
7006.57
6982.79
6957.53
6915.87
6874.52
6836.66
6797.04
6737.1
6679.41
6648.54
6616.39
6568.64
6519.57
6453.94
6391.08
6364.31
6335.21
6274.97
6215.96
6174
6131.97
6088.91
6047.33
6027.35
6004.85
5944.11
5884.14
5836.39
5788.94
5746.38
5703.77
5660.31
5616.72
5570.66
5524.96
5485.8
5445.44
5382.2
5319
5256.56
5193.45
5116.43
5041.03
5000.97
4959.37
4882.74
4807.72
4770.96
4732.23
4644.01
4556.92
4499.57
4441.96
4376.72
4311.5
4246.66
4181.47
4104.84
4028.36
3956.53
3885.33
3837.38
3788.76
3713.73
3639.78
3612.51
3584.68
3530.54
3476.25
3414.51
3353.04
3307.79
3262.56
3219.1
3175.58
3127.33
3078.88
3012.55
2946.23
2882.4
2818.34
2722.53
2626.63
2511.14
2395.7
2293.4
2191.08
2077.9
1964.71
