588.770632
617.289947
637.652752
658.045613
700.628458
727.289220
765.643271
812.676902
848.269475
885.323239
946.321068
1011.363439
1065.837139
1124.038232
1195.338383
1274.082531
1359.577658
1439.031132
1496.560278
1573.615244
1676.086968
1747.024068
1818.211320
1912.927521
1955.615706
2027.376305
2103.047519
2187.163665
2255.370000
2315.642750
2393.924135
2498.112655
2618.333421
2712.051525
2812.076936
2872.546767
2989.589755
3101.600075
3211.322166
3302.907143
3372.943296
3453.179756
3520.271429
3576.548571
3638.927274
3680.419284
3729.362331
3781.318399
3784.766316
3822.132222
3907.425263
4013.464398
4122.428475
4254.068947
4406.022185
4514.930789
4668.165782
4824.338722
5001.582011
5179.079134
5352.472707
5518.673390
5707.537180
5925.814436
6131.106316
6322.406836
6532.362124
6754.342444
6954.884557
7121.949041
7340.751638
7525.765263
7682.680000
7810.026278
7966.526053
8106.823759
8251.767406
8392.197891
8558.239624
8730.595921
8913.062712
9119.902632
9262.985526
9467.109549
9731.598663
9967.979323
10198.027256
10399.847500
10625.010338
10884.983759
11097.056128
11282.263220
11448.669098
11608.792411
11742.049586
11864.391391
11985.383879
12067.783026
12127.786786
12198.112782
12209.155085
12210.493929
12214.930113
12199.254023
12209.739286
12138.373861
12113.854211
12068.092030
12088.970094
12159.599322
12200.224774
12267.550414
12378.671974
12472.560526
12563.504286
12718.872331
12936.730527
13092.920940
13368.360339
13579.158365
13891.137669
14248.686554
14635.677218
14945.224492
15317.717970
15660.487665
15903.334586
16130.176917
16278.184211
16318.102895
16354.142731
16384.167068
16431.628136
16526.040658
16583.504991
16672.463008
16809.304004
16916.436723
17040.212970
17144.625132
17234.175432
17337.369699
17466.926992
17505.819962
17530.418832
17614.329737
17725.702203
17849.993252
17965.893559
18141.221805
18286.505132
18378.335451
18415.801692
18441.808098
18457.169211
18555.708045
18639.371203
18739.414972
18786.776316
18909.093684
19043.051375
19107.173421
19170.404859
19292.122857
19412.164718
19466.327350
19562.241429
19633.997857
19768.984192
19746.275800
19815.640677
19836.546541
19870.124305
19856.831337
19820.763910
19835.723966
19849.943559
19833.692632
19839.021751
19917.279925
20054.020827
20216.330414
20399.496992
20521.066034
20771.663158
20946.972316
21179.828195
21420.894361
21701.591729
22073.443985
22418.597932
22806.516541
23230.642105
23657.428947
24034.507345
24383.284586
24725.630827
25016.159023
25300.439360
25517.328571
25710.591353
25911.977589
26085.310150
26121.452542
26109.337218
26110.062406
26067.416196
26065.711090
26039.096053
26051.468421
26069.660264
26102.704135
26119.802256
26084.421805
26118.237218
26046.957707
26078.300752
26144.957627
26221.831203
26304.526554
26513.261654
26669.028947
26775.488136
26916.850376
27087.284211
27274.375000
27388.160075
27385.859398
27292.160714
27158.628947
26991.318421
26705.398305
26400.394549
26067.172881
25613.373684
25187.887382
24718.334211
24179.074060
23860.269115
23414.761278
22869.392105
22414.510526
21978.141808
21488.090226
21033.310150
20665.408776
20350.031635
20090.230960
19844.575113
19714.534444
19620.431955
19574.048647
19580.857444
19609.392256
19713.517288
19779.246767
19868.793421
19908.274474
19903.034388
19929.569398
19991.787481
20077.340678
20176.800602
20248.154200
20324.392049
20479.293522
20553.525714
20669.496917
20776.373684
20815.183459
20891.922034
21016.531391
21053.398117
21104.723684
21048.664218
21033.903008
21000.378195
20952.911278
20929.882143
20794.772881
20630.951917
20579.606692
20589.918233
20464.226917
20360.351429
20230.396316
20104.169115
19953.035714
19673.281147
19477.358553
19243.500000
18991.624135
18727.942030
18456.517966
18225.116090
18026.451318
17889.336034
17885.695489
17856.468079
17886.120338
17956.321880
18084.167744
18261.394181
18511.001898
18756.572481
18993.400526
19274.886579
19632.658891
19967.276203
20267.869379
20600.021053
20903.617514
21110.284962
21335.692293
21613.009040
21802.122180
22027.681579
22010.445301
22045.403390
22084.072180
22027.709962
21949.706579
21880.934211
21727.217137
21583.650752
21456.246328
21262.678947
21078.008475
20951.837406
20777.037218
20578.827721
20426.188477
20292.521410
20116.980000
20033.094972
19957.224211
19923.323534
19814.253684
19746.900395
19621.017872
19510.719248
19466.508663
19440.910508
19387.309925
19232.951278
19060.226767
19051.997966
18998.509699
18899.520169
18868.399643
18750.930527
18681.151316
18508.624595
18385.022895
18254.506842
18152.052881
17998.717256
17820.393748
17635.576429
17414.210621
17174.368759
16929.285489
16694.427293
16488.913684
16130.514407
15821.547331
15643.257458
15381.738365
15214.137891
15060.810526
14793.228421
14628.790866
14460.710789
14251.353898
14029.354361
13855.901356
13697.603609
13527.300865
13390.108139
13256.603985
13105.153315
12965.392782
12856.068872
12759.705489
12588.018814
12477.851579
12452.016053
12395.376158
12308.534286
12210.684068
12193.210150
12240.042768
12286.846936
12299.695752
12284.333534
12270.827425
12256.018230
12256.127368
12272.543233
12274.060904
12223.806729
12155.744474
12183.821711
12187.586949
12242.084962
12240.135620
12232.798045
12220.825000
12178.337857
12135.656128
12080.164821
11973.355714
11832.797514
11671.271936
11568.548571
11377.816987
11228.896335
11054.442105
10877.111579
10751.103766
10563.313665
10458.770226
10332.029398
10174.681692
10057.608267
9962.978722
9817.080113
9644.045545
9494.914011
9316.178045
9152.934286
8993.641186
8788.263233
8581.721579
8428.771579
8241.376422
8010.194361
7817.703534
7602.597932
7363.493008
7160.223220
6978.021090
6781.205932
6579.329361
6375.201601
6177.129624
6047.529925
5933.587213
5744.898120
5567.850452
