1293.672211
1350.355424
1405.119308
1465.188391
1548.684203
1634.031699
1721.895915
1830.217609
1934.766169
2060.039953
2206.706680
2357.511751
2510.003609
2667.762994
2840.146241
3018.280056
3190.579211
3397.155526
3593.498459
3788.357500
3990.680640
4177.049173
4372.774972
4500.405301
4684.141751
4866.494624
5043.319117
5245.561241
5434.301203
5625.753653
5839.322425
6063.220923
6309.445789
6538.693559
6784.752594
6998.274135
7196.821507
7505.072406
7726.311846
7909.557857
8087.341563
8291.505038
8429.027143
8555.520977
8665.889831
8736.598343
8815.655865
8940.803051
9062.986974
9176.922750
9374.726090
9601.933289
9878.418644
10175.201880
10482.047966
10877.787838
11163.216422
11576.994135
11969.928759
12318.577024
12726.561992
13166.394746
13567.587462
13988.867293
14485.272105
14983.813917
15459.458741
15951.797707
16485.209058
16881.304793
17298.070847
17695.524812
18002.114011
18356.305658
18685.885940
18968.551015
19375.438609
19707.487910
20011.035038
20437.896184
20868.012260
21220.537632
21641.676466
22173.881748
22655.364972
23077.100000
23702.440226
24219.031767
24739.431579
25332.678195
25674.720489
26201.283051
26608.593233
26869.289454
27154.995113
27414.557519
27592.156685
27772.077632
27884.417857
27857.939098
27924.488701
27957.446429
27913.428571
27786.847368
27774.042857
27651.751601
27476.780451
27484.745113
27488.438158
27568.490960
27728.189850
27861.183271
28027.800000
28235.121053
28461.185714
28872.126880
29220.130885
29517.803008
29992.152542
30595.901880
31358.290977
32074.186629
32876.244361
33649.081767
34355.923308
35057.903578
35499.990414
35751.333835
35942.200000
36068.069737
36145.092090
36159.601128
36178.415254
36382.381203
36492.826365
36578.618797
36889.191165
37150.023164
37289.657143
37434.019361
37614.665038
37748.275518
37796.972932
37850.765226
38023.641620
38251.000000
38485.566102
38764.269361
38972.332203
39152.322556
39431.915977
39612.981015
39709.860526
39850.458380
39802.757331
39824.186466
39999.366917
40022.150847
40083.202632
40267.148872
40391.019209
40469.444737
40638.852166
40868.557143
41060.803195
41219.936842
41456.957143
41667.389098
41760.263910
41751.095104
41862.671429
41864.502632
41870.298120
41886.383804
41865.946617
41834.828947
41751.715254
41776.942105
41895.772505
42084.941165
42454.638346
42786.113910
43044.150188
43412.502068
43709.148872
44134.712429
44671.178947
45133.615038
45770.239098
46295.390602
47174.582707
47954.460150
48654.152632
49380.892105
50162.757062
50913.897368
51546.194361
52121.463534
52628.190772
53156.748120
53491.688534
53837.447081
54115.913534
54127.264407
54162.176692
54187.523308
54201.597363
54075.766165
53895.994737
53930.384211
53952.298305
53892.408459
53837.327068
53741.824812
53708.006955
53594.840038
53749.816541
53777.627307
53924.334023
54159.064218
54430.708271
54654.407895
55013.100565
55414.314662
55729.626316
55930.550000
56007.525612
55948.941353
55760.046429
55430.704511
54908.371053
54192.805085
53411.429135
52686.023729
51817.881955
50944.105838
50063.631955
49082.224812
48076.229567
46989.238158
45861.682895
44800.647368
43926.785876
43068.897744
42138.928947
41375.923540
40789.968797
40190.509793
39878.327068
39567.766667
39419.934023
39386.170677
39466.479699
39685.893233
39853.677589
40012.169173
40044.758459
40034.951316
40063.919962
40133.244737
40203.608083
40226.477966
40343.398496
40659.243879
40901.619361
41125.039548
41237.776316
41468.213534
41703.280827
41705.142105
41778.005085
41903.250564
41965.205273
42042.455263
42040.466855
42063.482519
41965.164662
41769.878947
41621.097180
41451.594350
41307.600000
41190.203759
40988.140414
40709.835338
40550.571429
40220.380639
39926.100565
39591.150000
39132.867105
38625.190789
38023.100000
37425.327068
36881.888534
36317.680791
35874.603008
35638.253107
35411.493421
35287.920301
35384.094915
35507.228571
35755.171992
36093.207143
36477.860640
36903.510714
37428.935338
37899.452632
38545.290789
39291.166917
39909.924812
40639.489266
41412.420865
41969.956874
42514.281955
43137.124812
43521.452542
43878.176316
44026.113910
44277.832331
44261.925424
44184.333083
44145.740226
44118.448684
43793.071053
43511.666102
43254.652820
42963.773823
42642.774436
42296.183616
41941.684774
41606.254887
41348.464030
41019.719925
40826.924436
40528.472932
40199.767797
40117.971992
39954.626692
39747.613158
39568.031579
39342.724670
39229.997744
39163.062712
39081.384774
38896.028814
38667.955263
38534.293985
38343.962712
38164.869925
38096.402825
37890.032143
37721.914501
37515.213158
37273.795292
37050.371053
36794.747368
36493.672881
36252.455451
35866.120716
35384.961278
34945.731827
34443.021053
33865.269925
33326.851128
32783.403571
32398.762712
31988.874436
31483.974576
31023.148872
30679.516384
30189.926316
29736.669737
29347.456309
28954.617293
28668.513559
28367.112594
28059.332203
27772.880451
27445.574436
27157.899248
26962.892481
26673.771751
26320.337218
26062.057143
25823.998496
25692.015254
25421.813158
25340.092105
25148.945009
25041.262030
24936.637476
24935.505263
25016.846516
25058.683647
25055.643233
25091.233459
25157.131579
25115.012994
25040.889474
25085.798120
24977.207345
24982.601880
24955.489474
25017.957895
25062.579661
25154.478195
25169.701128
25112.927632
25094.292857
25010.857143
24839.991541
24677.802260
24459.285714
24142.637853
23881.828195
23596.835714
23297.574200
22856.176504
22536.296053
22202.031579
21912.349058
21647.795620
21379.936391
21076.037932
20841.413571
20595.067872
20260.062556
19944.235311
19681.756109
19401.920885
19123.931203
18736.010733
18253.060000
17873.245414
17435.298947
16970.824605
16593.478004
16178.694323
15745.732744
15320.442312
14900.180977
14458.739605
14053.373947
13668.836271
13277.942895
12919.079303
12571.544887
12235.343459
11928.227213
11550.263947
11284.962260
