-41.178
7.57422
56.3264
62.6843
68.9782
69.0995
69.1994
70.591
71.9896
66.3476
60.6532
62.1835
63.7819
66.6644
69.5615
67.6284
65.6304
67.4692
69.3674
68.6145
67.8153
65.7422
63.6442
64.4801
65.3792
66.8639
68.3625
66.7441
65.0458
65.5832
66.1826
66.394
66.5938
67.6649
68.7639
66.1913
63.4939
66.2927
69.2897
67.8603
66.2619
65.4317
64.6325
67.0917
69.6892
67.7915
65.6936
65.6954
65.7953
65.2285
64.6291
64.4099
64.2101
66.0971
68.0952
66.2121
64.1142
64.7557
65.5549
66.0713
66.5708
64.8126
62.9144
62.4245
62.0249
62.9368
63.9358
63.5326
63.033
61.6006
60.1021
62.6066
65.4039
63.0917
60.3943
62.2394
64.4373
61.2697
57.6732
60.1693
63.1664
60.9128
58.2155
58.3677
58.7673
59.1669
59.5665
61.4305
63.4286
64.2393
64.9386
65
65
65.1819
65.3817
65.6722
65.9719
63.1929
60.096
61.336
63.0343
63.5606
63.9602
63.91
63.8101
65.8646
68.1624
65.1754
61.579
57.8931
54.1967
57.9022
62.4977
63
63
62.2009
61.3018
60.1369
58.938
60.2143
61.8127
60.9416
59.7427
61.9761
64.6735
63.4194
61.6212
62.2761
63.2751
64.0119
64.7112
63.0555
61.0575
60.7129
60.613
60.7736
60.9734
61.1733
61.3731
63.5609
66.0585
63.2952
59.6988
62.2977
65.8941
62.6225
58.2268
60.9405
64.8367
64.7163
63.9171
62.6915
61.3928
63.9222
67.119
64.3748
60.5786
63.6411
67.9368
67.8397
66.9405
65.3671
63.6688
62.2227
60.8241
62.0262
63.7245
65.7576
67.8556
64.3589
59.7634
62.3322
66.3283
66.3351
65.5359
68.8824
73.0783
69.9122
65.2168
63.9048
63.3054
62.953
62.6533
67.61
73.704
72.7516
70.254
73.0696
77.0656
75.9245
73.6267
75.5591
78.4562
79.8115
80.8105
81
81
83.4228
86.4199
88.1279
89.5265
90.2822
90.8816
94.2871
98.3831
100.16
101.358
102.477
103.576
101.253
98.0563
103.037
110.13
113.58
116.077
117.469
118.568
116.672
113.975
117.802
123.396
124.6
124.6
125.382
126.381
129.799
133.895
133.944
132.845
135.938
140.234
141.2
141.2
142.436
144.034
146.403
149
151.367
153.665
154.123
154.023
153.771
153.471
158.738
165.731
167.704
168.104
169.11
170.309
171.659
173.058
175.815
179.012
181.531
183.829
185.076
185.975
189.121
193.017
194.299
194.698
196.513
198.811
203.338
208.633
215.335
222.528
226.765
229.962
240.161
252.849
257.303
258.801
267.485
278.774
288.747
298.238
312.396
328.28
343.146
357.632
372.263
386.949
404.962
424.243
447.204
471.58
495.74
519.816
547.911
577.582
606.323
634.695
670.56
709.422
749.708
790.568
831.427
872.287
915.978
960.835
1012.96
1068.11
1124.1
1180.44
1238.19
1296.53
1359.42
1424.26
1491.47
1559.7
1634.27
1711.59
1792.88
1875.89
1962.72
2051.23
2133.6
2213.23
2304.55
2401.15
2493.3
2583.41
2681.59
2783.49
2870.59
2950.81
3040.42
3134.43
3231.62
3330.33
3424.97
3517.68
3606.95
3694.57
3773.1
3847.23
3916.33
3982.96
4051
4119.73
4181.53
4239.87
4289.44
4334.6
4375.12
4413.28
4470.8
4538.24
4578.99
4605.96
4630.7
4654.28
4671.96
4686.55
4701.72
4717.2
4737.31
4759.89
4776.37
4789.55
4789.15
4781.36
4795.05
4820.52
4819.31
4803.32
4793.3
4786.61
4800.37
4825.65
4835.25
4835.94
4836.58
4837.18
4830.56
4819.77
4820.28
4827.38
4831.32
4833.42
4824.16
4808.17
4800.7
4798.3
4807.81
4824.5
4814.82
4789.15
4774.07
4765.48
4767.14
4775.13
4784.36
4794.35
4793.72
4786.43
4801.83
4831.6
4828.32
4803.94
4780.72
4758.24
4716.62
4662.57
4623.32
4593.75
4569.18
4547.9
4514.8
4473.84
4410.98
4333.46
4283.84
4253.07
4222.36
4191.69
4159.71
4126.85
4092.33
4056.66
4029.94
4009.46
3993.02
3979.44
3965.03
3950.05
3938.62
3929.72
3919.09
3907.2
3895.72
3884.53
3873.17
3861.68
3849.21
3836.03
3827.48
3822.38
3818.6
3815.8
3808
3796.41
3801.66
3819.74
3828.05
3828.85
3837.14
3851.22
3836.76
3799.99
3777.37
3765.88
3759.18
3756.29
3746.62
3731.53
3709.81
3682.74
3657.92
3634.95
3603.68
3565.61
3533.57
3506.5
3484.33
3466.25
3434.85
3392.3
3344.65
3292.7
3260.44
3244.95
3219.69
3186.02
3166.22
3158.43
3135.65
3099.78
3069.6
3044.43
3014.43
2980.17
2959.04
2949.65
2937.52
2922.94
2905.11
2884.33
2865.06
2847.18
2835.69
2830.09
2819.17
2803.28
2800.24
2809.23
2806.25
2791.96
2781.82
2775.63
2773.87
2776.37
2775.67
2771.87
2769.04
2767.14
2768.01
2771.61
2763.15
2742.77
2728.2
2719.41
2701.25
2673.67
2652.65
2638.27
2609.05
2564.69
2536.59
2525.2
2507.04
2481.86
2446.67
2401.02
2367.77
2347.59
2325.71
2302.04
2279.08
2256.91
2231.36
2202.19
2179.53
2163.95
2148.55
2133.37
2117.71
2101.52
2087.89
2077.1
2058.64
2031.56
1997.6
1955.84
1923.75
1902.67
1867.96
1817.61
1768.05
1719.4
1671.3
1623.84
1576.12
1528.06
1477.49
1423.95
1374.86
1331.1
1293.06
1261.89
1232.03
1203.76
1183.53
1173.14
1154.02
1124.15
1098.74
1078.85
1056.67
1031.59
1019.67
1024.37
1024.19
1017.79
1007.33
991.645
980.143
974.048
972.638
977.334
979.741
979.141
982.625
991.516
1004.09
1021.57
1044.29
1074.06
1101.58
1126.06
1161.42
1211.67
1272.38
1347.51
1421.84
1495.07
1579.78
1680.58
1796.37
1933.34
2081.02
2243.96
2416.58
2603.1
2809
3042.98
3281.82
3527.78
3779.56
4039.91
4305.52
4578.95
4855.11
5135.33
5425.4
5730.3
6021.37
6291.4
6575.09
6879.69
7149.51
7365.6
7611.37
7903.39
8171.27
8401.24
8641.27
8897.22
9138.97
9358.06
9576.45
9793.74
10021.7
10266.9
10517.2
10775.5
11050.5
11353
11660.6
11976.7
12300.9
12638.8
12991.9
13370.8
13719.6
14016.7
14322.7
14643.9
14985.5
15362.2
15709.6
16005.5
16310.9
16633.2
16957
17283.3
17608.3
17930.5
18248.6
18559.1
18869.7
19180.5
19496.8
19823.3
20159
20511.6
20840.2
21123.5
21405.4
21684.6
21971.4
22272.5
22554.8
22800.9
23046
23289
23517.1
23716.2
23909.6
24091.7
24270.4
24442.1
24598.9
24725.5
24860.9
25013.8
25119.1
25126.7
25148.1
25198.2
25253.6
25320.4
25361.3
25348.2
25346.2
25368.1
25395.8
25436.1
25460.2
25449.5
25452.6
25485.5
25482
25398.2
25307.2
25200.3
25090.3
24973.6
24867.3
24784.9
24674
24498.2
24327.9
24170.2
24008.7
23838.2
23681.9
23559
23437.8
23320.6
23194.2
23045.6
22924.4
22869
22842.8
22887.7
22928.1
22957.7
22997.3
23061.9
23127.2
23194.8
23280.5
23412
23547.3
23692.1
23855.1
24065.4
24277.8
24495.8
24712.2
24924.2
25127.2
25306.4
25497.4
25719.9
25948.5
26194
26436.8
26672.3
26911.8
27162.4
27391.1
27558.3
27716.7
27850.1
27987.1
28134.5
28255.5
28300.3
28348.7
28407.9
28460.9
28496.2
28523.5
28527.3
28519.8
28478
28431.4
28370.2
28316.1
28284
28254.3
28232
28174.5
28007
27846.3
27707
27566.8
27424.2
27290
27183.4
27081.5
26994.8
26905.4
26807.1
26703
26579.8
26466.6
26386.7
26295.7
26166.2
26054.5
26004.4
25950.9
25885.8
25808.3
25687.1
25595
25607.1
25599
25517.7
25433
25336.2
25248.4
25193.8
25145.2
25118.7
25084.2
25018.8
24956.2
24904.2
24860.1
24846.9
24819.8
24738.1
24653.8
24559.4
24481.9
24472.7
24449.3
24368.9
24297.5
24263.2
24217.6
24124.4
24039.4
23989
23934.6
23862.8
23778.2
23638.5
23510
23431.5
23342.2
23204.5
23071.7
22961
22843.4
22693.8
22538
22353
22173.3
22018.7
21864
21708.1
21551.1
21388.6
21221.1
21029.3
20849.3
20728.1
20591
20373.4
20172.3
20055.7
19926.6
19732.6
19547.1
19406.1
19263.4
19111.5
18965
18848.4
18726.7
18576.8
18427.4
18281.5
18139.8
18022.3
17907.4
17807.5
17702.8
17570.1
17438.4
17312.1
17199.8
17171.4
17126.9
16983.9
16849.3
16767.7
16687.6
16617.6
16542.3
16432.9
16332.8
16293.9
16250.1
16174.6
16103.5
16062
16015.8
15937.1
15868.6
15871.7
15867.5
15811
15762.7
15773.4
15780.6
15761.8
15747.2
15764.7
15779
15768.8
15761.9
15780.8
15793.2
15753.6
15727.7
15813.8
15884.9
15832.1
15780.1
15735.7
15698
15719.1
15731.3
15663
15607.3
15667.3
15720.6
15712.3
15706.2
15721.1
15733.6
15723.3
15717.4
15754.3
15785.1
15752.6
15720.1
15686.5
15653.8
15630.7
15602.1
15512.3
15423.2
15341.9
15256.9
15130.5
15008.5
14939.6
14866.9
14746.4
14626.8
14518.3
14409.3
14293.7
14179.2
14079.2
13980
13891.1
13799.5
13669.9
13544.7
13483.7
13419.1
13300.6
13184.2
13099.9
13015.2
12922.3
12829.1
12731.5
12632.9
12516.1
12401.1
12317.8
12233.3
12124.3
12014.7
11891.1
11767.7
11649.1
11530.6
11412.7
11295
11181.1
11064.4
10880.6
10699.3
10581.7
10462.9
10310.9
10160.2
10044.7
9927.14
9746.22
9566.35
9419.99
9274.21
9148.14
9021.19
8862.35
8703.77
8555.92
8409.61
8330.49
8249.95
8102.1
7954.95
7844.96
7735.02
7628.22
7521.43
7414.83
7308.26
7203.26
7098.18
6984.99
6871.65
6741.37
6610.83
6440.39
6269.88
6084.07
5898.09
5658.42
5418.75
5170.49
4922.24
