8.0251
63.6706
119.316
123.49
127.586
117.545
107.455
112.865
118.359
116.317
114.22
115.19
116.189
113.632
111.034
115.534
120.13
122.168
124.166
119.487
114.692
115.776
116.975
115.924
114.825
114.8
114.8
114.508
114.208
114.2
114.2
112.066
109.868
113.576
117.472
116.151
114.652
115.757
116.956
115.653
114.254
110.839
107.342
113.046
119.14
115.957
112.36
111.914
111.614
110.266
108.868
108.515
108.215
110.571
113.069
110.549
107.752
111.662
115.958
114.88
113.481
109.449
105.253
106.877
108.875
110.967
113.065
109.086
104.691
103.933
103.434
108.055
113.05
114.143
114.942
114.629
114.229
113.737
113.238
108.861
104.166
106.195
108.792
109.459
109.959
110.459
110.958
109.81
108.511
109.039
109.739
111.076
112.474
109.963
107.065
107.435
108.134
106.208
104.01
107.053
110.649
108.566
105.868
108.749
112.245
112.51
112.41
110.519
108.421
110.524
113.121
110.189
106.593
109.403
113
116.241
119.438
118.56
117.161
117.53
118.13
113.261
107.666
112.544
118.838
119.073
118.474
126.197
135.089
132.878
129.082
130.083
131.781
133.653
135.552
137.536
139.535
140.926
142.225
141.881
141.282
145.426
150.321
151.258
151.558
151.342
151.043
157.338
164.731
168.62
171.917
172.4
172.4
177.929
184.423
190.662
196.856
199.409
201.307
203.121
204.919
210.341
216.435
220.427
224.024
232.402
241.693
243.2
243.2
244.619
246.318
249.682
253.379
259.319
265.713
272.355
279.049
289.547
300.836
306.844
311.739
320.256
329.547
336.046
341.94
347.588
353.183
369.404
387.985
400.941
412.629
424.48
436.369
445.822
454.714
475.182
498.359
512.007
523.395
535.832
548.519
561.528
574.615
589.547
604.932
624.715
645.595
656.342
664.534
676.069
688.456
701.321
714.308
724.207
733.298
747.524
763.108
779.481
796.065
806.439
815.13
837.23
863.005
872.041
876.437
897.685
923.66
932.669
936.864
959.769
988.041
1006.32
1021.71
1044.04
1068.42
1077.39
1081.78
1107.47
1139.53
1163.71
1185.49
1196.79
1204.88
1221.82
1241.5
1254.34
1265.03
1267.52
1267.42
1270.43
1274.42
1278.42
1282.41
1292.21
1303.9
1316.18
1328.67
1339.44
1349.63
1372.89
1400.56
1419.15
1434.63
1451.23
1468.21
1492.76
1519.93
1554.12
1590.79
1620.38
1647.45
1675.18
1703.16
1741.32
1783.18
1814.14
1841.12
1882.31
1928.77
1974.35
2019.6
2061.16
2101.32
2155.3
2214.54
2266.28
2315.13
2379.67
2450.3
2515.33
2578.17
2650.1
2725.62
2790.37
2850.81
2915.45
2981.79
3053.02
3126.25
3204.57
3285
3360.69
3434.42
3500.89
3564.33
3632.82
3703.45
3781.64
3863.06
3941.62
4018.95
4103.86
4192.07
4270.08
4343.61
4447.52
4564.91
4659.65
4744.27
4866.94
5006.81
5117.09
5213.9
5312.28
5411.38
5534.23
5668.1
5774.28
5867.48
5965.04
6064.64
6169.11
6275.91
6380.07
6482.97
6595.49
6712.67
6812.35
6903.47
6957.67
6993.63
7054
7126.53
7200.05
7274.08
7308.41
7322.6
7375.77
7448.9
7491.39
7518.06
7556.36
7600.72
7622.35
7632.04
7645.91
7662
7661.87
7653.08
7649.54
7648.85
7641.8
7631.32
7638.63
7655.71
7651.25
7634.87
7636.89
7649.17
7637.3
7611.82
7622.23
7653
7671
7681.69
7682.37
7677.27
7675.65
7676.05
7678.91
7683.2
7701.05
7726.93
7743.98
7755.77
7769.8
7785.19
7826.93
7884.67
7902.26
7895.27
7934.6
8002.54
8069.61
8136.14
8193.65
8245.5
8284.5
8315.37
8347.89
8381.46
8424.81
8474.46
8492.24
8489.34
8473.1
8448.12
8424.59
8402.01
8377.4
8351.42
8309.36
8256.51
8210.34
8168.68
8149.48
8145.59
8129.84
8105.97
8092.6
8086.5
8077.06
8065.27
8078.46
8109.23
8115.69
8104.9
8080.71
8046.94
8053.17
8088.24
8092.53
8074.44
8050.83
8023.15
8017.2
8027.29
8045.17
8068.85
8064.9
8040.23
8028.06
8025.37
8052.2
8101.55
8134.13
8153.81
8169.83
8183.02
8191.94
8197.53
8193.85
8182.86
8175.1
8169.91
8146.28
8107.92
8074.37
8044.7
8028.42
8023.03
8014.5
8003.41
7975.09
7932.53
7911.45
7908.26
7892.35
7865.77
7850.35
7844.36
7830.87
7810.98
7792.45
7775.06
7773.85
7786.64
7780.11
7756.74
7736.39
7718.71
7706.06
7697.86
7703.87
7722.55
7721.41
7702.43
7690.73
7685.63
7666.97
7635.9
7623.23
7627.53
7614.84
7586.37
7563.98
7547.3
7550.76
7573.24
7589.98
7601.27
7600.42
7587.94
7595.67
7622.94
7637.41
7639.41
7638.94
7636.04
7652.73
7688.79
7711.45
7720.74
7728.19
7733.78
7755.36
7793.12
7792.28
7752.02
7746.42
7776.49
7797.54
7809.23
7850.37
7922.3
7957.84
7955.04
7965.18
7989.06
8016.46
8047.63
8087.93
8138.08
8184.21
8225.97
8259.43
8283.81
8298.83
8303.53
8329.69
8379.74
8391.79
8361.22
8348.75
8356.74
8348.48
8321.71
8286.15
8240.49
8194.28
8147.43
8103.16
8061.9
8019.17
7974.71
7919.1
7850.27
7776.75
7697.62
7646.6
7629.42
7595.45
7541.1
7490.17
7443.42
7400.46
7362.2
7359.48
7400.94
7391.01
7316.68
7267.74
7250.85
7244.26
7250.75
7242.63
7215.75
7207.96
7224.84
7245.59
7271.36
7288.5
7294.3
7327.55
7397.18
7453.08
7490.65
7557.13
7662.52
7744.1
7793.35
7854.5
7931.92
8001.79
8061.23
8140.02
8245.72
8355.66
8471.55
8566.73
8632.66
8723.33
8849.21
8974.88
9100.25
9241.55
9405.89
9543.09
9640.7
9745.86
9862.15
9992.35
10143.2
10276.8
10384.6
10509.8
10661.4
10788.1
10877
10965.7
11054
11174.4
11344.4
11470.3
11527.2
11606.5
11720.9
11824.1
11909.6
12011.7
12140.3
12281.1
12441.6
12610.3
12792.3
12988
13206.3
13418.7
13621.4
13831.1
14052.6
14298.2
14584.3
14852.3
15089.4
15341.2
15618
15875.2
16099
16343.6
16624.2
16877.4
17082.6
17297
17527.7
17759
17991.5
18235.8
18501.3
18776.5
19069.1
19352.9
19620.6
19899.3
20198.3
20455.6
20635.9
20837.9
21080.9
21344.8
21648.3
21913.4
22105.2
22287.3
22450.7
22617.3
22790.1
22971.8
23171.3
23359.6
23525.6
23654.6
23709.8
23782
23888.7
23973.2
24012.4
24062.8
24135.9
24190.1
24205.2
24209.7
24192
24186.2
24205.6
24221.6
24230.3
24229.4
24208
24190.3
24180.6
24173.5
24171.8
24143.6
24057.2
23950.3
23798
23657.2
23541.9
23430.3
23326.9
23197.8
23010.1
22817.4
22613.4
22426
22277.3
22119
21938.3
21789.2
21715.3
21641.6
21568.2
21503.5
21459.3
21435.3
21460.2
21487.3
21519.7
21577.1
21696.6
21800.3
21864.4
21951.5
22096.5
22230.9
22338.1
22480.4
22713.2
22926.6
23089.6
23262.8
23462.7
23659.1
23845.9
24041.2
24259.3
24494.3
24775.1
25023
25181
25358.7
25591.1
25816.3
26021.5
26197.8
26292.7
26410.2
26591.8
26735
26767.7
26812.2
26891.1
26952.3
26961.4
26958.1
26917.8
26889.6
26897.6
26893
26850.4
26792.5
26688
26581.3
26467.9
26350.9
26222.7
26103.9
26015.2
25927.9
25845.3
25752.2
25625
25505
25408.5
25310.2
25205.9
25111.2
25048.9
24983.4
24907
24818.5
24688.1
24562.1
24451.2
24355.8
24314.3
24265.3
24189.8
24109.4
24011.2
23927.4
23895
23860.8
23819.6
23783
23763.2
23737.2
23687.8
23646.9
23638
23616.8
23548.4
23481.5
23420.8
23363.4
23318.9
23281.4
23271.3
23254.6
23211.4
23156.2
23051.6
22958.9
22915.6
22869.2
22810.3
22753.2
22703.9
22651.2
22583.3
22508.8
22405.1
22308.9
22245.6
22174.3
22066.9
21948.4
21779.5
21615.1
21471
21327.8
21189.1
21044.5
20871.5
20700.9
20541.5
20372.1
20155
19953.5
19829
19699
19541.6
19384.9
19232.3
19077.3
18910.4
18754.8
18657
18551.3
18404.2
18258
18116.3
17973
17821.5
17682.1
17608.7
17529.7
17419.8
17311
17208.5
17106.2
17004.9
16907
16829.2
16744.3
16617.2
16494.1
16395.3
16302.1
16243
16181
16101.7
16020.1
15924.2
15826.9
15720.7
15620.2
15556.5
15492
15421.4
15357.5
15339.4
15314.4
15241.7
15175.8
15158.2
15145.1
15164
15177.5
15152.3
15131.1
15140
15151.8
15184
15208
15167.5
15137.2
15187.1
15231.3
15230.3
15228.3
15218.6
15207.9
15188.3
15167.6
15137.5
15113.1
15139.1
15159.9
15133.2
15109.2
15109.7
15109.7
15104.4
15103.4
15143
15179.5
15184.5
15182.9
15116.3
15057.1
15073.5
15085.3
15047.2
15010.3
14985.7
14954.9
14855.3
14757.7
14683
14606.7
14512.9
14418.2
14313
14208.3
14108.7
14010.6
13931.9
13848.4
13702.5
13560
13463
13368.5
13307.5
13241.9
13108.8
12978.9
12895.8
12814.1
12754.5
12691.7
12579.3
12467.6
12366.7
12267.3
12193.2
12117.1
12004.3
11892.9
11807.3
11721
11621.5
11520.5
11390.6
11258.7
11088.4
10920.8
10812.8
10705
10600.1
10494.1
10361.4
10227.5
10064.1
9902.25
9782.47
9661.97
9521.41
9379.72
9204.19
9031.2
8939.09
8845.44
8699.08
8552.89
8413.03
8273.99
8167.59
8061.14
7952.15
7843.04
7728.55
7614.13
7503.14
7392.42
7297.51
7202.2
7080.22
6958.4
6848.71
6738.96
6624.27
6509.57
6393.59
6277.22
6105.79
5934.2
5730.5
5526.67
5281.31
5035.92
4760.19
4484.46
