33.8219
82.3743
130.927
139.678
148.37
144.517
140.621
140.302
140.002
139.901
139.801
142.373
144.971
140.259
135.464
138.653
141.95
140.524
139.026
138.313
137.613
137.11
136.61
138.556
140.554
135.037
129.342
132.804
136.5
135.433
134.235
135.073
135.972
130.481
124.787
130.011
135.605
136.282
136.782
136.607
136.408
135.44
134.441
133.442
132.443
132.878
133.378
135.977
138.674
138.228
137.629
133.893
129.997
132.456
135.253
135.021
134.622
134.222
133.822
131.443
128.946
128.612
128.412
130.747
133.244
131.807
130.109
131.589
133.287
133.027
132.627
131.017
129.319
131.244
133.442
132.858
132.059
131.815
131.615
126.892
121.797
124.624
128.121
132.077
136.073
130.896
124.902
125.773
127.271
129.044
130.842
125.532
119.538
124.274
130.069
129.148
127.55
127.762
128.162
128.561
128.961
127.557
125.959
127.329
129.028
131.624
134.321
134.062
133.463
129.825
125.829
124.865
124.265
127.759
131.755
132.289
132.389
132.223
132.023
132.442
132.941
130.089
126.793
131.856
138.05
137.483
135.984
136.063
136.362
135.263
133.965
136.329
139.226
144.212
149.507
148.463
146.465
144.9
143.402
146.917
151.213
153.438
155.337
156.03
156.53
157.974
159.572
162.541
165.738
165.26
164.161
166.302
168.999
175.014
181.608
187.098
192.393
191.083
188.585
194.283
201.475
201.757
200.758
204.384
208.879
213.291
217.687
224.091
230.885
229.996
227.598
225.117
222.62
229.846
239.037
244.911
250.106
254.474
258.67
266.662
275.453
278.646
280.644
288.802
298.293
306.964
315.456
319.943
323.539
332.354
342.345
345.99
348.187
361.665
377.75
399.501
422.578
428.454
430.252
442.604
457.49
467.714
476.805
491.027
506.512
510.88
512.478
531.628
555.205
561.114
562.513
570.977
581.267
584.746
586.445
603.311
624.19
634.825
642.718
649.116
655.11
665.966
678.154
689.638
700.927
720.564
742.543
753.548
761.44
770.885
780.775
794.537
809.423
822.146
834.234
846.784
859.472
875.079
891.563
909.963
928.945
938.064
944.158
956.886
971.672
981.133
988.925
991.559
992.558
1005.59
1022.47
1029.54
1033.44
1030.11
1024.41
1034.41
1049.6
1063.73
1077.52
1090.34
1102.82
1115.98
1129.37
1140.75
1151.44
1175.84
1205.01
1235.66
1266.83
1299.91
1333.68
1357.6
1377.98
1407.23
1439.7
1478.89
1520.55
1556.74
1590.91
1628.27
1666.84
1717.73
1773.28
1815.08
1851.64
1900.18
1953.33
2014.75
2079.39
2147.54
2217.07
2273.8
2325.44
2409.64
2506.84
2577
2636.24
2712.94
2796.76
2859.63
2913.88
2993.53
3083.74
3163.82
3239.65
3312.88
3385
3473.02
3567.83
3648.61
3723.33
3812.4
3907.71
4023.28
4147.76
4254.59
4353.59
4472.33
4599.91
4710.28
4812.88
4945.33
5091.38
5198.57
5287.89
5399.51
5521.49
5658.03
5801.39
5920.73
6028.73
6137.47
6246.56
6375.82
6514.78
6625.37
6722.17
6817.9
6913.11
6997.75
7077.18
7158.73
7241.35
7300.97
7349.02
7395.75
7441.81
7490.77
7541.22
7572.63
7594.21
7635.56
7687.21
7719.34
7741.22
7749.19
7749.79
7759.24
7773.43
7787.87
7802.46
7794.2
7773.52
7760.52
7751.73
7758.5
7773.89
7777.8
7775.3
7769.92
7762.93
7764.1
7769.89
7777.78
7786.87
7785.7
7778.61
7782.06
7791.65
7808.29
7829.07
7831.59
7823.3
7848.66
7894.12
7910.95
7910.55
7925.82
7950.59
7977.16
8004.84
8041.53
8083.79
8109.97
8126.16
8168.43
8227.07
8266.01
8292.49
8342.26
8406.89
8418.34
8395.56
8384.84
8381.94
8376.93
8370.54
8350.66
8321.89
8282.74
8236.68
8187.16
8135.31
8100.27
8076.59
8032.24
7973.79
7936.44
7913.56
7900.13
7893.23
7879.93
7862.14
7858.02
7863.52
7872.17
7883.06
7883.52
7876.53
7858.85
7833.48
7822.05
7820.75
7814.32
7804.13
7796.7
7791.3
7804.69
7832.06
7846.42
7851.02
7861.59
7876.67
7894.19
7913.58
7928.78
7940.77
7951.4
7960.99
7963.35
7960.05
7949.99
7934.61
7915.1
7892.32
7869.21
7845.83
7828.82
7816.93
7821.46
7839.35
7805.11
7728.19
7681.31
7659.23
7647.24
7643.64
7629.12
7605.45
7572.13
7530.67
7498.01
7472.83
7467.86
7480.25
7462.38
7418.33
7403.56
7414.35
7395.32
7350.06
7320.27
7304.19
7293.8
7288.51
7283.84
7279.75
7276.54
7274.14
7262.77
7243.19
7213.73
7175.17
7160.17
7167.07
7159.05
7137.07
7123.98
7119.29
7129.03
7152.51
7155.38
7138.5
7143.51
7169.68
7180.57
7176.58
7187.71
7213.68
7213.69
7188.02
7178.4
7184.79
7175.59
7150.72
7135.62
7130.42
7113.96
7085.98
7089.67
7125.94
7138.91
7127.72
7136.56
7166.33
7176.15
7164.96
7172.43
7199.7
7221.04
7236.02
7236.73
7222.05
7217.8
7224.89
7244.52
7277.89
7288.89
7275.21
7283.6
7316.57
7325.29
7306.81
7285.51
7261.03
7228.43
7186.57
7135.56
7074.02
6996.41
6900.2
6827.14
6781.09
6718.14
6635.32
6561.14
6497.2
6437.36
6382.42
6335.4
6297.94
6241.48
6161.95
6098.47
6054.62
6012.68
5973.12
5938.5
5910.03
5875.53
5833.47
5800.99
5780.61
5774.65
5787.04
5790.37
5782.08
5777.49
5777.69
5790.07
5818.34
5847.57
5878.04
5917.57
5969.12
6021.06
6073.51
6142.35
6233.26
6320.95
6404.27
6498.14
6606.43
6727.15
6865.02
6998.91
7127.29
7255.08
7382.06
7526.26
7694.79
7867.37
8045.69
8231.4
8427.71
8621.85
8812.86
9007.09
9205.99
9408.29
9615.59
9817.54
10011.5
10204.6
10396.2
10598.2
10816
11011.9
11174.4
11361
11584.4
11777.8
11925
12072.9
12222.2
12359.8
12479.1
12629.6
12829.7
13023
13205.5
13377
13531.1
13711.5
13934.8
14166.8
14413
14669.7
14943.7
15224.6
15517.2
15826.9
16165.3
16485.8
16776.1
17070.7
17372.6
17681.7
18002.9
18312.7
18602.4
18907.2
19238.4
19558.9
19860.7
20158.6
20449.4
20757.3
21096
21424.4
21734.2
22037.2
22327.8
22654
23045.8
23406.7
23710.1
24006.4
24289.5
24575.1
24865.7
25140.7
25386
25625.6
25854.4
26083.5
26313.2
26522.6
26692.4
26889.5
27140.5
27354.9
27496.6
27609.1
27663.1
27729.3
27820.5
27898.5
27949.2
28015.6
28114.3
28171.9
28144.1
28141.3
28191.4
28214.2
28179.2
28154.2
28150.4
28140.2
28116.4
28080.4
28018.3
27964.9
27930.7
27856.4
27693
27566.4
27522.3
27425.2
27208.2
27013.5
26869.4
26712.6
26526.4
26310.8
26026.9
25792.3
25673.5
25547
25402.1
25274.5
25188.1
25132.7
25152
25152.6
25107.1
25086.9
25129
25191
25302.4
25399.8
25462.4
25549.7
25699.9
25864.2
26064.9
26266.1
26468.4
26680.8
26919.7
27152.3
27368.6
27588.2
27816.6
28055.2
28321.4
28572.3
28782.1
29024.7
29357.2
29648.6
29826.4
30028.6
30298.9
30534.3
30671.4
30795.7
30883.1
30981.8
31113
31218.9
31251.6
31280.7
31299.3
31298
31237.5
31202.5
31243.6
31257.6
31188.9
31118.9
31044.7
30961.4
30849.8
30745.5
30664.1
30539.7
30279.6
30054.4
29941
29844.3
29801.8
29721.1
29515.9
29341.9
29270.7
29185.5
29052.9
28929.3
28836
28736.9
28618.4
28507.8
28425.2
28343
28261.9
28174.8
28065.9
27970.9
27925.5
27885.4
27864.2
27825.7
27723.9
27625.9
27541.9
27485.3
27531.1
27556.6
27504.8
27441.4
27333.2
27236
27181.4
27134
27115.3
27080.5
26981.6
26890
26827.5
26761.4
26680.1
26613.4
26607.3
26582.4
26478.6
26370.2
26242.3
26132.2
26098.4
26053.2
25958.2
25855.3
25717.5
25576.7
25422.1
25277.4
25176.7
25055.6
24840.5
24627.1
24421.5
24226.4
24080.8
23920.4
23689.9
23479.1
23362.9
23233.3
23038.4
22831.7
22566.5
22320.2
22169.4
22017.6
21860.9
21698.3
21505.1
21319.7
21174.8
21027.5
20867.3
20713.6
20595.7
20472.3
20318
20171
20064.1
19951.2
19804.4
19663.9
19559.2
19450.1
19315.3
19188
19104.6
19013.5
18876.3
18749.7
18687.3
18618.6
18510.2
18392.2
18212.8
18055.6
18040.8
18018.2
17944.2
17868
17777.8
17694.2
17655.5
17613.4
17549
17485.6
17429.7
17381.5
17389.1
17405.1
17482.5
17549.4
17537.5
17527.9
17535.9
17539.5
17509.5
17485.1
17505.4
17519.9
17488.7
17468.6
17539.9
17595.7
17521.8
17459.1
17492.7
17518.7
17479.5
17443.7
17438.5
17434.9
17446.6
17458.2
17468.3
17482.2
17532.3
17575.3
17548.4
17525.9
17547.3
17566.8
17566.8
17559.9
17480.4
17403.3
17350.2
17294.3
17206.4
17116.1
16999.2
16884
16788.5
16691.9
16582
16470.9
16345.1
16216.5
16052.5
15889.5
15739.9
15594.3
15500.5
15405.9
15300.6
15194.8
15081.6
14970.4
14889.4
14805.6
14679.6
14555.8
14465.3
14373.7
14265.7
14158.3
14060.7
13962.4
13851.7
13740.6
13621.1
13499.9
13345.5
13193.8
13094.4
12993.2
12854.2
12715.6
12585.4
12453.4
12282.6
12112.1
11949.9
11787.9
11627.5
11467.3
11310.9
11154.2
10991.5
10828.5
10658.9
10489.7
10334.5
10179.6
10033.1
9886.06
9722.22
9559.02
9421.05
9283.41
9159.83
9035.89
8894.63
8753.93
8643.04
8531.77
8398.4
8265.33
8152.04
8038.6
7913.32
7788.06
7663.98
7539.83
7407.56
7274.82
7074.21
6873.42
6633.65
6393.77
6113.54
5833.29
5528.79
5224.29
