-109.575
-53.4297
2.71531
3.39851
3.99792
3.80089
3.60108
3.89808
4.19778
8.36489
12.5608
7.94849
3.25309
6.95335
10.7496
9.81423
8.81521
7.81619
6.81717
8.07641
9.37513
7.83217
6.23373
7.37352
8.57234
6.45284
4.255
6.73245
9.32991
9.4
9.4
9.49701
9.59691
9.11592
8.61641
8.88985
9.18956
9.10357
9.00367
8.32641
7.62709
6.44762
5.24879
6.44586
7.74459
10.0953
12.493
9.06856
5.37218
7.10497
9.10301
9.48516
9.78486
11.8868
14.0847
10.4135
6.41746
6.57786
6.97747
7.37708
7.77668
9.5874
11.4855
11.4122
11.2124
10.2632
9.26415
8.82605
8.42644
8.49329
8.59319
8.97238
9.37199
7.07752
4.57996
5.32703
6.32605
6.95504
7.55446
6.8615
6.06229
6.36846
6.76807
9.09801
11.5955
11.7083
11.6084
10.1355
8.5371
9.03933
9.73864
7.79498
5.59713
7.85542
10.5528
9.80179
8.70287
10.6826
12.9804
10.8508
8.25334
6.9181
5.71927
7.84906
10.3466
9.97163
9.27231
7.31901
5.22106
6.25125
7.64988
8.24589
8.7454
7.37626
5.77782
9.68424
14.2797
11.5221
7.82571
8.81434
10.4128
7.60118
4.20451
6.35214
9.2493
11.444
13.5419
13.0991
12.2999
11.0636
9.76484
10.7339
12.0326
13.8535
15.7516
16.8683
17.8673
14.8812
11.2847
9.84917
8.75025
7.82381
6.92469
6.28372
5.6843
7.66043
10.0581
11.1709
12.07
11.6018
10.9025
12.2495
13.9478
11.3077
7.91101
8.84283
10.5412
11.9008
13.1995
16.2723
19.669
18.43
16.3321
18.4386
21.3357
21.8839
21.9838
19.9075
17.41
18.4195
20.1179
17.0677
13.0717
16.8048
22.0996
22.5025
21.9031
22.5445
23.4436
23.6825
23.7824
23.7177
23.6178
24.5034
25.6024
28.7497
32.3461
34.9617
37.3594
34.7013
30.905
29.7932
29.2937
35.2053
42.598
43.7571
43.4574
42.5116
41.4127
42.5696
44.2679
47.7344
51.6306
51.5983
50.5992
51.2797
52.3787
55.9508
60.1467
59.7266
58.1282
57.8794
57.9793
61.1678
65.1639
65.921
65.8211
66.194
66.6935
70.4945
75.1899
77.0625
78.1614
79.1039
80.003
81.2143
82.513
81.6326
80.1341
84.7682
91.162
89.5027
85.5066
86.8399
89.737
94.098
98.8933
100.922
102.121
102.477
102.576
101.224
99.4256
102.508
107.103
112.688
118.582
118.407
116.309
116.405
117.204
116.268
114.769
116.282
118.779
119.925
120.625
122.373
124.47
124.328
123.429
125.584
128.781
132.126
135.523
138.03
140.228
143.165
146.362
150.591
155.186
158.752
161.949
166.026
170.422
173.136
175.233
182.364
191.355
191.545
188.448
195.942
207.431
213.928
218.523
223.263
228.058
237.243
248.132
253.64
257.036
261.506
266.402
272.296
278.59
286.805
295.796
305
314.291
324.502
335.092
340.106
342.803
349.301
357.393
367.029
377.319
385.789
393.482
404.385
416.673
424.367
430.062
442.003
456.688
467.29
476.082
486.944
498.732
508.594
517.585
524.517
530.511
543.211
558.996
571.778
583.167
593.808
604.097
617.779
633.064
637.797
637.497
646.438
659.825
673.615
687.602
700.917
713.905
724.619
734.209
739.333
742.23
746.989
752.683
762.42
774.209
778.134
778.034
779.647
782.144
783.985
785.484
791.763
800.554
805.689
808.886
808.242
805.545
799.602
791.91
791.659
795.455
799.38
803.376
804.092
802.994
800.356
796.859
799.883
806.576
805.622
800.327
802.339
808.533
804.656
794.966
798.472
809.661
807.883
798.492
801.338
811.428
816.076
817.474
821.243
826.437
832.565
839.258
839.321
835.325
835.653
838.65
848.359
862.245
867.6
867.6
871.454
877.748
885.018
892.91
896.608
897.607
899.394
901.691
901.633
900.035
896.028
890.434
887.42
886.121
884.105
881.607
884.058
889.852
892.378
892.678
886.404
875.614
869.96
867.862
868.412
870.81
867.754
860.861
863.61
873.201
872.831
865.339
864.116
867.412
866.949
863.752
864.245
867.442
869.489
870.688
869.367
866.17
864.515
864.015
866.416
871.012
870.619
866.423
866.859
870.855
875.639
881.034
877.622
867.332
861.458
859.061
864.74
876.828
879.425
874.43
869.158
863.663
862.523
864.92
866.879
868.477
863.29
852.5
843.292
835.4
835.875
843.367
844.201
839.406
835.312
831.815
832.887
837.882
839.772
838.972
840.094
842.891
836.333
821.547
819.684
829.275
836.755
842.349
844.159
842.56
840.281
837.384
835.374
834.175
835.419
838.916
835.939
826.948
826.469
833.962
828.452
810.669
806.659
815.75
819.741
818.842
822.718
831.21
837.88
842.775
840.915
832.423
831.012
836.607
840.3
842.099
846.886
854.679
855.622
849.628
847.786
850.184
850.12
847.522
846.543
847.243
851.264
858.756
855.837
841.951
843.377
861.06
871.599
874.497
876.865
878.663
879.887
880.487
881.277
882.276
887.785
898.275
903.138
901.739
895.867
884.978
884.03
894.32
892.655
877.37
870.874
874.47
873.066
865.873
858.311
850.319
847.974
852.27
849.16
837.271
828.66
823.965
816.052
804.263
794.099
785.907
783.242
787.338
785.216
775.425
769.599
768.7
765.717
760.122
753.468
745.476
743.33
748.624
749.062
743.268
743.964
753.055
755.511
749.317
749.729
758.82
767.524
775.716
783.608
791.101
800.212
811.501
823.85
837.636
848.891
856.683
867.667
883.052
893.756
897.951
907.639
925.022
940.956
954.842
969.388
984.873
999.865
1014.15
1030.31
1049.2
1066.7
1082.18
1098.92
1117.5
1135.36
1152.14
1170.41
1190.89
1207.86
1219.55
1230.25
1239.44
1254.39
1278.17
1293.97
1297.47
1307.72
1328.5
1341.43
1342.03
1350.4
1371.08
1389.95
1405.94
1417.79
1422.98
1432.98
1450.76
1470.89
1494.87
1520.65
1549.43
1576.81
1601.89
1628.79
1658.76
1688.32
1717.19
1741.71
1758.79
1783.7
1822.06
1861.26
1901.92
1926.42
1922.62
1933.1
1968.76
2004.35
2039.82
2066.89
2078.88
2094.95
2118.43
2148.9
2192.16
2231.94
2265.3
2295.39
2319.36
2344.42
2371.49
2398.29
2424.56
2452.55
2483.82
2508.81
2521.69
2534.24
2546.13
2566.29
2602.66
2630.26
2640.55
2651.2
2662.59
2675.67
2692.16
2699.27
2687.38
2681.73
2688.82
2695.85
2702.74
2707.82
2709.12
2712.93
2722.02
2725.25
2716.06
2713.55
2725.34
2727.36
2708.28
2693.25
2687.06
2677.08
2658.8
2649.77
2661.26
2663.49
2645.01
2629.66
2621.36
2606.8
2577.93
2553.29
2538.41
2522.86
2505.78
2486.66
2462.79
2442.11
2429.03
2421.95
2429.24
2433.43
2430.14
2418.87
2388.2
2375.99
2409.15
2434.66
2441.16
2449.67
2463.26
2475.38
2483.77
2494.91
2513.09
2533.43
2559.3
2581.1
2592.29
2606.92
2630.6
2654.3
2678.08
2705.65
2743.41
2779.94
2813.1
2842.34
2860.83
2878.41
2893.49
2906.15
2912.05
2921.99
2943.37
2963.01
2977.7
2992.18
3006.06
3019.95
3033.84
3048
3062.99
3072.09
3063.69
3054.93
3045.04
3037.77
3038.47
3038.29
3035.39
3031.01
3022.01
3009.18
2984.3
2967.41
2975.81
2976.16
2950.78
2931.82
2933.62
2929.62
2906.64
2888.88
2888.38
2883.72
2865.14
2846.69
2828.71
2813.62
2808.43
2800.77
2784.58
2773.82
2782.01
2784.17
2764.99
2751.61
2759.01
2761.06
2743.77
2726.47
2709.09
2697.74
2708.73
2715.9
2708.81
2700.7
2688.71
2679.55
2681.25
2679.61
2665.03
2651.82
2644.03
2639.87
2650.16
2655.04
2638.16
2622.65
2612.76
2605.52
2609.22
2609.9
2598.02
2588.02
2586.02
2584.32
2583.92
2579.2
2555.73
2533.82
2518.84
2504.4
2492.41
2480.79
2470.8
2461.08
2452.58
2445.23
2443.13
2435.49
2401.83
2370.38
2349.5
2327.59
2300.72
2274.98
2254.8
2235.89
2223.3
2210.98
2199.99
2185.26
2151.39
2120.62
2105.94
2091.44
2077.96
2064.58
2051.79
2038.87
2025.18
2010.63
1991.35
1975.09
1975.69
1975.09
1967.7
1959.77
1948.78
1936.96
1920.28
1904.37
1893.08
1880.99
1864
1848.36
1840.97
1834.38
1832.78
1829.92
1819.03
1809.05
1804.95
1799.6
1786.01
1771.86
1753.87
1738.74
1742.93
1745.46
1736.47
1729.02
1732.42
1733.83
1721.04
1709.55
1707.45
1706.31
1712.3
1717.69
1718.49
1719.06
1717.86
1716.4
1712.91
1709.04
1702.14
1696.37
1699.77
1703.2
1707
1710.77
1714.26
1717.15
1714.75
1713.76
1725.25
1733.99
1717.7
1703.3
1706.4
1711.52
1735.89
1756.88
1744.89
1732.31
1713.72
1698.83
1721.61
1741.57
1732.08
1721.52
1699.44
1678.62
1671.62
1665.14
1664.44
1663.76
1663.26
1661.01
1637.93
1615.49
1600.8
1585.87
1567.79
1551.29
1555.39
1558
1540.71
1523.39
1505.51
1487.79
1472.4
1457.85
1455.55
1452.9
1444.81
1436.71
1428.52
1419.54
1397.76
1376.92
1371.92
1366.62
1355.83
1345.31
1339.71
1333.05
1306.08
1279.82
1267.73
1255.45
1239.16
1223.4
1218.8
1213.69
1196.8
1179.33
1147.86
1117.1
1104.01
1091.4
1091.4
1090.57
1066.29
1042.5
1033.41
1024.04
1005.76
987.491
969.609
951.835
938.048
924.272
910.885
897.419
880.535
863.687
848.502
833.484
827.29
821.04
811.449
801.788
787.402
773.006
757.821
742.747
737.852
732.783
708.207
683.64
660.362
637.076
612.001
586.917
558.844
530.768
499.299
467.83
