-27.7769
23.4729
74.7227
79.8873
84.9823
85.4978
85.9973
84.2115
82.4133
80.7142
79.0159
79.6928
80.3921
78.9184
77.4199
83.4132
89.5072
86.255
82.8583
79.658
76.4612
79.8296
83.3262
82.2265
81.0276
81.2928
81.5925
81.4052
81.2054
79.5475
77.8491
78.285
78.7845
79.7681
80.7671
81.3797
81.9791
80.6501
79.2514
79.2962
79.3961
79.0158
78.6162
81.0917
83.6892
81.3133
78.7159
80.4134
82.3116
77.7328
72.8376
69.3682
65.9715
72.7245
80.0174
78.9801
77.4815
74.0937
70.5971
72.0026
73.7009
74.6466
75.5458
75.7877
75.9875
77.4989
79.0973
76.3019
73.2049
72.0671
71.0681
70.5345
70.035
70.929
71.928
74.6884
77.5855
78.8176
79.9165
76.7691
73.2725
74.6581
76.4563
74.3939
71.9962
72.6255
73.5246
74.5153
75.5143
73.7733
71.7753
69.4127
67.015
71.347
76.3422
74.8036
72.6057
74.211
76.209
71.3402
65.7456
69.7079
74.703
73.4007
71.4027
70.6614
70.062
69.7313
69.4316
70.0256
70.7249
71.0675
71.3672
66.5059
61.0113
66.7039
73.797
71.6764
68.3797
66.9392
65.7404
68.4224
71.6193
73.056
74.2549
74.4878
74.5877
73.5486
72.3498
71.6755
71.0761
72.7444
74.7425
75.8702
76.8693
72.3112
66.9164
69.8386
74.0345
71.5746
68.0781
67.8587
68.1584
70.2651
72.6628
73.0858
73.1857
70.8016
68.0044
71.873
76.8681
74.2747
70.3785
71.8416
74.2393
73.5815
72.3827
70.3371
68.1392
70.1654
72.9627
73.2314
73.0316
74.0931
75.3919
75.9356
76.3352
73.5543
70.1576
70.8525
72.351
71.3504
69.8518
71.1791
73.0772
73.7316
74.1312
77.0124
80.4091
76.5437
71.149
74.6457
80.0404
77.2219
72.6264
73.111
74.7094
77.207
79.9043
81.9493
83.8475
84.8508
85.65
88.1534
91.0506
91.4381
91.2383
93.2998
95.8972
94.1442
91.3469
93.9344
97.8306
99.1612
99.8605
101.759
103.957
104.24
104.041
104.398
104.897
105.397
105.896
106.792
107.791
108.632
109.431
112.122
115.318
118.28
121.177
119.996
117.699
121.971
128.065
126.825
123.528
125.679
129.376
126.551
121.856
126.917
134.809
138.299
140.497
141.77
142.769
141.847
140.349
144.982
151.476
152.465
151.765
153.583
156.18
156.267
155.568
154.034
152.236
157.021
163.914
165.977
166.477
169.987
174.483
173.422
170.525
172.87
176.966
180.465
183.761
187.654
191.75
199.19
207.781
208.444
206.346
213.265
223.355
230.202
235.896
240.635
245.03
254.998
266.987
281.827
297.711
307.324
314.617
327.874
343.358
358.045
372.431
386.528
400.514
422.22
446.896
471.932
497.107
525.726
555.697
586.026
616.496
646.823
677.093
712.274
749.438
785.608
821.373
866.126
914.579
963.314
1012.17
1052.64
1089.61
1147.91
1215.24
1275.58
1332.92
1392.5
1453.04
1515.04
1577.68
1656.84
1743.25
1813.06
1875.49
1953.74
2039.05
2118.31
2194.84
2276.17
2359.69
2443.96
2528.57
2614.42
2700.83
2786.57
2871.99
2948.85
3021.68
3094.51
3167.34
3242.87
3319.69
3394.36
3467.99
3521.77
3565.83
3621.25
3682.29
3730.2
3771.56
3811.19
3849.95
3889.51
3929.47
3967.58
4004.74
4037.23
4067.3
4082.39
4089.69
4097.96
4106.75
4130.5
4162.17
4168.97
4162.47
4180.58
4211.95
4226.88
4232.88
4225.26
4210.17
4204.54
4204.14
4202.08
4199.08
4204.14
4213.73
4220.39
4225.38
4223.58
4217.88
4227.39
4245.67
4238.95
4217.67
4201.74
4188.95
4185.08
4186.48
4185.75
4183.75
4181.75
4179.75
4177.94
4176.24
4165.87
4150.19
4161.31
4188.98
4199.23
4198.63
4196.68
4193.88
4191.09
4188.29
4184.82
4180.92
4164.32
4139.55
4110.29
4078.12
4036.1
3987.65
3960.81
3948.23
3912.05
3860.21
3809.37
3759.22
3718.37
3683.81
3654.88
3629.81
3611.84
3598.75
3569.43
3528.87
3512.67
3513.47
3503.89
3487.01
3464.16
3437.09
3420.27
3410.77
3405.93
3404.43
3385.98
3355.21
3350.56
3365.05
3359.53
3339.25
3328.19
3324
3326.59
3334.29
3333.9
3327.41
3325.51
3327.1
3328.93
3330.93
3328.98
3323.99
3327.02
3336.31
3332.8
3319.21
3307.57
3297.48
3272.74
3236.28
3207.83
3185.85
3170.38
3160.19
3135.66
3099.4
3063.08
3026.72
2990.84
2955.38
2931.16
2916.37
2888.92
2850.76
2822.84
2803.66
2779.97
2752.39
2720.54
2684.97
2662.64
2651.85
2635
2612.82
2598.16
2590.17
2575.9
2556.02
2541.24
2531.05
2528.29
2532.29
2518.96
2489.79
2465.45
2445.57
2439.26
2445.56
2448.39
2447.99
2448
2448.4
2438.72
2419.44
2418.92
2436.41
2438.9
2426.91
2422.57
2425.66
2424.12
2418.03
2406.11
2388.43
2372.25
2357.56
2340.08
2319.8
2299.23
2278.35
2263.84
2255.85
2237.81
2209.44
2178.08
2143.61
2122.97
2116.78
2096.13
2060.27
2029.15
2003.08
1985.79
1977.89
1967.21
1953.53
1934.38
1909.31
1889.72
1876.13
1863.06
1850.58
1832.89
1809.41
1786.36
1763.78
1742.61
1723.03
1694.11
1654.55
1612.1
1566.35
1518.92
1469.57
1424.83
1385.47
1345.65
1305.29
1260.91
1211.75
1166.15
1124.79
1089.05
1060.08
1032.96
1008.09
981.324
952.253
927.208
907.127
892.926
886.033
870.492
844.118
827.148
822.053
811.64
794.456
785.281
786.38
787.174
787.574
784.938
778.344
778.788
788.478
798.856
810.145
826.012
847.99
867.2
882.685
907.792
945.955
989.518
1040.47
1098.56
1166.49
1231.66
1293
1376.69
1491.67
1607.9
1725.89
1856.77
2006.03
2166.6
2343.43
2522.13
2703.55
2892.09
3090.99
3304.41
3539.18
3768.12
3988.4
4212.49
4442.26
4680.29
4930.74
5159.47
5355.18
5562.21
5786.59
6000.76
6199.17
6389.88
6568.6
6749.78
6934.79
7115.83
7290.56
7470.71
7659.53
7841.38
8012.01
8186.6
8367.63
8566.45
8794.43
9026.52
9265.38
9500.95
9731.02
9966.51
10211.1
10464.2
10731.7
10993.9
11246.9
11501.7
11759.6
12013.7
12261.2
12504.3
12739.5
12962.8
13165.3
13388.1
13647.1
13905.5
14163.2
14422.5
14684.7
14955.8
15243
15500.4
15702.7
15922.8
16176
16411.8
16614.8
16825.8
17051.9
17258.6
17428.4
17607.2
17803
17989.6
18158.6
18320.5
18468.6
18613.3
18751.2
18873.7
18965.7
19060.5
19160.9
19243.3
19289.2
19334.6
19378.9
19417.6
19444.6
19477.5
19522.7
19560.4
19582.1
19603.9
19626.1
19644
19652.9
19655.4
19644.1
19625.7
19591.6
19556.2
19517.8
19475.2
19423.2
19343.3
19201.1
19082.4
19016.4
18928.5
18790.3
18643.2
18475.3
18325
18215.3
18098.3
17964.4
17859.4
17823
17777.8
17711.4
17651.3
17606.8
17577.8
17586.9
17618.2
17704
17778
17822.8
17878.6
17962.3
18049.9
18147.8
18255.5
18388.2
18521.5
18656.6
18801.8
18973.4
19152.7
19352.2
19532.5
19661.6
19814.2
20030
20251.5
20488.5
20707.8
20878.5
21040.3
21177.9
21317.8
21464.1
21616.2
21784.3
21932
22021.5
22102.9
22160.6
22223.2
22299.8
22363.5
22389.2
22399.9
22366.1
22333.7
22305.3
22271.2
22219.5
22169.5
22124.6
22062.5
21947.2
21853.7
21828.5
21780.7
21661.1
21556
21497.3
21425.6
21312.1
21208.4
21136.8
21049.4
20909.7
20801.1
20796.5
20783.8
20743.5
20681.3
20544.2
20433.1
20412.3
20388.8
20355.4
20310
20221.8
20141.3
20088
20046
20045.3
20033.3
19979.5
19924.1
19862.4
19802.2
19747.1
19698.5
19674.2
19656.6
19664.6
19656.7
19587.1
19526.1
19499
19469.8
19431.9
19390.6
19335.4
19286.3
19262.5
19233.7
19184.3
19138.1
19105.4
19073.9
19047.6
19014.7
18953.8
18890.1
18814
18740
18675.5
18603.8
18500.1
18395
18283.8
18170.9
18049.9
17927.5
17798.5
17669.7
17541.2
17406.9
17244.7
17084.9
16936.5
16790.9
16659.5
16531.8
16422.3
16316.9
16231.5
16134.4
15976.7
15826.1
15712.1
15598
15484
15368.6
15246.1
15127.2
15028.6
14930.2
14832.6
14739.3
14670.2
14597.9
14507.9
14417.1
14322.1
14230.7
14160.4
14091.6
14031.8
13969.9
13894.6
13821.2
13760.1
13694.1
13597.5
13507.1
13454.8
13402.4
13349.1
13292.1
13211.5
13131.6
13056.9
12990
12976
12958.8
12919.5
12880.3
12842.5
12809.9
12813.9
12820.5
12846.2
12871.4
12893.7
12907.5
12856.6
12810.8
12804
12805.7
12874.2
12932.5
12907.8
12883
12857.8
12838.3
12867.1
12888.8
12849.1
12812.5
12804.1
12797.6
12807.6
12815.4
12803
12796.3
12842.4
12884.9
12892.4
12902.3
12936.2
12962.9
12918
12878.3
12890.6
12897.3
12845.9
12795.4
12755.2
12712.8
12645.1
12576.3
12494.2
12412.2
12332
12252.8
12185.7
12118.3
12048.6
11978.4
11902.4
11825.5
11736.9
11648.2
11556.9
11462.7
11327.9
11200.6
11178.7
11153.7
11083.4
11012.1
10926.4
10841.6
10771.9
10702.6
10640.9
10578.2
10499.7
10419.2
10305
10194.5
10150
10103.5
10017.4
9928.11
9776.46
9627.92
9543.7
9457.53
9329.06
9202.25
9113.44
9021.32
8850.19
8682.94
8613.3
8540.49
8383.25
8226.45
8082.29
7939.84
7848.43
7755.49
7613.83
7473.97
7395.65
7316.75
7216.75
7116.61
7010.91
6905.55
6814.84
6724
6626.89
6529.49
6416.2
6303.38
6218.36
6133.26
6042.15
5951.47
5894.02
5835.98
5723.59
5611.1
5486.62
5361.92
5204.97
5047.92
4870.1
4692.21
4494.01
4295.76
4059.79
3823.82
