-90.376
-37.2281
15.9198
21.0873
26.1823
23.512
20.8146
21.3961
21.9956
21.7025
21.4028
19.9155
18.4169
22.2521
26.1483
25.51
24.8106
24.8
24.8
22.9345
21.0363
22.4698
23.9684
25.6625
27.3608
25.6432
23.845
21.9493
20.0512
22.9162
25.9132
23.1867
20.2895
21.749
23.3475
23.4966
23.5965
22.2501
20.8514
20.8962
20.9961
19.8476
18.6488
22.0501
25.6466
24.5567
23.2579
24.5362
25.9348
22.8568
19.56
19.7802
20.1798
22.856
25.6532
25.232
24.6326
24.7889
24.9887
25.1885
25.3883
23.4244
21.3265
22.2326
23.3316
20.4958
17.3989
22.0613
27.2562
24.2415
20.645
20.0276
19.628
23.1302
26.9264
25.9948
24.6961
22.8423
20.9442
19.1384
17.3401
18.9502
20.8483
20.9081
20.8082
22.451
24.2493
23.2101
21.9114
22.074
22.3737
22.9468
23.5462
23.509
23.4091
21.4036
19.2057
20.4488
22.0472
21.7482
21.2487
18.1346
14.7379
15.9294
17.6277
17.5307
17.231
18.0061
18.9052
20.6087
22.407
20.9056
19.0074
18.978
19.1778
18.0457
16.747
20.8524
25.6477
23.1061
19.6095
17.9652
16.5666
18.7761
21.4735
19.7804
17.4826
18.5142
20.0127
21.4238
22.8225
21.43
19.6318
21.1405
23.1385
24.2683
25.2673
24.1871
22.7885
21.4763
20.1776
17.8439
15.3464
16.6349
18.533
20.517
22.5151
18.6029
13.7077
15.3929
18.1901
19.1116
19.711
18.9493
17.9503
20.6008
23.8975
22.9605
21.2622
18.2966
15.0997
15.78
17.1786
17.5682
17.768
17.7161
17.6162
20.4457
23.8424
21.9784
19.0813
19.9329
21.5313
20.9689
19.9699
19.3025
18.7031
19.0136
19.5131
20.4252
21.4242
20.3651
18.8665
18.4357
18.2359
20.2484
22.7459
22.6278
21.9285
21.8815
21.9814
19.5595
16.5625
18.5969
21.7937
22.9667
23.666
22.8309
21.632
21.3194
21.2195
22.8877
24.9857
22.6741
19.2774
18.7599
18.9597
19.9574
21.1562
22.0367
22.8359
23.6351
24.4343
25.3127
26.2119
23.556
19.9595
20.9337
23.1315
23.6
23.6
24.1489
24.8482
23.1228
20.7252
20.278
20.3779
22.9682
26.265
27.9315
29.1304
27.5416
25.144
25.4496
26.5485
26.9541
27.1539
26.5084
25.6093
28.236
31.9324
27.4482
20.4551
22.2316
26.7272
28.4845
29.3837
29.6
29.6
27.8596
25.5618
23.1886
20.7909
23.0606
26.8569
27.7249
27.625
24.0803
19.3849
21.6358
26.2313
28.6664
30.3648
31.1715
31.671
32.4669
33.366
32.0479
29.95
28.9577
28.3583
29.1557
30.4544
29.7002
28.2016
31.0175
35.4132
36.0895
35.3902
36.0001
37.099
38.4881
39.9866
43.8001
48.4955
51.2429
53.241
54.3756
55.1748
54.3237
52.8251
53.4734
54.9719
59.3964
64.9909
68.2368
70.5346
72.9033
75.301
79.5388
84.5339
86.0706
86.1705
89.7896
94.8846
100.12
105.415
111.06
116.854
120.764
123.861
127.654
131.75
139.038
147.73
154.622
160.716
166.051
171.046
173.632
175.131
182.188
191.778
196.1
197.998
205.764
216.254
223.75
229.844
237.702
246.393
250.485
252.383
259.138
268.229
270.057
268.358
273.835
282.826
285.399
284.799
290.933
300.424
303.799
304.099
303.206
301.707
301.729
302.528
309.783
320.373
324.131
324.331
326.43
329.527
334.975
341.668
342.372
339.875
338.091
336.693
334.582
332.085
332.49
334.488
338.158
342.754
342.669
339.971
338.68
338.181
337.809
337.509
336.383
334.785
335.213
336.812
338.473
340.172
340.17
339.171
337.545
335.547
336.677
339.674
339.865
338.366
337.738
337.638
335.121
331.125
331.021
333.318
333.461
332.262
332.23
332.929
333.383
333.683
334.044
334.443
331.317
325.922
326.103
329.899
325.42
315.53
310.275
308.078
304.8
300.803
302.43
307.825
307.675
303.779
296.911
288.02
285.17
286.469
285.052
281.755
275.399
266.907
267.739
275.132
276.68
274.083
274.573
277.27
273.988
266.395
265.746
270.141
270.097
266.8
262.986
258.791
259.577
264.073
267.883
271.18
272.714
272.913
274.134
276.132
271.803
262.612
259.444
260.943
261.768
262.068
261.92
261.421
259.139
255.443
256.02
260.016
260.583
258.385
253.597
246.704
243.765
244.064
244.802
245.901
242.201
234.509
232.087
234.085
232.456
227.76
225.654
225.754
224.188
221.191
220.817
222.715
221.733
218.236
215.324
212.926
211.164
209.966
207.659
204.362
204.85
208.746
208.924
205.727
204.461
204.96
204.368
202.77
201.689
201.09
198.685
194.589
191.315
188.817
191.184
198.177
200.529
198.431
198.162
199.661
199.742
198.443
198.959
201.257
200.391
196.395
193.049
190.352
191.292
195.887
196.264
192.368
188.719
185.322
182.566
180.468
180.773
183.57
181.922
175.629
171.67
170.172
169.448
169.548
167.621
163.525
162.938
166.135
165.023
159.229
156.2
156.2
155.82
155.021
152.661
148.565
149.225
155.219
155.164
148.271
143.199
140.202
137.949
136.55
133.624
128.928
126.815
127.714
125.491
119.597
116.628
117.128
115.215
110.42
107.619
107.219
104.563
99.1683
97.0537
98.9519
100.358
101.157
101.511
101.311
99.6922
96.2955
94.0468
93.2476
92.3604
91.3614
89.0496
85.0535
85.2395
90.834
94.4337
95.4327
94.4026
90.7063
89.2876
90.886
91.9711
92.3707
96.1771
104.569
109.358
109.258
109.58
110.479
113.772
120.365
125.12
127.317
132.095
140.487
148.506
155.998
166.623
181.708
194.086
202.578
213.723
228.709
245.481
264.862
281.696
294.784
307.348
319.136
334.648
355.728
377.046
398.725
418.104
433.988
449.084
462.97
479.447
499.927
516.775
527.964
542.689
562.97
576.985
581.081
592.41
615.288
636.022
653.305
668.189
679.178
694.638
717.416
739.063
758.843
774.274
782.466
798.864
829.034
854.196
870.88
886.973
902.058
921.659
949.032
969.905
979.496
990.43
1003.72
1024.01
1056.68
1087.77
1116.04
1139.67
1154.95
1172.3
1193.38
1213.86
1233.24
1252.41
1271.19
1290.39
1310.37
1330.25
1349.93
1364.98
1371.27
1384.68
1411.65
1438.08
1463.45
1480.17
1480.07
1484.73
1498.71
1511.63
1522.41
1529.27
1528.27
1535.5
1559.27
1576.42
1580.12
1583.85
1587.64
1589.64
1587.95
1588.91
1595.4
1599.86
1600.06
1601.06
1603.76
1604.33
1600.33
1598.1
1599.7
1598.88
1592.79
1585.26
1574.57
1570.99
1583.17
1587.16
1572.77
1560.07
1551.18
1542.14
1532.75
1524.05
1516.96
1507.94
1494.45
1479.86
1462.68
1452.35
1458.24
1459.72
1450.63
1439.72
1424.44
1417.18
1429.46
1440.77
1449.66
1455.94
1455.74
1453.15
1444.56
1445.92
1472.5
1493.45
1500.05
1507.51
1517.2
1531.21
1556.48
1576.09
1580.79
1588.38
1603.66
1617.65
1628.14
1641.34
1661.92
1679.89
1690.67
1704.7
1727.68
1744.52
1744.22
1744.5
1746.39
1751.82
1767.31
1783.1
1799.78
1809.85
1800.66
1797.81
1813.59
1822.78
1812.39
1804.57
1804.47
1803.43
1799.54
1796.33
1795.23
1790.6
1775.01
1763.34
1763.94
1762.82
1756.22
1749.56
1742.66
1735.06
1725.17
1716.36
1711.06
1708.76
1716.35
1719.32
1706.84
1691.95
1668.98
1651.4
1652.3
1655.76
1668.04
1674.67
1661.48
1650.1
1645.1
1639.93
1634.14
1630.29
1633.49
1633.36
1621.07
1609.57
1600.98
1593.34
1589.24
1587.4
1594.09
1600.16
1603.86
1601.93
1578.15
1561.35
1571.94
1579.92
1577.52
1571.74
1552.36
1538.96
1549.95
1557.47
1550.68
1544.5
1540.91
1540.04
1550.73
1557.7
1548.71
1536.91
1512.93
1493.14
1491.74
1491.68
1497.57
1498.23
1475.26
1456.42
1456.52
1456.62
1456.72
1453.64
1435.66
1416.4
1391.02
1369.25
1364.85
1358.15
1340.17
1325.35
1326.25
1325.31
1315.12
1304.82
1293.93
1281.75
1262.86
1246.33
1242.13
1237.04
1227.15
1217.38
1208.29
1200.4
1199.1
1196.28
1185
1174.44
1168.05
1161.16
1151.47
1142.54
1138.05
1133.15
1125.86
1118.17
1108.08
1099.47
1099.97
1098.84
1087.55
1077.3
1073.6
1070.59
1071.99
1073.3
1074.1
1073.05
1059.67
1048.41
1051.61
1053.77
1048.77
1044.37
1044.17
1043.97
1043.77
1042
1028.71
1017.02
1017.22
1017.54
1018.74
1020.26
1024.25
1027.29
1022.8
1017.42
1004.93
994.093
996.791
1000.36
1011.25
1021.1
1022.1
1023.33
1026.52
1028.77
1022.58
1016.57
1012.28
1009.5
1020.89
1031.06
1029.56
1028.68
1033.88
1037.94
1030.75
1024.6
1029.1
1032.72
1027.23
1021.53
1013.74
1005.5
992.314
980.492
984.089
987.336
986.537
984.206
963.626
944.886
948.683
951.818
946.623
940.556
923.173
906.249
895.46
885.562
887.96
889.314
875.827
863.365
865.963
867.894
859.702
851.97
851.471
850.185
836.099
822.342
814.15
806.497
808.295
809.481
799.491
789.311
775.524
762.27
759.573
756.319
741.533
727.056
719.264
711.556
705.761
699.85
691.159
682.418
672.428
662.637
658.141
653.275
637.99
622.783
609.895
597.348
595.65
593.69
582.801
571.867
559.279
546.863
541.268
535.712
531.816
527.738
515.051
502.473
495.68
488.828
478.538
468.32
462.926
457.534
452.339
447.165
443.968
440.687
427.899
415.113
402.526
389.899
369.519
349.147
331.365
313.589
302.5
291.41
