-8.19878
-5.50142
-2.80407
-.904723
.993417
-.991113
-2.98915
1.47119
5.96679
2.82675
-.370118
3.26183
6.9582
4.43191
1.83446
-1.05873
-3.95589
1.11581
6.31072
-.669335
-7.86229
-3.10053
1.89458
-1.81395
-5.71013
.15347
6.2475
-1.09996
-8.79242
-3.55645
2.03807
-.516295
-3.31355
-2.04459
-.645964
-3.78843
-7.0852
-2.66811
2.02729
1.62263
1.02322
1.28809
1.5878
2.17501
2.77443
-2.9384
-8.93253
-.991789
7.59979
6.95226
5.85334
-.758641
-7.65189
-.885726
6.60693
-.383574
-8.17594
-6.1439
-3.54644
4.0473
11.9396
6.56742
.373489
-1.40817
-2.9067
-1.78213
-.483402
2.59157
5.78844
3.66773
1.17018
2.8619
4.85994
3.51361
1.91518
-.795696
-3.59295
-2.78242
-1.68349
-2.89237
-4.29099
-8.17676
-12.2727
-7.1767
-1.28248
-3.73518
-6.93205
-1.7998
4.09442
3.96067
3.26135
-.172077
-3.86845
-2.56305
-.764816
-.0555263
.543886
3.95034
7.64672
-1.93895
-12.9282
-7.59876
-.505709
1.54944
3.04797
3.4693
3.76901
3.53129
3.23158
2.8425
2.44289
4.45113
6.74887
3.52964
-.366545
-3.0197
-5.51725
2.0847
10.976
3.24876
-6.64154
-5.41858
-2.72123
-1.34394
-.145117
-.965899
-2.06482
2.61873
8.11334
1.63177
-6.5602
-5.94279
-4.04465
1.33453
7.22875
3.13751
-2.457
2.3446
8.73833
-1.11838
-13.5062
-4.59214
7.69582
6.73254
3.63558
2.25564
1.15671
-1.14138
-3.63894
-4.25638
-4.55608
-4.34421
-4.0445
-2.21357
-.115626
-.818468
-2.01729
-.591146
1.30699
-1.94819
-6.14408
-3.85002
-.353451
2.63859
5.53575
1.97311
-2.82219
-.335791
3.56039
.943426
-2.95276
-2.35041
-.851877
3.13996
7.63556
2.92764
-3.6659
.907595
7.80084
1.65545
-7.23583
-6.90647
-4.60872
-1.81819
1.07897
3.64839
6.14594
6.43652
6.23671
2.53051
-1.96508
-5.48449
-8.78126
-3.80047
3.09277
2.05225
-.844908
-1.31924
-1.21934
-.233217
.965608
.235566
-.963259
.0827784
1.68121
4.71925
8.11592
5.13002
.534526
4.05683
9.65135
3.49607
-5.69492
-7.12483
-6.52542
-1.97606
3.61846
-.00699663
-6.10102
.382136
10.2724
8.16577
2.77105
1.52178
1.42188
-1.17466
-4.47143
-3.64351
-1.64547
.274942
2.17308
3.14203
3.84134
2.22355
-.0741998
-1.44745
-2.54638
-2.03154
-1.03252
-.110153
.788966
.311915
-.587204
-2.40142
-4.49936
-2.03357
1.86261
2.87587
2.97577
-1.08622
-6.48094
-2.44127
4.65177
5.42137
4.12264
1.17208
-2.32449
-.878482
2.21848
-.734594
-5.7297
-4.91411
-2.11685
-2.73741
-4.53564
-.627831
5.26639
6.20873
5.40951
4.0943
2.59577
4.99365
8.78993
2.54118
-7.34913
-3.56494
5.22644
5.26624
2.06937
.690861
-.00845384
-2.59376
-5.89053
-6.2936
-5.59429
-2.44198
1.654
2.08049
1.08147
3.45494
7.15132
3.33396
-3.45939
-1.97454
2.82076
1.92263
-1.27424
-.496669
1.90098
4.29863
6.69628
3.44749
-2.14703
-2.18115
.116598
1.01057
1.31027
3.07984
5.47749
5.78121
5.1818
6.32243
8.22057
7.6201
5.92176
5.53842
5.73822
3.72957
.732506
-2.0581
-4.75546
-4.50203
-2.9036
-1.30517
.293266
2.02816
3.8264
3.2434
1.54506
5.68094
12.5742
11.8237
7.42797
4.3138
1.81624
1.33626
1.83577
2.67056
3.66959
4.46802
5.16734
5.53333
5.73313
5.40118
4.80177
5.46155
6.76028
8.32332
10.0216
10.5341
10.4342
7.05001
1.955
3.6055
8.80041
5.89879
-1.29416
1.6683
10.0601
9.17072
3.2765
4.50007
9.59508
8.88405
4.98787
7.7162
14.1099
16.0794
15.5799
12.7152
8.5193
6.17153
4.8728
4.65413
5.05374
4.88331
4.3838
1.23237
-3.46303
.21329
8.80487
11.1842
9.88553
10.7762
12.974
13.9871
14.2868
13.2811
11.4828
7.82561
3.03031
4.72092
10.4153
12.169
11.4697
14.0848
18.7802
16.5619
9.96837
7.64395
8.04356
7.95683
7.55722
8.30894
9.80747
10.4
10.4
12.2061
15.2032
14.7197
11.9225
10.0822
8.88342
9.41349
11.1118
13.7015
16.8983
14.7057
8.81147
5.92776
5.12854
7.56519
12.2606
15.1382
16.7366
13.4259
6.63258
5.48915
8.38631
11.1093
13.7068
9.70876
.917372
4.6957
17.683
18.7178
10.9255
9.89071
13.8868
17.3121
20.3092
18.1305
12.0365
10.5903
12.6882
12.1314
9.53394
9.69464
11.9924
10.9245
7.22818
6.49435
8.09279
8.46579
7.86638
10.0422
14.4379
16.3447
16.2448
14.1057
10.3094
9.64345
11.5416
8.35053
.957773
.162759
4.85816
13.2481
24.7368
22.2045
7.81862
4.92182
11.8151
13.3339
10.237
10.2993
13.0966
14.1866
13.787
13.8658
14.3653
15.977
18.5744
17.7949
13.9986
13.2514
15.2494
15.2573
13.459
12.6
12.6
12.2361
11.5368
13.5821
18.1776
20.7611
21.4604
18.0482
10.7553
9.04315
12.6396
12.6149
9.11833
8.06049
9.35922
12.5812
17.6762
19.1917
17.1936
12.2326
4.34038
3.7516
10.445
11.757
7.66106
6.84081
9.33836
13.9122
20.6057
22.2766
18.78
16.7057
16.1063
17.5097
21.0063
23.2379
24.137
23.3401
20.7426
20.7996
23.6967
22.7486
17.6536
17.4892
22.6842
23.5407
19.6445
16.3181
13.6207
14.3277
18.8233
19.4578
15.7614
14.9723
17.4698
18.1463
16.7476
17.302
20.0992
20.535
18.2372
17.9222
19.9202
20.6786
19.9793
19.0057
17.7069
17.8194
19.6176
19.8295
18.1311
19.4113
24.3065
24.3938
18.5995
16.0263
17.425
18.4672
19.0667
20.0652
21.5637
25.2698
31.7634
32.0155
24.323
18.6435
15.5465
15.4118
19.1082
20.2025
17.9048
18.4995
22.8952
25.0132
24.1141
25.6534
30.4487
29.3674
20.3762
19.0574
28.1484
30.0668
22.1745
18.1879
19.5866
22.6155
27.9103
27.9212
20.5284
15.7859
14.7869
15.5188
18.7157
20.682
20.8818
21.7756
23.6738
21.8342
14.5414
15.2943
27.8819
31.8593
23.0679
19.6018
24.0974
23.8117
16.3191
15.7251
25.6154
27.7337
17.9433
14.4339
20.6278
22.2907
16.896
13.7166
14.0163
12.7306
8.9343
8.90838
14.9025
16.1502
9.75652
6.59971
8.69765
11.1744
14.2714
14.4663
9.87077
9.09967
14.6942
18.7968
20.3952
20.2498
17.1528
15.606
16.7049
17.8038
18.9027
19.9651
20.9642
18.7671
10.9747
7.69781
12.3932
15.4718
15.6716
14.8352
12.1379
11.7504
15.5467
17.0458
14.3484
15.0953
22.1883
26.4505
25.4515
24.3134
22.9148
23.1404
26.4372
24.9576
14.368
9.89411
17.187
20.6412
16.6451
14.9119
17.6093
20.038
21.9361
22.2319
19.3347
18.7607
22.8566
25.1051
23.6066
21.9769
20.0787
19.2564
20.655
21.5028
21.2031
20.3236
18.2257
16.6079
16.0085
16.2363
18.2344
20.5486
23.5457
25.3172
24.418
22.4884
18.2925
17.4482
24.0417
27.9832
25.9852
24.5387
24.3389
22.495
16.9005
16.267
27.0565
31.2038
19.9149
12.3583
13.5571
15.2009
17.8982
18.9749
16.1776
15.5757
20.2711
23.4255
22.8261
22.3711
22.2712
21.8558
20.657
19.6291
19.0296
17.4966
13.6004
13.7221
24.1119
28.9494
19.4587
13.1264
15.0245
16.7576
18.0563
18.3445
15.9468
14.5525
15.8513
17.7153
21.112
23.7871
24.4864
25.1857
25.885
26.3737
26.2738
25.9386
24.9396
24.5632
25.9618
26.2018
23.1049
21.8732
26.0691
28.4393
25.4422
23.1497
22.9499
22.2258
19.9281
19.0174
22.3141
25.4635
28.1608
29.8343
28.3358
27.6353
29.4335
29.6247
24.7295
21.1903
21.9895
22.2933
20.9945
21.1231
25.9184
29.2752
27.8765
25.4886
19.7942
14.2138
9.01893
7.03535
16.0265
21.6773
15.783
12
15.5965
19.1049
22.3017
23.5774
17.9829
14.8765
20.7707
24.5853
20.789
18.5648
22.1613
24.8947
24.3952
22.3735
14.5811
10.6929
21.7821
30.0066
27.1094
24.7595
24.5597
24.4
24.4
22.8697
15.1772
9.68874
13.1853
17.8508
27.3415
33.7656
27.3719
22.2954
22.795
23.7291
26.5263
27.678
21.6839
16.5409
15.1423
15.3914
22.984
28.1857
22.5912
18.0537
18.3534
18.5114
18.0119
17.2495
15.2515
13.392
12.1932
12.4679
19.8606
25.5596
22.9622
20.6158
19.5169
18.8316
20.2303
21.2528
20.3537
19.4546
18.5555
17.0819
12.5863
8.95763
9.95665
10.7533
10.4536
10.4613
12.1596
13.9794
16.4769
18.5251
18.0256
17.4817
16.6825
16.4522
19.5492
22.1136
21.5142
21.3833
24.0807
25.924
22.5273
19.7518
20.8508
21.7319
21.2324
21.1487
23.7462
24.9558
17.0635
10.6427
14.0394
16.4356
12.0399
8.40209
10.0005
11.114
8.81625
7.77911
15.7713
22.1256
16.5311
11.9317
14.729
16.9204
14.5227
12.7895
16.1862
19.0874
18.0884
16.8127
13.3162
9.83047
6.4338
3.91228
8.70759
13.5029
18.2982
22.1579
17.8621
13.8487
12.3502
11.267
13.9644
16.2449
14.6465
13.0955
11.9966
10.7767
8.3791
6.24553
6.74504
7.49405
10.7908
13.9394
15.5379
16.7274
13.5305
10.625
10.9247
11.1187
10.1197
9.26345
10.0627
11.1636
15.859
19.9059
16.0097
12.4073
12.5072
12.4928
10.9942
9.92678
14.6222
18.6284
13.1337
8.03281
8.53232
8.90452
7.40598
6.33316
11.7279
16.6387
13.9413
11.5907
14.8874
17.6483
11.3545
5.5616
8.55866
11.753
18.5463
24.5005
14.5103
5.14398
8.14104
10.9908
10.791
10.7939
15.1896
19.2399
15.4437
11.6956
9.09812
6.81012
12.3047
17.4913
14.4942
11.48
7.98342
4.85218
12.6445
19.9418
11.4501
3.14317
1.14513
-.662422
4.53249
9.4971
5.30121
1.20225
1.30215
1.51321
7.00783
12.3218
8.12588
3.95666
1.35921
-1.16616
1.13158
3.37449
1.37645
-.574092
1.82356
4.24507
9.34008
14.3463
6.55397
-1.18277
2.3138
5.79289
3.39523
1.00211
3.10006
5.198
