-38.1886
-12.9133
12.3619
12.4997
12.5996
8.02044
3.42494
4.49296
5.59188
2.8234
.0261463
-.0989684
-.198871
.392635
.992048
-1.26726
-3.56501
-2.91133
-2.21202
-2.69093
-3.19044
-6.33566
-9.53253
.179364
10.1696
3.37295
-3.82
1.74672
7.64095
2.35645
-3.23807
-.974737
1.52282
-3.24074
-8.23584
-5.21157
-1.9148
.0320408
1.93018
3.53964
5.13807
.974607
-3.42108
-2.64164
-1.64262
.0258813
1.72422
2.46811
3.16742
3.2
3.2
-1.64769
-6.7427
-6.05143
-5.05241
1.62628
8.61943
2.38742
-4.60573
-2.54899
.0484656
-1.77555
-3.87349
-4.56327
-5.16268
-.703249
4.09205
-.835246
-6.42976
-5.68051
-4.48168
-6.1688
-8.06694
-1.41836
5.87449
4.26782
1.97007
-.235169
-2.43301
.169356
3.16642
.820749
-1.97651
-1.55656
-.857243
1.95174
4.9488
1.63038
-2.2658
-1.13867
.459761
.508862
.40896
-4.51084
-9.90555
-5.95346
-1.05826
-1.41495
-2.31407
-1.31575
-.116925
3.69649
7.79248
5.86097
3.26352
2.64093
2.24132
-1.29327
-5.18945
-3.99125
-2.19301
.318665
2.91612
2.13219
.93337
-4.3497
-10.144
-6.10462
-.809807
-1.34915
-2.64788
.904423
5.10031
-.384324
-7.17767
1.83461
13.0236
11.5088
8.21199
5.00264
1.80577
-.257212
-2.15535
2.38642
7.88104
4.25849
-.736611
-1.6599
-1.95961
-1.48137
-.881956
-.972486
-1.17229
-4.03955
-7.33632
-2.39137
3.90246
4.88565
4.98556
3.29081
1.29276
-.278958
-1.77749
-.979183
.219642
.315127
.215225
-1.15482
-2.75326
-3.08448
-3.18438
-2.69429
-2.09488
-1.49546
-.896052
-1.63893
-2.63795
-6.2316
-10.3276
-2.2323
8.25742
6.25122
1.75563
-2.73996
-7.23556
-5.42965
-2.33268
-1.71728
-1.61738
-1.68252
-1.78242
.175853
2.5735
-2.58494
-9.37828
-7.65032
-4.05384
-1.51998
.777766
1.36309
1.56289
2.00674
2.50625
.00311822
-3.19375
-2.34278
-.54454
.526849
1.42597
-1.8643
-6.16009
.393988
9.58498
6.02836
-.665077
-1.2802
-.38108
2.51259
5.90926
2.22275
-3.27186
-3.68548
-2.78637
-2.04564
-1.34632
-5.54494
-11.0396
-6.28976
1.2029
-.422905
-4.51889
-3.75335
-1.65541
-4.40685
-8.50284
-3.54849
3.94417
-.703771
-8.79584
-4.54497
3.24739
3.37391
1.27597
1.57237
2.57139
5.11124
8.1083
8.95369
9.15349
2.37818
-6.51311
-4.7773
.2178
3.61148
6.50865
3.39688
-1.59822
-4.24146
-6.1396
-4.93524
-2.7374
-1.74715
-1.14774
-1.97863
-3.27736
-1.72291
.774638
.351572
-1.04706
-1.62407
-1.92378
-.882558
.615973
1.9659
3.26463
6.56418
10.5603
8.12629
3.43089
2.71599
3.4153
3.6
3.6
2.5735
1.17487
-4.02629
-10.6198
-4.96115
5.22886
3.99962
-1.49499
-4.886
-7.48345
-1.97854
6.61304
.053799
-12.3341
-8.67685
1.21346
4.35878
4.85829
2.56698
-.829693
.412273
3.50924
2.47847
-.21889
-.716112
-.316503
-.695435
-1.39475
-3.71742
-6.71448
-4.99576
-1.29938
2.74794
6.94383
5.82023
2.42356
.0738481
-1.82429
2.75052
10.1433
8.16624
2.07221
.13079
.0308877
-.138029
-.337833
-.262363
-.0625586
.274491
.674099
2.78438
5.68154
6.73646
6.93627
5.63929
3.64125
2.45728
1.65806
-2.04984
-7.14485
-4.55077
1.74306
3.19473
2.29561
.591812
-1.50613
-2.26686
-2.36676
-2.2
-1.9003
-1.60059
-1.30089
.655656
3.45291
1.03004
-4.06497
-2.17649
3.31812
7.03921
9.83647
8.83529
5.83823
3.49411
1.49607
4.31533
9.71005
7.51111
1.21728
-.158806
1.13992
.245259
-1.85268
1.70915
8.40259
6.11925
-1.17361
-2.96899
-1.67026
1.54032
5.83611
6.25641
4.45817
-1.0136
-8.60616
-4.58077
6.20866
10.0112
9.71146
6.52528
1.63007
-1.76384
-4.26139
-2.89276
.80362
1.39189
.0931648
2.88422
8.17903
6.49376
.499639
-.937953
.460676
-.534475
-3.03203
-2.40923
.188219
1.56592
2.16534
5.25721
9.95261
8.10365
2.00962
.808002
2.80604
4.74388
6.64202
3.55945
-2.83428
-2.82805
1.46774
2.90191
2.4024
1.84347
1.24406
2.24373
4.34168
4.37358
2.97495
2.10583
1.60632
6.3256
14.7174
13.1155
4.42403
.683506
.483702
.109746
-.389765
1.94562
6.34131
6.75852
4.26097
3.14254
3.04263
3.22907
3.62868
6.31116
10.7068
9.69932
4.60431
7.10447
15.3963
13.0126
2.42301
.670728
5.76574
6.76595
4.56811
1.92308
-1.07398
2.72453
11.9155
12.8917
7.29716
6.01682
8.21466
7.76703
5.16958
3.61557
2.91626
2.6
2.6
8.32531
18.815
19.5795
12.1867
7.71729
5.71925
6.74182
10.3383
8.88287
3.08854
2.75611
7.1518
6.15893
.464508
1.68041
8.97327
13.5651
15.763
15.8502
14.052
13.4103
13.8099
10.9623
5.16803
6.05242
13.0456
11.3578
1.66727
2.80002
13.989
17.5427
13.9463
9.11634
3.12221
4.75667
13.648
16.5209
13.6237
11.4887
10.0901
8.38777
6.38973
5.45041
5.55032
5.04758
3.94866
4.15036
5.64889
7.84501
10.7422
10.2147
6.21862
4.69436
5.69339
7.2833
9.48114
11.2866
12.6852
13.5465
13.8462
12.9296
10.7318
10.5691
12.5672
14.3239
15.8225
16.3597
15.8601
11.2917
2.30048
.794197
7.48764
12.092
14.3898
18.6261
25.0198
25.3393
18.8457
12.6803
6.88597
7.11539
14.2084
18.5115
19.6104
20.0611
19.7614
16.6491
10.2553
8.72833
12.9242
12.457
6.46286
4.74771
8.14439
9.77337
9.27386
8.68409
7.98478
7.55507
7.45516
8.56318
11.1606
12.6
12.6
10.427
5.53182
4.21282
7.40968
10.7824
14.3788
14.8684
11.3718
11.5346
16.4298
18.8097
17.9106
16.407
14.1093
11.8975
9.79956
12.9208
23.0109
22.4549
7.56951
3.74752
14.9365
19.7545
15.8583
14.6079
17.0056
15.7247
9.33098
6.3905
8.28864
11.0564
15.0525
15.5041
10.9087
9.26647
11.8639
10.0117
1.71987
-1.33118
3.26432
6.97034
9.36799
11.8863
14.5837
14.5183
10.3225
10.1906
16.1847
17.9365
13.2411
9.53206
7.33421
8.51239
14.9061
18.5266
17.8273
17.0113
16.0123
13.3892
8.19431
6.11572
9.01288
10.6852
10.3855
11.8375
16.1333
18.6863
18.3866
16.3155
11.3204
8.98738
11.0853
12.5865
13.086
13.8452
15.044
15.7631
15.6632
13.0669
6.17369
5.48804
15.5781
21.201
19.0031
17.889
18.6882
18.3018
15.8042
14.8789
16.777
16.8628
13.666
12.9429
16.7392
18.2159
15.4187
14.4737
16.9713
17.6269
14.8296
14.6587
19.4541
20.5383
14.5442
11.8641
15.5605
16.3015
11.3064
7.83113
7.33162
8.8804
14.4749
16.9982
13.4017
12.7257
17.9206
21.433
21.5329
19.2387
12.0458
8.96038
14.3551
18.0648
18.2646
16.6607
11.266
9.6808
16.1744
18.0865
10.1942
5.65376
8.35112
10.5771
11.7759
13.3495
15.7471
19.1689
24.8633
25.9938
16.9027
10.5693
10.4694
12.1963
18.0905
20.2337
13.7401
11.1836
17.7771
22.5194
22.919
22.6067
20.6087
17.3141
10.9203
7.24887
10.146
12.9269
15.4244
17.1711
17.0712
17.8318
20.729
21.4895
16.894
14.3922
17.1894
16.9803
9.08808
4.18123
6.97849
10.3575
15.2528
19.7353
23.132
24.125
18.7303
13.5526
8.95708
7.0538
12.4485
16.5871
17.2864
17.6408
17.0414
17.2057
19.5034
21.775
23.9729
24.5882
20.692
18.2892
20.1873
20.629
16.8327
14.8367
18.1335
19.9961
17.5985
14.1274
7.43394
3.58889
8.38419
11.7788
10.8797
12.4671
21.758
26.8413
18.7492
13.6074
17.8033
20.3815
17.784
15.5405
14.4415
14.0914
16.1893
17.2895
15.0917
13.8831
15.9811
17.5772
17.4773
17.3548
17.155
16.8879
16.3884
16.0889
16.4885
15.4563
9.36228
6.32472
14.217
19.7076
16.5108
14.1072
14.6067
14.8725
14.2731
14.7261
19.1218
22.1829
20.1849
18.0629
15.4654
14.2798
18.5756
21.2299
17.4336
15.6443
21.8383
24.4946
12.9059
4.82006
11.014
15.0259
10.0308
6.90648
11.6019
15.5718
16.4709
15.8773
8.88418
4.95775
14.3485
21.0748
16.0797
12.2197
13.4185
15.052
18.6485
21.2058
19.008
16.2608
10.966
7.80921
14.7024
19.6548
15.359
11.3888
8.99115
7.98237
13.7767
18.8679
20.4663
20.9561
15.8611
11.2403
9.04245
6.6669
3.37013
1.87669
9.86886
15.9222
11.6264
7.93773
7.53812
8.44507
16.5371
23.1268
21.3286
18.4069
9.11599
2.32358
9.91614
16.3708
16.171
15.9136
15.3142
14.8284
15.0282
15.004
13.6053
12.3172
11.7177
10.7237
7.2271
4.9914
10.8856
16.1322
17.1312
17.7005
15.4027
12.3482
4.15628
-1.06755
14.2175
25.9586
12.7715
2.55851
13.6476
22.9544
19.258
15.9526
15.553
15.5146
18.2119
19.8095
12.9163
7.65575
15.2483
21.4136
16.1188
11.4652
12.0646
12.9095
15.8067
17.8447
12.5499
8.03646
10.3342
12.168
9.87029
7.8
7.8
8.20714
12.403
15.8866
12.5898
9.72093
11.0196
11.9541
9.25677
6.8891
7.88813
9.14859
13.1447
16.6041
14.3063
12.508
16.2043
19.6081
19.708
19.2844
12.7908
6.83868
7.33819
8.36551
15.8582
22.2785
15.1855
8.31405
4.31797
1.00326
6.79759
12.3081
13.9065
15.1835
11.8867
8.85092
9.65014
10.4555
11.3546
12.0925
10.2942
8.76179
11.559
14.2614
15.3603
16.3084
14.6101
13.0779
14.5764
15.7652
11.0698
6.87836
12.6727
18.1908
17.991
17.6501
14.2535
11.1095
13.707
16.0193
11.5237
7.19236
6.99255
6.81812
7.31763
7.80343
7.90333
8.03556
9.13449
10.1392
8.14121
6.26535
8.5631
10.6995
6.90318
3.42049
12.4117
21.0106
12.6189
4.49057
8.88626
13.146
10.2488
7.33499
3.43881
-.308794
5.88514
11.9107
4.91758
-1.96653
1.13043
4.21944
6.41729
8.58968
7.09115
5.59163
3.8933
2.19081
-.906154
-3.99285
3.10019
10.1932
