.999098
-.998944
-2.99699
-6.19204
-9.38891
-3.72533
1.96909
3.29168
4.5904
.137616
-4.35798
-4.79587
-5.19548
2.40548
10.0979
1.91955
-6.47222
-3.55019
-.453224
2.64374
5.74071
-.765292
-7.45873
-3.10149
1.494
-1.91352
-5.51
-.340287
5.05443
-.437966
-6.23229
1.36084
9.35301
4.17837
-1.41614
1.78166
5.27824
5.78569
6.1853
6.39245
6.59226
3.43095
.134186
-2.01255
-4.1105
-.0874763
4.20831
4.78178
5.18138
2.34254
-.65452
-4.03179
-7.42847
-8.16914
-8.76855
-5.77084
-2.57397
6.10189
15.0931
9.28393
2.59049
.0363008
-2.26145
-4.5592
-6.85694
.962997
9.45468
6.35402
2.45784
-3.49074
-9.58476
-7.11405
-4.01709
-3.3355
-2.83599
-.297007
2.40035
3.15504
3.75446
.476772
-3.1197
-1.64979
.248345
-1.53033
-3.62827
.0524306
4.24832
3.50165
2.30283
.282007
-1.81594
.551842
3.3491
1.59929
-.598558
-1.70746
-2.70648
1.18419
5.57989
1.39194
-3.70307
-2.30667
-.208731
4.04831
8.54391
.920991
-8.0702
-2.01346
5.7789
4.27624
1.67879
2.29179
3.29081
1.62033
-.377716
4.90485
11.0988
5.86433
-.829112
-2.48396
-3.48298
4.07345
12.7649
8.07969
1.58605
-3.59045
-8.58555
-7.97341
-6.57478
-4.3894
-2.09165
1.95053
6.24632
2.88383
-1.61176
1.79418
6.38968
-.190649
-8.48252
-1.21546
8.47504
4.10798
-2.48556
-2.62558
-1.72646
-.999042
-.299727
4.42539
9.82011
7.18161
3.18553
-1.83372
-7.02863
-7.62986
-7.43006
-.355597
7.93628
6.15164
2.55517
3.35169
4.95012
1.15432
-3.64098
-2.29777
.199783
4.87856
9.97357
4.27158
-3.52078
.878128
7.67147
4.30147
-1.09324
-2.41555
-2.91506
-2.33668
-1.53747
-2.30991
-3.40883
-5.00289
-6.70123
-5.68276
-4.08433
-3.22508
-2.52576
-2.72774
-3.12735
-4.50784
-6.10627
-6.15537
-5.85566
-1.32584
4.16877
-2.50949
-12.0002
-10.8046
-7.10822
-4.13869
-1.34143
-1.12226
-1.52187
-2.08222
-2.68163
.567294
4.76318
3.36062
.56336
-.159564
-.359368
6.68318
15.5745
8.50826
-2.68078
-.961066
4.13394
5.437
5.7367
3.4359
.43884
1.52936
3.72721
2.39653
.098783
-2.98112
-6.27789
-5.28356
-3.08571
-5.1682
-8.46497
1.04697
14.234
9.84389
.353185
-3.65369
-6.05134
-5.90663
-5.00751
-7.25905
-10.4559
-7.29087
-2.19586
-1.84099
-2.93992
-.0734176
4.02257
5.6085
6.40771
1.44107
-5.35227
-4.04884
-.152657
1.78117
3.0799
-.213403
-5.0087
-3.34683
.449451
.351572
-1.04706
-3.1926
-5.59026
-6.72147
-7.42079
-1.95317
5.63938
3.89477
-1.10033
1.96062
7.85484
2.54469
-6.7462
-3.61269
3.97987
-.818895
-10.1098
-9.23622
-4.64072
-3.83758
-4.43699
.927792
8.52035
6.32024
.426013
3.14055
9.13468
2.21453
-9.67382
-5.58905
4.70087
6.52367
5.02514
2.09542
-1.40115
-1.18682
.511518
-.850365
-3.44782
-1.57403
2.12235
4.89863
7.29628
5.60026
2.20359
-1.33385
-4.93033
-3.12225
.973736
-.249763
-3.74634
-.472558
5.72137
2.31027
-5.28229
-1.7005
6.79118
9.46921
9.56911
4.63097
-2.56198
-4.38709
-3.78768
.585989
6.68002
6.41033
3.21347
1.72238
1.02307
.8
.8
1.88543
3.48387
.820737
-3.87466
.737779
9.82887
8.89936
3.10504
.0600382
-1.6383
3.48317
11.9748
10.5334
4.1397
2.93057
4.3292
1.5526
-3.3426
1.47561
11.266
10.8447
5.15031
2.67451
1.87529
.421174
-1.37706
-4.87296
-9.26865
-2.40226
10.4851
8.25009
-2.13973
-3.40583
.290545
1.21293
.613518
-.243157
-1.24218
-2.2412
-3.24022
-3.3443
-2.94469
-1.27052
1.12713
1.8094
1.50969
2.03337
3.03239
3.02115
2.42174
2.82945
3.82847
3.63525
2.73613
4.02639
6.62385
6.47756
4.67932
3.44054
2.54142
2.50983
3.00934
1.77928
-.518472
-.0453547
2.15249
4.71861
7.51587
8.90592
9.40543
10.3318
11.5307
10.8449
8.94682
4.14007
-2.55337
.417211
9.70811
11.052
7.15585
3.79974
.802679
2.35139
6.94688
10.1116
12.3094
9.87241
4.27789
1.94077
1.84087
1.8
1.8
5.8007
12.594
12.8786
8.58277
5.68959
3.79145
4.92214
8.21891
7.16187
2.96598
3.74562
8.14131
10.9225
12.521
11.5335
8.6364
6.54098
5.04245
4.22878
3.92908
1.4112
-2.78469
-2.95627
-.0591088
-.381568
-3.17883
1.34146
11.5315
12.6344
6.64029
1.8759
-1.92037
-.257913
5.73621
8.4555
8.55541
8.0469
7.04788
5.71817
4.11974
4.27869
5.87713
6.76417
7.06387
6.70926
5.81014
7.08426
10.1812
7.86467
.971422
1.30606
7.7997
7.19917
.505731
-.779371
2.6173
5.00028
6.49881
7.89103
9.18976
12.0773
16.3731
15.7617
10.7666
8.71541
9.31483
8.50016
6.40222
6.65226
9.04991
8.22469
4.42841
5.9143
12.308
13.5943
10.0978
10.4044
14.3006
14.7152
11.8181
11.7261
14.3235
13.0088
7.91383
7.27261
10.969
12.8
12.8
11.0423
7.54574
7.55084
11.0474
11.5045
8.90701
8.49338
10.2916
10.3596
8.66124
7.84924
7.94914
7.60764
6.80842
6.05805
5.35874
7.28671
11.9821
14.5454
14.8451
12.4421
7.14731
3.82321
2.62438
3.19676
5.69431
9.47908
14.674
15.3584
11.0626
10.4076
13.8043
14.3286
11.6313
9.82487
9.02565
8.6
8.6
8.2745
7.57518
6.96848
6.46897
8.22877
12.6245
12.888
8.29252
8.81731
15.4108
15.4949
7.80242
5.59431
9.99
9.33119
2.53785
3.51804
14.0077
18.9052
16.9072
14.5083
11.6111
7.96007
3.36457
3.97884
11.1718
14.8923
14.193
14.1938
15.0929
15.295
14.5957
13.0724
10.475
10.0793
12.5768
13.5273
12.4283
12.2278
13.2268
12.8205
10.5228
9.28478
9.48458
9.30465
8.60533
10.5518
16.1463
17.4353
12.7399
12.0803
17.0754
17.8467
12.6518
9.35272
8.7533
9.83563
13.3322
15.0326
14.1335
13.1937
12.1947
9.9019
5.70602
5.21175
10.2068
13.8807
15.579
15.3648
12.2679
11.4705
14.1678
14.4586
11.062
9.70661
11.5048
11.3501
8.1532
7.24934
9.9467
10.5946
7.99715
4.63024
.0347431
.721507
9.9125
14.1148
10.2186
8.67137
10.9691
13.6438
16.9405
15.438
5.94735
2.38709
8.78083
11.3159
7.31981
4.17258
2.47425
1.10631
.307094
.931973
4.02894
6.14528
6.54489
8.24495
12.241
14.3329
13.0342
10.6992
6.50336
4.83055
7.72771
10.6602
13.6573
14.4754
11.2785
8.85051
7.85149
8.3121
11.509
13.1162
11.7176
12.1745
16.1705
18.3558
17.0571
12.9728
3.48213
.847632
11.637
16.5838
9.99027
6.03398
7.3327
8.73099
10.3294
10.8391
9.14081
7.9672
7.8673
8.77799
11.775
12.6659
9.16929
8.44261
13.5376
16.904
16.6042
16.1136
15.2145
14.347
13.5478
14.2884
18.3844
20.2007
17.0038
14.5517
13.7525
13.385
13.9844
14.4613
14.6611
12.9123
6.71841
4.72928
12.4217
16.9585
14.1612
12.409
13.1083
13.422
12.8226
12.6652
13.5643
12.5901
7.09545
2.53126
.23351
-.678002
1.81955
3.94421
5.14303
7.19651
11.3924
14.7112
15.8101
16.9372
18.136
17.1306
10.4372
6.40345
9.30061
10.5747
7.57765
6.46523
10.3614
11.6
5.70582
2.85379
8.24851
12.5207
13.7195
14.7592
15.3586
13.9302
6.83718
3.16834
9.16247
13.5222
13.2225
13.6694
16.2669
17.7401
15.9418
13.5858
9.58968
8.21025
14.604
18.6511
15.654
13.4
13.4
13.7686
15.2671
15.5712
12.1745
10.3738
13.5707
15.928
15.6283
15.1383
14.0394
13.5539
15.0524
14.7961
8.80198
4.98888
8.38555
12.3114
18.0058
22.3544
22.1546
20.6657
14.7715
10.626
12.5241
12.9555
8.2601
5.26083
8.25789
11.6916
16.6867
19.0422
11.8492
7.05761
11.0537
14.285
14.6846
14.4106
11.6134
9.7545
11.4528
12.7793
12.6794
12.8865
14.2851
15.2987
14.7992
13.5571
9.36117
6.41736
8.5153
9.62933
6.73216
6.32878
16.2191
23.3321
18.8365
14.4554
10.5593
7.98575
11.0827
12.8333
8.73733
6.58424
12.978
16.9367
10.0435
4.94336
7.94043
10.4358
10.6356
11.2076
13.5053
14.7866
11.29
8.34801
8.04831
9.13639
16.9287
22.2991
15.8054
10.1321
8.5337
7.89493
12.0908
15.9924
18.39
19.5277
14.1329
8.9457
4.84971
2.73984
11.2315
18.5557
19.5547
20.3385
19.9389
19.1144
15.9175
13.6943
16.9911
18.5729
10.281
3.448
5.14633
7.01738
9.91454
11.7186
6.92326
3.10802
5.30586
7.68318
11.1797
13.2609
6.36771
.628029
2.32636
3.64139
2.44256
1.9339
6.02989
9.44608
8.24726
7.01054
5.51201
3.92644
1.72859
.828062
9.21984
15.3234
4.73381
-3.69961
3.89295
10.3087
7.81116
6.0124
9.60888
11.8654
3.57355
-3.26892
1.52638
5.73479
5.13538
5.00556
8.80184
11.4771
4.58385
-.859764
6.33319
12.6084
10.7102
8.66376
5.26708
2.51989
5.81666
8.42008
4.424
1.58138
9.97316
17.2995
14.0027
10.4297
4.03598
-1.33811
3.9567
8.83407
9.23368
9.47515
7.97662
7.03076
12.3256
16.6368
9.5438
2.83754
.7396
-.890853
3.20513
6.96328
6.46377
5.88562
4.28719
2.89734
4.29597
5.53243
4.53341
3.57375
3.17415
3.20739
9.60113
15.4087
12.3118
9.19688
5.80021
2.89469
7.98969
12.3701
4.67769
-2.22294
4.77021
11.2079
7.51156
4.07492
5.57346
7
7
7.04143
7.94055
8.84848
9.94741
10.781
5.58607
.78876
5.48416
9.78224
4.08782
-1.25139
2.84459
6.824
7.52332
8.21616
8.71567
9.31845
13.2146
16.8636
12.0683
7.16188
-1.82931
-10.4162
-2.92359
4.36619
2.86765
1.4247
2.62352
3.8894
8.68471
13.2383
3.54781
-5.92056
-.525849
4.82423
6.72237
8.5525
4.15681
-.194698
.404715
1.00206
1.30177
1.59705
.997634
.401185
.800794
1.19909
.299975
-.599144
