-106.176
-53.8277
-1.47896
3.68732
8.78232
4.91733
1.02114
3.78207
6.57933
3.72424
.827076
3.17523
5.57289
5.20491
4.8053
4.50426
4.20456
5.1838
6.18283
6.39637
6.59617
6.01206
5.41265
7.45366
9.55161
5.98888
2.29249
4.24544
6.34338
6.01117
5.61156
5.11494
4.61543
6.34266
8.1409
9.45604
10.7548
6.94307
2.94698
5.01322
7.31097
5.57539
3.67725
4.36668
5.1659
5.86948
6.56879
4.78656
2.88842
2.03801
1.23879
2.72084
4.31927
3.16685
1.86813
4.16653
6.66408
5.19408
3.49575
3.77707
4.17668
1.37778
-1.61928
1.48573
4.9823
3.98212
2.6834
4.46973
6.46777
7.43961
8.33873
6.07262
3.57507
3.4929
3.5928
3.8781
4.17781
3.92247
3.62277
4.15387
4.75328
4.70788
4.60798
4.96768
5.36729
5.21655
5.01675
5.6407
6.34001
6.67399
6.9737
5.72407
4.32544
5.65506
7.25349
8.30745
9.30647
6.8646
4.06734
5.24566
6.8441
6.5492
6.04969
6.89962
7.89864
8.08976
8.18966
5.78158
3.08422
2.53187
2.23216
3.8944
5.79255
4.66524
3.16671
3.17757
3.37738
3.22281
3.02301
.701694
-1.89576
-.435993
1.56205
5.84822
10.4437
10.1219
9.12289
5.58308
1.6869
3.29801
5.69567
4.08112
1.88327
3.94969
6.64705
7
7
4.83414
2.33658
3.29658
4.79511
3.7926
2.39397
3.4907
4.98923
4.25563
3.15671
4.79876
6.8967
7.79821
8.49753
5.70102
2.30435
2.56561
3.46473
5.1277
6.92593
5.50646
3.50842
3.70688
4.30629
2.63001
.532066
2.13405
4.4318
5.21946
5.71897
6.72067
7.81959
7.58249
7.08298
6.75008
6.45037
6.64933
6.94903
6.91708
6.81718
5.14562
3.14758
5.27569
8.27275
6.24785
3.15089
3.6677
4.96643
6.5929
8.29124
9.98957
11.6879
8.81978
4.92359
5.09482
6.19375
8.91572
12.0127
12.1952
11.6957
10.1463
8.34806
9.6113
11.6093
12.2411
12.5408
10.8362
8.63833
11.1592
14.8555
16.0787
16.6781
14.492
11.5948
13.3817
16.3788
17.396
17.8955
17.763
17.4633
15.1935
12.3962
10.6209
9.12235
10.0546
11.653
15.8326
20.7278
20.5517
18.9532
18.9113
19.3109
19.4776
19.5775
20.0646
20.664
20.8772
20.9771
21.8474
22.9464
21.8936
20.1953
20.6431
21.7421
21.0825
19.8837
21.7352
24.5325
25.2
25.2
24.9724
24.6727
25.054
25.6534
26.7057
27.9045
27.0708
25.5723
26.4764
28.1747
29.6484
31.047
31.9228
32.6221
31.9805
30.8816
32.9033
36.0003
36.8
36.8
37.1695
37.669
38.2423
38.8417
37.3826
35.1848
38.7793
44.4737
48.7788
52.575
54.2564
55.1555
55.2545
55.0547
59.5699
65.8637
69.5532
72.2506
73.7936
74.8925
80.6683
88.2608
95.8534
103.446
107.747
110.744
114.883
119.478
125.283
131.577
143.052
156.639
166.05
173.742
183.129
193.219
200.564
206.758
216.321
227.31
239.209
251.497
266.647
283.031
297.744
311.73
325.717
339.703
353.205
366.492
379.158
391.546
412.88
438.255
455.601
469.288
484.959
501.543
522.152
544.63
565.407
585.387
597.838
606.729
626.849
652.324
665.726
673.319
690.932
713.41
723.884
728.48
736.753
746.843
755.6
763.692
771.85
780.042
783.661
784.96
800.532
823.409
834.823
840.318
840.755
838.557
838.258
838.958
842.726
848.121
851.627
854.125
856.363
858.461
857.453
854.755
856.187
859.883
859.27
856.273
854.879
854.38
850.748
845.353
845.567
848.963
856.108
865.399
863.29
854.598
853.231
856.128
851.912
843.521
843.161
847.557
843.445
834.254
832.671
835.668
836.303
835.503
830.552
823.06
821.744
824.242
833.081
845.869
844.11
833.22
828.327
827.228
820.579
810.389
805.792
804.793
800.885
795.091
788.511
781.418
771.917
760.828
752.139
745.046
735.501
724.312
713.659
703.369
695.635
689.64
683.35
676.857
670.363
663.869
662.435
664.533
663.054
659.058
652.666
644.574
638.055
632.66
631.793
634.191
635.373
635.673
632.398
626.504
623.77
623.37
620.909
616.913
615.371
615.671
618.985
624.579
625.413
622.616
621.343
621.244
622.269
624.168
620.569
612.676
609.2
609.2
606.638
602.042
596.115
589.121
585.281
583.982
583.786
584.485
578.429
566.841
560.287
557.889
550.475
538.886
532.622
530.824
524.153
513.364
507.914
507.015
504.128
499.532
496.275
494.177
486.424
473.737
465.089
459.994
458.024
458.823
455.137
447.445
443.852
443.952
441.486
436.691
434.974
436.073
430.258
418.07
416.861
425.852
431.696
434.593
434.612
431.915
429.678
427.88
424.807
420.511
416.52
412.824
411.304
411.903
414.267
418.363
417.035
410.342
405.449
402.352
401.199
401.998
397.188
386.699
381.301
381.101
377.898
371.604
366.585
362.889
356.75
348.059
342.773
341.074
337.825
332.93
327.794
322.399
320.417
322.115
321.803
319.306
315.998
311.802
307.273
302.378
298.05
294.354
291.129
288.431
283.436
275.844
271.286
270.187
264.485
253.496
242.831
232.541
225.939
223.642
219.645
213.651
207.383
200.789
193.149
184.257
177.949
174.753
171.556
168.359
163.814
157.62
152.902
150.005
145.995
140.6
139.241
142.937
143.72
140.822
137.881
134.884
133.813
135.211
136.174
136.574
137.32
138.519
137.646
134.049
133.676
137.572
141.212
144.508
148.274
152.669
157.489
162.884
167.519
171.115
177.4
187.39
197.004
206.095
221.926
247.201
268.791
285.175
304.609
328.386
354.91
385.381
414.789
442.662
477.035
520.892
564.102
606.361
648.78
691.438
735.258
780.813
826.926
873.88
917.226
955.089
996.424
1043.08
1088.75
1132.91
1173.59
1208.85
1246.26
1287.02
1329.83
1375.88
1413.93
1439.21
1470.03
1509.79
1551.8
1597.46
1639.13
1674.3
1714.7
1763.76
1817.61
1879.45
1934.05
1976.51
2030.95
2105.68
2166.09
2202.05
2247.82
2310.46
2369.11
2420.86
2468.84
2510.19
2560.15
2625.29
2684.42
2732.88
2788.44
2856.77
2910.43
2937.5
2976.03
3035.47
3094.31
3152.06
3206.97
3256.62
3308.63
3365.08
3418.48
3466.14
3507.26
3535.93
3571.3
3619.55
3665.33
3706.29
3747.48
3789.14
3813.84
3805.05
3816.66
3868.91
3907.75
3919.64
3933.11
3949.79
3970.74
4000.41
4017.17
4007.28
4000.31
3999.41
3997.64
3994.04
3992.34
3994.63
3996.71
3998.31
3999.34
3999.14
3998.9
3998.61
4000.12
4005.61
4004.25
3987.66
3968.71
3944.43
3917.64
3885.17
3853.89
3825.32
3799.95
3781.97
3760.74
3731.97
3702.42
3671.05
3647.04
3640.45
3628.64
3604.36
3587.05
3586.55
3583.29
3573.3
3573.07
3596.85
3617.59
3630.77
3641.17
3644.56
3648.19
3652.38
3666.05
3703.91
3742.47
3782.83
3819.59
3846.96
3883.74
3945.28
3995.76
4016.84
4039.82
4067.89
4094.67
4117.95
4146.44
4189.2
4226.97
4250.94
4275.45
4301.42
4328
4356.27
4381.3
4397.08
4411.35
4421.24
4426.25
4417.06
4418.16
4449.53
4467.24
4444.36
4427.47
4428.57
4427.05
4417.56
4407.25
4394.47
4380.14
4361.06
4344.91
4337.91
4326.17
4299.4
4274.84
4257.35
4246.05
4254.74
4251.43
4208.87
4172.3
4155.52
4134.87
4101.3
4080.23
4101.41
4106.94
4058.99
4022.61
4026.2
4023.11
3996.64
3978.71
3991
3995.71
3973.33
3950.63
3926.75
3907.48
3905.09
3903.11
3902.71
3902.17
3901.07
3898.95
3892.95
3886.59
3878.8
3870.35
3859.36
3847.05
3829.57
3814.82
3810.92
3805.39
3793.31
3783.58
3783.48
3779.03
3756.66
3736.63
3726.44
3717.42
3713.32
3708.98
3703.58
3690.9
3646.54
3608.35
3597.26
3586.42
3576.73
3566.1
3551.21
3536.2
3520.62
3501.33
3464.87
3429.28
3397.81
3367.17
3340.5
3314.97
3294.99
3273.86
3247.09
3218.91
3183.74
3148.48
3112.71
3077.96
3048.39
3020.95
3004.57
2987.06
2963.69
2941.81
2927.92
2912.06
2885.48
2858.66
2830.49
2807.3
2811.89
2811.48
2782.71
2756.96
2748.57
2738.44
2718.16
2697.81
2677.03
2656.37
2636.49
2618.68
2613.59
2605.83
2581.45
2560.11
2558.02
2554.74
2543.85
2531.98
2513.7
2493.93
2464.26
2439.08
2444.37
2447.48
2435.5
2425.02
2425.22
2426.59
2436.28
2443.14
2429.35
2416.68
2412.28
2410.07
2424.35
2436.78
2434.88
2433.32
2434.42
2437.04
2451.82
2462.68
2441.4
2423.17
2430.36
2436.29
2431.39
2427.53
2432.73
2437.92
2443.12
2447
2438.91
2431.09
2425.79
2420.91
2420.01
2420.05
2429.14
2436.03
2421.05
2407.6
2409.79
2410.91
2400.72
2391.15
2388.25
2385.65
2386.25
2385.78
2373.3
2358.16
2312.3
2268.84
2253.85
2239.44
2232.05
2223.82
2205.04
2186.57
2172.18
2157.49
2138.71
2120.93
2116.93
2112.15
2096.16
2080.86
2075.46
2068.36
2035.4
2003.97
1996.88
1988.93
1966.95
1945.94
1941.24
1935.48
1911
1887.1
1873.72
1860.17
1843.59
1826.37
1796.7
1767.61
1750.42
1733.6
1724.61
1714.47
1678.1
1642.58
1627.09
1611.61
1596.23
1580.35
1551.38
1522.62
1500.05
1477.66
1461.08
1444.2
1418.03
1391.8
1363.73
1335.46
1299.99
1265.36
1263.76
1261.96
1251.37
1240.18
1200.21
1160.88
1154.38
1147.88
1140.99
1133.92
1114.94
1095.91
1073.64
1051.45
1037.46
1023.45
1006.67
989.794
959.923
930.073
904.399
878.658
830.705
782.764
747.299
711.834
