-115.174
-58.6299
-2.08529
.493785
2.99134
2.00444
1.00542
1
1
1.49582
1.99533
-1.95873
-5.95482
-2.24664
1.54964
.614232
-.384789
-.4
-.4
-.00725984
.392349
-.0899477
-.589458
-1.77352
-2.97235
-1.24324
.554999
-.0818152
-.78113
-3.13295
-5.5306
-3.36876
-1.07101
.452221
1.95075
-.222237
-2.51998
-.864383
.933855
1.19245
1.39226
.631746
-.16747
-1.44587
-2.74459
-1.26976
.328675
.972665
1.57208
-1.5432
-4.83997
-2.71873
-.321083
-2.192
-4.28994
-2.98008
-1.48155
2.18968
5.98597
4.59741
2.89908
1.57704
.278312
.481634
.78134
.42527
.0256619
1.49578
3.09422
1.98722
.688492
-.237855
-1.13697
-1.75739
-2.35681
-1.56567
-.666551
-.322477
-.0227709
-1.29237
-2.691
-1.14191
.656327
-.303044
-1.50187
-.682755
.316266
1.0407
1.74001
-.391992
-2.78964
-1.72408
-.32545
-1.47318
-2.87181
-1.54807
.050364
1.01495
1.91407
1.81929
1.61949
-.02285
-1.82109
-1.73011
-1.43041
-.951167
-.451656
.58528
1.6842
-2.04313
-6.33892
-4.48133
-1.88388
-.977115
-.2778
-.288788
-.38869
1.01747
2.61591
1.20886
-.589372
-.270797
.328615
2.07209
3.97023
.424213
-3.87158
-2.56012
-.462179
1.72318
3.92103
1.93224
-.665218
.827543
2.92549
4.76294
6.56118
3.59453
-.101849
-.0813694
.518043
-3.62589
-8.5211
-5.32789
-.832291
-1.14436
-2.24329
-2.05738
-1.65777
-.147186
1.55115
-1.86635
-6.16214
-6.37466
-5.87515
-1.811
2.8844
.975027
-2.12194
-.910385
1.08766
-1.54997
-5.04655
-2.23643
1.75965
.806024
-1.09211
-.981512
-.482001
.435018
1.43404
-.232735
-2.43058
-1.47023
.128199
1.31206
2.41098
2.68272
2.78262
1.47963
-.118802
-1.22327
-2.22229
-1.82508
-1.12576
.392906
2.09124
3.05392
3.85313
1.55368
-1.44339
-1.10517
-.00624561
-2.07227
-4.86953
-3.21417
-.51681
-.242283
-.54199
.0445213
.843738
.517783
-.0816297
1.24312
3.04136
.920685
-2.17628
-1.28414
.614
-.114209
-1.51284
-.609142
.889389
1.91275
2.81187
1.18302
-1.11473
-1.04838
-.349063
-.121393
-.0214906
-1.01935
-2.31808
-2.83465
-3.13435
-1.17148
1.42598
2.62259
3.42181
3.44474
3.24494
2.34824
1.24931
1.46342
2.06283
1.58367
.784453
.0620813
-.637233
-1.18325
-1.68276
-3.02326
-4.6217
-2.10219
1.69409
.850566
-1.44718
.20013
3.09729
1.4542
-1.64276
-1.26787
.230656
1.20223
2.00145
2.87575
3.77487
2.8018
1.20336
.8
.8
2.14093
3.93917
2.76539
.567546
-.148209
-.348014
1.52163
4.11908
5.16856
5.66807
4.47669
2.67845
3.00653
4.10546
3.44936
2.15064
1.43535
.93584
1.09094
1.49054
.802078
-.296845
1.7873
5.08407
6.07215
6.17205
6.84756
7.74668
4.77101
.27542
.574307
2.77215
4.68454
6.48278
7.07117
7.17107
6.98708
6.68738
6.38767
6.08796
4.87071
3.27228
4.84116
7.73832
7.68754
6.38881
5.37006
4.47094
3.57182
2.6727
2.74801
3.24752
5.27396
7.97131
8.03869
6.93976
6.53098
6.43108
7.36346
8.76209
7.75892
5.66098
6.0264
7.52494
7.59061
6.9912
8.9091
12.0061
11.9146
10.3161
9.93529
10.1351
11.2117
12.7102
12.7965
12.1971
13.14
14.8383
14.7982
13.8991
12.8667
11.7678
13.9258
17.7221
16.813
13.5162
12.9286
13.7278
14.3294
14.8289
15.7882
16.987
17.3345
17.2346
17.2
17.2
16.0933
14.395
13.9947
14.2944
14.0117
13.4123
14.9418
17.6392
17.8925
16.7936
16.2717
16.0719
14.0823
11.0852
9.74509
9.34548
11.8048
15.9008
16.7033
15.6044
15.2631
15.363
16.0294
17.0285
18.404
20.0024
19.9119
18.813
17.8388
16.9396
17.1594
18.0586
16.6649
13.8677
14.0972
16.1951
15.7069
13.609
15.7462
20.5415
21.727
20.6281
21.7247
24.2222
20.7622
13.4693
12.4179
15.4149
17.8684
19.9663
20.1377
19.0388
18.1799
17.4806
16.9607
16.5611
17.4135
19.1118
18.4927
16.2949
15.7553
16.3548
15.5375
13.7392
13.9413
15.5398
16.1414
16.0414
18.4546
22.6505
22.9438
20.4463
19.4
19.4
18.7636
17.6647
15.6432
12.9458
13.409
16.2062
17.3427
17.2428
17.0288
16.7291
17.3394
18.6381
18.3498
16.8513
17.1037
18.7022
19.8503
20.6495
19.6538
17.2561
15.9205
15.421
14.1417
12.2435
13.7312
17.9271
19.7447
19.6448
17.8363
14.6395
12.7606
11.9614
13.9531
18.2489
19.9274
19.4278
19.3087
19.5085
18.8962
17.5975
16.5685
15.7693
14.97
14.1708
14.7103
16.4086
18.3737
20.5716
19.7927
16.396
14.6941
14.4943
15.297
16.9953
18.2205
19.0198
19.4
19.4
19.0347
18.3354
18
18
17.1714
15.573
15.7286
17.5268
18.7597
19.4591
19.288
18.289
16.8309
14.9328
15.9815
19.8776
22.3061
23.3051
22.8421
20.944
21.3559
24.0533
22.4986
16.7043
15.5938
19.1903
19.7592
17.2616
18.719
24.2136
24.9319
20.736
17.8153
16.2168
16.7189
19.4163
22.1136
24.811
24.6009
21.3041
19.6483
19.7482
20.4248
21.7236
21.9213
20.9223
20.4953
20.6951
21.5597
23.1581
24.5201
25.619
25.3524
23.5542
22.3186
21.7192
21.2132
20.8136
20.786
21.1856
21.7704
22.5696
23.6916
25.1901
25.6327
24.8335
23.5314
21.6332
21.8291
24.5264
24.5043
21.2075
18.9036
17.8046
18.4581
21.2554
22.5763
22.0768
22.5127
24.1111
25.8426
27.7407
27.343
24.0463
23.2989
25.7964
25.4934
21.5972
20.0534
21.552
22.7903
23.6894
25.4951
28.4922
27.8363
22.3417
20.7401
24.3366
25.5909
23.6927
23.5749
25.8727
26.8203
25.9211
24.5181
22.4201
21.7016
22.9004
23.7248
24.0245
23.5374
21.939
21.7831
23.6812
25.5383
27.3366
27.9509
26.852
26.2
26.2
25.4318
23.5337
22.6816
23.3809
24.0002
24.4997
26.4336
30.5296
32.6035
31.6045
28.909
23.6142
21.4992
24.2964
27.328
30.7247
32.8389
32.9388
31.4532
27.4572
25.654
27.3524
28.2852
27.9855
28.4093
30.0077
30.8484
30.4488
30.4638
31.1631
31.675
31.8748
31.7016
30.9024
30.7339
31.633
32.1631
32.0632
32.4772
33.776
34.5635
34.4636
34.5816
35.0811
36.0141
37.7124
38.7641
38.6642
38.9216
39.8207
40.4355
40.5354
41.0948
42.4934
43.154
42.4547
42.5592
44.1576
46.5554
50.4515
51.3067
46.4115
44.5057
48.302
50.4242
49.3252
48.1923
46.9935
47.8887
52.8838
54.7561
50.4603
47.6668
47.8666
48.7965
51.1941
52.5031
51.6039
50.9672
50.8673
51.3868
53.185
52.6826
47.3878
45.4426
50.5376
53.2637
50.966
49.4
49.4
50.064
52.162
52.2173
47.8216
46.3615
51.3566
54.1793
52.1813
50.7692
50.6692
49.8339
47.3364
45.4782
45.0786
45.1025
46.1015
46.7098
46.4101
46.6479
48.1464
48.933
48.0339
47.1053
46.1063
45.8683
47.4668
48.4546
47.9551
47.1957
45.797
45.1442
46.343
47.7982
49.8962
51.4849
51.7846
51.5785
50.08
49.9765
53.4731
55.3905
53.1926
51.9576
53.2563
54.6643
56.3627
56.4339
52.1381
49.7538
52.5511
54.9207
56.1195
56.8408
56.2414
55.6947
55.295
54.9477
54.7479
55.3523
58.2495
59.9365
58.1383
56.8255
56.9254
57.3296
58.6283
59.4742
58.9747
58.7248
59.2243
58.8074
55.6105
53.9863
57.1832
60.0144
61.7127
62.3713
59.7738
58.2557
60.1539
60.3153
54.9206
50.8708
51.1705
52.2657
55.9621
58.684
58.1845
58.2601
60.2582
60.7507
56.1552
52.3512
51.2523
51.5434
56.6384
60.1555
58.1575
56.4017
55.5026
54.9965
55.8956
55.4749
50.28
46.4787
47.7774
49.1611
50.8595
52.1368
51.8371
51.5583
51.3585
51.3859
52.285
53.1841
54.0833
54.6379
53.8386
52.9592
51.7603
51.1577
52.956
53.9671
51.7692
49.7078
48.2092
48.0801
53.6746
57.3218
52.7263
49.2078
50.3068
51.1626
50.9628
50.0598
46.0638
43.3675
46.4645
48.8913
48.2919
47.4596
45.5614
44.1595
45.0586
46.2381
48.7357
50.1415
46.3452
43.1486
42.8489
42.1766
39.679
37.7004
38.2999
39.3791
42.8757
45.4076
43.0099
41.2585
42.8569
43.7372
40.84
38.1478
36.5494
35.309
36.0083
36.892
38.7902
40.2179
39.0191
38
38
37.6747
35.4769
33.9355
36.2333
38.0849
37.2856
36.6284
36.8282
36.776
35.1775
33.938
34.9371
35.9225
36.8216
37.4659
36.4668
35.5603
35.2606
34.7916
33.1932
32.018
33.7164
35.2505
35.6501
35.7637
33.8656
32.6161
36.0128
38.6146
35.4177
32.4578
31.259
30.2815
30.9809
31.8406
33.9385
35.7324
35.133
34.6221
34.8219
34.6848
31.7876
29.4348
31.6326
33.6733
34.3726
35.0925
35.9916
36.5176
33.7203
31.4571
34.0546
36.0316
32.2353
29.2464
33.9418
37.8744
34.3778
31.3548
33.0531
34.4752
33.0766
31.9569
33.7551
35.187
32.6895
30.425
30.7247
31.0894
32.1883
33.1445
32.4452
31.7458
31.0465
30.679
34.3754
37.4915
33.2956
29.4572
30.2564
30.8192
28.2218
25.9689
28.4665
30.6425
28.2449
26.1973
29.2943
32.2987
33.8971
35.1371
30.7414
26.6289
27.1284
27.6502
28.5494
29.47
30.7687
31.7404
26.7453
22.1249
24.6224
26.9664
26.2671
25.5586
24.6594
23.8749
25.5733
27.1621
26.263
25.3558
24.2569
23.2306
24.0298
24.8471
26.1458
27.3177
24.92
22.5353
20.5373
18.5787
17.8794
17.2483
18.9466
20.5444
18.4465
16.4906
20.187
23.7031
19.4073
15.1856
14.4863
13.813
14.5123
15.2267
16.8251
18.3985
18.2986
18.1821
16.7835
15.4
15.4
15.4106
16.6094
17.7952
17.0959
16.4039
17.2031
17.9923
15.3948
12.8026
15.4001
17.9975
