-15.1766
36.7725
88.7216
95.7826
102.776
99.0169
95.2206
92.3185
89.4214
89.6975
89.9972
87.6247
85.2271
91.1263
97.1205
93.8484
90.4517
95.5158
100.711
94.6143
88.3205
88.5919
88.9916
89.1956
89.3954
89.7904
90.19
88.6415
87.0431
87
87
87.485
87.9845
87.4191
86.8197
87.7662
88.7652
88.2214
87.622
89.0434
90.5419
89.2555
87.8569
86.7458
85.6469
88.5648
91.6618
88.2685
84.5722
84.019
83.6194
86.5466
89.6436
87.9977
86.0996
84.864
83.6652
86.5284
89.6254
87.2547
84.5573
83.8355
83.2361
84.5143
85.9129
89.7473
93.7434
90.167
86.071
82.2549
78.4587
81.7376
85.5339
87.1006
88.4992
87.024
85.3257
85.2
85.2
83.5384
81.7401
80.2182
78.7197
82.8283
87.4238
88.7172
89.7162
85.7727
81.377
84.1966
87.6932
83.9899
79.5942
82.7467
86.6429
84.3684
81.4712
83.8259
86.7231
86.9096
86.8097
84.1854
81.2882
84.6885
88.7844
88.2125
87.1136
88.4331
90.0315
88.6806
86.9823
84.303
81.5057
82.0008
82.9
81.313
79.4149
85.0471
91.6406
89.8365
86.9393
89.0696
91.8669
96.6002
101.595
101.585
100.886
98.7849
96.4871
96.0251
95.8253
96.4105
97.1098
101.986
107.481
105.595
102.598
108.438
115.63
115.822
114.923
115.49
116.289
118.121
120.119
121.688
123.186
125.97
128.967
134.186
139.78
141.197
141.896
145.743
150.139
151.564
152.463
156.495
161.09
167.545
174.338
175.737
176.137
178.975
182.272
189.008
196.401
200.111
203.108
205.019
206.718
206.167
205.168
213.228
223.118
231.765
240.156
246.315
252.009
256.053
259.75
266.904
274.796
283.51
292.401
297.523
301.819
314.534
329.12
336.448
342.142
357.436
374.919
385.666
394.857
403.643
412.335
425.145
438.931
455.296
472.279
483.798
493.988
507.465
521.751
533.717
545.106
552.426
558.72
576.235
596.616
603.023
605.82
618.2
633.085
645.601
657.489
669.062
680.551
694.791
709.776
723.429
736.716
744.997
751.89
773.607
799.482
816.951
832.037
843.163
853.153
863.298
873.488
892.02
912.999
929.51
944.695
961.417
978.6
988.195
995.488
1006.83
1019.42
1030.71
1041.6
1052.19
1062.68
1065.05
1064.85
1069.26
1075.16
1090.26
1108.34
1115.51
1119.11
1122.7
1126.3
1139.78
1156.56
1169.99
1182.27
1196.35
1211.04
1240.43
1274.9
1294.4
1308.68
1329.84
1353.42
1383.41
1415.68
1440.08
1461.66
1491.52
1524.39
1550.9
1575.07
1611.21
1651.77
1690.29
1728.06
1761.18
1792.55
1836.57
1885.43
1919.71
1948.38
1997.63
2054.87
2108.53
2160.78
2219.25
2280.19
2330.43
2376.38
2438.21
2506.44
2563.46
2615.91
2668.14
2720.29
2775.19
2831.24
2893.2
2957.63
3016.1
3072.05
3137.23
3206.37
3281.01
3358.04
3430.05
3499.88
3574.36
3650.89
3745.62
3848.42
3944.73
4038.14
4120.19
4197.11
4288.04
4385.34
4484.9
4585.51
4677.17
4764.68
4864.17
4969.27
5056.12
5134.34
5241.72
5363
5474.1
5580.29
5656.36
5717.8
5797.68
5886.59
5959.53
6024.56
6077.66
6124.82
6178.29
6234.93
6285.81
6333.76
6371.47
6403.94
6440.96
6480.32
6493.86
6493.96
6521.83
6564.29
6563.39
6539.52
6538.82
6550.5
6538.37
6513.4
6520
6543.78
6559.3
6570.28
6560.76
6539.88
6536.12
6541.91
6532.56
6514.67
6527.89
6558.76
6550.62
6520.15
6532.12
6568.58
6581.49
6580.69
6559.88
6527.31
6550.4
6606.45
6613.57
6591.5
6592.12
6606.4
6607.57
6600.78
6621.62
6659.39
6695.42
6730.38
6770.03
6812.59
6853.67
6893.83
6939.32
6988.17
7008.72
7011.22
7022.66
7039.84
7046.42
7046.12
7041.83
7034.94
7016.91
6991.53
6979.18
6975.48
6943.26
6891.91
6844.61
6800.05
6783.72
6786.62
6764.82
6726.06
6703.41
6691.92
6688.08
6689.58
6689.2
6687.5
6687.09
6687.59
6675.33
6653.96
6655.39
6673.27
6678.31
6674.02
6655.59
6626.82
6619.43
6627.82
6643.77
6665.35
6668.32
6657.33
6658.86
6669.84
6676.07
6678.67
6676.81
6671.51
6699.76
6754.01
6779.2
6781.7
6770.17
6747.59
6735.82
6732.62
6708.05
6666.39
6643.32
6635.23
6629.39
6625.4
6617.06
6605.18
6575.72
6531.76
6505.31
6493.42
6481.81
6470.42
6449.23
6419.76
6406.04
6405.74
6388.51
6356.74
6337.66
6329.57
6324.57
6322.27
6303.71
6270.84
6257.57
6261.67
6256.74
6243.75
6234.55
6228.76
6223.9
6219.91
6218.26
6218.76
6203.4
6173.43
6160.97
6164.76
6159.17
6144.78
6134.41
6127.81
6129.05
6137.74
6156.69
6185.46
6198.79
6197.19
6218.16
6261.12
6275.29
6261.2
6258.02
6265.61
6265.85
6258.75
6278.62
6325.57
6344.88
6336.19
6329.33
6324.33
6327.51
6339.1
6358.78
6386.85
6416.68
6448.35
6476.86
6502.03
6522.9
6539.18
6545.43
6540.93
6554.94
6588.91
6620.77
6650.34
6679.58
6708.45
6739.46
6772.82
6794.23
6802.32
6817.95
6842.02
6842.84
6817.37
6800.86
6794.56
6770.32
6725.46
6697.23
6688.24
6658.96
6606.01
6569.13
6551.15
6516.71
6462.76
6414.96
6374.5
6356.43
6365.32
6353.68
6317.12
6285.99
6261.51
6233.64
6201.57
6173.02
6148.84
6124.45
6099.77
6094.96
6115.24
6118.82
6101.14
6107.13
6143.49
6164.48
6165.58
6172.44
6186.83
6211.02
6248.08
6284.58
6320.35
6364.5
6419.84
6471.27
6517.43
6565.74
6616.99
6669.64
6724.18
6783.27
6848.6
6906.45
6953.91
7022.16
7119.57
7183.43
7199.92
7243.64
7326.16
7415.9
7516
7609.08
7692
7788.98
7906.46
8003.77
8071.4
8157.55
8271.13
8380.96
8485.16
8592.22
8703.62
8792.72
8847.97
8928.15
9046.53
9174.69
9317.95
9439.42
9526.93
9620.86
9724.86
9834.58
9953.36
10078.4
10213.6
10360.3
10525.4
10682.4
10826
11003
11234.7
11455.1
11656.8
11849.9
12028.7
12252.9
12553.4
12816.4
13016.2
13245
13523.5
13796.9
14061.6
14306.9
14518.2
14757
15043.5
15320.6
15581
15843.4
16109.2
16365.7
16605.4
16883.3
17230.6
17550
17818.7
18089.2
18363.2
18638.1
18914.4
19173.8
19401.3
19620.3
19823.1
20040.2
20284.5
20514.9
20718.6
20921.2
21121.7
21319.9
21513.7
21689
21827.7
21959.2
22076.6
22202.3
22344.9
22457.9
22511.1
22562.1
22608.6
22644.2
22657
22669.5
22681.7
22704.3
22748.6
22775.7
22766.1
22781.6
22850.6
22899.5
22905
22884.7
22808.2
22748.4
22725.6
22669.4
22539.6
22433.1
22378.9
22299.6
22163.5
22005.2
21796.6
21601.2
21435.9
21282
21154.4
21018.7
20863.9
20729.5
20643.4
20569
20522.4
20470.7
20407.1
20362.8
20365.5
20392
20477.1
20551.1
20597.6
20664.3
20781.8
20907.4
21053.7
21198.7
21340.8
21488.1
21649
21807.8
21961.3
22140.2
22385.8
22617.5
22812.4
22998.6
23161.7
23353.3
23622.2
23870.5
24062.2
24238.2
24370.6
24536.8
24797.3
25022.9
25150.4
25291.5
25471.6
25607.9
25618.4
25645.5
25720.8
25762.9
25707.5
25665.4
25663
25652.5
25617.9
25583.1
25548.2
25505.2
25437.6
25357.1
25236.2
25126.3
25050.8
24970.1
24873
24787.9
24741.5
24668.2
24508.4
24355.4
24224.7
24110.1
24048.4
23975.8
23866.4
23763.1
23680.3
23598.4
23519.9
23435.3
23329.8
23243.5
23224.5
23198.2
23146.6
23084.6
22985.6
22907
22902.2
22872.7
22752.9
22657.8
22653.9
22647.6
22632.4
22613.3
22579.1
22532.3
22437
22354.5
22322
22279
22195.5
22126.4
22114.4
22098.1
22064.7
22024.1
21954.8
21887
21825.3
21761.9
21691.1
21617.8
21534.1
21455.8
21401
21341.1
21259.1
21182.6
21129.9
21071
20984.9
20876
20664.3
20460.4
20291.9
20137.9
20050.6
19956.1
19827.8
19688.2
19494.8
19312.4
19183.3
19058
18951.7
18838.1
18688.7
18537.2
18375.2
18210.7
18032.9
17870.3
17786.5
17694.6
17559.3
17426
17303.2
17176.7
17030.1
16890.4
16788.9
16686.6
16579.7
16473.1
16368.2
16269.6
16207.7
16144.4
16072.9
15998.3
15904.5
15805.3
15674.2
15557.1
15526.4
15492.5
15438.4
15370.5
15215.4
15076.9
15045.2
15006.1
14918.8
14837
14790.7
14743.6
14690.9
14638.8
14591.4
14551.2
14560.9
14568.2
14558.8
14550.4
14549.2
14546.8
14534.9
14519.8
14480.1
14450.5
14498.3
14544
14572.1
14593.6
14561.2
14527.6
14483.3
14444.1
14447
14448.1
14433.9
14419.3
14400.6
14382.9
14373.8
14368.9
14402
14432.9
14442.6
14452.4
14462.9
14475
14502.5
14527.1
14521.8
14513.5
14474.1
14437.8
14433.1
14422.6
14350.1
14279
14223.7
14161.7
14022.9
13890.9
13836.7
13779.6
13687
13591.8
13464.9
13343.3
13287.1
13226.3
13105.1
12983.9
12862.5
12744.8
12680.1
12612.9
12511
12412
12356.1
12298.3
12212.2
12125.3
12026.6
11928.9
11847.6
11765.9
11678.4
11589.8
11483.4
11377.4
11282
11187
11099
11008.8
10876.1
10745
10646
10545.6
10415.4
10284.1
10130.5
9979.83
9901.11
9820.25
9685.48
9548.93
9365.21
9183.76
9066.18
8948.7
8834.31
8719.23
8582.27
8444.74
8287.99
8132.02
8004.24
7877.14
7776.94
7676.87
7582.46
7486.98
7340.52
7195.19
7109.08
7022.92
6934.21
6845.32
6744.92
6644.41
6535.62
6427.1
6343.78
6259.9
6113.25
5966.52
5809.77
5652.81
5451.3
5249.7
5014.83
4779.94
4519.49
4259.05
