-4.17715
46.4732
97.1236
101.888
106.584
106.401
106.201
105.405
104.606
103.41
102.211
102.893
103.592
103.402
103.203
102.017
100.818
107.883
115.076
110.192
105.097
105.784
106.583
106.111
105.611
103.16
100.662
101.087
101.586
102.572
103.571
102.921
102.222
100.844
99.4459
104.424
109.619
104.111
98.2168
97.1339
96.2348
100.521
105.017
102.037
98.7406
98.8869
99.1866
98.7228
98.2232
101.438
104.835
102.529
99.9312
97.7131
95.5153
96.2519
97.1511
96.8221
96.4225
96.6828
96.9825
96.2474
95.4482
91.6449
87.6488
93.1146
99.2086
98.2912
96.8925
97.453
98.1523
96.8966
95.498
96.1432
96.9424
93.1064
88.9106
92.3928
96.4888
95.2307
93.5323
92.1104
90.7117
93.1737
95.971
95.6496
95.0502
94.4508
93.8514
94.2566
94.7562
92.6127
90.215
92.0916
94.3894
94.237
93.8374
92.5323
91.1337
94.7045
98.8005
97.9378
96.5391
98.739
101.336
100.343
98.9446
98.4417
98.0421
97.1062
96.1072
95.8216
95.6218
94.6212
93.5222
92.8673
92.2678
92.9973
93.8964
93.4696
92.8702
95.7988
99.1955
96.5198
93.0232
91.8097
90.9106
92.8151
95.1128
95.4
95.4
93.3067
90.909
93.0367
95.834
96.3736
96.5734
94.5208
92.1231
93.7016
95.8995
98.5285
101.226
97.986
93.7901
94.2302
95.429
97.1418
98.94
95.6961
91.6002
95.519
100.814
103.216
105.114
102.769
99.672
100.216
101.415
104.81
108.606
107.008
104.411
105.009
106.208
108.665
111.362
114.06
116.757
115.029
112.431
113.749
115.847
115.784
115.285
114.619
113.92
113.883
113.983
115.238
116.736
117.576
118.275
121.274
124.771
128.35
131.946
133.989
135.688
136.326
136.726
139.891
143.687
148.295
153.091
157.4
161.596
161.835
161.135
163.659
166.955
169.77
172.467
180.216
189.207
185.801
179.308
181.431
185.726
189.067
192.164
191.609
190.111
193.284
197.68
203.972
210.765
212.988
213.987
217.266
221.162
224.509
227.706
229.495
230.894
232.37
233.869
238.013
242.908
244.854
245.953
252.782
261.273
264.049
265.148
266.633
268.231
271.751
275.847
277.106
277.506
280.964
285.36
290.289
295.384
298.197
300.295
303.607
307.303
305.173
301.177
309.257
321.245
321.716
318.419
316.924
316.025
320.742
327.336
332.436
337.031
341.701
346.397
352.132
358.226
366.173
374.764
381.952
388.645
391.579
393.178
397.423
402.618
418.884
439.164
452.424
463.114
473.147
482.937
496.728
512.013
521.278
528.271
540.979
555.864
577.964
602.84
618.146
629.735
645.414
662.697
684.846
708.922
728.931
747.313
774.306
804.776
831.059
855.635
882.476
910.248
942.821
977.387
1003.22
1025.4
1052.99
1082.86
1118.4
1156.36
1188.25
1217.52
1252.36
1289.62
1330.01
1371.77
1412.28
1452.24
1498.07
1546.52
1589.4
1629.76
1675.61
1723.97
1785.39
1852.82
1892.01
1918.08
1967.7
2028.34
2080.36
2128.32
2177.96
2228.41
2273.13
2315.09
2358.93
2403.68
2441.6
2476.17
2514.81
2555.47
2587.6
2615.47
2640.35
2663.73
2690.09
2717.96
2749.34
2782.5
2801.24
2812.53
2816.79
2817.39
2828.34
2844.72
2850.92
2851.72
2860.53
2873.61
2879.5
2881.5
2879.8
2876.11
2883.12
2896.01
2895.39
2887.3
2885.04
2886.04
2882.5
2876.41
2879.81
2888.6
2893.26
2895.56
2893.99
2890.2
2894.73
2904.13
2900.23
2888.55
2889.03
2896.72
2896.66
2891.96
2896.06
2905.45
2905.08
2898.79
2897.2
2898.5
2907.96
2922.44
2931.2
2936.4
2941.77
2947.27
2951.42
2954.71
2962.16
2972.25
2969.21
2957.72
2957.38
2964.27
2948.76
2918.59
2906.72
2906.92
2889.06
2859.19
2836.19
2817.81
2803.07
2790.78
2767.14
2735.77
2717.08
2707.09
2692.96
2675.98
2675.94
2687.73
2682.1
2664.22
2646.05
2627.66
2628.68
2643.56
2647.88
2644.59
2638.8
2631.21
2625.58
2621.38
2623.33
2629.83
2621.49
2602.11
2603.33
2620.01
2617.53
2600.55
2602.32
2618.41
2618.96
2607.57
2609.35
2621.34
2626.88
2627.38
2625.2
2620.9
2619.17
2619.47
2606.44
2582.77
2577.34
2586.63
2585.78
2576.69
2560.19
2537.61
2526.58
2525.08
2516.49
2502.01
2490.89
2482.6
2466.29
2443.22
2428.5
2420.91
2406.92
2387.44
2381.93
2388.53
2385.73
2374.74
2364.92
2356.13
2346.49
2336.1
2322.7
2306.62
2298.53
2297.63
2294.11
2288.21
2279.92
2269.43
2258.89
2248.3
2248.27
2258.06
2255.22
2240.53
2233.04
2232.34
2225.45
2212.66
2210.33
2218.02
2224.29
2229.18
2225.32
2212.94
2214.97
2231.15
2234.03
2223.74
2218.9
2219.5
2214.27
2203.18
2196.01
2192.81
2190.95
2190.45
2184.83
2173.94
2166.88
2163.78
2158.88
2152.08
2151.47
2157.36
2153.23
2138.44
2132.2
2135.1
2134.87
2131.27
2130.55
2132.95
2130.53
2122.84
2123.12
2132.21
2139.36
2144.36
2140.74
2127.45
2112.01
2094.12
2081
2073.31
2063.9
2052.51
2030.47
1996.1
1970.41
1954.82
1933.41
1905.13
1880.98
1861.69
1844.05
1828.37
1811.14
1792.06
1773.34
1755.06
1740.24
1729.65
1710.06
1679.39
1666.41
1675.4
1673.53
1658.04
1645.69
1637.3
1631.32
1628.43
1629.77
1636.57
1643.06
1649.15
1650.95
1647.15
1647.24
1652.44
1668.46
1698.83
1717.1
1719.2
1736.33
1773.69
1802.32
1819.1
1847.41
1891.46
1933.67
1973.33
2019.14
2073.49
2124.71
2171.57
2230.01
2304.84
2367.1
2411.45
2472.34
2556.96
2637.98
2713.81
2798
2894.41
2990.09
3084.69
3180.55
3278.25
3378.36
3482.06
3587.75
3696.44
3788.36
3854.8
3939.3
4051.49
4158.31
4256.81
4355.12
4453.12
4545.72
4629.84
4720.3
4820.8
4922.15
5024.85
5126.06
5224.86
5316.96
5398.18
5494.52
5615.6
5745.84
5891.2
6042.89
6205.13
6358.46
6496.82
6640.6
6793.55
6951.34
7117.38
7286.28
7460.11
7627.36
7783.21
7945.96
8120.79
8288.43
8443.38
8614.96
8816.16
9001.61
9158.75
9329.44
9524.65
9698.65
9833.92
9992.87
10195.5
10385.7
10553.1
10726
10909.3
11077.7
11218.1
11351.6
11472
11607.3
11771.3
11927.5
12068.5
12187.6
12264.1
12368.4
12527.8
12658.4
12731.3
12807.3
12889.5
12968.3
13040.1
13092.2
13103.8
13129.3
13183.5
13231.4
13266
13285.5
13273.4
13276.8
13313.1
13339.4
13344.6
13344.2
13331.5
13328.4
13346.3
13350.1
13322.9
13288.4
13237.4
13194.5
13169.5
13126.7
13043.6
12962.7
12886.7
12810.6
12734.1
12647.7
12538.3
12442.5
12378.8
12305.1
12207.7
12130.9
12103.3
12081.7
12074.5
12065.8
12053.3
12045.3
12048.6
12068.2
12128.1
12176.8
12197.2
12223.9
12266.8
12327.5
12433.8
12542.5
12657.6
12762.9
12842.6
12935.7
13064.1
13173.3
13231.6
13300.6
13398.9
13502.2
13619.4
13740
13870.2
13991
14086.2
14184.3
14290.9
14394.4
14489.2
14570.2
14611.6
14654.1
14699.3
14740.1
14767.9
14803.5
14862.1
14894.5
14848.8
14814.6
14814.5
14801.5
14749.6
14702.5
14670.6
14646.5
14646.8
14631.5
14567.7
14504.4
14442.9
14383.5
14331.1
14273.9
14201.3
14124
14030.9
13950.7
13913.5
13863.5
13771.1
13686.6
13628.6
13570.8
13513.5
13464.1
13442.4
13413.4
13358.5
13307.8
13271.5
13239.6
13223.2
13199.5
13149.1
13106.2
13090.5
13075.7
13063.9
13048.1
13017.1
12988.7
12970
12947.2
12908.5
12870.2
12833.1
12801
12788
12771.5
12741.4
12712.5
12689.2
12664.1
12632.1
12593.8
12529
12470.1
12435.4
12403.5
12383.2
12354.7
12290.8
12231
12189.3
12153.4
12142.5
12106.1
11956.3
11833.1
11830.4
11816.3
11749.8
11675.5
11564.7
11460
11383.8
11309.6
11244.9
11178.6
11103.7
11025.9
10933.3
10832.9
10694.2
10572.6
10537.5
10492.3
10395.2
10299.6
10211.8
10127.6
10062.2
9995.2
9919.18
9842.28
9760.66
9683.14
9628.2
9566.24
9465.14
9376.86
9361.28
9336.38
9257.86
9182.19
9123.25
9065.1
9011.65
8961.68
8932.71
8897.83
8826.7
8758.72
8710.36
8663.79
8628.53
8593.88
8563.21
8530.49
8484.34
8439.11
8400.05
8360
8313.24
8272.1
8269.7
8266.96
8261.87
8258.08
8263.68
8264.06
8226.4
8193.72
8198.12
8202.31
8205.01
8207.67
8210.07
8212.54
8215.53
8220.16
8237.84
8249.81
8214.94
8185.18
8198.06
8211.35
8228.03
8238.28
8192.42
8152.65
8167.04
8177.93
8157.05
8138.54
8142.03
8149.33
8192.79
8231.8
8227.5
8224.76
8237.55
8246.38
8214.81
8182.97
8148.31
8115.89
8107.6
8100.91
8111.9
8117.31
8059.67
8003.39
7963.03
7918.69
7826.88
7737.87
7683.23
7630.45
7601.18
7569.17
7501.63
7431.93
7333.23
7239.26
7210.59
7179.22
7109.49
7042.93
7022.95
7001.33
6954.88
6909.85
6887.38
6860.91
6769.5
6680.99
6641.43
6601.38
6552.83
6503.62
6442.48
6381.86
6331.11
6280.74
6237.99
6194.37
6133.03
6071.45
6004.62
5938.11
5878.96
5818.85
5735.53
5653.31
5598.77
5543.25
5462.03
5380.97
5304.24
5226.67
5123.87
5022.86
4978.91
4933.7
4845.68
4758.11
4686.88
4615.44
4535.62
4455.8
4376.18
4297.33
4255.38
4213.62
4182.45
4150.48
4071.15
3992.33
3946.87
3901.2
3838.97
3776.68
3710.45
3644.14
3569.11
3494.04
3412.52
3330.9
3230.4
3129.86
3015.97
2902.09
2794.8
2687.5
