-71.1771
-20.4268
30.3234
35.0883
39.7837
41.0942
42.3929
41.4064
40.4074
40.4991
40.5991
40.3031
40.0034
41.8767
43.7748
43.9971
44.1969
41.4453
38.6481
38.2072
37.8076
38.9759
40.1747
39.0265
37.8276
38.6784
39.5775
40.2818
40.9811
39.8335
38.6347
38.406
38.2062
40.6204
43.1179
43.4898
43.7895
40.0395
36.1433
37.1547
38.3535
37.7278
37.0284
39.3959
41.8934
42
42
42.2863
42.586
39.0758
35.3794
36.7208
38.3193
38.2103
38.0105
38.6626
39.3619
41.2893
43.2873
39.5349
35.4389
34.8237
34.4241
37.2163
40.2134
40.1189
39.8192
40.4544
41.1537
38.961
36.5634
35.0036
33.505
36.5586
39.9552
38.0678
35.7701
36.2475
36.9469
36.0769
35.0778
36.8423
38.8404
40.6546
42.4528
40.2151
37.6177
36.5762
35.6771
36.0566
36.5562
36.0532
35.4537
37.4007
39.5985
38.4388
36.9403
38.4299
40.2281
37.1472
33.5508
34.2819
35.4807
37.1293
38.8277
39.9874
41.0863
41.2
41.2
39.1444
36.8466
37.6701
38.869
39.6229
40.3222
40.4888
40.5887
41.3087
42.1079
39.6365
36.7393
35.959
35.4595
39.6242
44.4195
45.6146
46.314
45.7867
45.0874
43.7761
42.3775
43.1594
44.2583
46.4016
48.6993
50.0419
51.2408
53.1327
55.1307
54.8814
54.2819
56.8735
59.9705
57.0441
53.148
57.236
62.6307
61.0873
58.3899
64.4949
72.0875
71.7505
70.0522
73.4579
77.7537
78.4849
78.5848
79.3621
80.2612
84.2861
88.8816
92.9714
96.9675
99.6181
102.016
103.994
105.892
106.451
106.751
110.307
114.503
115.7
116.299
121.387
127.381
127.488
126.389
127.937
130.035
137.497
146.088
150.564
154.16
158.003
161.899
165.713
169.51
178.292
188.182
189.755
189.456
193.061
197.556
210.41
225.196
235.367
244.458
248.138
250.536
257.848
266.34
273.947
281.34
287.61
293.604
305.997
319.983
324.635
326.933
328.673
330.272
339.015
349.605
356.314
362.008
368.572
375.365
385.547
396.636
398.685
398.286
408.55
421.737
428.667
433.862
441.788
450.479
461.739
473.727
481.601
488.294
502.034
517.819
522.095
522.994
534.063
548.149
554.166
557.763
562.816
568.31
575.105
582.298
592.312
603.201
613.026
622.517
620.4
614.605
617.21
622.505
632.706
644.494
646.045
644.247
649.056
656.049
660.196
663.393
674.433
688.119
692.941
694.739
704.042
715.93
733.006
751.887
759.313
762.709
779.374
800.754
820.736
840.217
859.331
878.312
894.588
909.873
931.576
955.652
969.401
979.291
1003.69
1033.56
1065.17
1097.43
1120.83
1140.81
1170.65
1204.31
1231.02
1255
1284.7
1316.67
1361.48
1411.43
1444.66
1471.13
1506.27
1544.93
1584.65
1624.81
1665.96
1707.52
1739.44
1767.31
1801.15
1837.51
1874.44
1911.6
1953.93
1998.49
2048.89
2101.84
2142.5
2177.76
2238.5
2310.53
2357.3
2392.76
2441.03
2495.08
2554.34
2615.98
2665.03
2708.29
2766.49
2831.62
2902.27
2975.5
3034.07
3085.72
3133.04
3178.3
3223.82
3269.48
3313.65
3357.11
3409.76
3466.9
3503.38
3529.66
3569.06
3615.02
3648.88
3676.65
3685.54
3684.84
3709.97
3748.34
3768.45
3779.14
3798.37
3822.04
3826.73
3821.43
3821.56
3824.55
3822.02
3816.52
3824.14
3838.83
3834.55
3819.97
3811.77
3807.07
3801.28
3794.89
3784.84
3772.75
3780.93
3800.51
3809.19
3811.69
3803.51
3789.23
3794.2
3810.28
3814.68
3812.29
3807.43
3801.14
3796.79
3793.59
3798.22
3807.51
3810.75
3810.35
3817.91
3830.29
3839.65
3847.14
3868.53
3898.5
3925.02
3949.4
3967.88
3982.67
3993.05
4000.64
4017.69
4040.76
4047
4042.41
4035.93
4028.24
4021.09
4014.3
4011.06
4010.16
3987.84
3951.27
3918.83
3889.16
3867.54
3851.36
3831.96
3810.39
3799.23
3795.23
3794.66
3796.46
3798.14
3799.74
3794.95
3785.65
3785.31
3791.3
3783.2
3765.02
3760.42
3765.61
3752.99
3727.41
3724.9
3739.29
3732.12
3709.05
3707.27
3721.36
3725.34
3721.75
3716.33
3709.54
3721.62
3748.09
3753.16
3741.77
3748.79
3770.07
3776.37
3770.98
3769.38
3770.78
3759.59
3738.41
3719.23
3701.65
3696.51
3701.4
3692.03
3671.05
3655.28
3643.79
3635.15
3628.86
3618.2
3603.92
3590.01
3576.42
3563.65
3551.56
3544.43
3541.54
3537.94
3533.75
3528.16
3521.36
3516.01
3511.92
3510.85
3512.45
3506.05
3492.56
3485.72
3484.82
3477.72
3465.04
3458.89
3458.69
3452.08
3439.59
3435.47
3439.07
3439.76
3437.77
3428.85
3413.47
3403.58
3398.89
3395.17
3392.37
3395.64
3404.73
3412.7
3419.6
3417.28
3405.99
3405.94
3416.93
3420.94
3418.05
3413.65
3407.75
3418.85
3447.02
3457.43
3449.83
3443.33
3437.93
3432.39
3426.7
3428.75
3438.84
3452.21
3468.99
3492.1
3521.87
3530.03
3515.24
3514.69
3529.38
3537.38
3538.18
3548.7
3569.78
3577.84
3571.65
3578.65
3600.23
3608.48
3601.88
3597.6
3595.9
3594.01
3591.92
3587.44
3580.24
3569.8
3555.61
3551.98
3560.57
3543.39
3496.14
3462.2
3443.91
3423.53
3400.65
3374.77
3345.3
3326.75
3321.36
3306.62
3280.55
3265.93
3265.33
3248.67
3212.21
3200.46
3219.44
3214.79
3180.52
3163.92
3169.61
3178.56
3191.64
3193.88
3182.19
3184.27
3204.15
3220.39
3231.87
3246.56
3265.44
3277.88
3281.77
3292.34
3311.82
3337.22
3370.59
3396.96
3413.85
3440.31
3479.87
3522.62
3569.78
3609.03
3637.3
3670.23
3709.69
3747.87
3784.24
3826.33
3876.58
3927.73
3980.18
4030.71
4078.47
4143.32
4233.13
4306.09
4354.24
4407.22
4467.36
4524.78
4578.13
4631.83
4686.08
4746.71
4817.04
4887.14
4956.87
5013.88
5051.24
5106.42
5189.34
5246.1
5261.79
5300.9
5377.13
5447.78
5509.51
5581.02
5668.23
5752.7
5832.72
5932.6
6064.97
6188.52
6297.51
6404.82
6509.32
6633.43
6790.48
6936.99
7065.66
7197.95
7336.42
7469.34
7592.72
7710
7816.69
7933.67
8068.63
8202.23
8333.4
8469.89
8615.85
8760.2
8901.66
9044.22
9188.78
9336.34
9489.39
9640.44
9787.79
9944.59
10118.9
10278.2
10409.4
10531.7
10637.2
10742
10845.5
10956.3
11081
11194
11284.1
11380.1
11487.4
11582.5
11653.8
11714.7
11755.3
11810
11893.3
11955.9
11976.9
12004.3
12045
12077.3
12092.4
12103.5
12106.2
12109.1
12112.7
12125.7
12158.6
12174.8
12155.3
12139.8
12132.9
12117
12081.3
12042.2
11995.4
11956.1
11933.5
11899.6
11840.5
11771.4
11679.5
11594.1
11523.7
11444.6
11345.6
11248
11153.5
11060.3
10970.1
10897.1
10864.7
10831.5
10796.8
10768
10753.6
10740.9
10732.2
10732.4
10754.6
10785.7
10838.9
10891.9
10944.1
11005.9
11092
11171.1
11232.8
11293.9
11353.9
11417.9
11492.6
11579.5
11698.2
11815.6
11929.5
12043.2
12155.9
12274
12407
12520.6
12581.1
12661.3
12795.9
12912.3
12978.1
13047.6
13127.9
13200.1
13248.8
13279.1
13256.1
13260.4
13344.1
13403.9
13393.4
13385.7
13386
13377.7
13343.7
13311.4
13284.2
13249.8
13193.9
13146.8
13127.1
13102
13059.7
13001.8
12894.2
12797.5
12735.7
12682.6
12657.3
12615.9
12521.7
12447.4
12438.7
12419
12362.8
12319.8
12321.7
12297.6
12184.4
12098.3
12106.1
12102.4
12058.5
12010.2
11946.9
11890.8
11860.5
11828.6
11790.8
11752.6
11712.8
11678.1
11662.5
11651
11654.7
11658.4
11662.3
11655.9
11609.8
11573.7
11576.1
11560.2
11472.7
11403.4
11406.6
11407.1
11396.5
11381.5
11348.5
11313.6
11270.3
11222
11152.4
11097.6
11105
11102.5
11057.5
11019.6
11012
10993.5
10927.3
10856.9
10767.7
10683.3
10619.7
10554.7
10482.6
10416.1
10374.8
10322.9
10220.9
10120
10024.4
9933.09
9862.45
9795.13
9743.98
9682.4
9569.01
9461.74
9385.32
9308.5
9229.68
9154.21
9096.17
9035.8
8963.17
8887.42
8795.01
8708.37
8653.03
8597.78
8543.03
8486.36
8418.92
8360.39
8352.29
8336.51
8276.47
8222.11
8200.93
8175.91
8128.05
8078.67
8020.02
7964.36
7927
7891.47
7867.4
7835.79
7756.47
7682.37
7641.91
7604.21
7584.63
7559.43
7496.8
7439.06
7414.58
7392.92
7390.72
7386.45
7367.57
7350.07
7342.48
7336.14
7338.93
7342.38
7350.67
7359.29
7370.38
7377.71
7356.03
7339.02
7358.7
7373.88
7352.9
7338.17
7374.63
7403.31
7366.95
7336.39
7355.37
7369.15
7337.58
7306.96
7284.78
7265.46
7272.16
7281.55
7316.12
7346.89
7341.49
7338.02
7353.31
7365.6
7348.01
7329.9
7306.32
7287.76
7321.73
7347.48
7285.14
7225.24
7192.18
7157.92
7110.27
7059.22
6968.81
6882.8
6849.23
6816.68
6796.6
6773.17
6707.43
6642.05
6581.21
6522.05
6485.38
6448.5
6408.54
6367.53
6311.69
6256.17
6205.52
6155.23
6110.48
6066.64
6037.17
6006
5947.15
5887.97
5823.03
5761.08
5751.49
5738.65
5666.52
5595.65
5548.59
5500.94
5441.4
5382.17
5329.42
5276.42
5218.08
5159.12
5085.99
5013.03
4944.2
4875.66
4814.52
4753.15
4685.72
4618.91
4569.55
4518.73
4423.82
4330.31
4281.46
4231.88
4157.56
4083.59
4022.95
3962.61
3914.16
3865.19
3793.96
3723.14
3671.59
3620.08
3571.03
3521.95
3470.8
3419.53
3360.79
3302.22
3256.76
3211.25
3160.2
3108.96
3036.43
2963.86
2885.03
2806.15
2714.64
2623.01
2492.74
2362.48
2239.4
2116.32
