-44.5762
8.17212
60.9204
64.4913
67.9879
67.5022
67.0027
71.3718
75.7675
73.5192
71.2215
69.6165
68.0181
69.3828
70.7814
69.0256
67.2274
66.2162
65.2172
66.9673
68.7655
69.2899
69.7894
71.7558
73.7539
71.0672
68.27
67.5182
66.8188
68.0636
69.3624
72.2133
75.1104
70.4561
65.5608
65.9797
66.5791
68.1427
69.7412
69.2226
68.6232
66.9674
65.2691
68.075
71.0721
69.1915
67.0936
66.141
65.2419
65.8667
66.566
66.0297
65.4302
64.5463
63.6471
65.8718
68.2695
68.8723
69.3718
66.8547
64.1573
65.8815
67.8795
67.7183
67.4186
65.2453
62.9475
63.6413
64.5405
63.9469
63.2476
63.2
63.2
63.7574
64.3568
63.1948
61.8961
63.6501
65.6482
66.6308
67.5299
63.639
59.3432
61.4818
64.1792
64.1248
63.8251
63.5254
63.2257
61.83
60.3315
59.1063
57.9075
58.5275
59.3267
61.0334
62.8316
63.6338
64.3331
63.2254
61.9266
59.9968
57.9988
61.9383
66.5338
65.2944
63.3963
61.8564
60.3579
60.4681
60.7678
59.1056
57.2074
60.2034
63.7999
60.826
57.0298
58.549
60.7469
59.1437
57.0457
58.564
60.562
60.536
60.2363
60.2
60.2
62.2151
64.5128
62.9642
60.8663
58.7683
56.6704
60.5772
65.3725
62.7873
59.0909
58.4267
58.2269
58.7186
59.318
59.055
58.6554
58.8581
59.1578
61.2604
63.6581
62.0299
59.7322
57.6053
55.5074
57.2463
59.644
59.8298
59.63
61.3823
63.4802
61.2597
58.2626
59.0672
60.5657
58.6928
56.1953
56.4727
57.2719
58.9101
60.7083
61
61
62.67
64.6681
65.2499
65.5496
63.2729
60.4756
59.5854
59.0859
61.068
63.5655
65.898
68.1957
68.0237
67.3244
67.9392
68.8383
67.1974
64.9995
67.2974
70.5942
68.6721
65.5752
68.3353
72.4312
73.9303
74.8295
74.5952
74.0957
77.2304
81.2265
82
82
82.2411
82.5408
84.2836
86.3816
87.0399
87.3396
91.07
95.6654
92.8594
88.164
88.1527
89.3515
90.0751
90.6746
92.7749
95.2725
94.8543
93.6555
94.8149
96.6131
99.2739
102.171
102.252
101.553
105.535
110.83
114.179
116.976
116.047
114.049
111.896
109.699
110.204
111.503
113.187
114.985
117.475
120.172
123.176
126.273
126.082
124.884
128.718
134.113
134.791
133.992
134.71
135.909
137.411
139.009
140.23
141.329
140.32
138.622
141.654
146.249
148.149
149.148
151.417
154.114
156.364
158.462
161.452
164.749
169.527
174.822
179.304
183.5
188.286
193.281
198.937
204.832
210.286
215.581
226.214
238.801
244.023
246.521
259.201
275.685
282.811
286.408
295.141
305.83
326.043
349.92
367.968
383.753
404.201
426.479
448.328
470.007
491.186
512.166
539.266
568.837
603.092
639.256
675.704
712.268
742.057
769.03
803.816
841.879
888.435
938.586
990.696
1043.64
1091.64
1137.49
1183.76
1230.22
1295.55
1369.18
1437.2
1502.74
1563.44
1621.98
1683.55
1746.49
1809.09
1871.53
1943.48
2019.8
2085.62
2146.56
2215.73
2288.76
2363.21
2438.34
2499.26
2553.41
2626.78
2709.4
2766.66
2811.62
2873.67
2944.1
2986.79
3015.76
3058.73
3108.68
3154.31
3197.77
3230.23
3257.1
3296.53
3342.38
3370.52
3389.5
3407.63
3425.31
3440.11
3453.4
3457.41
3456.51
3467.27
3484.25
3506.55
3531.73
3546.1
3554.59
3536.83
3504.66
3514.81
3548.38
3553.22
3542.03
3531.86
3522.27
3526.45
3538.43
3548.01
3556.2
3558.19
3556.59
3554.1
3551.11
3553.34
3558.63
3559.09
3556.7
3549.92
3540.53
3536.94
3536.84
3532.82
3526.43
3524.43
3525.13
3539.3
3561.78
3548.85
3513.88
3506.23
3515.72
3505.33
3482.35
3466.81
3456.02
3449.79
3446.5
3429.57
3403.79
3375.06
3344.39
3318.11
3294.73
3261.76
3222.39
3184.05
3146.39
3123.39
3110.3
3088.66
3061.19
3036.38
3013.4
2984.81
2952.35
2921.05
2890.58
2880.46
2884.66
2875.53
2856.95
2848.09
2846.19
2836.98
2822.5
2812.87
2806.78
2792.78
2773
2768.33
2774.83
2773.3
2765.81
2764.08
2766.68
2765.3
2760.9
2763.53
2771.53
2763.02
2741.85
2737.95
2747.44
2745.82
2735.53
2729.15
2725.86
2724.84
2725.64
2721
2712.01
2701.58
2689.99
2655.53
2602.49
2578.49
2578.29
2565.61
2542.64
2519.22
2495.44
2465.09
2429.23
2403.7
2386.92
2365.77
2340.89
2321.55
2306.97
2289.11
2268.43
2243.43
2214.66
2198.17
2192.47
2172.43
2139.66
2115.02
2097.63
2087.3
2083.3
2074.22
2060.54
2047.69
2035.6
2027.46
2022.96
2015.05
2003.96
1994.37
1986.18
1987.34
1997.33
1994.78
1980.29
1968.61
1959.62
1963.18
1978.86
1987.46
1989.16
1975.73
1947.46
1934.91
1937.9
1937.4
1933.4
1917
1888.13
1863.42
1842.94
1830.13
1825.13
1813.64
1795.45
1769.57
1735.71
1715.66
1710.07
1696.45
1674.37
1653.26
1633.18
1616.91
1604.72
1585.66
1559.19
1542.38
1536.09
1525.74
1510.96
1496.84
1483.45
1469.97
1456.38
1434.37
1402.9
1382.4
1374.31
1351.83
1312.97
1277.46
1245.79
1216.95
1191.37
1161.69
1127.23
1094.92
1065.15
1034.14
1001.67
970.48
940.809
918.164
903.978
878.103
838.042
811.192
800.502
784.758
762.779
746.68
737.889
728.21
717.421
702.702
683.022
667.912
658.621
657.338
666.329
669.047
663.653
657.13
649.138
647.795
655.187
665.975
681.26
694.321
704.411
715.821
729.008
743.679
760.362
787.172
827.833
866.015
900.781
950.303
1020.33
1085.29
1143.13
1214.56
1305.17
1402.42
1509.11
1629.14
1768.3
1914.24
2069.99
2227.2
2386.54
2558.78
2750
2943.82
3141.53
3333.99
3518.61
3721.76
3952.83
4173.68
4378.97
4579.14
4771.46
4959.57
5141.19
5328.44
5524.44
5710
5879.13
6053.95
6237.77
6412.55
6572.89
6738.94
6914.17
7107.41
7329.89
7535.09
7712.02
7894.71
8086.93
8299.16
8544.72
8794.27
9050.52
9296.19
9523.97
9752.15
9981.03
10224.1
10491.5
10762.8
11040.7
11303.3
11539.2
11772.8
12002.4
12255
12548.7
12811.2
13017.5
13249.8
13529.2
13807.8
14084.7
14335.4
14537.7
14772.3
15067
15330.5
15535.5
15758.7
16016.5
16236.4
16384.2
16565
16809.5
17027.5
17194.2
17366.7
17550.3
17733.7
17916.6
18074.8
18183.9
18287.2
18378.6
18480.8
18605
18702.5
18745.3
18805.5
18901.3
18971
18986.5
18997.5
18999
18999.7
18998.9
19015.6
19069.5
19094.7
19057.7
19025.6
19004
19004.4
19052.9
19063
18987.7
18919.8
18868.7
18799.1
18687.8
18572
18446
18326.6
18222.2
18110.6
17982.3
17853.8
17724.5
17613.4
17545.2
17482.2
17431.3
17382
17336.2
17301.7
17294.5
17301.4
17342.8
17388.3
17443.5
17494.4
17534.5
17592.9
17697.8
17804
17913.6
18011.4
18078.7
18187.4
18403.9
18600.7
18745.4
18898.1
19071.7
19256.6
19471.7
19666
19804.2
19947
20102.7
20241.8
20335.1
20446.5
20608.7
20771.5
20936.1
21076.9
21149.7
21218.8
21277
21324.6
21341.2
21366.4
21417
21449.1
21426.4
21415.6
21440.4
21443.1
21379.1
21317.7
21264.4
21212.9
21166.5
21113.5
21039.8
20969.3
20908.8
20835.8
20722.5
20609.8
20499
20403.7
20359.1
20298.7
20186.4
20083.3
20011
19943.4
19891.6
19832.3
19747.1
19664.2
19589.5
19515.9
19446.4
19379.3
19320.7
19270.6
19250.3
19218.6
19145.5
19084.7
19068.2
19045.7
19001.2
18958.9
18925.4
18882
18801.8
18739.1
18743.6
18745.9
18739.7
18720
18647.2
18588.4
18585.8
18569.4
18498.1
18434.9
18404.8
18370.8
18320.7
18268.9
18210.2
18156.4
18122.8
18079
17991.2
17903.8
17818.5
17732.8
17645.5
17555.4
17452.7
17357.3
17294.8
17225.5
17124.5
17017
16879.4
16752
16672.2
16579.9
16428.1
16283
16170.3
16061.1
15969.7
15868.2
15716.4
15573.6
15476.1
15373.5
15244.9
15118.7
15005.8
14886.8
14735.6
14590.3
14476.6
14370.9
14308.5
14238.9
14128.9
14026.2
13964
13897.8
13808.7
13720.9
13640.5
13556.8
13454.2
13354.1
13268.8
13186.9
13125.8
13063.9
12997.4
12924.5
12810.6
12710.6
12698.9
12678.3
12600.2
12527.2
12488.4
12446.1
12380.6
12315.1
12249.1
12191.5
12192
12191
12179.8
12166
12133.7
12104
12093.9
12079.3
12031.7
11997
12060.8
12113.6
12082.6
12057.3
12077.6
12093.7
12076.9
12064.1
12083.6
12100.5
12095.8
12090.7
12082.2
12072.4
12050.7
12032.8
12048.7
12062.1
12052.7
12044.4
12046.7
12052.2
12087.5
12117.6
12096.4
12078.6
12094.6
12111.6
12138.6
12158.7
12107.5
12055.4
11995.1
11942.7
11977
12000.4
11899.5
11802.7
11753.8
11700.6
11597.5
11497.5
11435.8
11374.6
11320.6
11263.1
11160.7
11057.7
10947.2
10838.5
10753.6
10671.2
10622.8
10573.4
10510.7
10445.2
10339.1
10234.5
10152.5
10071.4
10005.2
9939.82
9886.58
9832.69
9767.66
9701.7
9618.98
9535.58
9439.28
9343.79
9264.57
9184.28
9081.99
8981.33
8916.29
8848.21
8710.95
8576.16
8500.64
8423.47
8304.98
8187.34
8092.03
7996.68
7899.97
7801.77
7658.61
7516.35
7402.76
7289.82
7199.01
7107.61
6994.72
6881.97
6774.88
6667.96
6568.55
6469.16
6370.05
6271.16
6183.35
6095.67
6015.74
5935.63
5842.82
5750.19
5671.17
5592.08
5507.37
5422.39
5308.7
5195.03
5083.14
4971.05
4819.5
4667.88
4492.85
4317.8
4123.89
3929.98
