-67.1782
-18.9255
29.3272
39.8739
50.3636
44.5262
38.632
39.6929
40.7919
41.99
43.1888
41.2206
39.2226
37.9159
36.6172
38.4729
40.3711
41.9741
43.5725
42.1272
40.6287
40.0121
39.4126
40.9647
42.5631
42.2096
41.81
40.2416
38.6431
39.5721
40.5711
37.9807
35.2833
35.3936
35.5934
38.4019
41.2991
38.7966
36.0992
37.9245
39.9226
39.1357
38.2366
38.775
39.3744
41.4084
43.5064
42.4547
41.2558
38.8188
36.3212
35.1544
34.0555
37.32
40.8166
39.2961
37.4978
37.5889
37.7887
38.1771
38.5767
37.0948
35.4964
36.902
38.5005
38.881
39.1807
40.3218
41.5207
40.1073
38.5089
39.5171
40.716
37.5485
34.0519
36.8592
40.156
41.2326
42.1317
38.2306
33.9348
34.6133
35.7122
40.5798
45.7748
40.5131
34.3191
35.2644
36.8629
35.9953
34.8964
36.167
37.6656
40.3463
43.1436
39.4979
35.2021
35.0716
35.3713
35.9421
36.5415
36.5098
36.4099
35.3204
34.1216
38.219
42.9144
38.1153
32.2211
32.6725
33.8713
34.0892
34.1891
35.1788
36.2777
35.956
35.4565
38.4121
41.8088
39.7249
36.9276
36.3354
36.0357
35.912
35.8121
37.0293
38.4279
37.3734
35.9748
35.3629
34.8634
36.9805
39.4781
37.9724
35.8745
36.9024
38.401
38.3401
38.0404
39.4694
41.1678
38.1228
34.3265
33.7139
33.614
34.2009
34.9003
34.4004
33.7011
34.6255
35.8243
37.4495
39.1478
38.9746
38.4751
39.2487
40.2477
40.7387
41.1383
43.481
46.1783
42.3015
37.2064
39.5954
43.3917
41.4832
38.4861
41.1805
44.9768
44.8485
43.9494
41.2175
38.1205
39.0129
40.7112
39.3417
37.3437
41.2186
46.3137
44.2292
40.6327
40.9879
42.1867
42.8106
43.3102
42.6626
41.7634
44.2157
47.4125
48.897
49.9959
47.1088
43.3125
46.2519
50.7474
51.7619
51.9617
53.3729
55.0713
52.0968
48.0008
49.2092
51.7068
53.3224
54.7211
54.84
54.6402
56.0361
57.8343
56.2899
53.8923
54.9878
56.9858
59.3007
61.6983
61.647
60.9477
61.5092
62.4083
62.2856
61.886
61.3295
60.7301
63.8851
68.0809
67.6736
65.9753
66.7674
68.2659
68.1342
67.5348
70.0327
73.4294
72.5008
70.3029
69.1066
68.2075
70.3054
73.3024
73.1568
72.0579
73.8642
76.5616
77.5813
78.0808
76.2984
73.8009
74.6415
76.5396
78.0594
79.458
79.7245
79.6246
79.4494
79.2496
76.4219
72.7255
77.2668
84.5596
82.5907
77.4957
79.6268
84.2223
84.5827
83.4838
86.1642
90.1603
91.7174
92.4167
92.3789
92.0791
93.2498
94.9481
97.8196
101.116
100.976
99.5776
104.451
111.644
110.036
105.141
107.064
111.56
115.549
119.345
124.007
129.002
130.112
129.712
130.891
132.69
137.637
143.831
151.095
158.787
157.157
151.762
155.026
161.819
164.012
164.312
169.693
177.186
183.201
188.595
193.85
199.045
203.54
207.736
212.699
217.994
222.593
226.889
231.601
236.496
239.73
242.228
249.28
258.371
264.434
269.13
270.6
270.6
276.553
285.245
294.414
303.804
311.494
318.388
322.092
324.29
329.6
336.393
346.829
359.017
365.354
368.85
370.469
371.169
370.932
370.233
374.4
380.993
386.058
390.354
394.186
397.782
399.462
400.162
398.753
396.255
400.129
407.322
409.21
408.311
406.563
404.366
406.269
410.365
415.24
420.535
416.317
406.927
404.181
405.08
404.242
402.444
405.262
410.657
406.08
395.89
394.749
398.745
403.313
408.208
402.589
390.901
392.219
401.111
402.386
399.189
398
398
400.002
403.198
403.402
401.804
401.884
402.983
401.045
397.249
395.059
393.86
394.016
395.015
403.932
417.818
415.307
402.42
396.79
395.791
402.391
413.88
414.461
407.968
405.037
404.438
400.106
393.313
389.88
388.681
386.525
383.728
380.156
376.06
370.538
364.044
367.204
376.994
373.503
360.816
355.541
355.441
357.863
362.059
363.858
363.958
359.923
352.929
351.625
354.423
355.021
354.022
356.368
361.163
360.154
354.86
352.142
351.343
352.141
354.139
353.18
349.983
350.47
353.767
352.602
348.006
345.775
345.375
348.509
354.404
355.267
352.17
348.349
343.953
340.446
337.648
336.289
336.089
335.669
335.07
335.129
335.729
334.96
333.062
329.855
325.559
323.002
321.903
322.699
325.097
320.428
309.739
307.648
312.943
313.044
308.648
309.214
314.109
310.127
298.339
294.918
298.914
303.438
308.433
306.542
298.45
296.381
299.777
300.409
298.51
295.729
292.132
289.261
287.063
288.012
291.908
291.179
286.084
284.624
286.622
285.917
282.62
281.102
281.301
281.451
281.55
282.003
282.802
283.15
283.05
281.249
277.752
275.502
274.503
273.454
272.355
270.959
269.261
270.222
273.918
275.653
275.353
272.953
268.357
267.605
270.902
268.723
260.731
261.716
272.305
274.868
268.774
265.791
266.191
268.259
272.155
271.066
264.473
260.433
259.234
260.342
264.039
265.765
265.266
264.44
263.241
261.902
260.404
255.71
247.319
242.984
243.384
243.324
242.725
238.285
229.294
224.946
226.145
226.664
226.364
224.485
220.689
220.712
225.407
224.555
216.863
212.956
213.755
214.688
215.787
214.899
211.502
208.193
204.996
203.331
203.631
204.497
206.095
206.74
206.14
206.879
209.377
210.284
209.085
209.94
213.536
216.366
218.165
218.988
218.488
219.466
222.463
227.014
233.707
238.102
239.3
240.25
240.849
243.063
247.559
253.827
262.618
270.22
276.114
282.907
290.999
296.734
299.032
303.998
312.89
319.206
321.703
326.683
335.375
343.19
349.683
356.692
364.485
370.739
374.635
381.083
391.472
398.034
398.634
401.565
408.159
416.067
426.057
433.046
435.244
440.007
448.898
458.36
468.75
475.579
476.578
482.25
495.637
509.024
522.411
530.539
529.839
536.19
554.472
567.771
572.567
582.869
602.649
617.537
623.931
631.886
642.576
653.048
663.139
674.235
687.122
700.081
713.168
726.291
739.478
751.145
760.036
770.017
782.006
793.994
805.982
818.353
831.44
843.698
854.387
860.163
856.566
858.778
872.165
883.751
891.844
900.24
909.231
917.45
924.143
932.372
943.661
954.087
962.779
967.28
963.284
961.813
965.51
967.641
966.542
966.416
968.314
967.732
961.938
956.175
950.481
951.022
964.909
969.973
955.987
948.443
954.936
957.557
951.663
948.065
949.564
948.287
940.794
933.24
925.548
918.434
912.64
909.81
913.806
911.641
895.157
881.211
873.219
864.367
853.477
847.627
853.821
857.234
853.937
850.495
846.699
844.087
844.386
845.03
846.529
849.167
854.661
858.317
857.318
858.988
867.48
873.851
874.75
878.641
890.33
898.662
898.163
900.695
911.285
921.874
932.464
942.65
951.741
960.084
966.377
970.655
969.356
969.453
973.449
976.165
975.266
979.996
1000.77
1014.99
1010.29
1007.51
1010.31
1010.65
1003.76
1000.89
1009.98
1015.28
1009.18
1002.1
992.008
985.334
989.13
991.049
987.153
983.426
980.229
976.097
969.004
961.602
953.21
946.234
943.836
939.613
929.423
923.247
930.34
932.027
915.643
903.935
908.031
910.273
906.177
903
903
901.466
894.573
888.671
886.274
883.658
880.261
874.225
858.64
849.08
861.568
871.57
872.369
869.064
850.382
835.871
837.17
839.357
844.951
848.07
841.576
836.765
838.563
837.411
824.524
812.948
806.654
803.312
812.003
818.26
814.463
811.246
810.446
807.776
797.187
789.582
794.777
796.662
784.175
774.87
779.565
782.43
777.135
771.478
764.185
756.587
747.596
739.651
736.554
733.597
731.299
728.152
720.959
714.315
710.318
705.171
694.381
684.362
678.168
672.818
671.719
669.214
659.523
650.818
647.222
643.45
638.754
633.823
627.629
622.462
622.862
620.756
604.871
592.295
598.189
601.717
591.827
582.069
573.078
565.648
567.346
568.901
569.6
569.774
566.777
563.654
559.758
554.771
542.982
533.63
539.724
544.262
538.768
533.484
529.588
525.301
518.408
513.105
518.6
522.288
513.497
505.638
504.34
504.314
513.405
521.833
525.43
526.716
510.832
497.907
507.397
515.399
511.902
509.34
514.136
517.858
512.963
508.361
506.163
504.339
505.637
505.993
498.301
492.058
498.452
504.18
503.98
503.424
499.628
496.161
495.762
495.846
500.542
504.186
497.592
491.882
494.979
497.283
491.489
486.383
488.481
489.804
482.81
476.55
478.348
479.439
472.546
466.287
467.386
468.299
467.001
465.566
462.469
458.843
448.554
438.9
437.501
436.214
436.414
436.012
427.321
419.167
418.668
418.022
415.224
412.378
408.781
405.161
401.165
397.365
396.766
395.882
390.187
385.112
390.907
395.907
386.416
376.975
368.484
360.352
359.353
358.497
360.595
362.371
357.176
351.884
344.391
337.035
332.939
329
329
328.84
324.445
320.279
322.577
324.224
306.442
289.258
291.156
292.96
291.561
289.988
281.996
274.136
271.539
268.932
265.935
262.8
253.11
243.62
244.719
245.778
244.48
243.145
239.449
235.764
232.967
230.185
228.786
227.339
220.446
213.585
211.488
209.364
202.071
194.778
187.485
180.196
176.3
172.404
