-15.1793
30.6757
76.5308
86.3756
96.166
92.8151
89.4184
88.307
87.2081
89.1833
91.1813
91.3979
91.5977
89.6245
87.6265
84.7413
81.8441
83.5708
85.3691
87.1673
88.9656
88.608
88.2084
89.7647
91.3631
89.8384
88.24
88.2974
88.3973
88.9832
89.5826
87.3687
85.071
84.5159
84.0164
85.4493
86.9478
85.9393
84.8404
86.6283
88.5264
85.4309
82.1342
85.8334
89.8295
88.0872
86.0891
85.3319
84.6326
84.1237
83.6242
82.7445
81.8454
82.3691
82.9685
83.0946
83.1945
81.1217
78.9239
80.4026
82.1009
81.0711
79.8723
79.8939
79.9938
80.4684
80.9679
80.813
80.6132
82.3725
84.2706
81.7933
78.9961
79.6361
80.5352
84.6789
89.0746
84.127
78.4326
78.0923
78.1922
77.7394
77.2399
76.8323
76.4327
77.6841
79.0828
77.1864
74.9885
81.102
87.9952
81.8558
74.4631
76.9829
80.4795
78.9851
76.987
79.607
82.704
78.4823
73.4872
73.8114
74.7105
76.6892
78.7871
77.6535
76.155
77.881
79.9789
81.9875
83.9855
80.2761
75.8804
78.4254
81.8221
81.3121
80.3131
80.4658
80.7655
80.1812
79.4819
78.4298
77.3309
76.3199
75.3209
75.5512
75.9508
76.2628
76.5625
73.9775
70.9804
71.9955
73.594
73.3649
72.8653
77.0547
81.9499
80.9539
79.0558
77.5034
76.0049
76.9211
78.2199
77.9697
77.4702
76.1122
74.6137
72.8582
71.0599
71.1418
71.5414
72.6232
73.822
76.1267
78.6242
77.0479
74.7502
74.4
74.4
72.7949
70.8967
72.96
75.7572
77.3772
78.7759
77.3221
75.3241
75.7533
76.6524
75.1299
73.1319
74.8826
77.3802
77.6338
77.434
75.8246
73.9265
75.0062
76.7045
77.6602
78.4594
74.9776
70.5819
73.7423
78.5376
78.9084
78.309
77.6278
76.9285
78.594
80.7918
78.2714
74.675
75.8665
78.1642
81.7573
85.6535
84.381
81.8834
84.542
88.4382
85.503
80.9075
82.4052
85.4023
87.1997
88.6982
88.8404
88.6406
90.2713
92.3692
90.1007
86.704
87.6631
89.761
92.175
94.6725
94.4908
93.5916
91.0418
88.0447
90.7717
95.0675
94.9832
93.6844
92.8538
92.1545
94.1791
96.9763
94.883
91.3864
90.6774
90.7773
95.9749
102.668
105.818
107.916
105.787
102.39
101.523
101.423
103.158
105.456
108.364
111.461
109.081
104.985
106.048
108.746
110.459
111.858
112.577
113.077
112.447
111.448
110.975
110.675
112.322
114.62
116.694
118.692
118.678
117.979
122.629
129.123
130.8
130.8
133.091
136.188
138.548
140.646
145.758
151.952
155.946
159.143
161.828
164.326
166.167
167.765
176.273
187.363
196.566
205.057
210.511
214.806
222.349
231.14
242.45
254.738
265.591
275.881
286.671
297.661
307.865
317.755
330.919
345.405
363.936
384.116
400.192
414.578
438.845
467.217
486.51
501.994
521.199
541.979
566.818
593.392
618.081
641.958
665.904
689.881
721.284
755.95
788.47
820.039
851.677
883.346
910.06
934.536
971.021
1012.98
1044.88
1072.15
1102.77
1134.94
1175.68
1220.44
1253.32
1280.59
1303.81
1325.09
1354.66
1388.23
1412.78
1432.96
1455.89
1480.17
1494.15
1503.04
1529.93
1565.8
1591.36
1611.74
1624.23
1632.72
1644.26
1657.34
1656.92
1649.53
1664.47
1691.05
1698.17
1695.07
1706.08
1724.56
1736.92
1746.01
1739.98
1725.8
1726.49
1735.28
1734.66
1728.86
1722.36
1715.47
1722.62
1737.6
1743.77
1744.96
1744.76
1743.76
1741.56
1738.66
1732.28
1723.89
1728
1739.39
1741.21
1737.41
1734.68
1732.58
1733.11
1735.21
1735.94
1735.84
1728.65
1717.16
1717.14
1724.13
1729.58
1734.07
1734.63
1732.73
1726.6
1717.81
1711.34
1706.34
1705.01
1706.01
1699.59
1688.4
1671.88
1651.9
1639.35
1631.66
1615.47
1593.7
1573.84
1555.26
1544.93
1540.13
1532.83
1523.84
1510.39
1493.91
1479.26
1465.88
1458.04
1454.04
1444.52
1431.13
1426.71
1428.61
1420.57
1405.49
1398.44
1397.14
1398.28
1401.18
1398.35
1391.36
1386.27
1382.57
1378.24
1373.45
1372.37
1374.07
1369.72
1360.83
1356.66
1356.06
1358.69
1363.78
1360.97
1352.08
1353.83
1363.82
1363.77
1355.88
1350.72
1347.73
1339.05
1325.86
1319.28
1317.98
1316.57
1315.07
1304.97
1287.89
1273.99
1262.7
1257.43
1257.14
1248.87
1233.99
1217.37
1199.28
1182.99
1168.2
1163.45
1167.24
1161.8
1148.41
1129.29
1105.22
1092.13
1088.64
1077.75
1060.37
1059.72
1073.91
1071.1
1053.12
1045.76
1047.95
1044.76
1036.66
1027.53
1017.44
1011.98
1010.78
1009.53
1008.23
1010.54
1016.23
1015.92
1009.92
1007.56
1008.66
1012.67
1019.46
1020
1014.51
1012.81
1014.81
1011.26
1002.27
992.929
983.238
973.247
962.958
956.604
954.206
944.513
927.429
915.933
910.138
898.878
881.995
871.634
868.038
859.361
845.375
833.529
823.939
814.445
805.054
798.511
795.014
791.614
788.317
777.074
757.193
751.615
761.705
760.685
747.398
736.759
729.067
726.413
729.41
724.107
709.421
690.673
667.296
651.405
644.113
627.327
599.555
579.759
569.269
557.448
544.061
529.028
512.045
500.023
493.929
484.3
470.413
456.707
443.221
429.329
414.944
403.958
397.164
390.906
385.311
378.785
371.093
369.581
375.875
376.543
370.049
362.987
355.194
352.063
354.96
358.074
361.471
367.501
376.992
382.271
381.971
387.49
400.777
408.102
407.402
415.223
434.604
455.546
478.624
505.145
536.414
568.98
603.346
641.831
686.088
735.107
790.852
847.586
905.729
971.584
1048.51
1124.62
1199.54
1283.41
1380.31
1475.07
1566.68
1655.48
1740.1
1832.08
1935.08
2033.42
2124.73
2220.68
2323.67
2421.31
2510.72
2592.48
2662.41
2742.18
2837.29
2936.98
3043.88
3131.44
3188.38
3254.91
3336.73
3422.22
3513.63
3600.05
3678.38
3771.17
3887.66
3997.89
4097.79
4209.28
4340.05
4459.93
4561.53
4661.8
4759.8
4877.37
5028.32
5158.27
5252.08
5352.5
5464.39
5570.03
5664.74
5765.33
5876.32
5997.2
6135.66
6270.62
6399.3
6532.34
6673.3
6797.12
6889.63
6991.32
7109.9
7228.83
7348.42
7460.56
7558.77
7659.73
7765.93
7870.61
7972.41
8068.13
8152.15
8243.03
8347.23
8434.67
8489.32
8543.23
8595.68
8659.78
8747.09
8805.3
8805
8822.15
8874.7
8920.23
8951.4
8985.44
9025.4
9052.4
9052.4
9059.13
9080.01
9087.7
9067.42
9058.69
9074.67
9080.32
9063.63
9062
9093.17
9112.16
9104.37
9082.12
9027.77
8968.71
8899.07
8843.75
8820.77
8780.05
8698.83
8623.69
8562.55
8501.98
8442.73
8385.31
8332.17
8288.42
8266.94
8244.11
8218.03
8201.85
8209.55
8217.96
8228.15
8244.21
8274.68
8302.45
8323.53
8345.75
8370.83
8412.23
8494.94
8564.15
8598.81
8651.25
8749.56
8832.84
8877
8934.45
9026.85
9123.53
9231.52
9336.04
9431.25
9525.86
9618.87
9718.32
9835.41
9938.22
10001.5
10060.6
10107.8
10147.3
10165.3
10195.5
10260.8
10322.5
10374.3
10411.9
10408.5
10413.5
10442.9
10465.5
10467.7
10463.7
10441
10412.4
10365.9
10327.8
10315.9
10305.7
10301.1
10281.9
10216.9
10161.6
10136.7
10100.9
10029.7
9969.5
9944.52
9906.7
9826.88
9769.85
9788.13
9793.07
9753.4
9712.47
9667.21
9628.35
9611.37
9593.02
9569.94
9544.53
9510.96
9482.51
9472.12
9455.18
9414.82
9382.2
9377.61
9363.56
9314.91
9281.59
9305.07
9317.92
9290.94
9262.32
9227.46
9197.63
9187.14
9172.54
9141.97
9121.81
9142.59
9151.59
9113.73
9081.09
9069.5
9054.26
9024.09
8998.67
8992.87
8984.38
8964.6
8943.67
8917.9
8887.61
8837.96
8794.76
8779.57
8760.2
8722.44
8681.93
8629.18
8579.75
8545.28
8506.36
8447.01
8389.69
8341.74
8288.92
8213.19
8141.88
8091.63
8036.21
7955.79
7874.08
7786.06
7703.01
7644.56
7585.67
7524.53
7464.93
7413.18
7361.22
7308.17
7257.68
7220.61
7182.92
7141.86
7096.46
7027.53
6966.54
6949.26
6923.72
6852.09
6790.06
6782.47
6766.82
6704.78
6647.42
6617.45
6587.04
6553.97
6520.12
6481.56
6445.02
6420.95
6394.77
6355.51
6319.42
6303.44
6281.75
6223.31
6169.96
6149.98
6129.85
6108.77
6091.76
6102.35
6106.58
6066.92
6028.37
5997.6
5971.91
5982.6
5992.57
5997.26
6001.55
6002.85
6003.54
5999.65
5996.67
6000.76
6005.13
6011.62
6016.09
6004.3
5992.64
5981.95
5973.48
5983.57
5992.63
5992.93
5992.96
5990.66
5986.9
5970.12
5956.73
5974.21
5988.88
5977.4
5969.84
5999.71
6028.54
6047.22
6060.31
6017.65
5979.26
5984.46
5987.74
5971.06
5952.34
5911.78
5874.45
5872.65
5865.68
5800.24
5737.25
5702.69
5666.83
5615.58
5565.76
5533.39
5501.17
5470.9
5439.01
5386.06
5333.72
5289.46
5245.6
5207.14
5169.62
5145.65
5123.06
5120.86
5115.63
5064.28
5014.19
4984.02
4951.4
4878.77
4809.27
4792.58
4775.8
4757.32
4736.17
4666.34
4598.54
4569.26
4539.07
4490.62
4442.08
4391.83
4341.6
4291.64
4240.78
4169.15
4097.92
4036.28
3975.32
3931.36
3887.35
3841.89
3795.93
3735.79
3675.91
3623.66
3571.08
3507.94
3445.46
3405.4
3364.88
3307.54
3250.4
3201.45
3152.63
3109.77
3066.72
3014.47
2962.63
2931.86
2901.06
2868.69
2836.16
2793.11
2749.96
2699.71
2649.4
2594.16
2539.03
2496.77
2454.33
2386.8
2319.15
2227.24
2135.31
2038.01
1940.69
1835.7
1730.7
