120.202
125.697
131.192
130.202
129.203
124.322
119.426
117.909
116.411
117.094
117.793
119.977
122.175
117.162
112.067
111.803
111.603
117.109
122.704
120.051
117.253
118.18
119.179
119.884
120.584
114.256
107.762
112.47
117.465
119.836
122.133
118.416
114.52
120.209
126.203
118.864
111.071
112.053
113.352
116.094
118.892
117.751
116.453
119.754
123.251
121.487
119.489
115.773
111.977
106.752
101.457
112.416
124.205
118.539
111.946
117.28
123.274
117.837
111.743
110.269
109.07
112.104
115.401
115.694
115.794
114.114
112.315
109.489
106.592
111.624
117.219
112.107
106.213
107.658
109.656
114.342
119.238
116.177
112.481
109.523
106.626
105.479
104.48
109.639
115.334
113.69
111.392
110.468
109.668
114.166
119.162
118.597
117.498
113.58
109.384
107.457
105.759
109.584
113.98
114.942
115.541
110.821
105.527
103.111
101.013
106.276
112.37
110.134
106.937
107.225
107.925
105.77
103.273
100.419
97.5223
98.3542
99.6529
95.6361
90.9408
101.273
113.561
104.769
93.18
99.1924
107.584
107.283
105.784
107.965
110.663
105.93
100.135
102.017
105.014
106.183
107.082
105.55
103.652
103.227
103.027
97.9865
92.1922
103.56
117.646
113.318
106.026
105.429
105.929
106
106
103.009
99.5123
103.434
108.629
111.612
114.209
112.223
109.426
107.56
105.862
109.064
113.16
118.014
123.009
115.223
105.033
113.887
126.374
124.633
120.138
120.318
121.417
117.185
111.89
118.729
128.02
127.444
124.847
123.49
122.391
126.904
132.598
134.011
134.511
135.093
135.692
138.258
141.255
141.064
140.165
142.038
144.536
151.914
160.406
158.267
153.671
157.333
162.928
175.872
190.557
192.272
190.873
194.618
199.613
200.279
199.88
202.999
206.995
210.832
214.628
213.331
210.733
214.725
220.42
225.639
230.734
229.114
225.717
231.777
240.369
244.322
247.02
248.698
250.096
257.048
265.54
269.194
271.492
269.587
266.49
267.197
268.995
275.672
283.764
291.856
299.948
301.261
300.561
308.622
319.312
324.023
326.92
331.04
335.536
343.768
353.159
351.064
345.37
345.214
346.812
356.205
368.093
372.283
373.981
374.475
374.575
380.381
388.074
395.467
402.76
405.571
406.87
417.406
431.092
445.076
459.162
471.396
482.985
492.06
500.252
517.658
538.338
555.563
571.547
598.896
630.365
653.791
674.271
694.24
714.021
744.057
777.924
813.386
849.451
886.89
924.853
972.7
1024.35
1070.96
1115.62
1175.41
1241.15
1299.73
1355.47
1419.78
1487.52
1562.79
1641.12
1716.39
1790.42
1878.88
1973.29
2062.05
2148.47
2248.89
2355.18
2446.39
2531.21
2638.63
2755.72
2870.22
2983.61
3091.92
3198.01
3323.82
3458.29
3593.52
3729.08
3854.3
3974.88
4125.4
4289.44
4423.01
4542.69
4675.79
4815.05
4964.34
5118.29
5264.01
5405.87
5536.27
5661.24
5802.79
5952.25
6062.51
6153.92
6276.54
6414.3
6534.5
6646.09
6747.32
6843.42
6915.33
6975.17
7048.51
7128.63
7198.01
7261.95
7311.75
7354.31
7403.52
7456.17
7503.63
7548.38
7585.54
7618.71
7626.15
7619.96
7648.27
7695.02
7699.26
7680.58
7681.57
7693.26
7690.17
7678.98
7684.45
7699.14
7711.97
7723.75
7727.94
7727.84
7743.6
7768.38
7781.4
7787.7
7794.05
7800.45
7793.39
7778.51
7776.08
7780.98
7799.43
7825.9
7826.54
7811.76
7811.25
7819.34
7820.22
7816.73
7823.27
7835.96
7867.17
7909.83
7927.92
7930.72
7953.83
7989.7
8011.12
8023.41
8028.5
8029
8006.83
7970.06
7952.57
7947.57
7906.64
7842.2
7771.51
7696.68
7626.29
7558.86
7506.02
7462.96
7403.27
7332.34
7265.75
7202.11
7157.48
7125.91
7095.35
7065.48
7049.55
7043.36
7032.3
7017.81
6999
6977.12
6955.13
6933.05
6923.33
6922.54
6913.06
6897.27
6881.2
6864.92
6854.78
6849.19
6839.58
6827
6832.21
6850.8
6850.55
6836.07
6827.59
6823.69
6841.26
6875.33
6887.55
6882.86
6872.05
6856.46
6841.94
6828.25
6805.93
6776.76
6748.98
6722.31
6687.5
6646.14
6618.06
6600.78
6554.23
6483.7
6423.84
6372.79
6338.53
6318.25
6271.62
6202.89
6140.38
6083.14
6037.92
6002.95
5961.65
5914.89
5865.09
5812.64
5761.58
5711.73
5675.38
5650.9
5629.34
5610.36
5570.64
5512.39
5480.23
5471.53
5457.19
5437.71
5426.78
5423.68
5395.27
5343.52
5315.28
5308.89
5287.02
5250.66
5243.53
5264.01
5281.83
5297.12
5300.72
5293.13
5302.1
5327.08
5335.5
5327.81
5319.66
5311.07
5288.42
5251.85
5231.6
5227.6
5211.85
5184.27
5148.61
5104.75
5055.9
5001.96
4967.9
4954.32
4924.99
4879.33
4840.66
4809.29
4772.57
4730.21
4690.86
4654.69
4622.1
4593.33
4558.07
4515.81
4476.8
4441.34
4411.45
4387.68
4359.01
4324.94
4287.52
4246.36
4205.01
4163.45
4110.54
4044.81
3968.29
3879.47
3787.03
3690.43
3588.45
3480.26
3377.69
3281.68
3186.92
3093.61
2997.97
2899.56
2808.81
2727.19
2643.08
2555.96
2480.44
2419
2367.18
2327.12
2275.7
2210.26
2160.73
2130.95
2095.73
2053.67
2021.1
2000.52
1982.89
1969
1952.67
1933.19
1926.03
1934.82
1930.47
1909
1906.69
1929.56
1955.53
1985.61
2011.27
2031.05
2063.99
2114.64
2177.96
2258.49
2346.01
2443.12
2556.98
2693.94
2840.82
3001.46
3189.56
3416.14
3656.26
3915.5
4187.57
4477.88
4781.65
5104.74
5449.13
5824.36
6202.8
6585.93
6980.78
7392.87
7780.1
8130.46
8513.37
8944.95
9351.34
9719.78
10072.6
10401.7
10744
11106.5
11439.3
11726
12015.5
12309.6
12578.6
12808.4
13057.1
13335.8
13604.3
13856.4
14108.1
14359.1
14638
14962.4
15268.7
15545.5
15860.3
16237.9
16599.5
16934.6
17303.1
17727.7
18119.1
18454.2
18791.7
19133.2
19486.7
19860.9
20223.4
20565.5
20900.4
21222.6
21543.6
21862.2
22195.4
22554.5
22911.5
23264.5
23626.1
24003.3
24378.6
24750.8
25084.8
25348.5
25630.9
25947.9
26262.6
26573
26873
27153.6
27415.1
27640.6
27887.1
28174
28448.5
28698.9
28935.5
29145.3
29328.5
29459.2
29596.6
29747.3
29894.2
30033.4
30140
30180.7
30226.5
30282.7
30333
30371.1
30408.5
30444.6
30453.7
30406.2
30386.7
30426.2
30437.4
30387.7
30341.4
30302.1
30266.7
30239.6
30197.4
30122
30030.3
29902.5
29773
29639.5
29482.2
29270.8
29080.6
28938.7
28777.6
28572.3
28358.8
28126.3
27902.6
27700
27512.3
27359.6
27220.3
27112.8
27046
27077.4
27089.8
27056.4
27053.8
27127.4
27186.4
27209.4
27251.3
27340.8
27460.6
27657.1
27857.2
28066.4
28281.8
28513.2
28770.5
29095.6
29396.4
29633.4
29880.5
30154.4
30429.6
30708
30985.4
31260
31542.5
31846.6
32122.5
32320.3
32531.2
32778.8
33005
33170.7
33323.8
33440.9
33559.6
33682.8
33791.6
33858.3
33918.8
33961.3
33991.8
33986.2
33958.6
33865.1
33790.2
33771.5
33745.2
33695.8
33625.3
33489.5
33341.9
33157.2
32993.9
32898.7
32796.3
32670.8
32540.8
32396.3
32251.5
32106.2
31968.2
31854.4
31725.2
31544.8
31388.8
31315
31235
31133.5
31025.3
30893.8
30777.7
30715
30654.3
30600.5
30538.2
30445.5
30368.4
30347.1
30323.1
30288.9
30234.1
30102.9
29999.9
30002.4
29992.6
29936.3
29874.8
29793.6
29712
29629.3
29561.9
29554.6
29547.8
29542.9
29517.1
29407.1
29305.6
29238.9
29168.9
29085.6
28989.6
28840.3
28709.1
28653.9
28602.3
28566.2
28504.3
28330.8
28171.7
28076.4
27966.3
27789.9
27617.1
27460.1
27305.2
27160.5
27007.2
26814.5
26618.6
26407.5
26189.6
25939.7
25706.1
25551.9
25382.2
25137.1
24902
24717.1
24531.3
24341.2
24147.7
23936.9
23732.7
23562.9
23391.7
23213.4
23037.9
22877.7
22728
22635.5
22523.8
22306.5
22099.2
21948.2
21802.9
21690.1
21573.1
21432.3
21291.7
21152.5
21022.4
20945.8
20856.2
20687.5
20530.5
20446
20359.1
20256.9
20146.4
19983.7
19837.3
19796
19751
19681.6
19607.6
19503.2
19409.9
19391.9
19363.5
19263.3
19173.7
19158.6
19143.5
19127.9
19114.1
19113
19114.5
19135.3
19150.1
19118.7
19089.6
19078.9
19073.5
19110.3
19146
19173.2
19199
19213.9
19221.4
19166.9
19112.1
19054.1
19011.6
19104.9
19182.5
19119.9
19068.7
19120.1
19166.4
19164.3
19166.2
19206.3
19243.9
19258.4
19269.3
19244.1
19219.3
19198.3
19177.1
19153.6
19118.1
18955.6
18801
18734.4
18668.3
18607.7
18545.3
18461.1
18373.9
18250.8
18122.5
17929.8
17742.9
17627.1
17509.3
17365
17223.4
17118
17009.5
16859.8
16715.2
16642.9
16565.1
16406.8
16250.4
16123.6
15996.7
15867.3
15740.9
15663.7
15585.7
15494.1
15399
15243.9
15092
14999.7
14904.1
14746.7
14589.4
14435.9
14281.3
14104.9
13927.4
13722.7
13520.8
13382.6
13243.1
13070.5
12899.1
12756.2
12611.1
12409.5
12209.5
12054
11898
11724.4
11550
11345.3
11141.7
10977.1
10813.1
10675.3
10537.1
10388.1
10239
10088.2
9937.12
9768.18
9600.15
9479.57
9358.84
9229.67
9100.58
8976.8
8853.04
8730.76
8608.13
8453.58
8299.04
8144.99
7990.56
7782.27
7573.66
7302.13
7030.5
6728.6
6426.65
6084.39
5742.12
