96.1991
94.301
92.4028
93.597
94.7958
96.4924
98.1908
98.5974
98.997
92.951
86.8569
90.3628
93.9593
89.9503
85.8543
91.1231
96.5178
94.3372
92.0395
88.7599
85.4631
89.7115
94.1072
89.6037
84.9083
88.2159
91.7125
92.1896
92.5892
89.8782
87.081
89.3282
91.7259
93.2522
94.7507
94.3169
93.8174
93.4143
93.0147
87.2263
81.2322
84.073
87.2699
85.8666
84.2682
86.1128
88.1108
92.0178
96.0138
91.7233
87.0279
83.283
79.5867
83.1943
87.1903
84.4655
81.3685
86.679
92.4733
90.4432
87.9457
86.1066
84.3084
84.1061
84.0062
86.4357
89.0332
87.7977
86.2992
82.5616
78.6655
79.8895
81.4879
85.9662
90.6616
89.9802
88.8813
85.9322
82.8353
81.8615
81.0623
79.8025
78.5037
81.2495
84.3465
81.7565
78.6596
79.956
81.6543
82.8046
83.9036
78.8052
73.1107
74.055
75.6535
77.6149
79.6129
81.0677
82.4663
84.2264
86.0246
79.348
71.7554
80.9858
92.075
82.428
70.4397
69.9165
70.7158
80.9888
92.3776
85.1279
75.6372
82.4305
91.2219
89.8915
87.294
84.8738
82.4761
78.8409
75.0446
74.9528
75.3524
80.5923
86.4865
87.0244
86.8246
83.2078
79.1119
78.2503
77.8507
80.6783
83.9751
82.8335
81.0353
86.1834
92.3774
86.3559
78.4636
81.8948
87.0897
87.9725
88.1723
87.0814
85.7826
86.2868
87.086
81.2041
74.211
72.6018
71.9024
78.1095
85.5023
83.1973
79.2012
79.279
80.0782
82.0629
84.2607
84.5155
84.4156
87.0971
90.294
85.7546
79.7605
83.8336
89.8277
89.6282
88.2296
88.0835
88.1834
88.1167
88.0168
84.8418
81.0455
77.6638
74.367
79.9212
87.3139
88.1874
87.6879
87.847
88.1467
89.5141
91.1125
92.3013
93.4002
93.1095
92.5101
95.9879
100.384
95.4243
88.3312
91.6257
97.3201
100.91
104.007
105.084
105.684
109.022
113.019
107.29
99.198
109.065
123.351
118.762
109.471
113.823
121.615
119.857
115.661
119.484
125.378
126.917
127.316
128.822
130.62
127.375
122.779
121.721
121.621
126.54
132.834
136.937
140.434
140.576
139.777
137.576
134.979
144.569
157.656
156.109
150.314
150.39
152.188
155.373
158.97
159.185
158.386
156.667
154.669
161.692
171.483
173.266
172.567
174.758
177.855
177.234
175.436
171.746
167.45
167.834
169.732
173.512
177.908
181.403
184.599
185.924
186.623
187.173
187.673
193.909
202.101
204.348
204.548
205.267
206.166
216.525
230.212
238.444
244.738
253.09
262.181
267.386
271.182
274.832
278.429
284.213
290.807
307.729
328.508
344.936
359.721
370.166
378.957
389.552
400.841
414.721
429.606
454.394
483.066
506.299
527.378
548.672
570.051
593.351
617.428
642.995
669.169
698.174
728.345
756.045
782.719
815.727
851.392
878.845
902.822
937.297
976.259
1011.1
1044.17
1085.45
1130.31
1173.91
1216.97
1257.54
1297
1348.19
1404.64
1445.25
1478.72
1519.32
1563.18
1615.18
1670.93
1710.64
1742.91
1786.88
1836.33
1885.51
1934.56
1980.57
2025.12
2079.33
2138.17
2163.25
2171.94
2203.37
2245.92
2269.49
2283.68
2318.66
2364.02
2381.59
2385.19
2410.52
2446.89
2467.06
2478.95
2487.15
2493.44
2511.95
2536.83
2541.93
2536.63
2547.73
2567.51
2569.32
2561.53
2565.87
2576.76
2566.1
2543.73
2551.99
2577.07
2586
2586
2590.68
2597.97
2605.01
2611.9
2599.36
2575.78
2569.49
2573.08
2577.38
2582.07
2584.37
2585.27
2595.04
2610.03
2610.64
2602.75
2608.56
2622.54
2623.75
2617.25
2606.34
2592.76
2597.45
2613.34
2621.75
2625.54
2636.79
2652.67
2655.67
2650.57
2653.25
2660.84
2659.22
2651.73
2646
2641.41
2630.57
2615.68
2593.85
2567.48
2555.43
2552.84
2533.56
2503.19
2481.79
2466.4
2442.43
2412.66
2394.78
2384.99
2375.43
2366.04
2349.33
2327.55
2320.66
2324.15
2322.84
2318.15
2301.59
2276.61
2278.55
2299.73
2297.1
2277.32
2266.34
2261.74
2260.95
2262.95
2261.1
2256.4
2257.49
2262.89
2261.15
2254.05
2256.4
2265.89
2267.45
2262.95
2263.09
2266.79
2259.11
2242.63
2237.14
2240.23
2242.49
2244.09
2230.26
2204.19
2190.43
2186.54
2178.27
2166.48
2146.98
2121.2
2111.69
2115.48
2106.09
2085.81
2057.46
2022.39
2012.1
2022.59
2009.81
1977.34
1954.74
1940.55
1927.5
1915.41
1909.64
1909.34
1893.46
1863.99
1853.07
1858.46
1851.41
1833.33
1821.63
1815.64
1816.01
1822.1
1819.87
1810.08
1794.29
1773.01
1758.95
1751.56
1754.37
1766.66
1769.97
1764.87
1758.18
1749.99
1755.57
1774.25
1779.78
1772.68
1768.79
1767.99
1760.46
1746.38
1738.64
1737.14
1733.79
1728.59
1723.55
1718.65
1709.37
1695.69
1683.09
1671.6
1660.76
1650.57
1642.15
1635.56
1619.01
1592.13
1574.59
1566.8
1555.11
1539.33
1528.15
1521.85
1511.46
1496.67
1484.14
1474.05
1468.03
1466.43
1453.92
1429.44
1423.96
1439.44
1437.15
1415.07
1395.3
1378.12
1361.26
1344.78
1320.92
1288.65
1259.26
1233.19
1205.22
1175.04
1141
1102.44
1073.38
1055.5
1031.9
1001.53
977.808
962.023
942.884
919.707
894.048
865.376
844.298
832.509
817.947
799.965
784.699
772.811
765.18
762.882
756.302
744.314
744.237
759.322
760.711
744.527
735.531
735.83
736.26
736.86
737.847
739.346
742.692
748.487
758.174
773.06
794.162
823.633
851.239
876.315
906.453
943.517
982.051
1022.61
1068.6
1122.15
1186.27
1265.19
1344.57
1424.59
1517.76
1629.65
1735.76
1833.56
1938.14
2052.53
2172.28
2299.85
2429.94
2563.7
2689.83
2804.62
2931.46
3076.31
3208.94
3323.13
3437.63
3552.62
3666.74
3779.53
3887.26
3987.16
4079.95
4161.67
4249.49
4346.9
4441.28
4530.9
4618.01
4701.13
4799.14
4921.12
5031.94
5124.65
5222.77
5329.77
5429.64
5517.76
5625.67
5766.53
5910.19
6058.54
6191.42
6298.12
6402.01
6501.11
6625.91
6794.95
6942.44
7052.53
7154.45
7242.07
7340.41
7457.69
7578.89
7707.07
7837.99
7973.86
8104.26
8224.74
8352.82
8494.78
8610.91
8679.44
8771.49
8907.26
9027.88
9120.09
9215.61
9317.41
9410.25
9485.97
9553.94
9606.99
9667.27
9741.6
9821.6
9912.71
9993.78
10055
10111.7
10159.2
10198.7
10221.9
10242.5
10258
10281.8
10322.7
10349.2
10346.3
10344.5
10344.8
10344
10341
10327.1
10290
10274.4
10304.4
10321.8
10311.8
10300.2
10284.9
10261.4
10219.7
10177.8
10135.5
10084.9
10015.7
9939.67
9847.96
9779.14
9762.56
9718.36
9610.56
9512.12
9435.39
9373.06
9344.49
9319.59
9303.41
9279.92
9238.96
9211.73
9217.62
9220.26
9214.96
9214.58
9226.27
9248.8
9298.25
9341.49
9369.16
9400.32
9440.28
9498.81
9604.81
9712.92
9826.51
9911.87
9923.66
9973.16
10121.9
10254.2
10342.6
10426
10496.2
10569.7
10652.5
10747.9
10877.6
10994.4
11075.8
11154
11223
11290.8
11354.9
11408.9
11434
11461.1
11494.1
11528.7
11568.3
11596.3
11590.4
11586.8
11590.1
11595
11604.8
11602.7
11564.3
11522.6
11470.5
11420.7
11377.7
11331.9
11276.9
11230.6
11211.4
11182.8
11124.3
11070.2
11030.7
10987.4
10931.7
10873.9
10808.8
10756.1
10744.3
10730.8
10711.8
10684.7
10630.5
10578.5
10534.7
10501.9
10507.8
10500.6
10447.4
10403
10390.2
10372.3
10335.8
10310.9
10328.2
10332.4
10288
10252.2
10248.3
10237.6
10201.2
10170.7
10162.3
10149.6
10120.2
10097.8
10102.7
10101.1
10073.6
10045.4
10014.5
9985.45
9964.37
9937.97
9889.62
9847.49
9831.41
9817.5
9812.81
9795.94
9726.91
9669.73
9664.04
9648.39
9588.95
9528.54
9463.8
9402.99
9359.93
9312.4
9244.36
9175.53
9103
9029.86
8953.84
8878.28
8804.95
8733.42
8670.58
8604.63
8523.41
8442.27
8361.55
8287.32
8245.76
8198.97
8125.44
8054.04
7993.7
7932.64
7867.81
7803.91
7745.07
7689.65
7652.79
7613.38
7559.93
7512.7
7500.21
7477.75
7398.73
7326.83
7295.96
7260.89
7201.25
7147.22
7126.54
7102.34
7056.88
7014.55
6991.37
6966.14
6928.08
6888.22
6836.97
6786.58
6741.72
6700.1
6679.72
6657.06
6619.2
6585.85
6583.16
6575.53
6533.87
6496.5
6489.31
6484.1
6493.09
6499.49
6487.01
6478.12
6496
6507.23
6468.07
6436.66
6465.14
6489.46
6481.17
6472.33
6459.04
6447.2
6447.2
6448.12
6456.71
6462.59
6445.3
6431.1
6443.79
6453.71
6438.92
6424.95
6418.35
6414.68
6438.15
6459.61
6461.81
6463.72
6462.82
6458.46
6419.59
6386.98
6418.15
6444.14
6415.97
6387.81
6359.73
6330.56
6289.3
6249.55
6226.77
6200.2
6129.67
6063.35
6047.16
6026.2
5946.67
5870.12
5830.96
5792.31
5760.34
5727.95
5689.89
5651.74
5612.38
5572.15
5519.6
5468.84
5444.36
5418.38
5369.53
5323.09
5314.6
5302.72
5235.58
5170.16
5133.7
5097.84
5072.67
5045.42
4980.49
4916.55
4871.6
4826.96
4788.59
4749.57
4696.92
4644.35
4593.4
4541.2
4460.58
4381.06
4327.91
4274.18
4205.65
4138.01
4094.15
4049.19
3973.27
3897.9
3839.16
3780.23
3715.49
3651.37
3608.11
3564.18
3495.65
3427.8
3387.14
3346.52
3307.66
3268.2
3200.47
3133.09
3084.44
3036.03
3002.07
2968.09
2933.42
2898.55
2847.5
2796.47
2747.22
2697.7
2618.17
2538.75
2474.12
2409.33
2315.13
2220.87
2111.18
2001.49
1893.4
1785.3
