39.7992
38.0009
36.2027
38.594
40.9917
35.624
30.2293
34.9693
39.7646
39.1058
38.4065
40.4783
42.5763
43.5877
44.5867
46.1772
47.7756
41.9955
36.1013
36.9818
37.9809
38.294
38.5937
39.9691
41.3677
35.8369
30.1425
36.1363
42.4302
43.7665
44.9653
44.0299
43.0309
40.1924
37.2952
34.2048
31.1078
31.4821
31.9816
32
32
36.8016
41.7967
39.6999
37.3023
42.5558
48.1503
47.4455
46.4465
45.0665
43.6679
41.889
40.0908
38.2926
36.4943
37.0626
37.7619
35.0605
32.1633
33.6968
35.4951
39.457
43.553
43.049
42.2497
45.1041
48.2011
39.1448
29.2545
35.037
41.9303
41.7483
41.049
42.858
44.856
36.1005
26.5098
29.8703
34.266
38.3848
42.4808
43.5369
44.3361
43.0212
41.5226
38.8317
36.0344
39.3696
43.2658
37.572
30.9785
32.7696
35.367
37.9645
40.5619
38.8943
36.7964
40.7653
45.3608
41.3726
36.4774
34.8279
33.5292
34.9293
36.6277
38.2362
39.8347
38.5668
36.9684
32.0631
26.7683
34.8504
44.5409
46.5788
47.6777
43.627
38.9316
37.3369
36.1381
36.7072
37.5064
33.8956
29.6997
32.4562
36.1525
35.8975
35.0983
34.0362
32.9373
30.3523
27.555
27.3744
27.5742
32.4734
38.068
42.0127
45.7091
46.3733
46.5731
41.0679
34.6742
40.3544
47.947
48.0535
46.9545
44.7396
42.3419
45.5975
49.7934
46.2979
41.5026
42.7611
45.0588
46.4208
47.6196
52.8074
58.7017
57.8218
55.7238
51.3449
46.5496
50.8571
56.8512
50.5683
41.9767
44.4591
49.0546
54.236
59.5308
66.6626
74.1553
65.8198
54.331
53.8129
55.5112
60.5261
66.2205
68.0272
69.0262
65.9816
62.0854
67.8215
75.6139
72.1542
66.26
73.1477
82.8382
82.4747
79.8773
86.3312
94.8229
90.9496
84.2562
88.5184
95.3117
97.3286
98.2277
100.177
102.374
102.317
101.717
102.404
103.403
111.377
121.067
124.679
126.777
130.152
133.848
134.361
134.061
135.27
136.869
142.189
148.483
144.665
138.171
139.479
142.876
142.814
141.815
151.872
164.959
163.889
158.894
166.772
178.261
173.173
163.383
172.844
187.829
190.116
188.717
193.652
200.445
198.225
193.33
195.351
199.447
203.772
208.168
209.276
209.376
216.797
226.487
227.583
225.984
228.786
232.982
229.006
222.412
226.611
234.304
238.684
241.981
238.82
233.526
241.486
253.874
255.954
254.556
257.254
261.35
271.167
282.956
289.038
293.134
297.674
302.369
304.042
304.642
317.151
333.934
343.459
350.352
352.785
353.584
371.887
396.662
407.546
413.24
427.349
444.632
456.706
466.797
480.061
494.547
510.688
527.471
548.775
571.853
598.222
625.895
651.926
677.301
692.571
703.76
723.111
745.788
777.384
812.649
828.435
836.127
863.95
900.214
939.216
979.377
1006.73
1028.61
1051.46
1074.74
1112.63
1156.89
1196.84
1234.91
1271.03
1306.3
1352.95
1404.7
1443.3
1475.97
1516.12
1559.68
1604.53
1649.99
1691.28
1730.64
1774.9
1821.46
1858.24
1890.41
1932.79
1980.05
2024.33
2067.19
2104.33
2138.7
2178.03
2219.79
2253.99
2284.46
2308.73
2329.91
2349.69
2368.78
2391.17
2415.25
2431.86
2444.64
2456.77
2468.56
2483.7
2500.58
2503.39
2498.79
2502.36
2510.25
2524.46
2542.04
2547.1
2545.4
2540.14
2532.95
2533.75
2538.95
2529.48
2511.9
2511.24
2520.03
2533.17
2548.76
2548.73
2539.84
2531.39
2523.2
2516.53
2510.73
2512.2
2517.89
2525.98
2535.47
2536.05
2531.35
2521.72
2509.13
2515.81
2534.09
2541.19
2541.49
2536.27
2527.68
2530.76
2541.05
2560.45
2585.53
2598.21
2603.1
2609.83
2617.72
2630.62
2646.7
2650.02
2645.12
2628.23
2603.56
2584.56
2569.27
2557.84
2548.95
2529.56
2503.18
2489.85
2485.25
2469.63
2446.55
2434.58
2430.19
2409.57
2377.8
2361.73
2356.53
2355.58
2357.57
2355.82
2351.42
2347.96
2345.17
2340.39
2334.19
2327.54
2320.54
2316.85
2315.55
2307.33
2294.04
2296.79
2311.37
2314.56
2309.27
2302.38
2294.28
2284.09
2272.3
2286.19
2319.65
2325.22
2309.33
2301.39
2299.59
2304.86
2315.65
2316.6
2309.8
2304.63
2300.73
2285.4
2260.92
2250.66
2251.86
2245.12
2231.94
2227.32
2229.71
2230.25
2229.25
2211.19
2178.92
2164.25
2164.35
2149.24
2121.27
2097.83
2078.25
2059.26
2040.77
2035.36
2041.25
2036.64
2022.85
2014.59
2011.2
2000.22
1982.54
1977.26
1983.05
1975.18
1955
1946.66
1949.05
1945.97
1937.88
1927.81
1915.92
1910.41
1910.81
1904.91
1893.12
1890.28
1895.87
1894.4
1886.21
1887.55
1898.04
1901.32
1897.62
1899.19
1905.88
1904.81
1896.12
1891.25
1890.15
1886.2
1879.4
1877.1
1879.29
1874.49
1862.6
1858.82
1863.32
1861.27
1852.47
1845.4
1840.1
1831.24
1818.66
1809.62
1804.33
1807.46
1819.55
1820.68
1810.09
1804.26
1803.56
1801.76
1798.77
1794.67
1789.38
1790.59
1798.98
1801.41
1797.22
1793.07
1788.97
1780.47
1766.98
1750.93
1731.95
1710.87
1687.39
1661.51
1632.84
1609.01
1590.83
1563.69
1526.03
1501.21
1491.62
1479.57
1464.59
1444.3
1417.62
1397.31
1384.73
1366.97
1342.89
1326.83
1320.63
1306.51
1282.53
1268.58
1267.18
1265.12
1262.22
1258.09
1252.4
1248.72
1247.62
1250.44
1258.33
1264.88
1269.68
1273.78
1276.98
1284.09
1296.37
1311.23
1329.51
1344.73
1355.81
1376.82
1411.29
1445.25
1478.52
1514.18
1553.14
1594.73
1639.99
1685
1729.65
1780.48
1840.02
1899.15
1957.69
2023.58
2100
2176.71
2253.84
2329.54
2403.17
2485.21
2579.61
2665.29
2738.02
2817.27
2906.29
2998.45
3095.35
3186.19
3267.81
3358.66
3463.66
3560.1
3643.32
3709.9
3750.56
3805.52
3882.94
3964.12
4051.23
4129.31
4192.94
4264.93
4350.34
4435.76
4521.17
4615.95
4726.04
4820.49
4889.12
4979.35
5105.53
5231.71
5357.88
5484.76
5612.84
5734.27
5844.36
5952.44
6057.03
6171.01
6301.29
6417.83
6510.34
6611.74
6728.82
6845.91
6962.99
7087.01
7223.48
7356.35
7482.73
7600.59
7702.89
7798.12
7880.34
7979.13
8108.7
8228.02
8328.12
8429.92
8534.92
8642.97
8756.86
8844.95
8883.42
8938.76
9026.87
9118.94
9218.74
9303
9356.54
9412.6
9473.64
9514.83
9516.13
9536.13
9594.08
9643.33
9674.8
9698.41
9705.8
9715.17
9728.66
9730.13
9706.36
9697.18
9718.96
9726.48
9703.5
9697.38
9727.65
9733.22
9684.97
9650.46
9646.16
9627.22
9575.77
9536.47
9524.38
9496.05
9431.01
9354.47
9251.67
9171.41
9143.04
9092.3
8989.6
8912.55
8895.67
8874.25
8842.08
8800.98
8738.54
8683.13
8644.67
8619.23
8625.52
8639.59
8672.75
8691.72
8675.44
8684.42
8756.75
8815.96
8841.93
8870.32
8904.89
8955.55
9047.76
9127.97
9176.93
9234.38
9314.2
9394.98
9478.3
9562.37
9648.49
9729.01
9794.34
9864.25
9946.67
10027.9
10106.1
10183.9
10260.9
10335.4
10402.6
10462.8
10502.9
10537.3
10555.5
10570.5
10576.3
10584.4
10599.4
10607.6
10595.6
10584.2
10574.6
10566.5
10563.2
10548.1
10497.1
10456.2
10446.2
10428
10384.5
10338.8
10286.2
10232.8
10176.6
10122.1
10073.3
10031.3
10011.2
9976.45
9893.13
9826.01
9813.02
9792.69
9747.53
9708.05
9687.97
9666.35
9639.37
9604.82
9543.78
9492.45
9475.47
9456.13
9428.36
9402.42
9383.14
9359.7
9321.04
9294.89
9315.07
9320.75
9272.1
9233.31
9231.91
9226.17
9203.79
9176.48
9130.03
9081.61
9025.46
8984.01
9000.99
9007.62
8972.56
8940.31
8919.53
8900.17
8886.68
8874.28
8866.38
8853.83
8821.56
8785.59
8733.74
8681.71
8628.86
8580.9
8554.42
8528.37
8504.19
8477.21
8437.55
8391.74
8317.81
8245.94
8183.6
8119.69
8048.36
7981.19
7933.83
7880.28
7796.76
7717.83
7661.38
7601.46
7524.23
7454.52
7422.65
7385
7317.76
7249.25
7174.12
7103.83
7058.98
7013.71
6966.26
6915.54
6847.1
6782.51
6739.06
6693.76
6638.22
6583.85
6536.2
6487.82
6435.27
6386.26
6357.88
6329.18
6298.51
6265.14
6215.49
6166.75
6123.59
6083.71
6064.23
6044.8
6025.72
6003.63
5962.17
5924.08
5908.1
5890.5
5862.13
5833.44
5802.57
5775.06
5770.76
5763.09
5731.73
5703.35
5696.46
5689.35
5680.66
5672.17
5665.18
5657.6
5645.61
5639.92
5682.88
5720.82
5719.22
5715.07
5690.39
5666.27
5646.69
5628.77
5624.78
5622.07
5630.36
5639.94
5660.72
5677.52
5658.94
5643.8
5659.99
5672.64
5652.46
5632.99
5620.31
5609.18
5613.28
5617.8
5626.59
5632.88
5613.6
5595.07
5584.38
5574.79
5576.98
5575.15
5528.89
5486.15
5483.05
5477.92
5449.25
5417.66
5351.33
5286.3
5237.35
5189.79
5159.72
5129.4
5095.83
5061.32
5014.16
4967.74
4931.38
4895.44
4865.67
4834.13
4776.59
4720.46
4685.9
4651.65
4622.48
4594.28
4581.89
4567.56
4520.41
4473.87
4438
4402.47
4373
4342.54
4293.39
4244.97
4211.11
4177.29
4144.52
4110.39
4046.65
3983.76
3940.21
3896.59
3851.64
3806.44
3755.19
3703.27
3633.64
3564.18
3499.65
3435.53
3383.88
3332.72
3297.26
3261.31
3208.86
3156.47
3106.32
3056.22
3007.96
2960
2924.64
2889.11
2846.16
2803.26
2763.5
2723.72
2682.86
2641.78
2585.83
2530.19
2497.92
2465.73
2440.75
2415.53
2362.99
2310.36
2246.52
2182.67
2115.43
2048.19
1978.36
1908.49
1797.9
1687.3
