122.798
119.402
116.005
119.99
123.986
121.212
118.415
109.457
100.466
112.994
125.681
120.851
115.856
113.923
112.025
111.901
111.801
113.276
114.774
117.942
121.139
114.635
107.941
110.929
114.126
109.222
104.127
104.292
104.592
110.335
116.229
119.213
122.11
118.811
115.315
107.76
100.068
109.249
119.04
117.475
115.477
112.327
109.13
111.3
113.698
113.322
112.822
112.609
112.409
112.114
111.814
110.754
109.655
112.351
115.248
120.038
124.933
118.304
111.011
109.657
108.658
111.328
114.225
108.767
102.773
109.707
117.499
119.496
121.094
116.722
111.927
113.555
115.653
114.128
112.329
111.922
111.622
112.062
112.562
111.677
110.678
110.968
111.368
108.918
106.221
103.065
99.8679
105.275
111.469
109.899
107.601
105.03
102.433
104.019
106.017
107.652
109.25
109.943
110.543
108.883
106.985
109.775
113.072
108.542
103.147
105.383
108.48
107.277
105.579
109.601
114.296
111.233
107.237
110.359
114.355
112.935
110.837
109.182
107.584
109.61
112.107
115.311
118.607
122.168
125.765
123.566
120.569
121.689
123.388
126.397
129.594
130
130
126.78
123.084
130.849
140.339
143.073
144.771
143.79
142.391
144.356
146.854
150.298
153.894
156.718
159.415
160.399
161.099
168.208
176.4
179.135
180.933
184.432
188.229
196.948
206.538
205.883
203.385
206.886
211.481
212.368
212.568
221.429
231.919
237.207
241.503
249.398
257.989
262.155
265.452
273.497
282.489
288.239
293.334
302.491
312.482
314.448
314.748
319.586
325.381
334.386
344.076
359.68
376.564
385.909
393.601
405.79
418.977
428.576
437.367
447.704
458.394
473.871
490.455
505.743
520.729
540.721
561.9
575.265
586.754
600.412
614.598
628.624
642.61
660.676
679.757
701.631
724.209
733.018
738.313
750.673
764.859
786.015
808.992
825.413
840.098
851.08
861.07
879.943
901.222
915.366
927.554
943.809
961.192
973.816
985.105
1003.01
1022.79
1048.31
1075.49
1092.67
1106.96
1122.09
1137.48
1149.78
1161.17
1191.31
1227.07
1233.56
1231.16
1250.4
1276.28
1284.99
1288.39
1290.87
1293.07
1307.86
1326.64
1346.26
1366.14
1370.02
1368.72
1387.82
1413.6
1417.45
1414.05
1431.32
1455.5
1468.92
1478.71
1502.5
1531.08
1557.57
1583.34
1621.72
1664.47
1694.45
1719.92
1757.34
1799
1840.21
1881.27
1934.14
1991.28
2028.46
2058.33
2101.99
2150.74
2205.09
2261.54
2305.43
2344.6
2413.71
2494.23
2562.48
2626.02
2695.17
2766.5
2833.24
2898.18
2991.52
3096.12
3167.39
3225.33
3302.99
3388.61
3479.69
3573
3663.54
3752.96
3834.89
3913.71
3997.11
4082.42
4165.56
4247.78
4365.77
4499.04
4583.94
4647.98
4751.9
4873.18
4996.19
5119.97
5249.22
5380.89
5494.62
5600.31
5726.04
5860.8
5986.58
6108.26
6256.63
6417.27
6548.3
6665.59
6811.04
6969.68
7086.95
7184.65
7306.37
7439.54
7563.47
7682.95
7791.47
7894.67
7998.14
8101.74
8206.27
8311.27
8384.26
8441.31
8489.18
8532.44
8607.9
8699.71
8744.81
8765.99
8825.71
8905.33
8941.66
8955.45
8960.92
8962.02
8976.76
8998.74
9001.65
8994.35
9010.1
9038.27
9034.61
9013.63
9010.59
9017.38
9011.25
8997.96
8996.66
9002.06
9019.72
9044.3
9045.87
9034.38
9040.43
9056.51
9065.95
9071.54
9080.1
9090.39
9106.16
9125.14
9119.4
9099.02
9127.87
9186.11
9199.08
9184.8
9215.58
9273.72
9338.99
9408.62
9457.75
9494.21
9546.5
9608.64
9696.86
9801.46
9852.22
9868.9
9882.6
9894.38
9909.82
9927.6
9935.63
9937.33
9917.58
9883.82
9854.02
9826.85
9777.35
9713.02
9680.5
9669.31
9645.13
9612.16
9585.19
9562.31
9513.85
9447.82
9411.77
9396.48
9406.32
9433.69
9426.23
9394.27
9391.28
9408.87
9424.18
9437.87
9437.33
9426.54
9430.45
9445.03
9434.77
9406.29
9396.21
9399.71
9401.71
9402.61
9405.57
9410.06
9444.36
9501.21
9534.53
9549.91
9555.86
9554.57
9549.21
9540.72
9550.91
9575.69
9562.62
9519.76
9490.66
9472.48
9474.28
9492.06
9482.3
9450.33
9429.33
9417.24
9373.74
9304.51
9258.37
9231.3
9215.89
9210.2
9192.98
9166.11
9133.88
9097.11
9068.39
9046.51
9014.26
8973.1
8973.22
9009.09
9016.04
8997.75
8978.36
8957.98
8927.59
8888.32
8884.26
8911.63
8923.92
8922.62
8902.83
8866.27
8846.92
8843.32
8823.3
8788.14
8791.4
8830.36
8818.66
8759.52
8738.25
8752.74
8768.5
8785.49
8812.77
8849.94
8854.53
8827.66
8827.86
8854.44
8878.59
8900.37
8907.33
8899.64
8909.46
8936.73
8962.36
8986.33
9000.24
9003.93
9007.43
9010.73
9022.25
9042.23
9065.1
9090.98
9115.04
9137.22
9154.78
9167.47
9204.53
9267.47
9305.21
9316
9348.8
9405.35
9427.09
9411.01
9426.2
9475.65
9498.89
9493.2
9498.57
9516.25
9515.33
9493.56
9473.09
9454.11
9432.14
9406.76
9356.37
9277.25
9202.9
9134.06
9070.12
9011.87
8949.5
8882.27
8821.71
8769.06
8721.23
8679.18
8616.18
8527.96
8473.1
8458.71
8442.08
8422.7
8380.32
8309.59
8261.31
8240.93
8216.47
8186.9
8166.82
8158.73
8155.3
8157.8
8152.37
8136.79
8144.2
8181.37
8200.45
8195.95
8211.92
8254.78
8308.51
8376.64
8439.47
8495.22
8574.08
8684.08
8777.83
8849.56
8936.36
9043.75
9156.31
9275.99
9401.99
9536.76
9660.67
9769.36
9899.46
10059.8
10238.5
10443.3
10624.4
10771.4
10927.4
11096.2
11263.3
11427.8
11608.4
11812.5
12007.5
12189
12372.4
12558.6
12744.5
12930
13102.5
13255.4
13416
13588.2
13754
13909.7
14055.4
14185.4
14317.9
14454.3
14577.5
14679.5
14820.5
15023.9
15217.3
15394.7
15596.1
15836.7
16076.7
16315.7
16566.1
16835
17107.3
17385.1
17682.8
18013.9
18314.3
18562.7
18822.9
19103
19396.1
19711.6
19990.3
20205.2
20452.8
20757.6
21036.1
21268
21529.5
21843.4
22153.7
22457.7
22761.8
23066.1
23350.3
23597.5
23864
24165.8
24457.3
24729.9
24982.9
25199.5
25439.5
25723.9
25976.9
26170.2
26337.8
26456.1
26633.4
26925.2
27155.2
27264
27382.5
27520.3
27650.5
27765.9
27858.5
27905.3
27946.7
27977.3
28019.2
28084.3
28142
28184.5
28219.2
28237.7
28239.9
28208
28163.7
28093
28040.3
28026.3
28025.8
28054.3
28049.5
27972.3
27877.5
27744.3
27626.9
27544.9
27403.5
27129.3
26904.1
26789.8
26641.8
26416.8
26192.7
25970.7
25773.5
25634.1
25491.6
25341.9
25195.8
25058.6
24931.9
24830.6
24752.9
24732.1
24744.3
24836.7
24926
25007.5
25072.3
25095.7
25141.4
25243.2
25373.5
25575.7
25769.7
25942.7
26127
26340.2
26540.7
26707.5
26915.3
27230.8
27524.9
27762.4
27992.9
28204.9
28436.8
28722.6
29009.4
29298.6
29568.2
29783.5
29987.7
30161
30332.9
30500.5
30658.2
30787.4
30916.2
31043.5
31156.4
31227.5
31266.2
31209.7
31183.7
31248.3
31268.9
31157.4
31043.3
30921
30823.2
30800.7
30755.2
30638.9
30521.7
30401.4
30282.6
30168.8
30043
29879.1
29717.3
29562.2
29424.1
29341.5
29250
29128.4
28995.5
28825.1
28669.9
28566
28472.9
28416.6
28344.5
28217.5
28106
28048.7
27985.2
27900.2
27826
27790.5
27740.5
27638.7
27555.3
27539
27525.6
27522.7
27492.8
27361.7
27230.3
27097.6
26993.5
26999
26990.5
26927.4
26872.5
26849.3
26806.8
26687.4
26594
26605.2
26601.1
26534.5
26451.5
26300.2
26173.7
26150.3
26110.5
26001.2
25893.3
25791.1
25691.9
25606
25512
25382.2
25240.7
25047.3
24865.2
24734.3
24592.4
24400.9
24212.6
24039
23872.6
23740.2
23585
23321.2
23061.5
22821.7
22595.9
22438.6
22271.5
22056
21851.6
21703.3
21551.3
21381
21215.3
21074.1
20922.2
20714.4
20522.2
20413.1
20300.3
20167.8
20034
19893.6
19758.7
19654.3
19541.9
19384.2
19238.9
19165.6
19082.1
18939
18806
18732.6
18654.7
18549.6
18441.6
18316.4
18198.4
18125.8
18050.8
17959.7
17869.5
17785
17695
17567.7
17448.2
17380.9
17319.1
17295.4
17267.3
17209.3
17160.2
17172.9
17173
17083.7
17010.2
17052.2
17088.7
17084.7
17083.1
17099.7
17112.4
17094.6
17080.9
17099.8
17112.9
17079.1
17047.9
17038
17033.2
17070.4
17101.5
17080.1
17058
17031
17000.7
16940.8
16889.3
16914.2
16939.3
16965.2
16988.3
16984.9
16979.7
16957.3
16939.4
16966.4
16986.2
16932.2
16876.2
16798.2
16720.1
16641.4
16567.2
16542.9
16510.2
16382
16255.1
16143.2
16034.1
15957.5
15874.4
15710.6
15553
15474.4
15390.8
15243
15099.1
15009.4
14918.4
14808.9
14700.3
14603.7
14507.5
14414.2
14318.1
14178.1
14040.9
13949.7
13856.4
13728.8
13604.5
13534.3
13461.6
13342.9
13224.7
13114.9
13004.1
12874.1
12743.1
12591.5
12439.9
12290.2
12139.9
11974.2
11810.8
11698.1
11583.4
11420.7
11257.6
11085.8
10914.4
10753.4
10592.2
10423.9
10255.7
10092.4
9929.93
9796.16
9660.9
9474.48
9289.45
9155.48
9022
8908.02
8792.82
8625.18
8458.9
8356.9
8254.68
8141.3
8027.88
7913.1
7798.37
7687.47
7576.18
7434.02
7292.17
7178.48
7064.4
6905.75
6746.82
6546.31
6345.67
6116.7
5887.54
5598.42
5309.29
5002.69
4696.09
