9.82439
-50.1286
8.91848
5.6908
18.3872
2.90222
12.4027
13.1019
21.8022
12.3042
7.80466
16.4247
9.02711
7.34599
9.74168
13.5327
13.235
7.95466
9.75192
9.14899
7.45164
11.8322
8.23373
13.8845
3.58387
2.11352
12.71
23.2416
8.64313
17.0167
17.4173
12.109
8.80926
11.5745
9.37373
10.2068
18.0069
6.42146
12.822
17.917
10.1148
8.7992
9.30165
8.92504
14.7233
.504635
13.107
11.3362
11.7348
14.324
24.9224
15.8138
4.51603
13.6766
14.0742
11.632
11.0326
10.8111
-1.38874
8.90314
10.1049
12.2822
-.418075
17.0735
19.7699
10.6579
13.1604
23.0651
11.0661
8.27987
13.5796
1.57595
10.477
11.0284
14.6288
15.4541
7.45211
21.1199
4.52144
1.12306
9.82336
16.366
10.0643
23.2111
9.31004
13.7579
18.0586
9.18305
18.3828
3.21733
15.0175
7.2709
4.47168
8.76341
15.0641
11.0889
7.28777
4.66769
10.0663
13.3025
9.20462
4.09841
12.0994
5.79925
6.79729
13.833
15.5343
16.4601
11.7579
18.5919
18.489
11.1436
12.0476
10.778
9.97777
15.7103
9.50952
21.5611
23.1557
22.4078
10.3138
17.3044
8.50031
21.968
28.067
20.7268
26.3263
28.0133
26.7126
23.0132
20.1141
21.57
31.3682
29.4259
30.2261
29.2449
33.1459
32.3713
39.5652
29.1526
29.5551
40.2862
30.3861
25.8419
42.8379
37.9707
41.4712
40.5971
50.4923
48.6528
53.3511
58.8326
54.9335
55.2235
45.4184
63.3882
63.7868
64.4073
59.7079
58.6551
62.4504
66.2114
81.4102
78.8795
68.7756
80.5745
83.9731
80.125
82.4228
94.6391
99.0357
103.182
106.676
113.678
111.175
122.916
121.913
124.194
115.495
124.656
126.051
137.375
129.471
153.814
142.209
153.801
174.092
155.807
167.504
176.013
189.604
202.172
197.962
207.101
213.396
221.876
231.869
236.991
255.382
246.859
254.155
272.551
265.943
278.141
296.029
302.039
318.833
315.579
321.07
319.761
320.461
329.513
347.205
353.095
370.082
371.407
379.704
386.153
388.445
397.411
404.1
410.477
417.672
438.549
450.833
464.996
443.197
463.761
477.549
479.939
496.928
507.614
516.503
521.35
513.251
522.858
534.048
553.161
547.251
579.39
595.97
603.736
596.038
597.729
605.021
615.651
618.446
625.497
629.994
626.081
640.676
637.423
632.923
646.285
655.873
660.177
665.074
672.293
672.287
682.248
673.847
685.705
696.696
708.767
716.556
724.012
747.397
757.135
748.831
769.616
794.697
803.984
814.475
823.039
837.629
864.677
879.554
893.085
923.27
923.401
944.885
966.022
979.405
984.843
997.635
1012.02
1035.1
1054.27
1078.24
1094.48
1109.46
1131.45
1157.03
1155.97
1184.06
1194.98
1218.86
1236.54
1258.72
1276.09
1289.08
1295.55
1311.64
1319.68
1328.87
1352.31
1362
1360.07
1364.16
1399.57
1392.56
1403.35
1420.44
1433.86
1461.14
1484.98
1510.95
1522.64
1533.83
1556.8
1564.49
1576.3
1608.08
1621.41
1642.99
1669.44
1692.21
1695.4
1708.7
1722.99
1758.36
1784.19
1814.77
1824.51
1818.61
1834.43
1858.51
1869.46
1876.84
1902.85
1942.62
1931.47
1920.87
1933.55
1975.43
1976.55
2005.24
1990.54
1994.54
1990.88
1989.88
2007.53
2021.81
2018.15
2025.06
2027.63
2028.32
2023.25
2020.95
2020.09
2021.68
2021.78
2017.89
2009.32
1994.73
1992.42
2000.92
2004.75
1994.76
1988.07
2004.37
2002.62
2001.42
2002.66
2018.45
2031.71
2014.32
2016.02
2039.5
2044.1
2034.9
2047.85
2065.04
2076.36
2089.94
2107.09
2136.38
2133.99
2148.58
2164.66
2178.93
2225.48
2246.05
2280.69
2311.36
2333.19
2372.76
2398.88
2433.35
2463.93
2491.3
2502.2
2514.8
2525.33
2550.6
2578.02
2596.61
2609.53
2624.01
2620.62
2634.31
2631.58
2623.19
2610.41
2617.11
2622.29
2637.49
2632.96
2647.75
2651.33
2656.23
2671.54
2663.84
2661.55
2667.85
2679.7
2716.87
2732.97
2750.46
2761.52
2764.62
2747.27
2734.68
2747.46
2771.44
2769.06
2760.18
2770.2
2779.78
2781.8
2775.91
2790.7
2797.59
2825.68
2845.25
2864.41
2856.42
2862.97
2874.26
2882.61
2894.1
2896.54
2889.84
2881.73
2891.62
2891.13
2897.53
2908.88
2924.26
2918.35
2904.77
2912.52
2912.91
2912.45
2912.74
2932.7
2953.88
2958.31
2964.22
2959.71
2954.02
2966.29
2984.17
2993.47
3018.26
3017.08
3021.48
3018.87
3019.37
3022.17
3011.37
3028.57
3040.95
3047.14
3075.72
3079.79
3068.8
3059.99
3037.7
3034.52
3034.92
3033.64
3032.64
3021.32
3019.62
3037.73
3040.22
3048.81
3047.6
3056.18
3041.2
3028.83
3031.41
3050.56
3047.35
3074.01
3091.39
3098.73
3105.12
3118.79
3112.8
3122.05
3244.54
3155.38
3197.65
3207.07
3211.37
3204.68
3236.26
3260.66
3294.93
3311.75
3334.12
3369.59
3387.07
3422.33
3481.37
3524.27
3537.56
3548.19
3573.66
3597.67
3615.85
3646.26
3676.53
3703.93
3704.52
3731.14
3791.89
3835.13
3828.32
3845.92
3858.21
3860.65
3860.75
3860.94
3850.55
3862.57
3902.74
3899.6
3886.32
3884.39
3887.38
3891.27
3885.28
3880
3887.5
3871.85
3874.66
3872.25
3887.24
3887.93
3876.85
3858.53
3848.93
3854.39
3849.69
3853.1
3868.59
3872.1
3848.61
3855.35
3860.94
3869.72
3868.81
3885.27
3874.38
3869.07
3890.76
3914.36
3910.66
3908.35
3905.35
3891.6
3905.8
3926.05
3969.42
3989.55
3976.15
3993.01
3987.01
3991.81
4007.01
4017.66
4014.55
4028.1
4010.01
3999.3
3970.94
3931.63
3914.66
3879.99
3881.3
3857.95
3831.47
3802.4
3761.45
3718.29
3689.41
3653.61
3614.15
3574.21
3525.05
3474.06
3436.31
3390.68
3365.8
3345.84
3314.67
3283.93
3253.95
3224.37
3171.42
3118.02
3074.46
3038.79
3024.9
3005.06
2954.3
2927.59
2905.91
2889.31
2858.04
2848.65
2841.54
2850.87
2839.19
2815.94
2808.05
2804.9
2813.29
2819.19
2823.58
2824.96
2825.87
2820.43
2824.23
2828.72
2841.11
2842.1
2849.39
2840.66
2833.37
2839.57
2834.46
2828.45
2838.25
2838.2
2861.78
2866.34
2862.75
2861.5
2887.98
2912.12
2917.41
2912.37
2878.99
2889.71
2907.99
2920.8
2914.51
2913.29
2927.68
2937.95
2946.56
2935.67
2917.78
2932.53
2956.21
2959.16
2942.98
2939.2
2934.2
2940.25
2971.52
2988.66
2955.99
2941.56
2924.87
2914.69
2891.4
2889.77
2899.26
2910.57
2883.58
2891.93
2871.33
2872.39
2884.99
2858.4
2851.62
2833.25
2811.08
2797.43
2789.92
2793.8
2783.21
2769.04
2747.87
2721.18
2708.6
2672.44
2649.67
2637.01
2605.52
2592.99
2592.29
2575.91
2551.14
2510.94
2496.65
2479.53
2457.26
2444.15
2455.35
2451.13
2458.33
2456.48
2461.08
2462.75
2464.54
2472.16
2481.35
2496.17
2517.16
2538.61
2537.51
2557.12
2556.9
2588.4
2611.78
2622.33
2640.42
2654.13
2672.8
2699.9
2723.47
2750.87
2763.26
2788.67
2802.84
2845.15
2864.33
2890.69
2901.98
2913.45
2925.64
2946.18
2966.46
2990.45
3005.84
3005.88
3008.39
2997.13
2986.53
2983.89
2974.09
2966.85
2964.26
2963.1
2958.3
2964.45
2944.26
2941.53
2946.53
2947.14
2932.15
2911.45
2897.17
2879.84
2853.76
2844.32
2833.73
2813.58
2792.3
2776.91
2793.6
2801.85
2759.18
2727.17
2733.28
2704.95
2685.87
2671.15
2666.95
2662.13
2668.63
2669.35
2682.94
2680.93
2648.56
2619.08
2608.29
2602.97
2592.39
2557.49
2561.5
2549.48
2570.86
2583.89
2589.18
2590.34
2569.76
2545.23
2545.43
2539.63
2535.84
2547.19
2542.2
2522.57
2505.38
2516.93
2480.34
2471.4
2486.5
2481.61
2472.22
2457.02
2443.63
2429.49
2425.7
2428.76
2409.87
2392.37
2391.19
2370.67
2356.69
2346.1
2336.8
2317.43
2299.96
2269.51
2257.83
2240.09
2241.19
2231.33
2193.55
2173.47
2171.38
2155.53
2128.05
2110.24
2095.87
2056.59
2044.9
2035.32
2049.43
2028.28
2022.31
1980.63
1958.25
1931.75
1923.56
1916.24
1880.97
1848.97
1854.98
1848.15
1840.85
1835.29
1824.91
1809.66
1794.17
1781.74
1762.76
1744.43
1731.94
1720.22
1717.12
1714.65
1682.48
1653.26
1674.95
1675.39
1661.5
1644.88
1635.59
1636.62
1622.22
1611.55
1612.06
1603.24
1584.25
1582.17
1593.26
1593.82
1577.53
1568.67
1590.17
1579.84
1574.25
1563.1
1555.59
1575.8
1558.21
1556.58
1566.18
1564.65
1571.35
1563.38
1557.99
1551.68
1552.28
1550.64
1558.04
1551.05
1547.76
1552.8
1555.8
1555.23
1569.42
1569.24
1568.55
1561.33
1567.83
1562.04
1559.05
1553.04
1555.84
1532.74
1525.55
1517.04
1532.73
1555.63
1535.84
1521.97
1516.28
1502.13
1508.94
1499.89
1497.59
1500.57
1496.18
1475.6
1460.71
1451.28
1432.2
1409.84
1406.55
1401.4
1382.01
1370.23
1369.73
1378.31
1358.23
1351.71
1325.13
1316.81
1299.33
1284.46
1273.97
1265.69
1267.89
1269.81
1265.12
1250.81
1238.13
1216.41
1202.03
1184.27
1192.26
1196.25
1170.28
1157.34
1149.95
1139.05
1116.87
1106.01
1096.12
1082.55
1066.78
1042.54
1031.05
1021.8
1010.5
998.284
1010.09
999.03
972.757
940.954
927.167
916.12
883.741
873.017
873.616
863.874
860.587
847.1
823.72
806.561
788.971
784.151
766.373
746.989
748.389
738.597
726.408
727.179
703.194
687.277
668.687
673.15
671.555
656.907
636.417
634.896
608.811
607.659
579.087
545.535
522.757
511.976
484.499
465.022
