101.333895
98.906219
103.760049
100.613293
99.804283
102.679258
97.758673
106.526571
101.670965
101.585831
108.186489
108.454284
106.956047
105.001740
102.878632
108.146237
114.020434
119.818632
118.448124
116.501517
117.196987
118.118549
118.550337
124.962872
125.644243
130.817410
129.647333
132.645263
138.862962
133.963746
134.451160
146.293075
141.676605
141.218576
146.567733
149.055820
147.963876
155.305637
152.119913
158.176571
157.197100
165.455944
158.547571
164.284090
171.835750
169.007379
169.325158
175.252207
176.820724
180.568371
187.392128
184.506432
194.963271
201.704226
210.202808
218.733297
230.108638
240.880256
256.286186
266.382689
284.663496
301.350898
319.566921
348.698226
383.824526
419.773267
445.765545
481.738699
530.047147
579.436658
638.137463
696.976075
759.322915
839.263280
906.801974
991.867590
1072.315714
1166.961394
1277.155564
1385.775602
1489.811977
1604.016579
1741.034662
1864.633459
1975.376045
2089.333383
2232.461560
2329.955714
2460.666842
2578.694887
2690.855150
2808.351525
2896.403609
2976.029492
3057.465940
3136.989248
3188.111921
3217.027500
3280.232857
3341.081278
3361.681921
3367.140000
3407.505376
3447.385075
3415.461786
3464.253691
3476.128045
3470.739624
3459.689342
3462.387514
3484.336767
3495.866842
3503.004868
3494.798421
3471.238496
3494.637105
3480.932147
3479.796880
3488.539153
3483.478722
3483.003835
3469.555254
3497.772688
3487.529267
3440.005451
3406.306667
3389.047519
3371.981805
3320.878421
3256.576842
3206.197232
3146.703496
3115.506535
3072.599361
3012.905330
2972.479098
2948.273947
2916.970113
2897.600226
2882.454680
2862.793064
2844.836008
2833.739549
2814.416447
2801.890245
2803.605263
2801.062542
2792.823571
2792.045424
2796.494436
2788.944041
2765.655545
2772.345789
2759.224218
2749.500338
2733.249398
2681.752406
2653.593898
2603.856259
2551.357218
2524.093409
2489.263289
2434.693879
2400.022857
2383.033346
2337.664135
2287.039286
2244.033308
2207.026805
2169.151111
2126.276842
2135.431485
2095.881805
2082.735518
2082.324586
2062.722350
2047.171017
2049.128947
2046.739529
2030.517688
2017.763120
2017.214436
2020.585357
2003.737519
1983.395714
1958.758588
1945.587932
1915.215489
1868.105376
1828.488233
1796.973835
1759.598195
1720.957895
1683.648684
1655.720452
1632.872406
1599.594812
1557.908647
1524.625989
1517.202406
1487.295977
1426.145913
1380.877632
1331.763390
1283.401203
1214.626917
1150.632128
1085.366992
1030.691842
980.127947
929.181934
888.250188
854.918053
817.611496
789.642017
781.128769
757.271741
747.034996
730.079382
733.531908
729.372241
727.366880
729.822814
748.118786
776.423684
818.184500
872.322970
948.336857
1036.082143
1136.099492
1284.879812
1474.583559
1702.394624
1949.367966
2239.080977
2568.845876
2936.339624
3280.901917
3693.809529
4100.885451
4503.784079
4900.413684
5276.028701
5669.723120
6063.990564
6416.925650
6777.120996
7162.626704
7494.011729
7853.497778
8236.525432
8702.665000
9132.460789
9607.995000
10065.338870
10521.063910
11055.835526
11584.511842
12051.395104
12548.639850
13062.956579
13557.647458
14060.458647
14561.488889
15057.789850
15524.682674
16043.153008
16485.706203
16976.302820
17396.231579
17826.696610
18200.299436
18537.111676
18876.855263
19198.783239
19481.478195
19656.193985
19808.020301
19978.745677
20086.358757
20161.442105
20152.734023
20249.708083
20320.614286
20286.085714
20273.448120
20248.343126
20204.171429
20087.414474
19906.042105
19776.700000
19592.030075
19367.671053
19113.926554
18936.270677
18859.422976
18715.349812
18625.723308
18598.153672
18604.643421
18629.301692
18766.874436
18920.702072
19129.831579
19358.415789
19687.636842
19947.523684
20225.265977
20568.620301
20865.070621
21143.068609
21471.005838
21816.342857
22143.476128
22363.614313
22530.255263
22742.959774
22809.432895
22927.233898
22920.391729
22807.523684
22773.219737
22748.900000
22644.878908
22563.124624
22439.988701
22264.078947
22129.331638
21943.645677
21666.179323
21529.882674
21370.084398
21294.549248
21098.287218
20888.027307
20761.646241
20691.392481
20561.884211
20490.659211
20404.494162
20362.262406
20295.564407
20255.488722
20149.375706
20025.868421
20020.375940
19926.200000
19891.430075
19802.383616
19666.796429
19524.980414
19430.763158
19343.494727
19204.868421
19117.194737
18968.721469
18729.372556
18564.610546
18406.285338
18218.573070
18034.721805
17794.704511
17502.263158
17266.434962
17069.017514
16751.592857
16540.609040
16257.693797
16041.693974
15753.957895
15587.643421
15331.270056
15126.349248
14922.432203
14773.942481
14598.135593
14381.899248
14225.954323
14077.117857
13897.980827
13784.784557
13616.468797
13469.294737
13337.806767
13208.456497
13090.401316
13005.981579
12964.453672
12891.715789
12866.370245
12820.470677
12790.918079
12791.472368
12795.865038
12789.874812
12756.662030
12757.132957
12775.228571
12789.120865
12797.157250
12755.328947
12732.739474
12741.906579
12762.877966
12802.569925
12802.425376
12796.200752
12808.595865
12796.150000
12772.979699
12693.246893
12561.985714
12513.694915
12394.950752
12242.650000
12081.993974
11830.708459
11694.906579
11542.184211
11371.086064
11199.920489
11030.690226
10931.894737
10810.056579
10635.040866
10477.790226
10369.278908
10247.659586
10077.047081
9910.043985
9726.088947
9565.841186
9382.884586
9166.844737
9024.460921
8783.386008
8551.325489
8360.053835
8135.419699
7918.142707
7700.589266
7501.746184
7306.234689
7077.235075
6855.419360
6672.340150
6484.267293
6320.991638
6093.202669
5981.337401
