99.566863
103.987676
99.701416
101.611444
105.322271
110.290374
110.800000
106.093150
105.379094
110.507842
115.050496
121.388795
123.382904
122.430966
126.364534
132.125966
139.708171
146.749237
148.624019
151.512444
161.273840
168.372519
165.692542
169.278656
169.897497
174.106214
179.298803
189.112102
188.122654
185.308680
193.954953
205.087927
212.430447
211.263983
217.127538
220.666105
230.021309
234.765284
233.576222
247.569357
252.087942
258.406639
263.129571
271.172060
271.679254
277.202620
284.906218
285.761115
292.773605
295.870401
300.071173
317.495598
325.884175
344.096173
362.569678
377.777611
400.381582
421.810098
449.366571
485.351217
524.817094
556.810186
603.190594
663.673241
719.826158
785.411326
849.801825
925.240996
1006.056009
1099.900921
1188.395198
1301.315489
1406.649605
1526.026278
1669.995113
1790.544436
1953.837406
2117.338625
2281.450977
2464.841786
2647.428192
2828.280526
3012.859173
3208.423233
3387.174520
3616.346241
3822.680150
3973.457124
4165.050301
4342.583496
4494.770564
4663.597119
4785.764211
4907.260640
4998.389492
5082.871805
5159.752919
5215.930263
5298.155357
5326.750526
5390.314350
5407.282857
5423.688308
5415.965113
5437.605714
5465.958983
5456.888797
5412.269173
5429.616259
5462.661073
5475.137368
5434.581203
5400.547763
5436.077895
5466.473534
5449.057951
5439.076855
5409.684361
5398.586780
5384.146504
5376.921504
5390.002467
5411.194060
5444.737857
5398.887669
5355.409228
5314.154793
5234.906015
5133.535263
5013.613684
4909.750056
4857.129248
4754.753861
4696.306485
4660.968851
4603.886316
4559.473440
4536.771469
4512.531504
4483.417049
4456.581184
4410.615066
4404.633008
4394.610056
4377.443296
4365.113947
4352.518644
4357.659680
4380.737288
4411.406165
4394.970902
4383.410226
4340.429774
4288.825800
4255.922594
4229.860226
4164.827143
4096.349266
4032.287237
3961.134662
3887.524068
3823.598553
3752.833409
3683.234286
3631.910320
3557.533835
3540.315714
3502.656617
3453.416880
3416.465217
3396.580526
3377.932951
3367.568496
3331.078851
3311.054925
3292.747011
3290.480678
3291.471053
3284.438418
3281.379511
3283.864925
3286.575075
3271.699079
3245.909267
3198.283910
3157.663277
3108.655752
3057.383759
3011.320188
2964.485320
2891.554774
2836.895038
2808.032105
2763.170132
2705.877175
2649.933609
2624.602594
2628.285150
2555.576648
2520.941429
2498.399718
2415.611657
2339.325226
2242.274237
2147.411259
2049.482932
1948.396215
1854.727575
1767.233553
1693.355000
1621.141657
1557.037500
1502.673158
1444.893008
1404.052932
1375.478402
1360.032030
1352.259736
1341.137162
1342.787382
1334.456466
1347.213703
1360.865706
1410.414624
1468.942895
1531.645000
1632.655424
1776.869398
1935.751071
2138.467876
2422.921692
2712.402034
3036.656823
3450.179661
3873.830150
4357.009266
4851.347218
5357.475940
5873.967759
6394.979286
6876.149474
7354.777895
7840.964011
8275.730038
8667.471767
9059.447326
9450.555808
9868.040264
10331.664662
10765.355556
11277.818045
11813.331955
12354.058647
12961.111842
13528.458757
14118.120301
14688.151128
15304.801316
15848.968738
16415.036466
16996.290789
17567.003390
18182.672180
18804.133333
19448.155075
20029.033710
20609.502632
21077.596241
21580.967105
21997.368421
22425.677401
22846.945677
23238.964595
23480.678947
23728.782863
24019.043421
24231.554135
24359.971429
24470.705263
24574.648588
24663.732707
24699.357895
24673.930263
24723.475940
24705.657143
24600.854887
24519.008663
24436.592857
24165.844361
23856.567105
23501.900000
23170.132331
22862.127820
22569.683239
22374.463158
22273.802825
22188.300564
22163.673684
22189.346328
22362.932707
22434.858459
22613.508647
22902.263653
23246.597932
23559.584211
23823.984211
24234.896053
24706.632895
25161.034586
25640.851977
26101.574248
26504.109416
26874.585714
27184.438534
27473.162147
27759.773684
27834.276692
28070.022368
28109.022034
28014.286466
27987.316541
27936.775000
27767.871053
27651.399623
27435.223496
27206.158569
26986.508271
26756.087006
26566.221429
26384.010150
26245.273258
26071.316917
25909.254323
25682.142105
25512.695857
25387.321992
25268.322180
25164.050000
25079.794737
24998.425424
24904.163158
24843.525235
24733.745677
24648.686629
24599.924436
24504.888346
24445.913559
24257.342105
24181.228437
24212.785714
24060.715066
23950.813158
23793.105838
23709.723684
23513.184211
23337.793785
23152.932331
22858.197740
22482.831203
22158.595669
21868.642105
21572.910526
21269.986466
20850.489850
20549.753672
20324.507519
20031.405650
19645.656203
19404.860829
19154.173684
18911.675000
18670.187382
18418.153383
18240.608475
18053.323308
17817.294915
17608.107519
17437.538722
17257.820301
17100.340977
17005.097740
16808.806391
16662.787970
16511.763158
16356.150282
16201.260526
16138.594737
16018.769680
15963.252820
15954.492655
15938.670677
15946.633333
16014.887406
16025.892105
15980.558647
16010.486090
16000.098493
16005.996992
15989.870301
15927.560075
15891.116165
15917.400000
15924.889474
15922.503390
16007.309023
16023.718797
15994.139662
15975.872556
15938.300000
15838.362782
15696.112429
15556.685714
15400.559887
15176.807895
14959.735714
14780.282863
14599.480075
14349.636842
14092.294737
13940.154802
13787.858647
13592.902632
13444.242857
13322.941729
13129.831827
12940.632331
12755.499058
12522.404699
12320.073446
12106.445113
11853.242293
11589.440678
11307.763158
11051.278947
10802.750000
10468.522411
10208.570677
9994.619342
9690.042726
9420.152857
9156.751130
8892.481936
8645.040904
8414.682820
8205.556008
7980.088139
7734.751504
7528.209981
7337.298872
7145.469605
