197.652842
198.612642
202.036526
212.782628
220.945712
225.746449
242.430661
244.301692
258.623625
275.077195
294.953635
315.354267
329.226039
344.384469
363.584782
380.459147
405.651039
432.845789
449.705350
475.933152
496.099405
530.264947
542.191976
570.809248
584.704734
602.758162
620.258481
638.325244
658.079970
684.500337
707.449263
726.882979
753.279237
768.501898
809.970376
835.055707
871.081431
880.043868
915.766514
925.481929
972.504446
997.626034
1011.988571
1025.023158
1040.634117
1046.007740
1058.435639
1077.320791
1084.073289
1113.265122
1141.765789
1182.692180
1231.548814
1277.571692
1338.051205
1393.703327
1428.326554
1505.879173
1606.172951
1690.210772
1754.583947
1833.645593
1939.323383
2045.379474
2150.685789
2273.973107
2398.041748
2553.632895
2729.127702
2856.140320
2990.367175
3167.504511
3294.427797
3476.427820
3630.478985
3792.247406
3976.994023
4151.926704
4369.779925
4596.948553
4786.210847
4985.566579
5184.435564
5425.406635
5644.648004
5870.134962
6078.800677
6291.146128
6558.006955
6752.858947
6925.167368
7128.663220
7275.293835
7405.504068
7519.922462
7614.908835
7692.548964
7774.855526
7865.332500
7878.711429
7933.605424
7963.846429
7988.758910
7941.384624
8006.626429
7959.570264
7921.481805
7916.259549
7895.499079
7919.362712
7953.800564
7955.793966
7978.745000
8009.096842
8001.051805
8033.512876
8049.973465
8063.277105
8110.677458
8173.425846
8284.485338
8365.575386
8484.298195
8568.929211
8574.978835
8619.449397
8647.400000
8611.635940
8555.936316
8488.932763
8395.178154
8309.328759
8251.787571
8226.717331
8188.117495
8168.539248
8167.742820
8142.475028
8129.706504
8139.714530
8145.633609
8124.555085
8102.308271
8050.687669
8067.960829
8139.134474
8143.610678
8116.526128
8140.779661
8200.822481
8213.321165
8229.322387
8215.018872
8187.887307
8131.049981
8074.431880
8040.130376
8008.378927
7947.621654
7909.347556
7881.441469
7830.310000
7775.940414
7734.610000
7695.073026
7666.457650
7642.272143
7647.556090
7618.915921
7584.832147
7545.738195
7530.848083
7476.951880
7500.405367
7462.231729
7414.622180
7391.059661
7404.082632
7399.945367
7405.421917
7475.159323
7477.011015
7455.692180
7446.185752
7471.981880
7446.466271
7420.303891
7385.743346
7362.374135
7374.699756
7401.355526
7420.909398
7418.153684
7426.462237
7458.780056
7504.117030
7530.249192
7535.151090
7581.473522
7548.557895
7482.036560
7427.003202
7328.309624
7207.569492
7085.721805
6984.755865
6845.733503
6687.538985
6511.980921
6367.085263
6227.499266
6122.005432
6050.061654
5944.202406
5865.580320
5819.148195
5800.155564
5744.197175
5771.869662
5775.535725
5814.408947
5855.889586
5982.733616
6110.926917
6234.570789
6424.265000
6657.185687
6905.057669
7191.963214
7513.128421
7843.134323
8201.248305
8555.915620
8907.988644
9304.240902
9665.579284
10053.986842
10448.050376
10761.859510
11074.401692
11297.698684
11528.026316
11769.883051
12022.647556
12226.392481
12418.592467
12698.137970
12974.557627
13305.407519
13657.377778
14101.409398
14477.415789
14896.959774
15444.601692
16008.746704
16514.187218
16909.088346
17425.550000
17944.354614
18413.016165
18972.046429
19571.922034
20086.637594
20584.750094
21097.970865
21601.198305
22145.340977
22706.477632
23092.040226
23533.965414
23917.218079
24252.693609
24587.030508
24845.084211
25149.328437
25384.987970
25489.474436
25584.326316
25679.013722
25679.444068
25701.024060
25859.518421
25788.899060
25782.737594
25794.300000
25598.334774
25496.070621
25325.321429
25104.830075
24848.128947
24469.700000
24128.557895
23814.087970
23506.764030
23276.853759
23077.772316
22898.053759
22915.047368
23012.631638
23099.087406
23296.654699
23507.656767
23689.619962
23982.480827
24314.102256
24621.000000
25115.810526
25564.422932
25931.800376
26398.554237
26873.222180
27261.506591
27639.395489
27978.735338
28300.760264
28545.805639
28599.693985
28673.786842
28719.610169
28699.696241
28682.824436
28645.419737
28484.960526
28294.166478
28077.690226
27827.774953
27594.290226
27376.657627
27174.024624
26979.945113
26741.605085
26601.490602
26401.431391
26301.271429
26111.487571
26018.077256
25876.139850
25710.694737
25627.942105
25510.545198
25345.441353
25247.275895
25165.068233
25070.181921
24977.774436
24874.758459
24756.250847
24588.465414
24656.807910
24522.114286
24360.887947
24216.581203
24162.637665
24006.964474
23865.600000
23668.816384
23454.902632
23170.098493
22815.844737
22492.688324
22196.686090
21898.863910
21608.080451
21248.184211
20904.118079
20638.319173
20323.441808
20055.392669
19733.532392
19487.694737
19223.223684
19038.594915
18765.056391
18548.684746
18318.642669
18052.801695
17810.496992
17620.097932
17483.750000
17336.823308
17186.676648
16993.929699
16800.094737
16669.243609
16546.922034
16389.300000
16277.847368
16236.566478
16157.410338
16093.271375
16080.508271
16085.161017
16079.344737
16130.937594
16197.690977
16157.676316
16115.826365
16069.815789
16093.989286
16027.658380
15987.665789
15981.210526
16062.389474
16113.162712
16193.442857
16183.219925
16141.587970
16101.675940
16057.050000
15985.281015
15844.161770
15651.342857
15463.459322
15265.551692
15096.228571
14863.303578
14762.056203
14567.771053
14274.578947
14051.935028
13875.168421
13707.623308
13486.241353
13299.094925
13141.685311
12954.847368
12747.433145
12554.260526
12346.248776
12084.734211
11867.771429
11643.398305
11353.342857
11167.789474
10821.681579
10519.522976
10235.138346
10010.865376
9692.328045
9415.430075
9208.414576
8958.006992
8697.226723
8471.374173
8232.011262
7973.675677
7702.077895
7564.211657
7327.681617
7205.974068
