54.302953
55.751858
57.742936
55.590780
58.854966
62.441389
55.191573
55.368817
53.483324
56.181411
58.482432
59.884553
58.776055
58.451688
62.365563
63.315966
62.001750
66.857597
69.471618
63.892070
74.924598
67.825478
74.140330
74.384202
68.157142
68.144705
69.507538
73.584126
74.962995
77.760783
83.505590
82.509689
79.232003
80.736522
82.634206
83.816494
86.133186
86.257713
86.755139
87.816486
89.888261
95.045580
96.933086
95.427820
93.637638
98.223561
102.614515
100.202718
99.352205
100.841567
104.500669
111.931998
112.852480
115.185177
123.899122
135.068882
141.508508
143.356977
148.061318
155.601006
172.044665
187.053407
201.093041
220.206083
241.644158
264.687712
290.004427
325.273353
347.829328
377.672517
421.411650
464.425459
516.086271
571.123301
628.032323
692.379876
755.910654
820.510232
901.690602
986.106427
1061.504633
1146.317895
1242.023910
1337.045038
1419.832599
1524.819925
1602.484135
1711.146241
1793.065113
1876.678647
1958.483872
2042.280339
2100.813684
2162.060960
2205.490695
2246.667143
2294.724313
2338.127632
2388.325000
2403.927669
2428.251073
2429.835714
2436.237481
2454.821992
2472.761786
2476.658305
2479.169774
2478.776316
2473.042500
2473.691186
2481.393647
2477.008778
2472.639737
2486.892632
2487.381729
2466.325470
2471.771977
2452.318872
2456.178305
2451.959417
2442.604211
2457.222919
2418.712500
2425.051410
2424.508421
2428.404256
2390.124323
2325.284887
2296.428947
2277.039737
2227.881469
2176.443835
2117.345122
2095.530094
2052.543202
2020.119850
2017.888120
1993.442373
1984.993609
1955.123459
1951.247481
1949.978060
1940.778120
1911.324624
1888.064633
1896.807632
1912.558305
1909.512726
1904.667627
1907.078722
1909.259906
1888.280376
1865.455789
1887.894275
1862.209756
1806.089699
1799.985188
1775.379040
1750.634680
1721.178722
1695.896441
1653.155000
1600.345763
1568.218571
1536.804793
1514.584098
1492.386429
1460.100789
1433.452481
1420.398889
1418.221805
1406.581504
1385.341805
1370.592881
1368.008496
1343.603647
1329.987797
1317.905263
1314.250452
1326.887556
1321.887293
1315.457594
1315.243947
1306.054060
1285.480677
1265.864633
1252.397613
1221.913985
1189.934173
1147.351861
1134.630827
1116.204436
1090.311579
1060.137105
1028.267853
1006.122744
991.953214
968.164100
937.696955
924.852090
904.124675
874.533597
830.283335
785.948322
754.301987
712.068038
663.915269
618.677457
589.445908
549.949868
518.968829
498.510521
468.958008
445.482150
433.017395
423.684414
419.230853
410.579008
403.076336
401.959531
401.688789
402.489015
413.260542
425.576143
439.806105
463.783750
496.171107
541.629391
610.801464
692.864370
781.045538
905.965542
1062.680780
1258.214576
1445.878571
1676.627213
1933.557500
2191.341992
2493.456723
2769.280150
3037.759737
3305.744211
3557.746441
3833.623947
4087.676617
4307.328305
4549.932726
4775.784030
5031.023383
5263.305556
5524.682895
5843.304323
6126.321654
6447.322575
6792.145537
7129.082030
7459.438797
7821.056053
8134.436629
8470.549248
8800.304211
9099.021525
9415.435038
9754.480847
10148.972556
10398.491714
10719.614662
11102.254323
11337.932331
11636.211278
11854.083616
12075.604323
12331.446704
12541.255263
12694.300565
12854.891353
12989.228571
13084.333835
13148.047556
13202.701695
13298.498120
13307.551692
13287.914850
13300.371429
13279.085714
13214.930263
13185.497740
13174.735714
13077.722556
13009.360526
12877.100000
12691.874436
12528.242857
12378.762900
12261.544737
12197.846893
12119.253383
12033.691729
12062.892090
12065.172180
12130.723684
12199.684211
12350.021469
12521.729323
12706.449624
12893.594737
13066.052632
13309.594549
13484.829323
13661.092655
13924.190038
14162.728625
14326.652632
14482.857331
14633.422222
14756.595113
14874.515789
14913.609398
14941.415254
14921.100000
14908.662030
14904.722368
14843.563158
14777.954991
14702.256579
14624.245198
14496.071429
14306.838983
14165.801128
14100.633459
13999.868550
13892.024436
13851.495113
13676.745113
13637.105461
13556.431391
13508.845489
13416.531579
13325.571053
13322.372128
13268.292481
13175.452166
13118.200188
13074.988324
13047.828947
13035.838910
12972.664407
12901.079699
12849.173823
12790.650000
12761.231827
12727.833459
12603.897552
12513.071053
12426.300000
12333.147458
12232.079511
12131.414313
11974.465414
11787.209793
11640.890789
11500.423308
11326.771429
11176.261090
11007.158757
10863.121053
10757.392090
10612.451128
10399.813559
10294.984211
10129.702632
10000.086704
9867.142857
9748.039831
9629.229192
9462.989322
9353.748195
9306.194981
9200.111429
9099.620752
9022.939849
8914.537293
8799.186466
8705.391353
8700.508362
8561.008684
8541.825526
8524.534953
8484.003120
8455.237552
8446.789624
8420.386008
8418.934455
8420.401579
8411.802143
8439.066203
8421.842279
8459.747368
8431.529417
8414.665612
8427.383797
8387.230263
8379.563947
8374.160000
8424.411353
8456.954624
8470.746203
8459.956955
8425.670000
8384.767970
8367.805198
8333.994286
8210.746441
8092.139887
7960.363571
7915.755725
7754.100902
7713.247105
7558.020526
7455.253183
7390.958459
7312.979549
7195.443496
7123.474756
7034.151695
6936.588346
6848.834557
6742.589079
6634.344802
6498.236617
6390.226410
6285.861695
6109.028872
5992.984211
5867.518421
5706.143427
5630.614850
5483.274455
5299.437256
5156.240451
5010.138249
4867.175733
4732.190395
4605.796466
4487.228719
4350.016447
4243.787218
4109.801318
4025.463064
3894.159661
