153.035105
150.298292
147.954521
151.120812
162.780085
160.739417
169.361034
159.389940
164.887661
176.026237
182.532996
185.718121
191.722889
198.567266
206.058278
218.496616
229.193789
236.242658
240.346977
249.975081
264.228220
273.649038
283.669318
297.562934
296.774401
303.240008
310.660397
312.885098
314.031481
323.069503
338.637459
350.835418
358.470053
366.846051
379.671803
389.582195
405.348386
413.553615
418.655676
428.826143
439.096832
449.384724
458.657857
464.702353
473.896806
478.742565
482.649143
493.497580
502.569263
514.693906
532.231647
542.529883
562.664605
579.338132
599.874766
646.494739
661.091128
691.876677
733.404370
773.496821
812.010150
859.378119
916.698932
968.564466
1018.545789
1085.842524
1157.273496
1234.931842
1313.741638
1407.355038
1506.868418
1601.590301
1681.915763
1792.966316
1886.993872
2009.892293
2142.877876
2264.943220
2378.738120
2508.445038
2652.657232
2802.536053
2978.058947
3136.859605
3287.967175
3437.500977
3581.430451
3728.385526
3895.788534
4053.761541
4192.698703
4322.308305
4427.685188
4529.039548
4611.060263
4672.842970
4742.194689
4818.721974
4882.798571
4924.859098
4936.305537
4960.650714
4956.222406
4965.569850
4990.231429
4986.501620
4961.189699
4945.160977
4946.286936
4976.139774
4992.262632
4987.286297
4992.201711
4990.485263
4971.626842
4983.779248
4991.996121
4992.128835
4994.075254
5034.123647
5047.215038
5077.475443
5136.147989
5142.952218
5138.193534
5136.490320
5138.519023
5123.250451
5049.244737
4963.101053
4923.970565
4870.201579
4792.695141
4750.225207
4692.161281
4642.916842
4621.239906
4615.885537
4611.127970
4604.784662
4573.368271
4535.379115
4546.160752
4549.162312
4548.320565
4541.979474
4527.787627
4545.577011
4561.687966
4574.010977
4587.159530
4570.535959
4541.169436
4528.943729
4492.339060
4461.592331
4447.088571
4425.685706
4385.540244
4337.076729
4290.252524
4229.109737
4185.841186
4185.547143
4153.583628
4081.374361
4050.730000
4002.720526
4010.011917
3954.229586
3933.210000
3950.566579
3920.402857
3870.320640
3873.189361
3876.316654
3861.049153
3838.888947
3837.570716
3835.712914
3811.464060
3830.323835
3848.903741
3822.921880
3795.722030
3806.399944
3777.113214
3747.764850
3734.462556
3726.154906
3688.122218
3669.699173
3653.512632
3627.478816
3604.857514
3589.643233
3592.019850
3611.782820
3608.248644
3594.456165
3552.429831
3485.972505
3454.092857
3380.597458
3267.433759
3187.094211
3092.696441
2992.303139
2900.844737
2845.011053
2779.037307
2711.596015
2658.713383
2591.671278
2552.666992
2527.098477
2509.550902
2496.846290
2507.686165
2513.095405
2536.961504
2570.867387
2627.136384
2689.657030
2774.058158
2890.777500
3009.765104
3150.464812
3334.595357
3548.475677
3774.270451
3990.801695
4267.528872
4546.704915
4842.237368
5181.024200
5489.653064
5770.853947
6127.529981
6465.820451
6829.346842
7186.964737
7516.193333
7839.547838
8134.384323
8406.061827
8694.078064
8974.639190
9275.001128
9611.452222
10034.372951
10445.359023
10894.764662
11383.229511
11884.177778
12355.305263
12860.959586
13382.769737
13810.939171
14271.171429
14796.247744
15318.686441
15817.076692
16305.286252
16853.682331
17348.492467
17865.426316
18347.763722
18733.078008
19154.881955
19542.705085
19917.996805
20270.322222
20614.015789
20902.393220
21097.852632
21216.284211
21353.678947
21485.654699
21519.866667
21544.640226
21594.374436
21685.650564
21642.184211
21594.714286
21599.860526
21498.339548
21380.035714
21282.325564
21068.653947
20794.500000
20521.123308
20230.592293
19989.919962
19781.338722
19564.525989
19405.417293
19305.624060
19390.486441
19455.785526
19529.890602
19685.182331
19825.158945
20087.752444
20350.500000
20671.015789
21016.248684
21333.957707
21704.041729
22041.301695
22346.274812
22707.289077
23081.665414
23391.045865
23582.866102
23773.703008
23844.003759
23917.405075
23999.905085
23991.820301
23970.211278
23850.442105
23736.436842
23632.361205
23478.876692
23290.741620
23108.601504
22926.233898
22716.081579
22483.350752
22271.470810
22122.866353
22012.114662
21823.430827
21801.127495
21609.199624
21448.260150
21336.081579
21240.071053
21155.322222
21048.045113
20996.253861
20960.178571
20900.044444
20808.536466
20658.299624
20529.138983
20494.266917
20471.993785
20309.557143
20254.825424
20155.577820
19969.600188
19868.660526
19705.721053
19536.968927
19384.853008
19157.824294
18888.719549
18660.693597
18429.666165
18152.139850
17876.882707
17612.353571
17370.518644
17091.845489
16847.002260
16509.589098
16297.550659
16087.684211
15853.735526
15628.025424
15421.678195
15211.205085
14995.926880
14814.191525
14640.188722
14465.503383
14300.884211
14130.427068
14035.140113
13880.595865
13710.320301
13659.833083
13499.202825
13370.355263
13300.331579
13206.906968
13104.812594
13073.959510
13091.909023
13060.749906
13077.862218
13121.741729
13103.725564
13121.421241
13133.866478
13105.692481
13122.134586
13068.291337
13055.307143
12968.307895
13032.894737
13048.616949
13013.973684
13029.966917
13043.615602
13028.030451
13000.700000
12955.521992
12862.560829
12722.771429
12576.588136
12424.459774
12252.592857
12116.358757
11914.024436
11720.164474
11542.847368
11387.866102
11222.168421
11063.878571
10920.112030
10799.272180
10632.446139
10475.373684
10362.655556
10234.629323
10078.542938
9893.259398
9725.217199
9500.880169
9303.772030
9100.257895
8847.629737
8696.163145
8442.571053
8189.555508
7978.844962
7726.476015
7511.784181
7295.711673
7091.974124
6916.406955
6718.573766
6550.095658
6367.797293
6150.217947
5995.764624
5846.066102
