77.525032
73.678408
74.646035
76.824951
80.083953
76.071851
72.387569
78.702987
77.848978
83.432218
84.146372
87.388928
89.768739
88.557498
91.282864
92.380019
92.330028
101.286974
103.948650
105.037605
108.715038
115.637556
115.873994
117.105336
116.342458
118.222195
121.103026
122.200000
124.560902
129.784379
133.086248
132.059017
133.774026
140.135305
142.675733
147.085128
147.472145
162.913492
160.456154
162.510786
155.604213
167.536658
180.922286
182.097195
178.674876
176.432407
176.161586
181.076126
191.386632
201.957202
207.918767
206.918011
218.143452
235.852669
246.958331
257.569934
282.199994
296.638015
319.117848
339.693535
361.457553
393.930169
434.569327
473.045361
514.787105
569.384851
626.164712
693.414729
754.463401
826.843051
902.872040
989.249774
1085.725932
1202.486071
1291.805564
1411.089887
1533.202632
1643.280377
1775.475188
1925.788008
2070.090113
2221.788158
2381.164211
2533.768214
2680.711883
2815.503158
2968.870075
3117.982538
3268.810301
3414.947293
3547.180695
3652.931864
3738.600000
3841.871186
3925.633853
4001.394023
4069.242448
4110.243026
4165.612857
4197.077218
4218.045311
4255.989643
4268.490451
4267.925677
4278.490714
4264.631168
4231.623684
4252.064812
4270.769868
4264.926441
4282.521203
4278.063891
4241.005395
4239.450000
4255.667143
4245.706184
4248.549529
4212.571165
4238.707966
4226.930169
4244.900376
4250.142448
4210.904041
4232.576504
4247.645639
4210.197458
4152.393139
4083.760526
4015.576842
3951.266711
3875.485725
3798.788609
3739.242599
3685.032030
3619.418795
3570.412105
3570.863158
3549.377006
3500.760188
3497.612669
3491.007970
3455.939793
3424.136466
3403.327425
3411.378230
3422.319737
3405.512542
3400.751372
3416.504407
3406.324737
3416.996241
3405.854737
3373.112669
3350.322580
3294.035150
3265.083534
3214.216617
3153.184407
3123.386353
3091.965789
3023.079473
2942.019737
2895.873785
2861.008571
2797.082895
2753.931711
2712.997857
2695.205000
2669.146523
2613.419548
2577.070677
2570.718139
2535.386128
2535.613672
2511.898496
2495.207744
2494.303220
2494.907895
2497.967250
2483.382011
2461.965000
2482.400526
2463.282519
2424.418139
2387.797970
2354.782090
2332.247256
2304.523120
2262.944925
2207.732444
2159.005789
2122.861353
2073.889474
2026.848684
1987.704350
1952.520789
1925.813628
1898.337556
1868.918719
1834.996466
1775.709568
1754.156441
1665.152256
1566.041186
1485.747105
1412.683308
1332.520546
1256.437820
1170.644079
1098.480789
1044.876949
996.673314
951.474398
922.236774
904.068039
851.096331
832.310876
812.845836
792.666930
806.030465
814.325346
810.609573
820.361610
846.390590
895.119947
957.308500
1033.138418
1137.307068
1277.577143
1454.842199
1672.679211
1920.996610
2195.519154
2532.685085
2899.420602
3299.752806
3689.673064
4062.918346
4466.404765
4863.895244
5269.925921
5638.661579
5960.388418
6297.814793
6624.356992
6943.159868
7281.499211
7563.768060
7894.900977
8216.590000
8567.725789
8983.271579
9381.414248
9799.534004
10198.997928
10645.193985
11086.065226
11482.123684
11876.104708
12323.392857
12748.585902
13155.215254
13587.666917
14019.819586
14506.662594
14849.714124
15229.314662
15645.764850
15958.542105
16277.200752
16598.205650
16800.707143
17063.639736
17246.776316
17427.603202
17606.745489
17750.772932
17834.136842
17879.954511
17953.958757
18009.901880
17998.379135
18026.380263
18090.702256
18001.214286
17977.816917
17884.985311
17787.042857
17591.062594
17442.823684
17228.400000
16991.059398
16753.173872
16486.222787
16286.912782
16200.974953
16146.002632
16141.224060
16145.416949
16229.763910
16369.137218
16537.086842
16714.708286
16885.404323
17166.214286
17405.115789
17684.947368
18010.112218
18308.635338
18668.393785
19023.113158
19285.803578
19547.621805
19800.339098
19999.444256
20145.382331
20220.713534
20336.764286
20383.705085
20335.924812
20327.601504
20238.682895
20168.494737
20060.158004
19825.898308
19696.333145
19603.633083
19427.907345
19241.323684
19048.974060
18922.176083
18844.334962
18725.909023
18593.922556
18565.950847
18420.873496
18338.400376
18318.600000
18218.235526
18124.401130
18086.933083
18078.629567
18030.851880
17949.774011
17885.772180
17799.187970
17680.518644
17666.083459
17621.208286
17523.710714
17445.293220
17368.251880
17288.945951
17202.155263
17084.473684
16948.610169
16778.368609
16548.338041
16372.819549
16198.638418
15938.769925
15685.969925
15460.845865
15190.930263
15023.132768
14789.923684
14533.658757
14318.120489
14154.635217
13951.821053
13801.935526
13648.578719
13467.308647
13285.367797
13095.684774
12981.423729
12904.149624
12782.961278
12655.871617
12522.274060
12400.021092
12359.123684
12172.963158
12050.909774
11917.944633
11826.501316
11754.865789
11668.671563
11648.796429
11631.835217
11596.866917
11598.729002
11613.745301
11624.139850
11661.474812
11678.367481
11639.253672
11672.593985
11672.359962
11623.439925
11566.421429
11564.668421
11578.822368
11588.835593
11654.868421
11677.283647
11683.068797
11661.329699
11635.021429
11567.723684
11459.548211
11370.285714
11240.745763
11077.101692
10964.807143
10815.622976
10688.983647
10479.806579
10356.742105
10224.748964
10077.397180
9981.676767
9823.161353
9683.025865
9551.080565
9424.912331
9318.156328
9191.962030
9036.404143
8859.456241
8668.790282
8466.341186
8274.254887
8096.694737
7896.361842
7694.547420
7498.395376
7270.343665
7080.310808
6878.514812
6671.172429
6512.098459
6346.011243
6153.947669
5988.918192
5808.745959
5626.526316
5524.770226
5388.407519
5248.335650
