31.595489
28.569052
32.163938
34.137900
38.292785
39.867870
45.579476
45.031109
46.916639
47.667387
52.907256
58.677547
62.623945
60.675618
62.022923
74.772433
79.330993
81.608118
79.394019
91.467065
99.231827
99.207021
102.331789
108.347476
110.657542
116.000489
122.767647
121.386498
123.018744
129.842062
136.406637
145.947972
153.135000
153.547458
157.509906
164.136579
169.727245
171.166799
176.705175
179.093643
182.389987
190.894064
195.930143
195.306872
194.744353
200.713718
205.668711
206.091403
212.695329
218.702305
217.978940
229.064013
238.491497
246.128474
261.592870
268.022429
278.745431
290.995211
306.189419
319.419548
329.067474
345.574390
364.601592
382.231985
403.112421
423.188412
446.111141
469.257519
487.907100
507.031857
525.797599
570.837451
594.841734
613.928267
636.118293
661.751910
690.144156
714.532363
739.762677
771.811883
808.284989
842.255974
869.700147
897.608466
920.918335
965.783383
1015.880282
1046.520320
1083.863083
1105.012293
1125.571034
1154.356610
1168.106165
1186.494162
1206.779436
1216.243383
1227.627420
1250.261711
1268.140000
1268.520451
1257.399718
1255.236429
1240.117406
1259.434624
1259.177857
1265.058023
1263.912256
1233.997218
1238.205620
1245.718192
1251.616128
1247.021184
1241.046579
1248.184211
1250.038571
1248.353214
1251.567194
1252.040414
1261.778814
1269.797274
1281.863083
1295.388512
1315.640000
1321.975150
1338.445602
1336.612863
1339.685132
1331.574361
1330.447368
1335.829605
1316.719529
1296.270376
1279.537420
1285.355414
1283.058870
1265.619925
1261.084511
1249.456384
1262.914737
1248.529135
1247.063346
1245.843691
1239.096692
1231.741316
1232.914030
1233.616316
1237.529153
1250.762519
1252.085932
1265.056541
1257.928158
1255.198609
1259.626880
1236.124878
1225.514549
1231.102782
1221.380226
1210.564802
1204.383195
1213.550827
1205.430603
1184.617237
1185.567439
1188.070000
1159.957293
1144.992086
1165.294286
1156.719436
1150.827199
1148.793126
1131.920301
1123.328929
1133.372406
1116.289002
1120.729135
1116.899117
1102.496780
1111.170000
1121.990056
1111.758684
1109.708008
1115.619662
1112.402368
1128.959173
1122.678571
1122.639040
1127.698665
1113.180188
1128.875338
1128.072331
1130.957914
1132.678195
1136.958421
1141.662105
1134.562881
1133.178233
1145.802594
1149.520357
1158.682185
1159.140602
1153.237086
1153.815800
1124.484323
1108.943220
1086.139079
1084.937669
1065.357571
1055.713722
1043.550263
1017.518947
1000.224527
994.354150
978.307158
961.089677
956.662308
934.578009
940.846316
946.960437
942.657690
933.967245
941.631383
945.032175
964.015441
988.602519
1000.076184
1019.210000
1044.034181
1070.120827
1098.146071
1129.460000
1168.361729
1205.144237
1243.604436
1280.594237
1310.796992
1335.250169
1374.745094
1407.975977
1457.421959
1482.491880
1500.435921
1515.606316
1543.877797
1574.917274
1597.316391
1621.172712
1647.778553
1677.281168
1724.529474
1760.277778
1793.422425
1847.271917
1892.354060
1946.306974
2014.884463
2072.676541
2140.074417
2182.484211
2211.640772
2267.250827
2333.743252
2399.104407
2475.777820
2545.607288
2598.895094
2655.294783
2701.118609
2767.463214
2838.120639
2850.404135
2918.448983
2965.968402
2992.906441
3004.595000
3006.176139
3016.869305
3043.772256
3073.214586
3072.552632
3059.471299
3073.453308
3038.288252
3032.726560
3066.732481
3073.455714
3014.507538
3024.433635
3006.327143
2978.012613
2906.699474
2873.150000
2836.227293
2786.640677
2743.232128
2699.296278
2673.344463
2682.077650
2682.086767
2669.817627
2708.195188
2697.925695
2715.462970
2752.351469
2776.053947
2821.266466
2851.136316
2893.122237
2942.448759
2992.702444
3037.455254
3087.258327
3132.912316
3166.602857
3219.220977
3256.141827
3284.313008
3281.680301
3295.272086
3318.724407
3290.830977
3299.721654
3273.961316
3240.446316
3232.382053
3208.930000
3172.519586
3139.560677
3110.451186
3098.095132
3092.859323
3053.112034
3007.042312
2974.837293
2935.784887
2927.347684
2933.513929
2919.282105
2896.760526
2899.669211
2894.720339
2861.705338
2849.468908
2845.747237
2836.710151
2828.648233
2813.277350
2795.927458
2771.762707
2768.584426
2740.712500
2740.034124
2730.988835
2687.116215
2659.180395
2649.737368
2639.189887
2596.428083
2561.644859
2526.054098
2494.729058
2465.411880
2419.238647
2382.993684
2364.408947
2333.062994
2273.365000
2240.112373
2201.922124
2197.758625
2160.211579
2110.420263
2074.317665
2063.786128
2032.333898
2005.131485
1988.067288
1963.388722
1934.784568
1913.935320
1904.400188
1882.045367
1846.342406
1841.678421
1820.132331
1804.268023
1786.996579
1785.659211
1757.229171
1735.046880
1724.564896
1737.344812
1751.303051
1753.509060
1761.850489
1763.565113
1749.783252
1756.954972
1734.072481
1711.286729
1745.198362
1724.515526
1721.498684
1719.073026
1723.996271
1745.864060
1755.807331
1746.434398
1724.814511
1717.867857
1723.401034
1714.341977
1687.250000
1660.907740
1646.880846
1623.542143
1596.642241
1576.330752
1541.088421
1502.600526
1480.264708
1458.686297
1448.516617
1438.605000
1416.111898
1385.932072
1367.723233
1359.165556
1339.589267
1314.137778
1299.094098
1275.949568
1252.942373
1218.565789
1163.900526
1143.728684
1113.871205
1098.608910
1058.530376
1037.005714
990.879902
960.570073
948.130887
919.924158
884.638068
860.900670
837.380701
806.952865
795.518043
781.900241
764.913593
