-111.177
-59.9271
-8.6773
-2.71467
3.17956
.412442
-2.38482
-.810243
.788191
.8
.8
.404126
.00451803
-.790181
-1.5894
-.318502
.980225
-1.26276
-3.56051
-1.14537
1.35218
-.559789
-2.55783
-1.13309
.365436
1.27838
2.1775
1.71299
1.21348
1.10279
1.00289
.611957
.212349
.2
.2
.296618
.396521
-1.23919
-2.93753
-2.13395
-1.23483
-2.44841
-3.74714
-1.21243
1.48492
1.21744
.81783
.322778
-.176732
-1.91447
-3.71271
-2.56431
-1.26559
-.725716
-.226205
-.483984
-.78369
.239119
1.33804
-.202585
-1.90092
-2.09407
-2.19398
.616342
3.6134
1.83267
-.265273
-.4
-.4
-.0268373
.372771
-1.18261
-2.88095
-.956218
1.24163
.936482
.436972
.307492
.20759
.384623
.584428
-1.7029
-4.20045
-2.01007
.587383
1.53379
2.33301
1.85083
1.25141
.195337
-.903586
-1.09114
-1.19104
-1.10906
-1.00916
-1.90746
-2.90648
-2.36615
-1.66684
-1.23858
-.838975
1.18348
3.38133
1.26097
-1.33648
.464635
2.76238
3.26871
3.56842
.829368
-2.2676
-1.79738
-.898266
.979673
2.97771
2.04576
.74703
1.30874
2.10795
-.00990868
-2.50746
-2.7118
-2.6119
-1.36793
.0306959
1.78056
3.5788
2.92387
1.92485
-1.08477
-4.38154
-2.18335
.813712
1.72215
2.32157
1.01072
-.587716
.499514
1.99804
.125474
-2.27218
-1.3926
.0060277
2.60931
5.40657
3.22446
.2274
1.59876
3.69671
2.80356
1.40493
-.249486
-1.94782
-.498639
1.4994
.187426
-1.71071
-2.50806
-3.10747
-.91902
1.77834
1.27286
.173942
-.0840897
-.183992
-.2
-.2
.302185
.901598
1
1
2.49951
4.29775
4.68311
4.78301
3.39045
1.69212
.572812
-.426209
-.269908
.1297
-.623272
-1.62229
-.0752401
2.0227
1.17096
-.327567
.217398
1.21642
.0952935
-1.50314
-1.55595
-1.25625
-.145018
1.15371
.833302
.133987
1.77674
3.97459
4.1583
3.8586
1.54965
-1.2476
-.837916
.360909
.520021
.420119
.719128
1.11874
.404136
-.594885
.390858
1.88939
1.80402
1.30451
1.279
1.3789
2.10923
3.00835
2.02089
.522356
-1.44664
-3.54459
-2.20103
.0967135
.6
.6
1.61171
2.91044
2.88948
2.48988
2.4
2.4
3.40408
4.70281
5.61633
6.41555
4.98624
2.8883
1.55685
.45793
.352907
.552711
2.35394
4.65168
3.60269
1.50475
1.98626
3.28499
1.85957
-.438177
1.03782
3.73518
2.96969
1.07155
1.72625
3.22478
3.82466
4.12437
3.37839
2.27946
2.14899
2.34879
3.7374
5.53564
5.92589
5.82599
4.61746
3.01902
.609748
-2.08761
-1.40317
.494967
2.17314
3.77158
4.56563
5.06514
3.52261
1.22486
2.05468
4.05272
5.10777
5.80708
4.04675
1.34939
2.83655
5.93351
7.0878
7.48741
6.09314
3.99519
2.82752
2.02831
3.86954
6.76671
7.45766
7.25786
7.05805
6.85825
5.80913
4.4105
3.22361
2.12469
2.99654
4.69488
6.04227
7.24109
6.62009
5.22146
5.70737
7.00609
5.79916
3.50141
4.81277
7.70993
8.6
8.6
6.73661
4.03925
4.92046
7.41802
6.27856
3.4813
2.66843
2.76833
4.7787
7.67587
8.46393
8.26412
7.45376
6.35484
6.06764
6.16754
6.73958
7.5388
8.67428
9.97301
9.72943
8.73041
10.0715
12.5691
10.6667
6.57075
7.19408
10.1911
10.4047
9.20589
8.86608
8.96598
8.2753
7.17637
6.86568
6.96559
7
7
8.37118
10.4691
11.2
11.2
10.1615
8.56312
8.32353
8.82305
8.54842
7.8491
8.88631
10.8843
11.4076
11.1079
10.4247
9.52556
8.11662
6.41828
5.67293
5.47313
6.66673
8.66478
10.0945
11.1935
10.9705
9.97153
9.41175
9.11204
7.74893
5.75088
7.61903
11.8149
13.4
13.4
11.3551
8.05834
6.86177
6.96167
8.66252
11.3599
11.7248
10.6259
9.8329
9.23349
10.0978
11.896
12.7216
12.9214
11.9093
10.111
11.1516
14.0488
13.3337
10.2367
9.84012
11.2387
11.5009
11.0014
11.0981
11.5976
11.3246
10.5254
12.4506
16.2468
15.5569
11.7606
10.6118
11.3111
11.7173
11.9171
12.9351
14.5335
13.9768
11.8789
12.5674
15.2647
14.0279
9.93196
8.31532
8.51512
9.46195
10.9605
11.1418
10.3426
11.5409
14.2383
14.3193
12.4212
11.9401
12.5395
12.2351
11.2361
13.0515
17.0476
17.9025
16.3041
14.8174
13.4188
12.1873
11.0884
12.9312
17.1271
17.9491
16.051
14.8142
14.1149
14.459
15.6578
15.4339
14.0352
14.7632
17.2607
17.748
16.5492
17.0286
18.9267
18.2357
15.3386
14.215
14.6146
15.3355
16.3345
16.3198
15.4207
15.1063
15.3061
14.4467
12.6485
13.594
16.9907
18.2846
17.6852
17.0858
16.4863
16.0435
15.7438
16.0158
16.8151
17.6661
18.5652
19.3611
20.0604
21.1195
22.5181
21.6128
18.5159
16.949
16.8491
16.3427
15.4436
14.5951
13.7959
13.4
13.4
12.7471
11.4484
11.4003
12.5991
15.1931
19.1892
18.9665
14.4709
13.7325
16.8295
17.2675
14.9697
14.8299
16.9279
18.0977
18.2975
18.9838
20.1827
19.7824
17.6844
18.3374
21.9339
22.2619
19.065
18.501
20.7988
21.6663
20.967
20.2676
19.5683
20.5239
23.3212
23.8112
21.7132
20.4124
20.0128
20.2203
21.1194
21.693
21.8928
21.9074
21.7076
21.4156
21.0159
22.1315
25.0286
25.8228
24.1245
22.5627
21.1641
21.1252
22.7236
23.4646
23.1649
23.4493
24.4483
24.15
22.2518
21.2445
21.3444
21.0896
20.3903
19.8675
19.5678
19.9274
21.1263
22.5877
24.3859
24.5287
22.5307
22.224
24.1221
24.8546
24.0554
23.1273
22.0283
22.5978
25.3951
26.9574
26.8575
25.1468
21.2507
19.8438
21.8419
24.3859
27.6827
28.346
25.3489
23.4752
23.1755
23.2899
23.9892
23.8642
22.5655
22.2102
23.2092
24.0449
24.6443
24.9594
24.8595
24.6383
24.2387
23.4367
22.0381
22.0408
24.1388
24.4039
21.9063
21.1533
23.0514
23.0559
20.1587
18.6355
19.2349
20.8499
24.0468
24.7952
21.6982
19.568
18.9686
19.2156
20.814
21.3024
20.0037
18.8192
17.8202
17.5031
18.3023
18.5739
17.9744
17.3
16.5008
16.6714
18.4696
19.229
18.2299
18.1167
19.5153
20.9874
22.5858
22.468
19.3711
17.6905
18.4898
19.0361
19.136
20.0982
22.5957
23.128
20.131
18.2711
18.4709
19.2008
20.8991
21.1565
18.7589
18.8076
23.4031
24.6276
19.5326
17.5823
21.5784
23.7533
22.4546
21.6
21.6
21.6
21.6
21.2285
20.1295
19.3664
19.2665
19.0998
18.8001
19.6952
22.9919
23.8473
19.7514
17.2624
18.0616
18.9586
20.0575
20.9944
21.5938
21.6135
20.4147
20.0482
21.4468
23.1
25.2978
25.5668
21.6706
18.7172
17.818
17.606
18.9047
20.4207
22.4187
23.0599
20.6622
19.0613
19.2611
18.9129
17.3144
16.8655
19.0633
19.9388
17.7409
17.0958
20.0928
21.4288
18.8313
17.0295
17.1294
16.7024
15.004
15.3119
20.5068
23.9401
23.041
21.7689
19.5711
18.1424
18.6419
19.5658
21.5639
22.7752
21.976
21.3163
21.0166
20.0519
17.3546
16.2528
19.3497
22.3648
25.162
26.522
24.0245
22.2808
22.5805
22.7465
22.5467
22.6918
23.7907
24.4683
23.9688
23.9659
25.3646
26.2443
25.6449
25.303
25.7026
26.0255
26.1254
26.4028
27.2021
27.5987
26.7995
26.8491
29.4465
30.3597
26.1638
23.1474
23.7468
24.5413
25.9399
26.8307
26.1314
25.2882
23.9895
22.6431
21.1446
19.9528
19.753
20.4657
24.1621
26.652
25.1534
24
24
23.9316
23.6319
23.4678
23.7675
23.9776
23.8777
23.7778
23.6779
23.0493
20.5517
19.0366
21.0347
22.7731
23.5723
24.5859
26.3842
27.1839
24.2867
22.6946
25.9914
27.5782
22.683
18.7174
18.3178
18.5934
21.4905
24.1242
25.7227
26.4782
23.8807
21.9192
22.5186
23.1181
23.7175
23.8298
21.9317
20.535
21.2343
21.9527
22.7519
23.1166
21.618
20.6992
22.2976
23.3964
22.2975
21.5281
22.2275
22.9449
23.7441
24.0954
22.3971
21.1595
22.0586
22.1691
18.5726
16.2412
19.9375
22.9657
22.7659
22.3629
20.9642
19.5823
18.2836
17.7956
21.3921
23.6969
19.4011
16.3977
20.0941
23.184
23.0841
22.5744
19.877
18.0826
21.1795
23.2927
19.996
17.0634
16.1643
15.6696
17.4679
18.8965
18.1972
17.2353
14.7377
12.8591
14.6573
16.2994
16.9987
17.446
16.3471
15.0825
12.7847
11.0858
13.1837
15.2951
17.4929
19.0695
16.572
14.7516
17.4489
19.2356
14.8399
11.4799
15.2762
18.5378
18.0383
17.6734
18.2728
18.6073
17.0089
15.4934
14.5942
14.033
16.0311
17.4678
14.5706
12.2477
14.4456
16.3668
16.0671
15.5718
13.4738
12.0803
16.5759
20.1704
16.0745
12.5748
14.2731
15.7294
15.0301
14.6472
17.1448
19.3031
18.304
17.6564
20.3538
22.7535
22.254
21.545
18.7478
16.2802
17.1793
18.1656
20.0637
21.5615
18.7642
16.2499
16.8493
17.2862
15.8876
14.5921
14.4922
14.4696
15.3687
16.3885
18.886
21.0751
19.3768
17.7928
17.6929
17.4331
15.0355
12.8135
13.0133
13.259
14.1582
15.0955
16.594
18.0123
18.2121
18.3283
17.1295
15.9191
14.5205
13.2502
14.1494
14.9677
14.3683
13.8311
14.4305
15.0749
16.5734
17.9472
16.8483
15.7816
15.382
15.0529
16.2517
17.32
15.4218
13.6281
14.3274
14.8739
11.5771
8.49424
11.0917
13.576
12.8767
12.1968
12.0969
11.9848
11.4853
11.0341
12.2329
13.4026
13.5025
13.5191
10.2224
7.04057
8.83881
10.6062
10.9059
11.2447
13.6423
15.95
12.9529
10.0029
10.2027
10.4166
11.7153
12.9946
12.4951
11.9973
11.6976
11.422
14.6189
17.7764
12.9811
8.21245
12.4083
16.5983
14.8999
13.2016
