-110.976
-57.928
-4.88001
-1.80746
1.1896
-.890669
-2.98861
-.814083
1.38376
1.4
1.4
-.777303
-2.97515
-.629459
1.76819
1.89858
1.99848
2.39352
2.79313
-.931038
-4.72732
-3.52614
-2.22741
-1.90662
-1.60691
-.331228
.9675
.025979
-.973042
-1.09721
-1.19711
-2.55815
-3.95678
-3.41911
-2.8197
-.964239
.9339
1.19284
1.39265
-.235866
-1.9342
-2.09603
-2.19593
-.187447
1.9105
2.9564
3.95542
1.51845
-1.07901
-1.2
-1.2
-2.34063
-3.53946
-1.51315
.684699
.421355
.0217466
-.377862
-.77747
-1.17708
-1.57669
-3.19926
-4.89759
-3.49795
-1.89952
-2.08105
-2.38075
-1.09119
.30744
.306709
.206807
-.91714
-2.11596
-1.27101
-.271987
.912441
2.11127
.257339
-1.8406
-.52301
1.07542
.186723
-.9122
-1.64344
-2.34276
-2.30827
-2.20837
.271276
2.96863
2.28667
1.28765
-1.89866
-5.29534
-4.14494
-2.5465
-1.49254
-.493523
-1.3055
-2.30452
-1.31575
-.116926
-1.62285
-3.42109
-2.8803
-2.08108
-.294432
1.60371
1.173
.473688
-1.65563
-3.95338
-4.55672
-4.95633
-1.97455
1.42211
2.06636
2.36607
1.33689
.138069
-1.59113
-3.38937
-3.8646
-4.16431
-1.91188
.685579
1.17562
1.37542
1.75045
2.15006
2.81192
3.51124
2.815
1.91588
-.810777
-3.80784
-1.42144
1.77543
.120776
-2.27687
-2.94575
-3.34536
-2.96879
-2.46927
.0953622
2.99252
2.71319
1.91397
.600823
-.797806
.794652
2.8926
.471555
-2.72531
-1.58371
.314433
-1.18232
-3.28026
-2.58388
-1.38506
-.777596
-.278086
-1.37999
-2.77862
-1.06595
1.2318
1.34832
1.04861
1.0837
1.1836
.615486
-.0838284
-.283306
-.383209
-.649331
-.949037
1.23869
3.93605
3.90369
3.30427
-.265966
-4.46185
-3.22415
-.826497
.421314
1.42033
.944514
.145297
.245219
.544926
-2.74331
-6.83929
-5.40359
-2.70624
-2.2
-2.2
-1.39043
-.391412
.203804
.703315
1.36395
2.06327
1.3963
.397284
1.16208
2.36091
4.43949
6.73724
3.21089
-1.78421
-1.84496
-.646139
-1.35269
-2.55151
-1.2161
.781937
1.121
1.0211
.29077
-.608348
-.564178
-.264472
-.513647
-.913255
-.0614099
1.13741
2.72634
4.42468
1.99832
-1.59815
.161742
3.45851
2.72878
.830636
.0138144
-.485696
-.754083
-.953887
.383218
2.18145
2.4467
2.24689
1.28255
.0837273
1.17264
2.97088
3.55212
3.75193
4.63453
5.73345
5.24329
4.24427
2.71692
1.01859
1.72919
3.22772
4.27575
5.17487
4.50135
3.30252
2.32777
1.42865
.827519
.328009
-.840205
-2.23883
.808809
5.40431
5.26964
3.4714
2.63143
2.13192
1.85296
1.65316
2.40653
3.50546
3.36124
2.76183
4.20446
6.4023
5.25438
2.85673
2.70777
3.40708
4.25108
5.1502
5.47215
5.57205
5.81585
6.11556
4.47787
2.08022
2.40183
3.80046
4.84227
5.74139
8.49088
11.9874
9.9482
5.65241
3.76301
2.86389
3.58813
4.98676
6.315
7.61373
8.21057
8.51027
6.43021
3.33324
2.4698
2.5697
2.8088
3.10851
3.89406
4.89308
5.40763
5.70733
6.42113
7.32025
7.80645
8.10616
7.78826
7.18885
7.20528
7.50499
7.87292
8.27253
8.33196
8.23206
8.8784
9.87742
8.98241
7.18417
6.19531
5.5959
6.00527
6.90439
6.93177
6.53216
5.66453
4.56561
5.46663
7.36477
8.13294
8.33274
8.73137
9.23088
10.3912
11.8897
11.2141
9.41589
9.32549
10.1247
9.61411
8.41529
8.58765
9.48677
9.27921
8.47999
8.3298
8.52961
7.37056
5.47242
7.44497
11.5409
10.9419
7.74503
7.49768
8.89631
8.63291
7.43408
6.80881
6.50911
7.35299
8.85152
10.16
11.3589
11.4211
10.8217
10.2223
9.62291
10.404
12.0024
11.474
9.67579
9.68594
10.7848
11.0135
10.7138
9.23674
7.03889
7.62072
9.91847
10.9231
11.1229
10.3407
8.94206
8.82828
9.5276
11.2637
13.6613
14.9647
15.5642
16.1636
16.763
15.3088
12.5115
11.8816
12.6808
12.2799
11.0811
11.4374
12.836
13.6385
14.0381
15.329
17.2271
16.697
14.4992
14.3083
15.5072
15.1763
13.7777
12.2618
10.6633
11.9286
15.2254
14.2119
10.1159
8.1678
7.76819
9.68278
13.2792
14.7423
14.6424
14.0254
13.0263
13.0009
13.7002
14.0571
14.157
13.3468
11.8483
12.9004
15.8975
18.2167
20.0149
19.3365
16.739
15.4878
15.288
14.9205
14.421
15.2026
17.0009
18.133
18.7324
18.115
16.5166
14.9733
13.4747
13.5688
14.9675
15.6
15.6
15.0002
13.9013
14.6496
16.9474
17.2962
15.9975
13.566
10.1694
12.0396
18.4333
19.4723
15.8758
14.7335
15.7325
15.7747
14.9755
15.5003
17.1987
17.6306
16.9313
16.6526
16.7525
17.3237
18.3227
18.226
17.1271
16.9639
17.6632
18
18
18.7738
20.2724
20.743
20.2435
19.3344
18.0357
15.7679
12.571
12.9815
16.8776
18.0408
16.5423
17.1108
19.7082
19.9956
17.9976
16.5998
15.8006
16.845
19.7422
22.0437
23.7421
22.8697
19.3731
17.7477
18.0474
18.3962
18.7958
19.5862
20.785
21.8865
22.8855
23.2546
22.9549
22.3174
21.3183
19.3099
16.213
15.318
16.8166
19.507
23.5031
24.2231
21.3259
20.6038
22.3021
22.5408
21.1421
20.4938
20.6936
22.5277
26.2241
27.549
26.1504
23.3163
18.8207
19.9042
27.4968
29.6717
25.4758
23.5657
24.3649
24.5724
24.0729
23.8453
23.9452
24.4062
25.3053
25.8899
26.0897
25.6184
24.3197
23.4664
23.1667
22.8226
22.423
21.5819
20.1833
20.2791
22.2771
24.4064
26.7042
27.4772
26.2784
25.4265
25.0269
24.4114
23.5123
22.957
22.8571
23.6984
25.7963
27.7665
29.5647
29.4131
26.6159
25.5907
26.9893
27.38
26.381
26.1344
26.9336
27.9825
29.3811
28.7921
25.3954
23.6885
24.3878
25.1281
25.9274
25.9101
24.7113
25.0157
27.5132
28.1509
26.053
23.8343
21.4367
22.1621
27.5568
29.9633
27.8653
26.481
26.1813
23.7118
17.9175
15.6169
18.7139
20.5609
20.461
21.5659
24.563
25.2013
22.1043
19.8922
19.093
18.5234
18.3236
19.3044
22.2015
23.015
20.4175
18.3477
17.1489
17.3373
19.8349
21.6238
22.2232
22.4145
21.915
21.9691
22.9681
22.4619
19.365
18.7876
22.5838
25.0363
25.1362
24.5498
22.7515
21.2766
20.3775
19.8357
19.9356
20.533
22.0316
22.5759
21.3771
20.846
21.5453
21.6854
20.7863
20.9298
23.0278
23.9162
22.5176
21.3595
20.6601
21.4641
25.1605
27.6
27.6
26.8907
24.7928
23.1314
22.3321
21.0656
18.8677
17.9974
19.7956
21.5938
23.3921
24.3704
23.6711
23.3304
23.73
24.162
24.6615
24.4847
22.8862
22.7283
25.6255
26.9955
25.0973
23.9265
24.3261
23.7829
21.1855
21.4611
28.0547
30.769
24.8748
21.6326
24.33
25.2501
22.1531
20.0609
20.2607
20.521
20.9206
21.3503
21.8498
22.2597
22.4595
22.155
20.6565
19.3348
18.4357
18.6781
21.6752
23.7128
23.4131
22.5935
20.4956
19.6884
22.0861
22.9169
19.8199
19.2127
24.9071
27.4828
22.088
18.8975
21.3951
22.6182
20.5202
19.9628
23.4594
25.6722
24.4734
24.0068
25.5053
26.4115
25.7122
25.2534
25.4532
25.0959
23.1978
22.3267
24.3247
25.4602
24.1615
23.3816
24.0809
25.6299
29.626
31.1946
25.7
22.9692
28.3639
31.8465
29.6486
28.4743
30.3725
31.3789
29.6806
28.0805
26.7818
26.1656
27.6642
28.5098
27.311
26.5679
27.2672
26.896
23.0997
20.7898
23.2874
25.4106
26.3097
27.9049
31.8011
33.9948
30.4982
27.2753
24.9776
24.0594
27.8556
30.4413
28.8428
27.3555
26.2566
25.1357
23.9368
23.6549
26.652
28.3942
25.5969
23.6358
24.7348
25.6637
25.9634
26.4105
27.4095
28.0123
27.1132
26.1728
25.0738
24.3228
24.9222
25.8458
28.0437
29.4588
27.7605
26.2609
25.5616
24.9016
24.4021
24.0779
24.4775
25.4365
28.7332
30.5409
26.0453
22.3244
21.9248
21.4504
20.6512
20.4811
23.0785
24.8888
23.1904
22.1622
24.1603
25.2267
22.0298
19.6126
20.8115
21.7825
21.6826
21.5827
21.4828
21.4685
21.8681
22.1153
21.6158
21.1163
20.6168
20.3158
21.0151
21.5019
20.9025
20.3838
20.2839
20.2159
20.3159
20.2581
19.359
18.709
19.4083
20.1998
21.4985
22.5696
22.3698
21.7206
18.5238
16.0809
17.979
19.8626
21.6608
22.9121
20.9141
19.3136
20.1128
20.632
19.4332
18.4276
18.6274
18.6231
17.3243
16.3207
17.2198
18.2511
20.1493
21.2661
17.1701
13.5615
13.2618
13.3157
15.8133
17.627
14.6299
12.3549
15.2521
17.5471
15.4491
13.9673
17.0642
19.6951
18.796
17.8052
16.1069
15.1855
20.3804
24.4578
19.5626
14.9065
12.2092
10.4617
16.6556
21.8857
18.8886
16.5393
19.836
22.5882
20.4903
18.6494
19.1489
19.6388
20.0384
20.1625
17.665
15.5488
17.1473
18.5909
18.491
18.3198
17.4207
16.6261
16.9258
17.3022
18.501
19.4169
17.219
15.3382
17.0365
18.5841
18.3843
18.1226
17.1236
16.1547
15.5553
15.1175
16.7159
17.9712
14.7744
11.9321
13.8302
15.627
16.0266
16.505
18.1034
19.4027
16.3057
13.6776
18.1732
22.2028
18.9061
15.8289
16.3284
16.6939
14.7958
13.0916
14.7899
16.3896
16.1898
16.0799
17.6783
19.1664
18.4671
17.6987
15.5009
13.4617
14.8603
16.1452
14.8465
13.608
13.8078
14.084
16.2819
18.371
17.5718
16.7794
16.18
15.5289
13.331
11.2729
13.6705
15.9574
14.4588
13.0079
13.3076
13.5926
13.2929
12.9977
12.8978
12.8
12.8
12.7627
10.7647
8.81333
9.61255
10.3765
8.77803
7.21148
8.1106
9.01619
10.5147
11.9867
10.4882
9
9
9.01181
11.4095
13.7867
9.29107
4.80543
10.2001
15.5949
