-116.376
-62.7283
-9.08092
-7.10472
-5.20658
-4.50311
-3.8038
-1.11728
1.58007
.806687
.00747013
-2.47421
-4.97176
-2.23437
.562889
-.287191
-1.18631
-2.47895
-3.77768
-2.62178
-1.42295
-.322117
.776806
.506618
.206912
-.190392
-.590001
-1.57402
-2.57304
-2.40559
-2.20578
-3.84918
-5.54751
-1.82422
2.07196
.654096
-.944338
-.71073
-.411024
-1.65096
-2.94968
-3.86428
-4.7634
-2.21243
.484925
.88692
1.18662
-.422554
-2.12089
-.580775
1.11756
-1.17632
-3.67387
-1.71315
.4847
-.535935
-1.73476
-1.61107
-1.41126
-.740113
-.0407977
-.0940742
-.193976
-1.70205
-3.30048
-2.36949
-1.27057
-1.94789
-2.74711
-2.61342
-2.41361
-.91048
.687953
.0568061
-.742411
-.614593
-.414789
-1.14006
-1.93928
-1.53844
-1.03893
-2.84232
-4.84036
-2.88583
-.588084
-3.42691
-6.72368
-2.2405
2.9544
-.892651
-5.58805
-2.35451
1.64157
.272112
-1.62603
-3.07044
-4.46907
-2.9701
-1.17186
-.909646
-.809744
-2.06222
-3.46085
-3.51004
-3.41013
-2.3228
-1.12397
-.731287
-.431581
-.668126
-.967832
-2.78359
-4.78163
-2.77541
-.277856
-.266364
-.56607
-.865777
-1.16548
-1.55358
-1.95319
-3.05841
-4.25723
-2.46389
-.266049
.965898
2.06482
1.49909
.699877
-.449009
-1.64783
-1.53833
-1.23863
-1.72215
-2.32157
-.0555878
2.64177
1.70048
.201953
.432192
.931703
-2.36347
-6.25965
-3.44417
.452015
.399041
-.300273
-2.37007
-4.66782
-4.65816
-4.25855
-4.37053
-4.57033
-2.04796
.949106
2.58821
3.98684
-.287857
-5.58267
-5.38623
-4.1874
-4.25285
-4.55256
-1.99323
1.10373
-.245656
-2.4435
-2.38151
-1.882
-1.38249
-.88298
-1.21653
-1.71604
-2.79732
-3.99615
-2.37588
-.178034
1.35806
2.75669
1.51458
-.283652
-1.67025
-2.96898
-.982451
1.7149
1.0529
-.345729
-.92696
-1.32657
-.666103
.233015
-.982922
-2.68126
-3.08115
-3.18105
-2.22852
-1.02969
-.71924
-.619337
.366782
1.56561
.0318718
-2.16597
-3.64226
-4.94098
-2.3208
1.27568
.803268
-.695263
-.522482
.07693
-1.78476
-4.28232
-3.13691
-1.03897
-.836997
-1.1367
-.490771
.408348
.914429
1.31404
.0670013
-1.63133
-3.17324
-4.67177
-4.92198
-4.82208
-3.63263
-2.1341
-1.2566
-.557286
-.245135
-.0453305
-.849607
-1.94853
-2.04592
-1.84611
.428517
3.32568
3.15685
2.05793
1.03546
.0364394
-.123742
-.0238399
-.0760627
-.175965
1.69666
4.19422
2.07585
-1.52062
-2.17357
-1.87387
-.89665
.302175
.374749
.0750432
.29955
.699159
.0530805
-.94594
-1.42349
-1.72319
-1.8
-1.8
-.466118
1.33212
-.491173
-3.58814
-1.08291
3.41268
.850621
-4.24439
-2.59382
1.50216
2.8925
3.29211
2.59777
1.49885
.181722
-1.21691
-.439387
1.15905
1.52766
1.42775
1.76073
2.26024
2.18415
1.88444
.651916
-.946518
.317426
2.71508
4.04227
4.94139
5.12883
5.02893
4.85805
4.65825
3.75068
2.55186
2.97638
4.07531
4.4
4.4
2.92603
.828086
.829939
1.72906
.88324
-.715193
-.851992
-.352482
.355246
1.15446
1.74605
2.24556
3.22817
4.427
5.07527
5.47488
4.0903
1.89245
2.91067
5.40823
3.88014
.483466
-.6
-.6
1.23167
3.92903
3.44712
1.44908
1.33958
2.1388
5.02284
8.91902
8.85887
6.86083
5.13023
3.53179
3.26666
3.66627
4.79704
6.29557
6.5349
6.1353
6.33039
6.8299
6.01177
4.51324
3.40882
2.5097
2.72392
3.52314
3.40823
2.80882
3.90197
5.90002
5.69136
4.29273
3.28234
2.48312
4.00632
6.80358
6.96389
5.66517
4.30232
2.90369
4.2538
7.15096
6.09696
2.80019
2.36239
3.56121
4.50669
5.30591
3.64263
.545662
1.85486
5.75105
5.94501
3.94697
4.26341
5.96175
5.29048
3.19254
4.51351
7.91018
8.02264
6.1245
7.0678
9.76516
8.70646
5.30978
3.20207
1.90334
2.80721
5.10496
7.03679
8.73512
7.69783
4.90057
5.92085
9.41743
10.9208
11.1206
9.63469
7.03723
6.7201
7.91893
7.26356
5.36542
6.26928
9.06653
10.9725
12.2712
10.964
7.86704
8.13477
10.7322
9.79965
6.40297
6.34868
8.64642
9.07402
8.1749
8.14948
8.74889
8.36144
7.26252
7.72568
9.32411
10.1153
10.3151
9.25073
7.25269
7.25901
8.75755
8.82928
7.83026
8.48064
10.3788
10.4631
9.16443
9.72969
11.7277
10.067
5.57141
3.88046
4.37997
4.71179
4.9116
7.56227
12.1578
14.8106
15.9095
13.5239
8.32897
6.33068
6.9301
7.03524
6.73554
8.13223
10.9295
10.7278
8.03042
9.67954
14.9743
14.6932
9.69813
7.18424
6.78463
7.8361
10.1338
11.0393
10.7396
11.0268
11.826
10.1269
6.23072
5.45921
7.45725
9.24423
10.8427
11.5474
11.4475
10.9286
10.0295
8.55645
6.55841
6.69161
8.78956
9.90357
10.1034
9.63251
8.53358
8.35976
9.05907
8.93921
8.04009
8.62005
10.6181
12.5145
14.3128
14.5927
13.3938
12.2454
11.1465
10.9013
11.5007
9.99914
6.40266
6.74261
11.0384
12.9518
12.4523
12.4472
12.9467
12.5599
11.2611
11.1885
12.3874
12.3161
10.9175
10.7838
11.9827
12.6969
12.8967
12.6622
11.9628
12.5132
14.4114
15.7351
16.4344
16.3232
15.3242
13.6605
11.2628
9.76358
9.26407
10.2243
12.8217
15.9819
19.7781
20.5859
17.9884
16.5535
16.4536
15.8906
14.7917
14.0617
13.762
14.3805
16.0788
17.1829
17.5825
16.2523
12.8556
11.4986
12.5975
12.7487
11.7497
13.0423
17.1383
18.8184
17.5197
16.0428
14.3444
14.7304
17.7274
18.9585
17.9595
16.8286
15.5298
15.8502
18.2479
18.2931
15.296
14.2505
15.749
15.2617
12.1647
10.9157
12.1145
13.2278
14.2268
15.0981
15.7974
16.2
16.2
15.5249
13.9265
13.6299
15.1285
15.4566
14.1578
12.9007
11.7019
12.5736
16.3698
17.6109
15.2132
15.1126
18.3094
20.3225
20.6222
20.5156
19.8163
19.6021
20.1017
19.3136
16.6163
14.8398
14.4402
14.1601
14.0602
14.4758
15.6746
16.0844
15.2852
14.1719
12.5735
11.9125
12.7117
14.4048
17.5018
18.936
17.7371
16.3844
14.786
12.7282
9.93098
9.03779
11.2356
12.941
13.8401
13.5331
11.2354
10.6249
12.8227
13.5659
11.8676
11.3565
12.8551
12.988
10.7902
10.3545
12.9519
15.0017
16.1006
16.3278
15.0291
14.1277
13.9279
13.6203
13.1208
12.9787
13.4782
14.4752
16.3733
16.045
11.6493
9.95978
13.2565
15.365
15.2651
15.2695
15.4693
15.3926
14.7932
14.6062
15.2056
15.8733
16.6725
16.3507
13.8532
12.7742
14.4725
16.0365
17.3352
16.9648
13.2684
11.4969
13.5949
15.1979
15.7973
15.7081
14.2095
13.4934
14.3925
14.9676
14.8677
15.2187
16.5174
17.7841
18.983
18.9091
16.1119
14.5478
15.6467
15.9286
14.4301
13.9933
15.8915
16.8897
15.8906
15.4159
16.1152
17.0596
18.5582
19.0215
17.1234
15.6487
15.1492
14.5596
13.7603
13.1701
13.0702
13.0593
13.2591
13.2821
12.8825
12.9805
14.2792
15.5489
16.7477
17.0802
15.2819
14.1147
14.5143
14.4866
13.3877
13.3073
15.8049
17.1504
15.552
14.6511
15.5502
15.7567
14.1583
12.9725
12.8726
13.2097
14.7082
15.1763
12.8785
12.25
16.1461
18.5991
17.1006
15.7877
14.9885
15.269
18.5658
20.8432
20.2437
19.4627
18.164
17.4832
18.5821
18.9656
17.2673
16.8367
20.1335
22.6
22.6
22.575
22.4751
22.2018
21.4026
20.4314
18.9329
18.0681
19.1671
19.3955
16.8979
15.3358
16.7344
18.3234
20.5212
21.7753
19.9771
19.0914
21.1893
22.8464
23.0462
22.5328
19.6356
17.3772
17.2773
17.4714
18.6702
19.7121
20.2116
20.0222
17.4247
15.7304
17.2289
18.5091
19.0087
18.2316
12.8369
9.54338
13.9391
17.5487
18.248
19.1157
20.6143
21.4663
19.8679
17.939
14.7421
12.7525
15.4498
17.8634
19.1622
19.7183
17.3207
15.5987
16.5978
17.2426
16.4433
16.1896
18.1877
19.665
18.9657
18.2091
17.2101
16.5134
17.1128
17.4504
16.6512
16.222
17.4209
18.2352
17.3361
16.7449
17.5441
18.1283
17.7287
17.0101
14.8123
13.1402
13.9394
14.4094
13.3104
13.1367
17.4325
20.4241
17.0274
13.9489
12.4503
11.3985
12.5974
13.3057
11.5074
10.4038
12.9014
14.7766
13.3779
12.2473
12.547
12.9557
13.9547
14.677
13.8778
12.9724
11.4738
10.6793
13.8762
16.2452
13.8475
12.1647
14.6622
16.5841
15.0856
13.658
12.659
12.01
13.5085
14.4825
12.1847
10.6899
14.2864
17.011
14.1138
11.7057
12.5049
13.1219
12.5224
11.8974
11.0982
10.5642
11.8629
12.9129
12.2136
11.7469
12.9457
13.8796
12.8805
11.8815
10.8825
10.466
14.4621
17.8396
16.441
14.9973
13.1991
11.7106
12.7097
13.3935
11.4953
9.85336
10.3529
10.9362
12.2349
13.2766
12.0778
11.1008
12.0999
12.8516
11.3531
10.3974
14.4934
18.0765
16.7778
15.3488
12.6515
10.4914
13.6883
16.4307
14.5325
12.7216
11.8224
11.0937
12.1926
13.2999
14.4987
15.283
11.3868
8.03795
11.035
13.7536
13.1542
12.4869
10.9884
9.79095
12.3884
14.6213
12.1237
9.86953
10.8685
12.0838
16.2797
19.8588
14.6639
9.8
9.8
9.81851
10.1182
10.4657
11.5646
12.5075
10.9091
9.43349
10.0329
10.6323
11.2317
11.7948
11.6949
11.55
10.551
9.65279
10.7517
11.823
12.3225
12.7647
11.9655
11.2042
11.3041
11.3036
8.90596
6.75664
10.8526
14.6441
10.3483
6.23772
7.33664
8.37737
7.67805
7.06378
9.16173
11.2312
12.3302
13.31
9.91337
6.6098
7.00941
7.3752
6.27628
5.25352
7.85097
10.3832
9.48412
8.63167
10.5298
12.3823
11.1835
9.98852
9.0894
8.18273
6.58429
5.0053
5.60471
6.19931
6.09941
5.99901
5.79921
5.59733
4.69821
3.80231
6.10006
8.39781
