-118.176
-65.6278
-13.0793
-7.71317
-2.41836
-1.80267
-1.20325
-1.59744
-1.99705
-2.99164
-3.99066
-4.49484
-4.99435
-4.11105
-3.21193
-3.98861
-4.78783
-1.65181
1.54506
-2.52378
-6.71967
-4.44825
-2.0506
-1.02206
-.0230427
-1.75676
-3.555
-2.43117
-1.23235
-2.65809
-4.15663
-5.26712
-6.36604
-3.49556
-.498494
-1.9459
-3.54434
-4.94992
-6.34855
-4.37922
-2.28128
-.567462
1.13087
-2.63343
-6.62952
-4.60028
-2.30253
-2.2
-2.2
-4.39072
-6.68846
-4.70884
-2.51099
-1.45143
-.452409
-1.15729
-1.95651
-2
-2
-3.69685
-5.49509
-4.84741
-4.04819
-2.21632
-.318177
-2.63574
-5.23319
-2.96935
-.371896
-.666454
-1.16596
-2.59642
-4.09496
-4.2
-4.2
-4.01459
-3.81479
-3.05994
-2.26072
-3.67699
-5.27542
-4.66307
-3.86385
-.674709
2.72196
2.08275
1.08373
-.372931
-1.87146
-4.64866
-7.54582
-6.61522
-5.31649
-1.92611
1.67037
-.0871506
-2.3849
-1.78505
-.885932
-.709646
-.609744
-1.77206
-3.07078
-3.37992
-3.57973
-2.7921
-1.89298
-.993862
-.0947423
-.17875
-.378555
-1.20261
-2.10173
-1.75508
-1.25557
-.933637
-.633931
-1.04296
-1.54247
-2.30717
-3.10639
-3.9938
-4.89292
-5.96805
-7.06698
-3.51202
.683866
.061028
-1.2377
-2.79868
-4.39711
-3.90223
-3.10301
-2.12974
-1.13072
-.392189
.307125
-1.41932
-3.51726
-3.71356
-3.61366
-3.16879
-2.66928
-1.22325
.375185
-.172661
-1.07178
-1.28565
-1.38556
-2.2546
-3.25362
-3.22947
-3.02967
-2.06425
-.965328
-.884872
-.984774
-1.25403
-1.55374
-3.71202
-6.20957
-4.74573
-2.54788
-1.69546
-1.09605
-2.2584
-3.75693
-4.66958
-5.4688
-4.51447
-3.21575
-2.66677
-2.26717
-2.2
-2.2
-1.70251
-1.1031
-1.41359
-1.9131
-2.16505
-2.36485
-2.89396
-3.49338
-2.20377
-.50543
-.609679
-1.10919
-.873041
-.473432
-2.76478
-5.66194
-4.08494
-1.48749
-2.94766
-5.34531
-3.61417
-.91681
-2.17674
-4.37459
-5.12226
-5.52187
-4.95704
-4.15783
-2.87757
-1.47894
-2.55962
-4.25796
-3.32349
-1.72505
-.842896
-.143581
-1.11147
-2.5101
-3.35436
-4.05368
-2.77802
-.979781
-1.23043
-2.02964
-1.96418
-1.66447
-2.85459
-4.45302
-3.78319
-2.48447
-1.18574
.112988
1.48954
2.88817
.405372
-3.1911
-2.68364
-.985308
-1.60408
-2.90281
-2.73775
-2.13834
-1.38524
-.58602
-.629949
-.929655
-2.52908
-4.52712
-4.23742
-3.2384
-3.38031
-3.87982
-2.93787
-1.53924
-1.65402
-2.25344
-2.62642
-2.92613
-2.69888
-2.29927
-2.57542
-3.07493
-2.82556
-2.32605
-2.27469
-2.37459
-3.36845
-4.66718
-4.3313
-3.43218
-1.86612
-.0678806
.326091
.226189
-.242278
-.841691
-1.4411
-2.04052
-3.59311
-5.49125
-3.29435
.402027
.378981
-1.01965
-1.25453
-1.05473
-2.5233
-4.62125
-3.53612
-1.23837
-1.6822
-3.18073
-3.24024
-2.74073
-2.09771
-1.3984
-1.48624
-1.88585
-1.57182
-.972406
-.586497
-.28679
-.838749
-1.73787
-2.2831
-2.68271
-1.88245
-.583726
-.833464
-1.73258
-1.64905
-1.14954
-2.32987
-4.22801
-1.65911
2.83648
2.59916
.301412
-1.30228
-2.601
-.992907
1.90425
2.52394
2.12433
2.13764
2.33744
-.344912
-4.341
-3.13663
.459848
1.39531
1.0956
-.360709
-2.35875
-1.37185
1.0258
1.12356
.124539
1.21641
3.31435
2.65495
.656911
.268226
.667834
1.46861
2.46763
2.20001
1.30089
.401777
-.497342
-.866274
-.966176
-.405301
.493818
1.32705
2.12627
1.54608
.247353
-.396471
-.696178
1.09354
3.9907
3.89332
2.19498
1.01587
.116753
1.09414
3.09219
3.60646
3.30676
2.17095
.572515
-.641199
-1.64022
-1.04114
.457393
-.0196538
-1.61809
-1.8188
-1.21939
.076725
1.77506
1.89487
1.09565
1.30356
2.10278
1.20776
-.69038
-2.08809
-3.18701
-1.79162
1.10554
1.26757
-.230964
.563259
2.7611
2.61167
1.01324
1.01575
2.01477
2.82965
3.52897
2.63752
.739378
.548887
1.448
2.34712
3.24624
5.17549
7.77295
4.75319
-1.94025
-3.39591
-1.39787
-.479983
-.280179
-.379439
-.679145
.0346379
1.43327
2.35653
2.95594
2.01549
.0174479
-.977089
-1.27679
-1.69417
-2.19368
-2.16545
-1.76584
-.022057
2.6753
3.74175
3.64185
3.07754
2.17842
-.0513611
-3.24823
-2.29363
1.70245
4.31941
5.91785
6.14186
5.34264
5.57072
6.56974
4.89558
1.1992
.790287
2.88823
3.0657
1.76697
1.93175
3.23048
2.9586
1.46007
1.13538
1.73479
1.44298
.443964
.166517
.466223
1.26372
2.46254
2.83466
2.53495
3.33361
5.03195
4.76027
2.86213
3.90844
7.40501
9.16299
9.4627
8.03008
5.13292
4.17757
4.87689
4.55507
3.35625
3.17483
3.87415
4.09329
3.89349
3.95947
4.25917
2.70526
-.491606
.479945
5.17534
6.92688
6.02776
4.91915
3.62042
2.73911
2.2396
1.37622
.177394
.48036
2.1787
2.69046
2.09104
2.15976
2.85907
3.2
3.2
2.84298
2.14366
2.61291
4.21134
4.49389
3.49487
3.15125
3.45095
4.25285
5.55158
4.84935
2.152
2.44433
5.7411
6.60588
5.00745
4.89211
6.29074
6.11366
4.31543
3.44904
3.54895
3.45345
3.15374
4.26499
6.86244
8.15154
8.05164
6.69693
3.99957
2.4558
2.15609
3.72333
7.31981
9.05697
8.75727
7.55547
5.35762
4.24728
4.34718
4.82378
5.7229
5.87176
5.17244
5.40704
6.70577
7.3535
7.2536
7.84826
9.24689
8.20177
4.30559
2.70504
3.80396
5.40577
7.60361
8.75448
8.65458
7.51219
5.11454
3.70974
3.50994
4.16387
5.86221
7.33685
8.53568
9.37817
9.77778
10
10
9.11699
7.11895
5.95604
5.85614
6.41262
7.81125
7.90299
6.30455
6.22398
8.12212
9.02731
8.6277
8.87273
9.97166
10.2577
9.45854
8.74449
8.14508
8.13911
8.93832
8.47176
6.27391
5.37797
6.27709
7.34341
8.64214
8.81752
7.41889
7.34537
9.14361
9.49936
7.80103
6.8
6.8
6.63671
6.2371
6.20313
6.70264
7.28301
7.98233
8.4
8.4
8.88047
10.0793
9.84376
7.4461
5.44493
4.0463
3.94958
5.84773
6.56818
5.46926
4.87812
5.07792
6.05502
8.25287
9.32932
8.63
7.73832
6.5395
5.41723
4.4182
4.10465
4.90387
5.17268
4.57327
4.72766
6.12629
6.73754
6.03823
5.6373
5.7372
6.13392
7.03304
6.41898
3.22211
2.37475
5.57162
7.1253
5.82657
4.56417
3.36534
4.15332
8.44911
11.1281
10.9283
9.7995
7.00224
5.51983
6.41894
6.92932
6.72951
7.09203
8.49066
9.05051
8.05149
6.91345
5.51482
5.67128
8.76825
10.0784
7.98046
5.81418
3.51643
2.91719
5.61455
8.04171
9.93985
9.99117
6.39469
4.56751
6.26584
7.66549
8.46471
8.37316
6.47502
5.65914
7.05776
7.7066
6.80748
6.32961
6.72922
6.6135
5.41468
5.72043
9.21701
10.9637
8.96562
7.94783
9.04675
9.0458
6.64815
5.37475
6.57357
8.08274
10.2806
11.6766
11.277
11.1532
11.6527
10.7213
6.52537
4.65876
8.15534
10.1191
8.52069
7.60901
8.30832
9.18562
10.4843
10.516
7.51892
5.72198
6.82091
7.13479
5.53635
4.5444
5.04391
5.5721
6.17152
6.20116
4.80253
4.76195
8.15862
10.5438
10.344
9.53037
7.13272
5.59394
6.29325
6.99257
7.69188
8.36388
8.96329
9.12882
8.1298
7.83075
9.42919
10.7603
11.3598
11.4551
10.1564
9.54235
10.8411
11.4863
10.2875
9.91886
11.9169
13.297
12.8974
12.2934
11.0945
10.2
10.2
10.6277
12.326
12.9759
10.4783
8.47616
7.97664
8.18975
10.5874
12.4975
12.8971
13.732
15.9298
16.8804
13.8834
11.2194
9.62093
8.14047
7.04154
6.52757
7.9262
9.51045
11.7083
13.0089
11.3105
10.0684
10.3681
10.1251
8.02714
6.69145
7.99018
9.35557
10.954
12.0458
11.3465
9.99222
6.29584
3.72454
5.22307
6.27136
5.67194
5.92232
9.31899
10.9896
6.19435
2.81706
4.8151
6.19343
5.1944
4.76831
6.56654
8.30398
9.80252
10.6588
8.96047
7.85836
9.15709
9.70804
7.21049
5.33638
6.03569
6.67715
7.07675
7.07545
5.37711
4.71802
8.5143
11.4691
10.7698
10.5516
12.4497
13.6155
11.5176
9.70944
9.20993
9.30166
12.0989
14.081
12.2828
10.1165
6.22035
3.22528
4.524
5.89126
7.5896
9.20325
10.4021
11.0986
9.30041
7.76691
7.5671
7.15475
5.65621
4.65847
6.2569
7.18507
4.58762
2.71526
4.7133
6.57124
7.67016
8.24646
5.94871
4.48561
7.68248
10.3401
9.94047
9.00864
5.01256
2.18353
6.17961
9.54243
9.14282
8.89937
9.59869
10.004
8.60536
7.1377
5.23956
3.98106
6.77832
8.95856
7.16032
5.20347
2.2064
.133899
4.22989
7.62043
6.2218
5.22735
7.02558
8.33887
6.24093
4.44895
4.84856
5.30839
6.20751
7.11847
8.11749
8.88348
7.88446
7.21766
9.1158
10.7662
10.4665
9.80169
6.20521
3.26084
5.65849
7.96009
9.45862
10.7581
10.3585
9.93831
9.3389
8.86051
9.45992
9.74287
7.14542
4.89694
5.89596
6.88548
7.7846
8.51628
7.61716
6.73625
6.03694
5.47128
6.2705
7.12201
8.52064
9.77444
9.47474
9.14174
8.44242
7.80813
7.90803
7.96827
7.56866
7.1149
6.01598
5.17342
7.47117
9.39436
6.5971
4.20731
7.10447
9.55665
6.06008
3.0365
6.53307
9.77375
9.37414
9.06365
10.0627
10.8581
8.56035
6.35818
5.65887
5.10401
6.90224
8.63349
9.23291
9.69227
7.69422
5.71695
4.11851
2.60999
2.80979
3.05279
4.15171
5.3289
8.12616
10.6898
8.19225
5.88003
7.77817
9.39919
4.40408
-.258645
3.43773
7
7
7.03086
7.92998
8.77413
7.97492
7.2
7.2
7.22273
8.02195
8.77354
7.77452
6.80245
6.90235
7.02705
8.22587
9.32795
5.83138
2.43725
4.43529
6.36833
4.47019
2.62795
4.52609
6.40765
7.00706
7.58381
6.08527
4.60618
5.3055
6.00069
6.10059
6.19705
5.59763
4.99644
3.79762
2.59738
-.000071525
-2.59753
