17.4007
18.9991
20.5976
16.3107
12.0149
13.5929
15.1913
15.4981
15.7978
15.0067
14.2075
15.9814
17.7797
21.0595
24.3563
21.3441
18.2471
18.2984
18.3983
17.9091
17.4096
17.4
17.4
21.8007
26.2963
17.2258
7.835
7.98961
8.38922
15.7877
23.3802
16.2272
8.63464
11.2076
14.1048
18.258
22.4539
17.3931
11.9984
13.917
16.1148
11.4944
6.59924
9.17924
12.0764
15.7387
19.4351
16.4503
13.1536
15.0002
17.0982
13.3979
9.4018
14.7966
20.6908
16.3616
11.4664
14.8841
18.7803
19.9427
20.9417
21.1881
21.3879
19.9918
18.4933
18.1189
17.8192
13.6866
9.2909
14.2243
19.8188
13.0317
5.33922
12.3248
20.4169
19.9803
18.8813
14.8222
10.5264
10.9385
11.7377
10.4182
8.91972
15.0506
21.8439
21.391
20.2921
13.976
7.1827
11.806
17.5004
16.1772
14.1792
11.6355
9.03807
16.6949
25.3863
15.4246
3.53621
8.00195
14.1959
9.93145
4.53674
6.8788
10.0757
15.6065
21.4008
21.2834
20.4842
16.7356
12.6396
11.7541
11.2546
12.9797
14.9777
11.3821
7.08633
7.57451
8.67343
14.369
20.6628
24.6634
28.3598
21.9356
14.1433
10.4779
7.38095
10.5921
14.6881
15.2
15.2
18.6016
22.4978
23.3481
23.7477
20.5873
16.8909
16.9198
17.5192
19.1559
20.9541
22.6661
24.3645
18.8348
12.1414
13.9472
17.1441
14.0881
9.99214
12.4765
16.073
18.9874
21.7846
22.2851
22.385
15.4405
7.2485
9.55641
13.7523
16.2586
18.4564
24.1942
30.588
27.5637
22.7684
22.2517
22.5514
21.0097
19.1116
18.967
19.1668
22.6988
26.8947
28.7635
30.1622
25.6739
19.9794
23.1359
28.131
27.7621
26.2636
23.8595
21.262
22.032
23.5305
23.0626
22.1634
23.7165
25.8145
24.0798
21.4824
20.1865
19.1875
21.11
23.7074
27.1954
30.8918
28.7734
25.2768
23.3109
21.7125
25.8203
31.3149
30.3956
27.8981
30.3592
34.0555
33.5235
31.925
36.1364
41.8308
43.1588
43.3586
41.6577
39.4599
36.867
34.1697
35.0184
36.8167
39.1652
41.6627
42.0432
41.8434
43.599
45.8967
47.1802
48.1792
44.1197
38.625
41.4367
46.6316
49.3486
51.3467
53.1903
54.9885
51.2398
45.845
42.5252
39.8278
38.2035
36.9048
43.0221
51.4139
53.5525
53.7523
52.8112
51.5125
51.5035
51.9031
47.7624
42.1679
50.6872
63.7744
63.236
58.2409
56.099
54.9002
53.1022
51.1042
53.1395
56.5362
57.1765
56.8768
60.1435
64.6391
63.2804
59.8838
65.3561
73.9477
73.3989
69.6026
69.6292
71.0279
67.5873
62.3924
66.4844
73.9771
79.6465
84.6416
83.0179
78.9219
81.2818
86.0771
85.2297
82.2326
88.2539
97.7446
100.688
101.087
102.348
103.946
102.038
98.7418
102.01
107.905
112.091
115.587
121.071
127.365
131.96
135.856
134.741
131.544
133.908
138.603
144.281
150.375
155.35
159.845
166.086
173.079
170.119
162.826
164.625
170.42
176.768
183.361
184.641
183.542
190.219
200.409
206.139
209.835
215.174
221.268
223.541
224.041
230.459
239.65
246.399
251.993
252.582
250.784
252.898
256.894
266.337
278.426
276.298
267.207
267.543
272.538
279.333
287.026
292.325
296.421
294.751
290.156
289.261
290.26
294.421
300.215
298.587
293.093
295.522
302.116
301.527
297.131
296.511
297.91
297.102
295.104
295.823
298.021
298.026
296.827
297.172
298.371
299.313
300.112
298.61
295.813
295.373
296.273
294.757
291.86
293.143
296.84
298.579
299.178
297.637
294.84
295.808
299.005
298.699
296.301
297.832
301.728
301.708
299.31
303.233
311.026
319.374
328.065
326.782
319.289
312.533
306.239
312.549
326.835
334.108
336.905
336.906
335.107
330.037
322.844
323.684
329.778
328.287
321.793
322.68
328.475
323.981
312.592
309.788
312.785
313.049
311.451
309.971
308.572
307.528
306.728
304.164
300.368
303.374
311.166
312.588
309.491
306.569
303.772
304.574
307.97
307.317
303.721
304.564
308.66
307.124
301.43
300.89
304.187
307.027
309.524
306.732
299.939
302.725
312.815
316.127
314.229
310.529
305.434
307.295
314.588
315.285
310.789
308.633
308.333
311.974
318.768
317.209
308.917
304.594
303.495
307.943
316.934
312.08
295.796
293.744
303.534
301.643
289.955
285.358
286.756
289.557
293.554
293.465
289.869
287.504
286.205
291.202
301.692
303.357
297.263
295.194
296.693
297.083
296.484
293.414
288.119
287.8
291.995
289.565
281.073
277.26
277.759
280.9
286.494
287.91
285.413
284.405
284.805
283.618
280.92
282.15
287.145
292.14
297.135
296.26
289.666
288.013
291.21
292.247
291.149
290.6
290.6
291.048
291.947
292.995
294.194
293.762
291.664
290.748
291.047
287.178
278.986
280.857
293.245
301.303
304.799
303.741
297.847
293.642
291.244
290
290
292.633
298.127
303.193
307.788
307.446
301.652
297.229
294.332
294.542
298.239
298.981
296.383
294.346
292.948
290.2
285.905
284.294
285.793
287.061
288.06
285.019
277.226
273.366
274.165
271.049
263.257
259.272
259.871
260.561
261.36
259.913
255.717
254.697
257.594
258.754
257.755
256.357
254.459
252.738
251.239
251.587
254.284
254.487
251.49
251.586
255.682
256.309
252.412
249.164
246.766
249.826
260.116
265.444
264.145
265.231
269.527
272.424
273.423
275.814
280.11
283.356
285.154
289.711
298.103
304.456
307.953
311.159
313.957
316.589
318.987
324.42
334.21
343.429
351.821
359.928
367.621
372.159
372.06
375.219
383.211
390.442
396.536
402.79
409.283
414.548
417.945
420.749
422.648
428.903
441.89
451.909
457.304
459.589
456.992
460.891
475.077
480.26
471.069
470.108
482.396
494.113
504.902
512.774
515.871
521.87
532.66
541.65
547.644
553.899
560.592
567.323
574.116
583.198
596.185
608.291
618.881
626.257
628.055
636.609
656.989
671.084
674.081
681.82
698.004
708.186
707.586
710.398
719.389
730.607
745.892
755.976
756.475
762.532
778.915
793.875
806.163
814.96
817.158
819.425
821.822
828.559
843.644
853.328
852.529
857.032
871.918
881.531
880.732
878.164
872.07
873.708
890.891
903.588
907.184
909.764
910.263
907.731
898.94
897.536
911.523
920.678
919.679
917.527
912.932
909.927
910.327
908.608
902.314
899.477
904.172
907.369
907.269
906.734
905.236
901.825
894.133
887.084
881.489
874.22
863.131
851.377
838.09
831.565
840.756
843.557
831.369
822.563
821.763
819.609
814.214
809.756
807.558
804.139
797.745
800.189
824.365
840.711
837.614
834.916
833.217
834.518
843.409
850.081
851.08
852.944
857.04
865.375
884.756
901.056
909.248
915.309
915.709
921.071
939.753
954.558
958.853
962.24
963.14
965.684
972.777
980.37
989.361
996.889
1000.28
1006.41
1020.29
1028
1017.91
1015.1
1033.48
1046.41
1043.32
1043.11
1051.5
1057.22
1054.93
1051.51
1044.72
1039.21
1037.61
1035.18
1030.19
1026.21
1025.41
1023.12
1016.13
1009.97
1006.47
1005.26
1011.46
1012.41
996.225
983.684
983.184
983.904
988.7
991.693
988.596
983.034
969.047
959.298
964.194
968.267
969.465
967.889
956.5
949.958
960.747
967.837
961.543
957.2
959.997
960.458
952.266
944.453
938.059
933.021
933.121
932.704
930.306
929.157
932.853
933.935
924.744
918.905
926.398
929.081
912.397
899.63
902.826
905.692
907.191
907.841
904.943
902.409
901.41
899.806
895.61
893.322
899.316
901.572
887.386
875.159
871.663
868.202
864.905
863.347
869.74
873.476
864.884
855.977
845.587
836.185
831.49
825.938
816.247
805.592
790.207
778.907
787.898
793.497
782.008
771.206
763.913
757.655
756.755
756.239
757.738
757.502
748.012
739.253
734.457
730.507
731.207
730.222
719.832
710.685
708.587
706.09
701.295
696.412
691.017
685.939
682.742
679.02
672.127
666.83
671.326
675.145
674.745
672.631
659.643
648.024
645.227
642.641
641.442
640.322
639.722
638.751
635.254
632.086
631.187
630.338
629.838
629.424
629.624
631.089
641.778
651.034
649.635
647.468
639.476
632.114
629.616
627.839
631.735
635.997
643.189
648.513
638.523
629.088
624.292
620.408
624.305
628.304
633.199
637.257
633.86
630.919
632.117
633.103
632.104
632.273
643.562
653.446
649.65
645.945
643.148
639.851
631.46
624.288
629.882
634.915
633.916
632.259
623.368
615.517
619.413
621.874
607.687
595.203
602.996
609.695
603.001
596.433
591.438
586.121
576.63
567.772
567.372
567.27
571.266
574.081
560.095
546.796
543.599
540.754
543.252
544.955
534.165
523.457
514.066
505.044
502.246
499.826
504.022
508.005
508.105
508.035
504.738
501.154
491.863
482.834
479.238
475.319
464.43
453.958
452.959
451.667
443.375
435.052
425.961
417.113
414.715
412.201
406.407
400.57
393.477
386.475
382.379
378.056
365.968
354.25
356.148
357.77
348.379
339.333
345.227
350.761
339.172
327.724
323.628
319.613
320.412
321.022
308.934
297.002
297.202
297.277
285.888
274.62
276.918
279.143
270.851
262.534
249.147
235.779
228.586
221.385
206.599
191.814
