-21.9768
29.4728
80.9224
87.4838
93.9775
90.7146
87.4179
88.5923
89.7911
93.0724
96.3692
89.7691
83.0757
89.0251
95.1191
94.2142
93.2152
89.9534
86.6566
87.1891
87.7885
87.8
87.8
87.4088
87.0092
89.3423
91.74
90.7286
89.6296
89.6
89.6
89.406
89.2062
89.7809
90.3803
86.1487
81.7531
85.4569
89.453
89.2151
88.8155
88.992
89.1919
89.6792
90.1787
88.4785
86.6802
88.1271
89.7255
87.514
85.1164
84.0495
83.0504
87.5531
92.3484
89.0975
85.4011
88.4118
91.8085
85.4954
78.6021
82.6215
87.3169
88.0694
88.5689
88.881
89.1807
89.7609
90.3603
87.2281
83.8314
86.6721
89.9689
88.5278
86.7296
86.2292
85.8296
88.9452
92.3419
90.0153
87.218
85.8025
84.5037
89.6394
95.3339
93.782
91.5842
91.583
91.7828
90.5213
89.1227
88.8177
88.6179
88.1453
87.6458
88.9612
90.4597
92.0488
93.6472
92.4447
90.9461
88.1854
85.2882
87.2491
89.7466
90.7181
91.5173
91.2417
90.8421
91.6044
92.5035
97.3265
102.621
101.954
100.555
102.531
104.928
105.731
106.331
107.372
108.471
108.159
107.659
109.8
112.298
115.673
119.17
121.089
122.788
121.951
120.752
124.263
128.459
132.307
136.103
139.899
143.696
148.965
154.459
155.113
155.014
156.811
158.909
164.535
170.729
173.231
175.129
181.567
188.76
191.338
193.136
200.136
208.028
215.58
223.073
230.82
238.612
245.558
252.351
255.85
258.747
256.503
253.306
259.275
266.967
281.539
297.423
298.41
296.511
305.552
316.741
325.764
334.356
342.698
350.99
362.35
374.338
382.769
390.462
399.557
408.948
419.656
430.645
443.441
456.628
471.7
487.185
504.141
521.424
541.724
562.704
574.165
583.456
609.951
640.422
656.158
668.446
683.802
699.887
727.733
758.403
779.429
798.111
816.632
835.114
849.757
863.443
886.943
912.918
934.436
954.816
970.353
984.639
995.044
1004.43
1023.62
1045.4
1065.6
1085.38
1110.27
1136.55
1151.22
1162.71
1190.15
1222.02
1249.05
1274.72
1290.13
1302.61
1338.16
1380.32
1403.5
1421.19
1442.19
1464.17
1487.61
1511.49
1530.68
1548.46
1577.89
1610.86
1636.57
1660.04
1682.22
1704
1714.22
1720.81
1726.5
1731.89
1746.06
1763.05
1771.35
1776.84
1793.48
1813.76
1831.34
1848.02
1862.08
1875.27
1884.95
1893.44
1916.9
1945.48
1984.67
2027.53
2056.31
2080.19
2110.64
2143.41
2177.87
2212.94
2260.13
2311.68
2365.73
2420.67
2443.44
2454.43
2488.69
2531.54
2577.02
2623.47
2686.69
2756.22
2796.38
2825.35
2870.7
2922.35
2974.43
3026.68
3076.2
3124.65
3170.74
3215.9
3259.91
3303.47
3361.9
3426.34
3487.23
3546.67
3593.02
3633.98
3673.24
3711.81
3743.89
3773.26
3793.37
3809.55
3855.76
3914.81
3941.67
3954.66
3997.78
4054.03
4107.29
4159.24
4197.83
4230.5
4271.86
4317.12
4372.35
4432.09
4489.23
4545.17
4588.05
4624.91
4674.54
4730.08
4790.93
4854.27
4920.87
4989
5043.27
5090.92
5151.93
5219.36
5289.62
5361.25
5419.13
5470.28
5501.51
5522.89
5558.4
5600.96
5630.49
5653.46
5695.06
5746.11
5753.88
5739.5
5763.52
5807.38
5831.6
5845.58
5853.8
5859
5856.03
5848.74
5883.5
5940.74
5929.32
5880.87
5867.55
5873.35
5862.82
5843.34
5837.11
5838.21
5835.84
5831.55
5823.73
5813.94
5836.97
5878.63
5899.58
5908.67
5921.82
5937.3
5963.08
5994.85
6030.9
6069.46
6105.82
6140.89
6188.47
6243.51
6279.6
6304.28
6350.34
6409.38
6466.38
6522.12
6590.28
6666.11
6769.03
6888.81
6981.71
7057.73
7134.86
7212.68
7294.05
7377.66
7458.97
7538.79
7581.53
7600.21
7646.26
7710.19
7763.59
7810.05
7840.54
7860.42
7851.65
7823.68
7809.78
7805.38
7825.35
7861.91
7880.17
7885.87
7914.7
7959.56
7979.53
7982.13
8013.46
8065.01
8094.64
8108.73
8146.23
8200.47
8214.9
8200.61
8212.48
8243.35
8251.56
8243.16
8242.87
8248.57
8272.42
8309.78
8337.27
8357.35
8371.74
8381.83
8405.92
8440.69
8502.85
8586.07
8635.18
8657.85
8652.71
8625.84
8631.27
8662.14
8674.46
8672.06
8676.66
8686.85
8713.19
8752.55
8754.05
8724.78
8749.71
8819.04
8843.89
8832
8827.14
8828.14
8832.46
8839.55
8880.69
8950.63
8996.01
9020.49
9041.58
9059.76
9073.39
9083.08
9109.9
9151.66
9177.74
9190.03
9232.45
9301.58
9329.34
9320.15
9341.82
9391.27
9420.82
9432.31
9448.29
9468.37
9469.32
9452.63
9434.45
9414.87
9414.99
9433.58
9450.41
9465.6
9486.82
9513.8
9533.43
9546.01
9580.5
9636.14
9677.67
9705.44
9750.91
9813.75
9860.62
9891.69
9922.61
9953.38
9990.97
10035.4
10092.3
10161.9
10216.4
10255.5
10313.2
10389.8
10467.4
10546.2
10638.4
10744.7
10833
10902.3
10988.3
11092
11196
11300.3
11401.4
11499.1
11590
11673.5
11756.3
11838.4
11922.7
12009.6
12073.3
12111.2
12172.4
12259.8
12334.8
12395.9
12442.3
12471.9
12518.2
12583.5
12616.6
12612.3
12620.6
12643.6
12655.1
12653.1
12638.8
12609.9
12595.9
12599.6
12612.1
12635.3
12641.9
12628.3
12640.5
12684.4
12684.2
12629.6
12599.6
12600.1
12604.1
12612.4
12621.1
12630.2
12630.6
12619.7
12626.6
12656.4
12677.4
12687.1
12716
12770
12818.6
12860.4
12895.8
12922.8
12967.8
13036.9
13090.3
13122.3
13168.3
13233.3
13255.7
13219.9
13191.8
13174.1
13155.6
13136.2
13094.1
13020.5
12949.3
12881.4
12823.3
12779.1
12703.3
12582.2
12469.3
12368.2
12259.7
12140.5
12030.4
11933.6
11817.3
11672
11553.4
11474.4
11365.1
11210
11062.4
10926.3
10799.1
10685.5
10579.2
10484
10377.3
10252.7
10139
10042.4
9936.41
9815.53
9719.77
9664.12
9617.63
9585.86
9557.97
9536.39
9515.95
9497.37
9471.44
9433.38
9417.44
9438.31
9462.77
9493.25
9520.26
9541.44
9551.92
9544.13
9550.29
9580.46
9607.3
9628.38
9637.3
9624.91
9625.05
9647.33
9663.18
9667.58
9674.22
9684.91
9706.26
9746.92
9785.78
9821.35
9859.93
9904.09
9932.34
9931.05
9948.69
10001.8
10035.4
10031.9
10047.6
10099.9
10138.1
10149.1
10157
10158.7
10161.1
10164.9
10173.8
10192.9
10203
10195.3
10198.6
10223.9
10229.9
10196.8
10169.5
10154.2
10132.7
10098.6
10071.8
10060.1
10035.7
9984.43
9945.79
9933.9
9927.2
9931.59
9926.03
9898.96
9868.3
9829.84
9801.93
9797.24
9778.33
9727.88
9664.44
9571.93
9485.64
9413.42
9337.17
9251.75
9174.59
9116.45
9053.02
8977.29
8915.36
8885.79
8846.82
8785.58
8734.09
8705.92
8689.22
8700.21
8690.47
8630.23
8601.93
8652.18
8697.01
8728.38
8755.98
8774.17
8801.03
8849.89
8916.19
9027.08
9121.65
9174.1
9233.22
9309.75
9389.79
9479.1
9565.47
9643.99
9721.21
9794.94
9873.94
9967.25
10071
10203.2
10322
10403.6
10480.6
10545
10605.9
10657
10708.9
10763.2
10824.7
10906.5
10966
10960.7
10961.5
10980.2
10992.9
10987.7
10986.4
10996.8
10994.3
10953
10916.7
10895.9
10871.8
10837.4
10801.3
10759.8
10715.9
10664.8
10620.7
10599.3
10569.5
10512.2
10462.4
10437.1
10406.8
10360.5
10310.7
10249.4
10195.2
10164.8
10136.4
10115.3
10094.2
10073.1
10052.5
10034.4
10016
9996.79
9979.88
9971.09
9949.7
9882.77
9825.63
9804.35
9787.75
9788.45
9788.51
9786.22
9778.08
9747.81
9720.87
9706.68
9688.93
9657.36
9628.92
9612.73
9591.29
9548.93
9522.47
9560.03
9581.54
9537.58
9497.66
9474.38
9454.38
9448.09
9434.69
9391.24
9344.87
9286.03
9238.39
9239.39
9229.13
9169.39
9118.35
9106.06
9080.17
8992.85
8916.61
8891.04
8854.16
8764.84
8687.85
8668.77
8634.72
8529.32
8434.77
8392.61
8341.97
8249.76
8163.26
8105.11
8041.91
7953.19
7865.3
7781.58
7708.59
7691.21
7670.57
7632.8
7586.4
7493.89
7407.74
7355.99
7307.83
7279.46
7248.75
7204.99
7161.97
7123.11
7082.59
7032.54
6984.53
6948.47
6913.01
6881.14
6849.78
6821.51
6790.55
6743.1
6701.09
6693.1
6683.12
6660.55
6633.34
6576.3
6522.73
6491.96
6463.56
6450.97
6433.32
6381.27
6333.4
6314.42
6298.21
6301.51
6303.19
6293.3
6285.68
6294.67
6299.84
6276.56
6258.17
6276.75
6291.51
6276.83
6266.15
6287.03
6305.1
6300.61
6297.4
6304.8
6312.09
6318.59
6321.66
6295.59
6272.26
6272.86
6273.73
6277.03
6277.2
6248.93
6226.72
6260.99
6292.15
6293.75
6295.46
6298.26
6301.09
6304.29
6304.87
6278.8
6252.68
6226.11
6200.13
6180.55
6160.93
6140.95
6119.84
6085.87
6050.06
5992.92
5938.97
5923.08
5904.58
5854.03
5805.47
5782
5754.46
5674.24
5598.8
5587.31
5573.5
5527.75
5482.53
5444.86
5407.2
5369.54
5331.87
5294.21
5257.23
5230.95
5203.13
5149.98
5099.8
5099.9
5097.1
5043.35
4988.29
4909.17
4832.12
4794.45
4756.32
4708.97
4660.99
4600.05
4538.86
4472.22
4406.9
4371.33
4335.27
4287.21
4237.43
4144.12
4052.96
4018.69
3984.45
3950.98
3916
3835.78
3756.33
3701.28
3646.09
3586.15
3526.03
3459.09
3392.76
3350.3
3307.67
3257.62
3207.87
3172.61
3137.47
3109.2
3080.31
3014.77
2949.77
2920.5
2891.09
2851.23
2811.01
2738.28
2665.64
2602.5
2539.33
2471.7
2403.97
2316.05
2228.03
2104.75
1981.52
1902.6
1823.67
