47.0215
94.7747
142.528
149.084
155.577
154.206
152.807
151.806
150.807
153.279
155.777
155.998
156.198
154.224
152.226
155.157
158.154
159.282
160.381
155.687
150.892
152.172
153.57
153.6
153.6
152.819
152.02
154.922
157.919
158.486
158.985
153.567
147.973
153.899
160.193
156.922
153.325
157.057
161.053
155.234
149.04
153.601
158.597
159.471
160.17
156.183
151.987
152.659
153.558
156.838
160.235
156.027
151.432
156.132
161.327
159.044
156.347
156.389
156.589
154.337
151.94
152.835
153.934
153.249
152.45
152.587
152.787
156.072
159.568
159.333
158.834
157.403
155.905
155.521
155.221
157.517
160.015
159.737
159.238
156.615
153.818
154.705
155.904
157.838
159.836
159.266
158.467
155.837
153.04
155.905
159.302
159.6
159.6
159.691
159.791
159.255
158.656
159.868
161.266
164.11
167.108
167.4
167.4
165.421
163.223
169.104
175.897
176.689
176.789
175.727
174.529
177.967
181.963
185.959
189.955
195.905
202.099
200.585
198.088
200.363
203.261
207.657
212.253
224.152
237.04
242.024
245.921
251.219
256.713
265.53
274.821
279.053
282.549
292.834
304.123
311.418
318.111
326.191
334.482
346.837
359.824
369.534
378.725
391.186
404.173
420.509
437.392
442.969
446.665
465.146
486.126
497.897
508.087
529.421
552.698
566.469
578.558
602.839
629.313
645.058
658.845
682.83
708.704
735.756
763.03
784.262
804.343
823.419
842.3
863.186
884.465
908.743
933.619
954.089
973.67
1007.1
1043.36
1062.83
1078.82
1114.2
1153.66
1201.84
1251.9
1284.62
1313.59
1360.83
1412.08
1458.84
1504.59
1551.16
1597.92
1658.82
1722.96
1784.99
1846.53
1896.41
1943.56
2005.66
2071.29
2141.04
2211.77
2282.58
2353.41
2423.52
2493.45
2553.71
2611.55
2675.3
2740.53
2805.53
2870.47
2928.1
2983.84
3027.08
3067.04
3128.57
3195.8
3248.45
3297.21
3368.76
3446.48
3515.11
3581.24
3650.9
3721.53
3783.81
3843.75
3913.5
3986.03
4075.4
4169.61
4246.47
4318.3
4398.09
4480.21
4560.09
4639.32
4714.31
4788.04
4875.64
4967.45
5031.35
5086.7
5146.55
5207.79
5248.72
5283.28
5322.32
5362.79
5399.84
5435.81
5468.6
5500.37
5526.79
5551.47
5582.83
5616.39
5672.5
5736.14
5783.35
5825
5891.69
5966.92
6039.03
6110.06
6202.21
6301.71
6394.63
6485.25
6600.33
6724.11
6863.25
7007.91
7123.68
7228.98
7348.24
7472.62
7592.62
7711
7847.94
7991.8
8148.64
8310.38
8443.91
8566.69
8717.46
8879
9024.57
9163.93
9339.89
9530.21
9717.23
9902.95
10064.2
10215.6
10351.4
10480.7
10641.3
10814.7
10945.5
11058.9
11182.3
11309.9
11419.5
11521.5
11625.5
11730.4
11821.6
11906.9
12018.4
12141.3
12265.3
12389.8
12523.3
12660.8
12782.7
12897.6
13030.2
13170.5
13307.3
13442.5
13594.6
13754.4
13931.2
14115.7
14254.2
14371.2
14558.2
14777.9
14977
15166.4
15350.6
15532.4
15702.4
15866.8
16022.1
16172.8
16326.9
16482.5
16620.4
16749.6
16876.7
17002.8
17077
17125.2
17205
17300.9
17371.8
17430
17502
17581.1
17594.3
17573.1
17595.7
17641.4
17622.1
17568.3
17561.9
17580.8
17576.4
17559.4
17518
17463.3
17433.7
17417.8
17415.2
17419.9
17420.8
17419.5
17425.8
17436.4
17460.9
17493.4
17537
17586.9
17665.9
17761.6
17803.6
17814.4
17869.4
17950.5
18032
18113.8
18231.9
18371.7
18492.8
18602.8
18780.9
19000.3
19172.4
19315.7
19537.7
19808.2
20065.7
20315.2
20579.6
20853.3
21172.4
21520.1
21779.2
21981.6
22181.9
22381.1
22573.8
22762.4
22900.1
23004.5
23072.7
23116.9
23126.3
23112.5
23137.1
23187.5
23242.7
23301.1
23311.1
23288.1
23309.9
23362.3
23419.9
23480.9
23589.5
23731.2
23823.7
23881.4
23949.7
24025.4
24089.5
24145.4
24236.7
24353.4
24419
24447.4
24460.7
24463
24495.9
24551.3
24604.4
24655.6
24730.2
24822.2
24917.6
25015.6
25119.4
25227.7
25326.4
25417.6
25483.7
25530.3
25595.8
25675.9
25719.2
25733.6
25739
25737.3
25765.6
25817.9
25887.8
25971.9
26046.3
26112.8
26109.5
26048.8
26070.7
26160.9
26261.6
26371.2
26415.4
26404.7
26462.4
26578
26636.6
26646.7
26699
26787.5
26871.5
26951.7
27017.2
27070.1
27123.8
27178.4
27245.7
27324.4
27368.1
27380.5
27444.9
27556.1
27567.4
27487.9
27456.2
27468.1
27443.2
27384.3
27358
27361.9
27371.6
27386.7
27377.9
27346.6
27369.9
27445.2
27513.4
27574.9
27675.5
27813.8
27886.4
27895.2
27966.9
28100.4
28235.9
28373.4
28530.7
28707.8
28848.1
28951.3
29049.9
29143.9
29289
29486.3
29718.6
29986.7
30257.6
30531.5
30799.6
31061.7
31334.5
31618.5
31897.6
32171.4
32468.5
32790.4
33015.9
33137.6
33341.8
33635.7
33925.9
34212
34441.9
34609.5
34806.9
35037.5
35205.2
35302.3
35410.7
35531.9
35638
35727
35758.1
35722.8
35711.5
35728.1
35741.5
35751.2
35741
35707.4
35652.4
35572
35526.7
35523.4
35532.1
35555.3
35541.6
35483.3
35485.5
35561.7
35576.7
35516.1
35500
35538.9
35532
35467.7
35464.5
35538.7
35580.5
35581.2
35599.3
35639.6
35685.5
35738.4
35832
35978.4
36100.1
36189.2
36288
36399.7
36482.3
36525.9
36639.9
36848.5
36983.8
37019.5
37027.7
36998.3
36983.5
36988.9
36938.5
36810.8
36670.3
36512.2
36312.9
36055.6
35812.2
35588.7
35358.2
35117.5
34841.1
34513.1
34196.4
33896.5
33586
33259.9
32922.2
32567.1
32208.1
31843
31472.5
31093.5
30712.9
30329.8
29979.4
29679
29335.1
28924.1
28566.5
28291.9
28017.2
27742
27495.3
27293.5
27081.3
26852.6
26620.4
26382.4
26216.5
26167.4
26099.1
25999.2
25933
25922.3
25926.2
25954.3
25991.6
26044
26085.9
26109.9
26153.2
26229.6
26284.9
26303.5
26313.1
26306.8
26324.3
26383.4
26432.2
26462.5
26487.7
26503.5
26525.8
26560.1
26603.5
26663.3
26725.5
26792.1
26862
26938.2
27020.9
27115.4
27204.3
27282.8
27328
27310
27315
27363.8
27417.1
27478.8
27545.2
27620.5
27673.7
27683.5
27691.9
27697.7
27712.6
27745.4
27736.5
27643.6
27584.5
27593.7
27585.2
27540.3
27477.7
27378.9
27295.8
27245.1
27192.8
27136.9
27070.1
26980
26899.6
26840
26785.8
26743.3
26683.9
26587.5
26481.5
26354.4
26218.7
26063.8
25923.6
25816.2
25681.5
25485.1
25282.2
25064.3
24854.9
24665.1
24475.8
24287.6
24095.2
23893.2
23719.4
23612.2
23492.2
23341.9
23243.4
23270.1
23282.9
23261.9
23260.5
23307.3
23353.9
23400.3
23454
23526.1
23614.3
23743.2
23888.4
24075.5
24268.8
24478.1
24674.7
24837.9
25035.9
25325.4
25586.1
25770.2
25976.9
26243.9
26500.7
26729.8
26952.4
27157.4
27360.7
27559.1
27758.2
27959.4
28144.8
28285.3
28422.7
28550.8
28665.8
28742.6
28809.2
28846
28882.8
28919.9
28936.4
28892.1
28865.7
28893.1
28893.7
28812.7
28744.5
28715.9
28655.5
28497.1
28349.1
28233.8
28127.3
28048.4
27951.7
27797.8
27661.6
27582.8
27495.4
27380
27264.4
27148.3
27036.9
26940.9
26828.4
26660.4
26530
26528.3
26489.4
26322.1
26187.7
26168.2
26127.6
26012.3
25927.6
25952.3
25944
25816.6
25718.5
25727.6
25716.1
25628.4
25549.4
25502.8
25451.8
25383.6
25331.1
25338.6
25326.3
25237.1
25160.2
25131.4
25095.4
25030.8
24959.9
24863.9
24784.3
24771.8
24747.8
24676.2
24591.9
24454.6
24339.7
24319.6
24292.4
24235.2
24158.9
23998.9
23852.3
23764
23666
23524.1
23398.1
23343.6
23269.3
23104.6
22939.1
22769.5
22598.2
22419.2
22232.3
22007.8
21797
21652.3
21502.3
21326.1
21137.5
20887.3
20658
20533.4
20401.1
20229.1
20065
19941.3
19813.8
19666.3
19519.1
19374.4
19237.3
19142
19038.2
18887.3
18738
18597.1
18462
18359.2
18261.2
18191.2
18112.3
17981.5
17855.5
17758
17656.8
17532.9
17418.8
17365
17301.8
17180.4
17058.9
16936
16821.5
16760.9
16702.4
16656.8
16608
16537.5
16466.6
16393.5
16330.1
16334.4
16330.6
16269.9
16219
16238.9
16250.5
16201.6
16160.2
16173.5
16187.5
16207.3
16219.7
16175.5
16145.9
16231.6
16305.9
16288.8
16273
16267.6
16262.8
16262.9
16254.7
16176
16114.1
16198.4
16271.7
16246.7
16225.4
16238.1
16250.7
16262.6
16273.1
16270
16268
16276.8
16284.3
16278.5
16275.3
16298.9
16315
16253.8
16190.4
16104
16017.2
15925.7
15837
15780.3
15721.9
15643.2
15558.4
15400.6
15250.2
15189
15122.5
14988.5
14854.8
14727
14601.6
14509.1
14416.3
14318
14217.7
14088.1
13962.3
13891.1
13816.2
13682.8
13550.9
13442.4
13338.7
13313.5
13283.5
13173.7
13064.2
12960.1
12854.8
12728.2
12601.8
12478.5
12354.9
12224.6
12095.4
11991.7
11886.5
11748.9
11609.2
11424.8
11242.8
11117.7
10992
10850.8
10709.7
10568.7
10428.4
10306.1
10181.2
9978.23
9778.31
9676.61
9573.41
9419.06
9265.98
9159.38
9051.28
8883.24
8716.1
8587.83
8459.85
8345.76
8231.84
8126.54
8021.12
7908.73
7796.8
7715.08
7632.9
7515.72
7398.23
7252.87
7107.87
7002.57
6896.58
6690.58
6484.59
6279.19
6073.67
5827.31
5580.91
5294.19
5007.47
