322.486632
337.936955
345.144043
365.440541
388.366542
404.089797
432.651678
446.071827
477.213305
519.371889
548.950639
580.883945
621.114250
662.201672
704.702722
751.538751
803.980329
852.521500
891.968699
946.606173
979.617591
1023.722180
1073.590471
1136.320977
1169.996271
1203.604511
1241.278609
1291.980733
1337.898496
1369.499341
1428.482726
1509.103220
1550.522105
1592.734746
1649.580169
1715.786917
1791.638493
1840.456974
1874.936441
1924.560000
2003.176271
2055.731729
2077.988571
2111.823534
2141.034117
2159.468493
2177.535526
2199.461864
2242.210526
2296.857213
2334.440226
2396.239981
2448.313616
2509.047030
2638.750565
2705.258214
2788.290245
2916.202556
3010.351880
3101.610829
3233.415639
3368.422542
3478.029041
3582.746090
3701.137368
3835.395198
3984.386034
4130.520639
4254.802448
4407.171786
4515.524463
4672.258722
4759.886497
4788.516297
4906.920526
5065.113008
5178.297274
5271.033032
5407.716767
5545.066711
5658.052881
5804.452368
5951.015150
6094.165620
6259.695461
6397.718271
6548.425865
6759.421560
6927.485639
7104.704774
7241.199530
7367.946780
7469.127218
7589.737100
7705.255733
7813.085940
7912.082768
7947.801711
7956.367500
8015.005789
8024.574011
8034.618929
8058.820977
8050.854962
8034.435714
7934.812241
7946.300000
8017.827669
8043.812368
8060.432373
8091.597669
8114.672876
8150.918816
8234.479474
8326.035038
8408.961053
8554.811055
8681.551692
8752.775085
8877.461635
9092.420301
9273.651525
9495.068910
9656.980940
9902.124774
10086.460452
10173.625376
10204.921805
10263.405263
10344.475000
10390.560829
10392.956015
10348.375330
10404.683459
10389.285876
10438.360150
10512.343421
10574.706780
10678.405639
10721.400940
10758.146241
10764.487382
10792.794737
10819.891729
10874.951412
10937.092105
10979.388136
11026.415226
11065.293220
11205.087970
11303.654887
11230.711090
11253.844361
11302.152542
11348.862406
11312.651128
11337.027068
11447.612994
11432.770113
11393.257895
11435.843691
11501.967105
11571.928249
11633.157143
11619.358271
11644.531015
11733.357143
11727.779699
11801.016541
11856.154049
11956.510526
12022.343609
12071.355639
11901.152731
11878.183459
11983.029887
11982.722034
11945.605263
12014.416384
12094.389662
12143.115789
12289.138346
12373.338158
12421.016353
12501.033835
12584.903390
12710.404887
12830.836466
12985.795113
13139.648872
13302.725564
13510.521805
13707.678947
13893.984211
14093.976271
14271.648872
14438.720301
14645.936654
14808.556309
14921.941353
14991.135338
15102.873258
15179.420677
15222.203390
15261.956767
15234.194737
15185.275141
15129.884211
15127.856579
15084.331579
14997.624482
14988.157331
15043.060150
15030.618797
14962.578195
14960.061090
14983.057519
14983.181544
15039.162406
15058.477401
15118.521053
15271.734398
15359.648023
15517.322556
15619.155263
15770.175000
15815.319586
15801.024812
15853.925000
15859.234023
15814.965414
15806.718644
15680.940977
15530.596610
15427.955639
15254.148776
15124.066165
14966.243609
14803.453107
14631.771429
14359.400000
14183.500000
14012.963842
13773.110714
13600.022932
13488.626365
13374.876880
13374.350471
13359.297744
13311.222222
13376.370865
13427.156391
13578.073308
13720.697368
13871.890960
13966.357143
14109.866541
14221.411842
14332.531638
14456.619925
14572.316165
14698.723729
14838.436842
14994.165160
15210.490789
15398.984557
15530.810526
15573.820301
15735.209398
15906.242857
16003.981921
16079.705075
16164.435405
16235.694737
16271.657250
16293.987406
16323.580451
16318.306015
16260.834211
16168.690960
16052.766917
16024.862970
16039.538910
15988.230075
15925.142857
15858.537970
15764.696610
15589.678571
15451.165602
15296.439474
15046.100000
14798.255639
14575.136278
14395.505838
14241.061654
14104.333333
14050.283083
14029.037594
14023.568362
14051.256767
14232.239850
14320.368045
14486.383804
14711.287970
14929.414286
15144.778947
15317.236842
15590.582519
15909.450752
16181.974011
16463.860338
16747.685499
16977.381203
17225.858271
17466.571186
17570.681203
17668.801504
17753.424624
17735.586441
17707.966917
17692.183835
17756.518421
17633.444737
17499.656121
17409.734774
17325.254049
17212.968421
17042.367232
16876.308459
16760.376316
16615.090395
16492.153195
16329.540602
16277.641353
16164.734840
16099.546053
16039.875940
16009.123684
15921.728947
15768.020716
15716.056391
15691.675518
15650.199060
15620.238230
15584.752256
15531.439474
15443.181356
15312.404511
15245.875330
15210.678571
15167.598870
15099.816917
15033.143879
14907.589474
14755.484211
14633.608475
14511.607707
14333.962147
14192.889474
14024.405650
13819.341165
13637.899248
13413.867669
13190.015602
12957.590395
12782.961278
12520.646893
12387.210714
12171.359887
12032.031579
11885.322368
11711.801507
11614.281579
11520.510169
11415.300000
11267.140678
11129.615789
11032.939850
10909.208647
10786.025564
10691.903013
10627.545489
10531.498496
10420.360150
10332.897740
10284.578947
10161.468421
10100.496987
10085.881579
10061.072693
10023.292481
10057.012241
10070.698496
10072.819549
10090.942857
10035.528008
10046.722222
10047.012782
10014.768233
10086.031827
10022.159398
10038.042105
10052.451316
10093.157627
10121.162406
10176.071617
10147.339850
10072.686842
10003.135714
9931.643496
9867.540151
9801.995714
9700.541751
9576.094492
9431.844286
9286.196215
9160.453064
9035.788026
8932.167895
8808.220734
8727.144436
8579.983271
8470.026917
8378.058064
8268.834143
8132.807444
7990.680621
7863.979398
7733.355480
7593.118459
7451.175395
7277.725254
7032.615038
6922.685263
6781.851184
6593.219435
6398.337895
6235.887312
6057.507143
5848.876692
5660.810452
5506.895921
5353.833051
5194.923759
5048.420979
4916.679211
4797.379624
4664.322655
4561.610827
4410.802825
