-30.9893
-7.41246
16.1644
11.9107
7.6149
6.704
5.80488
.931366
-3.96384
-7.17325
-10.3701
-3.86809
2.72545
1.02209
-.776144
.382921
1.58175
-1.25305
-4.15021
-4.39637
-4.59617
-.190476
4.30512
3.42206
2.42304
1.22882
.0300002
-4.6753
-9.4706
-5.32292
-.927229
.752168
2.3506
-4.08659
-10.78
-8.68114
-6.28349
-7.64635
-9.14488
-5.15845
-.962559
2.56111
6.05768
3.42076
.523598
-1.32152
-3.11976
-2.05467
-.855843
-.514255
-.214548
-2.76642
-5.46378
-7.78171
-10.0794
-6.69753
-3.00116
-3.27233
-3.77184
-6.15674
-8.65429
-6.6363
-4.33855
-1.57141
1.22584
-.00523515
-1.50377
.0827575
1.88099
3.49265
5.09108
1.75548
-1.94089
-1.17811
-.0791855
.55622
1.15563
.552446
-.146869
-.384624
-.584428
-6.40331
-12.6971
-7.22518
-.731542
-.842072
-1.54139
-2.14917
-2.74858
-2.06934
-1.27012
-.0152166
1.28351
4.49201
7.88868
.0328909
-8.9583
-7.17405
-4.27689
-2.64469
-1.14616
-6.49966
-12.5937
-10.861
-8.26352
-6.6535
-5.15497
-4.01472
-2.9158
.953759
5.14965
2.38954
-1.20693
2.49325
7.08874
3.9597
-.13629
4.53834
10.3327
5.87301
.0786904
1.69321
4.29067
1.43183
-2.16465
-4.35618
-6.35422
-6.16193
-5.66242
-3.85165
-1.85361
2.49942
7.19482
5.88543
3.68758
2.87902
2.27961
1.76683
1.26732
-1.65247
-4.94924
-1.34659
3.34881
-.388397
-5.4834
-3.79617
-.998907
-3.25532
-6.35228
-3.03977
1.35592
-.898972
-4.29564
-4.45973
-4.06012
.0738716
4.86917
1.53552
-3.25977
-3.07071
-1.97179
-6.18282
-11.3777
-8.3319
-3.7364
-.483197
2.51387
4.59025
6.48839
7.96903
9.36765
10.4331
11.4321
6.61338
.619253
-.482915
-.582817
-5.39769
-11.192
-7.66123
-2.16662
2.66938
7.36478
.726039
-8.36505
-7.13225
-3.63568
.514815
4.8106
2.17515
-2.02074
-1.82382
-.624995
5.52414
12.817
4.48519
-7.50307
-6.81184
-3.11546
.983739
5.17963
.615247
-6.07819
-1.70767
5.38538
2.32124
-3.27328
-5.99564
-7.99368
-5.85324
-2.65637
1.81075
6.60605
5.69932
3.30167
1.06202
-1.13582
1.23691
4.83339
.411908
-6.18163
-3.67942
1.31569
1.77427
.975056
2.28238
4.18052
2.26527
-.731793
.851228
3.74839
5.79379
7.59203
3.75196
-1.74265
.235731
4.43162
6.32214
7.52097
8.64315
9.74207
6.10085
1.00584
3.46039
8.25569
2.9347
-5.55698
-6.0068
-3.90886
-7.10787
-12.0031
-7.31295
.479414
-2.56843
-9.16197
-5.16874
2.32392
.680279
-4.01512
-3.78085
-1.88271
2.17581
6.97111
6.04529
3.14813
3.14104
4.14007
3.51309
2.31427
1.41029
.611079
-2.24662
-5.8431
-5.55353
-3.8552
-1.42561
1.27175
.614332
-1.28381
1.4003
5.79599
6.057
4.75827
3.02549
1.12735
1.46576
2.66459
5.44633
8.843
3.98783
-4.10424
1.32842
12.1178
10.4186
3.72519
2.15584
2.65535
3.79361
5.19224
1.35342
-4.64071
-6.7529
-7.25241
-3.81038
1.28463
1.81735
.418724
1.39986
3.39791
.0215453
-5.67287
-3.85031
1.24469
5.29861
8.89509
8.26975
5.77219
.652096
-5.64174
-2.85152
4.04173
3.52371
-.372471
-1.80528
-2.10499
-1.44946
-.350533
4.01409
9.90831
9.83265
6.93549
3.76775
.470981
.748962
2.747
1.58419
-1.11317
-3.00585
-4.50438
-1.45638
3.83843
5.53333
5.43343
7.46054
10.5575
5.70166
-3.18962
-.0547765
9.23612
9.63296
5.43707
-.0725395
-6.26647
-3.94666
2.84669
2.65351
-1.24267
-2.27451
-1.77499
-.691358
.707271
1.65295
2.35226
6.34166
12.136
10.7913
5.49646
3.9206
4.42011
5.49494
6.89357
1.98309
-6.50859
-5.59745
.696385
.213181
-4.18251
-1.82212
4.47172
5.72993
4.03159
2.08226
-.0156831
-1.23787
-1.93719
2.91335
11.1053
10.5946
4.80027
1.73247
.333841
1.28249
3.68014
.22819
-6.86486
-4.26003
4.43146
3.45599
-3.63706
-5.54617
-4.14755
-.925166
3.47053
2.83676
-1.05942
1.20521
7.49904
8.31428
5.51702
6.56031
10.1568
6.87479
-1.01748
-1.63647
2.65932
2.7362
-.061054
1.64282
6.43812
6.62911
3.63204
1.16449
-.933456
.897353
5.49285
6.23115
4.23311
4.44844
6.24668
8.10296
10.0011
7.9651
3.0699
.769363
.369754
1.17688
2.87521
3.25639
2.65698
4.68287
8.67896
7.27181
1.7772
2.34738
7.54229
7.14522
2.44982
2.14495
5.24192
3.12223
-3.0717
-3.45232
.743573
2.6
2.6
2.43348
2.13378
.396013
-2.50115
-2.80794
-1.00971
-.694265
-1.59338
-1.12444
.473995
.654732
-.344289
-.582676
-.183067
-.10827
-.308075
3.21394
9.90738
8.37804
-.213539
-1.5226
3.4725
4.41284
1.81539
1.98206
4.57952
5.21743
4.11851
3.4417
3.142
3.89367
5.59201
5.19541
2.89767
-2.21766
-9.91013
-11.5727
-7.67653
-3.10713
2.08778
7.28269
12.4776
11.5052
4.71184
3.60154
7.89733
11.071
13.169
13.1838
11.1858
8.37799
4.78152
1.84044
-.457304
-1.90132
-2.50073
-.398852
4.39645
5.15567
1.8589
1.7386
4.83557
7.28986
9.0881
9.31063
7.912
7.54331
8.24263
7.03682
3.83996
4.43806
9.03356
10.3824
8.28444
5.8004
2.90324
1.83259
2.73171
4.01379
5.71213
5.88488
4.38635
4.97688
7.87405
10.0147
11.3134
10.5874
7.59032
7.82877
11.7249
12.9128
11.0146
7.861
3.26551
4.78215
13.3737
14.3574
6.46517
3.80694
7.30351
11.943
17.9371
16.7845
7.09395
2.7065
4.70455
6.52207
8.1205
8.95507
8.85516
12.2448
19.9373
21.5275
15.5333
10.2044
5.70882
2.58189
1.18326
4.53175
13.9225
14.2115
2.82263
-.899079
5.29485
8.06275
6.36442
7.64493
12.8398
14.5537
11.6565
10.0428
10.1427
9.17797
6.78032
5.10328
4.40396
2.56544
-.831227
-.868137
3.72736
6.3164
6.11659
7.5394
11.2358
11.3709
6.47572
5.33098
9.52687
12.3692
13.2683
13.7183
13.5185
12.75
11.1515
7.69329
1.49936
.214101
6.20823
7.23749
.843752
1.30309
12.0925
15.6661
8.27331
4.39178
5.89031
6.09339
4.29515
4.05933
6.25717
6.82271
4.82466
3.67734
3.87714
4.50015
5.79888
5.37513
2.17826
2.78954
9.58288
12.133
7.73734
7.37446
13.6683
16.1002
12.1041
10.8681
14.2648
15.324
12.4269
9.89877
8.00063
7.97475
11.1716
13.3095
13.6092
13.0736
11.0756
9.36651
8.16769
7.1485
6.44919
5.8928
5.5931
4.33391
1.33684
1.06101
5.75641
8.51884
7.71962
8.24847
11.2455
11.0453
4.85137
3.70283
12.0946
16.5348
13.4378
10.375
7.37796
6.58895
10.0855
12.4
12.4
11.9299
10.5313
8.93234
6.9343
7.49166
13.1861
15.6473
11.5514
8.83279
8.9327
8.9022
8.60249
9.33971
12.2369
13.2982
10.5009
9.33628
11.634
12.7864
11.4876
9.93596
7.83802
6.24287
5.74336
6.49302
9.9896
12.7414
13.8403
13.7365
10.9393
8.78551
8.08619
7.29554
6.29652
7.32427
13.0187
14.7158
7.12329
3.74082
10.2345
13.9694
11.1722
10.8207
16.3153
16.7752
5.08669
-.873944
7.11822
12.1646
9.96679
8.68684
9.68586
9.57384
6.67667
5.64683
9.3432
11.5785
10.08
8.86049
8.36098
8.38787
9.7865
9.56207
5.06648
2.91986
7.01585
10.1356
10.6351
11.1077
11.5073
11.4525
10.1538
9.57143
10.97
11.368
8.97031
7.01703
6.31771
6.37075
8.5686
9.99402
9.1948
8.67665
8.97636
9.65641
11.4546
12.7497
12.5499
11.1518
6.15667
2.99445
5.3921
6.73312
4.83497
3.98505
6.3827
8.00655
7.20733
6.12029
4.12225
4.05117
10.1452
14.8708
15.1705
15.9147
18.1126
18.199
11.3058
7.35739
13.2516
16.7279
12.0325
9.48552
14.2808
17.1481
13.3518
10.1778
9.17874
8.97272
11.5702
13.7746
14.5739
13.8802
7.78616
4.2221
9.91652
14.4425
14.6423
13.8107
9.1153
6.12986
9.62643
12.7512
14.4495
15.1043
11.7076
9.38505
11.2832
12.3183
9.92067
8.51673
11.1142
13.5739
15.472
16.3181
12.8215
10.1157
10.7151
11.5627
13.4609
14.0741
9.17893
6.19107
11.4859
15.0783
11.1822
7.65215
5.75401
5.19617
10.6908
14.5013
10.6051
8.55184
15.0455
19.1733
12.1801
6.2787
5.57938
5.4112
7.80885
9.54594
8.0474
6.41494
4.11719
2.15036
1.85065
2.51561
8.11013
12.1215
7.92563
4.2085
3.00967
2.07881
2.57832
3.1401
4.03922
4.9076
5.60691
6.68561
9.88248
12.2255
9.72795
7.73305
8.63217
9.42917
9.62898
8.73496
1.34221
-4.41794
-.321952
2.40195
-3.29247
-7.3717
-1.37757
3.66391
2.66488
2.64505
8.93888
13.9109
10.2146
7.10417
7.90339
8.74109
9.84001
10.7116
10.0123
8.67879
2.88447
-1.30656
5.98629
12.2796
11.2805
9.45222
1.46005
-4.97082
.423895
5.15418
4.75457
4.59142
6.28975
7.67829
6.57937
5.73042
6.92924
7.39166
1.69724
-2.60376
4.9888
11.7486
11.2491
10.679
9.48015
8.38022
8.18042
7.38929
1.09546
-4.26757
-.770998
2.42791
2.72761
3.37336
7.46935
10.5495
3.25667
-3.27799
-1.87936
-.344428
2.65263
5.74125
9.83724
13.3724
10.5752
8.07138
8.9705
9.5215
5.92503
2.31347
-1.48281
-4.85311
-2.85507
-.814136
1.78332
4.3182
6.01653
7.60676
7.70666
7.32103
.028172
-6.50719
-1.91169
2.49871
4.09715
5.8509
10.0468
14
14
13.9944
13.8945
13.5899
9.69374
6.00519
6.10509
6.25494
7.35387
8.28962
5.99187
3.90128
6.09912
8.10303
5.90518
3.68628
.98892
-1.49558
1.10187
3.59236
3.39255
3.20725
3.40705
3.63429
4.63331
5.60323
5.70313
5.69066
2.09418
-1.27781
3.01797
7.12592
4.32866
1.747
7.74112
13.4445
6.55122
-.0764964
5.91763
11.6882
5.69411
-.118325
4.77688
9.53674
5.24095
1.06249
5.95769
10.787
9.58822
8.3293
.337132
-7.53808
1.4531
10.3749
5.27989
.19585
-1.20278
-2.59779
-.39994
1.79791
