2.99941
1.70069
.401958
-5.08633
-10.5809
-5.22399
.170719
-1.09168
-2.3904
.178266
2.77572
-3.23707
-9.3311
-4.56014
.335057
2.86442
5.36197
2.05505
-1.34162
-2.67641
-3.97513
-1.35428
1.34307
2.08455
2.78387
-.42073
-3.7175
-.683133
2.51373
1.23911
-.159518
4.55352
9.44872
1.66119
-6.53078
1.02614
9.11821
.239795
-9.2509
-5.84713
-1.95095
-2.18413
-2.58373
-1.92915
-1.22983
-.81744
-.417831
1.22255
2.92089
.904532
-1.29331
.215897
1.91423
4.08685
6.2847
1.28829
-4.10642
-2.79409
-1.09575
2.95932
7.15521
7.58815
7.78795
7.61224
7.41244
4.87058
2.17322
1.25211
.45289
.306709
.206807
1.41023
2.70896
.663318
-1.63443
.517585
3.01514
-.222783
-3.91916
-3.73844
-3.23893
-1.81826
-.319727
-3.50913
-7.10561
-2.63032
2.56458
-.0204494
-3.31722
-2.778
-1.87888
1.3898
4.88638
3.38117
1.38313
4.3761
7.87267
5.39295
2.29599
-1.97558
-6.37127
-2.02161
3.2732
3.8
3.8
-3.02227
-10.6148
-3.51775
5.27363
3.16124
-.235429
-.332462
-.0327554
1.51272
3.21106
2.42333
1.32441
-1.36917
-4.26633
-3.00887
-1.21063
.764011
2.76205
-2.98432
-9.77767
-3.48747
4.6046
2.2707
-1.52558
.972193
4.36886
2.09613
-1.00084
-1.0519
-.652288
-.0790196
.520393
2.50595
4.7038
.591634
-4.50337
-3.47514
-1.4771
.865127
3.26278
5.83213
8.42959
7.00123
4.90329
2.46351
-.0340443
-.229472
-.029668
-.340272
-.739881
-1.47898
-2.27819
-5.02497
-8.12194
-5.47421
-1.77783
-4.31854
-8.01492
-2.71375
4.27939
1.03754
-4.15737
-3.91193
-2.6132
-4.82155
-7.71872
-7.36694
-6.36792
-2.87559
1.1205
-3.67236
-10.2659
-7.34678
-2.45158
-1.68252
-1.78242
.175853
2.5735
1.76803
.269497
0
0
.653919
1.45313
.21375
-1.48458
-.33573
1.46251
3.09844
4.69687
5.89052
6.98945
2.35434
-3.63979
-.207783
5.48664
5.07298
3.17484
4.16295
5.86129
-.838054
-9.62944
-6.69285
-.798631
2.38966
4.88721
2.54194
-1.05454
-2.90873
-4.30736
-5.86398
-7.46242
-3.15061
2.74361
4.31443
4.71404
4.25112
3.5518
.740659
-2.65601
-2.07366
-.375322
3.73557
8.53087
5.17517
-.519248
-.561076
1.03736
-1.22606
-4.62273
-.392321
6.10132
8.13792
8.83723
8.2335
7.23448
1.95404
-4.6395
-4.82735
-3.02912
-.0899432
3.20683
3.84827
3.64846
3.67567
3.77557
2.8943
1.69547
-.55726
-3.15471
-.796662
3.19942
3.37623
2.27731
-.39014
-3.58701
-2.16512
.831947
2.0458
2.64521
4.20799
6.10613
4.9001
2.60235
1.48401
.784694
-1.16441
-3.56206
-3.32014
-2.12132
-1.36125
-.761834
-1.03758
-1.63699
.818428
4.4149
1.26531
-4.4291
-4.40846
-2.21062
-3.04293
-5.04098
-2.57806
1.61783
-1.00303
-6.29784
-3.00552
3.68792
3.245
-.0517708
.35219
2.25033
3.86458
5.36311
1.34109
-4.95274
-2.28284
4.11089
3.88846
.891393
-3.72002
-9.01483
-5.00054
2.99163
1.42154
-4.27287
-2.86792
1.62767
-2.41366
-10.206
-8.79344
-3.29883
.332401
3.12966
-.954936
-8.14789
-7.31197
-2.81638
-1.81056
-2.40997
-.143676
3.4528
8.27391
13.6686
12.2794
7.68388
3.15602
-1.33957
-.102075
3.89401
2.50991
-1.48618
-2.19649
-1.29737
-3.34013
-6.8367
-2.60013
5.49194
2.35071
-6.44068
-5.88751
-.592695
.605301
-.293818
1.11293
3.71038
5.19117
6.09029
5.28666
3.58833
6.33002
11.425
8.70818
1.81494
3.03457
8.62909
8.59407
5.49711
3.94842
3.2491
2.80705
2.50735
2.78472
3.38413
1.04303
-2.95305
-2.29696
.999805
1.05641
-.741824
-.893306
-.0940889
3.29391
8.18911
8.99288
7.39444
8.30599
10.7036
9.91105
7.21369
6.6365
7.33582
9.34054
12.1378
10.2876
5.59218
5.22072
7.51847
4.52079
-1.77304
-3.58621
-2.58719
3.12294
11.8144
12.4556
7.95997
5.40971
4.11098
4.56953
6.16797
6.6792
6.47939
7.48368
9.28192
7.11959
2.32429
3.27101
8.06631
9.52306
8.72385
7.5681
6.16947
4.71162
3.21309
3.1903
4.18932
5.1295
6.02862
5.98953
5.29022
4.94156
4.84165
5.20772
5.90704
7.30296
9.2011
7.80151
4.00523
4.82169
9.01758
6.14546
-1.94661
-1.79214
4.5017
6.97171
6.5721
6.51375
6.71356
6.17651
5.07759
5.61672
7.41496
6.28618
2.88951
1.17563
.776019
2.83589
6.83197
6.65045
3.15387
3.15416
5.95142
8.08496
9.68339
8.25055
4.35437
1.50163
-.496409
.241677
3.23874
5.69053
7.68858
7.67637
5.97804
3.84662
1.34906
4.24546
11.7381
12.0829
6.28854
2.04711
-.850051
1.26789
7.76152
8.24849
3.45319
4.90724
11.9004
12.1924
6.49798
6.37588
11.2711
11.924
8.72719
9.13057
12.8269
12.7286
9.13218
7.65893
8.15844
8.03887
7.33955
5.66375
3.06629
-.299142
-4.39513
-3.28883
2.8052
1.88786
-5.8046
-6.0066
1.08645
5.15457
6.25349
8.30659
11.3036
11.3993
8.60207
7.49897
8.09838
7.80441
6.60559
5.60451
4.80529
6.51735
10.8131
11.97
9.87211
8.11611
6.71748
7.94614
11.9422
12.2555
8.65905
7.33088
8.4298
9.48066
10.4797
11.6223
12.921
12.8372
11.2388
12.1092
15.7057
15.3777
10.6823
9.98931
13.7856
12.7989
6.40521
4.21409
6.81154
10.06
14.0561
15.3202
13.4221
12.4922
12.692
12.3868
11.4877
12.0058
14.2036
13.2605
8.56511
7.85833
11.9543
11.3117
4.91798
4.18589
10.3798
15.1869
18.2838
18.6637
15.6667
10.674
3.18136
2.09054
9.08369
12.033
9.83515
10.2191
13.9155
14.998
12.7003
10.8362
9.53749
9.87929
12.3768
11.4363
5.94171
4.38286
8.07924
9.73157
8.63265
9.1021
11.6995
12.6515
11.3528
10.684
10.8838
10.164
8.16593
8.24816
11.2452
10.9709
6.07572
4.93098
9.12687
11.8871
12.5864
9.77503
1.88277
-.0373923
6.75595
12.7811
17.6763
17.7031
10.5101
7.28106
9.97842
10.0063
6.01018
5.46344
10.1588
13.3551
14.2542
13.7008
10.9036
10.0984
12.3961
13.8777
14.0775
10.7971
2.00576
-.437576
7.25489
12.1148
12.4145
11.9145
10.1163
6.348
-.645147
-1.60791
7.38328
10.8253
5.03102
2.51895
5.51601
7.32579
7.12599
6.18805
3.9902
4.03173
7.92791
10.1809
9.58149
10.2896
13.2866
14.044
10.8472
9.80598
12.6032
14.2928
13.9931
14.5107
16.5088
16.4924
12.796
10.9975
12.6958
13.8
13.8
11.8191
6.12464
3.22938
5.62703
6.71893
5.32031
5.62997
9.22645
9.90149
4.90639
3.69401
9.88794
12.6233
8.52729
6.30074
7.79927
10.8576
17.0515
20.8701
19.8711
17.0683
10.5746
7.24319
10.44
13.2805
15.3784
16.1236
14.0257
11.9597
9.96171
7.86822
5.57047
4.34783
5.44675
6.2
6.2
7.19934
10.3962
10.5518
3.95825
.140104
2.53775
3.89358
2.89456
3.08294
5.9801
8.363
9.56183
10.7005
11.6996
11.1161
6.82028
3.8
3.8
5.12603
9.62162
11.6584
7.76223
6.71547
12.6097
14.4318
6.23987
1.54736
5.54345
7.23198
3.13599
1.44487
5.84057
10.0958
13.9919
15.098
9.00401
6.01297
11.108
15.3227
17.2208
18.3269
17.3278
15.7593
12.6624
10.4808
10.7805
10.3586
7.96092
7.20816
11.0044
12.1936
6.09955
4.2139
14.2041
20.0175
13.9234
9.42575
9.52565
9.90662
11.1054
10.859
6.36339
4.08189
8.37768
10.5016
6.10587
2.99815
3.79736
4.44914
4.64895
6.11636
11.5111
14.9713
12.3738
10.5919
11.3911
12.333
13.7317
14.5169
13.318
12.5872
13.3864
13.9304
13.6307
11.4444
2.95276
-1.36454
8.42587
15.8191
15.0199
12.8755
6.08214
1.73339
5.92927
9.86083
12.8579
13.7809
7.28729
3.00054
6.69691
9.9216
11.4201
13.0036
14.9018
15.4528
10.9572
6.87867
4.38112
3.16432
6.8607
9.8
9.8
9.13123
5.83446
4.22357
9.31857
13.5789
14.478
14.3341
9.93846
7.15982
11.056
13.7371
11.3395
9.80091
11.8988
12.8631
8.9669
6.00569
7.10462
8.24055
9.53927
10.0874
7.29012
5.65204
9.24851
12.1104
11.6109
10.7038
7.90656
6.45872
11.3539
14.3429
8.2489
4.38219
11.2754
16.6782
14.78
14.0371
19.0322
22.141
15.7473
10.5144
11.2138
11.5577
10.0591
9.03938
10.5379
11.5793
10.1807
9.43588
12.2331
14.0005
10.1043
6.51166
4.61352
3.25465
4.95299
6.42957
6.62937
6.552
4.85366
3.22729
2.02846
1.8234
7.61772
11.8999
6.90485
3.75962
12.1514
18.6243
12.9298
7.35615
2.56085
-.806937
5.18719
10.2828
9.38368
8.20239
5.10542
3.05678
8.25169
11.3451
-.343397
-8.83761
5.54829
17.1763
8.68466
2.33734
11.9279
19.2931
9.80241
1.76658
4.96345
7.43968
4.24281
2.45109
11.9418
19.6935
13.1999
7.38933
7.28942
7.49335
10.2906
12.7486
12.2491
11.6588
10.2602
8.92088
8.12167
7.56479
9.26313
10.3346
5.4394
1.0093
1.1092
1.0543
-.544136
-1.6614
2.13488
5.65229
6.2517
6.71481
5.71579
5.06634
8.26321
11.5088
15.3051
18.1734
10.2811
2.9149
1.81598
1.33535
8.4284
14.8017
12.1043
9.54281
8.74359
7.84008
5.54233
3.69055
7.98634
11.79
8.59317
5.84189
9.63817
12.9902
9.59356
6.5135
8.41164
9.77819
2.48534
-3.81385
6.67587
15.9967
4.80766
-5.42107
1.87178
8.73506
7.43634
5.88325
-.710292
-6.80205
-2.50626
1.63085
2.33017
3.02106
3.52057
3.86747
.570696
-2.3937
3.00101
8.00789
2.71308
-2.40343
-2.50333
-2.67759
-5.07524
-7.27851
-3.28242
.716502
4.81249
8.74708
6.74904
4.8245
5.82352
6.72561
3.42884
.286452
4.48234
8.5553
6.15765
3.79166
3.29215
2.83089
4.92884
7.0153
8.21413
9.40863
10.2078
10.9638
6.86778
2.82201
6.01888
9.17785
4.68226
.209188
3.30615
6.39668
3.09991
-.19686
