.000495985
1.09942
2.19834
-2.48832
-7.18372
-3.01866
1.17722
-.787197
-2.78524
-2.10585
-1.40654
-1.20206
-1.00226
-.111047
.788071
.307116
-.192395
.882191
1.98111
3.57096
5.1694
.300528
-4.69458
-.692667
3.50322
3.99039
4.39
1.08833
-2.30834
.613395
3.71036
3.12092
2.42161
-3.02163
-8.61614
-7.54395
-6.24523
-5.81431
-5.4147
-5.59245
-5.79226
-3.39921
-.901656
.445866
1.74459
.939239
.0401201
1.52711
3.12554
1.67602
.0775896
-.855475
-1.75459
-1.61029
-1.41048
.20924
1.90758
-3.95132
-10.2451
-2.58708
5.9046
-.0910975
-6.98434
-6.83673
-6.23732
-6.01263
-5.81283
-4.58467
-3.28595
-.214696
2.98217
.59334
-2.20392
-4.07218
-5.87042
.303833
7.09718
2.14205
-3.75218
-3.09226
-1.89343
-1.61577
-1.41596
-.848478
-.249066
-2.12621
-4.22416
-1.92872
.768634
2.18733
3.48606
3.87341
4.17312
-3.2572
-11.4492
-12.2
-12.2
-7.40086
-2.10604
-2.23248
-2.93179
-5.07364
-7.37139
-.492959
7.39931
4.51956
.423576
1.79142
3.78946
1.40812
-1.48904
-.0164115
1.98163
3.8017
5.59994
4.2906
2.59227
.982526
-.615907
-2.65632
-4.75427
-.854574
3.84082
1.93587
-.861393
.117134
1.61567
2.23806
2.73758
-4.63048
-13.1222
-6.87338
1.5184
.946508
-.951632
-4.32588
-7.92236
.436701
10.6267
4.56628
-4.0253
-6.14867
-7.24759
-3.87207
.223913
2.77458
5.07233
1.11723
-3.87788
.185741
5.78026
3.18944
-.80664
-.804523
-.105208
-1.61257
-3.51071
-3.29194
-2.69253
-2.34656
-2.04685
1.20283
4.99911
2.82505
-.471714
-2.76176
-4.85971
-4.86521
-4.4656
-4.3165
-4.2166
-2.53388
-.535836
-1.69599
-3.49422
-6.95075
-10.747
-8.09125
-4.09516
-1.91459
-.116348
1.59956
3.2979
2.61442
1.4156
1.60968
2.10919
-3.03135
-9.42509
-3.83184
4.46004
3.88494
1.28749
2.26074
4.05898
-1.18602
-8.07926
-6.41184
-2.71546
-.388696
1.60935
.312242
-1.7857
.0448622
2.84212
.280862
-3.61532
-3.76174
-2.96253
.463039
4.55902
2.30377
-1.59241
.530207
4.22658
3.49902
1.60088
-1.79452
-5.5908
-3.09849
1.0974
2.31365
2.71325
.297091
-2.89978
-2.8198
-1.82078
-.354811
1.24362
-1.117
-4.61357
-4.54824
-3.44932
-.496705
2.99987
2.64438
1.14585
2.10637
3.80471
1.36396
-2.33242
1.00496
6.49958
8.02877
8.32848
5.20538
1.00949
3.26226
7.55805
3.37872
-3.51453
-4.52072
-3.62161
-2.49665
-1.29782
-2.65183
-4.84968
2.4632
12.9529
5.06844
-9.01775
-6.7893
1.00306
1.58829
-.309847
.0892545
1.28808
-.617263
-3.61433
-.345785
5.14883
5.42372
3.82529
.833749
-2.66282
-3.16125
-2.56183
-2.98344
-3.78266
-1.16337
2.73281
2.42177
.523631
3.47244
8.26774
6.56983
2.37395
2.27926
3.7778
-2.18621
-11.0775
-8.01836
-.225998
-1.78227
-7.07709
-4.6146
.97992
2.03222
1.23301
-2.11416
-6.50985
-3.91807
1.57655
2.285
.98627
5.16228
11.6559
8.98045
2.38691
-3.78785
-9.78197
-8.11992
-3.12481
1.73148
6.52678
7.16948
5.97065
5.04788
4.24867
-.129114
-6.12324
-4.70611
.0891949
3.17382
5.47157
2.99313
-1.70227
-1.63518
.662563
.857282
.0580654
-1.95874
-4.5562
-4.52317
-3.22445
.159103
4.55479
7.27407
9.17221
7.66045
4.46359
.200079
-4.59522
-3.07595
1.61945
-.842681
-6.93671
-7.94276
-6.34432
-2.9012
1.4945
2.47451
1.67529
1.72745
2.22696
1.87764
1.07843
.344308
-.355007
2.19083
6.48662
6.51173
4.21398
-.341665
-6.13599
-5.30579
-.8102
-.931237
-3.62859
-5.94241
-8.04035
-3.89292
3.79954
4.88462
2.18726
.249948
-1.24858
-.0951928
2.60216
4.35534
5.55417
1.92128
-4.57235
-2.05826
5.83401
3.68665
-4.50532
-3.06216
4.23069
4.45938
.363393
1.70322
6.39861
10.2935
13.6902
11.5628
5.96826
4.47301
5.57194
4.65827
2.46043
3.11979
5.61734
6.47881
6.279
4.388
1.39093
3.21022
8.20532
8.21972
4.92295
4.37757
5.67629
4.1134
.61683
-1.45363
-2.55256
-3.53303
-4.43215
-1.49434
4.10018
6.34116
6.24126
2.79899
-2.99533
-2.01034
3.78398
5.44279
4.14407
-.695759
-8.08851
-6.62945
1.26281
3.3315
1.13365
2.15376
5.55043
6.88546
6.68566
7.62729
9.42553
8.15246
4.55598
2.77328
2.37367
.448978
-2.64799
-.566383
5.52764
7.58298
6.48405
6
6
5.55439
4.75517
4.56652
4.86622
3.8938
1.89576
1.3858
2.08511
1.63114
.232513
1.46057
4.85724
4.38251
.68613
1.49923
6.09472
8.3624
8.66211
9.60909
11.1076
7.66173
-.0307268
-.708413
4.6863
7.41341
7.81302
5.34218
.347077
-.887828
1.21012
2.51659
3.116
5.18735
8.58402
6.58624
-.307
-1.61726
2.17902
4.46783
5.36695
6.21429
7.0135
9.25724
12.8537
11.4135
5.21962
3.78715
6.88412
7.68596
6.28733
5.24435
4.54503
3.69389
2.69487
4.36786
8.66365
6.48111
-2.11047
-3.99885
.796449
1.80481
-.992447
-3.44228
-5.54022
-4.37535
.120241
1.90759
.90857
2.11657
5.61315
5.73912
2.34245
-.421723
-2.51967
-.547166
5.74667
6.63517
1.73996
1.21878
5.41467
7.6
7.6
6.88488
5.38635
5.97688
8.87405
7.3266
.832966
.837369
8.13022
11.2497
9.6513
9.78061
11.8785
10.7215
5.8263
6.07086
12.2648
14.5395
12.2417
10.2654
8.66696
7.98287
8.38247
9.4649
11.363
11.3575
9.05977
5.63378
.838484
-.0475861
3.8486
8.41585
13.8106
14.6174
9.72223
6.15742
4.25928
5.40753
10.4026
13.3319
13.6316
11.9621
7.76623
7.22966
11.4255
13.6699
13.3702
12.5956
11.197
11.4744
13.9719
16.0417
17.5402
16.7392
12.843
11.363
13.1612
12.892
9.79506
6.99207
4.59442
5.74988
11.8439
13.611
9.31517
7.46255
9.06099
10.577
11.9756
12.5949
12.0954
12.3715
13.7701
13.5437
10.9462
10.6129
13.61
14.1929
11.1959
10.0006
11.4991
11.6828
9.88458
8.68106
8.38135
7.01644
4.01938
2.59256
3.59158
4.90309
6.70132
6.5952
3.49823
1.75467
2.15428
2.78473
3.78375
3.90239
2.60367
5.11309
13.8046
17.6088
13.4129
10.3477
9.14889
7.38766
4.6903
4.41734
8.21362
11.1565
12.6551
12.7511
10.4534
10.6153
15.011
16.2298
11.934
10.6528
14.6489
15.9357
12.4391
8.69103
4.49514
3.55087
8.44608
10.143
6.04702
6.86338
16.6538
20.8562
14.7621
8.14387
.551313
-3.14888
.447593
3.00734
3.60676
5.78681
10.9817
12.4867
6.89219
2.8603
1.86128
1.09868
.79897
2.71545
9.00928
11.3639
5.86933
3.56067
7.65665
10.301
10.0013
9.24248
7.54414
7.93218
12.6276
16.0592
16.8584
14.6945
6.30274
1.84848
5.74466
8.4
8.4
7.76758
5.76954
4.6514
5.45062
6.90565
9.80281
10.0311
4.33667
2.58948
9.68253
13.7114
10.8142
7.36903
2.67363
.700766
4.99656
7.69945
6.70043
6.20901
6.90833
7.75596
8.95478
9.6232
9.02378
10.2392
15.8337
17.0959
7.80506
2.93279
8.92692
13.5729
14.8716
14.7459
11.0495
8.82439
10.3229
10.9223
9.22402
8.27901
9.27803
8.50391
3.1092
1.59332
10.2848
16.1083
14.3101
12.9186
12.6189
10.7847
4.79054
1.62941
6.22491
10.3163
13.0137
14.526
12.7277
11.4523
11.6521
12.7599
16.4563
18.6593
16.5613
14.7445
13.7455
13.0253
13.1252
13.9548
16.9519
20.0737
23.5703
24.4414
17.3484
12.4423
14.2405
15.3562
14.3572
13.6725
13.9722
13.6004
11.1028
9.60442
11.3028
13.2134
15.8109
17.1682
14.4709
11.3559
6.8603
4.02118
6.71853
8.61751
7.8183
6.95123
5.85231
5.5829
8.18035
10.2889
10.6885
10.2951
7.09824
5.05847
7.15641
10.228
16.8215
20.4777
13.3847
8.58605
12.2824
14.6948
12.2972
11.4218
16.317
19.3324
15.1365
11.3498
9.152
8.06877
11.3655
14.301
15.7996
16.7218
15.3231
14.2
14.2
13.9662
12.7674
12.2436
14.5413
15.4454
10.4503
6.64564
7.94436
9.46749
11.965
13.5744
11.2767
9.30846
8.80895
8.96148
12.0584
14.385
13.1862
12.3418
13.141
13.8876
14.3871
14.2455
11.0486
8.43427
8.63407
8.86775
9.26736
10.119
13.2159
14.6087
7.41574
1.7597
3.95755
6.28463
9.28169
11.784
11.6841
11.1902
8.59271
6.43113
6.63094
7.35336
10.9498
13.6358
11.2381
9.24494
9.54464
9.41562
6.81816
4.74588
5.7449
6.67196
7.17147
7.38705
5.88852
5.32804
10.5229
13.9232
6.13084
-.04202
4.05397
7.66707
8.16658
8.63965
8.93936
8.87445
6.3769
3.91782
1.71998
.519932
6.21435
10.9513
8.95326
7.15104
6.75143
6.67699
8.97474
10.8104
9.21201
7.7767
7.57689
7.98424
13.0792
16.8568
10.2633
4.43319
4.7329
5.11955
6.21847
7.23202
7.53172
7.38093
3.38484
.00562085
2.00366
4.25384
8.74943
12.6615
11.2629
9.91276
9.01364
8.87435
15.9674
21.6093
13.1176
5.828
10.5234
14.1762
7.18311
1.07016
4.16712
7.26409
10.361
12.917
9.52034
6.52191
8.02044
9.63002
12.5272
15.0453
13.0472
11.0115
8.51394
6.27344
7.27246
8.34297
10.341
11.9984
9.10121
6.77164
12.2662
17.026
11.3316
6.10185
7.70028
9.39126
12.4882
15.0953
10.0003
5.31556
7.3136
9.13301
7.93418
6.44987
-.0437676
-5.75359
2.83799
10.9201
9.32164
7.69441
5.49657
3.38619
3.08648
2.78678
2.48707
2.23369
3.03291
3.69959
1.20204
-.783577
10.1057
20.4441
16.1483
11.7634
4.87016
-1.40557
10.7825
22.3722
14.8795
7.65683
9.65487
11.4756
6.78025
2.1902
1.79059
1.35266
-.745282
-2.66826
3.72547
9.9404
6.74353
3.64667
6.44393
9.17205
7.27391
5.43698
8.33414
11.1665
8.06957
5.01325
6.51179
7.9484
.455745
-6.98474
-3.88778
-.783402
4.81112
10.3989
9.29997
8.20105
