2.79941
1.50069
.201959
.2
.2
-1.69156
-3.5897
.871194
5.36679
1.43343
-2.56265
-4.7773
-6.97515
-6.30859
-5.60928
-6.98007
-8.3787
-5.64533
-2.84807
-.0508145
2.74644
9.2673
15.8608
6.61181
-2.97879
-.0768684
3.12
3.58961
3.98922
4.87486
5.77397
2.79267
-.304292
-1.46496
-2.56388
-3.27633
-3.97565
-4.48212
-4.98163
-3.9415
-2.84257
-2.03175
-1.23253
1.1959
3.69345
2.07848
.28024
3.54055
7.03712
4.72354
2.12608
.764314
-.534414
.917711
2.51614
.517453
-1.68039
-.477484
.921145
-1.54528
-4.24264
-1.29556
2.00121
1.26122
.262198
-2.23574
-4.83319
-6.21532
-7.51405
-8.90607
-10.3047
-5.83834
-.943143
.700589
2.09922
.160524
-2.03732
-2.94006
-3.73928
-.476773
3.1197
2.57095
1.67184
2.0596
2.55911
.123437
-2.57392
1.13574
5.43153
-.593309
-7.58646
1.09599
11.286
8.10763
3.61204
-.520572
-4.61656
-7.08265
-9.3804
-3.54627
3.14716
-.437441
-5.13284
-6.22974
-6.92905
-9.78277
-12.8797
-2.54105
9.3473
7.91874
4.92168
2.90559
1.00745
2.75764
4.95549
4.31212
3.3131
3.99733
4.89645
.933769
-3.66173
-1.55398
1.44308
-3.30428
-9.0986
-9.44876
-9.04915
-5.58308
-1.6869
-1.89934
-2.69856
4.00329
11.7956
5.0547
-3.83659
-3.78438
-2.38575
2.21835
7.31336
3.93739
-.758011
-.0201159
1.57832
-2.33025
-7.12556
-6.34053
-4.64219
-2.60124
-.503292
1.08189
2.58043
.327347
-2.56981
-6.31766
-10.2138
-3.7556
4.53628
2.41294
-1.58315
1.93956
6.83476
5.24002
2.44276
-1.44766
-5.54364
-6.11611
-6.0162
-2.90319
.793191
-2.19058
-6.48637
-2.95139
2.14362
6.65685
11.0525
6.32764
-.2659
.00621906
1.70455
1.17477
.175749
3.12843
6.92471
1.8508
-5.14235
-4.1058
-1.30854
2.38785
6.28404
2.02581
-4.06822
-3.89843
-2.29999
-3.5419
-5.44004
-3.93799
-1.64024
1.14207
4.03923
-.153348
-6.04757
-1.89562
4.69792
7.36295
9.06129
5.16117
-.13364
-.242615
.95621
2.47338
4.07181
3.28853
1.8899
2.94631
4.64465
3.34102
1.24308
.721196
.621294
1.22886
2.02808
1.18065
-.118079
-.243568
-.043764
1.24832
2.84675
1.56569
-.532255
1.32886
4.32592
4.5354
3.93599
3.41381
2.9143
-2.36176
-9.0552
-4.99028
2.30257
.857363
-3.23862
-.0714902
5.32322
3.54967
-.446409
-1.85637
-2.45579
-1.38613
.212298
-2.19982
-5.8962
-1.29032
6.00253
4.41243
-.0831603
-.824583
-.325072
1.67219
4.16974
1.51356
-2.88214
-.424187
4.37111
1.88498
-3.11012
-.398354
4.99636
4.47837
1.88092
2.37941
3.97784
2.78262
.584774
.586571
1.38579
1.08812
.388805
-4.02993
-9.82426
-4.9994
3.79199
2.86324
-1.73226
-2.4936
-1.79429
-2.97079
-4.86893
-1.22684
4.56748
1.32064
-5.4727
-2.82019
3.57354
4.40091
3.00228
1.60365
.20502
-1.4775
-3.27574
-3.37534
-2.77593
.787867
5.58317
.102291
-9.68811
-6.63393
1.85774
.690358
-4.60445
-4.45506
-1.95751
.818448
3.71561
3.07307
.875224
3.52208
8.31739
8.62675
6.92842
4.33544
1.33838
-.0803597
-.779674
2.2845
7.0798
8.25884
7.75933
4.3343
-.461003
-.643206
1.35483
3.89403
6.69129
6.38593
4.58769
4.1345
4.33431
2.8577
.55995
-4.74653
-11.5399
-10.3334
-5.13851
.986969
7.58051
6.28751
.992695
-1.72509
-3.12372
1.80231
9.99429
6.1657
-3.92441
-4.51842
-.122732
2.31412
3.71275
2.18194
-.915028
-1.41587
-.516754
.900023
2.59836
-.154596
-5.3495
-5.27053
-2.27347
-.302322
1.09631
1.8557
2.2553
2.97355
3.87267
4.0094
3.70969
1.1932
-2.60308
-2.80032
-.902181
1.18479
3.38264
2.31752
-.679547
1.07747
5.67296
4.96804
1.07186
.221621
1.22064
1.16623
.466921
-.108853
-.608363
.0620469
1.46068
1.93862
1.83872
-.219047
-3.51582
-2.97038
.0266869
-1.29246
-5.38844
-3.90961
1.1854
2.5356
1.43667
1.18061
1.48032
-.620317
-4.31669
-5.02243
-3.72371
-3.49808
-3.99759
-1.58546
2.81023
6.67289
10.1695
4.92964
-6.35929
-8.58781
-4.49182
-.219922
4.17577
4.71427
2.51642
.435068
-1.56297
-.890679
1.70677
1.18006
-1.6172
-1.41618
.981472
-.643319
-5.23882
-5.31017
-2.0134
-1.85558
-4.05343
-4.82937
-4.52966
-4.79676
-5.49608
-4.3314
-1.73395
-1.83835
-4.0362
-2.30753
2.48777
5.77384
7.87179
8.57719
8.17758
6.16831
2.87154
1.67655
2.17606
3.99831
6.89547
5.01473
-.779587
-2.25083
-.152882
1.78148
3.57972
4.07401
3.4746
3.3624
3.66211
1.80424
-1.89214
-5.21231
-8.20937
-6.17293
.220801
4.05363
5.65207
5.70897
4.41024
2.42302
-.17443
-2.50806
-4.606
-3.91779
-.720924
.957119
1.25682
2.75661
5.35407
8.73125
12.8272
11.2785
4.48521
1.87067
3.1694
5.23904
8.0363
6.43048
.63616
-2.04699
-1.74728
.0766314
3.3734
4.5445
3.64538
4.25872
6.35667
8.40439
10.4024
7.29804
-.893934
-4.45189
-3.35297
-2.9489
-3.2486
-1.76859
1.52818
.442515
-5.152
-5.54775
-.552643
4.24706
8.84256
7.89156
1.09822
-.703981
2.79259
3.82781
2.22937
2.07292
3.47155
2.52454
-.972037
1.15699
9.44886
11.8534
7.75738
4.08694
.890075
1.22475
5.52054
6.44015
3.54299
2.65374
4.05237
4.149
2.75037
4.63933
10.3337
9.75744
1.86517
-2.35409
-2.25418
.908742
7.70208
8.03144
.638687
-1.81362
1.68296
1.38865
-3.50655
-4.04318
.752118
2.05786
-.939201
-2.33275
-1.73333
1.03905
6.53366
8.49623
5.99868
4.51209
4.31228
4.37503
4.77464
4.60793
3.70881
3.28673
3.48654
3.12511
2.02619
2.21654
4.11468
3.57435
-.221926
-.483704
4.01189
5.70984
3.61189
2.56877
2.96838
2.10808
-.489378
.299069
5.79368
7.54381
4.04723
2.33128
3.13049
.962309
-5.43143
-6.77993
-.885705
3.57974
5.97739
3.82486
-4.96652
-6.31864
3.27196
6.66637
.872045
-1.43886
1.4583
3.95702
5.85517
6.00881
3.51125
4.09095
9.38576
9.22397
.63239
-2.60792
2.48709
6.92139
10.3181
11.0466
7.55002
4.74596
3.04762
2
2
.400578
-3.79531
-3.59646
3.7963
6.55319
1.65799
-.425152
2.1723
5.06814
8.46482
10.3032
9.50396
8.96309
8.86319
8.54302
7.84371
6.37757
3.58031
1.14625
-.651989
-.680165
2.4168
4.83113
6.02996
7.51464
9.51268
10.5157
9.71649
7.75103
3.65505
1.07029
1.27009
2.58827
5.98494
9.34686
12.6436
11.5861
2.29526
-3.66255
-3.26294
-1.97502
1.02204
3.88322
6.48068
7.28809
4.59073
3.63946
6.13702
6.79851
3.80145
1.43494
.336019
-.861878
-2.26051
.145139
10.3351
13.9074
3.81732
-2.28711
-.0892674
2.72053
6.81652
9.37591
8.6766
7.56367
5.56562
3.66244
1.96411
.580024
-.11929
-1.03721
-2.43584
-2.25176
1.44462
3.47576
1.77742
1.15155
2.94979
4.04777
3.54826
3.2
3.2
3.32022
3.71983
3.91042
3.61072
2.98472
1.58609
.482131
.0825223
.268343
1.86678
2.91277
2.61307
2.6888
3.68782
6.17842
12.3723
16.5436
15.6445
12.3405
2.9497
-3.12568
-.728026
1.19531
1.89462
1.45802
-1.93865
-2.25426
5.5381
10.5445
8.14682
6.91524
8.81338
10.3615
10.9609
10.518
7.22126
4.58775
3.78854
2.72597
.927735
1.37745
8.1708
12.8108
11.3123
9.22159
5.42531
1.37352
-3.42178
-6.08719
-2.49071
.904484
3.70174
4.90128
1.30481
-.211107
4.58419
8.42115
9.32027
9.17118
5.77451
5.1345
13.1267
19.152
18.9522
18.0625
14.9655
11.6562
7.66016
4.88078
6.0796
6.0255
1.82961
-.226663
4.86834
8.07005
4.87318
3.84736
10.2411
14.6619
12.2643
9.55551
5.75923
3.41677
6.21403
8.42183
8.52173
8.47018
7.87077
5.98493
-.608605
-4.88648
-.590691
2.65266
1.95334
1.17062
.071693
.0262906
4.02237
7.54784
9.24618
10.1744
8.07647
5.61727
1.72109
-.44604
4.34926
7.11769
1.62307
-.286744
12.6006
21.322
12.6306
5.40909
4.41007
2.93866
-.557908
-2.93251
-.43496
2.32164
6.21783
8.88738
6.09012
4.19847
6.39631
7.62667
4.42981
2.86324
8.85736
12.8011
7.10666
2.4
2.4
2.26293
1.46372
1.29119
4.18835
6.29865
4.50041
2.50362
-.493441
-2.05169
3.74263
7.96998
4.0738
1.21492
3.81238
5.43254
1.83606
-.67072
2.72595
5.41554
4.21672
3.2607
3.66031
3.55061
.553545
-1.94086
-1.54125
-1.25835
-1.65796
-1.20842
4.2862
8.1624
2.26817
-2.47798
-.180232
2.36601
6.46199
9.10179
2.50825
-2.83783
-.140479
2.21322
2.31312
2.38698
2.28707
1.63565
-2.76004
-5.88007
-.185648
5.29738
9.29347
12.4206
9.32363
6.04602
1.45052
-2.09057
2.20522
5.80192
4.10359
2.82911
4.82716
6.5437
6.04419
5.77703
7.37546
8.57176
6.47382
4.64269
5.0423
5.72478
8.82175
11.014
5.31956
.56307
4.15954
7.1132
4.21604
1.23164
-2.56464
-5.57259
-1.077
3.07442
3.87363
4.86408
7.76125
10.0614
6.26512
2.77385
2.47415
2.18296
1.98316
2.12461
6.02079
9.33179
6.03502
3.03966
3.53917
4.08509
5.18402
5.83053
.935328
-3.32826
.36812
3.94297
5.94101
7.73742
6.8383
6.06757
7.06659
7.63257
2.03805
-2.95811
.838169
4.41234
4.61214
4.87169
6.07051
6.87064
1.17622
-4.24466
-5.04388
-5.84848
-6.7476
-7.35603
-2.66063
1.78002
1.38041
1.25436
6.54917
11.3744
6.47922
1.89256
3.99051
5.97052
5.2712
4.54377
3.14514
1.87259
3.77073
5.47314
1.97656
-1.41029
-1.70999
-1.98707
-1.58746
-1.21519
-1.7147
-2.06361
2.73169
7.23861
1.14458
-4.6726
.522307
5.45573
-.938002
-7.09502
-2.00001
3.04843
5.64588
8.19667
7.99686
7.74998
4.35331
1.08544
7.77888
14.3363
8.44208
2.562
-1.73379
-5.95872
.0354039
6.00443
6.90355
7.77332
-1.21787
-10.194
-4.19984
1.79429
