1.22537
57.4703
113.715
122.379
130.97
123.035
115.043
116.888
118.786
121.973
125.17
119.262
113.268
119.027
124.922
122.634
120.236
119.118
118.019
122.909
127.904
123.688
119.293
120.765
122.363
117.715
112.92
115.527
118.324
119.372
120.371
117.975
115.477
114.625
113.826
115.539
117.337
115.568
113.67
113.985
114.384
113.055
111.657
118.596
125.889
125.913
125.613
120.923
116.028
115.99
116.19
116.105
116.005
118.561
121.258
119.317
117.119
119.362
121.859
120.02
117.922
118.458
119.158
120.89
122.688
120.739
118.541
121.765
125.362
123.268
120.77
119.39
118.091
117.814
117.614
119.269
121.067
119.627
117.929
120.938
124.335
121.929
119.031
121.557
124.555
124.25
123.65
125.797
128.194
124.381
119.986
121.787
124.185
121.581
118.484
119.289
120.488
121.596
122.695
121.716
120.517
119.498
118.499
124.247
130.741
131.938
132.538
133.854
135.253
137.187
139.185
137.17
134.673
136.624
139.122
144.55
150.344
150.291
149.492
152.317
155.614
159.087
162.583
171.096
180.287
186.229
191.724
195.904
199.901
203.197
206.394
210.027
213.723
218.203
222.799
228.176
233.67
242.284
251.375
261.935
272.725
275.321
276.62
283.598
291.49
299.983
308.575
318.622
328.912
336.895
344.487
358.219
373.004
388.556
404.24
417.718
430.805
440.505
449.597
465.7
483.082
493.554
502.745
524.465
548.542
564.648
579.234
595.326
611.71
618.992
624.487
643.644
665.522
683.661
701.044
723.982
748.059
766.428
783.611
811.439
841.51
862.854
882.335
917.174
955.337
989.239
1022.21
1059.34
1097.4
1129.84
1161.01
1201.13
1243.29
1289.02
1335.57
1368.93
1399.2
1455.31
1517.55
1567.63
1614.78
1655.83
1695.39
1739.68
1785.13
1832.11
1879.46
1921.31
1961.77
1994.27
2024.74
2076.89
2134.63
2175.74
2212.51
2255.35
2299.81
2346.63
2394.08
2436.9
2478.46
2528.33
2580.48
2637.48
2695.82
2748.86
2800.41
2848.77
2896.22
2958.34
3024.68
3086.52
3147.06
3187.37
3221.73
3287.92
3363.55
3424.11
3480.15
3517.42
3548.99
3588.43
3630.29
3683.74
3740.79
3771.67
3794.34
3828.7
3866.77
3890.98
3910.76
3915.98
3916.48
3940.76
3972.83
4013.84
4057.79
4077.79
4089.77
4134.48
4190.22
4241.8
4291.95
4351.83
4415.07
4478.23
4541.37
4606.36
4671.99
4771.24
4882.43
4951.35
5005.1
5097.71
5204.4
5303.64
5400.14
5477.1
5546.84
5653.95
5775.03
5875.37
5967.88
6059.95
6151.86
6261.23
6377.32
6488.08
6596.78
6712
6829.78
6957.73
7089.7
7210.47
7326.75
7424.11
7513.82
7605.8
7698.71
7803.02
7912.01
7986.77
8047.31
8130.73
8223.74
8306.29
8384.41
8439.72
8485.27
8596.37
8735.73
8823.45
8888.68
8968.84
9055.56
9161.86
9276.85
9362.99
9436.21
9520.52
9609.84
9728.24
9859.91
9997.2
10137.1
10220.2
10277.1
10404.9
10565.9
10701.8
10825.8
10939.9
11049.3
11190.1
11346
11433.7
11488.3
11600.2
11740.3
11836.8
11911.8
11974.1
12029.9
12114.8
12214.3
12258.9
12275.5
12311.5
12357.2
12408.6
12463
12466.3
12443
12444.7
12459.5
12479.8
12503.1
12514.4
12519.4
12494.1
12452.3
12438.3
12439.4
12391.7
12317.3
12285.6
12277.7
12277.8
12282.5
12283.9
12283.5
12299.7
12325.3
12367
12417.9
12448.2
12466.5
12517.8
12588.5
12648
12700.9
12759.4
12821.1
12919.1
13038.8
13098.9
13123.2
13221.1
13363.7
13493.5
13615.6
13768.9
13941.6
14122.3
14308.1
14497.7
14689.6
14862.6
15023.7
15202.8
15393.4
15568
15732.3
15829.5
15883.2
15943.4
16007.9
16046
16066.6
16107
16160.7
16181.7
16180.9
16181.2
16182.2
16195.1
16216
16234.6
16251.5
16277.5
16309.7
16369.2
16447.6
16513.5
16570.5
16619
16661.5
16697.9
16730
16753.4
16770.7
16807.5
16858.4
16885.6
16895.3
16902.8
16908.8
16953.7
17027.4
17091
17147.1
17204.6
17263.2
17331.7
17407.6
17455.4
17481.6
17530.3
17596.4
17654.6
17706.7
17755.4
17801.4
17826.7
17835.5
17829.1
17810.5
17828.1
17874.8
17893.4
17889.1
17886.7
17885.8
17911
17957.8
17994.1
18021.8
18059.7
18106.1
18135.6
18150.8
18185.2
18235.9
18294.1
18358.6
18409.4
18448.3
18480
18505.6
18565.7
18656.1
18691.3
18677.5
18670.8
18670.4
18684.3
18711.2
18717.2
18704.3
18708.8
18729.1
18736.4
18731.8
18730.8
18733.1
18726.2
18710.7
18684.5
18648.3
18658.2
18712
18752.7
18780.8
18835.5
18916.1
18986.8
19047.9
19100
19143.3
19223.2
19339.5
19430.4
19495.9
19580.8
19685
19789.3
19893.7
19994.3
20091.1
20236.8
20432.7
20602
20743.7
20912.3
21108.9
21311.7
21520.9
21692.8
21825.2
21982.2
22165.8
22346.1
22523
22705.1
22892.9
23045.2
23158.8
23283.3
23419.9
23550.3
23673.9
23762.7
23812.7
23895.3
24014.9
24103.8
24157.6
24171.9
24140.9
24154.4
24219.5
24248.5
24235.5
24237.2
24256.2
24245.5
24199.5
24143.8
24076.5
24072.6
24144.9
24159
24102.4
24080.7
24101.8
24090.3
24038.8
23999.3
23974.8
23934.4
23873.9
23874.6
23952.6
23987.7
23968.3
23988.2
24058.7
24116.5
24158.1
24210.8
24278
24343.4
24406.5
24477.5
24559.1
24634.8
24702.4
24770.5
24839.2
24891.7
24922
24956.4
24996.1
24992.7
24929.7
24868.2
24809.1
24741.3
24661.4
24536.1
24346.7
24159.6
23975.7
23809.9
23670
23501.1
23290.3
23076.5
22858.4
22642.3
22429
22211.8
21988.8
21753.5
21499.9
21237.5
20961.8
20694.8
20440.9
20187.5
19935
19710.9
19530.6
19323.5
19074.8
18854.1
18677.5
18519.3
18390.6
18249.1
18087.2
17954
17866.9
17783.6
17706.6
17645
17608.6
17585.9
17585.6
17582.7
17575.4
17616.2
17737.8
17816.2
17821.5
17837.7
17872.8
17901.4
17918.8
17933.1
17942.2
17938.7
17913
17902.3
17918.1
17930.1
17935.4
17949.3
17978.7
18022.3
18091.7
18158.4
18219.9
18267.6
18289.8
18322.5
18374.9
18436.3
18515
18578
18611.7
18627.9
18610.7
18607.7
18631.8
18654.3
18673.4
18690
18701.9
18716.3
18735.8
18751.5
18759.7
18765.2
18765.1
18749.6
18702.9
18662.5
18634.7
18602.4
18560.7
18513.4
18454.1
18407
18385.2
18362.3
18337.1
18297
18224.8
18173.2
18166.2
18126.1
18014
17918.9
17861.1
17786.3
17674
17566.4
17469
17373.1
17280.3
17156.1
16960.2
16787.4
16667.9
16545.6
16416.5
16289.6
16167.7
16068.3
16022
15969.4
15901.8
15846
15818.7
15809.2
15842.9
15864.1
15854.7
15865.9
15928.2
15996.1
16077.8
16151.1
16202.9
16278.6
16415.3
16560.5
16727.6
16865.4
16926.7
17025.1
17220.9
17413.4
17597.3
17759.8
17865.3
17994.2
18186.5
18379.1
18572.5
18736.8
18820.4
18918.7
19058.1
19184.9
19276.1
19375.9
19500.4
19596.9
19612.9
19643.7
19717.8
19768.2
19749.6
19731
19712.7
19694.9
19678.8
19665.4
19660.7
19634.2
19540.8
19456.5
19400.5
19331.9
19223.9
19143.2
19148.9
19128.3
19023.6
18930
18872.7
18802.7
18691.6
18597.3
18559
18510.4
18427
18344.9
18267.6
18189.4
18108.4
18032.7
17975.5
17934
17947.7
17942.7
17871.6
17808.7
17775.3
17738.7
17690.5
17642
17592.4
17545.8
17510.3
17478.7
17462.1
17450.3
17456.6
17444.4
17361.2
17284.5
17233.1
17183.5
17140.8
17093.6
17029
16981.5
17002.9
17002.5
16912.7
16841.9
16849.7
16842.4
16771.7
16706.8
16666.3
16620.2
16550.7
16482.6
16420.4
16358.9
16299.9
16243.3
16196.8
16133.7
15995.5
15864
15763.5
15662.1
15556.5
15443
15292.7
15145.5
15013.4
14881.2
14748
14625.5
14555.1
14479
14373.8
14266.9
14151.5
14035.3
13915
13802.1
13727.5
13644.3
13515.8
13395.5
13319.2
13235.7
13113.1
12997.7
12921.9
12848.2
12786.4
12722.2
12644.5
12570.7
12518.4
12461.6
12378
12293.5
12204.1
12122
12084
12048
12024.2
11985.3
11852.7
11732
11686.8
11639.1
11576
11518.5
11497.9
11469.8
11391.2
11322.8
11323.2
11315
11246.7
11183.1
11151.9
11123.6
11115.5
11110.2
11125.4
11141
11159.9
11176.2
11172.6
11171.4
11189.2
11207.7
11232.2
11253.8
11252.3
11244.7
11186.5
11139.5
11185.8
11223
11183.5
11148.3
11151.4
11151.7
11126.8
11106.6
11128.9
11149.4
11153.6
11161.1
11200.4
11236.3
11239.2
11239
11208.5
11182.6
11203
11217
11164.9
11114.4
11081.7
11048.7
11011.6
10970.2
10879.2
10789.9
10720.7
10652.3
10594.4
10533.7
10440.3
10347.6
10263.6
10178.5
10079.7
9983.24
9917.7
9852.9
9798.15
9743.1
9683.76
9624.41
9564.97
9503.63
9413.42
9324.95
9264.01
9203.91
9157.46
9108.24
9012.33
8918.95
8869.8
8819.52
8748.79
8678.26
8611.53
8543.05
8440.05
8336.44
8220.15
8105.15
8017.94
7931.1
7852.88
7773.08
7655.8
7539.7
7453.38
7366.72
7270.71
7174.35
7068.16
6961.75
6849.06
6737.2
6651.58
6565.09
6448.6
6332.87
6244.75
6156.22
6051.23
5947.16
5883.32
5819.23
5743.11
5666.29
5553.4
5441.47
5385.72
5329.56
5245.34
5161.42
5100.28
5038.86
4952.35
4865.71
4765.41
4664.92
4537.35
4409.66
4260.31
4110.82
3914.01
3717.22
3538.89
3360.57
