-32.9771
17.6732
68.3236
74.9836
81.5771
82.1973
82.7967
81.0115
79.2133
79.3983
79.5981
81.6783
83.7763
84.5902
85.3894
80.274
75.0791
76.6725
78.3708
78.0072
77.6076
77.9919
78.3915
82.1161
85.9124
83.072
80.075
78.3441
76.6458
76.0167
75.4173
77.7282
80.1259
80.3936
80.5934
78.7642
76.8661
77.4749
78.1743
79.1623
80.1613
78.5674
76.8691
80.6334
84.6295
83.3654
81.8668
78.6503
75.3536
75.3905
75.5903
76.7406
77.9394
79.6126
81.3109
83.2932
85.2912
83.1328
80.7352
80.4114
80.2116
77.0015
73.6048
78.6572
84.2517
83.4758
82.277
81.0781
79.8793
80.453
81.1523
80.6414
80.042
81.2077
82.5064
81.024
79.3257
82.5302
86.1267
81.969
77.1737
79.5635
82.5605
83.5353
84.3346
80.5476
76.3517
76.9153
77.9143
78.548
79.1474
80.9316
82.8297
84.546
86.2443
86.2185
86.0187
85.0039
83.905
86.9624
90.4589
87.2838
83.3876
82.0104
80.9115
84.9293
89.5248
92.7767
95.8736
95.3956
94.4965
94.0433
93.6437
97.5152
101.911
103.288
104.287
105.463
106.662
112.722
119.416
121.699
123.398
126.768
130.365
137.386
144.878
143.522
140.924
148.555
157.646
164.295
170.589
173.924
176.821
179.718
182.615
192.443
203.332
204.022
203.123
215.936
230.922
239.281
246.574
255.155
263.946
274.194
284.683
292.438
299.731
318.364
338.944
345.828
350.324
359.233
368.923
379.63
390.519
411.63
434.608
447.808
459.197
472.436
486.023
500.364
514.85
532.098
549.881
561.985
572.974
587.796
603.38
620.627
638.21
656.871
675.752
699.845
725.02
745.904
765.885
795.58
827.349
855.75
883.423
913.39
943.86
975.638
1007.71
1044.01
1081.28
1114.31
1146.38
1195.41
1248.36
1288.6
1325.86
1367.24
1409.6
1455.91
1503.16
1547.12
1590.28
1638.81
1688.66
1736.99
1784.94
1823.08
1858.75
1900.46
1943.72
1974.27
2001.55
2048.46
2100.51
2136.36
2167.93
2208.33
2251.08
2284.72
2315.89
2368.94
2427.98
2479.52
2528.97
2592.07
2659.01
2705.08
2745.25
2795.96
2849.71
2896.64
2941.6
3005.56
3075.09
3136.84
3196.28
3238.28
3275.04
3311.42
3347.69
3405.97
3471.01
3506.76
3533.43
3557.9
3581.68
3614.33
3649.8
3684.13
3718.09
3733.72
3743.41
3768.76
3799.23
3825.49
3850.37
3880.19
3911.66
3946.41
3982.28
4029.02
4079.47
4135.12
4192.57
4248.38
4303.62
4380.3
4464.52
4557.22
4652.92
4717.9
4771.85
4865.09
4972.59
5061.29
5143.11
5233.32
5326.62
5412.73
5496.15
5589.07
5685.58
5784.69
5884.79
5983.81
6082.41
6199.43
6323.61
6423.97
6514.98
6635.76
6768.33
6897.54
7025.42
7101.98
7157.83
7265.62
7394.6
7491.65
7575.57
7637.18
7689.53
7765.53
7851.45
7919.88
7980.92
8052.6
8128.83
8217.13
8310.64
8403.24
8495.45
8561.84
8616.89
8704.32
8806.12
8900.68
8991.99
9089.36
9189.46
9278.99
9363.71
9483.67
9619.83
9745.97
9867.45
9990.77
10114.9
10234.8
10352.7
10474.7
10598.5
10703.3
10798.8
10892.1
10984.3
11087
11194.9
11274
11339
11414
11494
11576.7
11660.7
11706.6
11733.2
11767.8
11806.4
11847.3
11889.4
11920.4
11945.7
11952.6
11949.9
11959.3
11975.1
11949.8
11902.5
11871.5
11849.1
11851.7
11868
11855.4
11826.9
11785.3
11736.3
11737.2
11765.9
11761.2
11737.9
11747.9
11777
11823.2
11879.3
11932.5
11984.2
12000.5
11996.3
12039.5
12110.6
12177.4
12241.7
12328.2
12427.8
12476.3
12494.1
12579.1
12705
12830.9
12956.7
13118.5
13302.4
13469.9
13627.2
13808.2
14004.2
14199.3
14393.8
14570.3
14735.2
14880.3
15012.5
15108
15179.7
15252.6
15326.3
15373.6
15403.5
15418.9
15424.7
15403.9
15365.3
15367.6
15397.3
15442.8
15498.9
15518.6
15513.2
15553.4
15625.3
15694.7
15762.6
15814.2
15854.5
15887.3
15914.9
15943
15971.6
16024.7
16095.4
16126.1
16127.7
16132.4
16139.3
16157.9
16185.2
16214.9
16246.5
16263.6
16270
16319.5
16401.5
16483.2
16564.8
16603
16608
16658.3
16743.6
16801.4
16837.6
16871.3
16902.8
16905.4
16885
16895.4
16930.2
16960.6
16987.2
17012.3
17036.1
17063.3
17093.4
17124.8
17157.4
17181.6
17198.9
17194.2
17171
17196.7
17263.6
17300.3
17311.3
17359.7
17440.1
17488.5
17509.3
17546.8
17599
17645.4
17686.9
17687.3
17651.4
17683.7
17777.1
17824.8
17831.1
17835.2
17837.1
17832.4
17821.6
17822.7
17834.9
17843.3
17848.1
17811.6
17736.6
17715.4
17745
17773.9
17802.3
17825.8
17844.7
17884.9
17945.8
18012.4
18084.8
18154.2
18220.9
18292.9
18370.3
18440.8
18504.2
18582.5
18675.8
18784.5
18908.7
19022.6
19126
19244.8
19379.6
19501.3
19609.5
19773.1
19994.6
20194.4
20371.3
20530.5
20671
20840.8
21042
21227
21394.5
21533.5
21641.5
21771.5
21925.4
22058.8
22169.5
22303.4
22463.1
22587.3
22671.5
22748.2
22816.4
22880.8
22940.6
22962.7
22941.4
22927.9
22923.3
22913
22896.1
22898.4
22923.3
22935.6
22933
22891.6
22803.8
22780.3
22834.2
22854.4
22833.8
22805
22766.3
22756.7
22782.9
22787.7
22766
22749.6
22739.7
22721
22691.3
22696
22744.5
22756.6
22721.9
22733.9
22806.3
22858.5
22884.4
22935.9
23020.9
23111.9
23210.8
23301.7
23382
23463.3
23546.1
23599.8
23613.9
23635.5
23667.5
23669.7
23631.1
23559.6
23442.4
23331.8
23230.6
23099.2
22924.9
22767.5
22633.9
22492.1
22338.5
22148.7
21906.8
21696.5
21532.4
21331.2
21075.1
20863.6
20718.3
20522.5
20251.4
20001
19781.8
19537.5
19255.2
19007
18811
18615.4
18420.6
18215.3
17993.5
17798.7
17646.2
17486.6
17315.7
17159.7
17027.4
16913.3
16828.5
16745.3
16664.8
16601.6
16566.8
16534.2
16505.2
16491.9
16504.9
16532.3
16583.9
16632
16674.2
16707.7
16726.4
16740.4
16746.3
16759.4
16785.2
16806.7
16820.8
16817.6
16783.9
16765.4
16773.8
16806.3
16882
16944.8
16984
17038.6
17121.1
17185.9
17218.2
17236
17226.9
17227.9
17247.8
17293.9
17389.7
17447.2
17431.4
17418.5
17411.1
17436.6
17526
17578.9
17560.2
17533.4
17490.4
17469.6
17493.1
17505.1
17494
17478.4
17453.8
17436
17432.5
17405.1
17328
17265
17231.3
17200.6
17176.6
17142.7
17088
17039.6
17004.3
16955.3
16876.8
16814.5
16787.7
16745.9
16671.4
16599.2
16532.3
16437.3
16279.4
16143.7
16058
15954.5
15810.7
15672.9
15549.1
15423.4
15293
15155.6
15001.6
14887.1
14866.1
14834
14775.9
14727.9
14704.6
14685.4
14676.5
14691.9
14767
14818.9
14813
14827.5
14893.1
14969.6
15073.6
15170.2
15247.8
15342.2
15479.9
15618.4
15758.9
15890.4
15998
16125.3
16304.9
16467.2
16583.1
16710.6
16869.6
17019.7
17145.7
17273.2
17405
17540
17684.3
17818.8
17925.8
18024
18097
18155.6
18172.7
18205.3
18283
18342.9
18350.4
18332.8
18240.6
18183.4
18231.5
18250.6
18182.1
18125.1
18103.6
18071.3
18005.5
17932.4
17836.6
17742.3
17653
17576.5
17540.7
17489.4
17387.9
17282.7
17165.4
17065.9
17024.9
16984.9
16948.2
16908.4
16858.4
16797.9
16701.2
16625.8
16624.1
16611.1
16558.3
16502.6
16436.6
16382.9
16373.2
16353.3
16296.6
16252.3
16253.9
16241.3
16175.8
16114.1
16066.5
16032.1
16048.2
16041.4
15946.9
15879.1
15914.5
15923.7
15829.6
15747.3
15711.9
15682.5
15677.2
15666.1
15631
15595
15555.3
15513.4
15462.8
15408.8
15340.8
15275.1
15219.8
15164.3
15108.3
15058.8
15038.2
15008.3
14936.8
14851.2
14702.6
14569.1
14504.7
14435.1
14341.1
14242.5
14122.6
14005.1
13899.9
13787.6
13640.5
13504.8
13424.8
13334.9
13195.6
13067.6
12996.7
12921.7
12826.1
12723.6
12585.5
12457.3
12381.8
12306.8
12234.8
12155
12033.1
11918.9
11846.8
11778.3
11730
11669.7
11540.8
11428.5
11411.5
11381.2
11273.1
11175.7
11141.6
11108.8
11083.6
11048.1
10949.1
10856.8
10806
10756
10710.5
10663.2
10603.3
10544.8
10494.6
10444.2
10392
10342.3
10308.8
10277.2
10258.2
10238.4
10213.2
10194.6
10224.5
10246.6
10211.9
10182.1
10187.8
10190.2
10168.4
10149.8
10156.7
10164.9
10183.7
10201.6
10212.8
10220.4
10198.8
10181.8
10204.8
10224.3
10213.6
10198.8
10148.6
10103.1
10100.8
10100.9
10123.8
10144.7
10145.4
10149.9
10191
10225.7
10199.3
10173.8
10158
10143.9
10147.5
10149.4
10133.7
10116.8
10086
10051.1
9971.44
9894.54
9849.59
9802
9723.87
9647.62
9593.67
9539.87
9487.82
9433.89
9356.16
9280.14
9226.19
9168.82
9065.72
8965.5
8904.96
8843.71
8772.38
8701.7
8640.46
8579.03
8514.69
8452.03
8415.77
8376.46
8287.65
8200.6
8143.36
8086.02
8027.08
7967.8
7902.47
7837.54
7780.29
7721.01
7621.31
7522.55
7443.43
7364.09
7280.07
7197.02
7135.88
7073.34
6977.44
6880.23
6750.26
6621.46
6523.85
6426.19
6326.99
6228.47
6150.35
6071.79
5979.28
5886.81
5795.7
5704.54
5611.83
5520.27
5474.42
5427.34
5327.14
5227.27
5143.56
5060.36
5004.51
4948.74
4897.49
4845.68
4756.27
4667.16
4601.32
4535.44
4465.61
4395.45
4288.56
4181.65
4072.86
3963.82
3806.18
3648.53
3490.38
3332.23
3161.39
2990.56
