-2.20099
-4.39884
-6.59668
-3.50771
-.41074
-2.98845
-5.5859
-3.81152
-2.01328
-1.80167
-1.60187
1.17111
3.96837
3.11105
2.21193
-1.05303
-4.3498
-9.41743
-14.5124
-4.19237
6.39725
7.67788
8.77681
3.42135
-2.07327
-2.59039
-2.99
-1.44157
.156867
2.24133
4.33928
.228546
-4.06724
1.51207
7.40629
7.21352
6.81391
3.81088
.713915
-1.80568
-4.30324
-4.59206
-4.79187
-3.4583
-2.05967
-1.61744
-1.21783
-.150113
.948811
-.428728
-1.92726
1.80211
5.79819
3.81829
1.52054
-2.48111
-6.5771
-4.24943
-1.55208
-5.35932
-9.55521
-5.37853
-.683129
-2.18368
-4.08182
-3.16949
-2.07057
-3.58927
-5.28761
-8.75847
-12.3549
-6.36264
.330805
4.51597
8.51205
2.03265
-5.2602
-3.02477
-.0277073
-2.1078
-4.60535
5.14854
15.938
11.8363
6.44159
5.90827
5.80837
5.98306
6.18286
-1.92864
-10.8199
-4.30902
3.68314
-1.23837
-7.4323
-3.55346
1.34174
2.5244
3.32361
-.394872
-4.59076
-5.27047
-5.57018
-8.74869
-12.2453
-9.81723
-6.72026
-6.4
-6.4
-.590611
5.90302
-3.3881
-14.5771
-9.39318
-2.20022
-3.79727
-6.49463
-10.8752
-15.4707
-11.2266
-5.83188
-2.90678
-.309331
.528028
1.12744
-3.98073
-9.87495
-4.46707
2.52607
1.03973
-1.65763
1.31442
5.1107
3.5984
1.30066
-7.59618
-17.4865
-15.248
-11.152
-7.14246
-3.14637
-1.13387
.564463
-1.09303
-3.29088
-2.99904
-2.29973
-1.00082
.397805
-.681895
-2.18043
-1.71789
-.918672
-2.75657
-5.05431
-1.92023
2.17575
-1.77253
-7.16725
-3.52252
1.77229
-2.28853
-8.08285
-5.80461
-2.00833
-5.59467
-10.5898
-10.7304
-9.9312
-7.87946
-5.58171
-7.11604
-9.41379
-4.81338
1.18075
-.53618
-3.83295
-6.96428
-10.0612
-5.15348
1.44006
5.56378
9.16025
7.66458
5.06713
5.91097
7.5094
2.65039
-3.64344
-.478162
4.81665
2.70876
-1.08752
-1.15078
-.351563
-2.87157
-6.16834
-2.11586
3.67846
1.65796
-2.23822
-.428178
2.76869
3.72069
4.1203
.441039
-4.25436
-3.52457
-1.42663
-.363309
.435907
-1.14659
-3.34444
-2.2161
-.218062
2.56997
5.56703
-.419471
-8.81125
-8.94924
-6.8513
-5.77271
-4.97349
-6.7554
-9.25295
-6.67919
-2.68311
1.15732
4.9536
7.27494
9.17308
4.10227
-2.99078
-1.12433
3.37126
3.39846
2.09974
2.10738
2.50699
2.37005
2.07034
2.91745
4.11627
2.41729
-.180166
.416997
2.01543
3.38626
4.68499
2.88122
.0839587
2.1171
5.71357
1.33045
-5.66269
-9.202
-11.5996
-5.38522
3.70587
4.43147
2.33352
2.54496
3.54398
-2.06973
-9.96199
-5.84932
2.44255
2.53055
-.266705
-4.3908
-8.98629
-3.21586
6.27484
4.76732
-.727296
-3.95502
-6.35267
-2.04077
4.75258
1.58134
-5.3119
-2.04978
5.04327
3.16584
-2.12897
-2.80638
-1.70746
.326824
2.72447
-.0442512
-4.83955
-4.41101
-1.91346
-.843182
-.343671
-.698175
-1.39749
.742079
4.03885
3.65525
1.75711
1.76464
2.56386
1.885
.58627
-1.27397
-3.37191
-.0803793
5.51414
6.50202
5.503
4.08637
2.48794
.47307
-1.72478
2.65234
9.94519
6.81688
-.975483
-3.33118
-3.23128
-1.62168
.676072
2.76854
4.76658
5.12707
4.72747
.10966
-6.48388
-5.61505
-1.21936
-1.9646
-5.16147
.747156
11.0371
8.41454
-.476746
-3.33294
-3.23304
-.191265
4.30433
4.00004
1.30269
-3.32228
-8.91679
-6.75732
-.663291
3.51448
6.71135
3.7812
-2.31282
-2.4951
.402058
.221173
-1.57706
-.76352
1.43433
1.15842
-.440014
.687478
3.28493
3.16468
1.56625
.483908
-.315309
.300419
1.69905
4.25184
7.4487
5.78734
1.39164
-2.17558
-5.27254
-3.15984
1.93517
2.02657
-.770689
-2.1157
-2.61521
-2.42233
-1.82292
-1.7255
-1.9253
-1.1868
.111925
-1.14602
-3.94328
-5.24865
-5.64826
-5.67607
-5.47626
-1.07606
5.91709
10.1394
12.6369
10.4083
5.21338
2.34343
.944805
1.61975
3.61779
4.52158
4.72139
4.8
4.8
3.6524
1.75426
2.80613
5.80319
2.19931
-5.79285
-7.20562
-4.20855
-.615319
3.38076
3.39563
.698269
1.19909
3.89644
2.75687
-1.03941
-1.30565
.892192
2.97276
4.9708
4.98181
3.58318
.437151
-3.95854
-2.31695
3.67717
3.8858
-.110285
-2.54957
-3.8483
-3.53805
-2.03952
-1.28546
-1.08566
-2.71216
-5.70922
-4.66808
-.572092
.179753
-1.61848
-.0841326
4.01185
3.32329
-1.0724
-1.93423
-.0360928
3.14768
7.34357
6.19212
.797407
-.434381
1.66356
2.98717
3.68648
1.07895
-4.21586
-1.65735
7.33384
6.25608
-3.13472
-1.51111
9.27832
11.4834
6.48834
3.55038
2.35155
3.8497
7.64598
6.98153
2.48594
2.75611
7.1518
10.0003
11.4988
9.43587
4.24096
3.75954
7.45592
5.08434
-2.70802
-3.19329
2.90074
2.8671
-2.72742
-1.17362
6.91844
9.70838
7.61044
2.87141
-4.32154
-4.39505
2.19849
3.70398
.407216
.131163
2.72862
2.92894
.830997
1.9847
6.28049
6.93227
4.03511
1.74294
.044601
.00351478
1.60195
2.24993
1.95022
-.442266
-4.93786
-5.11544
-.919552
1.44718
1.94669
2.98785
4.58629
5.15477
4.65526
4.2046
3.80499
5.30287
8.79944
5.94806
-3.64254
-5.89733
-.302815
2.4558
2.15609
4.585
9.97971
12.3232
11.3242
8.94833
5.05214
.730415
-4.06489
-2.03254
7.65797
10.0803
4.28597
3.3013
7.7969
7.0845
.391064
-1.57935
1.91722
4.58384
6.28218
6.69496
5.59604
2.16556
-4.02837
-4.71426
1.17996
4.71728
5.41659
6.11591
6.81522
7.11013
6.91033
5.8605
3.76256
2.19912
1.3
2.26343
5.5602
7.92981
9.12863
8.26158
4.76501
2.27489
1.07606
-1.38609
-5.48208
-6.93265
-4.93461
-2.33216
1.06451
2.05453
-.143317
-1.78502
-2.68414
-1.70955
1.78703
4.77494
7.07268
5.78404
-.409885
-1.31219
5.08154
7.33695
3.84038
3.79706
8.59236
7.59031
-1.60069
-4.69202
.902497
2.76436
-.732209
-2.39178
-1.39275
-.231228
1.1674
3.01077
5.50832
5.5113
1.81492
.520903
2.81865
4.08047
3.78076
4.03612
5.13505
4.30083
.504546
-.426035
3.07054
6.64523
10.3416
11.4729
8.57576
4.86656
-.128546
-2.43054
-.432497
.493782
-.305435
-.0383706
1.95967
3.31366
3.61336
4.06383
4.76314
6.43731
9.73408
10.8302
8.23279
6.19187
5.09295
6.50369
12.1981
13.4505
7.05676
2.01409
-.683269
-.620346
4.27486
6.96651
5.76769
3.77845
.381779
-1.37121
-.172389
-.608237
-4.00491
-4.39763
.697378
3.40254
1.7042
1.92806
5.72434
7.26166
4.5643
3.14557
4.14459
4.73128
4.53147
4.36583
4.26593
5.69469
10.0904
11.9868
8.9897
6.16053
3.66298
3.30193
7.19811
10.9283
14.325
13.6638
4.77249
-.0521584
3.44441
5.9304
6.33001
6.85923
7.65845
6.33193
.537605
-2.59969
-.102138
2.04543
3.44406
3.23003
-.466348
-1.64872
2.64707
5.41262
4.81321
5.1448
7.54245
8.08984
4.49337
2.27578
3.1749
3.25197
1.45373
.23025
.330152
2.29344
8.58727
10.2231
.932233
-3.87954
1.91478
5.70533
4.70631
3.85364
3.35413
3.66874
5.96649
7.1668
5.66827
5.63263
9.2291
10.2616
4.86691
.886829
.487221
.115709
-.183997
.40913
3.30629
4.23638
.0404901
-2.17471
.822348
2.72686
1.72784
.0508724
-3.4457
-4.46544
1.22898
5.5069
5.90651
6.01428
5.31497
5.56371
8.46087
9.13621
3.54169
1.06037
7.4541
10.6809
4.78667
2.36748
10.0599
14.8365
11.0402
7.19359
3.19751
1.12368
4.82006
7.15416
5.35593
3.70513
2.5063
1.69751
2.09712
3.22216
6.61883
7.97674
2.88173
1.04591
9.6375
14.7372
8.54324
4.36155
6.75921
7.37027
2.07546
-1.21777
2.1789
4.68594
4.18643
2.66925
-2.32586
-5.99823
-5.09911
-3.02214
3.17179
8.68286
11.7798
12.9337
7.13942
2.77309
3.5723
4.11424
3.71463
3.65493
4.85376
6.03154
7.13046
7.60379
5.70565
3.22911
-1.46629
-4.83169
-3.03345
-.424589
5.36973
9.7993
8.80028
7.50314
5.00559
4.0036
9.0986
12.0116
5.91753
2.08006
7.67458
11.1118
5.41739
1.42354
4.72031
6.85771
3.96055
2.19212
5.38899
7.67046
5.87222
4.2551
3.45588
3.19416
5.39201
6.88103
5.08279
3.40723
2.3083
2.0585
5.85478
9.257
10.7555
11.3394
7.44325
4.28371
4.78322
4.47198
.0762854
-3.06044
.236325
4.47005
13.5611
19.8116
11.1201
4.46204
8.65793
11.2037
4.80997
-.338689
1.35965
3.05798
4.75632
6.1251
5.62559
5.70265
9.09932
11.256
6.16099
2.33252
6.0289
8.84508
6.34753
3.35995
-2.63418
-7.2478
-3.25171
-.221888
-3.31885
-5.22202
.572305
5.33564
3.3376
1.84742
3.74556
5.65652
7.65456
9.22317
7.82454
6.50052
5.70131
4.81642
3.31788
2.49376
6.58975
9.34699
2.15404
-3.75724
.0390369
3.85823
7.85431
11.0397
7.84281
4.60169
1.00521
-1.22184
7.76934
14.2845
.0983888
-11.4371
-.347937
8.90089
2.10754
-3.90923
-3.01011
-1.89342
1.20354
4.38775
8.38383
11.7625
9.265
6.77675
4.3791
2.38213
4.38017
6.21782
6.41762
6.28626
2.68979
-.480733
.917896
1.88371
-1.91256
-4.69291
3.99858
11.6827
7.68665
4.16245
6.2604
7.92855
4.33208
1.36722
6.36232
10.4996
3.50645
-2.58978
3.30444
8.67161
6.77347
5.10498
6.70341
8.19363
8.09373
8.05553
8.95465
9.64468
7.04722
4.50177
2.80343
1.31723
3.41517
5.0391
-1.65434
-7.92733
-6.5287
-4.88531
1.40852
6.97766
-1.81372
-9.99284
-5.49725
-1.34105
-4.53791
-7.27989
.312668
7.65623
9.05485
10.2472
6.2511
2.33838
.640045
-.938281
.859957
2.60323
2.70313
2.67851
-1.31758
-5.06077
-.165563
4.53915
2.2414
.0342993
1.43293
2.71434
-1.08194
-4.74442
-2.04707
.478929
-6.01471
-12.2933
-5.89959
.348512
-3.14806
-6.57832
-4.87998
-3.18812
-2.0892
-.934604
6.45815
13.7374
4.6463
-4.3872
-1.78975
.810077
4.20675
7.59376
1.39983
-4.7941
