-39.5889
-15.013
9.56293
12.6923
15.7892
10.9218
6.02657
7.09296
8.19188
11.5716
14.9682
9.75468
4.45987
-1.32881
-7.12313
-3.84839
-.451718
4.02714
8.52274
5.75263
2.85547
1.33016
-.168373
-1.56911
-2.96774
-1.34084
.357499
3.02986
5.72721
6.96647
8.1653
4.22257
.126581
.871333
1.77045
2.57295
3.37217
5.23204
7.13018
-3.6737
-14.9626
-9.06191
-2.46837
-.666626
.931808
2.4346
3.93313
-2.01299
-8.30682
-9.26674
-9.96605
-3.1562
4.03675
1.08
-2.41657
2.32238
7.51729
.904023
-6.38883
-4.44326
-1.94571
-.482966
.915664
-.97144
-3.06938
-1.70108
-.102649
-1.30881
-2.70744
1.2115
5.50729
4.12429
2.32605
3.12899
4.12801
2.80945
1.31092
1.10749
1.00759
2.10774
3.30657
1.74191
-.056328
.535362
1.33458
.757928
.0586134
-1.9221
-4.02005
-.272682
4.02311
-3.80235
-12.7935
-10.3261
-6.72963
-4.40359
-2.20575
.625946
3.52311
-.717705
-5.71281
-2.9543
.642175
-.349438
-1.84797
-.294431
1.60371
-1.15584
-4.45261
-4.97875
-5.17855
-6.09179
-7.09081
2.14328
12.633
.570606
-14.3148
-9.62137
-2.42842
-1.24641
-.846806
-.8
-.8
1.57613
4.27348
.824213
-3.47158
-4.26284
-4.56255
1.25697
7.95041
2.25837
-5.23428
-8.11457
-10.3124
-7.47412
-3.87764
-2.10048
-.601953
-2.21521
-4.31315
-3.9963
-3.29699
-1.7372
-.0388654
1.31606
2.61479
-6.53644
-17.4258
-8.57392
3.61413
3.77998
1.88185
.579182
-.619643
.218468
1.41729
.922587
.123371
2.87235
6.26902
2.41718
-2.77773
-.572788
3.02369
3.26443
2.86482
3.88807
5.1868
-.0276227
-6.52126
-3.85122
.644369
.735117
-.0640998
-3.5995
-7.69548
-7.57281
-6.57379
-.0457294
7.64673
5.78924
1.89306
-2.33165
-6.62744
-2.5658
3.32843
.149526
-5.04538
-3.39059
-.193721
2.10831
4.20626
1.3539
-2.64219
-4.45244
-5.75116
1.43001
10.621
5.87422
-2.21785
-5.72887
-8.12652
-10.3638
-12.5617
-2.68285
10.2045
5.77917
-3.01221
-2.88993
-.492277
-6.03368
-13.6262
-11.7946
-7.49883
-3.99303
-.696263
-4.57059
-10.3649
-6.56912
-.175389
-3.03423
-8.42894
-7.09709
-3.90022
-3.5901
-4.08961
-.775729
3.61996
7.70514
11.7012
7.02484
-.168112
-.950393
.14853
-3.5291
-8.62411
-7.18725
-3.79058
-2.00355
-.704827
-.858723
-1.45814
-1.67626
-1.77616
.17762
2.77507
.74467
-2.7519
.788905
6.58323
7.01882
5.7201
2.38883
-1.60725
2.58076
9.474
4.60988
-4.1815
-3.56171
.234572
.380543
-.71838
-.331297
.567822
1.91157
3.4101
5.4999
7.79765
7.58916
6.49023
-.122481
-8.71406
-6.30743
.0863075
2.385
3.18422
3.83758
4.43699
1.8361
-1.96018
-3.72538
-4.7244
-4.56594
-3.96653
-2.28492
-.186974
-2.62194
-6.81783
-6.13436
-3.53691
.491734
5.08723
1.40454
-5.5886
-2.90292
3.69062
5.67097
5.77087
4.03059
1.53304
-.117547
-1.41627
-3.20769
-5.20574
-4.67698
-3.07854
.829668
5.72487
4.61749
.921116
.844025
2.34256
-1.22554
-7.01986
-1.32531
9.46412
8.65914
2.66501
-1.8151
-5.61138
-4.46682
-1.07015
-.68427
-1.68329
1.68449
7.0792
5.33019
.235184
-.314565
1.28387
1.93529
2.13509
2.67214
3.37145
3.26374
2.76423
4.47758
7.27484
3.2523
-4.14045
-3.06675
2.22806
2.40474
.00708762
1.78466
5.68085
4.95159
1.85463
-2.88939
-8.4839
-9.61177
-8.41294
-4.07058
1.92355
2.23705
-.46031
2.57102
8.66505
7.87936
3.38377
1.67058
1.47078
-1.24497
-5.34096
-3.90579
.5898
5.91895
11.7133
9.58101
2.98747
-1.63049
-5.12707
-2.27038
4.22325
2.54644
-3.84729
-7.77852
-10.2761
-3.33185
9.15592
8.59179
.29992
-3.42554
-4.42456
-3.98935
-2.69062
-2.07567
-1.87587
-.622639
1.2755
4.1002
7.49687
8.61527
8.31557
4.02623
-2.76712
-2.15729
3.13752
3.12643
-.270246
-1.96475
-2.56416
1.01754
7.31137
5.93439
-.459343
1.63573
9.3282
10.1197
6.32339
1.03179
-5.26204
-2.07677
7.51383
10.4492
8.85083
8.31845
8.51825
8.65903
8.75893
8.27049
7.37137
4.36128
-.134311
-1.24025
.0584779
.891233
1.39074
1.25169
.652282
-1.04637
-3.54393
-2.12065
2.17514
1.75892
-2.13726
-2.48284
-.185095
3.82481
9.11962
8.44244
3.24753
1.11336
1.31316
-.802899
-4.69908
-5.44309
-3.74475
-.868465
2.92781
5.10307
6.00219
3.89343
-.602161
1.3409
8.43395
7.673
.579946
-2.54489
-2.44498
1.11477
7.50851
9.36027
7.46213
6.81811
7.21771
8.75827
11.2558
8.7188
1.92546
-.984242
-.584634
-.077538
.521874
1.01419
1.4138
-.107268
-3.30413
-1.50431
4.68962
9.13586
12.033
10.6562
5.46132
4.62964
7.7266
6.79083
2.19533
2.7654
8.06022
6.23354
-2.15824
-5.88928
-5.28987
-.718019
7.57386
10.9833
9.78444
8.27842
6.48019
4.68195
2.88371
3.21937
5.61702
5.23105
2.13408
.297507
-.301906
1.10747
4.50414
6.09995
5.90015
7.24501
10.1422
8.72132
2.927
1.18648
3.58413
7.06508
11.6606
11.0082
4.91422
2.48389
3.88252
4.25942
3.56011
3.68458
4.6836
5.29652
5.49633
7.61878
11.8147
10.7927
4.09924
3.98489
11.0779
12.9008
8.90476
7.0837
7.68311
5.55146
.356553
1.96091
11.2518
15.2661
13.268
11.6885
10.5896
8.33305
4.73657
3.26108
4.2601
6.72833
10.9242
9.90839
2.71544
.893967
5.48946
6.59492
3.49795
1.61948
1.21987
1.85374
3.75188
4.84474
4.94464
8.02886
14.8222
13.988
3.59816
1.9943
11.485
15.3055
11.9089
9.38737
7.98874
7.46138
8.06079
5.49438
-1.19906
-3.0141
1.58139
3.81322
2.9141
3.21282
5.11096
7.09427
9.19221
9.67939
7.98106
7.67508
9.27352
11.1239
13.3218
12.4263
7.23142
4.40803
4.90754
3.17092
-1.72428
-3.65208
-1.35433
-.533236
-1.83196
-1.33451
1.76246
1.36554
-4.12908
-4.16553
3.82663
8.07694
6.77822
9.40334
17.895
20.6891
14.8947
9.14008
3.44566
1.18356
4.18062
5.84297
5.44337
5.7859
7.28444
9.05502
11.2529
9.27448
.6829
-1.56063
6.33164
8.78853
2.4947
-1.09535
-.296131
.0863427
-.213363
.0899689
1.3887
2.38747
2.88698
2.86431
1.96519
2.99541
7.2912
9.29877
7.40063
4.65814
.462248
-.228176
5.16654
9.10847
10.5071
11.5806
12.0801
11.394
8.59676
5.15632
.560824
-.8364
3.55929
6.54136
6.94097
8.64094
12.7369
14.736
12.8378
11.461
11.0614
9.52137
5.82499
5.11808
10.1132
12.8192
11.1208
9.59236
8.39353
7.02583
5.3275
5.00589
7.40354
9.23368
9.93299
10.7319
11.7309
12.235
11.7355
10.7113
8.61335
6.48281
4.28496
4.06375
7.95993
10.2135
9.01468
6.9195
2.92342
2.33171
9.02515
12.3668
8.4706
6.99415
10.7904
13.3063
13.0066
13.5448
15.9424
15.9656
10.6708
7.33706
8.43598
10.022
12.7194
14.5697
14.4698
14.2798
13.8802
12.4654
8.66908
6
6
7.17869
11.1748
13.6195
12.3207
11.1383
10.2392
8.3004
3.80481
1.69
5.48628
8.6843
10.3826
11.3171
10.318
9.43142
8.83201
8.65111
9.55023
11.4744
16.0699
18.6847
16.0873
13.5991
11.4012
10.4779
12.9755
13.6693
9.47338
6.98798
9.18583
9.8449
6.24842
3.91602
5.11484
7.75131
14.4447
19.4519
19.6517
18.0234
11.1302
6.81765
10.0145
12.3239
12.0242
11.1207
8.42332
6.89929
8.89733
9.1368
4.04179
2.14125
10.0335
14.4886
8.29469
4.90579
10.3005
14.328
14.0283
12.7057
8.11017
5.44938
9.04586
10.2791
3.78548
1.56108
13.4494
20.8285
13.136
7.54216
9.04069
10.0869
9.58741
9.7829
12.3803
13.8666
11.469
10.7014
15.6965
18.814
15.2176
12.5298
13.1292
12.1849
5.59139
1.5897
7.18421
12.484
16.6799
19.7706
18.6717
17.2216
14.4243
12.7115
15.2091
16.5718
13.4748
10.9197
10.5201
10.0211
9.12201
8.00643
6.00839
5.76378
12.7569
17.9178
15.4203
12.0254
4.83249
-.470932
2.32633
5.42278
9.81847
12.1417
5.3484
2.19834
15.2855
24.7321
17.739
11.6775
9.87927
8.4886
8.98811
9.6103
10.8091
10.9509
6.05567
2.9252
8.31991
12.529
10.9306
9.11449
6.21733
4.90858
11.602
16.9874
15.6887
13.9861
10.1898
7.59047
11.2868
13.6118
8.61675
4.99155
8.78783
11.2468
6.3516
2.91325
7.60865
10.7761
5.2815
1.60531
8.39865
13.1934
6.30017
.615885
2.11442
3.27223
2.37311
2.00602
4.90318
7.4
7.4
7.50887
8.30809
8.75856
6.96032
5.95514
10.151
14.0865
16.2843
17.0456
8.05445
-.0147168
-1.71305
-3.27461
-3.87402
-3.61671
2.77702
8.49634
9.29556
9.94076
9.44125
9.09321
9.89243
10.3594
8.26148
6.43378
6.73348
7.23235
9.33029
10.8631
7.76611
5.3522
8.64896
11.0761
6.08105
1.86731
4.46476
7.04205
9.4397
11.2242
7.42792
4.17449
5.97272
7.30556
4.2086
1.92092
7.51544
12.1629
7.36759
3.35642
7.35251
10.2331
1.44171
-6.2422
-2.04631
1.84162
2.34113
3.32016
9.71389
14.8306
5.14012
-3.50603
.290246
3.9885
6.48606
8.52826
4.83188
1.52153
3.21986
5.4049
14.0964
21.254
7.26771
-5.38008
1.01366
7.0191
7.3188
7.62468
8.02429
8.41195
8.61175
8.70177
7.00343
5.2716
2.97386
.8
.8
.981679
4.47825
7.50029
1.50617
-3.96483
.930368
5.65524
6.85407
7.7708
2.57589
-2.34103
-.942403
.412048
.711755
1.12989
4.52656
7.58615
1.69192
-3.96914
-3.07002
-2.09008
1.30659
4.5271
2.12945
-.205683
-.405487
-.552377
1.24586
3.1617
9.75524
16.0873
11.0922
6.16912
4.67059
3.29499
8.39
13.385
12.4859
11.5132
5.61898
-.114556
6.57888
13.1395
7.54503
2.01767
4.01572
5.98142
3.28407
.612304
3.10986
5.58518
.590074
-4.39738
-1.79993
.797526
