-1.99788
2.69752
7.39292
-.580114
-8.57228
-5.51377
-2.41681
.878875
4.17564
-1.25402
-6.74864
-4.02889
-1.23163
.182815
1.58144
1.69858
1.79848
1.11133
.412018
.59637
.796174
-1.74772
-4.34518
-2.34633
-.248389
-2.44475
-4.7425
-3.43637
-2.03774
-2.77765
-3.57687
1.9296
7.62402
7.60637
7.40656
3.14876
-1.24693
-3.81058
-6.30813
-4.09054
-1.69289
-.927779
-.228464
-.104164
-.00426201
.765121
1.56434
-2.69499
-7.19059
-6.63801
-5.83879
-7.22579
-8.72432
-9.08457
-9.38428
-6.65482
-3.75766
-7.47308
-11.5691
-3.97562
4.31625
1.88371
-1.21325
-6.28166
-11.4766
-7.20957
-2.31436
-3.58927
-5.28761
-4.56038
-3.66126
-.993341
1.80392
1.7213
1.42159
-.175958
-1.87429
-4.59021
-7.38747
-3.7229
.472987
4.02406
7.52064
2.19286
-3.90117
-5.95932
-7.65765
-5.05414
-2.05707
3.67998
9.6741
4.09381
-2.59963
-3.47282
-3.77253
-3.43702
-3.03741
-1.9134
-.714576
2.92381
6.81999
5.39683
3.39879
2.57026
1.87095
-1.25207
-4.64874
-3.56686
-1.96843
-.727498
.471328
-2.96718
-6.96326
-2.59488
2.79983
-3.08151
-10.3744
-4.90996
2.18309
-3.89491
-11.6873
-4.39735
4.89355
1.07173
-4.52278
-1.16079
3.43471
-3.09667
-11.1887
-10.5391
-8.64093
-6.30668
-3.90903
-2.81677
-1.91765
-2.49464
-3.29386
-2.18712
-.78849
.696578
2.19511
-5.44809
-14.5392
-7.36739
2.42301
4.83021
6.02904
4.82951
3.23108
1.20535
-.892597
-3.41686
-6.01431
-8.18643
-10.2844
-9.75128
-8.75226
-2.75732
4.13593
.469077
-5.12544
-.184335
6.70891
4.43643
.440347
-1.87787
-3.87591
-3.86521
-3.4656
-5.82155
-8.71872
-5.28461
-.589214
-3.20752
-7.30351
-1.20101
6.99096
2.27881
-5.11394
-7.96794
-9.86608
-6.49527
-1.99968
-1.61066
-2.11017
-2.03613
-1.83632
-1.22782
-.528506
-2.4386
-4.93615
-1.08854
4.20627
.0873891
-6.20644
-7.15713
-6.85742
-4.05413
-.657454
-.805652
-1.80467
-.312242
1.7857
-1.80868
-6.80379
-7.40011
-6.9006
-7.03935
-7.33905
-4.85324
-1.65637
-1.95269
-3.15151
-4.9047
-6.80284
-3.01305
2.28176
.563084
-3.03339
-1.20595
2.09081
-1.19899
-6.294
-8.33859
-9.53742
-10.4242
-11.2234
-3.46192
6.7281
.849002
-9.64072
-6.88944
-.295897
3.43987
6.33703
4.91989
2.22253
-2.70334
-8.29786
-5.84417
-.948963
1.04099
2.13991
-1.03161
-5.52721
-7.74093
-9.23947
-6.8688
-3.27233
.626831
4.62291
1.52435
-3.87036
-4.44721
-3.44819
-1.398
.999653
1.97444
2.47395
5.96113
10.4567
6.60876
-.0846812
-.239693
1.85825
5.43829
9.53427
7.49583
3.29994
3.67426
5.6723
6.27352
6.37342
1.41414
-5.3792
-7.05375
-6.85394
-2.86178
2.53293
.581496
-4.1139
-5.18238
-4.88268
-8.56181
-13.7567
-12.0255
-7.62985
-5.03293
-3.13479
-2.24122
-1.74171
-3.17431
-5.37215
-3.35954
.336834
.617153
-.48177
1.11625
3.8136
1.9105
-1.88578
.458447
5.35365
4.12538
.329098
-1.36151
-2.16073
-.860149
1.3377
4.30331
7.60008
6.58155
3.68439
2.10594
1.10692
1.56131
2.66023
.653512
-2.74316
2.25603
11.0474
8.3788
.486533
-3.71067
-6.20823
-3.7249
1.0704
2.12375
1.42444
-.224633
-2.32258
-1.71477
.183374
.8
.8
-.141533
-1.54016
-2.20117
-2.50088
-5.80932
-10.6046
-4.40019
7.28835
6.94597
.552234
-1.46745
-1.26765
-4.83427
-10.3289
-8.64238
-3.24766
-.54608
.752647
1.52745
2.02696
2.72236
3.52157
2.95371
1.65499
2.36825
4.16649
3.9588
2.66008
.45819
-2.23917
-1.91369
.0843555
3.49303
7.68892
7.15443
3.95756
-.705059
-6.19967
-3.56212
3.73073
5.25994
3.4617
-.230769
-5.02607
-3.65274
1.34237
4.51774
6.61568
4.96041
1.06422
-.898863
-1.69808
-1.25405
-.0552295
1.20556
2.50429
2.38229
1.38327
1.36945
1.96886
3.61172
5.90946
5.3316
2.93395
.780251
-1.21779
-2.85108
-4.24971
-4.25464
-3.35552
-1.49
1.00755
1.03673
-.561703
1.20034
5.19643
5.66356
3.76542
2.10574
.607213
-.891318
-2.38985
-4.06606
-5.8643
-6.18679
-5.48748
-3.14081
.35576
1.62408
1.32438
2.60262
5.00027
4.36909
1.57184
.341949
.242047
-1.24637
-3.74393
-4.45404
-3.85463
-2.16341
.334139
2.71716
5.0149
3.77419
-.121987
-.719354
1.17879
.582991
-1.91456
.276105
6.07043
6.68618
3.28951
2.97795
5.0759
3.8759
.0796243
-1.09869
-.199568
1.31011
3.30815
1.54512
-3.25018
-3.36078
.335601
2.16475
2.46446
-.683354
-6.67748
-3.23847
8.05047
9.83148
3.63754
2.53233
5.72919
4.17939
-1.41513
-2.97887
-1.08073
1.45998
4.55695
3.91927
.0230844
-1.64053
-1.34082
-.405592
1.09294
.00599664
-3.39067
-5.89367
-7.59201
-6.98592
-4.28856
-.912901
3.08318
2.40091
-2.59419
-4.17142
-2.57299
-.974558
.623875
1.29721
1.09741
.232021
-1.26651
-1.03095
.867193
2.00323
2.40284
5.53545
11.3298
10.5197
3.22682
-1.05286
-2.35158
-.999043
2.99704
4.85051
4.55081
2.7125
-.684172
-2.4
-2.4
-1.51366
.284572
2.1809
4.17894
4.12532
1.92747
1.43249
2.73122
1.65552
-1.94095
-1.19386
4.20086
5.75028
3.15282
5.00731
11.7007
11.3383
3.24629
1.70629
7.40071
7.84672
2.452
1.29514
4.89162
4.97123
1.07505
-1.70043
-3.19897
-1.7215
3.1737
5.24435
4.04552
3.90719
5.00611
3.44211
-1.25329
-3.38855
-2.48943
-.22468
3.6715
5.70935
5.50954
4.90357
3.80465
3.6044
4.50352
6.56583
10.0624
9.23839
3.04446
1.59559
6.09118
10.8517
15.9467
14.8001
5.70902
1.03759
2.03661
1.68517
-.412773
-.429078
2.26828
4.62026
6.5184
5.19335
-.40117
-.43427
6.95849
10.7741
9.77513
9.03044
8.63084
7.64053
5.84229
4.08605
2.38771
2.94664
6.64302
8.8416
8.94151
8.04758
5.74983
3.03994
-.256829
-3.06138
-5.15932
-5.42026
-3.02261
-1.31561
-.616299
.366031
1.76466
4.69222
9.88713
11.7988
8.80176
5.92423
3.22687
2.11542
3.41415
2.42466
-2.07093
-2.87645
2.01875
4.45315
3.05452
1.22838
-1.26917
-1.21458
2.88141
3.01467
-3.17926
-4.51198
1.98166
7.29477
10.6914
10.2995
3.706
1.06991
4.96609
5.93773
2.04154
2.88226
11.6736
15.6788
11.5828
9.88576
12.2834
11.1568
3.96385
2.2847
10.177
12.6576
5.66449
1.01938
.519871
1.13412
3.73158
4.14937
.6528
-.462836
2.73403
4.41125
3.31233
4.42753
9.62244
10.274
2.48161
-.792831
4.40208
8.62938
11.027
11.7753
9.37767
6.26253
1.76694
-1.40382
-2.00323
-.00201982
7.09103
10.3225
5.92685
1.09718
-4.59724
-4.11887
8.7685
14.0349
3.84487
-3.6887
-5.78665
-5.04842
1.54512
5.74077
4.94155
4.11013
3.21101
3.17622
4.97446
5.15005
1.85328
.0110705
1.3098
1.91717
1.01805
2.30498
8.39901
12.3517
11.5525
9.55063
4.85523
.466248
-3.23013
-4.03412
1.7602
6.52601
8.92366
9.84863
7.35108
5.57014
5.47024
6.23056
9.02782
9.61504
4.91964
.751127
-2.14603
-2.62991
2.7648
7.00432
8.40295
7.87974
2.58493
-.373837
2.52332
3.69464
.497769
-1.94048
-2.43999
-1.82346
1.67311
4.94804
7.6454
7.61932
.426365
-2.2052
7.2855
12.4102
5.81668
1.13461
1.63412
1.35857
-1.03908
-.757144
6.93532
11.7309
8.43418
6.96714
10.6635
12.8552
10.7572
8.06711
3.67142
.527758
1.02727
2.23674
5.53351
7.79872
6.9995
6.25021
5.6508
4.28356
.587183
-1.56111
1.03635
3.51192
5.60986
6.11184
1.61625
.142824
8.23489
12.9726
6.97849
2.06968
.671055
-1.00835
-3.60581
-4.30067
1.29385
5.64601
5.84582
5.47535
3.1776
1.60353
2.50265
3.44661
4.54553
5.19999
4.30087
3.11539
.917544
.291597
5.2867
7.72874
.935397
-2.44892
6.64217
11.8667
2.77565
-3.30546
1.88945
6.16682
6.96604
6.1953
-.598038
-4.83369
.860725
4.67043
1.07396
-.114125
8.27765
13.9268
8.53208
4.18032
4.08042
4.48706
6.98462
8.30567
4.7092
1.38
-.81785
-1.18285
6.3098
11.6894
7.89314
5.94723
12.1412
16.1381
10.3438
5.14719
2.64964
.456669
-.342548
-.362058
3.23442
6.53297
8.43111
9.56677
7.06922
4.76013
3.3615
2.471
4.06943
4.52943
-.665479
-4.47053
-1.27366
2.07036
6.16634
8.30765
.31548
-5.6659
-1.07041
1.93304
-3.56157
-7.14144
-.348097
5.33851
4.93891
3.96263
-.23326
-4.02469
-5.52323
-5.80948
.883965
6.46871
5.56959
4.29627
.799692
-1.60374
2.59215
5.83598
3.23852
1.33132
3.72897
6.11301
8.41076
8.87086
-2.51798
-10.3248
5.35981
17.0076
1.72262
-10.3302
-.439901
7.85898
5.16162
3.19791
6.39477
8.62477
3.92937
-.332474
-1.4314
-2.11566
.281985
2.4
2.4
2.43437
2.73407
2.85362
1.55489
.942144
5.83735
10.0261
8.42767
6.77587
4.67793
3.7953
13.286
21.214
15.5195
9.94616
5.45057
2.01315
8.20708
13.0051
4.81314
-1.93514
5.058
10.8419
4.84774
-.244851
3.65133
6.83466
2.73868
-.494539
5.29978
10.5404
9.84105
8.77551
3.6805
-1.22757
-4.02483
-6.30653
-2.61015
.8
.8
.558714
-2.63815
-5.23278
-.237675
4.35711
3.75769
2.99141
-.00564867
-2.46215
2.53296
6.92442
2.72854
-1.25729
-2.15641
-2.5311
5.06146
12.3971
15.6939
18.4071
11.6137
5.2949
6.99324
8.51381
6.91538
5.49862
7.39676
9.04016
5.84329
2.57443
-2.12096
-6.48491
-3.98736
-1.41487
2.78101
6.70312
4.40538
2.30442
4.90187
7.03706
-2.45364
-11.5021
-8.80478
-6.07313
-2.37675
1.2
1.2
1.04206
-4.15285
-8.95847
-.466792
7.62538
1.03184
-5.2922
-.896509
3.41352
4.01294
4.39416
-5.59605
-15.2175
-5.42706
4.15999
1.76234
-.595587
-.295881
.0204046
1.61884
3.18165
1.48331
-.203535
-.603143
-.945651
6.94661
14.77
8.67595
2.59466
.796427
-.996679
2.30009
5.59686
