-110.976
-57.5282
-4.08062
.788067
5.58337
2.01599
-1.58048
1.48015
4.57712
4.40167
4.20186
1.92372
-.374023
1.67422
3.77216
2.71565
1.61673
3.76438
5.96223
6
6
3.35428
.656925
1.57793
2.57695
5.23514
7.9325
5.27274
2.47548
2.10838
1.80867
1.70299
1.60308
1.89044
2.19015
2.68309
3.1826
2.42861
1.62939
2.46604
3.36516
1.57539
-.322746
1.51671
3.51475
1.68719
-.310848
1.9861
4.48366
2.69503
.696983
1.55052
2.54954
1.55657
.457645
.589317
.789123
1.17786
1.57746
.374493
-.924236
.411106
1.90964
.591827
-.906704
.498913
2.09735
2.66743
3.16694
1.61405
-.0842819
-1.31714
-2.51597
-.463322
1.83443
1.35107
.651756
1.34006
2.13927
4.32317
6.62092
3.57593
.079361
1.36264
3.06098
1.3655
-.632538
-.708477
-.608574
-1.05667
-1.55618
-.415218
.88351
.909058
.809154
1.43521
2.13453
2.0189
1.81909
1.89035
1.99025
1.18857
.289451
1.54943
3.04797
4.90556
6.80371
6.01472
4.91579
.778114
-3.71748
-4.28918
-4.38908
-.128788
4.66651
4.31211
3.31309
2.93422
2.63451
2.86518
3.16489
2.40619
1.50707
2.45605
3.65488
4.15123
4.55084
3.19818
1.59975
2.01192
2.71123
3.23611
3.73561
.928142
-2.36863
.499538
4.29582
3.24058
1.44234
1.80506
2.50438
2.68624
2.78614
4.95117
7.44873
4.19424
-.00164413
1.45573
3.85337
2.40534
.3074
1.10843
2.40715
4.21629
6.11443
5.21178
3.81316
2.58388
1.38505
2.97409
5.07204
3.88286
2.08463
2.38862
3.08794
3.1161
3.0162
.991253
-1.4064
1.28957
4.98594
4.43371
3.03508
1.71956
.420833
1.9412
4.03915
5.39262
6.59144
4.90197
2.60422
3.59956
5.29789
6.50344
7.60237
7.39032
6.89081
5.73738
4.43865
2.97683
1.4783
1.93213
2.83125
4.5419
6.44004
5.82851
4.62969
4.96532
5.66464
5.8
5.8
4.83556
3.63674
3.96121
4.66053
7.11935
10.0165
11.318
12.2171
11.2858
9.88716
9.91756
10.3172
12.0631
14.161
14.442
14.2422
13.412
12.4129
11.9642
11.6645
9.95335
7.85541
10.2158
13.8122
14.678
14.7779
14.8778
14.9777
13.4474
11.4494
14.2522
18.4481
14.2251
7.53168
10.6995
16.7935
19.2758
20.6745
19.0837
16.5862
16.3058
16.7054
17.7151
18.9139
21.4819
24.4789
24.7448
24.1454
21.6542
18.5572
20.0642
23.0613
22.9719
21.873
23.5522
26.1496
26.0511
25.0521
25.0988
25.4984
24.6315
23.3328
26.0463
30.1423
33.1267
35.7242
37.1391
38.1381
38.5474
38.7472
37.2561
35.1582
38.6327
44.1273
46.8431
48.5415
50.3857
52.2838
55.1275
58.3243
60.7233
62.8212
67.4512
73.0457
77.4859
81.4819
86.989
93.083
95.0153
95.315
102.914
113.403
120.111
125.306
134.273
144.762
154.755
164.546
170.373
174.568
185.469
199.156
210.942
221.931
233.061
244.25
256.209
268.497
282.181
296.467
308.874
320.462
335.174
351.258
366.097
380.383
400.121
422.299
437.596
449.784
465.815
483.597
498.095
511.083
531.371
555.047
571.717
585.104
604.528
626.806
644.079
658.964
671.826
683.715
704.615
729.89
739.541
741.539
750.089
761.878
769.733
775.627
778.198
779.097
798.023
826.095
834.278
832.28
839.637
851.826
855.474
854.675
853.941
853.242
853.588
854.487
853.758
852.16
850.756
849.457
852.365
857.56
859.077
858.578
859.3
860.699
861.008
860.708
860.408
860.108
859.363
858.364
864.099
873.69
875.426
872.629
872.8
874.698
870.616
863.023
862.208
865.405
866.037
865.138
864.052
862.853
861.032
858.834
861.346
866.741
865.094
859.1
858.093
860.191
860.632
860.032
858.515
856.417
853.831
850.934
844.45
835.659
829.534
825.138
820.078
814.583
808.667
802.473
798.38
795.682
782.637
762.657
753.229
750.931
743.166
731.678
727.059
727.159
717.932
702.248
696.035
696.435
698.007
700.405
699.88
697.283
695.21
693.511
685.369
672.582
673.101
683.291
684.083
677.989
672.699
668.004
662.048
655.155
658.535
669.624
672.125
668.129
668.27
671.567
672.661
672.062
671.012
669.613
670.122
672.12
669.926
664.431
652.753
636.17
635.794
648.381
649.299
640.807
631.103
620.413
610.767
601.976
598.875
600.474
600.109
598.111
591.93
582.239
573.361
565.169
557.57
550.477
544.405
539.21
533.748
528.053
525.4
525.4
522.37
516.676
509.922
502.229
496.067
491.272
490.787
494.184
494.962
493.363
486.86
475.871
473.251
478.346
477.589
471.395
469.948
472.945
472.755
469.558
466.566
463.769
463.726
466.323
471.004
477.697
478.621
473.926
466.962
457.771
453.953
455.452
452.898
446.305
442.551
441.652
436.683
427.592
421.665
418.968
417.452
417.152
411.703
400.914
394.472
392.574
389.362
384.766
379.105
372.311
366.628
362.133
354.993
345.003
339.704
339.504
340.83
343.827
340.889
331.399
325.502
323.603
320.905
317.308
313.524
309.528
303.898
296.405
285.378
270.293
260.024
255.328
246.621
233.234
226.413
227.312
222.497
210.908
202.005
196.311
189.71
182.017
173.964
165.472
160.395
159.496
156.808
151.913
150.091
152.089
150.761
145.266
139.683
133.989
131.327
132.526
131.537
127.741
126.863
129.76
131.14
130.54
130.027
129.628
129.959
131.257
134.866
141.56
147.529
152.524
155.485
155.684
159.682
168.873
177.014
183.707
194.706
211.689
232.251
257.826
280.709
299.79
325.713
361.378
393.721
421.294
456.868
504.022
547.722
586.385
629.211
678.163
722.448
759.811
800.218
845.174
889.93
934.387
974.244
1007.11
1047.95
1101
1146
1178.56
1212.5
1248.56
1288.28
1333.74
1372.43
1400.4
1428.03
1455.1
1483.86
1515.33
1547.86
1582.13
1620.45
1665.4
1708.59
1748.85
1787.16
1822.23
1861.88
1909.23
1958.22
2009.97
2058.54
2101.7
2142.66
2179.82
2222.57
2275.02
2318.42
2346
2379.02
2421.68
2468.87
2524.11
2576.79
2624.84
2665.89
2694.26
2735.39
2799.83
2857.63
2903.18
2943.56
2974.33
3002.29
3024.97
3058.84
3113.89
3157.46
3179.13
3202.25
3228.12
3260.38
3305.04
3344.46
3373.63
3396.79
3408.08
3420.87
3436.66
3455.93
3482.2
3500.43
3502.32
3504.19
3505.99
3508.11
3510.91
3515.39
3523.38
3525.64
3515.85
3511.18
3517.38
3516.19
3499.21
3488.14
3489.83
3489.36
3484.17
3481.22
3483.22
3480.66
3467.97
3454.91
3441.03
3419.57
3381.01
3350.52
3338.43
3321.71
3294.34
3268.65
3246.87
3219.03
3176.97
3148.05
3150.25
3146.94
3130.45
3115.37
3103.69
3094.5
3091.4
3090.09
3093.19
3099.19
3112.37
3130.09
3159.16
3181.3
3185.9
3193.86
3210.45
3228.62
3250.9
3277.72
3316.38
3352.95
3384.02
3410.2
3423.39
3447.37
3500.32
3545.73
3570.71
3594.64
3615.72
3634.17
3645.36
3665.24
3709.4
3745.63
3759.52
3775.71
3798.49
3817.43
3825.33
3831.12
3830.82
3832.17
3838.36
3839.38
3824.99
3817.32
3829.81
3831.87
3802.3
3778.55
3772.65
3767.1
3762.61
3755.26
3738.97
3724.73
3716.94
3702.89
3668.82
3644.31
3650.7
3649.96
3625.88
3600
3568.13
3536.17
3503.9
3484.59
3509.06
3526.42
3519.42
3506.87
3475.1
3449.13
3443.44
3440.7
3448.39
3446.65
3411.18
3382.92
3380.73
3377.09
3368.2
3360.58
3357.69
3351.72
3334.23
3319.09
3312.79
3306.08
3297.79
3286.92
3266.04
3249.44
3249.64
3252.67
3266.96
3274.07
3252.29
3231.45
3214.47
3199.59
3193.4
3189.17
3193.17
3194.38
3183.79
3173.16
3162.37
3154.46
3159.05
3151.9
3093.06
3043.55
3035.66
3028.67
3025.78
3020.48
3004.19
2985.85
2957.98
2932.34
2917.15
2897.18
2854.42
2817.51
2808.82
2796.98
2769.7
2742.95
2718.77
2694.53
2669.95
2644.74
2616.27
2591.83
2588.34
2581.11
2554.23
2529.38
2515.29
2501.58
2489.89
2475.43
2445.76
2419.55
2412.66
2405.15
2394.16
2380.05
2347.98
2319.53
2312.24
2303.44
2285.65
2267.35
2245.87
2229.25
2242.43
2250.33
2225.26
2199.63
2170.45
2142.21
2119.93
2100.45
2099.35
2098.01
2095.01
2092.27
2091.27
2089.65
2083.76
2079.44
2086.24
2091.89
2089.4
2085.93
2075.44
2065.76
2062.06
2058.68
2057.68
2058.63
2074.62
2087.66
2077.57
2068.38
2066.38
2065.31
2071.8
2076.44
2065.55
2056.07
2058.67
2060.89
2059.79
2058.15
2051.76
2046.47
2051.27
2056.63
2067.22
2076.66
2075.16
2072.79
2061.9
2052.24
2054.83
2055.65
2038.27
2022.86
2028.16
2032.52
2026.93
2020.82
2009.03
1996.81
1979.73
1964.22
1967.02
1966.23
1922.78
1883.1
1889.69
1894.91
1882.82
1869.67
1842.7
1817.08
1809.58
1801.6
1786.81
1772.16
1759.37
1747.19
1743.89
1740.39
1733.69
1726.41
1709.93
1693.39
1675.9
1658.77
1647.48
1635.74
1616.16
1597.39
1593.29
1588.28
1565.9
1543.39
1518.21
1493.24
1472.46
1452.57
1451.87
1450.16
1425.48
1401.13
1384.55
1367.96
1351.28
1334.5
1315.32
1296.09
1275.51
1254.83
1231.05
1207.6
1194.31
1180.79
1159.41
1138.08
1118.29
1098.54
1079.96
1061.47
1046.88
1032.22
1013.63
995.128
980.542
966.225
967.723
968.831
943.755
918.851
907.162
895.384
875.404
855.468
840.583
825.705
811.918
798.04
765.572
733.089
695.625
658.172
630.199
602.227
