24.4207
70.2757
116.131
118.893
121.591
121.799
121.999
121.503
121.004
121.793
122.592
121.61
120.611
122.674
124.772
121.547
118.25
116.724
115.226
113.04
110.842
113.642
116.539
116.6
116.6
115.234
113.835
113.8
113.8
118.952
124.247
118.87
113.176
116.485
120.082
118.171
116.073
116
116
110.9
105.605
109.241
113.237
111.675
109.877
113.052
116.448
114.309
111.912
112.848
113.947
109.818
105.422
107.856
110.653
109.001
107.103
113.896
121.189
115.567
109.173
105.507
102.011
107.245
113.039
113.4
113.4
111.904
110.306
110.386
110.586
107.528
104.231
109.016
114.411
112.39
109.792
112.098
114.795
110.846
106.35
100.657
94.8629
101.386
108.978
110.517
111.516
111.691
111.791
107.416
102.621
106.301
110.797
111.018
110.818
107.624
104.127
104.615
105.514
102.98
100.082
103.677
107.972
110.379
112.577
109.658
106.161
104.367
102.768
103.226
103.925
105.516
107.214
104.819
101.922
101.777
101.977
102.797
103.696
103.711
103.612
100.16
96.264
96.944
98.2428
99.8927
101.591
100.573
99.1748
98.2132
97.3141
99.3805
101.878
103.505
105.004
107.805
110.802
109.381
107.283
105.703
104.205
100.636
96.7403
100.416
105.311
103.338
100.242
102.541
105.738
102.696
98.6001
98.7674
99.6665
99.4597
99.0601
98.5756
98.0761
100.456
103.353
102.448
100.85
103.887
107.783
105.877
102.88
100.89
99.0916
99.888
101.187
102.318
103.417
97.9352
91.1418
94.6542
100.249
100.371
99.3718
99.3654
99.5652
99.4349
99.2351
100.517
102.116
102.318
102.218
103.101
104.2
103.01
101.312
104.996
109.891
110.149
109.35
108.713
108.114
108.243
108.542
106.339
103.541
103.161
103.361
103.882
104.482
107.727
111.623
115.999
120.494
117.73
113.134
111.404
110.405
113.217
117.013
118.196
118.695
119.274
119.873
119.606
119.106
120.729
122.927
121.832
119.834
122.216
125.812
122.933
118.238
121.947
128.041
130.564
132.063
130.309
127.612
128.545
130.543
130.229
129.23
132.304
136.6
135.684
133.186
135.887
140.183
140.056
138.557
139.265
140.663
147.449
155.94
155.049
151.153
151.181
152.48
152.198
151.398
153.527
156.624
160.246
164.042
161.639
157.143
154.137
151.64
154.195
158.491
166.862
176.653
180.456
182.155
182.305
181.905
185.476
190.471
199.792
210.681
218.719
225.712
232.267
238.661
246.51
254.901
260.972
266.167
277.438
291.025
305.838
321.123
332.379
342.07
358.146
376.728
395.811
415.092
434.159
453.14
477.175
503.249
531.382
560.353
589.254
618.126
646.998
675.869
710.02
746.384
773.273
796.151
832.537
874.696
919.925
966.48
1009.27
1050.43
1096.52
1144.77
1191.78
1238.24
1288.76
1341.11
1394.7
1448.85
1504.78
1561.52
1618.33
1675.18
1729.77
1783.32
1840.54
1899.48
1956.93
2013.68
2056.49
2092.65
2149.25
2215.69
2275.8
2332.84
2380.23
2422.89
2458.06
2489.53
2531.13
2577.79
2617
2652.46
2680.3
2704.28
2730.64
2758.21
2769.58
2772.57
2788.25
2810.53
2825.86
2837.55
2857.6
2882.07
2903.55
2923.43
2920.92
2906.34
2912.52
2930.01
2936.33
2936.53
2950.04
2970.92
2973.01
2964.62
2958.79
2954.39
2961.21
2974.4
2980.34
2982.14
2985.52
2989.82
2985.53
2976.24
2983.31
2999.99
3008.02
3010.92
3009.56
3005.66
3014.61
3031.3
3022.68
2998.7
2995.92
3006.11
3010.31
3010.81
3021.96
3039.74
3027.08
2995.31
2992.48
3007.97
3002.72
2984.23
2985.21
2998.69
2993.21
2975.43
2953.84
2929.77
2911.47
2896.98
2874.52
2846.74
2822.2
2799.82
2771.07
2738
2716.04
2701.66
2688.34
2675.75
2661.27
2645.49
2630.29
2615.51
2596.97
2575.79
2555.43
2535.65
2523.09
2515.7
2518.58
2528.87
2525.62
2512.53
2499.21
2485.73
2479.83
2479.53
2484.38
2493.07
2483.73
2460.85
2448.38
2443.79
2449.85
2464.03
2465.57
2457.38
2449.75
2442.55
2445.12
2455.31
2459.02
2457.62
2451.65
2442.06
2437.8
2437.8
2420.54
2389.37
2372.04
2365.94
2352.76
2333.78
2319.12
2308.04
2284.95
2251.88
2230.55
2219.06
2201.02
2177.45
2152.74
2127.06
2112.83
2108.44
2093.65
2069.88
2045.73
2021.25
2002.73
1989.44
1971.87
1950.49
1933.86
1921.47
1909.61
1898.22
1886.1
1873.31
1864.49
1859.29
1859.92
1865.91
1860.93
1845.74
1832.26
1820.37
1813.83
1812.33
1811.45
1811.15
1806.36
1797.27
1787.92
1778.33
1775.37
1778.87
1780.55
1780.45
1774.22
1761.93
1753.75
1749.65
1741.42
1729.03
1714.41
1697.53
1683.07
1671.08
1654.17
1632.19
1610.8
1590.02
1572.36
1557.98
1542.43
1525.64
1505.71
1482.43
1459.35
1436.47
1416.04
1398.26
1376.98
1351.91
1336.99
1333.19
1317.34
1288.16
1275.78
1282.07
1273.3
1247.62
1224.81
1205.23
1183.97
1160.79
1133.24
1100.67
1071.67
1046.79
1020.72
993.247
965.912
938.738
908.593
874.926
842.807
812.537
786.618
765.938
743.318
718.342
698.759
685.771
665.805
637.233
615.832
603.344
592.542
583.85
572.731
558.544
550.336
549.737
546.731
540.637
534.499
528.305
523.889
521.791
524.356
533.047
537.957
537.857
541.051
548.644
560.537
578.22
594.928
610.313
632.828
665.097
701.229
742.688
786.196
832.55
889.639
961.768
1033.98
1106.31
1194.09
1303.89
1417.49
1536.58
1662.97
1799.93
1939.5
2082.86
2240
2417.43
2589.67
2754.2
2922.95
3097.98
3280.38
3473.89
3651.7
3805.65
3971.98
4157.3
4330.8
4486.05
4650.87
4830.59
4992.21
5125.38
5260.25
5397.81
5534.45
5669.62
5811.07
5962.62
6110.59
6252.75
6395.59
6539.55
6698.32
6881.54
7059.7
7229.44
7401.33
7576.86
7749.23
7916.27
8096.11
8297.82
8494.42
8682.23
8884.87
9113.25
9315
9470.15
9631.22
9802.76
9993.19
10217.3
10424.8
10602.8
10774.8
10936.1
11110.6
11309.3
11501.3
11681.1
11865.2
12057.2
12247.2
12433.5
12603.3
12741.8
12892.3
13066.1
13226.1
13359.9
13492.5
13622.9
13754.1
13886.8
14013.8
14129.2
14241.4
14347.4
14437.1
14493.9
14563
14656.9
14724.8
14739.4
14764.2
14810.1
14861.7
14924.8
14965.2
14957.8
14948.2
14933.9
14920.8
14910.2
14910.6
14934.7
14944.5
14923.1
14898.4
14866.3
14831.6
14791
14744.2
14683.4
14641.7
14643.3
14614.1
14514.7
14431.9
14387.5
14324.8
14219.9
14115.8
14013.6
13919.7
13845.1
13782.9
13750
13710.3
13654.1
13602
13560.1
13525.2
13507.2
13507.4
13552.6
13600.4
13654.4
13723.2
13828.9
13918.4
13965.9
14025.1
14114.3
14210.7
14325.8
14436
14533.2
14627.6
14714.6
14814.3
14948.1
15086.1
15235.5
15373.1
15478.3
15592.3
15730.6
15856.9
15949.8
16055.5
16197.4
16306.9
16324.3
16362.7
16461.5
16546.9
16593.6
16631.7
16644.8
16658.8
16675.7
16671.9
16606.1
16559.3
16570.2
16577.1
16571.8
16559.1
16523.7
16481
16415.8
16347.6
16270.3
16192.7
16114.4
16037.9
15967.4
15907.2
15880.8
15837.3
15737
15641.7
15563.3
15496.1
15466.6
15426.1
15348
15270.8
15197
15136.3
15121.6
15098.3
15044.6
14994.2
14956
14919.5
14889.5
14858.6
14823.9
14792.5
14773.5
14754.3
14735.2
14711.6
14671.3
14623
14543.5
14480.3
14480.1
14477.5
14465.2
14451.7
14433.2
14401.6
14317.1
14249.8
14253
14245.9
14196.5
14149.7
14114.2
14083.3
14072.1
14049.5
13978.2
13911.4
13864.7
13813.9
13745.4
13670
13564.2
13469.3
13423.3
13367.5
13266.5
13181
13167.5
13133.5
13003
12878.7
12783.8
12687.9
12587
12491.5
12422.5
12345.3
12227.7
12115.3
12028.7
11940.1
11840.3
11742.7
11657.1
11565.4
11441.2
11328.9
11280
11222.6
11118.5
11017.5
10933.6
10852
10783.4
10716.4
10657.5
10597.6
10531.5
10464.3
10390.7
10321
10273.8
10223
10150
10081.6
10041.5
9997.93
9932.29
9865.36
9790.24
9719.75
9679.19
9638.09
9593.43
9546.64
9485.6
9429.3
9405.12
9379.88
9347.31
9312.42
9261.17
9217.74
9230.33
9239.44
9223.15
9209.66
9216.96
9221.88
9208.9
9196.18
9185.6
9178.39
9197.88
9214.81
9211.32
9209.25
9218.94
9227.44
9225.94
9225.43
9233.32
9238.82
9223.43
9206.48
9175.61
9146.08
9128.7
9118.01
9169.66
9215.78
9209.29
9204.46
9215.85
9226.04
9224.24
9219.11
9179.94
9145.56
9161.14
9172.46
9137.99
9104
9075.23
9046.26
9014.99
8982.95
8942.09
8900.9
8855.75
8809.03
8743.19
8678.34
8625.89
8572.04
8499.91
8427.43
8350.31
8274.87
8222.72
8168.85
8090.53
8014.85
7977.99
7939.83
7881.98
7824.32
7769.47
7714.37
7655.13
7597.17
7560.91
7522.86
7453.42
7384.81
7331.06
7277.07
7218.42
7160.42
7115.17
7068.96
7002.92
6936.24
6855.62
6774.75
6688.24
6602.72
6540.98
6478.11
6386.8
6296.03
6219.6
6143.44
6074.71
6004.38
5886.5
5771.26
5740.29
5707.5
5612.7
5517.82
5420.41
5323.31
5238.2
5152.95
5062.24
4971.94
4901.31
4831.16
4786.41
4740.99
4656.78
4572.68
4496.86
4421.27
4364.43
4307.45
4238.22
4168.76
4074.15
3979.83
3925.88
3871.69
3767.99
3664.24
3543.86
3423.46
3285.7
3147.93
