11.2227
61.5734
111.924
118.883
125.776
124.506
123.207
117.536
111.842
115.766
119.763
116.633
113.436
110.832
108.234
113.917
119.712
116.553
113.257
115.065
116.964
118.666
120.364
119.911
119.411
115.984
112.487
115.225
118.122
114.798
111.301
111.2
111.2
111.684
112.183
112.49
112.789
108.943
104.947
106.724
108.722
109.76
110.759
112.908
115.106
112.905
110.507
111.927
113.525
112.933
112.234
108.113
103.817
104.928
106.327
106.211
106.011
107.417
108.915
107.397
105.699
105.882
106.182
106.388
106.587
106.131
105.632
106.909
108.307
111.199
114.196
109.745
104.75
111.089
118.282
115.092
111.096
112.28
113.878
109.107
103.813
102.847
102.248
105.509
109.105
110.225
111.125
109.369
107.371
107.2
107.2
106.106
104.907
104.8
104.8
107.613
110.71
110.094
109.095
105.657
101.96
100.969
100.269
99.5702
98.8709
101.583
104.68
106.523
108.221
105.54
102.343
104.319
106.916
103.73
99.8334
104.994
111.287
110.76
109.361
106.548
103.551
105.14
107.338
108.392
109.291
102.375
94.3831
98.3063
103.901
104.512
104.413
100.737
96.5408
99.6551
103.851
105.963
107.761
109.819
111.917
109.866
107.169
104.385
101.588
101.028
100.828
100.886
100.986
101.171
101.371
99.6053
97.5074
97.1147
97.0148
99.8923
103.289
104.309
104.909
106.609
108.507
109.307
109.906
106.46
102.264
103.786
106.384
108.058
109.557
108.126
106.128
105.883
105.983
104.917
103.618
105.644
108.341
108.634
108.434
105.587
102.191
105.644
110.539
113.129
115.227
114.943
114.144
115.393
117.091
118.136
119.035
120.749
122.647
124.383
126.081
126.481
126.581
127.328
128.228
131.953
136.349
136.475
135.576
139.097
143.692
145.482
146.581
146.4
145.9
148.034
150.831
151.798
152.297
153.353
154.551
154.404
153.904
158.145
163.639
161.096
156.401
164.047
175.036
176.067
174.369
175.486
177.384
181.155
185.451
186.633
186.933
186.224
185.225
186.239
187.837
193.529
200.422
203.156
204.654
205.307
205.707
208.406
211.803
211.835
210.836
218.759
229.449
223.177
211.588
215.855
225.146
229.821
233.018
235.309
237.307
241.263
245.858
249.853
253.649
254.75
254.949
259.108
264.603
269.725
274.72
280.384
286.278
295.062
304.853
312.574
319.567
326.412
333.206
347.645
364.828
378.345
390.533
401.478
411.968
431.574
454.551
472.946
489.63
510.811
533.689
558.809
584.783
619.416
657.378
686.635
712.51
742.618
774.387
815.745
860.901
902.06
941.621
989.794
1041.44
1090.25
1137.91
1194.55
1254.89
1315.72
1376.76
1446.11
1518.94
1577.38
1629.73
1696.98
1770.61
1860.78
1958.09
2040.84
2117.27
2195.29
2274.01
2371.42
2477.12
2566.18
2647.8
2745.66
2850.86
2933
3004.63
3105.62
3220.1
3327.77
3432.27
3538.4
3645.29
3726.88
3796.52
3884
3980.01
4069.68
4156.29
4232.55
4303.78
4373.74
4443.07
4503.31
4559.05
4603
4641.06
4696.27
4760.11
4809.24
4850.89
4905.77
4967.41
4994.06
5002.66
5025.37
5055.44
5069.07
5074.07
5102.44
5143.2
5146.98
5131
5148.63
5184.4
5203.08
5212.47
5205.54
5189.66
5198.28
5220.46
5224.87
5219.38
5215.16
5211.67
5205.68
5198.29
5201.25
5210.14
5209.79
5204.09
5219.8
5247.98
5242.73
5217.85
5196.99
5178.51
5192.3
5225.37
5221.77
5196.1
5186.03
5185.43
5184.7
5183.9
5193.05
5208.33
5213.4
5212.1
5209.7
5206.6
5202.46
5197.67
5183.54
5163.46
5155.84
5156.24
5126.89
5078.24
5029.22
4979.97
4932.52
4886.27
4846.8
4811.83
4772.14
4729.28
4687.44
4646.28
4594.6
4535.76
4508.66
4503.37
4479.65
4443.19
4420.79
4408.2
4392.85
4375.57
4359.28
4343.7
4329.69
4316.8
4302.92
4288.34
4276.01
4265.32
4247.02
4223.14
4212.6
4211.9
4210.68
4209.08
4204.86
4198.67
4200.32
4207.91
4222.54
4242.52
4237.36
4212.88
4208.67
4220.16
4220.09
4211
4196.32
4177.24
4162.06
4149.97
4127.61
4097.04
4064.93
4031.56
4001.72
3974.74
3940.69
3900.83
3870.27
3847.39
3806.3
3750.06
3707.39
3676.12
3637.06
3591.4
3557.99
3535.02
3515.37
3498.59
3477.95
3453.97
3436.77
3425.48
3397.45
3354.69
3334.07
3333.07
3315.66
3283.59
3262.72
3251.93
3239
3224.11
3202.86
3175.79
3165.45
3170.55
3170.2
3164.81
3154.46
3139.48
3141.35
3159.13
3170.77
3176.56
3179.96
3181.06
3169.76
3146.48
3136.21
3138.61
3136.62
3130.33
3118.56
3101.38
3084.24
3067.16
3044
3014.73
2987.09
2961.12
2929.16
2891.1
2853.73
2817.06
2779.27
2740.31
2711.22
2692.43
2656.09
2601.24
2563.5
2543.92
2516.57
2480.9
2461.49
2459.59
2449.02
2429.04
2409.64
2390.85
2369.03
2343.86
2318.97
2294.39
2267.79
2238.92
2208.17
2175.3
2128.1
2064.56
2016.32
1985.65
1943.41
1887.76
1830.55
1771.51
1719.95
1677.19
1626.71
1567.06
1516.66
1477.3
1440.93
1408.16
1371.06
1328.71
1294.84
1271.36
1245.69
1217.32
1196.3
1184.41
1165.56
1137.99
1116.33
1102.14
1088.13
1074.35
1064.5
1059.7
1057.65
1059.15
1066.63
1081.92
1093.06
1098.75
1111.32
1133
1160.63
1196.19
1235.25
1279.01
1328.74
1386.59
1450.84
1523.87
1606.01
1700.72
1807.76
1931.94
2061.44
2198.41
2354.3
2536.92
2714.47
2884.8
3083.68
3323.55
3566.03
3812.28
4061.31
4314.36
4575.98
4850.21
5121.14
5387.18
5650.42
5909.47
6167.32
6423.37
6677.59
6929.05
7164.09
7373.98
7597.14
7840.81
8064.12
8255.73
8451.54
8653.94
8859.82
9071.22
9279.22
9481.82
9684.23
9886.34
10119
10401.3
10663.2
10891.7
11133.8
11398.2
11661.1
11921.3
12187.7
12464.6
12756.9
13075.5
13377.1
13649.6
13936.7
14249
14538.3
14787.7
15039.6
15296.1
15552.6
15809.4
16089
16409.3
16709.1
16972.3
17228.1
17470.6
17744.9
18077.1
18381.8
18635.8
18897.9
19174.8
19445.3
19703.6
19934.3
20112.7
20299.4
20501.9
20705.2
20910
21116.1
21324.7
21501.6
21616.4
21740.2
21881.7
22017.7
22142.6
22253.1
22334.9
22417.8
22503.2
22579.3
22636.2
22678.1
22688.9
22699.5
22709.6
22723.3
22744.9
22760.5
22763.4
22757.5
22732.9
22709.5
22688.9
22663
22625.7
22599.7
22598.7
22549.4
22392.9
22233.6
22067.8
21928.6
21849.9
21730.7
21519
21340.3
21237.6
21120.4
20969.4
20836.2
20744.6
20642.8
20516.7
20413
20363
20326.1
20320.9
20333.4
20389.2
20435.5
20458.7
20491.1
20546.4
20604.7
20670.2
20773.8
20973.7
21154.7
21287.4
21422
21561.7
21711.6
21888.3
22065.8
22245.1
22451.3
22728.8
22976.3
23143.1
23316.4
23507
23708.7
23940.7
24158.8
24338
24505
24637.6
24780.5
24952.4
25103
25193.1
25286.7
25390.4
25466
25459.6
25460.9
25485
25494
25458.5
25415.1
25348.1
25293.1
25274.2
25248.3
25200.7
25144.1
25059.5
24974.9
24890.2
24815.4
24772.1
24694.4
24506.3
24334.4
24215.3
24097.3
23983.3
23873.8
23779.3
23694.8
23643.7
23574.2
23442.9
23320.9
23230.5
23156.3
23138.2
23101.7
23000.4
22922.1
22925
22907.6
22817.2
22736.8
22692.3
22642.5
22572.9
22514.6
22497.8
22481.9
22469.4
22436.6
22327.2
22234.3
22205.1
22173.6
22133.4
22103.9
22116.4
22105.2
21999.9
21908.9
21875.3
21838.4
21787.5
21741.2
21713.5
21669
21554.1
21453.7
21414.5
21370.2
21303.7
21232.1
21138.6
21041.7
20930
20811.2
20660.5
20524.3
20453.3
20367.3
20213.2
20068.1
19965
19850.5
19682.6
19508.2
19302.8
19102
18923.3
18752.6
18620.6
18478.2
18284
18098.9
17959.4
17814.6
17642.6
17471.4
17304.8
17143.7
17011.9
16892
16836.5
16767.9
16629
16494.9
16388
16279.6
16162.2
16057.1
16021.6
15976.1
15872.5
15772.2
15691.1
15606.1
15497.6
15397.1
15345.6
15295
15249.7
15198.5
15111
15021.2
14917
14814.4
14722
14631.2
14551
14471.1
14393.6
14323.1
14301
14276.6
14237
14198.2
14164.5
14136
14144.5
14147.8
14112.6
14084.7
14111.3
14130.8
14096.4
14069
14095.6
14115.1
14078.7
14049.8
14080.6
14109.6
14124.6
14132.2
14077.7
14029.8
14037.2
14041.6
14020.1
14002.1
14015.5
14029.1
14044.3
14055.2
14027
14003.6
14027.2
14048.9
14052.1
14053.6
14037.9
14016.9
13941.8
13872.8
13868.3
13858.4
13790.1
13723
13667.8
13612
13548.4
13481
13370.2
13260.1
13158.7
13059.3
12984.6
12908
12807.1
12702.8
12554.1
12413
12372.4
12329.5
12254.2
12177.7
12085.3
11993.9
11916.5
11836.9
11722.5
11610.9
11542.4
11470.9
11351
11234
11165.8
11096.1
10997.9
10898.6
10778.5
10660.9
10591
10517.2
10366.7
10217.7
10098.9
9979.36
9842.49
9706.68
9594.79
9483
9373.61
9263.52
9135.84
9007.98
8875.21
8742.57
8613.5
8484.44
8355.86
8226.26
8063.72
7902.4
7782.92
7664.15
7571.74
7479.06
7375.46
7271.25
7140.48
7010.53
6919.82
6828.43
6701.56
6575.54
6500.22
6424.4
6315.5
6206.97
6126.25
6045.24
5938.35
5831.45
5724.15
5616.33
5432.51
5248.64
5053.23
4857.68
4616.52
4375.38
4158.49
3941.61
