41.4228
91.9733
142.524
145.892
149.188
149.499
149.798
149.601
149.401
146.227
143.03
143.792
144.591
148.057
151.553
147.657
143.661
145.666
147.764
144.167
140.471
143.242
146.139
146.298
146.398
145.229
144.03
142.831
141.632
138.684
135.687
135.697
135.797
136.865
137.964
138.773
139.572
141.239
142.937
141.749
140.45
142.897
145.494
145.312
145.013
145.191
145.391
144.541
143.642
141.6
139.502
139.97
140.57
140.031
139.431
136.371
133.174
134.133
135.332
137.851
140.448
139.095
137.496
138.62
139.919
137.283
134.386
134.48
134.78
133.307
131.709
133.462
135.46
137.829
140.227
139.751
139.052
135.762
132.266
128.861
125.465
125.016
124.816
132.153
140.146
138.415
135.818
132.671
129.474
130.205
131.303
131.673
131.973
131.545
131.046
131.454
131.953
131.004
129.905
131.336
133.034
131.397
129.399
129.38
129.58
128.253
126.755
126.958
127.358
128.83
130.428
130.6
130.6
129.888
129.089
129.089
129.189
131.68
134.478
133.386
131.787
127.984
123.888
122.608
121.709
124.937
128.733
127.185
124.887
126.261
128.159
129.621
131.02
130.156
128.957
128.626
128.426
128.573
128.773
130.01
131.409
129.444
126.946
129.095
131.992
132.142
131.843
133.513
135.511
135.373
134.873
133.606
132.208
133.956
136.254
134.223
131.426
136.504
142.997
142.479
140.681
140.737
141.137
144.227
147.824
145.044
141.048
140.902
141.501
143.938
146.735
144.701
141.704
144.607
148.703
150.892
152.691
152.917
152.817
154.533
156.631
156.671
156.271
158.582
161.479
161.754
161.454
164.016
167.212
170.083
172.88
178.281
184.275
189.539
194.634
197.3
199.398
201.577
203.774
209.034
215.028
221.263
227.557
229.922
231.321
236.638
242.932
245.875
247.973
253.175
259.169
259.05
257.352
261.276
266.671
274.041
281.933
284.94
286.638
288.651
290.749
289.24
286.742
292.535
300.627
308.642
316.634
319.879
321.777
326.314
331.609
335.2
338.297
345.951
354.942
361.083
366.378
372.749
379.442
385.522
391.416
391.271
389.273
396.731
407.121
413.099
417.694
426.007
435.498
435.605
432.708
438.868
447.959
451.48
453.178
457.579
462.874
467.944
472.939
478.383
483.977
494.116
505.804
516.156
526.046
535.343
544.434
566.386
592.86
607.613
618.203
635.924
656.204
677.364
698.843
713.594
725.882
751.298
781.568
814.384
848.151
883.078
918.444
960.537
1005.19
1051.22
1097.77
1152.03
1209.27
1263.43
1316.38
1378.34
1443.88
1510.63
1577.86
1656.62
1740.04
1816.72
1890.65
1968.82
2048.74
2152.8
2266.89
2369.15
2466.46
2562.57
2658.18
2763.93
2874.02
2981.74
3088.44
3205.85
3327.93
3457.65
3590.72
3729.12
3869.88
4004.91
4137.38
4280.04
4427.29
4571.8
4715.06
4863.8
5015.05
5169.78
5326.13
5479.96
5632.61
5784.92
5937.07
6079.34
6216.91
6351.24
6484.01
6636.82
6799.36
6914.89
7007.4
7107.87
7212.27
7310.73
7406.24
7492.37
7573.79
7640.43
7699.57
7780.92
7873.63
7926.15
7957.92
7990.67
8023.94
8060.61
8099.08
8116.51
8122.81
8149.54
8187.2
8206.76
8216.55
8229.64
8244.53
8264.12
8286.3
8285.26
8271.37
8262.23
8255.74
8248.6
8241.11
8258.92
8291.09
8312.27
8327.15
8329.94
8325.74
8321.8
8318
8338.82
8374.08
8369.57
8341.49
8337.94
8349.03
8363.24
8379.32
8395.34
8411.33
8415.11
8411.41
8430.14
8462.7
8479.08
8485.37
8524.93
8585.37
8603.29
8594.3
8604.09
8625.87
8616.22
8586.35
8592.35
8621.62
8592.37
8524.83
8451.88
8375.36
8316.23
8268.68
8207.61
8137.48
8063.53
7987.01
7928.78
7883.03
7857.94
7847.05
7816.8
7773.15
7728.61
7683.45
7652.9
7632.62
7615.9
7601.71
7575.18
7539.81
7533.76
7548.85
7544.5
7526.01
7509.61
7494.72
7476.68
7456.3
7448.57
7450.27
7436.62
7411.44
7429.44
7480.09
7504.1
7507.79
7505.61
7498.92
7502.13
7513.02
7520.04
7524.04
7499.92
7453.66
7443.17
7461.05
7447.96
7410.1
7363.83
7310.78
7267.32
7231.66
7192.75
7151.19
7108.54
7064.98
7026.22
6991.46
6950.12
6903.26
6866.1
6837.13
6782.37
6705.65
6654.77
6626.1
6607.39
6597.3
6549.01
6467.39
6423.19
6411.9
6385.41
6345.45
6311.56
6283.09
6250.41
6213.95
6189.53
6176.04
6160.05
6141.77
6118.13
6089.56
6065.29
6045.01
6053.98
6090.34
6108.2
6108.6
6095.64
6069.97
6070.2
6095.28
6100.28
6085.9
6087.2
6103.78
6099.29
6074.12
6064.46
6070.16
6062.44
6041.36
6005.64
5955.19
5927.02
5921.43
5899.42
5860.66
5821.01
5780.45
5734.88
5684.13
5636.75
5592.9
5554.93
5523.16
5485.09
5440.33
5395.63
5350.97
5311.65
5278.08
5251.55
5232.67
5208.26
5177.79
5146.7
5114.93
5089.78
5072
5043.62
5003.36
4959.58
4911.83
4847.13
4763.11
4683.23
4608.1
4514.18
4398.49
4294.79
4205.08
4108.62
4004.22
3904.85
3811.45
3727.73
3655.6
3584.52
3514.69
3447.06
3382.13
3318.14
3255.3
3197.96
3147.41
3094.37
3038.22
2989.66
2950.6
2918.25
2894.37
2860.82
2814.97
2783.99
2772.1
2759.08
2744.6
2738.05
2741.84
2748.32
2758.31
2770.32
2785
2812.95
2858.6
2912.31
2976.85
3047.95
3127.97
3217.53
3320.13
3429.53
3548.32
3692.89
3873.32
4060.56
4257.37
4486.97
4762.9
5041.3
5323.23
5632.22
5980.08
6351.25
6756.16
7158.05
7555.56
7972.52
8418.08
8838.38
9221.2
9624.49
10058.4
10470.2
10848.8
11223.5
11592
11976.1
12384.1
12755.5
13070.4
13387.7
13708.7
14013
14291
14563.9
14828.6
15119.7
15452.9
15752.5
15998
16285.5
16640.9
16981.7
17298.4
17639.1
18019.5
18400.3
18781.6
19179.4
19604.9
20049.6
20526.6
20965.5
21339.3
21718.2
22105.7
22505.4
22926.2
23336.7
23729.2
24138.7
24578
24992.4
25362.4
25750.8
26172.4
26603.9
27053.6
27475.2
27845.7
28215.6
28584.5
28978.9
29420.7
29864.3
30311.4
30718.7
31050.9
31386.4
31728.2
32041
32297.7
32579.4
32909.2
33201
33418.2
33645.6
33893.2
34113.7
34280.6
34442.6
34594.8
34742.5
34880.8
35003.2
35092.8
35171.5
35227.7
35262.8
35254.1
35243.1
35227.2
35236.7
35300.3
35319.9
35245.6
35202
35224.9
35221.1
35159
35095.1
35026.8
34948.9
34849.5
34716
34506.1
34303.3
34116.6
33902
33623.9
33386.1
33241.3
33052.5
32761.7
32499.3
32303.6
32102.2
31887.3
31694.9
31556.4
31461.7
31473
31485.6
31501.2
31476
31350
31309.5
31481.1
31648.3
31804.5
31968.6
32153
32352.4
32590.1
32819.6
33028
33251.3
33513.7
33796.5
34133
34450.1
34715.2
35006.2
35366.4
35692.4
35925.5
36186.7
36525
36856.4
37169.1
37477.2
37772.5
38048
38267.3
38480
38674.4
38864.6
39043.3
39182.2
39205.7
39242.7
39319.5
39367.7
39331
39293.6
39254.4
39198.2
39090.2
38974
38832.7
38702.4
38606.6
38519.5
38459.4
38352.6
38097.8
37866.5
37710.5
37546.8
37358.1
37166
36962.7
36767.3
36598.1
36447.5
36359.4
36256.8
36105.2
35950.3
35784
35634.8
35544.8
35443.7
35303.8
35179.4
35109.6
35028
34904.5
34802.9
34780.4
34737.5
34619.5
34520.8
34493.8
34459.6
34398.7
34351.2
34354.3
34339.5
34255.9
34160.3
34018.1
33882.7
33773.8
33675.3
33617.9
33557.6
33485
33409.1
33319.3
33226
33118.3
33011.2
32906.6
32804.2
32711
32620
32538.9
32447.7
32312.3
32166.9
31977.3
31799.6
31675.1
31553.5
31444.7
31318.8
31114.6
30901.6
30648.1
30393.9
30137
29889.3
29685.8
29474.9
29228
28977.7
28710.8
28448.5
28209.3
27973.6
27754.9
27534
27301.8
27066.5
26815.1
26585.4
26470.3
26330.1
26056
25804.5
25675.4
25539.8
25368
25194.7
25012.3
24832.2
24665.9
24504.1
24368.2
24222
24015
23821
23704.1
23586.6
23465.6
23342.4
23205.1
23069.3
22943.1
22815.3
22677.9
22549.9
22481.9
22410.5
22316.2
22218.5
22097.8
21979.4
21876.6
21774.1
21674.1
21585.9
21580.2
21567.7
21506.8
21450.2
21425.5
21401.8
21385.1
21373.6
21401.3
21429.4
21460.9
21483.9
21440.7
21398.2
21362.6
21333.1
21354.4
21368.6
21323.9
21283.7
21282.8
21282
21281.8
21282.1
21287
21289.2
21267.6
21251.2
21284.8
21317
21336.2
21351.6
21330.2
21308.4
21282.3
21259.1
21264.6
21269.3
21265.7
21256.6
21188.7
21115.4
20983
20853.2
20752.5
20650.9
20538.3
20424.4
20295.2
20165
20021.7
19875.4
19690.5
19511.4
19408.5
19302
19146.7
18991.4
18834.4
18677.4
18519.2
18362.3
18225.3
18091
17998
17903.7
17789.4
17672.5
17514.8
17360.1
17254.7
17146.9
16997.3
16851.1
16768.2
16679.3
16476.9
16275.6
16095.7
15918.7
15798.5
15675.3
15487.3
15300.6
15145.2
14988.6
14805.6
14621.9
14421.8
14222.4
14039.8
13857.2
13669.7
13480.6
13239.3
12999.5
12804.7
12609.7
12411.1
12213.2
12038.5
11863.5
11672
11480.7
11299.6
11119.4
10983.7
10847.5
10679.8
10512
10330.2
10149.1
10009.9
9870.98
9760.09
9648.33
9456.72
9265.53
9121.97
8977.81
8747.74
8517.58
8270.02
8022.21
7689.94
7357.66
7016.99
6676.32
