-60.1754
-5.62884
48.9177
49.798
50.5972
52.0933
53.5918
51.9109
50.2125
50.6958
51.1953
51.6948
52.1943
51.7061
51.2066
54.7487
58.3452
56.7275
55.0292
52.8399
50.642
53.8336
57.1304
54.2662
51.2691
49.4432
47.645
46.9182
46.2188
47.5609
48.9595
45.7016
42.305
44.1363
46.1343
50.0647
54.0608
52.2715
50.2735
53.183
56.28
53.7111
50.9138
54.1542
57.6508
54.3569
50.7605
51.3635
52.1628
52.0095
51.8097
50.6593
49.4605
49.5897
49.7895
50.6519
51.551
50.0885
48.4901
46.9859
45.4874
44.7415
44.0422
47.2857
50.7823
50.7189
50.4192
48.6237
46.7256
46.1335
45.634
47.4619
49.4599
48.2065
46.708
45.7656
44.8665
48.6853
52.8812
50.5229
47.6258
45.6498
43.7516
43.6919
43.7918
43.7082
43.6083
45.4305
47.4286
46.3213
44.9227
43.5241
42.1254
44.0007
46.1985
47.9426
49.641
50.9771
52.2759
51.2254
49.9266
48.2673
46.5689
50.1784
54.3743
53.2739
51.5756
49.0711
46.4737
47.1831
48.282
48.7567
49.1563
50.2678
51.4666
51.3336
51.0339
49.7597
48.3611
46.7856
45.1872
44.118
43.119
43.616
44.3153
41.6779
38.5809
41.4417
45.138
46.8238
48.2224
46.3067
43.909
44.3832
45.2823
44.0107
42.4123
47.1381
52.8326
51.3526
48.7551
49.4349
50.6337
49.6814
48.3826
46.5688
44.6707
44.143
43.8433
43.4581
43.0585
45.1316
47.6291
47.9149
47.815
47.3756
46.8761
48.5782
50.6761
50.1552
49.1561
46.64
43.8427
46.3431
49.8397
49.561
48.562
46.3912
43.9936
45.27
47.2681
45.434
42.8366
45.1426
48.4394
51.2387
53.936
54.1518
53.8521
50.9942
47.5975
48.6465
50.6446
48.2896
44.9929
47.9232
52.219
51.4469
49.5488
50.4231
51.9217
53.7456
55.6437
57.2173
58.7158
60.781
62.9789
60.0888
55.9928
56.7307
58.6289
58.8392
58.6394
61.7268
65.6229
67.3597
68.5585
70.236
72.0343
71.3653
70.0666
71.7847
74.2823
75.2751
75.8746
72.919
69.0228
73.6374
80.5306
82.7074
83.6066
83.0943
82.1951
83.6425
85.7405
86.122
86.0221
86.5447
87.2441
90.3499
94.1462
91.4381
86.8426
89.5846
94.4798
96.7556
98.2541
100.444
102.842
103.477
103.576
102.453
100.955
105.48
111.874
114.769
116.567
119.2
122.097
119.395
114.899
117.649
122.744
122.494
120.496
126.232
134.524
135.252
133.454
133.448
134.047
136.286
139.083
145.075
152.168
154.445
155.044
158.526
163.021
170.097
178.089
185.273
192.166
197.813
203.008
211.054
220.145
231.57
243.858
255.492
266.88
277.907
288.796
302.651
317.637
340.63
366.705
387.886
407.168
432.907
461.179
489.809
518.581
547.567
576.638
610.692
646.756
683.743
721.107
758.187
795.151
840.09
888.343
936.948
985.7
1035.78
1086.44
1140.87
1196.91
1253.79
1311.04
1371.69
1433.83
1502.63
1574.36
1644.08
1712.92
1783.89
1855.82
1929.81
2004.74
2078.36
2151.39
2229.96
2311.08
2397.66
2486.77
2575.61
2664.33
2741.85
2814.08
2885.63
2956.86
3032.54
3110.36
3176.22
3236.26
3292.14
3345.99
3395.76
3443.51
3495.93
3550.68
3597.45
3640.21
3677.4
3711.76
3750.62
3791.78
3820.49
3842.77
3859.2
3872.59
3891.67
3913.75
3932.24
3948.82
3959.09
3965.98
3970.93
3974.83
3993.15
4019.33
4019.95
4006.57
4001.41
4000.81
4004
4009.29
4012.41
4014.31
4017.74
4022.04
4026.52
4031.12
4037.87
4045.86
4046.34
4042.44
4035.84
4027.65
4025.85
4027.85
4031.1
4035.1
4017.21
3986.14
3990.56
4016.54
4019.71
4008.92
4007.52
4011.91
4020.43
4031.52
4023.89
4004.51
4012.29
4037.27
4026.63
3993.26
3970.65
3954.97
3937.1
3917.82
3891.41
3860.34
3818.38
3769.23
3718.15
3665.81
3637.74
3625.95
3593.06
3545.91
3522.58
3515.49
3493.35
3460.88
3433.08
3408.5
3380.34
3349.67
3326.91
3309.73
3304.59
3307.98
3305.55
3298.96
3290.22
3279.93
3264.66
3245.78
3228.52
3212.43
3194.11
3174.13
3168.69
3174.09
3178.23
3181.42
3194.29
3214.47
3213.39
3196.11
3187.36
3185.16
3193.71
3210.6
3209.47
3194.29
3175.53
3153.95
3135.1
3118.41
3107
3099.81
3080.56
3051.59
3031.6
3018.91
2997.71
2969.54
2938.85
2906.08
2880.62
2861.24
2829.31
2786.85
2754.73
2731.35
2705.98
2678.91
2652.1
2625.53
2600.03
2575.45
2549.91
2523.54
2505.67
2495.28
2475.99
2448.82
2434.68
2432.18
2416.86
2389.98
2365.36
2342.78
2332.47
2333.37
2322.83
2301.75
2291.18
2290.39
2300.47
2320.75
2324.23
2311.84
2301.19
2292.2
2289.74
2293.53
2294.84
2293.74
2296.64
2303.43
2296.41
2275.83
2260.38
2249.99
2235.84
2217.96
2196.89
2172.61
2153.3
2139.02
2120.13
2096.56
2063.62
2021.06
1992.24
1977.65
1950.17
1909.21
1874.33
1845.86
1817.39
1788.92
1766.04
1749.16
1723.58
1688.61
1669.63
1668.03
1665.01
1660.41
1645.89
1620.42
1596.88
1575.5
1554.83
1534.95
1512.11
1485.94
1449.73
1402.07
1354.7
1307.64
1265.64
1229.47
1191.56
1151.59
1108.37
1061.32
1015.13
969.98
929.559
894.793
865.602
843.124
818.615
791.641
760.264
723.5
697.116
683.529
670.699
658.811
646.657
634.169
623.447
614.955
606.376
597.684
593.194
594.093
594.731
595.03
592.164
585.171
582.668
586.064
592.297
602.288
614.845
630.829
648.091
667.072
693.217
729.082
765.749
803.512
854.924
925.155
994.885
1063.92
1148.72
1255.61
1370.95
1498.23
1641.87
1808.8
1977.13
2147.47
2330.09
2530.49
2747.02
2987.09
3224.16
3456.83
3689.06
3920.64
4160.14
4411.49
4651.73
4875.21
5108.25
5355.8
5600.36
5840.33
6074.99
6301.47
6500.49
6656.74
6827.67
7021.68
7209.47
7387.39
7575.78
7780.88
7978.71
8164.83
8348.51
8528.23
8727.39
8958.36
9187.53
9413.71
9651.4
9908.24
10161.8
10410
10669.3
10947.4
11212.4
11455.1
11707.5
11976.6
12239.7
12492.1
12744.6
12997.2
13237.4
13455.7
13684.2
13930.4
14184.9
14454.3
14717.5
14969.8
15228.1
15497.4
15749.3
15969.2
16206.9
16477.8
16727
16935.6
17139.1
17333
17542.5
17781.9
17992.2
18146.8
18310.7
18492.8
18673.2
18850.3
19010.1
19136
19272
19428.1
19541.6
19569.5
19603.9
19651.6
19709.3
19787.8
19846.2
19863.2
19884.5
19914.5
19927.4
19904.7
19910.3
19976.1
20013.4
19989.4
19970.9
19964.3
19946.4
19904
19863.1
19825.9
19777
19702.3
19636.2
19589.5
19514.8
19376.8
19241.8
19113.7
18991
18880.6
18767.6
18648.6
18524.7
18389.4
18255.5
18125.2
18018.6
17968.3
17928
17911.5
17903.5
17916
17938.5
17985.4
18035.1
18091.8
18156.7
18242
18329.4
18422
18531.5
18684
18826.8
18944.2
19072.5
19229.5
19401.8
19614.7
19812.9
19972.2
20145.4
20356.1
20556.1
20727.4
20904.5
21097.6
21265.9
21365.8
21498.1
21720.6
21926.8
22086.5
22219.4
22275.5
22340.6
22431.3
22505.7
22532.7
22559.5
22586
22600.3
22578.5
22562.9
22565.7
22542.5
22440.3
22358.7
22340.5
22304.4
22212.5
22135
22102.6
22047.4
21919.9
21806.6
21738.4
21669.1
21596.1
21515.2
21408.6
21314.4
21261.1
21198.3
21104.2
21011.5
20923.7
20838.4
20761.5
20695.6
20667.9
20628.4
20547.5
20476.1
20438.3
20395.6
20335
20274
20211.4
20161.5
20158.3
20142.6
20080.6
20024.1
19988.8
19954.4
19923.8
19891.4
19852
19810.9
19763.7
19731.1
19756.4
19758.3
19667.2
19579.7
19506.8
19440.5
19401.6
19359.6
19305.5
19255.1
19220.4
19177.7
19100.9
19041.2
19055
19034.6
18866.1
18719.5
18669.5
18621.4
18582.5
18528.5
18406.7
18288.6
18187
18077.6
17932.1
17781.4
17605.9
17439.7
17318.2
17201
17104.5
17002.1
16870.7
16739.2
16607
16470.6
16314
16160
16019.4
15881
15754
15628.1
15508.7
15394.6
15308.5
15226.1
15163.6
15088.8
14946.2
14814.9
14746.8
14672
14558.4
14450.5
14375.3
14297.3
14202
14116.1
14086.6
14045.1
13932.1
13824.3
13748.3
13672.7
13600
13527.7
13458.4
13390.4
13330.9
13274.5
13239.1
13200.7
13141.3
13084
13040.4
12997.1
12955.2
12916.8
12902.4
12889.1
12883.7
12880.4
12891.6
12903.6
12920.5
12933.3
12915.4
12897.7
12881.6
12869.6
12891.3
12915
12954.5
12986.3
12953.9
12923
12904
12888
12897.8
12907.6
12917.4
12927.3
12938.4
12950.4
12970.2
12987.9
12985.2
12982.5
12979.5
12976.8
12977.1
12977.1
12973.8
12969.9
12960.2
12951.1
12948.3
12938
12846.3
12756.5
12687.6
12621.9
12590.8
12558.3
12509.5
12455.2
12336.2
12219.2
12125.9
12031.4
11920.4
11810.3
11711
11613.5
11541
11466.8
11368.8
11275.1
11242.5
11205.7
11107.2
11009.2
10919.2
10831.5
10779.7
10726.1
10640.7
10557
10499.5
10440.7
10357.9
10274.9
10188.1
10101.3
10014.5
9927.44
9832.64
9736.98
9623.79
9511.6
9420.99
9329.17
9209.78
9090.46
8972.47
8853.92
8721.05
8588.99
8478.6
8367.84
8246.56
8125.01
7995.64
7866.52
7745.54
7625.26
7529.06
7432.07
7306.19
7180.47
7061.19
6942.45
6847.24
6751.93
6651.53
6551.49
6470.37
6389.22
6306.4
6223.56
6139.24
6054.78
5959.37
5863.99
5770.28
5676.39
5562.2
5447.78
5299.42
5150.91
4969.68
4788.49
4617.86
4447.15
4194.99
3942.84
