49.0185
89.9783
130.938
136.586
142.18
143.693
145.192
145.299
145.399
144.21
143.011
140.229
137.432
136.215
135.016
138.253
141.55
139.042
136.445
136.4
136.4
137.184
137.983
133.99
129.894
130.19
130.59
130.502
130.403
131.566
132.765
133.188
133.588
128.662
123.567
130.743
138.335
132.429
126.035
127.532
129.33
130.936
132.535
130.779
128.881
129.087
129.387
129.686
129.986
130.857
131.756
132.465
133.165
133.674
134.174
130.224
126.028
128.634
131.631
128.595
125.198
124.718
124.418
124.4
124.4
122.995
121.496
126.168
131.263
128.894
125.997
125.428
125.028
124.071
123.072
124.854
126.852
125.52
123.921
123.154
122.454
120.373
118.175
121.952
126.248
123.573
120.276
124.485
129.38
125.507
120.812
122.952
125.749
126.091
126.191
124.657
122.959
124.611
126.609
122.463
117.668
117.38
117.58
119.399
121.397
122.946
124.445
122.808
120.81
121.047
121.546
118.568
115.171
116.669
118.766
121.308
123.906
123.403
122.503
120.986
119.387
119.112
119.012
119.352
119.752
119.888
119.988
119.649
119.25
120.249
121.448
117.762
113.366
116.281
120.277
120.453
120.053
115.928
111.233
110.6
110.6
115.602
121.396
120.823
119.225
117.798
116.399
118.341
120.839
116.5
111.005
110.541
110.941
114.232
118.029
118.77
118.969
119.423
119.923
117.465
114.468
118.214
123.209
121.729
119.032
117.593
116.394
116.284
116.383
116.316
116.216
114.95
113.452
116.607
120.703
119.659
117.561
115.297
113
114.58
116.978
118.717
120.316
121.914
123.512
124.046
124.345
123.746
122.947
127.937
134.231
129.95
123.256
124.272
127.069
128.409
129.408
128.469
127.071
132.117
138.711
138.714
137.116
139.125
142.022
140.68
138.283
142.906
149.3
147.894
144.497
144.514
145.414
147.501
149.898
150.4
150.4
155.286
161.48
161.149
159.051
158.051
157.352
163.301
171.093
166.324
158.032
162.426
170.418
170.88
169.182
168.413
167.913
168.958
170.457
173.573
177.17
178.538
179.237
179.86
180.459
184.652
189.947
194.25
198.246
199.656
200.256
194.331
186.338
193.859
206.347
205.173
199.579
198.652
199.251
203.83
209.724
212.773
214.87
213.01
209.813
213.693
219.987
224.052
227.349
231.386
235.682
247.295
261.481
264.242
262.943
272.598
286.185
294.566
301.059
308.723
316.815
328.845
342.332
354.583
366.371
379.03
392.017
406.09
420.575
436.937
454.02
475.564
498.842
525.276
552.949
579.048
604.523
635.493
668.66
706.738
746.799
788.492
830.851
871.298
910.959
955.49
1002.04
1055.64
1112.18
1158.55
1200.61
1255.12
1314.97
1374.81
1434.65
1498.53
1564.16
1624.11
1681.55
1752.77
1830.09
1914.32
2001.63
2072.09
2134.92
2208.67
2287.4
2368.45
2450.57
2526.95
2600.68
2687.88
2781.39
2867.37
2949.79
3012.05
3064.7
3145.74
3240.45
3315.99
3382.22
3445.51
3507.35
3568.85
3630.19
3692.46
3755.2
3797.27
3828.94
3878.37
3936.81
3976.22
4005.89
4036.69
4068.06
4101.92
4137.09
4167.86
4196.34
4222.39
4247.17
4246.49
4232.2
4239.66
4258.84
4271.94
4281.73
4286.75
4289.14
4301.77
4320.05
4316.72
4301.34
4301.68
4310.87
4322.99
4336.78
4345.17
4350.46
4365.45
4386.03
4381.98
4363.6
4358.12
4360.22
4352.21
4338.23
4347.89
4371.66
4384.47
4390.66
4400.02
4411.31
4412.62
4407.83
4406.12
4406.32
4398.95
4386.86
4393.74
4412.52
4417.05
4412.55
4398.17
4377.49
4361.07
4347.38
4330.06
4310.38
4301.45
4299.55
4274.48
4234.12
4207.44
4189.85
4168.38
4144.31
4106.7
4059.94
4033.99
4022.2
3994.36
3955.5
3910.08
3860.13
3846.84
3859.12
3840.04
3798.88
3780.45
3778.16
3763.51
3740.03
3742.68
3764.16
3761.11
3740.23
3724.13
3711.55
3693.27
3670.79
3664.46
3670.16
3674.77
3678.56
3667.8
3646.02
3643.74
3656.33
3668.52
3680.41
3674.34
3654.36
3647.51
3650.9
3641.72
3622.64
3620.66
3632.25
3622.97
3596.99
3576.83
3561.34
3546.85
3533.16
3506.29
3468.63
3446.35
3436.76
3409.61
3367.85
3342.44
3330.75
3302.61
3260.55
3223.67
3191.2
3161.63
3134.56
3119.32
3114.33
3086.66
3039.2
3007.54
2989.75
2970.22
2949.14
2927.75
2906.07
2887.7
2872.32
2857.88
2844.29
2828.04
2809.36
2798.16
2793.87
2784.19
2769.5
2768.8
2781.18
2781.91
2771.62
2756.21
2735.93
2725.08
2723.28
2726.06
2733.25
2728.6
2712.42
2711.26
2724.84
2716.33
2685.96
2675.65
2685.34
2678.39
2654.71
2623.05
2583.28
2561.86
2559.17
2536.23
2492.47
2456.76
2429.39
2404.31
2381.63
2355.21
2324.84
2295.92
2268.55
2242.43
2217.65
2198.02
2183.94
2160.23
2126.06
2105.05
2098.46
2074.44
2031.18
2003.72
1993.83
1982.24
1968.76
1943.92
1906.26
1864.91
1819.35
1770.91
1719.16
1674.78
1638.91
1598.07
1551.41
1506.87
1464.81
1421.47
1376.62
1334.26
1294.9
1254.32
1212.26
1175.57
1145.4
1107.95
1061.6
1029.69
1015.6
994.17
963.6
939.46
923.376
910.824
902.732
893.936
884.246
876.656
871.76
864.905
855.514
848.595
844.899
844.656
848.952
858.147
873.832
886.265
894.357
908.283
930.062
956.334
988.702
1025.96
1069.92
1123.79
1191.32
1263.41
1341.84
1433.2
1542.69
1654.01
1767.89
1907.75
2084.57
2258.37
2427.8
2612.3
2818.6
3040.66
3285.72
3522.53
3747.21
3986.13
4246.18
4504.22
4759.27
5022.97
5299.69
5561.44
5800.4
6045.72
6300.77
6556.29
6812.54
7055.66
7278.35
7501.03
7723.71
7942.45
8154.94
8352.39
8525.82
8722.37
8956.14
9188.58
9418.85
9646.44
9869.62
10094.8
10323.3
10559.2
10807.7
11062.5
11327.8
11602
11891.1
12169.7
12430.5
12704.3
13000.6
13286.9
13556
13847.2
14177.4
14470.7
14698.7
14942.9
15215.9
15488.1
15759
16027.3
16290.9
16560.6
16841.5
17115.6
17377.3
17653.9
17958.6
18231.5
18444.9
18662.1
18886.2
19130
19411.5
19669.9
19883.8
20095.8
20304.1
20509.5
20709.2
20890.1
21033.9
21184.8
21350
21499.5
21617.2
21717.9
21784.4
21857.4
21943.8
22002.6
22004.4
22025.2
22085.5
22131.6
22147.9
22178.3
22238.7
22273.9
22255.6
22235.2
22210.5
22195.5
22201.6
22199.6
22180
22133.2
22026.3
21945
21920.9
21874.1
21776
21677.9
21579.8
21464.1
21308.1
21171
21077.9
20970.5
20829.9
20697.2
20583.3
20491.3
20451.5
20395.3
20299.5
20214.3
20155.1
20127.1
20176.1
20216.3
20234.8
20279.4
20389.7
20497.1
20597.1
20687.8
20754.5
20853.6
21036.5
21207.5
21347.6
21501.1
21689.7
21875.2
22052.2
22222.9
22376.7
22548
22767
22968
23119.6
23281.6
23472.1
23663
23855.1
24041.6
24212.1
24363.8
24461.5
24562.1
24671.1
24765
24815.3
24862.8
24902.3
24937
24957.7
24961.7
24915.6
24869.1
24821.3
24776.2
24739.6
24695
24625.6
24552.2
24466.4
24378.6
24284.6
24198.9
24139.5
24061.3
23922
23797.1
23719.2
23632
23514.1
23406.8
23334.9
23258
23164.5
23071.7
22981.1
22882.8
22758.3
22647.7
22586.4
22531.4
22499
22461.6
22407
22358.3
22330.9
22286.6
22180.4
22086.7
22039
21990
21936
21901
21938.2
21950.8
21868.7
21799.4
21779.7
21756.9
21721.7
21678.8
21605.2
21534.7
21476.7
21422.8
21385.2
21344
21287.4
21235.9
21205.3
21166.2
21091.1
21015.2
20936.2
20858.1
20784.1
20705.2
20605.1
20494.8
20339.1
20199.8
20134.8
20063.2
19961.5
19855.1
19727.5
19594.6
19437
19282.7
19143.6
19004.2
18862.9
18720.6
18573.1
18430.8
18313.6
18193.9
18061.8
17921.3
17737.3
17562.5
17435.7
17307.7
17173.4
17035.7
16880.6
16733.8
16632.3
16529.6
16420.6
16309.2
16183.9
16067.4
16000.4
15923
15785.4
15653.8
15558.1
15460.1
15348.1
15246.2
15205.7
15156.5
15054.2
14952.9
14858.5
14764.8
14675.2
14588.2
14518.2
14450.8
14400.6
14350.6
14301.4
14248.6
14170.4
14095.2
14040.2
13986.9
13946.3
13906.9
13876.8
13848.9
13836.8
13826
13824.7
13824
13827.8
13831.4
13833.1
13836.9
13857.2
13874.4
13866.9
13861.7
13875.6
13886.9
13877
13865.5
13839.8
13816.3
13811.8
13805.8
13785.6
13769.2
13787
13804.1
13813.7
13821.7
13814.2
13809.3
13829.2
13847.1
13843.6
13842.7
13868.2
13887.8
13844.8
13804.5
13794.2
13779.9
13720.6
13662.8
13621.1
13578.7
13527.4
13469.4
13332.2
13203.4
13176.5
13142.2
13014.9
12889.1
12784.3
12679.5
12574.1
12471.7
12411.7
12348.6
12241.6
12135
12034.3
11933.5
11830.9
11729.7
11651.6
11574.9
11522
11467.3
11383.7
11298.9
11192.6
11087.8
11011.5
10935.3
10861.7
10786.5
10681.2
10576.2
10477
10377.4
10268.1
10159
10055.8
9952.47
9844.78
9736.8
9621.81
9506.47
9381.59
9256.89
9137.21
9016.92
8878.66
8740.66
8611.19
8481.81
8355.74
8231.11
8159.88
8086.47
7926.43
7767.25
7645.47
7523.78
7406.29
7288.95
7179.26
7069.79
6973.49
6877.24
6784.83
6692.43
6600.62
6508.66
6403.06
6297.24
6166.07
6035
5919.01
5802.8
5641.26
5479.68
5304.65
5129.6
4931.89
4734.19
