26.4191
68.8775
111.336
120.378
129.369
122.929
116.435
121.467
126.562
122.336
118.04
114.338
110.642
115.835
121.13
121.2
121.2
118.642
116.045
113.742
111.444
112.576
113.775
114.289
114.788
113.922
113.022
111.149
109.251
110.95
112.748
112.897
112.997
110.386
107.689
111.271
115.068
114.236
113.237
114.162
115.161
112.511
109.714
111.325
113.123
113.009
112.809
112.991
113.191
112.152
111.053
107.578
103.982
109.966
116.459
111.688
106.293
108.928
112.025
112.294
112.394
111.459
110.46
106.363
102.067
107.233
113.028
113.4
113.4
113.4
113.4
110.514
107.417
109.801
112.598
111.78
110.681
110.6
110.6
107.738
104.641
103.387
102.288
107.991
114.285
109.847
104.452
107.661
111.657
107.159
101.864
104.681
108.277
109.055
109.554
106.424
102.927
103.415
104.314
105.303
106.302
104.326
102.029
103.059
104.458
104.69
104.79
105.069
105.368
101.11
96.3147
102.31
109.603
109.154
107.755
106.002
104.203
103.557
103.057
102.558
102.058
101.382
100.683
101.04
101.539
103.444
105.542
104.573
103.175
103.874
104.873
106.308
107.807
107.478
106.878
108.536
110.535
105.688
99.7943
99.6051
100.304
101.09
101.889
105.27
109.066
108.14
106.442
107.228
108.427
109.369
110.268
111.338
112.437
111.834
110.935
111.224
111.724
115.102
118.998
119.093
118.494
119.58
120.979
118.677
115.68
117.801
120.898
120.898
120.298
121.035
122.034
121.367
120.368
121.197
122.396
123.678
124.977
126.193
127.391
127.93
128.33
128.647
128.947
129.657
130.456
134.942
140.237
140.791
140.292
143.625
147.821
148.925
149.325
152.484
156.28
161.291
166.585
169.377
171.574
168.858
164.962
169.022
175.016
183.496
192.587
194.96
195.659
191.093
185.199
191.322
200.513
204.385
206.882
211.914
217.608
216.272
213.075
215.316
219.012
220.114
220.514
225.226
231.12
232.791
233.29
237.379
242.474
241.187
238.09
240.893
245.389
248.491
251.188
255.044
259.24
263.282
267.278
268.738
269.437
277.342
287.432
294.311
300.205
298.931
295.434
296.349
298.647
295.786
291.29
296.027
303.719
307.109
309.107
312.31
315.906
321.23
327.124
325.305
320.909
327.418
337.608
338.114
335.317
337.423
341.22
348.869
357.86
365.891
373.583
382.013
390.704
397.852
404.446
414.192
425.081
434.362
443.053
454.662
467.35
474.8
480.295
492.681
507.666
521.132
534.019
551.741
571.321
586.297
599.485
616.188
634.27
657.648
683.123
700.748
715.233
740.323
769.694
789.697
805.882
822.278
838.762
863.786
892.358
928.391
967.552
993.097
1012.88
1044
1079.96
1107.9
1132.38
1169.87
1213.02
1241.61
1263.79
1294.68
1329.45
1367.18
1406.25
1442.28
1476.95
1511.54
1546.11
1595.39
1651.43
1695.4
1733.76
1783.01
1837.36
1888.85
1939.01
1979.08
2014.34
2054.06
2095.92
2130.78
2162.25
2197.95
2235.71
2264.65
2289.22
2320.07
2354.03
2387.6
2420.97
2442.27
2457.46
2476.28
2496.96
2521.13
2547.1
2560.47
2567.26
2578.57
2592.26
2601.9
2609.39
2608.35
2602.76
2604.89
2611.18
2619.68
2629.37
2636.73
2642.83
2642.94
2639.74
2636.48
2633.19
2637.11
2645.11
2648.32
2648.82
2648.17
2646.87
2654.51
2667.29
2668.78
2663.68
2662.49
2663.59
2667.2
2672.29
2678.08
2684.27
2689.59
2694.39
2697.63
2699.93
2700.3
2699.5
2709.82
2727.01
2738.71
2747
2749.59
2748.59
2748.08
2747.88
2764.88
2792.85
2804.04
2804.44
2797.33
2785.34
2788.87
2802.56
2789.22
2758.05
2730.48
2705.3
2692.09
2686.89
2678.06
2666.77
2647.82
2623.64
2614.27
2615.07
2605.48
2588.7
2575.21
2564.02
2561.86
2566.06
2559.38
2545
2545.52
2556.71
2556.23
2547.34
2537.81
2527.82
2525.73
2529.43
2527.84
2522.34
2520.92
2522.51
2522.23
2520.53
2521.51
2524.5
2523.36
2519.07
2518.78
2521.58
2525.05
2529.05
2532.82
2536.41
2534.87
2529.27
2525.02
2521.82
2521.62
2523.82
2515.67
2499.19
2481.33
2462.35
2457.48
2464.17
2467.36
2467.66
2457.71
2439.23
2421.62
2404.73
2394.67
2390.38
2379.71
2363.63
2354.16
2350.36
2336.76
2314.69
2305.68
2308.08
2306.86
2302.46
2299.6
2298.11
2287.58
2269
2256.41
2249.22
2245.69
2245.49
2233.5
2210.72
2204.69
2214.08
2205.96
2181.59
2172.84
2178.74
2171.63
2152.25
2151.45
2168.34
2174.3
2169.81
2158.91
2141.83
2135.52
2139.72
2145.73
2153.52
2159.11
2162.5
2159.75
2150.86
2142.81
2135.62
2127.18
2117.49
2116.7
2124.99
2123.19
2111
2100.68
2092.29
2084.29
2076.69
2071.19
2067.9
2074.58
2091.87
2094.14
2080.35
2068.58
2058.99
2057.06
2063.46
2062.41
2053.22
2051.3
2057.39
2060.55
2060.45
2058.7
2055.11
2047.95
2036.76
2022.49
2004.7
1985.29
1964.02
1952.27
1951.58
1934.19
1897.32
1870.47
1855.38
1840.8
1826.81
1802.54
1765.97
1742.46
1734.67
1723
1706.61
1694.36
1687.17
1674.34
1654.56
1632.15
1606.48
1592.29
1592.49
1594.59
1599.08
1596.06
1583.47
1573.6
1567.2
1567.08
1575.08
1578.21
1575.01
1580.93
1598.81
1613.73
1624.72
1643.79
1673.66
1692.84
1697.64
1714.98
1749.35
1781.9
1811.97
1845.53
1883.89
1920.87
1955.94
2001.45
2061.59
2120.07
2176.22
2234.75
2296.69
2356.87
2414.51
2482.97
2567.09
2654.46
2746.57
2834.96
2917.88
3001.08
3084.69
3171.47
3262.99
3350.83
3433.15
3531.8
3655.28
3753.2
3811.94
3886.58
3985.78
4081.9
4173.21
4263.08
4350.7
4425.16
4478.81
4547.12
4638.83
4736.55
4843.94
4937.17
5007.4
5095.25
5211.94
5324.1
5428.8
5541.44
5667.32
5789.02
5903.71
6016.83
6127.33
6260.63
6432.86
6587.54
6712.02
6843.54
6987.3
7128.48
7265.15
7400.01
7531.68
7669.68
7818.93
7958.14
8079.32
8203.6
8333.47
8473.56
8632.3
8789.95
8945.6
9087.48
9203.77
9315.53
9418.83
9544.84
9713.77
9861.78
9969.87
10079.3
10191.4
10294.6
10380.4
10468
10559
10654
10757.1
10842.1
10891
10952.5
11039.4
11118.6
11182.2
11228.7
11240
11256.9
11285.4
11320.1
11367.8
11399.8
11398.7
11392.3
11374.6
11379.9
11434.2
11454.2
11400
11364.6
11370.4
11367.4
11344.9
11324.6
11309.1
11282.1
11229.4
11180.5
11140.4
11093.3
11029.9
10968.6
10911.9
10858.2
10811.8
10748.7
10646.7
10564.4
10528.6
10485.9
10426.7
10375.2
10342.4
10308.2
10270.3
10255.1
10295.8
10318.1
10295
10290.8
10334.2
10372.7
10398.7
10441.9
10528.9
10606.6
10660.3
10723
10808.9
10893.1
10972.7
11047.1
11107.3
11180.4
11288
11389.4
11474.3
11557.5
11636.4
11723.1
11831.3
11927.3
11989
12050.4
12111
12173
12239.4
12304.5
12366.2
12408.2
12392.6
12393.4
12442.4
12472.6
12447.3
12433.1
12452.1
12463.5
12452.1
12425.2
12351.4
12292
12277.1
12246.8
12168.3
12107.3
12101.8
12090
12058.4
12018.3
11951.1
11883
11812.4
11747.1
11699.6
11646.7
11576.2
11518.2
11502.5
11476.5
11415.2
11355
11298.7
11247.3
11212.9
11179.4
11149.4
11124.5
11117.7
11107.4
11084.2
11054.3
11000
10948.9
10910.2
10883.8
10903.7
10912.7
10880.7
10854
10847.2
10833.9
10795.5
10754.4
10702.9
10667.2
10694.3
10706.9
10661.3
10611.5
10545.2
10487.4
10464.9
10442.4
10419.4
10397.3
10379
10357.2
10320.5
10280
10223.5
10173.2
10150.9
10122.2
10065.2
10004.4
9925.84
9844.77
9752.06
9672.64
9654.86
9627.72
9556.59
9486.33
9420.19
9351.26
9268.84
9188.46
9118.03
9043.66
8949.75
8863.94
8818.88
8767.11
8680.99
8604.44
8577.46
8542.83
8467.9
8388.83
8287.63
8191.99
8126.45
8060.25
7990.42
7926.81
7897.94
7862.73
7791.6
7726.27
7694.3
7659.41
7607.46
7550.39
7462.88
7387.77
7387.57
7379.6
7323.96
7272.87
7250.19
7220.31
7144.78
7073.43
7028.97
6988.64
6975.35
6958.37
6916.71
6878.46
6863.38
6844.63
6800.57
6759.76
6741.78
6726.51
6730.71
6732.32
6715.03
6698.2
6684.71
6673.89
6683.29
6693.16
6706.74
6718.08
6711.68
6704.44
6690.35
6678.57
6685.66
6692.18
6693.88
6693.21
6672.33
6653.51
6652.61
6652.98
6664.67
6675.64
6680.14
6685.77
6701.95
6714.32
6690.34
6668.56
6668.16
6668.95
6681.53
6691.1
6669.82
6650.98
6657.68
6660.64
6623.57
6588.24
6571.96
6553.46
6510.01
6468.65
6451.67
6434.21
6411.13
6385.35
6326.41
6266.65
6196.62
6128.65
6087.49
6046.23
6003.57
5960.88
5917.72
5874.95
5837.58
5798.42
5732.78
5669.34
5639.27
5608.73
5570.87
5534.01
5513.53
5491.73
5447.47
5402.08
5336.74
5272.82
5234.76
5197.32
5171.64
5145.98
5120.6
5093.21
5023.98
4955.65
4907
4858.24
4806.99
4755.34
4694.2
4633.94
4595.78
4556.72
4493.88
4430.72
4358.39
4286.23
4219.3
4152.29
4082.86
4014.23
3972.97
3931.21
3871.37
3811.18
3737.16
3663.65
3612.6
3561.63
3514.78
3467.96
3423
3377.92
3324.97
3271.96
3215.22
3158.6
3112.05
3065.41
3010.76
2956.1
2899.35
2842.64
2790.09
2737.49
2675.55
2613.48
2506.09
2398.72
2317.2
2235.68
