119.991105
119.447352
110.589102
110.510459
118.340475
116.483342
123.976949
120.536714
117.606866
117.397692
120.735992
121.714847
125.329338
127.506689
129.317331
137.154497
134.354197
132.232263
132.656105
137.608596
147.031429
154.953571
149.336422
152.315846
160.451480
157.104639
158.279600
165.445263
168.275699
168.033249
172.014699
178.962045
182.962263
184.183915
186.672135
187.970135
190.967433
202.974812
200.214959
209.564857
204.791109
211.710648
215.399429
217.293128
218.290729
225.164714
231.837508
232.636507
237.503026
245.173932
253.077632
251.562034
268.467503
280.992143
299.805128
309.800186
328.309145
359.004526
373.594541
402.678642
438.876414
474.282339
513.641968
557.574737
601.979474
654.935701
727.212476
797.366154
880.311301
967.115051
1052.124520
1148.462857
1265.379322
1362.347462
1485.754098
1626.232444
1758.927519
1886.342373
2035.675338
2199.746673
2353.481356
2515.922368
2695.459887
2862.464135
3056.655650
3230.084361
3419.932143
3578.055921
3745.370188
3912.441917
4049.544568
4186.576949
4322.889098
4441.140979
4556.847331
4660.837180
4753.383879
4835.527500
4865.036429
4898.731654
4990.020226
4995.853214
5019.750714
5065.770677
5062.936071
5078.124783
5078.204361
5096.907519
5096.293346
5116.530395
5125.086842
5138.838421
5161.594079
5176.773684
5197.308872
5191.169568
5184.768456
5211.869511
5214.543390
5213.583421
5257.232932
5269.975819
5274.902293
5257.314605
5265.285075
5244.804972
5248.325733
5217.931654
5135.671053
5070.416053
5015.802957
4936.842932
4877.710132
4826.990658
4770.343861
4732.912331
4686.741410
4635.521186
4630.947857
4595.586278
4582.765244
4567.952938
4561.075338
4545.237368
4524.060452
4502.671579
4493.327119
4501.504793
4501.701695
4525.603609
4520.992143
4531.088271
4508.460226
4515.184331
4469.186861
4403.568872
4366.382406
4346.539774
4293.515583
4206.303346
4146.099944
4093.892105
4029.816855
3962.144286
3887.879192
3856.594098
3781.376429
3724.453421
3664.182462
3629.803917
3604.272406
3566.890865
3529.439023
3476.435932
3462.967820
3447.213440
3405.417627
3404.044211
3424.079755
3411.413703
3390.078083
3376.111729
3390.040771
3362.556748
3327.640827
3304.303842
3279.112782
3233.616090
3183.631579
3098.335921
3049.277086
2990.943459
2924.565789
2867.488684
2816.477175
2760.861165
2714.892538
2683.991898
2622.912467
2564.114962
2501.033289
2450.508983
2346.164436
2230.639153
2109.898308
2002.450752
1873.840075
1740.629267
1629.308421
1521.144211
1409.723842
1328.115996
1272.252331
1204.774812
1139.840207
1090.383647
1061.087068
1054.699322
1031.655094
1016.932260
1006.568872
1016.712575
1028.580282
1060.350000
1112.250789
1180.727500
1271.248475
1397.830977
1569.144643
1786.704380
2047.808722
2343.276441
2706.446034
3157.587288
3608.401654
4092.073013
4661.973233
5194.564925
5732.538814
6317.611203
6861.418289
7374.998421
7890.362599
8371.922820
8799.748083
9217.620960
9640.162556
10044.191337
10472.240602
10857.511111
11335.309023
11754.121429
12231.502632
12724.395301
13195.295292
13802.863158
14349.809211
14836.410526
15325.924482
15864.784962
16361.412970
16811.723729
17311.468421
17792.020904
18211.277632
18681.422222
19162.966165
19548.475940
20021.931767
20446.313534
20766.996610
21109.787218
21474.713183
21771.686842
21992.219962
22219.347368
22358.992481
22467.640602
22585.178008
22632.475706
22711.626692
22723.394549
22696.047744
22731.535338
22709.600000
22585.650752
22558.371940
22467.450000
22287.106955
22038.411842
21929.200000
21794.231579
21538.447744
21212.375706
20936.870677
20795.792844
20697.142105
20567.127820
20483.706215
20469.310902
20633.762406
20776.928195
20911.120339
21104.056015
21411.527820
21723.126316
22033.339474
22360.481203
22668.250376
22995.916949
23377.067857
23773.485311
24137.185714
24447.747556
24722.449341
24953.893985
25075.961278
25263.598496
25301.613559
25341.774436
25218.978947
25201.359211
25195.165789
25091.940678
24914.512782
24726.567420
24549.436090
24372.440678
24190.259211
23971.549624
23703.847646
23537.703383
23402.299248
23232.960902
23085.307721
22913.306579
22866.426316
22783.934211
22717.163158
22565.457627
22503.998496
22460.687382
22417.325188
22372.838795
22232.626316
22073.767857
22001.220339
21868.742857
21834.831073
21789.442857
21574.452919
21515.313158
21346.950282
21240.686842
21099.073684
20960.911299
20753.626128
20514.805838
20329.847368
20149.858380
19892.255827
19591.613534
19309.234586
19018.038346
18756.100000
18495.988346
18276.063842
17990.015414
17691.144068
17462.189474
17193.625000
16952.425612
16730.271429
16502.750847
16270.980827
16023.693220
15817.984211
15648.597744
15500.527632
15410.198872
15204.755367
15038.593985
14848.108271
14683.787218
14572.791525
14440.757895
14332.573684
14277.218456
14165.165789
14093.532203
14114.587218
14117.039925
14102.033271
14104.615038
14103.190977
14104.967857
14101.812806
14123.044361
14138.924624
14080.129944
14015.701128
14053.331579
14040.972368
14015.189831
14037.466917
14095.730451
14093.587594
14071.511654
14054.571429
14037.077068
13996.089454
13885.857143
13720.456497
13567.225564
13477.900000
13310.986817
13053.123308
12853.398684
12662.678947
12549.208663
12377.886090
12222.683459
12034.525564
11873.507331
11702.751789
11550.312782
11409.089077
11235.160338
11087.790584
10949.154511
10766.272180
10527.725424
10289.209023
10153.757895
9912.341447
9730.438475
9497.606128
9247.812556
8990.727331
8721.876617
8479.713107
8245.205733
8016.116949
7771.121203
7527.878136
7357.477387
7127.879624
6886.433220
6735.896147
6515.771299
