120.244789
118.974702
117.131295
117.405459
121.359153
127.738857
129.921102
126.277586
128.095220
124.424722
128.151876
135.887426
140.830846
144.062345
145.995722
150.165712
158.316474
161.836474
169.165508
175.150004
182.194842
189.088083
184.564145
194.567821
202.136395
211.578782
220.329241
223.285098
218.375376
218.955403
228.022759
231.412388
234.263000
247.413458
256.133404
254.803985
268.337303
273.746132
272.760262
295.209429
296.410013
298.503320
304.792286
312.600045
319.267122
321.806439
323.885571
333.575171
348.773474
359.079105
366.223805
377.291041
392.818469
413.334019
444.470247
474.043867
504.636540
527.410098
572.533135
619.334224
674.207203
728.263017
794.174731
871.180820
942.273000
1032.393868
1142.851222
1259.111805
1380.292524
1528.088515
1671.498136
1815.742632
1953.868531
2132.711579
2303.289361
2505.351692
2707.767556
2919.826723
3141.052256
3365.135038
3617.431412
3877.722105
4098.879286
4348.126335
4616.918437
4887.756316
5155.961184
5404.802838
5645.431128
5880.141654
6091.228459
6298.493898
6488.104962
6650.495028
6777.067895
6854.491203
6932.792693
7046.680132
7142.270357
7232.117143
7296.810226
7292.383214
7323.887519
7330.744662
7374.019643
7365.323051
7373.858797
7393.256842
7390.893008
7429.449774
7425.636917
7407.131090
7424.090658
7441.724211
7452.447669
7449.287669
7438.620527
7462.545602
7458.592203
7485.902444
7520.544962
7578.296780
7643.699323
7660.043308
7661.985263
7634.848192
7599.332500
7533.024511
7431.250526
7318.802895
7200.629360
7073.259925
6952.539736
6874.466297
6815.751431
6759.647744
6703.553289
6666.047797
6672.426692
6618.786429
6592.305883
6526.962599
6505.799173
6499.387951
6472.043107
6475.212105
6489.429153
6475.942068
6508.436610
6536.259398
6549.583496
6542.152726
6489.311767
6453.356064
6410.717274
6343.322180
6259.926692
6167.980960
6117.961711
6036.353083
5959.696290
5849.336711
5722.646497
5638.568571
5536.077820
5472.213158
5374.661429
5301.786729
5248.466579
5218.429981
5178.288722
5114.601560
5084.865733
5005.628173
4959.059812
4933.914605
4944.938644
4948.700000
4942.250471
4949.722105
4946.887030
4950.609586
4941.500357
4880.442124
4832.401579
4800.944520
4695.499004
4606.588722
4555.226617
4520.853571
4459.996259
4376.827744
4286.042632
4171.011711
4084.419944
4057.688421
4014.408703
3922.404549
3851.042109
3786.110451
3714.153609
3579.590075
3419.412857
3249.578983
3070.051297
2868.129173
2686.146177
2519.356410
2371.599342
2215.766579
2076.345800
1960.107256
1857.991053
1778.616992
1700.161823
1638.240865
1586.972932
1544.934802
1528.393929
1513.142392
1517.201654
1529.148722
1567.304576
1618.661165
1692.624474
1814.915000
1981.800697
2180.408346
2432.607857
2750.651316
3142.258722
3643.783051
4179.921466
4803.647797
5497.551729
6201.860960
6931.872425
7684.975714
8433.993126
9193.051297
9911.186447
10568.478947
11187.598870
11738.218985
12239.284962
12761.612429
13278.534398
13743.311299
14260.968421
14800.222222
15422.682143
16001.687218
16629.112782
17357.204135
18055.474953
18694.819549
19314.671617
20014.811842
20623.473258
21194.890977
21824.319549
22466.772881
23093.233835
23733.294539
24391.328759
24985.469492
25538.125564
26140.726316
26616.142669
27126.600752
27528.515254
28053.640977
28444.561017
28724.097368
28950.375518
29167.744925
29368.540602
29498.366917
29594.746805
29676.223729
29661.654887
29677.445489
29728.528759
29618.047368
29644.442857
29552.881767
29400.631638
29184.528571
28980.834211
28772.555263
28370.900000
27935.600000
27558.295865
27162.754426
26835.290226
26659.363465
26529.090789
26453.950376
26437.046893
26472.971992
26613.671617
26921.799248
27142.817891
27476.231015
27834.310526
28227.694737
28700.292105
29095.369925
29567.815038
30156.266102
30712.755075
31158.224859
31543.207519
31953.130451
32312.679661
32526.911654
32670.952256
32820.859211
32866.828814
32944.957143
32900.502820
32782.546053
32603.465789
32448.533333
32225.294925
32008.475895
31719.784962
31384.427119
31131.329135
30871.957143
30617.145763
30319.525188
30101.352632
29956.821805
29887.371751
29683.732331
29500.346617
29356.989474
29233.053947
29116.743691
29045.169173
29014.066478
28987.878947
28889.653861
28731.053008
28654.176316
28592.255932
28338.860150
28318.618832
28119.317857
27996.078154
27820.451880
27661.863277
27523.327632
27282.578947
27047.714689
26828.482519
26598.405273
26293.181579
25945.825800
25559.928383
25150.160902
24803.054887
24444.859211
24048.072316
23622.794361
23265.150282
22845.255263
22598.687947
22288.542105
22031.506579
21784.430885
21483.215038
21189.586441
20892.303195
20630.842373
20396.730075
20124.612218
19864.299060
19672.637970
19463.726742
19264.493045
19070.657895
18918.754135
18772.732203
18556.164474
18428.300000
18337.518644
18246.416165
18141.683239
18162.631579
18205.099623
18181.495865
18140.321053
18139.743985
18153.346241
18117.537100
18227.452632
18196.595489
18201.233710
18225.284211
18075.428947
18085.098684
18140.540678
18177.568421
18185.142481
18194.902256
18139.965789
18051.464286
17960.192293
17834.208098
17658.685714
17445.285876
17264.350188
17096.850000
16833.721092
16534.146241
16330.731579
16107.647368
15880.781544
15653.276880
15435.611654
15276.134211
15092.999060
14867.287759
14621.273684
14396.819021
14202.911278
14014.721469
13837.246617
13565.120865
13272.976271
13012.960902
12714.936842
12432.523684
12152.231827
11790.650000
11446.218797
11136.840602
10845.508271
10549.630508
10240.842293
9923.746045
9616.474925
9347.643559
9114.311786
8874.706692
8641.860056
8418.768816
8129.875763
