100.262821
95.223220
94.435139
101.727545
103.661712
107.222199
110.473763
103.940098
105.185267
106.930256
112.507211
117.951821
120.467498
121.988774
126.701120
132.357243
132.507868
139.879526
150.238590
149.343722
158.361341
160.534038
167.589584
174.636579
174.639955
176.144647
181.187329
188.760165
193.421241
199.355403
205.600000
207.253424
212.471605
217.406881
219.979600
229.716150
234.761529
245.751105
250.007637
258.840071
259.928062
270.107103
280.657286
282.065098
284.829684
290.134186
299.989816
309.884657
312.546974
321.774407
329.473541
342.924929
363.720508
389.873398
405.666309
431.313036
462.781991
506.254323
545.664346
582.168802
623.150831
676.480492
740.099472
813.003466
895.627842
983.426964
1085.332500
1204.752068
1328.649755
1450.512726
1574.767119
1738.380977
1902.320621
2041.154117
2213.145677
2403.466316
2603.515282
2809.155480
3022.047895
3267.110338
3511.167853
3728.561579
3984.038985
4233.702613
4504.804689
4713.143233
4997.531353
5211.140714
5444.921541
5662.959962
5870.682782
6070.398136
6250.450752
6382.366158
6497.031447
6627.041842
6734.307288
6815.859211
6910.148214
6963.877444
7014.637797
7039.952857
7054.598797
7111.663346
7082.269643
7071.018437
7077.591880
7051.277143
7072.145357
7100.276158
7113.993647
7114.886297
7127.070789
7149.113684
7141.092030
7133.027068
7160.398927
7169.508120
7188.658644
7179.237124
7255.008797
7281.644087
7292.495977
7303.691090
7298.885150
7288.421224
7243.683289
7145.474962
7029.241053
6932.880526
6836.490753
6702.869699
6575.964991
6515.262462
6444.426893
6365.323383
6348.526654
6356.337006
6262.501391
6268.196184
6222.537575
6160.722222
6165.626692
6145.974774
6131.612637
6150.523947
6149.881356
6132.891391
6139.003220
6197.855564
6187.856635
6163.599925
6134.494323
6077.799266
6029.925602
5936.594211
5876.297970
5792.354576
5716.117180
5608.350188
5515.789718
5445.886316
5349.744181
5270.455714
5228.988421
5118.645677
5037.322143
5001.869098
4930.332256
4855.377250
4871.106090
4818.172519
4767.591184
4705.390546
4695.361316
4693.170132
4694.973390
4691.817895
4675.219266
4667.316842
4675.341617
4673.252519
4638.694793
4591.874436
4552.846692
4530.346045
4458.826241
4364.766353
4290.689662
4216.585282
4154.093665
4086.067594
3989.327368
3907.933816
3847.298249
3788.810865
3752.839718
3715.886071
3621.566610
3551.787594
3469.165808
3321.087363
3186.685865
3019.436102
2827.500226
2652.686241
2498.663484
2327.524492
2182.277763
2038.807895
1919.492486
1832.290977
1751.059925
1683.269474
1621.390526
1558.966241
1528.994737
1500.656102
1489.795094
1476.317194
1471.629248
1480.433534
1506.523729
1561.831353
1640.594737
1741.112500
1891.675254
2105.447594
2362.312857
2669.388289
3062.087932
3528.727288
4075.846353
4693.836271
5366.260376
6071.621262
6786.568440
7482.894850
8203.127024
8901.624662
9597.402763
10201.171053
10739.075141
11259.766729
11757.289474
12240.111676
12696.231579
13117.601507
13632.043609
14145.488889
14764.606391
15334.066165
15955.583459
16598.227820
17200.054614
17821.079699
18468.531955
19101.110526
19683.460264
20306.393609
20871.650376
21419.286441
22051.754135
22643.196798
23278.385902
23872.991902
24356.925940
24861.272180
25278.228759
25682.506015
26087.235028
26513.168609
26878.259134
27188.126316
27425.486252
27626.061090
27779.787218
27870.312782
27893.293609
27877.473446
27866.076692
27807.006767
27879.284211
27852.751128
27832.700000
27715.838722
27597.654802
27467.235714
27179.268797
26846.544737
26438.700000
26121.058647
25864.165602
25529.514689
25180.716541
24978.994539
24909.235714
24835.621805
24814.806780
24971.529511
25164.429323
25346.353008
25569.060264
25917.563910
26344.763158
26744.068421
27198.031579
27628.705639
28104.547368
28630.315254
29115.699624
29569.864972
30001.800752
30362.991353
30694.103390
30826.975188
30989.705263
31169.556203
31198.115254
31133.926316
31132.128383
31009.853947
30886.907895
30705.011864
30520.087970
30312.002260
30062.479699
29807.025424
29559.634774
29305.214662
29028.505273
28823.975752
28647.855263
28503.693985
28294.096045
28150.737218
27981.100752
27879.971053
27880.185526
27838.615819
27700.588722
27594.367043
27501.353195
27388.616196
27268.520301
27163.271617
27108.894915
26986.731579
26883.988889
26785.350000
26605.999058
26495.299624
26362.600753
26264.264474
26027.184211
25800.884746
25558.525376
25284.945198
24973.662406
24660.788512
24317.564850
23907.069925
23527.783459
23199.701692
22821.045198
22506.207143
22076.522599
21829.985902
21519.910546
21220.594737
20940.672368
20655.201883
20402.397368
20159.115254
19902.073496
19696.240678
19499.203008
19262.048308
19019.440789
18796.906391
18678.487006
18493.470301
18294.358647
18113.890226
17980.970056
17847.794737
17742.328947
17668.206215
17639.166729
17593.213559
17574.596992
17642.949153
17684.751128
17643.817669
17614.962406
17663.643609
17720.526930
17603.555639
17600.056015
17579.785311
17564.755639
17543.857895
17536.507895
17523.338983
17630.563910
17712.692481
17711.471241
17648.095865
17563.228571
17488.821992
17351.181544
17154.014286
16995.402260
16738.781391
16583.964286
16363.092844
16062.368233
15843.589474
15619.289474
15420.435405
15202.872744
14984.724436
14786.322932
14590.342293
14390.351789
14240.709774
14071.545574
13816.193985
13554.954991
13321.566917
13165.173120
12852.254237
12562.929323
12207.684211
11961.688158
11628.180414
11338.720301
11026.887594
10738.693797
10451.332331
10159.029379
9861.813327
9565.742316
9305.306729
9084.349510
8846.893195
8573.066992
8302.663484
8134.359662
7859.043898
