65.376942
63.037000
63.441507
61.043303
63.044500
67.890369
64.173144
65.439502
65.420856
62.944973
68.192842
70.447799
69.763748
70.463312
72.812329
74.183795
69.075974
73.074197
75.969742
76.665418
85.130580
83.993257
82.923236
83.452552
86.772473
89.050192
86.681659
86.261330
92.640137
95.357790
95.144073
97.656708
94.487908
94.931653
98.898897
102.898173
105.364348
107.090197
110.407670
112.154929
116.962970
112.247376
111.065143
113.656015
116.524457
117.702932
119.801173
123.443659
123.093816
120.758196
123.883684
130.164609
134.237147
140.868301
152.698657
161.146835
165.636546
175.486038
187.880049
205.875949
221.861711
230.478305
248.276338
278.751090
300.990368
318.437484
351.237073
387.382000
422.129444
460.425716
497.403226
552.658744
604.477610
654.706806
718.153432
769.765041
831.460964
894.336062
964.184000
1042.694229
1120.508136
1203.651579
1284.995150
1364.256053
1451.483955
1530.953233
1611.019248
1705.006541
1768.304098
1830.161278
1918.174831
1990.730678
2050.546917
2092.828945
2147.017350
2198.795789
2243.150923
2291.331053
2312.508214
2333.850677
2357.109887
2383.430714
2419.148759
2409.409248
2413.066071
2415.105819
2418.360301
2402.413383
2416.963459
2435.851638
2439.756391
2438.787594
2446.294342
2454.913684
2455.878872
2455.620620
2452.310942
2480.835113
2477.755424
2482.871015
2492.167669
2492.637326
2500.334436
2508.438665
2508.857444
2491.284049
2477.970113
2463.974586
2437.631579
2409.074079
2368.942166
2307.913496
2286.963540
2297.902068
2262.720377
2228.682256
2216.032030
2195.624124
2177.196203
2177.469004
2157.499981
2160.417514
2143.957820
2128.876165
2133.782844
2148.601842
2142.506441
2118.962237
2134.472373
2137.354060
2137.801485
2152.434549
2136.567820
2122.562166
2111.831504
2093.896992
2090.769925
2046.175537
2005.606861
1974.845564
1946.266365
1920.034474
1887.260697
1861.025714
1852.086880
1821.152556
1806.277143
1776.379023
1735.265451
1719.363051
1692.224511
1666.216880
1644.413477
1654.816780
1641.859812
1625.061842
1624.736271
1611.549474
1606.378550
1631.086711
1628.184211
1597.182707
1617.637556
1602.268102
1569.659474
1574.555537
1557.293346
1533.360113
1512.436992
1486.085282
1459.532763
1430.111654
1403.093684
1375.326447
1344.246893
1325.431053
1312.815451
1285.468778
1261.613503
1216.786617
1187.702650
1167.320245
1125.989887
1076.776102
1018.954164
965.712143
909.041217
851.336094
804.769395
754.129947
704.936927
667.121682
637.327985
614.167203
592.473244
569.737291
556.999718
535.231412
524.033062
528.714962
533.276835
532.116259
549.058734
556.731989
574.790237
615.371250
655.929030
713.939000
796.212929
886.697940
1003.124398
1148.937797
1323.890244
1526.510508
1757.341203
2008.795330
2247.859098
2509.435301
2777.796008
3048.344229
3315.135789
3565.172105
3798.852994
4032.959323
4261.286353
4456.950056
4657.490940
4905.014557
5091.564436
5256.527778
5475.813985
5714.711015
5907.116128
6151.135056
6406.087891
6715.220902
6976.066147
7207.058684
7481.450339
7726.206842
7961.590714
8206.887627
8433.814511
8666.192787
8874.076635
9126.617985
9377.857782
9611.469831
9824.497669
9985.067970
10165.596610
10336.285902
10510.854237
10621.684211
10795.718832
10903.686466
10956.030075
11016.247368
11062.575188
11102.636723
11114.293985
11096.472932
11121.211278
11116.210526
11092.300000
11060.119549
11048.317702
11028.300000
10928.114098
10832.769737
10771.300000
10643.479699
10495.404699
10391.142938
10305.381203
10230.429190
10167.932331
10083.399248
10062.996045
10067.657519
10125.746429
10196.601880
10311.998682
10395.460902
10550.142857
10695.136842
10826.161842
10980.484962
11140.618797
11325.506780
11526.903759
11706.638983
11860.566917
12005.240226
12168.348399
12280.721805
12311.168421
12394.667293
12453.235593
12446.245865
12402.433083
12427.432895
12410.176316
12338.177213
12283.241165
12221.832768
12117.993233
12004.140113
11924.315977
11838.452632
11706.242750
11664.651692
11596.949624
11507.103759
11397.129944
11367.367857
11283.916917
11266.363158
11187.373684
11133.402260
11107.452632
11089.015443
11080.562030
11035.827307
10972.790226
10931.279887
10880.864407
10887.336090
10824.580226
10712.567857
10676.588512
10618.436842
10555.024859
10495.280263
10421.426316
10355.579661
10244.258271
10145.263089
10031.318421
9910.683522
9822.811090
9733.181654
9601.318872
9446.362575
9330.152542
9161.540451
9048.705311
8944.777237
8784.516384
8652.523684
8537.410263
8427.089981
8321.289737
8218.079153
8104.951692
8013.498136
7909.640451
7804.336241
7744.469850
7665.168158
7576.833145
7431.642876
7373.181128
7333.738271
7260.114407
7224.974868
7177.300789
7124.132467
7090.687331
7068.533013
7045.071203
7019.155970
7013.907011
7024.730526
7017.778459
7006.392951
7021.632863
7020.788872
7048.672989
7055.901450
7011.113797
7033.098421
6987.895263
6989.685763
6984.259925
6993.563252
7007.967331
7016.526880
7023.665714
7000.269643
6959.501262
6940.330000
6888.286554
6777.832895
6703.296429
6646.111111
6530.457895
6465.381053
6379.223158
6287.554011
6172.483628
6084.750677
6003.117556
5932.584962
5856.771469
5796.405639
5733.634313
5646.936729
5573.468757
5491.550526
5399.519868
5278.290678
5156.124511
5052.973684
4990.187368
4861.403748
4754.402519
4608.441504
4480.498947
4374.133534
4259.344802
4136.922820
4020.921017
3923.004436
3821.892712
3692.210320
3588.840977
3488.831582
3394.382575
3289.159831
