111.671000
112.709420
114.186750
115.074500
117.653712
112.041468
118.501051
117.760075
120.964362
121.073867
127.395541
135.144716
138.378098
137.400384
140.178564
150.383316
155.774066
159.468342
163.605286
167.547895
173.304544
178.579782
187.041638
189.994276
200.219537
207.706214
207.569562
215.344504
226.413624
229.695593
229.227502
234.520687
243.301632
245.588780
248.699374
259.877376
268.364200
275.997863
284.303036
298.044571
301.816004
303.651160
312.322286
316.521113
317.797645
321.314870
328.317853
337.025322
346.918474
362.389465
377.790504
388.311457
402.628130
426.252808
456.506260
472.856771
514.163689
553.439436
600.144395
644.842789
687.459368
731.318000
792.955596
872.341263
960.072316
1057.601733
1151.884192
1268.077857
1387.976817
1509.496598
1655.255254
1783.916241
1916.069831
2095.422162
2276.488835
2461.660301
2633.363684
2828.838870
3052.403910
3287.805883
3508.563842
3708.873684
3943.071203
4193.034511
4459.701789
4691.003158
4909.681034
5135.089417
5366.906015
5594.510226
5770.949812
5926.847119
6075.405038
6216.754426
6338.290075
6445.551278
6564.218663
6660.467500
6693.324643
6745.237293
6795.224689
6813.177143
6821.508158
6829.955789
6851.191786
6870.424783
6819.705489
6843.103835
6890.557049
6879.095650
6842.432105
6864.319906
6884.079211
6857.907895
6869.024812
6898.023214
6889.043597
6841.898872
6875.977797
6883.463665
6950.538571
6979.107815
6985.416184
7018.030000
6996.787444
6952.515273
6919.539643
6841.241955
6734.625263
6626.147500
6508.433220
6402.971015
6303.796384
6277.516842
6222.043578
6179.251128
6144.977331
6092.486836
6049.405075
5998.688891
5998.522707
5962.605292
5912.801504
5901.645827
5889.563578
5862.457632
5862.752034
5873.511635
5866.710678
5891.945639
5895.493929
5881.995132
5846.002669
5796.016252
5745.214380
5675.541278
5568.487143
5508.526271
5439.179662
5356.191692
5259.601281
5168.190263
5094.925556
5017.291429
4940.881805
4883.103966
4804.762857
4761.751955
4704.243853
4643.876761
4598.856842
4585.278553
4518.306053
4505.681186
4495.795451
4469.834511
4469.907458
4487.982105
4457.331959
4419.050150
4437.308534
4434.133346
4435.984549
4391.792575
4338.691429
4249.900282
4194.414605
4149.899662
4112.974925
4035.271466
3974.478459
3876.350000
3809.971053
3765.451711
3698.481864
3643.062820
3608.011297
3550.379248
3495.955518
3433.064962
3346.216504
3212.111299
3067.332556
2912.801695
2770.049267
2594.853910
2429.431186
2274.877143
2128.171579
1998.218421
1880.847326
1788.294211
1730.578496
1676.311128
1604.069041
1543.812688
1500.416053
1477.457928
1457.929906
1453.034407
1455.565639
1464.483158
1483.878475
1523.849398
1613.289474
1725.525000
1880.599379
2077.941128
2323.687500
2650.255414
3027.849962
3428.394746
3939.157951
4498.058136
5088.781729
5708.919473
6334.176466
6983.857932
7616.582109
8226.633477
8776.714342
9314.047368
9797.406158
10235.179887
10670.653759
11099.451601
11503.415977
11907.932580
12365.715789
12785.666667
13281.605263
13809.212030
14297.617293
14912.300000
15450.150471
16020.172180
16550.143797
17029.444737
17515.784557
18046.951504
18564.198120
19057.618644
19594.323308
20168.912053
20724.595677
21194.123917
21649.016541
22089.146617
22513.142293
22843.196992
23117.710169
23451.787030
23848.365913
23975.102632
24219.735028
24481.662970
24550.622556
24601.941353
24668.459962
24631.209605
24663.890977
24754.788722
24698.270865
24635.812782
24587.071429
24440.372368
24362.155367
24136.400000
23889.655075
23586.032895
23246.800000
22945.696241
22660.601880
22319.518267
22099.456767
22039.921469
21929.779887
21927.817293
21929.064407
22045.787406
22118.751692
22334.524812
22652.891714
22952.384398
23193.439098
23488.500000
23918.663158
24304.500940
24673.045113
25176.020339
25647.728195
26019.355367
26432.282707
26748.239850
26942.530885
27148.312406
27241.835714
27460.239474
27484.615254
27545.830827
27477.838722
27371.021053
27244.350000
27092.778343
26818.386466
26582.303202
26439.814286
26290.907345
26120.922744
25981.979323
25857.854237
25585.378947
25379.211278
25213.221805
25112.000000
24995.228383
24845.412782
24671.015789
24593.248684
24495.048964
24343.781203
24293.728625
24250.703383
24080.635405
23942.533083
23917.974248
23830.762712
23770.122556
23705.005461
23611.853571
23474.966478
23311.215038
23150.690019
23117.701316
22943.163158
22808.638983
22618.957143
22306.919209
22023.450000
21738.941055
21459.591353
21170.249624
20770.339850
20449.189474
20125.294350
19871.938346
19538.994915
19278.514098
19074.898305
18767.594737
18490.310526
18241.562335
18004.249248
17832.301695
17624.317669
17427.600000
17247.286466
17044.236466
16846.640038
16653.139850
16532.255367
16297.409774
16210.821805
16123.838346
15943.545198
15855.035526
15707.810526
15643.037665
15567.092481
15568.370433
15579.348872
15567.294539
15554.261090
15569.071805
15626.078571
15659.079699
15621.982863
15602.651880
15578.249248
15561.574953
15536.815038
15516.057895
15501.778947
15575.227119
15607.375940
15659.889286
15657.852256
15595.947744
15555.071429
15466.918045
15308.713748
15168.871429
14983.414124
14730.056391
14561.600000
14390.936535
14147.127820
13987.973684
13798.794737
13592.058569
13397.839662
13221.699248
13061.325188
12848.267669
12689.949718
12554.946617
12358.630697
12147.298120
11963.015254
11771.870677
11482.516541
11268.220339
11040.271429
10762.173684
10510.669737
10231.486817
9974.815338
9723.652914
9431.119925
9146.727594
8870.452203
8634.903797
8428.355254
8197.973722
7959.427740
7740.934887
7536.499248
7390.765405
7111.179605
6932.754689
