108.249737
109.579038
111.777641
106.918489
110.348424
105.204085
107.473763
109.726053
110.923992
115.046836
118.447274
123.087426
126.295850
126.736299
129.039165
132.997073
134.911842
136.602632
140.897357
138.257908
144.475369
154.230218
156.778060
154.552974
160.647192
160.577207
165.690355
175.621372
175.781256
174.565484
180.125130
186.602593
192.044342
191.072136
197.229585
196.555541
199.093629
205.015321
213.873382
222.254000
215.260147
230.130637
232.605429
233.744030
238.087019
241.160942
242.400000
245.769439
251.817421
256.059757
266.006662
274.171301
285.370379
301.239327
316.346853
330.284075
350.327279
373.632662
410.889207
448.332674
481.925026
516.688356
559.333303
607.605805
662.101263
730.484228
799.936989
867.952470
945.378559
1041.337293
1138.362825
1243.093233
1357.133446
1456.505583
1566.330827
1688.619549
1821.240320
1950.661356
2100.316767
2255.214868
2400.828531
2554.822368
2695.223158
2852.815996
2999.186139
3152.941729
3327.967556
3479.582425
3601.805150
3758.472519
3873.873102
3986.275424
4079.644436
4176.900301
4261.946748
4317.828195
4362.769397
4415.975658
4473.069643
4501.749699
4499.742203
4515.463214
4531.261278
4544.728797
4559.576071
4549.767439
4542.296466
4550.051203
4551.388308
4555.642260
4581.277594
4572.144342
4560.151974
4574.080000
4557.238797
4554.978459
4560.785028
4561.086805
4570.916610
4588.413026
4570.868120
4585.584463
4609.851767
4592.968966
4582.636241
4579.023861
4536.621485
4491.410226
4430.492105
4346.381711
4262.555913
4171.269699
4128.516742
4089.327462
4042.392674
4016.000451
3972.830865
3957.086441
3928.702857
3919.906353
3887.902932
3860.533220
3844.978120
3852.237688
3833.165838
3803.513684
3813.943898
3834.118778
3838.513220
3824.752406
3806.915545
3794.890808
3763.407932
3717.962505
3679.946974
3626.422481
3598.767594
3547.285028
3485.573346
3413.384211
3332.788889
3302.071316
3288.731789
3227.495714
3170.884944
3116.231335
3051.748571
3024.669436
3005.523440
2962.315217
2935.371654
2918.551278
2909.593327
2879.398305
2854.245376
2834.428102
2827.175254
2827.507895
2837.305292
2835.892444
2810.188496
2811.719887
2812.956523
2780.440075
2749.635940
2708.991751
2633.176128
2592.529887
2540.855526
2484.924549
2435.450564
2376.339398
2327.583684
2285.575263
2246.983729
2213.461203
2175.906165
2129.754793
2077.506874
2029.114737
1974.481259
1893.663992
1787.786353
1681.325424
1574.628816
1480.867218
1376.708456
1277.945019
1199.985000
1130.176842
1066.027778
1005.925380
951.225248
907.033504
866.159090
839.289295
828.680786
819.037121
800.833436
799.169616
802.069256
817.200613
844.682571
897.063947
939.022263
1021.053500
1130.710527
1269.260150
1441.456071
1657.360432
1941.753308
2240.159661
2598.789680
2988.288475
3414.212556
3823.717740
4240.106692
4656.377632
5079.845932
5473.836898
5876.037895
6241.298947
6557.509209
6848.998459
7158.677444
7475.801224
7745.082895
8002.327966
8319.989023
8647.708889
8975.101974
9349.551654
9718.450827
10131.735338
10498.701507
10908.196992
11254.028383
11618.068421
11917.333710
12235.619549
12596.365038
12974.716949
13358.889474
13658.994915
13951.276316
14351.073258
14651.693609
14887.574060
15159.851880
15394.942105
15608.684746
15872.989850
16059.471751
16208.831579
16322.167608
16418.812406
16483.948120
16499.230075
16512.101692
16561.812429
16612.860902
16623.706015
16570.958083
16508.657143
16438.857143
16371.957143
16275.133145
16075.271429
15929.888722
15731.919737
15485.800000
15279.628571
15075.231767
14879.738230
14740.972932
14661.715819
14642.130451
14670.577444
14703.841243
14749.432143
14879.521617
15006.635338
15192.714501
15334.297744
15558.128571
15817.131579
16102.646053
16411.068797
16665.046992
16921.023164
17223.902632
17491.647646
17701.763910
17919.206391
18082.749153
18170.750752
18349.140602
18350.646053
18384.415254
18373.069925
18349.610902
18253.671053
18083.252632
17969.148776
17823.111090
17725.742938
17627.903008
17449.167797
17278.834774
17134.148496
16990.384181
16910.791165
16789.212782
16665.075940
16594.499812
16578.828008
16457.944361
16368.815789
16281.456579
16184.194539
16167.554135
16131.614501
16039.940226
15987.983804
15947.883835
15867.821241
15816.357627
15731.396992
15670.700377
15683.500000
15538.042185
15475.548496
15367.097740
15276.676316
15200.000000
15034.053107
14827.171992
14627.688512
14470.946241
14280.620904
14029.232519
13784.524812
13557.933083
13357.712218
13195.637853
13000.697368
12800.998870
12541.695865
12371.702448
12217.589474
12064.555263
11870.088512
11742.533083
11615.010169
11483.282707
11365.425424
11247.486466
11113.485902
10949.899060
10808.362406
10754.467797
10618.513534
10459.633083
10382.879699
10258.402260
10241.015789
10207.123684
10127.855556
10052.839662
10078.739925
10090.749624
10050.865160
10044.343797
10044.566917
9987.810902
9967.277105
10030.024105
9987.724135
9984.482876
9996.725612
9954.541353
9954.482632
9976.629474
9970.254407
9988.590977
10007.124248
9982.607538
9961.570301
9894.640000
9815.348571
9741.837966
9620.915714
9521.110960
9408.476711
9244.658571
9122.871469
9059.893853
8859.665921
8735.395263
8670.620885
8550.520132
8420.482820
8316.637368
8187.362199
8038.354576
7932.869474
7813.845650
7669.177068
7559.708267
7387.249361
7245.332838
7120.724746
6982.980827
6817.220526
6602.387105
6450.751375
6229.201541
6066.773722
5869.474342
5697.405414
5557.953955
5396.853195
5234.584463
5106.220226
4982.492712
4831.089323
4666.915789
4553.212806
4409.165808
4308.616893
