74.270037
76.371864
75.504941
75.734404
77.103212
77.743330
79.659797
76.234720
75.344761
77.124373
82.704140
83.305522
81.296335
81.905032
84.435600
88.717633
92.906188
96.739768
95.352332
94.918209
102.508557
106.545594
119.902782
115.926231
114.600000
119.461714
118.808447
119.378425
123.977023
126.981105
128.140254
130.533789
132.445868
133.833814
137.181447
140.182278
148.015819
158.118878
159.983554
163.388286
162.426017
167.081404
167.268714
172.325722
175.002355
172.064814
177.281425
186.707772
189.928553
195.814465
194.519887
204.838188
212.512571
230.380865
238.178296
260.935966
267.018412
292.890353
310.759092
337.914358
365.627015
395.767102
433.459423
475.027602
518.065316
562.152748
621.203658
698.807500
749.504957
829.498111
925.735966
1004.124526
1092.836836
1185.777086
1293.911880
1413.148872
1530.602632
1661.228889
1788.701955
1915.301786
2065.043390
2226.367632
2374.531353
2508.825733
2680.097966
2871.216015
3029.420094
3141.722989
3320.054361
3448.820902
3582.115996
3696.224237
3832.490075
3932.007533
3996.749173
4068.576692
4145.674595
4218.147105
4277.438929
4307.265564
4331.904633
4325.796786
4382.555902
4399.899737
4389.566071
4418.078512
4399.491880
4418.295865
4417.888665
4433.474633
4462.287782
4470.899906
4445.454211
4426.291579
4444.802406
4452.204380
4462.520056
4482.928308
4460.374068
4469.970959
4488.796015
4551.526836
4539.973383
4548.212763
4533.588571
4521.812241
4494.397293
4452.917519
4382.877368
4312.325132
4266.126347
4197.137180
4130.649058
4055.243872
4011.505066
3956.000000
3930.533214
3924.629322
3918.034662
3921.967387
3882.725620
3853.679642
3837.751504
3831.558722
3810.011055
3799.002368
3808.654407
3802.487274
3816.178983
3836.591278
3829.036071
3820.845827
3798.760977
3788.341544
3755.701673
3697.645789
3674.372105
3633.828362
3548.080470
3506.635338
3461.691149
3401.628421
3336.351921
3270.587143
3243.425489
3183.761316
3136.317857
3086.091015
3054.559662
3020.109812
2971.328271
2951.040695
2934.463440
2904.985687
2905.979060
2892.459793
2881.793898
2880.233158
2878.664049
2873.705658
2862.835113
2855.972895
2832.865545
2801.399229
2772.174286
2774.549040
2733.707049
2674.857970
2624.014436
2580.290451
2536.231898
2485.556015
2446.242632
2404.934474
2348.203616
2310.151278
2291.759248
2239.088722
2181.139548
2152.827669
2085.533534
2030.284896
1943.506090
1852.318644
1721.578571
1608.360526
1503.138437
1423.750038
1319.385658
1234.575000
1166.137100
1093.060432
1037.240977
994.242105
946.865058
922.205513
912.203421
893.892024
872.248795
865.426945
871.797165
874.907201
881.334542
909.295917
959.978632
1009.054750
1095.948663
1217.484662
1361.192500
1547.309868
1783.565038
2083.601525
2410.510000
2769.802881
3219.056165
3680.872542
4117.387876
4571.577293
5067.513823
5559.782914
6013.584342
6445.543684
6855.227288
7247.337331
7610.155376
7964.866026
8302.949361
8581.002166
8958.119173
9330.041111
9641.419023
10095.717632
10535.527068
10951.786466
11409.140866
11853.953383
12280.493985
12719.168421
13130.867420
13566.859023
13990.236466
14388.659322
14800.716541
15193.428249
15612.026504
16027.954991
16424.784962
16774.036278
17112.553008
17383.529323
17733.709040
18067.636278
18309.163089
18534.260526
18740.813748
18830.848496
18905.563910
19056.924812
19133.961466
19099.632768
19136.882707
19116.595677
19102.851692
19136.695489
19105.485714
19123.436278
19059.211111
18945.942857
18716.201692
18524.467105
18351.700000
18117.206767
17844.315977
17616.364030
17431.851504
17261.665160
17156.611090
17143.569925
17194.836723
17178.824060
17280.180451
17404.763158
17642.345386
17836.963722
18095.436842
18350.773684
18644.488158
18910.719173
19239.650376
19563.300000
19835.008459
20115.041431
20408.256391
20668.332707
20830.902260
21110.620677
21157.297368
21176.883271
21267.091525
21323.666165
21280.343233
21232.994737
21217.486842
21088.169303
20961.285714
20845.303766
20630.133835
20422.764972
20302.507519
20151.578947
20007.069680
19862.982895
19712.868797
19553.490226
19546.057815
19391.772744
19301.943985
19213.650000
19105.744737
19040.876460
18962.533083
18893.589266
18805.233647
18734.512994
18705.815789
18610.300752
18464.611864
18416.672932
18410.522034
18325.075000
18252.787382
18090.846617
17981.301130
17916.878947
17718.515789
17587.549718
17444.202820
17266.244256
17055.040602
16834.325424
16605.849812
16351.952632
16147.248120
15983.172744
15658.743503
15489.481955
15206.954802
15013.261842
14794.878719
14532.236842
14342.293421
14149.770433
13959.107143
13792.374576
13612.174624
13437.659322
13276.554135
13131.106203
13000.353195
12849.112030
12726.644821
12576.610150
12450.576692
12322.873684
12260.046328
12110.675000
12013.147368
11972.030132
11899.512218
11905.689454
11959.411278
11931.600753
11920.829135
11923.498496
11845.909774
11819.671241
11891.824105
11926.402256
11901.575188
11916.181544
11895.533459
11838.536842
11884.659211
11840.684746
11887.655639
11945.221805
11895.268797
11860.883459
11862.407143
11793.588158
11661.547458
11549.885714
11451.034463
11320.201128
11202.771429
11011.540678
10840.521241
10669.584211
10521.063158
10413.702825
10265.210714
10090.912030
9970.490489
9877.882575
9747.305951
9604.562256
9494.391789
9361.784586
9173.164237
9032.292256
8932.188947
8733.962542
8528.598647
8306.932632
8125.288684
7922.356252
7721.566692
7488.038609
7280.269361
7089.536842
6891.268192
6711.424925
6511.434181
6288.188120
6121.773804
5993.152293
5830.605940
5656.069266
5547.826015
5403.248079
