92.397879
93.284996
87.929123
91.304819
91.675112
89.445370
87.171063
91.192801
86.318775
84.795880
92.316541
91.360280
89.491358
93.020810
96.101786
99.304794
97.494441
99.803947
107.601109
107.948244
106.608685
109.054241
107.996652
114.325519
117.612582
117.783274
118.361115
122.698600
122.007617
120.408814
124.481508
127.407593
128.663974
132.606898
136.662618
136.255917
139.911107
142.285947
141.894578
150.240071
146.607113
152.458799
155.066857
153.911436
157.664767
160.625968
158.614515
164.113192
177.649776
179.144147
177.706519
188.062853
190.343418
202.235391
217.678936
218.336992
229.290979
248.610098
270.171694
289.420960
306.765485
325.010322
353.550519
386.294120
413.996211
451.446083
497.535342
539.849135
585.471507
646.203419
727.862350
787.954797
854.310678
926.705132
1005.842500
1111.408722
1193.324605
1276.084350
1391.421128
1496.708947
1589.539435
1701.976842
1804.989586
1936.740470
2055.077947
2188.487293
2300.725827
2414.846241
2523.178534
2647.335000
2751.574192
2853.585424
2923.885188
3009.259623
3090.027726
3157.719173
3213.277910
3243.217632
3284.495357
3336.896241
3355.647062
3372.851429
3385.939361
3415.874323
3432.962857
3446.475706
3466.116917
3462.184662
3463.686936
3453.688418
3469.610338
3485.681654
3493.455132
3503.070000
3498.129023
3511.370564
3513.541770
3502.382857
3515.056271
3521.437368
3540.322857
3534.068550
3560.117951
3573.852444
3567.162632
3557.250584
3545.447519
3523.492180
3487.876316
3435.537237
3375.228964
3337.139586
3314.320866
3259.083778
3225.830772
3191.664962
3162.016447
3149.613672
3105.262744
3101.434079
3082.448515
3085.280866
3082.817444
3057.383308
3051.189473
3059.621579
3055.979153
3066.407143
3085.498305
3069.251353
3056.271203
3061.621316
3055.636617
3037.482957
3017.918703
3008.744812
2970.803459
2919.600565
2886.160132
2846.042669
2811.163427
2776.338158
2730.096573
2680.254286
2632.093045
2602.205000
2559.702857
2521.868271
2490.833853
2444.586780
2426.425940
2407.692575
2383.024436
2380.567797
2370.003947
2348.609568
2331.053390
2323.027368
2314.291149
2314.631673
2332.716241
2329.911917
2300.524756
2271.317049
2260.898120
2253.740508
2205.125846
2163.020677
2158.266805
2117.437105
2078.574850
2050.393835
1996.325789
1958.408684
1933.230678
1900.331391
1876.507462
1854.232575
1817.588682
1749.165564
1721.719962
1651.840490
1594.142256
1525.060847
1438.741880
1360.026842
1294.901695
1208.797387
1123.732895
1058.104474
1002.217394
953.101417
907.933444
864.614759
836.418479
804.633062
765.939327
749.744471
740.563844
737.982395
733.679737
752.734731
757.369480
767.099248
803.547158
864.524000
928.133778
1007.315414
1121.497500
1265.555132
1441.436729
1655.983898
1916.904812
2219.387288
2517.030376
2849.463352
3204.625376
3607.052556
4014.458889
4398.050000
4745.659211
5118.089474
5447.019379
5785.844286
6121.384060
6408.393032
6699.694925
6983.815292
7294.149173
7561.391111
7845.586447
8172.670489
8531.835000
8891.114549
9235.789040
9581.491729
9981.590301
10350.180263
10709.263653
11090.500752
11452.552444
11793.979661
12137.770677
12440.723540
12717.896805
13079.425612
13420.900752
13765.552632
14073.653571
14328.193233
14579.724294
14850.641541
15068.106026
15284.439474
15464.659322
15573.827632
15723.951880
15848.221805
15896.931203
15954.209605
15958.607519
15971.177820
15947.863158
15982.866917
15960.685714
15890.871241
15897.270621
15823.028571
15685.276504
15557.318421
15452.900000
15302.796992
15134.881015
14955.193597
14796.259398
14697.092655
14600.393045
14522.257895
14531.460452
14528.253383
14578.194549
14708.943609
14797.990584
14979.988346
15181.546617
15351.552632
15572.988158
15829.306203
16104.187594
16316.322599
16549.158459
16832.456685
17078.363158
17338.681767
17489.154426
17624.759398
17710.223308
17844.604511
17856.103390
17904.311278
17856.604511
17839.417105
17802.947368
17718.890584
17650.128195
17524.958004
17371.412030
17277.460452
17177.825000
17020.688346
16903.003766
16783.623496
16670.275188
16545.482707
16433.135782
16268.063534
16223.303008
16067.907895
16075.246053
16032.497175
15963.995489
15943.308098
15921.024812
15850.712241
15743.946992
15671.404323
15658.910169
15598.423308
15519.519962
15408.278571
15322.822599
15319.648496
15205.592279
15109.201316
14996.152632
14901.446328
14772.188910
14629.267420
14462.745865
14290.236158
14126.953383
13956.855639
13788.389474
13600.430639
13366.268927
13131.119925
12985.409605
12811.028571
12668.491902
12479.557895
12312.200000
12079.562335
11909.750376
11797.749153
11651.791917
11502.098305
11380.798496
11234.542669
11074.993233
10968.692481
10843.504143
10696.118797
10604.239098
10574.313534
10448.203955
10416.292105
10283.855263
10229.030132
10147.263722
10126.644444
10096.042105
10073.518079
10065.711466
10075.818045
10102.338722
10100.341917
10116.559134
10105.396241
10129.274248
10135.258380
10095.442481
10086.084211
10051.952632
10075.883051
10096.354135
10126.934211
10138.831955
10118.586090
10071.642857
10040.094925
9990.163239
9892.885714
9842.702712
9782.987650
9650.103571
9515.742298
9355.088026
9235.550526
9147.382632
9011.489228
8825.014793
8746.458496
8668.727895
8541.579154
8435.647043
8326.232632
8190.766798
8069.539267
7962.207043
7870.421805
7768.882406
7563.277288
7485.377293
7274.677895
7151.963947
7024.462900
6830.970338
6638.202462
6429.238816
6266.001579
6107.329492
5937.339680
5770.536102
5601.118083
5427.413202
5274.455996
5161.482105
5000.744746
4851.585695
4714.295876
