4.59891
2.20126
-.196382
1.29627
2.7948
7.18045
11.5761
9.01664
6.41919
8.38328
10.3813
7.03508
3.6384
6.76072
9.95759
11.2815
12.5802
10.7307
8.83262
2.41796
-4.07567
2.2673
8.86084
7.3375
5.63917
5.89279
6.1925
7.17402
8.17304
7.71397
7.21446
2.05844
-3.23637
.375774
4.27196
7.00871
9.70607
10.1857
10.5853
8.67545
6.67741
7.94444
9.34307
12.5626
15.8593
9.78339
3.28975
8.44032
14.1347
12.0188
9.52123
10.3505
11.3495
14.9097
18.6061
11.9844
4.79144
8.55648
12.9522
9.52348
5.6273
3.89481
2.29638
7.45717
13.0517
5.24964
-3.44184
3.01149
10.5041
14.9182
19.1141
13.4419
7.04818
6.6929
6.7928
11.6206
16.8155
14.3323
11.2353
8.04602
4.84915
4.0473
3.44789
3.76768
4.16729
5.85104
7.64928
8.53223
9.33144
8.852
8.25259
12.7568
17.752
12.9254
7.13107
6.6
6.6
4.6079
2.41005
-2.85983
-8.45435
-4.49208
.503021
4.68846
8.78445
7.31489
5.21695
6.97056
9.16841
10.2937
11.2928
11.5783
11.7782
10.9102
9.91114
8.02424
6.0262
5.71141
5.6115
9.04745
12.9436
9.34277
4.74728
9.30427
15.0986
8.07281
-.718576
2.40543
7.20073
10.5973
13.7942
10.8856
7.08929
8.51457
10.7124
8.39509
5.39803
12.0174
20.1094
20.5949
19.8956
13.5905
6.39757
9.01397
13.2098
8.64892
2.6548
10.3655
20.3557
16.6724
10.6783
12.4432
15.5401
11.3212
5.82664
10.6864
17.3799
15.0129
11.0168
10.0621
9.66247
12.9714
16.9675
15.0773
12.0802
14.704
18.4004
16.4054
13.3084
12.633
12.4332
14.4826
16.9802
23.2177
30.2109
25.4301
18.2372
16.0901
14.9912
17.1932
20.0903
22.3289
24.4268
22.0075
18.6108
21.1135
24.9098
22.6574
19.0609
21.0909
24.3877
28.5793
32.975
32.6639
31.2652
32.943
35.3406
33.5387
30.7414
34.3894
39.5843
36.9834
32.4878
32.7224
34.121
37.5191
41.4153
42.2
42.2
44.8263
48.1231
44.5923
39.2975
40.1007
42.4983
46.002
49.7982
48.1571
45.0601
45.3433
46.5421
52.4456
59.6386
59.2446
56.747
57.0582
58.1571
60.2678
62.6654
65.9946
69.5911
67.4575
63.6613
64.113
65.8114
62.9643
58.7684
59.9517
62.7489
69.8386
78.2303
81.9584
84.2562
80.377
74.5827
79.2089
87.1012
85.8136
81.6177
77.6488
73.7526
77.7813
84.3749
81.6338
75.8395
79.0552
85.2491
88.822
91.5193
93.3204
94.8189
92.3691
88.5729
88.4173
89.5162
95.0614
102.154
106.956
110.952
111.189
110.09
109.8
109.8
116.179
124.87
127.419
127.719
124.883
120.887
125.109
132.402
143.395
155.783
158.693
157.994
160.83
165.026
172.172
180.464
179.643
175.247
185.235
200.919
206.756
208.654
216.53
226.82
230.723
232.021
239.265
248.956
256.882
264.075
266.974
268.073
281.525
300.207
305.52
305.12
310.444
318.236
328.743
340.432
347.331
352.127
363.289
377.276
392.297
407.782
417.83
425.423
434.113
443.304
448.253
451.25
463.253
479.437
489.771
497.363
504.888
512.381
526.908
544.791
557.412
567.502
573.019
576.316
590.543
610.124
613.056
607.761
617.266
634.15
643.389
648.784
653.582
658.078
661.186
663.583
661.106
656.111
664.91
680.894
682.078
675.484
675.355
678.651
680.19
680.79
681.909
683.307
683.412
682.812
680.213
676.517
679.638
686.531
679.125
663.741
663.889
672.78
684.603
698.09
696.138
685.349
690.52
704.906
702.118
689.33
684.6
684.6
690.436
699.726
700.385
695.889
695.073
696.472
696.938
696.838
699.712
704.408
708.609
712.505
715.293
717.391
719.305
721.103
719.108
714.712
717.33
724.423
727.869
728.968
734.49
742.882
734.422
714.941
710.391
715.686
718.76
720.358
717.83
712.535
711.354
712.952
705.816
692.729
686.215
684.217
680.744
676.248
674.694
675.194
681.616
692.205
692.743
686.149
680.313
675.018
672.8
672.8
666.378
655.289
661.325
679.906
678.606
662.621
656.258
657.057
659.397
662.894
665.651
667.849
673.788
682.579
679.113
666.226
662.795
666.691
673.224
681.815
680.96
672.669
676.018
688.606
687.595
675.706
668.63
665.433
662.732
660.435
661.047
664.045
664.305
662.307
658.946
654.451
655.768
661.962
660.361
652.169
644.786
638.093
630.862
623.169
623.455
630.648
625.677
610.092
606.415
613.208
617.141
618.54
616.351
610.956
605.403
599.709
596.581
595.782
600.252
609.543
610.621
604.127
597.634
591.14
590.786
596.18
600.085
602.582
597.554
585.366
585.316
596.905
603.514
605.313
603.214
597.32
592.282
588.087
588.26
592.755
595.95
597.848
600.145
602.843
597.549
584.162
581.404
589.496
590.695
584.8
584.154
588.949
589.934
586.937
580.048
569.059
566.986
574.379
580.999
586.793
588.214
584.917
580.711
575.516
576.948
585.639
587.921
583.126
583.437
589.431
588.833
580.841
575.943
574.545
574.173
574.973
575.307
575.107
570.092
559.502
550.849
544.455
539.898
537.5
533.365
527.172
522.252
518.856
513.283
505.091
496.899
488.707
488.783
498.973
498.963
486.375
478.999
478.1
478.132
479.331
477.881
473.085
469.477
467.379
467.95
471.946
469.974
460.284
458.139
465.832
471.409
474.206
477.433
481.229
485.197
489.393
493.631
497.927
503.452
510.645
516.192
519.489
527.405
541.691
557.023
573.806
582.893
581.194
592.913
623.583
643.455
647.95
657.532
674.415
695.014
720.988
739.569
747.361
762.512
788.486
807.098
814.79
830.531
858.304
882.212
900.294
914.015
921.108
931.436
946.721
961.535
975.621
996.035
1026.3
1045.34
1046.74
1056.65
1080.02
1099.86
1114.05
1131.76
1155.13
1174.89
1188.78
1207.74
1235.02
1259.57
1279.65
1300.07
1321.05
1343.11
1366.99
1401.33
1453.38
1492.1
1508.09
1527.45
1552.63
1578.2
1604.48
1635.22
1673.78
1710.21
1742.88
1776.16
1810.52
1838.67
1855.66
1876.98
1906.15
1938.04
1974.9
2012.61
2051.87
2082.33
2096.41
2116.09
2146.26
2177.23
2209.7
2238.59
2260.67
2281.83
2301.21
2321.27
2342.65
2369.23
2405.99
2431.31
2434
2440.84
2455.93
2468.92
2477.71
2486.96
2497.15
2505.34
2509.44
2518.3
2536.98
2545.39
2532.4
2528.85
2545.13
2557.29
2560.68
2561.69
2557.6
2552.11
2543.62
2537.55
2536.75
2537.92
2543.41
2544.19
2534.5
2520.31
2496.03
2477.7
2472.8
2462.12
2438.25
2414.82
2392.44
2372.29
2357.31
2343.66
2333.17
2318.89
2295.61
2281
2287.09
2292.16
2294.76
2292.32
2277.64
2268.21
2271.71
2281.34
2306.22
2320.3
2307.31
2301.85
2315.43
2331.41
2353.49
2375.01
2395.09
2410.01
2411.51
2422.34
2457.7
2488.4
2506.68
2523.04
2534.23
2547.11
2564.59
2582.32
2600.7
2619.58
2639.86
2659.17
2675.75
2689.83
2696.82
2707.24
2727.42
2745.85
2759.24
2771.32
2779.61
2784.25
2778.16
2773.52
2773.22
2771.98
2767.88
2762.87
2755.07
2746.84
2737.25
2726.39
2711.61
2702.82
2712.81
2715.75
2696.36
2677.58
2660.7
2649.64
2657.43
2656.38
2626.41
2601.17
2591.58
2582.75
2576.46
2566.51
2544.23
2522.7
2503.72
2490.73
2498.42
2500.6
2483.52
2470.53
2472.03
2471.54
2463.95
2455.73
2445.24
2436.33
2433.24
2427.63
2412.75
2404.47
2420.96
2431.16
2417.58
2405.66
2400.17
2394.78
2389.78
2384.04
2375.34
2365.27
2349.68
2339.9
2353.49
2360.8
2342.52
2324.84
2309.65
2295.26
2284.17
2273.82
2266.63
2261.2
2263.29
2262.32
2248.04
2236.38
2236.28
2233.42
2218.23
2203.44
2190.46
2176.82
2160.24
2145.04
2136.25
2124.99
2102.11
2078.97
2054.59
2031.47
2014.39
2000.17
1999.97
1995.26
1968.19
1943.38
1929.99
1917.36
1908.57
1897.65
1875.67
1854.07
1834.49
1816.93
1810.13
1801.25
1781.07
1763.03
1756.74
1749.24
1735.06
1721.56
1711.97
1701.95
1689.46
1677.06
1665.17
1653.36
1641.97
1629.83
1613.14
1597.3
1586.61
1579.83
1597.41
1608.38
1577.41
1550.08
1546.18
1542.84
1543.14
1541.85
1529.96
1519.03
1514.64
1511.2
1514.4
1516.33
1509.34
1502.75
1499.05
1495.9
1496.69
1497.32
1496.62
1496.3
1498.9
1501.02
1499.42
1496.81
1486.22
1476.92
1478.02
1479.99
1489.08
1496.92
1494.32
1491.23
1483.94
1478.1
1484.89
1490.85
1489.35
1487.33
1480.53
1475.19
1483.39
1490.5
1487.3
1485.28
1494.77
1501.87
1485.09
1471.04
1484.92
1496.21
1480.33
1465.55
1462.65
1460.12
1461.62
1462.74
1459.54
1456.05
1449.16
1439.85
1401.79
1366.4
1363.7
1361.48
1365.27
1368.13
1358.84
1348.63
1326.05
1304.5
1297.11
1289.07
1271.89
1255.96
1258.46
1260.62
1257.72
1254.19
1240.71
1226.82
1206.44
1187.67
1196.17
1203.3
1186.62
1170.43
1163.34
1155.81
1140.03
1124.55
1115.16
1105.27
1085.09
1065.66
1062.57
1059.62
1060.02
1059.43
1035.25
1011.41
996.027
981.08
977.784
973.777
949.8
926.241
915.152
903.777
883.297
863.34
861.242
858.658
838.178
817.96
808.169
798.467
792.573
786.355
764.776
743.436
734.645
725.928
721.632
717.15
700.166
683.298
675.306
667.225
651.041
634.897
623.208
611.506
597.92
584.26
555.788
527.382
521.288
515.177
492.299
469.422
