60.1957
50.705
41.2143
44.4918
47.7885
43.1209
38.4255
42.275
46.1712
48.1833
50.1813
46.4392
42.6429
43.3902
44.1894
39.9612
35.6654
44.7494
54.0403
51.0581
47.8612
48.3879
48.9873
46.3596
43.6622
45.8447
48.1425
45.8623
43.4647
45.1497
46.9479
44.1867
41.2895
46.6216
52.2161
48.2454
43.9496
44.1857
44.5853
45.2736
45.9729
40.8143
35.4196
44.5919
54.3823
46.6706
38.1789
47.8216
58.3114
53.7518
48.457
52.3823
56.778
50.8343
44.3406
47.1238
50.4206
45.121
39.3267
39.9427
40.9417
41.9407
42.9397
44.9714
47.0694
44.2958
41.1989
43.6176
46.4149
43.2415
39.645
44.7995
50.5938
48.9562
46.7584
48.6395
50.8373
43.9694
36.3768
38.477
41.3742
39.9419
38.1437
38.5515
39.1509
45.3455
52.039
45.6438
38.0512
38.5873
39.886
40.8202
41.7193
43.1641
44.6626
41.1702
37.1741
39.9692
43.4658
43.9807
44.1805
40.774
36.9777
35.4305
34.1317
36.8725
40.0694
43.8932
47.7894
44.8931
41.1967
39.1948
37.3965
41.9161
47.2109
42.8279
37.2333
38.6376
40.9354
36.957
32.1617
37.5976
44.391
44.936
44.6363
43.0194
41.2212
35.0423
28.2489
29.4106
31.7083
35.3144
39.1107
37.5984
35.3006
39.7756
45.2703
42.1014
37.6058
36.6542
36.2546
36.9762
37.8753
39.2907
40.7892
44.1765
47.8729
44.1172
39.1221
38.2291
38.0293
37.6589
37.2593
37.8805
38.6797
35.3202
31.2242
31.4468
32.4458
36.7395
41.6347
40.1243
37.4269
43.7271
51.7193
47.6308
41.2371
39.6141
38.9148
42.1401
46.1361
43.551
39.6549
41.992
45.5884
46.0342
45.8343
40.1751
33.3818
35.7485
40.0443
37.6715
33.8753
33.5285
33.9281
37.4413
41.6372
40.7652
38.7671
40.6832
43.4805
46.1964
48.8937
48.9131
48.3137
41.8044
33.9121
37.7302
44.3238
46.8085
48.307
52.7792
57.9741
53.8689
47.4751
43.9606
41.1633
42.8339
45.6311
48.9059
52.3026
52.8412
52.6414
51.7288
50.6299
49.531
48.4321
47.6484
46.949
45.6209
44.1223
50.0729
58.0651
54.9506
48.7567
51.6131
57.0078
53.9196
48.425
49.0631
51.4607
52
52
54.2399
57.137
55.1806
51.7839
52.3064
54.0047
57.6959
61.9917
61.9296
60.531
63.2503
67.2464
61.9629
53.7709
56.7313
63.2249
62.3785
59.1816
59.7585
61.5568
60.0427
57.4453
59.8033
63.7994
61.3552
56.7597
59.8574
65.5518
68.7879
71.1855
69.3481
66.0513
69.1275
74.4223
79.2737
83.9691
86.3057
87.8042
85.0387
80.743
80.1866
80.9858
86.9769
94.8692
96.4895
95.7902
99.0185
103.714
110.513
118.105
126.494
135.185
138.682
140.181
148.083
158.473
169.221
180.111
194.363
209.948
217.326
221.422
237.26
257.84
276.859
295.241
305.979
313.571
335.21
362.683
385.933
407.412
426.925
445.607
470.308
497.581
519.48
539.061
566.924
598.394
630.349
662.517
694.478
726.347
754.558
781.132
812.936
847.102
885.729
926.39
962.26
995.927
1027.55
1058.22
1096.64
1138.7
1174.72
1207.89
1245.66
1285.62
1316.07
1341.94
1378.31
1419.77
1453.65
1483.82
1495
1496.8
1517
1546.37
1581.66
1619.92
1634.85
1637.95
1660.87
1693.94
1705.99
1707.19
1719.82
1738.4
1755.02
1770.6
1769.21
1758.82
1767.24
1785.72
1786.55
1777.86
1778.29
1783.69
1781.73
1775.73
1784.21
1800.69
1796.72
1781.34
1774.84
1773.34
1780.06
1791.45
1799.03
1804.42
1797.47
1783.38
1782.56
1789.45
1789.73
1786.14
1790.51
1799.6
1802.5
1801.7
1794.41
1783.23
1777.01
1773.81
1768.63
1762.24
1767.09
1778.88
1779.27
1772.58
1764.78
1756.29
1754.41
1756.7
1758.27
1759.37
1752.5
1740.52
1724.1
1704.82
1686.09
1667.7
1654.8
1645.51
1626.5
1601.02
1582.84
1569.56
1551.08
1529.1
1514.55
1505.06
1487.99
1465.71
1448.28
1434.19
1430.63
1434.43
1426.56
1410.47
1402.45
1400.16
1387.14
1366.46
1362.85
1371.54
1371.44
1364.94
1362.03
1361.73
1351.37
1333.59
1336.25
1354.13
1352.61
1336.53
1330.57
1332.26
1331.53
1328.93
1340.85
1363.92
1360.43
1336.36
1327.26
1329.85
1328.71
1324.61
1311.32
1290.74
1286.87
1296.36
1291.14
1274.06
1256.53
1238.65
1235.32
1243.91
1234.39
1209.92
1189.64
1172.85
1167.86
1172.76
1162.82
1140.34
1122.56
1108.77
1098.64
1091.64
1077.8
1058.02
1041.01
1026.42
1018.27
1015.77
1009.94
1001.15
989.718
975.932
970.136
971.534
963.768
947.684
942.035
945.931
944.473
938.079
930.08
920.59
908.416
893.731
894.155
908.84
913.952
909.956
901.829
889.74
886.747
892.541
895.957
897.056
896.188
893.391
887.329
878.039
875.951
881.046
871.94
848.563
835.907
834.108
828.553
819.162
806.177
789.493
775.997
765.807
759.086
755.989
746.615
730.631
714.259
697.475
684.794
676.502
668.787
661.694
657.617
656.818
646.627
626.147
612.076
605.083
601.589
601.989
594.901
579.417
562.759
544.777
531.884
524.791
513.606
497.722
481.05
463.468
448.329
436.041
418.151
393.675
376.057
366.566
354.981
340.895
331.07
326.374
318.971
308.282
298.086
288.496
276.802
262.516
252.061
246.367
241.781
238.584
232.694
223.403
219.694
223.091
221.63
213.938
211.647
216.343
219.087
219.286
220.263
222.261
223.873
224.972
225.771
226.171
229.338
236.231
245.456
257.844
273.607
293.987
311.26
324.247
345.929
379.696
411.549
440.72
472.873
509.237
553.762
609.907
673.23
746.858
823.058
902.979
986.923
1076.73
1172.37
1276.57
1376.26
1469.27
1566.6
1670.4
1778.5
1893.09
2015.01
2148.08
2264.62
2355.83
2451.4
2553.7
2654.4
2752.6
2850.92
2949.42
3052.57
3163.06
3262.35
3343.77
3428.1
3517.12
3610.66
3711.56
3812.62
3913.92
4024.19
4149.26
4270.1
4383.89
4499.62
4618.6
4740.89
4868.77
4999.26
5134.23
5268.2
5400.47
5537.71
5683.57
5817.59
5930.87
6053.23
6191.59
6329.6
6466.97
6592.68
6697.48
6812.3
6945.27
7074.21
7195.79
7326.86
7475.41
7613.2
7730.99
7862.54
8019.88
8148.75
8223.78
8314.3
8434.38
8549.55
8655.24
8749.63
8822.06
8905.8
9011.7
9115.51
9215.21
9296.39
9340.64
9376.04
9393.62
9431.33
9509.85
9580.8
9636.25
9663.53
9632.66
9631.57
9692.51
9737.79
9750.18
9762.92
9776.41
9782.54
9772.95
9761.15
9744.57
9737.85
9752.64
9757.96
9742.47
9727.05
9711.77
9693.95
9670.48
9628.31
9543.89
9480.05
9463.17
9430.16
9360.03
9285.27
9199.76
9135.74
9122.15
9091.48
9020.35
8963.45
8940.57
8917.49
8893.91
8875.02
8867.53
8866.68
8882.16
8898.74
8918.02
8943.42
8984.18
9025.4
9067.75
9122.42
9208.53
9279.08
9309.45
9364.31
9483
9582.18
9630.03
9691.81
9790.62
9882.07
9953.8
10030.4
10120.5
10196.9
10236.3
10297
10416.9
10522.8
10589.6
10651.8
10700.9
10756.7
10831.8
10897.4
10935.6
10967.1
10979
10994.8
11021.6
11036
11013.7
10999.5
11009.7
11005.3
10956.4
10923.3
10938.3
10936.3
10881.7
10834.3
10809
10774.2
10709.3
10651.5
10616.7
10581.3
10543.6
10501.8
10446.4
10396.6
10365.9
10329.2
10272.6
10227.3
10220.2
10201.7
10144.6
10096.8
10080.8
10056.9
10005.4
9961.19
9943.01
9924.63
9905.55
9883.74
9852.07
9822.57
9800.99
9775.54
9735.78
9706
9713.59
9716.22
9700.04
9682.92
9662.24
9639.31
9607.64
9579.42
9564.73
9546.28
9512.81
9486.14
9486.84
9485.67
9476.88
9463.7
9432.43
9398.02
9350.47
9303.54
9259.29
9219.92
9201.54
9178.61
9135.96
9095.72
9066.15
9032.48
8980.53
8932.84
8904.36
8875.05
8841.88
8797.36
8700.15
8611.87
8565.51
8517.49
8461.55
8406.63
8356.68
8302.56
8228.04
8154.31
8084.58
8017.3
7962.35
7904.27
7830.14
7760.62
7714.96
7666.29
7601.75
7537.33
7473.49
7409.36
7343.62
7285.05
7265.87
7236.58
7150.86
7074.52
7051.35
7024.72
6978.27
6933.36
6897.5
6859.3
6807.25
6755.73
6707.38
6663.64
6648.26
6628.7
6583.15
6540.59
6517.01
6492.91
6465.44
6436.85
6400.99
6363.33
6313.68
6269.81
6265.21
6259.77
6248.48
6236.37
6218.49
6200.69
6183.51
6170.16
6184.74
6197.47
6196.37
6194.2
6183.91
6175.59
6182.48
6189.41
6196.6
6201.75
6190.46
6184.61
6223.27
6253.78
6216.11
6183.75
6196.64
6207.24
6197.95
6189.08
6183.99
6177.76
6161.17
6146.67
6151.57
6157.4
6172.19
6184.1
6168.02
6154.33
6164.52
6175.14
6190.23
6202.89
6190.2
6176.17
6147.7
6121.77
6123.76
6121.66
6073.2
6026.66
6002.18
5975.07
5916.52
5860.02
5828.45
5796.85
5764.88
5732.46
5694.2
5654.94
5602.39
5551.97
5530.79
5505.96
5429.24
5356.98
5350.39
5340.37
5278.33
5218.67
5196.49
5173.73
5141.36
5108.57
5068.71
5028.8
4988.04
4946.64
4893.59
4841.04
4797.88
4756.27
4745.28
4731.69
4664.15
4597.21
4543.17
4489.07
4433.82
4379.63
4350.66
4320.25
4253.51
4187.55
4142.09
4095.88
4028.35
3961.18
3905.04
3848.89
3792.75
3736.64
3681.79
3626.79
3565.95
3504.91
3435.98
3367.77
3330.9
3293.83
3246.67
3199.76
3165.29
3130.4
3070.56
3011.04
2973.38
2935.66
2893.2
2850.7
2804.75
2758.58
2688.25
2618.17
2585.1
2551.79
2469.47
2387.13
2295.72
2204.29
2095.7
1987.1
