6.79973
6.20032
5.6009
4.80199
4.00277
3.104
2.20488
-.979516
-4.17638
4.42727
13.1187
8.44952
3.65422
-.0545842
-3.75096
-1.43416
.963493
-1.066
-3.16394
1.31652
5.91202
8.25376
10.5515
7.86178
5.06452
8.41592
11.9125
.0195424
-12.2684
-5.50394
1.78891
2
2
-2.06622
-6.26211
-3.50143
-.504368
3.26408
7.06036
10.7604
14.4568
8.06985
1.2765
1
1
5.20816
9.60386
5.505
1.00941
3.9432
7.23997
.0809371
-7.61152
-3.16229
1.93271
2.76797
3.36738
6.32843
9.42539
9.69427
9.79417
8.01259
6.11446
-1.79188
-10.0837
-5.07274
.821481
-.108812
-1.50744
-.200639
1.29789
6.05475
11.0498
7.86983
4.07355
9.08409
14.7785
8.72446
1.73132
-2.58479
-6.68077
-1.38092
4.71311
7.49801
9.99556
8.36551
6.36747
5.19318
4.09426
-.749315
-5.94422
1.16439
9.45626
9.92717
9.62747
4.246
-1.64822
6.76444
16.6547
12.0884
5.99437
6.12127
6.92048
-.0170786
-7.80944
-1.14936
7.14252
4.14845
-.147344
.293752
1.29277
2.38097
3.4799
6.18052
9.07769
3.00727
-4.18568
-4.55704
-4.05753
.950194
6.54471
8.43481
9.83344
2.43159
-6.15999
-.789944
6.50291
6.43625
5.33733
5.2
5.2
2.23446
-1.16221
-2.29621
-3.09542
-2.41853
-1.51941
3.27825
8.67297
6.37465
2.87808
-.70474
-4.30121
-2.30464
.592524
1
1
-1.56966
-4.56673
1.15309
8.34605
5.22207
.326866
-1.59095
-2.98958
.364637
4.56053
2.74438
-.152781
-.6
-.6
.832844
2.53118
1.28639
-.511844
-.54832
-.248614
2.31093
5.30799
6.0505
6.35021
8.31604
10.6138
5.76405
-.529784
-1.76583
-1.96563
-2.33087
-2.73048
-.654402
1.94305
3.88189
5.68013
3.45392
.356959
-3.39549
-7.29167
-.561671
8.52942
4.655
-2.13834
-3.31865
-3.21875
-.116204
3.68008
-1.42889
-8.62184
-4.8313
1.56244
2.71943
2.61953
5.65404
9.45032
5.30941
-.784622
1.91892
6.81412
3.89068
-1.00453
1.5018
5.89749
7.5939
8.59292
5.31543
.919737
-1.73798
-3.93582
-1.24787
2.74821
1.39899
-1.39827
.273938
3.1711
3.01784
2.01882
1.48792
1.08831
2.78996
5.08771
4.12506
2.22692
.0964783
-2.10137
.798428
5.19412
5.35255
4.25362
2.38624
.288301
2.25279
5.44966
7.27035
8.66898
6.33097
2.83439
3.217
4.81543
2.54467
-.951903
-1.19463
-.395417
-2.53972
-5.63669
-2.56076
2.53425
4.2505
4.84991
1.18073
-3.91428
-3.48209
-1.18434
.144961
1.14398
.879897
.180583
2.74187
6.43825
6.43918
5.14046
6.4954
8.79315
10.2822
11.481
4.68782
-5.00268
-5.3331
-2.23614
1.15254
4.64912
5.6
5.6
5.89015
6.28976
7.12342
8.12245
5.15339
.657799
3.71706
9.71119
11.3282
11.2283
10.9138
10.5141
10.4714
10.5713
7.89562
4.09934
7.25833
13.2524
8.06392
-1.72649
2.88154
13.4712
13.6438
9.44795
8.12981
8.02991
4.9203
.524605
1.9919
5.98798
12.1417
19.2348
20.0119
18.0138
11.8632
3.87102
3.95353
7.64991
7.6989
6.10047
9.16838
14.3633
13.1945
9.0985
10.0516
13.3484
14.4
14.4
11.9578
8.36129
9.83811
13.7343
17.7654
21.8613
20.9807
17.6839
18.4776
21.2748
20.4616
17.8642
16.3333
15.3343
16.1964
17.9947
16.8106
14.1132
17.3629
23.6567
26.6565
27.9552
27.152
25.2538
22.3078
18.8113
20.8647
25.8598
24.345
19.3499
20.8451
25.8402
25.9823
23.4848
23.7612
25.5594
27.422
29.3201
27.884
24.5873
22.2494
20.4511
22.2217
26.0179
25.3669
22.1701
23.2801
26.8766
23.9064
17.1131
20.328
29.4191
27.8428
19.9505
21.5039
28.6968
28.7186
24.4228
23.2351
23.9344
25.8111
28.4086
28.2263
26.3282
27.2009
29.7984
28.9586
25.9616
25.5954
26.8941
26.1802
24.1822
24.9806
27.578
30.5391
33.7359
31.9196
26.8246
25.2214
25.9207
26.56
27.1595
26.443
24.8446
22.7096
20.212
20.7449
23.3424
23.7485
22.6496
21.7868
21.0875
21.5648
22.8636
24.2796
25.7781
25.1727
23.0748
23.1902
24.8885
25.9483
26.5477
26.4529
25.8534
28.5983
33.7932
31.0581
22.4666
18.0555
16.7568
18.1404
21.5371
24.4788
27.0762
24.5158
18.0221
19.8317
28.0237
31.6
31.6
28.9075
24.1122
21.6646
21.0652
22.6938
26.0905
26.5454
24.6472
25.0721
27.3699
28.5102
28.71
25.2852
18.8915
19.2286
25.1228
27.9636
28.2633
29.4323
31.3304
30.9549
28.6571
25.4964
21.6002
21.2511
23.9484
23.2187
19.5223
20.7877
26.3822
26.7674
22.5715
21.4474
23.0458
22.4281
19.8306
20.0719
22.8692
22.0527
17.9567
16.9914
18.8895
21.8793
25.8753
23.0875
13.9964
14.0367
22.6283
24.9498
21.3533
21.2383
24.4352
26.102
26.3018
24.2153
19.9195
19.1665
21.8639
22.9983
22.5987
25.1119
30.5066
31.099
26.9031
24.3017
23.3027
22.8993
23.0991
22.0629
19.7652
19.3878
20.9863
21.0643
19.5658
18.8
18.8
20.9407
25.3364
23.9172
16.3246
12.4965
12.6963
14.7226
18.7187
19.6511
17.2535
17.9546
22.0506
24.5323
25.2317
23.5668
19.271
20.249
27.1423
29.065
25.3686
25.4546
29.8503
30.8515
27.9543
24.3626
19.9669
19.8593
24.7545
26.7113
25.2128
24.9943
26.293
26.8634
26.5637
25.7654
24.3668
22.3364
19.5391
21.0105
27.704
28.492
21.9984
18.0437
17.2444
19.7712
26.4646
29.2728
27.1749
24.7693
21.972
19.6123
17.8141
18.9782
23.9733
27.8842
30.3817
30.2458
26.6493
27.0496
32.744
34.5027
31.0061
28.3186
26.7202
28.7672
35.7603
36.0026
27.0114
23.0599
26.057
27.4238
26.5247
26.9569
29.2547
30.3929
29.8934
28.7345
26.6366
24.0464
20.7496
21.0044
26.3991
29.0718
27.7731
28.5364
32.3326
33.4332
30.536
30.4416
34.5376
34.8883
29.5935
28.8185
34.9125
38.4422
38.0426
38.5066
40.3048
40.6188
38.6207
35.4568
30.4617
27.864
29.0628
30.3001
31.5989
34.0076
38.2035
41.4474
43.1457
46.511
52.605
53.6109
46.2182
41.8999
42.6992
44.6919
48.688
53.2035
58.5982
59.601
53.1074
49.5874
51.1858
52.6017
53.7006
54.3274
54.1275
57.1428
65.8342
70.5736
68.2759
67.0144
67.6138
67.8223
67.3228
68.9084
74.3031
75.867
70.3724
66.0311
63.8333
63.2688
65.7664
67.5037
67.8034
70.6802
78.4726
81.5159
75.4218
71.8076
73.0065
73.7662
73.6663
73.8015
74.4009
76.3022
80.7978
81.1118
73.0198
70.0413
77.4341
83.6134
87.3098
87.8114
81.7174
78.2481
80.2461
80.8914
78.6936
77.0079
76.4085
76.1591
76.6586
78.7391
84.2338
86.9315
83.5349
80.794
79.4953
80.1517
85.1468
86.2563
78.6638
74.2273
76.9247
79.6525
82.4497
82.5245
76.3305
73.5929
78.8877
81.0772
75.9822
72.311
72.0113
72.0063
72.7056
72.878
71.7791
70.4766
68.6784
69.0461
74.7406
77.1363
71.342
68.6814
73.8763
76.6946
73.4978
71.9024
74.4
76.1442
75.9444
76.9636
81.1595
82.687
77.1924
74.511
79.3063
82.6102
81.9108
82.8269
88.1217
90.9309
86.9349
86.0694
93.8617
97.8092
91.0159
85.8954
85.4958
85.7967
88.0944
91.4221
97.7159
101.199
96.5037
93.6085
96.0062
98.0516
99.0506
99.3007
97.3027
94.8588
91.0625
88.4457
89.4447
90.5413
91.9399
93.2176
94.1167
95.3517
97.6494
98.4246
94.3286
91.1292
90.8295
89.6407
85.5447
82.7016
84.0003
86.3574
92.2516
95.112
87.7192
82.4523
84.4503
86.3811
88.0795
87.2665
77.6759
70.7287
73.1263
75.5895
78.2868
80.4865
80.8861
81.1357
80.836
80.43
79.6308
78.2843
74.8877
72.8464
75.9434
77.1812
71.287
67.2752
70.572
73.4026
74.4017
76.4845
82.8782
86.3902
78.2981
71.9574
72.7566
74.0819
77.5785
79.3778
74.083
70.6591
75.1547
78.6866
78.0872
76.8707
72.9745
70.5771
74.773
77.2663
72.1713
67.9094
67.4099
66.9642
66.7644
66.6886
67.1881
67.968
70.066
70.483
62.8904
58.2619
67.9524
75.3394
71.4432
68.6185
71.1161
72.9849
71.6862
70.273
68.2749
67.2462
71.2422
73.2275
64.636
57.132
55.4337
54.8873
60.5817
64.9696
62.1723
59.5875
58.1889
57.2397
58.8381
59.2982
53.2041
48.5106
52.0071
54.6834
52.4855
51.7357
59.7279
65.5919
58.399
51.703
48.1065
45.2041
46.7027
48.845
55.1389
60.3621
58.5638
57
57
56.2304
50.2363
44.8737
43.8747
43.9948
51.9869
58.1677
51.3744
46.0142
51.1092
54.8299
48.3363
43.2991
49.2932
54.1074
49.8116
46.3603
49.5572
53.0085
58.5031
62.6066
55.3137
49.2376
53.3336
56.6333
53.1367
50.072
50.7713
51.4504
51.9499
52.1528
49.6552
47.2158
45.3177
44.3693
52.4614
59.3628
54.6674
50.1723
47.6748
45.4535
46.0529
47.2536
54.7463
60.7736
51.0831
42.2999
43.4987
45.2177
52.8102
59.1258
50.6341
42.8541
43.5535
44.381
46.7786
48.8164
46.3188
44.3002
48.4961
52.254
50.156
47.8689
42.9737
38.3344
37.3354
36.4764
37.6752
39.0406
42.9368
46.7971
50.0939
52.7204
44.4285
36.5218
35.1232
33.7946
33.6947
33.6208
34.0204
34.3051
32.4069
30.6528
31.7517
32.8
32.8
32.9983
37.4939
41.7073
39.5095
37.4361
38.3353
39.307
42.1042
44.5753
38.3813
32.3074
29.6101
27.1713
32.4662
37.4329
31.9383
26.6028
26.7027
26.9402
32.235
37.2824
32.4871
27.7459
25.3482
22.9856
22.2863
21.6074
22.007
22.3216
17.6262
13.0073
13.5069
14.1199
23.5107
32.7244
25.7313
18.8079
19.7071
20.6048
21.3041
21.9867
19.2893
16.6035
17.8024
18.9964
15.3999
11.8034
