65.0132
94.2845
123.556
120.109
116.612
113.713
110.816
110.204
109.604
113.467
117.363
111.858
106.263
99.8785
93.4848
100.793
108.286
102.989
97.4944
102.309
107.304
107.988
108.587
111.534
114.531
107.475
100.182
99.2208
98.4215
97.9139
97.4144
99.0492
100.747
105.35
110.046
112.519
114.916
109.793
104.398
103.623
103.023
97.4302
91.6358
98.1085
105.102
102.052
98.556
106.608
115.2
107.885
99.7928
95.9781
92.3816
86.6983
80.904
92.1486
104.337
99.8044
94.3098
90.9834
87.7865
89.1992
90.8976
91.3755
91.7751
97.1399
102.834
102.639
102.04
100.601
99.1021
94.5314
89.7361
89.5858
89.7856
96.1038
102.897
100.255
96.8581
90.692
84.2983
87.3004
91.0967
93.2384
95.2364
99.4359
103.831
103.376
102.477
99.4773
96.2805
95.8177
95.6179
98.1463
100.944
99.2943
97.1964
101.256
105.951
105.316
104.117
98.4102
92.2162
91.8699
92.1696
90.2251
88.0273
88.2478
88.7474
91.8387
95.2354
93.1921
90.4948
93.8483
97.9443
94.4045
89.9089
98.082
107.872
101.84
93.7478
93.5056
94.3048
91.9358
89.1386
91.6977
94.9944
95.9257
96.5251
92.404
87.6086
91.6227
96.9175
99.7756
102.273
98.0848
92.8899
93.4995
94.998
99.8677
105.262
101.946
97.2512
94.793
92.6951
93.6019
95.0005
95.5426
95.9422
92.9234
89.327
90.3347
92.133
99.5457
107.937
109.455
109.754
107.514
104.816
101.528
98.131
103.837
111.23
113.073
113.872
110.057
105.362
106.776
109.373
114.309
119.704
118.101
115.104
114.849
115.149
118.185
121.781
118.429
113.634
115.276
118.273
119.541
120.44
123.885
127.881
132.779
137.874
132.915
125.722
131.413
140.004
136.231
129.637
135.622
144.514
151.057
157.051
153.031
146.637
151.039
158.033
161.972
165.169
163.635
160.938
162.799
165.796
173.102
181.493
182.802
182.302
179.104
175.207
180.735
188.728
191.822
193.62
192.345
190.247
199.626
212.114
209.389
202.496
206.553
213.646
213.249
210.752
211.523
213.221
223.459
236.146
233.115
225.522
230.211
238.502
243.327
247.124
250.152
252.949
254.366
255.365
253.689
251.191
252.583
255.18
264.395
275.684
273.317
266.623
271.432
279.924
283.434
285.332
284.068
281.771
281.951
282.95
286.795
291.59
295.862
299.958
305.172
310.766
314.8
318.297
322.535
327.03
333.152
339.845
344.696
348.892
356.543
365.434
374.252
383.044
393.956
405.644
415.437
424.528
438.128
453.413
463.548
471.74
485.43
501.215
513.32
524.009
538.44
554.325
577.384
603.259
614.75
620.545
640.041
665.016
691.629
718.902
741.207
761.487
781.767
802.048
831.009
863.577
890.022
913.898
941.776
971.347
996.158
1018.94
1059.86
1108.61
1140.24
1164.42
1199.35
1239.01
1275.7
1311.06
1342.08
1371.15
1408.97
1450.72
1498.52
1549.07
1591.48
1630.14
1667.64
1704.61
1747.36
1792.81
1843.69
1897.14
1937.87
1972.54
2016.51
2064.96
2107.97
2148.33
2178.43
2203.51
2235
2269.67
2308.2
2348.66
2362.86
2363.86
2385.08
2416.54
2430.5
2435.5
2457.1
2487.27
2502.53
2510.02
2516.4
2522.19
2538.56
2560.54
2580.57
2599.55
2594.39
2576.2
2578.15
2591.03
2590.18
2581.79
2584.2
2592.59
2592.71
2588.22
2590.75
2597.25
2606.93
2618.42
2624.63
2627.83
2622.54
2612.35
2606.77
2603.87
2609.03
2618.92
2624.98
2628.78
2624.32
2614.93
2612.08
2613.18
2629.2
2654.28
2655.87
2643.08
2650.18
2669.56
2670.78
2660.69
2666.68
2682.77
2689.43
2690.13
2688.08
2684.29
2679.46
2673.96
2669.86
2666.66
2662.68
2658.19
2641.53
2616.85
2610.18
2615.47
2606.11
2586.93
2573.59
2564.2
2546.14
2522.16
2514.12
2517.01
2498.54
2465.27
2453.19
2455.88
2452.66
2445.27
2440.8
2438.4
2433.15
2425.85
2421
2417.9
2411.68
2403.19
2398.1
2395.5
2394.11
2393.61
2401.76
2416.35
2414.78
2401.09
2397.76
2402.25
2401.19
2395.9
2397.84
2405.33
2411.86
2417.66
2418.12
2414.43
2403.74
2387.56
2390.59
2408.87
2408.17
2392.29
2378.95
2367.66
2354.83
2340.74
2334.12
2333.62
2321.69
2300.31
2287.65
2282.26
2282.62
2287.82
2282.84
2269.25
2254.42
2238.54
2225.82
2215.83
2206.75
2198.46
2176.19
2141.73
2129.69
2137.38
2131.73
2114.25
2104.63
2102.03
2100.48
2099.88
2092.79
2079.8
2072.24
2069.64
2058.05
2038.17
2037.25
2053.93
2053.49
2037
2029.31
2029.91
2027.69
2022.8
2019.63
2018.14
2022.53
2032.62
2033.04
2024.05
2016.83
2011.33
2012.11
2019.11
2020.7
2016.9
2011.81
2005.42
1998.23
1990.24
1987.98
1991.58
1991.43
1987.43
1973.58
1949.5
1940.33
1946.72
1944.55
1933.36
1934.72
1949.41
1948.02
1929.44
1922.3
1927.49
1919.24
1896.36
1889.4
1899.89
1896.19
1876.81
1866.69
1866.89
1870.2
1876.99
1875.25
1863.86
1856.58
1853.99
1834.42
1795.36
1771.48
1765.19
1755.57
1742.09
1726.26
1707.68
1681.46
1646.2
1624.31
1618.42
1600.83
1569.16
1544.76
1529.17
1504.2
1467.73
1451.85
1461.34
1457.02
1435.54
1424.49
1426.48
1421.99
1409.3
1398.99
1391.7
1389.57
1394.06
1399.56
1406.35
1418.14
1436.42
1449.22
1454.81
1462.43
1472.72
1488.01
1509.99
1529.58
1545.97
1565.19
1588.27
1618.05
1657.02
1696.86
1737.92
1773.21
1800.48
1843.15
1907.39
1969.02
2026.96
2087.66
2152.3
2223.09
2302.71
2386.78
2477.3
2555.42
2615.46
2690.94
2789.15
2887.87
2987.38
3078.51
3157.13
3248.67
3359.66
3465.73
3564.33
3668.15
3779.94
3877.36
3952.59
4040.31
4147.51
4250.62
4347.33
4435.02
4508.45
4592.69
4694.19
4791.78
4883.09
4973.83
5063.65
5162.55
5276.34
5389.07
5500.06
5618.14
5748.01
5883.71
6029.16
6168.72
6298.29
6439.27
6599.71
6764.2
6935.63
7096.43
7238.79
7394.16
7572.28
7734.98
7870.45
8015.01
8175.75
8334.03
8487.88
8631.49
8756.57
8895.5
9059.74
9219.41
9370.66
9523.17
9678.02
9836.24
10000.8
10151.2
10274.9
10408.8
10562.4
10699.7
10806
10919.8
11048.2
11175.8
11302
11410.5
11483.9
11567.8
11672.6
11763.8
11827.8
11898.1
11981.6
12047.9
12079.1
12109.9
12139.8
12170.3
12202.2
12220.2
12209.3
12218.6
12271.2
12302.2
12287.1
12272.9
12260.6
12258.1
12276.7
12272.2
12216.5
12185.3
12208.3
12213.3
12178.2
12127.7
12042.7
11962.8
11894.6
11838.6
11810.9
11771.2
11703.2
11631
11548.9
11467.2
11386.2
11315.1
11267.5
11225.3
11196.2
11169.7
11149.3
11136.9
11144.1
11151
11157.3
11170
11198.9
11248
11348.4
11432.7
11475.9
11525.5
11591.7
11657.4
11721.6
11802.9
11929
12045.1
12135
12229.4
12336.3
12443.5
12551.6
12649
12717.2
12798.7
12917.1
13021.6
13086.8
13162.4
13267.3
13353
13384
13418.1
13461.1
13508.5
13568.5
13621.1
13652
13671.6
13657.2
13642.1
13624.9
13609.9
13601.5
13587.7
13557.3
13523.7
13480.1
13436.2
13391.8
13341.9
13275.1
13210.4
13152.4
13108.5
13109.9
13087
12984.4
12888.9
12817.1
12751.5
12706.6
12666.2
12641.1
12605.3
12533.1
12469.5
12435
12402.8
12378.5
12355.8
12338.6
12310.8
12245
12185.3
12147.8
12113.5
12090.5
12068.1
12048
12032.8
12035.5
12031.9
12004.7
11973
11923.5
11887.4
11903.3
11903.9
11844
11791.7
11769.2
11746
11719.9
11689.3
11640.3
11598
11583.5
11562.7
11515.4
11467.6
11417.2
11369.6
11334
11299.8
11271.9
11240
11190.3
11140.7
11091.4
11039.1
10973.6
10908.3
10844.4
10780.6
10717.7
10652.2
10574.7
10495.7
10410
10327.9
10263.2
10195.6
10114.5
10028.7
9919.27
9813.84
9728.32
9644.75
9571.12
9502.81
9462.05
9419.5
9367.55
9305.56
9189.97
9084.1
9030.85
8975.32
8907.18
8841.33
8788.18
8729.53
8639.72
8557.02
8515.26
8470.67
8409.53
8352.32
8318.45
8281.79
8228.24
8173.85
8114.31
8054.95
7996.71
7938.06
7876.82
7823.42
7820.63
7812.53
7769.67
7726.08
7677.63
7632.01
7605.64
7580.12
7560.54
7540.19
7514.42
7489.78
7473.3
7456.4
7436.52
7421.42
7441.8
7457.76
7440.28
7425.21
7428.81
7431.58
7427.89
7423.63
7414.83
7409.26
7430.04
7450.1
7464.19
7475.84
7466.64
7456.49
7437.9
7420.67
7415.48
7409.83
7400.04
7393.36
7415.64
7435.37
7430.88
7427.06
7429.86
7431.2
7418.01
7405.9
7404.8
7402.81
7391.53
7381.3
7382.5
7381.87
7361.09
7336.54
7269.4
7207.11
7200.91
7190.31
7127.17
7066.82
7040.65
7011.68
6947.44
6883.55
6824.1
6765.32
6715.26
6666.22
6631.05
6594.29
6534.75
6475.71
6424.16
6373.76
6340.69
6306.62
6256.77
6207.37
6165.31
6122.78
6072.33
6022.09
5975.64
5929.34
5885.88
5842.26
5795.4
5748.26
5695.31
5642.35
5589.2
5535.53
5470.49
5406.13
5357.08
5307.12
5235.39
5164.78
5122.32
5079.31
5021.77
4963.62
4888.39
4813.23
4740.1
4667.35
4606.41
4545.6
4489.56
4432.45
4336.04
4240.44
4176.8
4113.63
4070.57
4026.74
3946.42
3866.65
3816
3765.14
3701.4
3637.89
3589.64
3541.29
3485.85
3430.31
3366.88
3303.58
3255.92
3208.12
3138.19
3068.17
2980.25
2892.36
2811.54
2730.68
2617.4
2504.11
