50.1999
50.1
50.0001
43.0174
36.0242
43.0684
50.1615
44.4371
38.6428
40.0874
41.586
40.6103
39.6113
43.5509
47.547
42.8683
38.073
39.8692
41.7674
49.4584
57.2508
53.8724
50.2759
45.1147
39.9198
36.6768
33.48
35.348
37.3461
40.6078
43.9046
39.9255
35.7297
34.7287
33.8295
36.2155
38.713
40.5356
42.3338
39.7056
36.9084
41.5055
46.4007
42.7666
38.7705
34.5831
30.3872
37.1674
44.4603
44.8
44.8
43.6593
42.4605
42.3051
42.2052
37.9402
33.4446
33.1055
33.0056
36.0166
39.2135
42.034
44.8313
42.3714
39.5741
42.6789
46.1754
44.6237
42.7256
41.7604
40.8612
40.2414
39.642
43.2231
47.1192
40.3545
32.762
33.0326
33.9317
34.3692
34.7688
34.1552
33.4559
39.9263
47.0194
42.6469
37.2521
39.1797
41.7772
35.5153
28.4223
35.2732
43.4652
39.7438
34.8486
32.948
31.3496
36.2708
41.8653
38.8762
34.98
34.1492
33.6497
37.6483
42.1439
31.828
19.8397
32.2148
47.3999
43.6375
37.6433
38.516
40.2144
35.5949
30.2002
33.6842
38.2797
34.8133
30.3177
32.4519
35.4489
36.5938
37.4929
34.1678
30.2716
31.0293
32.4279
32.5124
32.4125
34.6728
37.2703
38.4722
39.4712
38.5557
37.3568
39.1102
41.3081
35.7955
29.102
29.4966
30.9951
35.6846
40.8795
45.3
49.5958
44.3621
37.5688
35.9147
35.1155
35.2564
35.5561
38.499
41.8956
38.0615
32.9665
36.6133
41.8083
42.854
43.1537
33.9071
22.9179
30.6399
41.8289
38.5546
32.5605
31.7678
31.9676
33.6739
35.672
34.7475
33.2489
34.1663
35.5649
33.4729
30.6756
33.2678
36.9642
34.5394
30.843
29.2097
28.0109
30.2698
33.2669
34.9498
36.3485
37.5832
38.782
39.4087
39.9082
35.5151
30.0204
37.3789
47.6688
46.6785
43.082
46.2049
50.9004
48.2465
43.8508
41.6304
39.932
36.3048
32.2088
36.7716
43.4651
43.6003
42.1018
44.6721
48.2686
53.4568
59.0513
56.0717
50.8768
48.4537
46.7553
44.03
41.0329
44.7342
50.2288
45.7402
38.5473
42.8024
50.1952
52.9732
54.4718
57.2966
60.4935
56.0636
49.47
51.0275
54.9237
51.5412
46.0466
46.8081
49.4056
49.8459
49.6461
54.3644
60.5583
63.6096
65.7076
63.1418
59.1457
54.082
48.6873
48.693
50.3914
52.9242
55.7215
55.1136
53.4152
53.0755
53.1754
55.7595
59.1561
62.1774
65.0746
64.6767
63.1781
68.7753
76.7675
74.0322
67.6385
69.6407
74.5359
76.9857
78.5841
77.4479
75.35
75.9057
77.4042
80.4466
84.0431
92.1855
101.976
104.673
104.773
106.842
109.639
113.818
118.514
121.686
124.283
134.332
147.219
154.191
158.886
163.654
168.449
181.281
197.265
209.027
219.118
230.135
241.524
255.262
269.947
283.213
295.901
312.269
330.151
352.833
377.509
397.469
415.452
435.399
456.179
482.628
511.5
532.554
550.237
575.506
604.078
626.334
645.815
685.713
734.665
769.676
798.448
826.325
853.798
885.114
918.182
952.002
986.168
1020.27
1054.33
1092.62
1132.88
1166.56
1197.13
1226.07
1254.25
1283.03
1312.1
1342.04
1372.41
1397.02
1418.8
1438.84
1458.02
1481.33
1506.71
1525.9
1541.98
1553.16
1561.86
1577.02
1595.51
1609.57
1621.36
1620.14
1612.15
1620.34
1637.02
1642.8
1642.8
1646.84
1653.03
1661.3
1670.69
1681.31
1692.6
1689.12
1677.53
1674.75
1676.85
1676.06
1673.66
1678.3
1686.89
1691.34
1693.44
1701.7
1713.48
1706.84
1689.56
1684.15
1685.64
1684.56
1681.96
1690.73
1706.21
1699.99
1680.81
1668.98
1661.59
1661.6
1666.09
1665.07
1660.68
1649.3
1633.62
1633.02
1641.81
1647.96
1652.46
1646.31
1633.42
1622.06
1611.67
1607.78
1608.08
1593.11
1568.23
1549.88
1535.8
1528.99
1527
1509.4
1481.42
1456.8
1434.42
1414.67
1396.69
1386.84
1382.55
1371.32
1355.34
1334.57
1310.5
1302.42
1305.52
1305.92
1304.42
1298.66
1289.86
1286.26
1286.36
1279.2
1266.81
1260.85
1259.55
1260.73
1263.73
1257.87
1245.49
1240.31
1240.51
1241.91
1244.21
1240.76
1232.97
1233.57
1240.56
1247.89
1255.48
1249.74
1233.65
1225.53
1223.64
1226.04
1231.84
1222.76
1201.88
1189.21
1183.12
1175.26
1165.96
1159.81
1156.22
1143.94
1124.56
1113.01
1107.91
1097.47
1082.59
1067.92
1053.44
1032.99
1007.52
993.319
988.723
981.87
973.079
962.628
950.739
941.038
933.246
926.464
920.569
919.124
921.621
918.843
911.35
900.966
887.979
878.815
873.12
869.93
869.031
863.87
854.778
855.837
866.327
867.066
858.675
853.315
850.817
852.313
857.608
855.457
846.166
845.766
853.958
856.785
854.388
846.898
834.41
830.811
836.006
832.047
818.96
812.35
812.25
807.783
798.891
782.041
757.065
743.809
742.61
737.193
727.403
715.805
702.318
694.475
692.577
685.446
672.758
657.03
638.049
628.2
628.2
624.562
616.969
610.664
605.769
598.215
587.725
579.457
573.663
562.501
545.318
532.214
523.722
513.41
501.022
489.936
480.345
468.486
454
442.281
433.789
417.951
393.475
378.783
375.686
368.219
355.531
341.665
326.38
315.563
310.168
303.021
293.73
285.737
279.343
272.905
266.411
264.175
267.272
266.042
259.348
254.413
251.716
250.55
251.349
249.84
245.344
242.713
242.513
248.962
264.147
271.597
268.799
266.601
265.202
266.231
270.527
278.214
290.502
304.73
321.614
340.975
363.753
386.029
407.608
436.218
474.68
516.621
563.475
610.741
658.594
713.175
777.412
846.629
923.054
996.798
1066.63
1146.93
1242.64
1335.49
1424.1
1520.08
1627.08
1730.45
1828.35
1923.72
2015.23
2103.3
2186.12
2274.36
2370.97
2462.3
2545.42
2625.77
2701.8
2781.54
2867.15
2949.42
3026.35
3105.72
3189.04
3273.5
3359.82
3451.1
3550.5
3653.25
3761.55
3864.93
3960.14
4058.37
4161.66
4269.75
4385.94
4502.42
4619.4
4737.01
4855.7
4973.65
5090.33
5192.75
5270.17
5365.87
5493.85
5610
5705.11
5811.36
5937.64
6068.82
6208.88
6335.52
6437.62
6539.44
6640.74
6750.7
6876.78
6987.04
7067.67
7157.48
7264.67
7362.25
7441.47
7525.27
7617.88
7699.42
7759.46
7824.46
7899.19
7968.34
8026.48
8082.59
8134.64
8187.82
8243.26
8289.64
8317.61
8342.2
8359.89
8368.87
8359.87
8364.72
8398.39
8427.96
8448.94
8465.66
8473.36
8484.87
8504.55
8516.8
8513
8505.62
8490.44
8466.63
8423.87
8399.92
8417.71
8415.04
8366.59
8316.91
8264.46
8210.37
8152.53
8085.85
7998.84
7922.34
7870.29
7823.17
7787.6
7744.36
7682.92
7635.68
7622.39
7617.68
7633.67
7641.54
7629.65
7636.91
7691.26
7729
7725.5
7731.09
7759.46
7802.21
7881.33
7945.64
7972.12
8011.85
8085.77
8153.49
8205.04
8268.92
8365.22
8451.34
8510.38
8576.26
8660.48
8751.99
8863.28
8957.12
9003.17
9061.54
9153.95
9237.09
9294.33
9355.31
9426.84
9485.07
9505.35
9534.87
9591.01
9633.18
9634.68
9639.73
9655.21
9666.27
9664.17
9655.41
9626.64
9601.36
9586.67
9574.62
9570.62
9560.48
9531.31
9498.8
9455.84
9415.09
9381.32
9345.56
9303.4
9262.85
9227.48
9188.91
9139.86
9100.51
9093.21
9077.08
9031.43
8989.7
8961.23
8931.37
8896.81
8864.13
8837.95
8813.44
8794.76
8768.85
8717.41
8676.85
8675.25
8666.9
8634.13
8605.91
8594.32
8585.07
8584.47
8577.07
8544.21
8526.37
8565.54
8587.65
8544.4
8505.37
8482.8
8462.41
8450.62
8436.84
8415.17
8388.82
8343.66
8306.75
8303.45
8300.37
8298.17
8291.1
8263.62
8237.31
8215.93
8190.55
8147.99
8109.15
8086.48
8066.87
8060.78
8043.95
7979.32
7914.21
7846.98
7788.95
7773.07
7745.01
7660.49
7585.63
7556.16
7517.69
7436.37
7364.03
7335.06
7298.31
7223.49
7149.92
7082.58
7015.59
6950.36
6890.37
6857.2
6823.29
6785.53
6745.21
6691.47
6639.14
6594.38
6549.13
6501.17
6451.87
6395.12
6342.22
6310.75
6278.02
6238.16
6200.07
6172.2
6144.34
6116.57
6082.55
6011.42
5948.54
5935.45
5918.82
5880.46
5844.38
5822.5
5798.66
5762.39
5730.76
5728.96
5722.83
5688.26
5654.68
5627.71
5602.51
5589.32
5577.15
5572.06
5565.15
5545.47
5528.79
5533.58
5535.25
5514.07
5495.6
5497.3
5499.53
5505.83
5512.06
5517.86
5527.06
5563.13
5592.26
5565.68
5542.75
5549.64
5553.85
5535.56
5518.14
5508.05
5500.94
5519.82
5535.02
5517.44
5500.93
5494.13
5488.88
5497.97
5506.69
5511.89
5518.22
5535.6
5549.63
5530.25
5514.47
5535.45
5551.79
5519.62
5488.32
5466.35
5443.61
5412.54
5381.76
5354.18
5325.61
5285.45
5246.09
5216.22
5187.2
5168.72
5148.09
5100.34
5051.91
4994.77
4939.14
4903.88
4869.29
4844.01
4818.88
4795.81
4771.46
4728.5
4687.48
4675.89
4662.47
4620.21
4578.61
4547.64
4517.37
4498.99
4478.54
4421.9
4366.16
4326.9
4287.53
4246.07
4203.59
4140.95
4079.63
4045.67
4012.02
3985.35
3957.61
3905.76
3854.02
3804.87
3755.2
3692.56
3630.52
3584.16
3537.72
3488.87
3439.53
3375.59
3312.34
3270.98
3228.95
3164.12
3099.8
3054.54
3009.55
2975.09
2940.45
2898.19
2856.03
2818.87
2781.86
2753.09
2723.97
2674.01
2624.25
2586.99
2549.85
2522.27
2494.48
2446.83
2399.13
2346.38
2293.51
2222.58
2151.65
2080.32
2008.89
1904.89
1800.91
1714.6
1628.28
