52.0109
76.2872
100.563
110.176
119.767
116.813
113.816
111.515
109.217
109.597
109.996
109.109
108.21
105.533
102.836
112.953
123.243
112.578
101.589
105.916
110.512
102.173
93.5813
100.245
107.239
106.229
105.03
104.318
103.619
105.058
106.557
103.884
101.086
101.387
101.787
101.22
100.621
97.1287
93.5323
99.1736
105.168
99.5421
93.448
93.9667
94.7659
98.0517
101.448
97.2095
92.614
98.5911
105.085
97.2254
88.6339
91.7097
95.4061
100.144
104.939
99.5321
93.5379
93.4828
93.7825
92.7652
91.6662
98.8286
106.521
100.817
94.2234
96.0437
98.4413
99.1597
99.7591
103.338
107.134
106.564
105.665
102.355
98.8588
96.1023
93.4049
92.2769
91.2778
93.5029
96.0004
93.902
91.4044
92.6676
94.266
96.3221
98.42
102.253
106.249
98.9445
90.5527
90.7094
91.7084
92.163
92.5626
93.0527
93.5522
96.0395
98.7369
91.7873
83.7951
89.8371
97.4297
96.8535
95.3549
91.1693
86.6737
87.2725
88.4713
91.8996
95.596
94.5762
92.9778
91.9121
90.9131
91.3315
91.931
93.1491
94.4479
97.5106
100.807
93.3676
84.4763
86.1221
89.219
93.3674
97.6631
95.5775
92.5804
87.1411
81.3468
87.0399
94.4327
92.7951
89.798
90.0931
90.8923
95.149
99.9443
94.6492
87.756
88.693
90.8909
90.4273
89.5282
93.4258
98.1212
95.8089
92.3123
92.9084
94.2071
94.1448
93.8451
98.6377
104.332
102.49
99.2935
102.855
107.65
108.653
108.952
107.402
105.504
101.341
96.7454
98.4272
101.324
96.7899
90.7957
94.715
100.609
98.8573
95.5606
104.618
116.207
109.514
99.0248
101.244
106.139
115.727
126.316
119.494
108.904
113.391
121.183
118.186
112.791
114.572
117.969
121.447
124.944
131.686
139.179
138.333
135.536
134.838
134.639
140.723
148.315
147.55
144.752
143.318
142.219
142.72
143.619
147.709
152.604
156.943
161.138
160.412
158.414
161.96
166.955
168.474
169.073
169.515
169.915
169.921
169.821
172.152
175.149
175.252
174.553
176.975
180.271
185.202
190.597
192.654
193.753
190.206
185.31
193.237
204.925
207.215
206.715
212.978
221.27
219.597
214.902
213.876
213.976
219.338
226.331
225.11
221.313
226.317
234.11
236.53
237.229
232.117
225.123
230.476
239.867
239.347
235.55
239.468
245.961
250.214
253.711
252.589
249.891
253.584
259.478
265.817
272.31
276.439
279.736
286.644
294.836
297.22
297.52
304.639
314.229
318.336
320.433
334.565
353.147
364.31
372.701
380.513
388.105
396.566
405.357
418.622
433.607
446.65
458.938
466.849
473.043
492.69
517.665
538.787
558.368
573.821
587.608
602.388
617.573
636.155
656.136
674.775
692.857
710.588
728.17
760.563
799.225
823.049
840.532
862.691
886.867
908.607
929.287
963.501
1003.66
1027.21
1043.4
1080.35
1126.61
1155.38
1176.26
1215.6
1263.35
1298.58
1328.06
1362.44
1399.1
1434.41
1469.07
1509.37
1552.33
1587.57
1619.14
1644.37
1666.55
1702.92
1746.18
1778.17
1804.64
1822.56
1836.25
1859.6
1887.77
1910.43
1930.31
1953.24
1977.71
1994.72
2007.91
2024.46
2042.74
2066.47
2093.05
2095.65
2085.66
2097.54
2121.02
2119.3
2104.12
2098.99
2099.29
2103.48
2109.77
2124.58
2144.06
2141.74
2127.35
2128.93
2139.42
2138.6
2131.4
2141.03
2160.22
2158.81
2145.63
2137.32
2131.82
2129.74
2129.64
2133.88
2140.67
2148.66
2157.35
2155.91
2148.41
2156.39
2173.67
2173.55
2162.86
2159.42
2160.42
2164.32
2170.01
2167.09
2158.8
2155.6
2155.6
2164.23
2178.31
2186.6
2191.2
2184.18
2169.7
2168.6
2176.2
2181.98
2186.57
2180.69
2167.91
2149.36
2126.98
2110.34
2097.56
2089
2083.31
2080.35
2079.25
2069.44
2053.66
2039.35
2026.06
2017.77
2012.98
2008.71
2004.82
1999.81
1994.02
1990.78
1989.38
1983.92
1975.53
1970.44
1967.74
1972.71
1983.3
1980.96
1969.07
1966.35
1970.44
1969.8
1965.61
1959.36
1951.57
1950.69
1955.09
1960.61
1967.01
1969.52
1969.02
1966.27
1961.78
1962.87
1968.37
1959.99
1940.61
1935.61
1942.1
1943.12
1939.72
1932.36
1921.77
1909.2
1895.01
1887.56
1885.66
1874
1854.22
1850.47
1860.16
1853.01
1831.64
1818.4
1812.11
1804.25
1795.06
1791.5
1792.79
1785.93
1771.94
1755.88
1738
1733.36
1740.45
1741.9
1738.3
1731.87
1722.88
1713.57
1703.98
1691.52
1676.43
1672.53
1678.92
1672.52
1654.24
1646.33
1648.13
1650.34
1652.93
1653.23
1651.33
1647.13
1640.74
1646.03
1662.62
1665.48
1655
1641.98
1626.5
1628.84
1648.82
1653.8
1643.81
1634.12
1624.72
1630.17
1650.65
1651.8
1633.22
1618.19
1606.8
1596.24
1586.55
1583.5
1587.4
1580.54
1562.36
1553.34
1554.04
1558.69
1567.59
1561.96
1540.68
1533.67
1542.16
1545.88
1544.39
1534.1
1514.12
1506.01
1511.11
1518.18
1527.47
1525.97
1512.29
1501.73
1494.74
1481.19
1460.11
1443.66
1432.57
1419.36
1403.68
1392.21
1385.72
1370.13
1343.76
1318.38
1294.21
1279.5
1276.21
1259.82
1227.55
1207.42
1202.12
1193.2
1179.82
1169.06
1161.57
1153.98
1146.29
1142.48
1143.58
1145.83
1149.52
1148.54
1141.54
1139.12
1142.62
1153.62
1174.4
1188.27
1193.07
1197.56
1201.66
1211.87
1230.25
1247.23
1262.31
1278.33
1295.62
1317.96
1347.23
1375.12
1401.09
1431.58
1468.35
1515.01
1575.55
1621.77
1647.74
1689.42
1753.45
1817.29
1880.82
1943.59
2005.23
2075.88
2159.7
2228.04
2273.59
2338.98
2433.79
2519.91
2593.04
2676.44
2775.35
2854.9
2905.05
2981.08
3096.77
3192.24
3256.48
3324.62
3398.85
3485.28
3590.88
3678.76
3738.6
3804.98
3881.81
3955.8
4025.23
4107.88
4211.98
4307.7
4389.72
4480.98
4587.47
4693.67
4799.36
4907.63
5020.22
5136.12
5257.6
5377.49
5494.68
5617.04
5748.31
5879.07
6008.94
6140.3
6274.27
6401.45
6516.64
6636.06
6763.04
6889.55
7015.23
7146.38
7287.44
7417.08
7525.88
7649.36
7799.91
7946.24
8084.7
8212.01
8318.41
8434.1
8567.37
8693.39
8805.58
8911.24
9004.35
9103.37
9213.86
9308.58
9372.42
9443.88
9530.39
9611.37
9681.3
9749.77
9815.31
9885.86
9966.58
10037.8
10089.8
10128.3
10139
10151
10165.9
10181.2
10197.4
10210.9
10218.5
10224.5
10226.7
10224.8
10214
10214.7
10240.6
10253.8
10239.1
10209.4
10146.5
10097.7
10080.5
10066.1
10058
10031.9
9964.67
9897.05
9828.51
9772.97
9747.59
9704.09
9618.07
9556.18
9551.38
9522.54
9436.22
9365.22
9331.15
9304.61
9296.42
9295.05
9310.43
9328.91
9355.09
9381.72
9409.49
9437.72
9467.09
9503.91
9559.75
9620.56
9694.19
9769.4
9848.72
9926.56
10000.5
10070.6
10130.4
10197.6
10284.5
10369.2
10448.1
10534.7
10642.8
10746.7
10838.9
10926.1
10999.3
11066.9
11118.6
11168.4
11213.3
11250.7
11266.6
11285
11310.6
11344.4
11402.2
11444.2
11439.5
11434.1
11426.5
11419.4
11413.7
11404.9
11386.5
11356.3
11289.3
11230.1
11195.2
11163.6
11142.7
11112.3
11051.6
10995.5
10954.6
10911.8
10863
10818.3
10786.8
10746.1
10674.3
10604.6
10541.8
10497.1
10514.3
10513.6
10451.5
10389.1
10326
10286
10327.6
10351.4
10311.4
10272
10235
10195.1
10144.5
10104.6
10104.8
10110.8
10138.4
10150
10101
10055.3
10021.9
9987.32
9947.86
9914.17
9903.18
9890.16
9869.08
9844.37
9805.01
9772.83
9769.93
9757.47
9705.52
9661.46
9650.37
9635.08
9602.01
9570.87
9547.99
9520.82
9474.96
9431.12
9396.16
9355
9286.27
9225.43
9200.26
9171.64
9127.29
9075.03
8986.11
8902.04
8840.7
8782.46
8739
8688.59
8604.57
8527.33
8483.27
8431.93
8344.42
8263.56
8216.2
8168.55
8119.4
8069.72
8017.27
7951.27
7814.01
7698.23
7697.13
7686.73
7625.99
7565.01
7502.67
7438.27
7362.34
7292.86
7259.89
7223.55
7167.8
7113.46
7067.3
7021.93
6981.17
6941.49
6908.32
6872.67
6821.82
6773.79
6743.32
6714.58
6696.79
6673.19
6612.05
6556.08
6534
6510.41
6476.74
6445.55
6431.17
6417.61
6409.82
6399.78
6373.9
6349.33
6334.04
6316.99
6287.02
6260.47
6259.37
6258.93
6263.53
6268
6271.5
6276.49
6293.27
6307.92
6305.42
6302.19
6292.9
6285.41
6293
6299.55
6297.15
6295.23
6297.42
6295.79
6260.02
6228.28
6233.18
6239.85
6263.03
6285.21
6298
6308.42
6295.73
6284.83
6291.72
6297.86
6296.26
6295.72
6306.31
6312.18
6267.43
6225.23
6211.14
6195.22
6158.55
6123.65
6109.16
6091.75
6039.4
5988.52
5955.65
5920.72
5859.78
5799.48
5747.53
5698.07
5681.78
5663.05
5610.6
5559
5519.44
5479.27
5430.12
5382.48
5357.8
5331.95
5287.7
5243.44
5199.18
5156.09
5132.72
5107.69
5053.74
5001.74
4985.15
4967.47
4928.91
4889.42
4831.47
4774.95
4747.77
4719.3
4662.66
4606
4549.05
4492.69
4450.13
4407.09
4351.94
4297.5
4261.74
4224.08
4133.17
4043.67
3996.52
3948.86
3885.23
3821.89
3768.94
3715.59
3647.15
3579.13
3527.38
3475.7
3426.95
3377.92
3315.78
3254.01
3211.85
3169.91
3140.84
3111.4
3056.95
3002.62
2957.47
2912.44
2879.37
2845.96
2774.13
2702.62
2676.24
2649.55
2558.34
2467.22
2406.48
2345.68
2223.1
2100.52
