13.2034
20.696
28.1887
22.3147
16.4204
22.672
28.9658
20.6538
12.262
16.7615
21.357
17.2433
13.0474
18.1362
23.3311
23.9914
24.5909
25.0919
25.5914
19.3161
12.9224
19.3653
26.0587
20.8213
15.3267
18.0303
20.9275
20.9026
20.8027
15.162
9.36771
12.9834
16.8796
18.1618
19.3606
12.7333
5.84004
8.49269
11.4897
14.7755
18.0723
19.1603
20.1593
15.504
10.6088
15.4689
20.7637
18.8048
16.507
15.1618
13.863
15.5109
17.3092
19.0126
20.7109
17.0135
13.0175
15.5395
18.4366
17.6573
16.6583
15.0007
13.3024
20.0531
27.3459
21.3359
14.4427
13.3456
12.6463
14.7457
17.0434
18.5033
19.9019
21.0219
22.1208
16.5451
10.4511
11.5726
13.271
13.6769
13.9766
17.5004
21.2967
19.9454
18.1472
19.8345
21.8325
19.9864
17.7885
17.6913
17.7912
15.9772
13.9792
11.8902
9.79228
9.87223
10.1719
10.8338
11.5332
12.5939
13.6928
17.0457
20.6422
17.4914
13.5953
12.7512
12.2516
13.454
14.8526
15.8937
16.8928
21.9049
27.3995
19.1016
9.11142
14.1264
21.0196
16.3073
10.1133
11.6983
14.2957
17.5106
20.8074
21.288
21.3879
19.2926
16.8949
18.6151
20.9128
17.9655
14.2692
9.43891
4.44381
10.8491
18.9412
20.9551
22.054
19.601
16.6039
15.3356
14.3366
12.5614
10.6632
9.19534
7.79671
14.2964
22.0887
20.0307
16.3344
14.0053
11.9074
9.38314
6.78568
8.18643
10.2844
7.96895
4.87199
12.2749
21.5658
20.888
18.3904
15.8086
13.2111
17.4249
22.9195
19.102
13.5074
11.1771
9.4788
13.5421
18.737
19.3501
19.0504
13.5978
7.10419
9.39949
13.4955
14.0346
13.8347
12.1495
10.1515
13.0931
17.0892
18.2106
18.7102
18.3084
17.709
16.1287
14.3304
15.7124
17.8104
23.4063
29.8
19.4763
5.29023
5.35253
8.7492
11.3383
13.7359
14.6028
15.1023
12.0656
8.16941
8.28191
9.38083
10.8796
12.4781
6.0983
-2.29347
5.23201
16.8206
17.5328
15.4348
16.1087
17.5073
16.378
14.5798
12.7815
10.9833
11.4647
12.5636
13.4273
14.2265
21.8305
31.3212
27.3144
19.5221
15.2318
11.935
13.2183
15.8158
16.8646
17.464
19.8399
22.737
21.0117
17.9147
18.2758
19.6745
20.3832
20.8827
18.0183
14.1221
14.6489
16.547
16.6197
16.1202
17.138
18.6365
23.0105
28.3054
28.9207
28.0216
25.0899
21.4935
19.3236
17.6252
22.5919
29.7849
33.9901
37.187
33.9027
28.4081
26.9257
26.8258
26.133
25.2339
25.1478
25.3476
21.8618
17.0665
22.9312
32.6217
34.6134
33.8142
35.0625
37.0605
36.579
35.1803
35.8183
37.2169
38.4704
39.6693
39.783
39.4833
41.853
45.2497
46.9195
47.9185
48.9175
49.9166
54.9229
61.5165
66.3973
70.5932
72.3693
73.1685
76.4518
80.7476
85.5388
90.5339
91.9294
91.8295
92.6446
93.8434
104.026
118.013
123.53
125.428
127.675
130.073
135.95
143.343
150.944
158.637
168.129
178.418
185.327
190.721
193.983
196.28
202.352
210.145
218.621
227.413
238.524
250.712
258.41
264.004
271.566
280.058
284.626
287.324
294.405
303.596
310.971
317.465
325.3
333.791
335.731
334.432
337.6
342.995
352.577
364.265
366.145
363.048
367.418
375.61
375.567
371.271
371.573
374.271
377.82
381.816
385.028
387.825
388.344
387.645
384.479
379.984
379.888
382.186
385.064
388.261
385.67
379.875
381.07
386.165
388.128
388.328
393.18
400.672
400.096
394.901
392.05
390.551
383.938
374.348
375.71
383.502
382.76
376.966
379.179
386.172
389.236
389.936
391.63
393.927
393.437
391.239
389.226
387.328
387.462
388.861
385.472
379.078
377.946
380.144
382.464
384.861
385.982
386.282
378.401
365.214
357.584
353.588
349.833
346.236
346.12
348.318
340.407
325.722
321.529
324.426
323.461
319.864
317.689
316.49
319.601
325.695
322.258
312.168
307.824
307.524
306.406
304.708
307.262
312.856
312.007
306.512
303.737
302.938
300.812
297.715
298.756
302.852
302.366
298.47
297.998
300.096
300.545
299.746
297.359
293.763
292.595
293.295
297.484
304.377
302.127
292.736
291.115
295.611
294.815
289.82
290.098
294.593
290.737
280.147
276.392
278.19
277.847
275.749
272.283
267.687
264.237
261.739
259.459
257.361
255.696
254.397
254.016
254.415
251.214
244.92
240.019
236.322
234.813
235.213
231.998
225.604
228.584
239.873
243.564
240.467
236.266
231.071
229.595
231.493
229.634
224.34
219.669
215.573
215.464
219.061
219.252
216.255
215.365
216.464
218.689
221.986
223.957
224.656
223.577
220.78
217.477
213.68
214.774
220.669
225.106
228.104
223.397
211.009
203.305
200.308
200.289
203.286
203.564
201.066
197.289
192.194
187.883
184.387
185.14
190.335
188.524
179.333
177.459
183.353
182.684
174.991
171.336
172.036
171.299
169.001
169.23
172.227
169.147
159.357
154.578
155.377
153.493
148.597
147.313
150.11
149.545
145.15
142.66
142.361
141.089
138.691
134.633
128.639
123.793
120.296
116.48
112.284
108.953
106.655
106.397
108.595
106.46
99.0677
93.7418
90.9446
92.6211
99.8141
98.1877
85.6
79.1321
80.331
81.1766
81.5762
83.9098
88.7051
90.3935
88.0958
83.6199
76.327
75.1923
82.0856
85.6114
84.7123
83.7273
82.6283
84.4385
90.1329
93.3148
93.115
93.0424
93.1423
97.2927
106.983
112.81
113.309
115.606
120.402
128.317
140.605
149.829
154.724
165.142
183.424
200.599
216.183
231.891
247.775
265.975
287.554
306.343
321.029
339.094
362.172
386.971
414.344
440.044
463.221
483.306
498.691
514.273
530.157
550.517
577.79
600.962
617.746
635.462
654.643
675.448
698.825
716.547
725.239
738.562
759.341
778.674
795.657
812.754
830.037
854.783
891.847
922.611
942.891
963.731
985.51
1006.21
1025.09
1045.38
1068.05
1096.24
1133.9
1166.34
1189.72
1211.14
1229.12
1250.17
1276.65
1303.12
1329.59
1357.43
1387.7
1415.44
1438.62
1463.85
1492.82
1521.86
1551.03
1576.85
1596.43
1614.76
1630.74
1655.44
1696.6
1722.47
1719.17
1727.35
1757.62
1782.35
1796.34
1807.15
1811.75
1822.29
1844.57
1865.07
1882.06
1896.39
1905.38
1913.77
1920.97
1924.09
1918.9
1915.86
1917.25
1924.32
1943.2
1951.84
1938.96
1931.8
1936.79
1939.82
1938.62
1940.74
1950.03
1950.4
1931.32
1919.76
1924.76
1926.34
1920.34
1911.11
1894.63
1880.2
1870.41
1862.47
1858.78
1849.7
1828.22
1807.61
1789.03
1777.46
1782.36
1784.79
1781.39
1772.84
1751.96
1737.55
1738.75
1745.36
1765.14
1774.61
1758.72
1753.91
1776.59
1793.28
1794.98
1797.78
1803.38
1813.1
1833.38
1847.44
1845.44
1852.06
1881.13
1906.77
1923.35
1936.71
1941.51
1953.68
1985.65
2014.01
2032.59
2047.59
2052.78
2064.72
2095.29
2115.11
2104.92
2103.99
2129.16
2155.32
2184.29
2204.72
2200.52
2196.71
2194.01
2195.83
2210.91
2220.46
2213.57
2208.92
2211.02
2215.55
2227.43
2231.61
2212.13
2199.69
2209.08
2210.42
2186.54
2163.84
2144.86
2131.35
2135.35
2133.18
2111.11
2096.75
2107.64
2112.96
2099.87
2089.38
2087.59
2079.65
2050.98
2028.71
2028.31
2028.6
2031.3
2033.18
2032.18
2028.4
2014.82
2003.06
1997.87
1995.53
2003.52
2005.12
1983.35
1966.84
1969.83
1972.81
1975.71
1975.31
1962.42
1953.21
1958.11
1960.89
1955.5
1949.03
1938.34
1929.84
1930.04
1926.86
1910.08
1898.49
1908.08
1914.07
1905.17
1897.17
1892.87
1886.73
1872.74
1862.17
1866.27
1868.65
1863.55
1859.53
1860.23
1855.64
1827.46
1802.84
1794.25
1787.58
1789.67
1789.02
1775.64
1759.24
1728.67
1703.05
1701.05
1695.68
1674
1653.64
1639.76
1628.01
1626.92
1623.14
1605.85
1589.18
1575.59
1563.41
1558.51
1552.13
1537.95
1524.72
1516.63
1507.37
1491.79
1476.28
1461.19
1447.97
1445.18
1441.63
1433.84
1427.01
1425.71
1422.5
1408.11
1395.45
1393.06
1387.49
1362.82
1340.45
1332.26
1324.91
1322.81
1321.09
1321.79
1322.26
1321.27
1318.22
1301.73
1287.53
1288.53
1287.94
1276.55
1264.88
1251.29
1240.31
1247.6
1253.39
1248.39
1244.85
1251.95
1257.54
1251.94
1247.09
1247.89
1248.46
1247.26
1245.38
1238.08
1233.44
1250.02
1265.39
1270.78
1275.52
1274.82
1273.68
1268.68
1263.99
1262
1260.12
1259.32
1257.71
1248.72
1241.78
1253.97
1264.21
1255.92
1247.96
1243.27
1239.04
1239.54
1239.85
1238.15
1237.38
1246.37
1253.99
1246.9
1240.06
1235.96
1231.3
1220.21
1209.06
1197.17
1185.46
1175.97
1166.18
1152.69
1140.19
1140.09
1139.31
1129.72
1120.19
1111.5
1102.87
1095.08
1087.67
1085.78
1083.41
1074.22
1065.61
1065.71
1064.72
1046.64
1029.31
1024.31
1018.97
1007.78
996.694
987.303
978.519
980.817
982.031
962.65
944.08
941.582
938.298
918.717
899.484
887.796
876.394
871.498
866.286
853.498
841.001
835.806
830.064
809.784
789.487
768.707
748.409
742.515
736.527
727.535
718.502
708.012
697.617
690.724
683.902
679.906
675.581
656.999
638.549
626.361
614.273
607.48
600.673
593.081
585.425
573.536
561.662
550.873
540.158
536.262
532.201
509.723
487.278
469.595
451.935
438.848
425.743
406.662
387.586
373.9
360.213
