17.2119
43.686
70.1601
66.6089
63.0125
63.6969
64.3962
68.1757
71.9719
69.1242
66.2271
63.3299
60.4327
61.4865
62.5854
65.2616
67.9589
65.7372
63.4395
65.4619
67.5598
64.6603
61.6632
61.2088
60.8092
59.7264
58.6275
57.3338
56.035
61.0547
66.2496
63.3927
60.2957
55.1656
49.9707
52.2155
54.713
57.4998
60.2971
60.1113
59.8116
56.727
53.5301
58.3834
63.5784
60.5482
57.1515
59.9588
63.0557
55.4849
47.3928
52.7982
58.8922
58.6308
58.0314
58.0946
58.1945
53.4767
48.4816
53.1963
58.4911
59.7407
60.7397
55.7306
50.3359
54.3094
58.9049
54.3387
49.1438
46.0945
43.1974
50.5407
58.6327
57.8065
56.308
58.4249
60.8225
52.9518
44.2603
51.6311
60.3226
62.1975
63.4962
63.0485
62.449
58.8227
54.9265
50.0235
45.0284
51.724
59.5163
60.5645
60.9641
58.8174
56.4197
57.4704
58.8691
53.1142
46.6206
54.8547
64.6451
57.7562
49.0647
49.7293
51.4277
55.1907
59.1867
52.703
45.0106
50.0987
56.6923
57.8459
58.3454
54.8406
50.8445
58.8348
68.3255
59.4777
48.2886
50.9778
55.4734
53.8832
51.4855
49.6159
47.8177
51.0245
54.9207
51.8078
47.7119
53.2318
60.125
54.2839
46.5915
49.9513
54.9464
56.9893
58.5877
56.3742
53.577
54.4966
55.9951
55.6825
55.0831
50.3534
44.9587
47.4623
51.2586
50.6008
49.2022
48.4872
47.8878
49.42
51.3181
52.876
54.3745
55.279
56.0782
53.4903
50.2935
51.9965
54.5939
49.1843
42.2911
47.4226
54.8153
54.1543
51.9565
46.9129
41.3184
49.8357
61.1246
58.5015
53.1067
53.9453
56.0432
51.7568
46.1623
48.426
52.3222
55.8058
59.2024
55.272
49.7774
51.5925
54.9891
51.0935
45.5989
46.7252
49.3227
50.8601
52.1588
52.9694
53.6687
58.7503
64.8443
58.7139
49.7227
50.7459
54.1425
53.5915
52.093
57.3455
64.2387
59.1059
51.0138
45.881
41.4853
44.9082
50.3029
53.3896
55.8872
59.4962
63.3924
60.7946
56.4988
57.654
60.2514
62.2184
64.0167
64.2428
64.043
61.4124
58.1156
55.9139
54.0157
58.2812
64.2753
65.4443
65.2445
66.442
68.0405
72.1168
76.9121
70.4308
60.6403
64.8714
73.2632
71.8188
67.4231
68.6995
71.6965
70.0299
66.933
71.0042
77.2981
76.5181
73.521
70.6757
67.8785
68.7891
70.887
71.0226
70.5231
71.1528
72.1518
74.8777
78.1745
77.9516
76.5529
79.337
83.5329
83.3335
81.6352
84.9893
90.0843
91.2518
91.052
94.1042
98.3
97.1149
94.0179
93.4205
93.7202
95.9263
98.8235
104.499
111.193
117.959
124.752
126.745
126.945
137.083
150.969
160.153
167.546
172.847
177.342
185.579
195.27
207.113
219.8
233.418
247.405
259.107
269.897
284.956
301.74
314.904
326.592
345.146
366.525
393.833
423.604
444.365
461.349
481.631
503.31
531.358
562.128
582.777
599.061
636.573
683.328
718.56
748.731
775.995
801.969
850.166
908.309
946.701
976.172
1013.33
1053.99
1094.03
1133.79
1180.45
1230.3
1266.68
1296.75
1331.43
1368.3
1408.47
1450.23
1481.2
1506.98
1543.71
1585.77
1626.82
1667.38
1702.8
1735.66
1767.87
1799.73
1819.51
1833.19
1845.42
1856.91
1884.79
1921.05
1934.32
1935.72
1952.23
1976.6
1986.7
1989.3
1999.86
2014.65
2017.06
2012.87
2016.01
2023.1
2043.01
2069.88
2077.08
2073.48
2068.02
2061.52
2062.08
2066.58
2068.26
2068.36
2072.54
2079.03
2072.89
2059.5
2060.81
2070.6
2072.62
2070.12
2073.04
2079.13
2076.13
2067.74
2062.03
2057.94
2061.14
2068.73
2072.28
2073.38
2070.39
2064.9
2066.2
2071.69
2066.96
2055.88
2057.18
2066.28
2065.52
2058.52
2041.83
2018.96
2013.28
2018.68
2017.77
2012.77
1995.94
1971.36
1946.13
1920.45
1903.66
1892.77
1877.27
1858.69
1840.05
1821.37
1799.24
1774.76
1760.59
1753.5
1732.54
1701.97
1697.4
1710.99
1707.16
1691.07
1673.53
1654.95
1646.91
1646.41
1640.92
1631.83
1630.26
1634.15
1625.31
1607.12
1599.63
1600.03
1608.04
1621.73
1620.75
1608.76
1601.21
1597.01
1592.25
1587.06
1582.65
1578.86
1569.66
1556.27
1555.56
1564.75
1566.17
1561.48
1560.9
1563.6
1555.03
1537.45
1536.4
1548.69
1539.21
1512.03
1488.6
1468.22
1455.88
1450.19
1445.75
1442.35
1429.17
1407.79
1389.66
1374.28
1361.1
1349.81
1325.41
1289.75
1271.16
1267.37
1261.33
1253.34
1238.49
1217.61
1202.61
1192.82
1184.19
1176.6
1167.9
1158.21
1149.83
1142.64
1137.84
1135.24
1126.41
1111.82
1104.75
1104.65
1106.92
1111.42
1104.04
1085.46
1081.52
1091.51
1096.71
1097.3
1093.18
1084.49
1076.61
1069.51
1069.78
1077.27
1080.15
1078.45
1078.1
1079.1
1064.5
1034.23
1019.15
1019.45
1010.35
991.674
979.984
975.488
964.519
946.836
933.11
923.52
911.983
898.396
882.29
863.508
851.918
848.021
838.309
822.325
807.872
795.085
783.013
771.724
763.568
758.873
747.889
729.907
718.752
715.255
710.164
703.271
688.3
664.123
640.226
616.649
598.304
586.017
567.734
542.459
522.143
507.657
490.657
470.676
452.425
436.241
424.998
419.703
403.848
375.176
354.008
342.02
334.281
331.784
327.104
319.711
310.456
298.867
289.795
283.901
282.578
287.073
289.775
290.175
287.263
280.07
276.087
276.286
276.314
276.114
275.742
275.143
276.426
280.222
286.318
295.509
304.53
313.321
328.948
353.924
375.707
393.09
416.66
448.828
483.244
520.807
560.979
604.836
656.07
717.81
790.173
877.787
963.442
1046.26
1140.37
1250.96
1359.74
1465.83
1578.57
1701.15
1826.01
1954.28
2082.16
2209.43
2333.97
2454.36
2577.78
2705.85
2834.75
2964.92
3089.39
3204.98
3317.53
3425.33
3540.78
3668.35
3793.31
3914.09
4026
4123.6
4223.87
4328.47
4447.46
4590.02
4723.08
4840.47
4963.29
5095.16
5234.31
5385.66
5533.56
5675.62
5825.87
5990.11
6140.81
6268.18
6411.62
6582.95
6746.48
6896.33
7044.49
7189.64
7343.75
7513.78
7671.52
7807.19
7954.51
8122.95
8273.64
8391.93
8525.15
8685.89
8847.4
9010.34
9160.28
9285.86
9426.99
9597.52
9744
9844.6
9947.9
10056.4
10177.8
10324.1
10457.7
10566.3
10673.8
10779.3
10876.6
10957.4
11028.8
11081.4
11129.6
11169.1
11213
11265.9
11312.9
11347.6
11377.8
11398.6
11425
11462.7
11479.8
11453.2
11438.2
11448.2
11462.7
11487
11498.6
11482.8
11470.8
11466.9
11466.7
11474.7
11449.5
11350.2
11275.6
11256.7
11230.6
11187.8
11139.9
11080.2
11019.5
10956.6
10883
10784.1
10702.6
10662.4
10627.8
10607
10574.9
10516.1
10477.6
10488.4
10498.4
10506
10519.9
10549.6
10576.8
10598
10634.3
10709
10774.7
10817.8
10861.7
10908.1
10967.9
11062.7
11154.3
11237.7
11327.2
11433.3
11538
11638.8
11732
11805
11880.1
11961.2
12058.8
12201.7
12322.3
12380.6
12447.1
12536.8
12607.9
12625.8
12663
12755.3
12821.6
12812.2
12817.2
12864.6
12893
12865.1
12838.2
12814.5
12800.1
12814
12827.7
12840.4
12840.8
12803
12765.4
12728.2
12679.5
12594.1
12522.4
12494.5
12464.1
12425.5
12374.6
12283.4
12204.2
12164.9
12122
12067.5
12020.1
11997.2
11967.8
11916.4
11862.2
11797.9
11743.6
11723.7
11697.6
11649.8
11609.8
11598
11581.8
11549.7
11513.7
11464.1
11426.7
11434.7
11434
11400.6
11384.9
11436.1
11465.7
11411.9
11352.3
11269.8
11206.2
11217.1
11215.8
11166.3
11123.6
11108.7
11092.5
11071
11047.3
11015.1
10986.6
10973.1
10947
10867.5
10806.7
10826.2
10831.1
10772.6
10711.1
10636.1
10565.7
10516.3
10469.6
10435.5
10392.5
10308
10235.6
10218.5
10190.1
10108.7
10025.9
9936.59
9852.75
9795.3
9734.03
9654.01
9572.48
9483.47
9396.82
9322.1
9250.07
9191.82
9130.98
9056.65
8981.7
8903.48
8829.24
8776.3
8721.34
8655.5
8588.38
8514.15
8444.87
8403.21
8359.72
8305.88
8251.2
8191.76
8131.39
8065.55
7998.16
7921.54
7853.47
7837.09
7816.73
7771.97
7725.59
7669.04
7620.02
7618.72
7609.07
7545.53
7482.32
7421.28
7367.37
7360.97
7352.68
7331.5
7307.73
7266.07
7229.04
7224.54
7215.52
7174.06
7138.67
7147.56
7157.15
7171.94
7183.93
7174.74
7165.6
7156.91
7150.02
7157.31
7164.71
7172.9
7177.13
7148.96
7125.67
7143.15
7160.31
7174.69
7184.93
7158.95
7138.58
7168.16
7192.03
7164.06
7139.43
7145.92
7153.2
7167.88
7179.45
7160.67
7144.96
7159.95
7171.43
7147.16
7125.04
7125.54
7124.6
7108.22
7090.42
7057.05
7024.98
7007.49
6989.05
6959.48
6928.97
6887.21
6842.63
6763.61
6688.74
6666.16
6641.69
6592.64
6544.22
6504.36
6462
6385.07
6311.44
6284.67
6257
6216.24
6174.58
6119.24
6065.4
6035.33
6003.47
5942.53
5883.2
5851.03
5818.63
5782.06
5745.7
5712.93
5679.61
5635.85
5591.28
5530.54
5470.39
5422.44
5373.56
5304.63
5237.29
5206.32
5174.16
5113.42
5052.44
4985.4
4917.87
4837.25
4757.71
4708.56
4658.12
4569.11
4481.57
4441.11
4399.22
4308.51
4219.29
4185.03
4149.49
4063.47
3978.02
3916.88
3856.12
3813.26
3770.04
3707.9
3645.99
3597.44
3548.76
3491.51
3434.4
3387.75
3340.94
3279.5
3218.01
3151.98
3086.01
3029.36
2972.65
2901.02
2829.28
2721.99
2614.69
2508.1
2401.5
