179.912842
191.222064
191.131703
193.643861
204.398983
208.640891
217.791593
233.519549
230.305473
241.395085
259.014421
266.867669
274.153735
289.532407
307.772301
321.732559
331.867316
349.394474
367.733368
385.180771
401.967137
418.331180
420.175669
440.430306
455.726328
473.646564
484.440714
492.160165
509.959053
527.631981
540.055902
559.314554
579.962474
596.457627
619.512712
649.766887
652.991691
668.745073
687.816041
711.963071
728.273716
734.648305
753.508571
774.130429
783.324457
791.274872
803.733541
811.694324
823.275724
849.739318
866.718962
879.612395
906.090768
935.089041
962.373580
1019.039173
1055.346610
1101.125564
1141.677406
1190.458249
1245.031767
1293.802373
1350.412331
1424.492932
1504.082105
1580.815782
1662.748722
1771.467707
1864.133955
1949.200038
2060.409605
2181.069474
2270.727119
2391.749718
2517.768233
2638.745865
2759.086767
2884.252109
3042.814812
3211.773534
3396.000508
3600.498947
3746.804248
3940.741071
4157.428531
4325.364286
4519.207838
4725.706917
4906.594887
5053.508008
5248.955301
5394.793729
5541.486466
5665.912731
5765.989004
5859.594962
5945.598776
6039.065000
6130.734643
6165.550977
6187.462655
6205.494286
6226.469850
6248.462068
6237.578214
6190.585235
6183.642331
6213.746541
6235.582237
6241.482768
6242.128722
6255.003966
6270.678684
6275.319474
6270.665639
6266.485639
6292.551186
6307.669887
6346.041695
6295.382763
6333.954361
6420.682316
6442.143835
6480.209624
6501.255338
6518.270094
6528.265376
6499.113985
6448.194211
6392.343816
6309.983879
6207.237368
6130.847966
6106.947594
6072.661017
6045.042331
5996.056748
6004.148305
5966.609962
5948.759211
5965.056410
5963.867778
5934.812632
5889.367744
5893.848964
5927.351579
5932.523051
5945.679643
5973.927797
5978.909023
5999.142970
5999.916861
5996.550714
6006.704576
5955.725132
5885.438872
5879.238872
5822.178136
5799.109699
5791.775977
5764.310810
5714.908289
5669.828136
5636.982857
5598.042538
5588.684079
5579.642857
5518.841654
5482.413665
5456.426723
5426.834135
5422.386917
5395.117669
5364.853766
5348.981203
5316.716429
5310.750847
5320.789474
5302.805838
5306.748026
5349.047744
5346.510902
5369.680000
5358.519098
5352.402256
5340.926215
5295.489154
5298.951316
5336.054023
5332.064756
5342.313026
5326.347594
5343.320000
5369.545526
5401.917006
5441.133045
5452.476053
5468.094060
5502.431864
5490.712180
5481.666786
5488.072618
5447.878271
5413.904746
5313.812951
5240.445038
5132.614802
5100.790526
5045.124868
4972.443421
4898.671977
4842.718365
4821.465639
4787.921880
4754.694342
4781.094342
4740.675075
4753.641375
4762.519380
4800.681620
4835.026391
4867.215056
4934.338870
4996.496504
5076.525000
5198.665000
5295.742637
5416.285940
5585.100714
5733.526560
5886.321053
6073.937119
6279.363327
6536.008644
6772.611429
7071.418136
7399.501541
7686.345677
8018.695198
8414.344662
8770.548158
9161.713158
9535.798701
9856.237180
10174.456767
10504.864972
10856.426692
11267.218267
11681.844361
12147.566667
12728.337970
13256.890602
13806.178947
14422.274060
15083.609605
15769.299248
16499.918233
17153.377632
17783.673635
18447.297368
19136.088158
19831.555932
20565.436842
21342.377778
22071.389474
22808.570245
23475.178571
24143.739662
24774.915038
25384.181203
25943.266667
26479.785150
27011.753107
27519.018421
27969.680414
28254.374436
28493.945113
28732.448120
28862.087782
28962.677966
29114.116541
29120.544737
29168.998308
29236.461654
29282.328571
29183.142293
29004.028625
28880.878571
28603.927068
28345.775000
28005.100000
27734.135338
27420.096805
27112.732203
26873.779699
26569.678343
26288.566917
26225.531579
26339.188701
26380.795113
26418.209962
26716.551128
26972.067043
27324.858459
27668.267669
28056.357895
28538.364474
28983.509774
29493.883459
29954.974576
30389.330075
30895.093785
31348.098496
31727.149060
32039.151977
32278.250000
32488.784211
32587.883083
32594.149153
32631.511278
32611.724624
32444.256579
32288.771053
32204.114878
31985.179699
31701.405650
31369.009023
31047.704520
30809.914474
30551.796617
30310.907533
29997.142669
29825.997932
29723.224060
29437.879096
29386.336090
29161.111654
29012.957895
28933.476316
28800.007345
28635.406767
28542.394915
28472.475376
28422.652166
28336.255263
28122.299248
27944.794915
27871.566917
27757.319209
27670.239286
27499.365913
27384.032331
27169.944444
26981.325000
26708.978947
26459.270056
26239.776316
25932.233333
25672.078947
25455.980414
25111.210338
24694.375940
24366.824060
24023.329887
23548.740113
23104.681955
22805.836158
22429.154511
22160.450094
21793.947368
21465.105263
21183.171940
20943.874812
20662.689831
20357.889850
20128.084746
19925.589474
19664.778571
19409.549624
19237.000376
19089.075141
18912.322368
18664.451880
18535.989474
18394.972316
18182.605263
18047.339474
17933.727872
17825.921992
17791.316384
17795.798496
17817.250659
17821.444173
17807.051128
17817.321429
17832.635714
17820.945198
17825.583459
17771.542669
17707.843879
17745.500376
17673.515789
17734.235526
17705.735593
17644.928571
17680.665789
17657.325000
17599.029699
17577.828571
17519.564286
17402.145763
17254.528571
17066.309040
16918.016729
16675.571429
16464.011864
16125.317857
15958.339474
15714.763158
15416.429379
15207.136654
15009.831579
14860.083083
14704.503195
14513.650282
14311.570677
14114.663653
13898.290226
13642.719209
13413.129323
13239.342105
12938.115254
12665.658647
12375.052632
12051.340789
11710.238418
11422.110526
11127.471805
10848.296805
10551.527820
10252.806780
9939.085921
9653.653277
9408.722218
9130.088795
8838.505226
8596.564962
8335.638851
8053.782575
7944.021808
