40.516074
40.228721
41.472061
36.981639
43.425697
48.871577
44.158632
42.886177
42.076032
43.789700
46.247397
48.392995
53.447875
54.854026
52.261987
54.652802
56.396478
59.752463
58.907997
57.939391
61.180174
57.058917
60.433176
62.957839
60.076447
70.807366
67.244981
68.392219
71.562995
69.928666
72.030521
77.856992
79.818589
75.319544
76.337624
82.089635
81.508788
85.319154
88.068172
87.383514
88.458786
90.396945
92.997243
90.492892
89.071299
88.252251
90.494708
97.896141
99.125072
93.950964
94.095229
99.616252
102.487169
101.841718
104.308296
108.540555
104.945320
114.297820
121.085508
123.745286
128.776586
135.914407
140.691122
147.918045
156.139368
160.382542
172.733329
175.545549
183.605053
194.876891
207.289921
221.675023
223.969435
232.358148
243.049173
257.944895
272.786570
282.207107
292.295602
307.039645
324.825633
345.566000
363.165293
373.867902
383.660117
392.480256
427.556190
448.196109
450.547316
474.979688
497.161936
508.973780
522.144211
526.497444
539.885026
554.405816
562.573889
571.587447
569.543321
571.251444
577.146051
600.776679
599.883812
593.993447
596.120571
595.676623
590.379256
588.708090
586.992348
589.612215
594.433387
599.726720
602.914632
602.064842
597.220316
589.814024
590.249765
590.066838
588.543017
583.174414
595.400496
599.146347
602.250355
600.106680
608.034609
604.751947
602.423761
604.535481
602.830737
597.806974
596.623243
596.611850
585.257013
576.330936
572.721685
563.984226
556.358180
556.095181
555.375564
554.254169
556.050703
544.297650
545.780143
544.426746
544.304271
545.271974
538.692932
535.873923
536.529814
544.633534
548.174632
547.094885
542.849278
543.894271
551.429767
543.304263
539.378023
526.476791
523.642094
525.233060
525.400000
514.329250
505.324365
508.547429
506.479276
511.501853
502.071500
495.036113
492.252823
483.684712
484.171985
480.843474
479.763835
478.329915
470.521519
468.718656
463.270966
459.773158
463.931870
468.410959
468.994380
463.699323
459.031758
454.224455
450.101421
458.470045
451.534991
442.789383
446.932177
442.557329
440.964173
448.554692
444.305895
439.133487
436.557192
437.068823
447.716222
453.803805
447.436473
441.862782
433.660173
443.220164
444.159553
432.608322
432.532898
416.035602
410.196550
409.523588
399.353684
389.979079
383.046825
372.436806
365.521526
364.896917
359.551609
358.867727
354.613226
354.980533
362.379714
361.078356
356.757173
355.381008
356.146723
362.428421
368.750816
383.704750
394.272977
400.440090
406.972643
411.428885
423.221293
439.425898
448.743201
475.577119
495.032827
513.484006
531.644669
562.173030
583.596060
603.664694
638.697395
654.530105
671.321486
707.144633
739.356782
752.128571
768.434754
801.364827
817.992165
843.002444
861.300342
892.761274
937.135635
977.811953
1007.406403
1030.160075
1077.827350
1112.238026
1148.598136
1205.807632
1251.668402
1284.373559
1327.458346
1373.406045
1421.443966
1448.923955
1490.392105
1544.738515
1568.826729
1610.496541
1642.202260
1675.735583
1714.435838
1748.829737
1765.757062
1766.155977
1777.177368
1803.503158
1828.495883
1836.900169
1830.260489
1849.251241
1850.897876
1833.639925
1852.867143
1821.071617
1819.887834
1801.486429
1802.814549
1798.582763
1764.720000
1734.330226
1724.257105
1706.485085
1675.492669
1658.389096
1647.626654
1620.224887
1613.495085
1608.885996
1602.031767
1607.070752
1621.501092
1636.128741
1658.245113
1665.887895
1697.898816
1709.867143
1728.798571
1745.499661
1770.848214
1804.006234
1812.214361
1827.701504
1832.921959
1853.271955
1857.976917
1869.738102
1857.647458
1853.950376
1848.919173
1831.495658
1839.635000
1827.577401
1815.768158
1803.474105
1773.190677
1753.020565
1749.959079
1727.234211
1696.463183
1682.493515
1670.967143
1658.355940
1630.924218
1609.056447
1603.755226
1605.564211
1598.307105
1583.396347
1566.308195
1566.870151
1565.348346
1550.911205
1547.731128
1543.857556
1518.235932
1523.153684
1517.171921
1500.421429
1491.173823
1476.080000
1464.388814
1450.741316
1435.090526
1420.901017
1429.938365
1414.691582
1377.335564
1350.079718
1341.353158
1328.653835
1288.019474
1254.130226
1250.695819
1218.597744
1212.654972
1195.469004
1158.886271
1140.198947
1122.798158
1104.005217
1082.835714
1067.601356
1068.455583
1054.288644
1028.190752
1013.967331
1007.785075
1000.464038
977.167121
978.290459
970.072602
952.681158
936.078113
917.609053
920.442605
917.934518
914.805861
901.132540
885.853895
884.389247
880.477609
874.695981
880.897038
880.730133
868.974399
873.254128
886.620273
877.253365
875.477113
889.077868
887.162316
886.339373
867.483361
875.580654
865.262477
861.139647
861.320286
861.546071
853.545075
838.999286
851.017356
828.415697
810.271143
803.231032
798.908402
789.173079
762.739526
742.825510
744.272966
728.927906
720.399447
712.325286
695.773831
684.842647
670.666723
651.399380
645.978303
635.935357
629.509855
620.378797
610.078120
594.582211
591.977711
580.557557
552.375316
543.685600
527.079810
511.598158
499.830062
483.483410
472.800000
460.516237
435.028938
421.543966
416.338165
405.400000
403.193805
379.488040
