2.183520
3.996303
0.274035
-2.880570
-0.704025
1.754649
0.478325
0.200000
-3.130158
-1.349147
1.164955
1.908455
2.096375
-0.409283
-3.873729
-2.011018
1.677895
0.566616
-3.176522
0.035107
-1.024435
-0.879205
-2.027499
-0.894792
-3.772509
-1.882878
1.557035
0.277252
-1.292069
-1.361813
-0.075120
2.337059
2.669003
3.062834
-0.344123
-1.984335
0.807502
0.593319
-0.336125
-2.602404
2.192680
-0.174564
-2.398896
2.763018
1.172371
-2.426121
0.262707
2.347162
1.493622
2.368275
3.725653
-0.477800
-0.111487
1.213009
-2.756001
2.786179
0.363642
1.265845
2.915310
4.673023
2.520656
0.400000
1.491199
2.405459
2.557159
3.173981
1.659481
2.301881
3.377832
3.380594
5.391040
6.310721
3.201638
4.019345
4.108643
5.067715
3.899854
3.565094
5.657974
6.688970
6.583718
6.946509
4.947972
4.343915
7.302345
6.644200
10.668287
6.369764
-2.443263
5.602171
10.079142
7.023597
6.038513
7.902553
8.172292
6.668503
8.018920
11.198357
9.227484
6.623940
8.733540
8.154450
9.776198
6.533860
6.744930
5.958465
10.820897
10.448043
5.245080
5.071680
6.838912
8.372419
8.659637
8.354997
9.312867
8.125857
8.426273
8.044695
9.025207
5.700444
9.139893
12.183992
11.190469
12.018094
13.662096
12.149659
10.188036
14.590383
14.704147
11.074259
11.709219
9.932649
14.535914
14.696800
12.931270
11.550995
10.745650
13.123221
14.138444
11.870407
13.250934
16.419681
14.788069
13.440920
14.486678
13.910124
11.461878
11.373237
14.470583
15.460935
13.706273
10.564431
4.720397
9.021451
14.705376
15.919838
10.547777
12.739901
16.070778
16.883532
15.443127
12.816166
12.641615
14.595986
13.360180
11.170461
11.530007
12.629056
9.235210
16.475578
16.911425
16.905680
14.406224
13.747008
11.373807
14.864907
16.582751
15.698521
15.972739
15.531445
16.329829
19.489203
16.069056
14.693664
14.199745
18.343712
17.552630
17.405240
17.570794
12.349053
16.606241
16.103404
16.268942
19.067013
20.307312
19.555608
16.818540
16.046319
21.670749
18.142643
17.805520
20.909461
22.201895
22.991108
21.563586
21.936539
19.189982
21.111656
22.107684
18.135353
15.694634
21.061363
24.932111
20.236856
19.000000
20.039481
22.992865
20.425959
21.211045
20.330931
19.354324
17.743130
22.430253
23.409087
21.189226
20.434650
23.020048
24.734617
23.875814
21.679163
18.854485
20.044586
19.894579
18.858710
20.438886
25.009299
22.561538
20.778346
24.318489
24.135522
20.481003
20.606542
20.596503
20.197312
22.957438
24.571796
21.884603
20.996480
20.827162
22.625178
22.693273
20.690482
21.953131
19.426672
20.683269
22.753553
24.890720
26.249238
24.715415
23.505579
26.220174
25.534692
22.626826
26.628363
26.101949
28.181121
24.350917
27.689970
28.718099
29.796612
27.857101
30.307466
27.348116
25.354097
28.673869
28.115165
29.095129
31.148412
29.573194
27.106271
25.938533
34.695260
31.316131
32.826277
33.642871
27.597185
35.064942
31.952171
32.180795
29.819021
26.575100
27.726375
29.624407
27.931643
23.880777
22.376195
24.603386
25.691150
25.398921
23.025617
25.893727
24.934889
27.344190
30.067858
31.367592
31.528547
26.908866
27.883132
32.135092
35.605312
35.549201
32.363874
32.725060
34.584660
31.621912
40.213211
37.308694
33.580112
37.174544
35.228690
36.415443
36.578614
34.395571
37.417844
36.478179
37.610511
35.691317
29.130163
30.195782
34.883745
34.462142
34.305012
35.614263
33.868613
31.021859
36.204297
35.778610
35.212105
32.213589
30.247953
31.649005
30.994237
26.982809
28.385931
33.170723
33.250745
32.685003
29.122768
30.993585
25.767589
33.557816
35.103982
31.905165
33.311246
32.912163
31.597263
30.319388
30.866855
30.209898
24.067372
22.486301
27.010779
26.661142
28.621690
24.050536
27.288734
28.132569
29.398152
23.848152
20.100479
20.021243
23.242314
26.132726
26.596895
24.022991
20.379437
22.602849
26.830723
25.211720
23.662398
21.924122
22.716409
19.947741
21.926450
27.446188
25.319746
19.531155
20.772169
23.324346
25.459097
21.795491
20.963299
24.904343
25.918503
24.400000
24.164162
22.476686
18.695892
18.767058
23.231364
23.626002
21.009021
22.186545
24.205268
22.419505
20.127183
20.130436
19.482665
22.253307
22.042890
19.411590
21.621757
19.281485
20.243817
26.531564
21.215725
19.245809
19.777422
20.306579
19.767087
20.559540
22.541075
17.666958
15.089604
17.121814
18.312794
19.505738
21.814461
21.071993
18.494477
17.814033
13.407329
14.978080
14.572011
12.821379
15.720543
17.603703
15.038009
15.485547
13.464753
16.453799
16.838464
14.699331
16.188742
14.699225
11.416561
13.660773
11.775864
12.886207
13.608864
