107.753895
109.224710
107.823013
105.762293
110.718915
114.803508
109.958932
109.784436
113.185267
116.787139
121.377049
125.551821
125.079605
120.526814
124.681090
136.804017
140.019526
146.299763
148.610774
156.040863
158.361409
158.155940
166.041638
163.936741
168.487429
172.005470
176.479600
178.485098
182.813624
189.623168
194.367756
196.886644
199.208895
205.730390
211.206936
213.174647
227.025612
229.664254
234.451825
238.388286
240.259024
254.391363
254.140429
265.065782
272.693085
271.406439
271.368797
277.531876
288.211500
291.521895
297.446549
307.065630
323.790113
340.384932
348.645066
371.347474
394.400143
417.578857
445.069468
478.587525
519.696274
556.798017
604.535222
654.514789
696.230789
759.017783
829.975620
923.694143
993.195733
1070.424906
1178.906610
1295.099699
1400.110734
1503.654417
1634.513271
1763.886015
1887.698515
2020.974444
2177.255113
2351.770526
2523.366328
2681.677895
2844.209248
3018.311259
3185.157269
3387.612782
3581.352387
3737.320996
3880.379624
4038.612932
4165.626579
4304.534915
4421.691504
4502.746573
4586.908214
4670.405301
4745.026064
4806.588553
4841.417500
4887.666992
4896.507175
4927.071071
4961.245639
4956.572180
4963.021786
4999.136008
4970.458346
4973.301880
4987.911335
5010.712599
4996.412707
4973.828421
4990.435263
5019.081053
5005.815714
4966.980677
4981.054878
4985.568346
4996.012712
4984.386711
4970.434211
4961.615556
4957.081898
4963.809154
4970.123120
4944.503032
4873.174831
4808.688647
4749.351579
4664.654342
4589.765009
4525.778835
4427.167119
4380.681034
4309.305556
4287.888722
4244.071429
4242.388701
4218.245639
4186.974774
4190.841504
4159.444614
4122.391278
4093.596090
4087.851751
4106.520526
4115.833559
4099.035808
4076.527119
4065.296767
4069.223590
4057.963459
4046.521466
4010.412938
3990.203271
3950.454135
3894.733083
3820.614802
3760.257312
3685.612820
3629.915330
3577.543158
3519.221017
3476.242857
3419.913628
3379.838383
3355.565000
3296.992970
3282.899267
3226.876102
3188.245714
3162.699530
3140.667481
3135.835311
3137.483910
3132.674173
3116.141864
3114.565789
3120.603559
3121.749380
3136.089436
3134.773271
3095.325244
3084.181222
3069.076316
3034.305819
2984.701541
2917.991053
2899.009398
2869.923891
2843.674041
2761.505714
2736.788947
2713.493026
2675.484237
2651.643534
2604.869568
2559.361974
2538.680056
2491.683008
2444.890583
2375.359134
2306.706880
2218.604068
2099.106523
1997.835188
1915.436064
1839.820883
1754.382105
1685.680526
1624.684746
1555.355865
1501.504662
1467.456692
1422.369737
1384.920301
1370.470940
1356.261733
1334.489680
1343.316893
1344.443910
1385.290019
1406.104576
1467.631090
1539.176579
1614.725000
1722.796911
1860.237143
2012.783571
2207.504380
2471.909624
2760.341017
3062.220301
3467.035424
3874.967368
4279.136836
4708.262519
5145.181842
5577.815744
5988.651805
6420.303947
6814.690000
7167.445198
7536.617820
7915.129135
8269.755273
8629.504060
9006.433540
9374.305489
9818.070000
10253.728571
10716.137970
11194.680451
11751.821617
12219.721281
12656.345113
13151.132331
13675.832895
14151.670621
14597.517669
15072.161654
15602.411864
16156.682707
16670.307156
17139.848872
17601.429567
18085.696241
18558.519925
18961.376316
19265.769173
19618.216384
19969.405451
20312.973823
20483.589474
20745.988512
20909.191729
21016.361654
21157.266165
21265.596617
21357.542373
21394.230451
21381.518233
21361.082707
21342.267669
21385.757143
21246.263534
21170.144633
21009.864286
20757.215789
20538.256579
20286.400000
20032.290226
19762.440602
19491.467420
19286.565789
19194.626930
19150.410714
19057.967669
19142.129379
19184.838910
19369.326316
19543.509774
19790.501507
20046.616729
20274.268421
20586.589474
20927.331579
21331.085338
21733.306015
22070.395480
22421.198120
22793.190207
23094.992481
23355.495113
23599.697740
23768.173684
23873.898120
24016.854699
24001.705085
23912.562406
23916.460902
23858.785526
23716.597368
23612.065537
23457.341729
23266.828814
23072.578195
22854.322599
22656.722180
22520.579323
22384.497552
22210.493609
22061.276316
21861.253383
21661.717514
21604.819737
21484.483459
21390.676316
21268.423684
21158.725989
21157.185714
21098.422411
20926.342481
20779.962524
20770.511654
20778.011278
20642.474576
20579.529323
20527.632580
20422.928571
20261.729755
20220.925940
20139.287382
20062.760526
19873.763158
19663.425424
19477.128383
19274.373823
19037.043609
18797.077589
18571.394737
18295.882707
17964.139098
17689.134023
17382.160452
17145.061654
16843.714124
16652.933083
16449.863842
16126.763158
15900.447368
15670.673446
15484.747368
15314.488136
15168.330075
14941.603390
14741.248872
14638.503383
14488.108271
14339.851128
14232.510546
14109.898120
13911.557143
13831.849624
13645.658757
13599.493421
13548.207895
13436.727872
13427.861090
13378.150094
13367.396241
13395.749529
13419.730639
13399.293233
13340.166165
13337.953383
13358.510358
13330.483459
13347.740602
13317.822222
13245.237218
13268.336842
13260.560526
13272.523729
13282.064662
13292.875188
13229.682519
13139.218045
13064.157143
13007.109586
12927.819586
12816.114286
12705.512429
12511.454887
12348.542857
12194.465348
12019.014098
11772.611842
11688.631579
11508.723729
11383.810526
11223.236090
11088.791353
10940.499248
10747.786064
10547.452632
10392.777778
10252.446617
10055.891525
9839.871165
9618.494511
9391.073220
9178.059323
8917.255263
8736.574211
8527.628324
8306.728571
8044.407744
7866.914267
7647.696466
7387.025932
7167.259868
6949.559266
6742.514474
6591.332429
6412.922744
6218.525789
6025.283861
5875.873553
5676.416554
