93.635468
94.969586
96.772858
93.429563
94.385937
96.392408
96.092737
96.784408
90.918775
97.354530
98.422635
96.959207
98.467413
98.389936
99.013708
102.869582
104.034711
104.485026
107.432620
111.088515
111.973968
118.225000
122.131789
124.720733
114.776175
118.623282
121.926932
122.458609
127.418744
131.800000
131.486248
131.836870
134.346895
134.065000
128.336299
134.466789
143.104446
142.867977
146.529878
148.863500
147.469038
147.000000
148.464429
148.595436
150.595957
155.114870
162.117853
165.918467
164.166513
168.581635
172.192045
176.601436
187.127475
193.843872
199.425395
213.014352
221.054056
244.510594
256.618731
267.583557
290.682177
315.949627
345.113442
372.201977
398.827211
442.705994
478.839241
527.798320
586.014350
644.534152
708.496763
770.312135
849.114475
922.758695
1000.331936
1090.736353
1191.189436
1291.781714
1391.497368
1506.223026
1631.036102
1750.452895
1873.996654
1991.941786
2120.906441
2238.727594
2385.113327
2481.464981
2575.608534
2721.818008
2819.265940
2906.756441
2988.200075
3059.579605
3118.252162
3173.967406
3240.610527
3291.144211
3301.656429
3321.196842
3344.867401
3396.686429
3421.038835
3430.379887
3427.036429
3408.395800
3421.398947
3404.976692
3405.770207
3415.971412
3414.312594
3422.306128
3444.376447
3437.004211
3394.291880
3380.538402
3394.715574
3386.939361
3373.050508
3360.124154
3380.934511
3363.365066
3345.921071
3318.379154
3318.312782
3281.360358
3227.831184
3186.581128
3134.241053
3063.343816
2988.006121
2915.669173
2866.616629
2815.989624
2798.256497
2760.221429
2729.132199
2697.591130
2696.370940
2666.583985
2645.840545
2625.806516
2620.154586
2599.685113
2590.137815
2588.279211
2570.173051
2566.859680
2584.511864
2603.781579
2588.005094
2554.803421
2534.926353
2512.701789
2487.488365
2470.285188
2427.243083
2375.000565
2325.111880
2293.782895
2253.076591
2197.720132
2139.007043
2093.997143
2076.933289
2039.062180
2001.348571
1985.034586
1955.636316
1929.316610
1905.928120
1877.542274
1848.945658
1861.829887
1853.969962
1843.162387
1832.478136
1833.582105
1845.512411
1846.832180
1835.324436
1814.778195
1785.862425
1767.754060
1752.896241
1711.245085
1666.518026
1630.380902
1589.449699
1535.235207
1499.662124
1458.482406
1423.662632
1389.066842
1363.594294
1347.569511
1320.137312
1291.584605
1266.924350
1220.035940
1178.152857
1132.419397
1095.210639
1027.151356
969.529808
927.077955
865.421734
810.759944
752.400145
707.521316
677.558983
655.802220
633.065504
602.830068
580.212105
555.320887
549.726680
549.861798
563.101303
548.880755
547.773474
553.837898
568.965689
603.600256
625.841526
674.289000
738.364678
818.953053
926.158429
1061.103590
1233.373195
1418.737627
1650.032105
1939.219153
2237.111128
2572.522090
2934.263477
3299.931128
3644.851657
4008.353064
4364.216842
4703.027895
5046.774520
5346.700357
5646.303684
5969.327853
6256.298985
6562.945235
6902.074812
7273.443333
7636.940282
8026.412970
8456.328045
8914.979436
9322.635725
9773.438722
10189.370677
10619.902632
11019.297552
11413.329323
11856.117105
12329.842373
12785.121805
13220.273635
13681.042669
14117.045951
14535.291353
14895.192857
15278.073872
15625.663158
15943.270621
16295.740226
16645.685876
16836.884211
16984.754802
17154.346241
17309.483459
17409.595489
17470.737970
17572.738983
17695.509774
17696.228947
17727.940038
17766.436090
17751.557143
17677.355639
17651.724482
17482.821429
17299.102068
17111.255263
16915.400000
16697.172932
16454.212594
16256.758192
16095.684962
15954.612429
15942.444925
16027.633083
16037.256497
16100.033647
16227.595677
16378.738346
16542.195104
16779.294925
17021.651880
17252.457895
17494.518421
17872.250000
18263.868045
18588.861017
18917.584774
19212.649529
19446.987970
19706.092481
19864.170056
20042.921429
20125.783083
20197.684023
20156.340678
20136.231579
20114.757143
20014.917105
19896.742105
19818.814124
19737.841917
19644.241620
19486.006767
19252.175706
19073.767293
18960.475188
18772.223352
18684.595489
18533.220865
18443.305263
18369.914878
18276.504699
18259.062782
18098.802632
18060.986842
18007.857250
17986.609774
17941.841243
17847.840226
17768.712429
17689.062782
17622.460902
17604.706780
17485.839850
17415.844821
17311.435714
17275.665725
17202.804511
17067.915631
17005.106579
16919.742105
16719.839548
16572.651504
16435.323352
16230.480451
16007.316573
15773.436278
15526.889474
15310.368421
15098.031391
14894.836158
14614.432331
14361.189831
14107.848308
13939.089831
13695.868421
13508.389474
13273.550847
13129.533835
12993.711864
12860.925188
12743.464407
12619.832331
12501.535150
12357.795301
12187.613158
12132.384746
12037.327068
11907.785714
11821.912782
11690.826554
11634.976316
11527.444737
11451.122787
11413.230827
11400.482298
11386.328571
11393.076271
11380.882707
11397.387218
11439.066541
11376.364286
11322.276836
11333.335338
11307.449248
11291.283992
11277.675940
11310.257895
11363.140789
11326.874576
11382.593233
11358.428947
11295.417293
11312.248872
11273.592857
11182.408271
11111.250094
11011.285714
10909.231638
10765.456767
10592.485714
10413.905838
10308.609962
10116.477632
9958.209474
9893.416026
9759.634248
9598.717632
9460.774398
9343.975714
9211.258588
9083.145338
8933.503202
8775.748741
8666.937213
8509.936391
8351.473195
8149.733729
7930.782782
7742.267895
7555.023026
7396.973672
7170.019549
6962.452162
6768.161410
6576.484737
6395.067119
6202.103628
5997.190621
5818.323910
5675.397702
5537.335094
5394.354662
5256.470942
5095.794060
4951.832429
