113.329947
110.366429
110.585682
110.084056
113.739898
115.629791
121.548390
115.226226
120.150004
120.146733
125.072211
130.392895
135.640789
141.462345
142.584203
145.025576
153.925579
159.693895
162.620684
172.077239
179.855471
174.824000
183.619699
188.263259
189.453254
202.935368
206.389244
214.861722
221.378759
219.062345
219.943573
228.038326
231.084605
227.162288
245.068028
262.017120
271.065100
274.360722
282.266959
287.265714
289.416004
303.881643
311.463286
312.600000
314.887019
322.700840
325.951936
324.531851
330.090579
338.508512
357.068113
372.465500
393.391520
407.911733
425.569284
443.232352
470.763578
504.113699
529.729444
567.425203
599.196628
636.790288
697.755056
761.546774
820.530895
902.904750
996.983336
1080.360301
1169.594821
1251.585752
1359.833559
1477.074286
1598.982034
1753.748289
1900.570113
2054.842331
2206.404962
2353.362298
2548.808496
2766.621241
2958.267175
3156.608158
3363.818271
3575.023910
3784.522637
4007.914737
4227.905188
4400.919305
4620.187256
4811.320977
5008.874323
5160.066271
5283.069173
5401.673936
5517.382857
5609.049098
5694.093032
5773.009868
5822.669643
5894.924662
5915.013955
5945.098214
5968.918571
5962.662669
5981.598571
6005.301507
5990.267293
5954.051955
5951.440432
5990.655480
5982.276504
5975.076842
5984.941184
5969.274737
5944.620827
5919.673214
5954.157156
5944.677444
5927.884407
5939.557763
5916.218346
5954.472298
5938.290583
5938.189831
5931.223308
5918.172505
5829.830357
5737.477895
5681.832632
5588.054211
5447.348983
5334.348346
5247.980433
5164.475752
5118.830245
5076.886767
5051.998515
5014.861356
4963.814436
4938.022030
4891.660282
4851.735424
4832.830752
4800.512500
4789.670734
4793.141316
4786.200000
4801.187763
4811.070000
4802.108421
4808.894831
4793.202538
4787.203158
4762.111394
4693.700714
4660.674361
4553.972857
4506.931017
4427.739793
4361.721880
4304.564821
4238.173026
4164.034294
4087.148571
4029.857914
3960.560639
3891.712143
3854.195301
3809.685451
3791.233804
3730.086316
3693.638459
3696.033308
3660.165461
3630.160714
3643.961617
3646.775085
3624.602632
3608.178663
3603.887556
3595.087556
3580.219135
3577.032256
3551.388120
3500.044812
3463.241808
3432.986880
3392.450188
3355.698383
3296.260244
3247.320188
3193.229624
3129.212632
3062.817763
3039.131977
3033.726241
3006.670602
2994.823553
2960.612128
2903.139098
2855.300602
2767.898475
2690.008797
2576.091695
2479.622782
2365.614211
2270.026252
2171.660244
2082.533684
2019.790526
1943.071431
1861.340545
1811.441579
1764.686842
1710.354756
1689.500244
1665.036504
1671.777665
1632.970075
1637.760264
1647.996015
1670.622180
1692.823446
1721.807256
1775.907105
1852.437500
1962.738531
2099.627368
2269.342143
2479.536391
2722.758722
3030.844237
3386.016241
3790.377458
4238.797444
4699.197100
5191.011410
5726.190639
6259.475499
6791.940583
7278.852368
7760.306842
8240.425763
8713.439417
9127.232782
9497.158531
9917.090188
10362.788512
10816.199248
11319.922222
11849.028008
12432.022180
13018.298872
13637.468797
14275.763465
14913.710526
15554.014286
16144.103947
16751.751789
17352.536842
17922.243233
18528.305085
19198.081203
19866.384181
20510.538910
21155.545951
21750.889474
22343.567857
22915.785526
23422.235338
23896.580791
24231.223308
24695.203202
25026.907895
25314.872505
25579.052820
25799.681203
25976.796992
26110.698496
26191.870621
26228.490226
26344.741165
26311.242481
26314.500000
26390.371429
26317.379323
26221.376083
26007.171429
25828.185150
25550.347368
25157.700000
24781.831579
24500.900188
24219.704896
23966.504511
23830.478908
23721.072932
23645.645865
23689.075141
23884.489662
23972.590414
24145.061278
24501.490772
24848.106955
25134.730075
25583.494737
26061.110526
26485.426692
26919.024060
27369.469492
27840.878008
28280.462524
28654.893985
29051.256015
29379.073258
29607.035338
29769.041729
29906.688722
29929.923729
29861.154135
29914.687970
29871.669737
29642.171053
29466.458945
29220.525000
28955.484557
28788.151128
28557.198305
28279.746992
28122.123308
27898.196045
27794.017481
27625.492857
27383.111278
27223.060075
27161.034211
26915.630827
26759.900000
26696.928947
26672.274200
26625.542105
26506.729379
26400.098120
26305.190395
26184.079323
26066.162970
25964.932203
25938.687970
25854.456874
25750.164286
25557.843315
25393.470301
25266.772128
25155.868421
25033.578947
24788.625989
24601.214474
24372.483804
24103.039850
23827.875895
23525.651692
23181.320301
22798.437594
22451.176316
22108.072316
21767.030075
21390.624294
21084.527632
20803.586817
20507.115789
20207.457895
19951.546139
19772.314286
19557.523729
19257.606203
19041.111864
18893.699248
18688.394173
18466.065226
18301.287970
18193.746328
18010.885902
17837.762406
17700.005263
17587.544068
17409.847368
17285.010526
17229.770810
17173.345489
17157.365537
17149.353383
17138.051601
17120.034774
17101.245865
17134.204511
17173.394925
17107.141055
17103.042105
17103.663158
17061.865725
17026.914286
16981.105263
17001.202632
17059.300000
17146.595489
17156.933835
17144.731955
17149.058647
17103.214286
16985.085526
16838.262524
16673.100000
16478.831638
16274.137030
16068.828571
15890.379096
15652.096053
15411.182895
15190.142105
14947.763465
14778.951880
14601.389474
14450.948872
14233.304135
14033.959322
13869.242105
13645.649529
13401.687782
13216.534652
13016.586842
12721.516165
12426.205085
12168.006015
11830.042105
11528.534211
11214.791149
10918.242857
10638.850376
10316.494173
10026.291278
9759.533672
9519.725620
9274.296836
8989.808947
8727.503296
8525.763684
8327.420752
8119.981431
7883.507293
7703.174407
