55.177911
56.070862
56.212648
68.883523
62.856122
62.200000
62.876317
65.510186
57.078231
62.089305
58.077229
61.927165
65.173816
63.903472
65.603159
62.739573
67.693904
71.726626
81.158104
69.885740
81.066966
79.811667
82.731780
73.737264
80.362164
86.256023
86.584925
84.967967
88.203132
91.185934
88.945495
87.109771
87.551084
90.252347
95.147249
94.951587
99.788029
101.695620
109.347891
108.875214
114.736953
104.059797
111.250143
110.911391
113.443515
108.842665
106.043011
116.429149
115.561184
119.036780
129.059316
133.831551
136.686407
136.499120
150.187582
160.053158
152.727433
173.061789
187.030998
192.800275
199.467474
216.180102
235.493015
252.048549
270.384158
289.873478
312.871336
336.004459
370.703629
397.496945
424.698853
461.599835
487.579322
532.402838
565.688944
623.782248
667.908714
719.638441
768.139955
809.274098
867.173062
927.203895
976.970929
1028.463195
1086.955537
1138.273910
1214.771861
1268.758045
1317.829737
1367.287782
1428.158327
1466.357797
1504.661729
1534.058060
1556.223966
1590.127932
1625.191959
1644.515658
1665.029286
1692.422932
1712.543842
1722.347500
1726.567293
1708.891316
1714.836429
1717.190264
1734.834887
1729.960977
1746.092556
1755.681808
1746.602895
1747.699229
1745.741447
1746.336316
1767.094211
1755.039868
1751.092467
1748.426955
1754.036949
1771.467801
1783.600226
1787.083164
1812.198271
1814.137368
1808.311654
1787.173748
1772.339211
1760.143158
1747.011053
1722.227895
1682.127646
1656.150113
1638.067608
1614.959361
1595.835047
1592.679774
1571.996560
1584.372938
1592.138835
1589.755263
1589.088214
1583.687439
1553.615188
1553.286466
1561.019510
1565.691316
1574.639661
1566.587180
1566.403559
1559.293233
1567.822932
1560.349831
1560.998308
1587.039661
1551.884756
1523.674737
1513.754436
1502.493164
1478.477199
1449.225714
1426.496252
1421.198158
1399.446497
1368.144286
1371.988872
1339.898252
1324.830000
1324.749624
1311.716579
1290.916347
1292.512707
1289.826692
1279.277162
1279.877589
1279.849173
1253.908684
1244.086780
1257.771053
1272.240508
1276.724135
1272.323308
1268.325752
1254.219511
1246.117500
1242.657895
1244.405593
1200.502838
1197.070714
1185.275639
1186.381316
1177.542650
1147.707669
1127.958947
1129.353026
1126.057514
1113.175000
1105.039718
1097.982820
1091.597232
1072.834586
1053.811147
1024.084821
994.213139
946.926763
898.264588
881.059925
842.519896
805.735526
769.815316
733.322421
712.642729
695.491776
671.444714
655.295015
647.219122
646.454100
626.480699
628.901819
622.541825
634.081471
628.144053
649.230780
658.680277
672.388842
699.729579
722.041000
765.489910
834.578293
897.834643
965.827412
1068.663534
1177.448136
1296.195789
1446.546949
1609.778120
1759.321450
1914.292970
2093.850564
2253.214708
2433.577500
2590.862763
2722.724737
2858.181017
3003.970714
3137.352105
3259.717232
3384.928684
3507.202806
3668.377218
3824.854444
3958.475489
4146.092218
4312.595414
4498.467519
4690.876121
4859.590376
5040.522143
5216.321711
5384.187910
5575.687331
5744.576259
5906.853559
6090.315414
6256.339548
6458.548064
6583.625574
6713.402331
6861.091165
7005.880263
7129.198872
7248.938249
7373.259079
7523.335819
7625.930000
7702.246403
7750.114436
7777.077143
7819.955263
7852.004662
7853.525198
7882.355451
7893.887726
7875.474380
7884.171654
7871.395714
7843.746090
7829.376347
7788.853571
7690.133553
7591.176053
7494.510000
7396.369624
7305.307650
7222.254407
7156.614023
7113.458701
7089.181203
7094.243835
7105.408418
7142.623440
7210.346598
7269.624962
7376.634953
7463.217350
7554.510602
7673.725789
7816.900263
7993.115338
8142.588835
8262.490565
8390.266071
8524.056591
8629.720677
8714.330038
8828.282109
8861.947331
8956.008947
8972.522838
9000.283051
9002.192932
8967.284492
8923.884474
8906.069737
8831.392128
8768.764662
8719.453013
8645.667669
8575.722034
8523.675470
8455.541015
8383.301224
8366.614417
8318.691391
8280.599549
8218.351525
8200.507350
8170.438496
8107.537632
8086.058421
8102.317985
8094.755940
8039.679736
8003.691466
7984.774595
7933.632707
7897.937500
7904.684576
7841.579624
7783.771299
7813.111071
7787.401582
7702.428835
7713.769416
7669.334868
7609.203684
7529.704407
7476.175846
7362.488418
7264.936805
7208.659171
7115.294342
6978.814887
6873.183083
6832.240977
6710.410113
6588.702481
6513.632203
6407.231241
6323.067458
6195.800000
6110.971974
6047.720038
5980.594098
5942.643729
5850.374361
5765.995085
5719.353910
5655.828609
5594.770244
5550.098045
5508.218324
5442.049192
5375.266617
5326.844662
5292.627288
5231.882368
5203.922895
5193.645838
5153.311241
5165.050038
5179.983383
5160.418475
5145.543759
5144.633083
5148.482143
5165.951523
5177.192392
5173.391278
5164.145677
5156.932938
5124.241316
5171.311579
5176.021316
5194.285254
5199.604436
5194.022932
5155.900000
5135.492030
5128.983571
5072.801372
5008.046648
4992.700000
4943.967853
4846.961034
4817.845000
4754.929115
4683.826090
4647.917632
4561.293158
4490.570113
4452.666259
4411.696880
4332.873158
4267.424850
4205.720113
4138.993534
4086.678606
4028.247632
3958.076573
3901.117105
3784.968496
3700.861525
3611.881805
3528.409474
3474.597105
3355.521149
3261.519248
3188.537951
3094.162444
3016.267068
2924.620339
2819.433609
2740.160508
2676.621541
2598.057759
2521.444605
2461.522782
2394.771412
2347.002857
2260.140113
