144.256368
152.341842
151.019258
155.384199
155.632915
159.746449
167.976949
174.106850
174.241437
179.105534
193.620865
204.978684
207.035652
207.852062
217.967541
231.104706
234.933921
245.338105
260.558233
266.281502
274.695019
293.969459
297.578060
319.172833
314.633718
332.436199
336.778489
345.352092
357.803383
366.394192
373.140254
385.801444
401.417605
396.907881
416.703028
437.221722
450.668087
455.249391
469.915559
473.833357
499.691497
494.550457
511.703143
512.804474
516.963929
533.732307
533.817489
528.245949
554.630974
585.475307
582.625722
597.083729
620.864808
641.035759
658.084748
699.603258
748.926650
784.193526
819.027889
858.733631
903.363143
936.041102
984.646692
1070.988947
1153.952105
1215.959379
1296.999323
1392.709812
1473.763936
1583.686353
1647.934746
1764.124586
1884.809887
2001.149662
2113.438496
2234.485414
2342.065545
2490.002147
2651.890827
2802.017932
2972.293390
3150.518947
3309.514962
3476.512594
3677.147081
3826.378271
4019.534135
4205.603102
4366.109925
4529.562368
4692.778365
4825.452034
4937.387744
5033.384557
5144.269680
5211.767820
5267.442674
5355.573158
5387.095714
5444.290677
5481.955819
5510.282500
5528.100226
5531.331128
5505.047143
5539.536516
5509.533985
5544.109474
5526.772387
5549.604972
5551.185038
5545.963139
5555.438289
5555.200526
5569.209850
5574.113026
5576.635330
5594.487519
5665.981525
5671.441109
5673.777068
5739.972750
5791.779286
5838.463120
5831.327895
5804.362750
5808.762105
5777.184962
5702.491579
5624.566842
5557.635386
5509.075150
5432.082185
5366.329060
5321.160979
5291.244962
5273.899774
5252.023898
5258.753647
5246.394361
5236.922782
5204.076328
5186.677895
5153.566635
5147.122486
5163.587105
5178.875085
5208.014192
5197.644915
5207.855714
5226.271880
5203.592857
5185.839286
5188.934633
5174.496711
5139.641955
5062.862256
4999.146554
4945.484079
4902.914398
4868.223258
4810.605789
4738.449153
4692.961429
4654.590639
4593.044680
4565.079286
4540.883571
4531.205883
4499.780659
4453.909549
4445.149699
4418.085771
4355.248475
4359.532744
4355.564211
4344.715424
4359.467368
4367.541695
4356.087556
4365.343759
4398.404850
4402.960526
4340.586673
4335.216917
4317.705650
4271.918102
4242.450526
4217.314549
4201.068966
4194.774135
4186.503233
4176.992632
4174.888421
4151.951073
4128.553233
4124.828553
4110.376447
4124.589190
4092.402030
4014.590733
3955.764124
3888.263045
3782.097797
3684.477650
3566.122857
3461.196026
3392.609417
3299.893421
3209.115789
3110.076949
3045.278496
3026.050376
2987.428346
2958.467707
2922.039098
2917.886880
2910.662203
2891.297556
2891.889661
2884.459699
2950.965226
3018.912712
3081.273759
3119.036053
3247.137500
3384.589040
3514.931955
3693.215000
3907.225902
4138.334323
4360.888814
4669.600865
5007.687119
5352.903308
5710.996874
6059.085959
6429.174398
6787.718738
7184.384756
7520.873421
7889.826316
8218.065424
8511.618684
8796.682293
9076.102844
9397.300602
9733.079793
10055.544361
10376.600000
10750.824812
11184.257895
11627.098872
12080.749624
12539.028437
12999.004511
13420.808835
13842.660526
14288.092467
14664.163910
15076.385338
15520.277966
15896.819549
16350.015819
16884.188346
17315.435970
17634.216165
18001.617293
18361.659211
18648.989474
18982.399435
19287.648872
19465.808475
19731.602632
19894.262712
20044.100000
20180.206015
20238.269925
20285.553195
20335.896610
20353.298120
20365.430827
20344.823684
20282.025564
20222.028571
20135.235902
20103.286817
19956.242857
19779.547744
19539.759211
19264.500000
18999.257143
18719.822556
18494.219774
18301.760526
18093.957439
17977.950376
17952.045865
17969.118079
18042.221053
18155.821805
18313.883083
18468.041996
18731.988534
19027.124812
19281.410526
19647.298684
20005.678571
20297.072556
20651.790395
20992.022556
21239.309228
21539.480451
21849.793609
21976.496422
22160.844361
22328.272180
22441.190038
22481.069492
22360.973684
22338.658835
22257.959211
22200.876316
22042.954614
21914.555075
21750.457250
21583.682707
21475.706780
21317.075000
21096.037218
20890.217702
20720.775188
20639.526692
20513.843609
20321.773446
20269.166729
20155.583083
20067.531579
19995.661842
19914.865725
19793.388722
19698.129002
19636.795865
19568.758192
19486.480827
19426.116541
19381.733898
19250.822556
19193.459322
19145.214286
19008.623729
18950.034586
18795.433522
18749.559211
18586.315789
18378.423164
18216.615226
18074.929002
17836.021429
17588.290960
17371.958459
17080.119549
16774.879699
16550.511654
16271.652542
16040.323308
15821.028249
15635.869549
15411.829379
15183.757895
14906.300000
14733.291902
14543.788722
14403.589831
14251.700188
14091.203390
13929.247368
13757.165226
13606.765602
13454.724060
13318.351977
13145.123684
12965.200000
12909.832331
12783.175706
12719.788158
12601.044737
12554.025235
12566.833271
12544.099812
12516.576692
12538.621846
12527.096053
12502.714662
12536.363910
12553.328195
12539.055556
12512.333083
12477.052256
12521.985876
12505.842105
12456.923684
12523.098684
12541.062712
12510.210526
12545.200376
12530.015789
12524.008271
12481.342857
12388.054699
12275.268550
12138.257143
12034.509605
11899.846429
11759.278571
11607.616573
11412.626692
11230.581579
11058.663158
10913.325235
10764.698684
10641.006767
10483.409398
10361.733083
10248.649906
10123.618797
9965.090697
9776.060714
9612.362392
9433.367820
9254.841579
9069.951695
8844.326767
8645.443158
8487.833421
8233.211224
8051.569699
7804.922481
7593.308252
7365.863008
7143.921638
6942.720414
6770.390395
6611.888797
6427.794802
6236.489530
6072.935489
5948.052919
5765.556805
5576.139605
