21.478126
17.084359
18.055407
21.315003
24.305292
16.305923
22.839273
16.355643
19.701981
25.248798
25.431920
23.749208
26.958771
26.875618
21.209017
20.235533
19.488472
20.535221
18.848961
24.152772
25.760717
22.633578
18.892842
26.883858
29.102159
24.893786
22.365578
18.789206
17.631733
19.433185
20.827202
23.295547
27.629139
31.643825
30.504893
21.700659
23.985979
31.632531
33.834551
26.406850
26.730881
35.329833
28.280671
27.795517
32.760373
32.368554
30.962002
32.726950
33.451399
32.013212
30.877919
31.614227
33.304437
26.217345
33.155172
35.667748
43.818121
45.902835
37.077464
44.784487
45.410944
43.678427
46.200000
48.251571
57.700974
67.351392
68.534393
84.470713
90.491030
98.714930
108.408407
106.559594
123.860350
139.027459
148.173098
157.207049
173.836712
183.274493
189.345684
207.861197
228.702633
238.041289
252.707218
275.732235
292.564335
309.913767
324.716620
342.448169
361.932898
364.216267
392.109164
403.517407
426.692737
432.842906
435.338853
447.851519
458.128145
463.267316
470.023143
482.890857
477.981780
481.267071
493.855898
496.261759
494.197179
502.244480
500.877195
504.088098
497.561440
492.625045
491.451259
488.459671
489.988934
500.595158
505.762910
496.251445
493.698202
503.866162
505.613136
499.820985
507.838090
505.226844
507.721814
507.381588
505.737883
508.531571
501.816498
496.327827
493.238526
489.198487
483.992588
471.942778
467.794311
460.897831
454.267045
442.656383
442.973305
438.593831
427.352105
431.514197
427.393654
423.989936
430.001496
425.050731
414.755104
415.669474
427.516847
429.367032
410.312831
415.143030
413.328310
406.705596
404.618346
405.430461
405.679055
402.405714
394.925414
393.362644
389.744051
385.735759
374.796846
360.464816
358.405166
359.082429
346.368289
343.442827
340.177714
330.558481
337.193252
325.283597
320.778782
322.984224
309.242006
308.421791
308.452004
305.713335
301.854780
300.194000
298.872610
295.262538
296.361741
302.936177
296.668049
283.824870
283.628083
291.837791
294.066429
279.775075
278.846523
273.112188
271.928423
264.013308
265.590895
260.778579
249.712989
241.525436
234.547917
237.232938
237.272814
225.946541
230.186833
222.903533
205.082992
204.640915
199.386592
179.975677
173.949725
164.123976
155.831013
146.936579
135.861315
131.996259
127.196564
115.988496
116.831081
112.960536
115.132271
105.948531
102.935506
108.420712
110.208120
111.349914
110.456661
114.329944
117.234868
115.453500
120.113156
126.730767
134.202429
151.584656
172.935120
190.986441
205.831592
236.494847
268.971579
295.851298
325.346154
379.564703
412.746356
457.810829
487.574013
523.935947
564.834763
609.721004
640.055914
660.010614
696.439414
721.717680
735.762579
752.343444
786.911914
821.674150
859.713823
896.192346
921.347725
964.112180
1009.147199
1035.135658
1050.281186
1093.161241
1134.809023
1163.412034
1198.492256
1226.718569
1270.420150
1303.917891
1313.940827
1335.875564
1362.012970
1387.936842
1415.212712
1452.344906
1474.508475
1488.862105
1501.046328
1518.350695
1540.082632
1542.951880
1535.607086
1546.896328
1551.244549
1537.081109
1543.510395
1529.320902
1547.534286
1530.768816
1520.183239
1504.787143
1494.062256
1480.502500
1462.240000
1449.799323
1442.379398
1415.211996
1388.070977
1379.649680
1360.590846
1353.303158
1359.453333
1343.501504
1370.663872
1358.956241
1367.846045
1380.437519
1388.154737
1395.622632
1415.655658
1438.706034
1459.422669
1478.029718
1500.417632
1524.957024
1537.339624
1548.210263
1577.785179
1568.915376
1586.699925
1574.358383
1580.392881
1596.112556
1591.919098
1586.681316
1574.861842
1564.379812
1546.531748
1529.592467
1518.136466
1505.875367
1489.188553
1480.392368
1488.325386
1456.630338
1427.121673
1422.826391
1411.841770
1399.521391
1404.871391
1404.741316
1401.574342
1387.239153
1375.495940
1364.248437
1357.600226
1366.789605
1358.347218
1328.626128
1328.728814
1313.246842
1320.297363
1307.763571
1299.975254
1315.163271
1305.603032
1282.634211
1259.432105
1251.541073
1237.645226
1221.649529
1219.004023
1203.493371
1177.656410
1164.007895
1144.457068
1121.454173
1113.710395
1094.809286
1070.009831
1050.975357
1026.166083
1018.958947
979.177803
969.842185
972.250910
955.439034
937.042844
923.207220
905.326038
903.385051
907.316586
876.111244
858.542322
842.933883
851.431120
818.531150
830.570367
817.738395
805.262368
788.575460
794.856105
790.087565
791.938406
801.067198
800.305541
792.388887
784.476914
786.580836
797.852126
773.764940
774.484137
781.567011
783.889203
774.198842
783.197211
778.263475
773.229286
773.592130
772.992795
778.311068
775.690071
780.029233
788.829567
771.196143
745.409051
725.710664
728.686429
715.295090
705.508742
704.580474
691.190737
668.428162
656.453088
671.477023
648.205203
634.428752
627.444211
614.048331
605.657753
601.613776
597.587450
585.872797
564.655043
547.986407
539.684293
531.223842
539.180434
507.232591
502.574459
489.011182
472.065190
467.676977
450.728774
432.101167
419.375362
404.202688
394.743102
387.888921
372.966000
367.560955
333.795895
347.855282
