180.131105
161.251162
171.609782
165.351331
180.954864
183.486850
194.589593
188.128173
202.161282
215.828051
210.795019
214.760640
229.939133
242.617972
255.527632
263.558028
267.198697
286.357816
295.653406
305.734009
324.797247
339.062880
347.213915
347.710060
367.541576
374.972421
384.535773
391.405273
395.987263
413.401350
435.382455
444.918465
454.928895
472.138814
487.358122
500.220383
515.419876
514.839840
523.998567
552.553571
564.837998
570.719524
576.460857
584.525722
597.112992
605.270313
609.247970
615.282324
626.576184
648.022546
661.441346
671.791778
708.108401
719.410940
763.551096
797.592205
821.763448
862.999737
914.533135
962.734362
1013.453609
1056.546441
1107.572068
1184.687068
1271.442105
1350.086045
1425.141748
1517.445639
1606.230264
1711.065000
1805.389435
1925.266241
2014.470000
2156.011165
2292.371842
2403.671955
2537.230338
2666.785066
2819.492331
2996.839906
3156.670000
3327.288421
3523.662707
3700.166353
3876.267985
4085.962331
4299.534662
4473.572820
4616.576353
4785.129812
4924.353665
5095.429661
5224.583985
5341.061827
5442.932481
5505.345564
5576.268512
5663.379211
5709.739643
5756.443158
5775.924124
5793.803571
5819.891805
5840.951053
5835.916071
5835.222919
5809.301955
5809.355789
5820.840432
5836.654237
5808.558158
5807.536447
5842.983553
5855.038947
5855.783759
5840.002162
5853.049190
5907.416654
5908.683220
5962.474192
5996.145263
6036.511902
6076.844342
6102.568402
6111.285113
6128.101073
6116.381692
6079.553609
6009.561579
5922.858816
5852.717363
5794.050263
5756.911262
5673.033102
5618.018606
5605.473985
5550.859060
5582.849774
5553.541541
5579.222368
5538.365320
5502.323446
5490.868120
5465.848459
5458.376403
5467.446579
5479.737627
5497.554004
5489.173898
5515.158120
5487.731955
5452.588214
5467.991053
5459.517269
5436.314530
5406.580977
5355.207293
5292.538983
5227.090414
5179.514398
5153.896441
5103.776184
5012.472203
4945.820000
4937.948515
4914.226335
4852.007857
4793.217444
4777.680883
4747.510584
4748.279248
4734.206335
4712.221353
4655.335650
4610.723985
4590.174004
4585.775254
4603.147895
4605.458493
4611.051673
4643.589887
4623.939511
4622.723778
4590.269229
4581.765038
4578.255141
4544.392632
4530.914774
4537.998947
4511.436955
4506.273327
4499.236015
4468.034211
4450.765526
4461.174181
4464.715075
4454.949511
4452.010902
4439.362053
4423.427970
4371.624323
4307.955970
4245.064248
4157.126949
4036.837218
3945.583609
3816.550621
3721.620883
3643.442368
3577.726053
3506.978117
3432.602199
3385.076241
3346.463308
3298.255451
3293.427406
3265.133947
3257.615895
3267.995094
3255.249284
3299.773985
3362.761692
3397.969040
3450.700376
3550.336316
3661.457500
3778.337476
3918.794211
4092.687857
4281.721071
4496.126504
4777.168136
5026.310000
5349.216441
5667.616015
6030.908870
6387.762500
6741.884098
7134.810414
7543.139605
7900.787105
8241.829474
8552.644859
8870.983271
9164.178647
9440.754369
9769.496842
10086.561959
10445.538346
10801.977778
11154.307331
11571.637594
12037.015414
12473.257707
12881.440113
13324.154135
13760.704699
14214.484211
14681.982109
15085.073684
15477.825564
15905.316949
16321.956391
16766.523917
17259.882331
17647.137476
18029.698872
18403.205827
18676.375752
19038.653383
19401.254237
19683.906579
19927.333522
20092.081579
20314.611864
20459.209211
20542.071429
20584.531579
20578.211090
20602.497740
20619.291729
20626.462970
20635.420865
20563.160902
20555.957143
20520.012594
20377.993220
20257.550000
20053.517105
19784.613158
19502.700000
19261.794737
19007.251504
18782.174011
18579.770301
18397.527307
18309.385714
18195.661654
18186.446328
18408.659774
18425.489286
18548.609023
18694.928437
18865.635902
19206.109023
19531.942105
19907.207895
20183.366165
20537.545489
20902.911864
21233.876316
21589.952919
21893.675188
22128.891541
22269.800188
22444.678571
22563.703759
22683.266353
22727.903390
22641.172932
22617.063534
22529.752632
22492.578947
22344.245763
22209.149436
22090.466102
21904.482707
21714.445763
21516.544361
21292.647368
21180.663653
21009.643045
20913.420677
20758.906015
20661.523352
20529.261466
20439.490226
20321.871053
20262.471053
20122.026177
20023.341353
19973.618832
19941.469361
19885.016196
19739.959398
19620.915038
19636.689831
19546.048120
19410.437476
19336.728571
19321.482674
19086.616541
19003.679096
18900.028947
18759.515789
18598.977401
18415.852256
18234.327307
17998.086090
17744.453484
17510.284962
17220.123308
16904.394737
16697.752632
16491.123729
16218.681955
16020.117514
15743.073872
15542.008286
15318.673684
15119.685526
14953.274200
14758.544737
14593.662712
14350.737030
14172.984746
14043.050376
13862.467481
13715.771241
13565.572556
13448.077778
13342.748496
13153.354135
13054.372180
12927.278531
12888.118421
12799.657895
12746.577778
12674.357519
12665.819962
12708.896992
12724.303202
12685.962030
12666.168421
12702.472180
12715.308647
12696.637665
12734.546617
12656.589286
12595.757250
12648.539850
12619.373684
12615.553947
12663.632203
12673.769173
12681.866729
12662.123684
12690.659023
12673.735714
12554.375376
12414.550471
12308.171429
12213.354237
12030.556955
11864.164286
11708.916573
11420.365414
11305.984211
11181.747368
11065.593597
10898.927632
10745.683459
10566.493233
10421.342669
10316.314501
10206.533835
10066.611864
9894.665677
9715.105254
9546.973534
9356.869831
9148.680169
8954.699248
8803.875789
8563.851711
8357.089642
8126.368534
7920.534981
7685.757500
7477.359173
7256.937401
7065.742218
6873.139266
6664.194098
6490.580565
6299.495338
6123.552632
5976.564802
5811.120940
5658.927514
