174.811000
179.026736
194.088154
204.297684
214.626237
232.531671
246.573678
258.056263
273.341444
291.331771
303.668989
327.898156
351.561036
373.213695
400.832459
423.777169
454.228316
488.622526
523.876203
543.672910
577.647484
597.053962
626.032330
653.330756
670.837124
693.969504
728.918791
743.741391
756.332692
793.203089
837.504741
875.445972
911.406447
937.693119
972.441590
997.578489
1043.397759
1066.165771
1089.434633
1136.262143
1166.589981
1184.499868
1189.665714
1216.125338
1227.756466
1239.351733
1263.291541
1287.657891
1312.160132
1322.319548
1365.227218
1414.599718
1447.056723
1492.263759
1561.092712
1607.776898
1682.221544
1751.662331
1823.507632
1886.023484
1956.800075
2032.980169
2111.463571
2208.287293
2317.963684
2425.524181
2544.349098
2659.171316
2782.879077
2912.496259
3047.680056
3145.712105
3272.222655
3357.107068
3482.586654
3611.751880
3744.405395
3871.004765
4002.274962
4157.027274
4314.593785
4460.343421
4622.725188
4795.951579
4972.651205
5154.970677
5359.101147
5489.500019
5643.230789
5849.962744
6041.367594
6157.475593
6270.775338
6384.887872
6452.325038
6521.370902
6599.006177
6649.529605
6716.491071
6757.617068
6779.317119
6837.284643
6787.591203
6793.836353
6807.094286
6820.216347
6817.105940
6816.471729
6788.260000
6765.790565
6757.436128
6799.160921
6863.352895
6887.027368
6895.237820
6934.018477
6999.684539
7064.585113
7138.550508
7217.402970
7327.627895
7471.600358
7558.376786
7672.196805
7738.857030
7822.610810
7863.288120
7850.554286
7810.058947
7747.346447
7700.451902
7686.218271
7656.655857
7650.226936
7638.777307
7663.282632
7686.298233
7692.992881
7734.698045
7740.518365
7701.456297
7692.168362
7698.309173
7661.885827
7640.396008
7674.901579
7726.454237
7779.727011
7813.493051
7806.913308
7859.153252
7886.559492
7885.024774
7900.108870
7859.063459
7875.578271
7892.427895
7849.947910
7827.325451
7821.905301
7809.065687
7807.351447
7827.934256
7835.404286
7798.039229
7768.520207
7805.757857
7778.422368
7781.846316
7813.136064
7823.374812
7788.579060
7773.885808
7765.099718
7752.421880
7730.777162
7717.983559
7749.598947
7787.367250
7816.387857
7863.854323
7891.048684
7936.370470
7945.486015
7940.273534
8035.144181
8065.250244
8077.434323
8140.591165
8210.017406
8250.896805
8304.279850
8400.393158
8479.775263
8538.554407
8620.291767
8683.723947
8705.036128
8756.401808
8748.469624
8779.036936
8807.980094
8782.470526
8713.166102
8678.305113
8594.832932
8537.356309
8458.692650
8377.496053
8329.364211
8238.028682
8139.900771
8064.820602
7979.801278
7969.360150
7930.019398
7885.449211
7929.036817
7938.740583
7937.913070
7954.880301
8059.085489
8115.842938
8162.330075
8277.471579
8392.372500
8477.708832
8590.269098
8709.961429
8802.803120
8932.508722
9090.051017
9226.116880
9334.826271
9471.033083
9632.788117
9725.310921
9912.734662
10048.277966
10157.301128
10271.548684
10341.126316
10401.218644
10453.043609
10528.625564
10630.729379
10722.713722
10862.252166
11047.068421
11305.611111
11532.199624
11796.650000
12085.743609
12372.071429
12662.734652
12993.324060
13273.252632
13625.226316
13980.176271
14252.819173
14432.386842
14669.949153
15043.837594
15386.048023
15680.429887
15979.032015
16261.738722
16509.396429
16707.651128
16916.438346
17078.393220
17257.151128
17371.121092
17528.000000
17654.150659
17701.845865
17707.293233
17739.180451
17767.803571
17706.809605
17642.798872
17646.411842
17522.930263
17483.499248
17486.528571
17409.112406
17249.943503
17012.050000
16839.815602
16597.506579
16346.400000
16083.600752
15844.431015
15644.211864
15439.099624
15289.312994
15284.777068
15330.199248
15354.111864
15379.604511
15482.657707
15626.259774
15848.160452
16055.285526
16249.599248
16472.700000
16790.082895
17118.985714
17391.654511
17667.075141
17986.846429
18296.087571
18574.827820
18839.880075
18984.876271
19087.587594
19213.921053
19300.086090
19225.274576
19287.932331
19223.812594
19081.138158
18988.239474
18871.243503
18760.527444
18651.513748
18433.193985
18201.738983
18056.537782
17866.139474
17683.831638
17607.139850
17452.158459
17329.299248
17257.720527
17232.600564
17091.609774
16948.205263
16872.082895
16808.110734
16780.424812
16704.952731
16594.718985
16476.175330
16374.380451
16334.013910
16284.720339
16199.545865
16129.383616
16006.428571
15979.801695
15903.382707
15753.825047
15684.465789
15613.915789
15471.527119
15300.739662
15101.028437
14894.658271
14719.703202
14544.004135
14334.028571
14094.346617
13843.840414
13689.834463
13447.691353
13197.904520
13027.891541
12843.903013
12627.505263
12466.792105
12249.927872
12094.072180
11941.630508
11795.255451
11640.313559
11500.567669
11389.009398
11251.653383
11113.137970
11001.768738
10885.280639
10743.283459
10625.564662
10457.871186
10442.351316
10355.997368
10298.430697
10289.634962
10238.667797
10202.994737
10226.956497
10262.152068
10255.172180
10229.956391
10237.122180
10249.156121
10246.796992
10237.770113
10230.453484
10186.893985
10198.247368
10199.955263
10176.186441
10173.989474
10210.628383
10202.156391
10229.095489
10203.135714
10107.883835
10025.217514
9927.721429
9805.550791
9651.163835
9497.235714
9386.296667
9278.202425
9132.994868
9038.863684
8891.473164
8812.616673
8724.900000
8584.168609
8449.301015
8324.913974
8212.498947
8106.679473
7953.785432
7773.101883
7650.188872
7493.777707
7306.511864
7132.614436
6981.196842
6782.968816
6608.041620
6464.421767
6230.800883
6015.787199
5830.590451
5648.653672
5477.210508
5334.508644
5200.548271
5050.622561
4892.918440
4749.867444
4689.774652
4506.353684
4350.605254
