113.959316
108.147339
115.024004
112.164023
111.102441
115.327758
112.080034
127.402038
118.768508
120.432173
127.659936
140.069115
145.797506
146.282085
153.613481
157.868910
160.650039
173.400079
184.123868
184.840989
193.164591
207.661579
209.375669
221.799288
220.218644
215.604981
227.015372
242.197840
240.404233
246.134853
256.390043
249.003021
260.968026
282.680593
280.928801
290.895414
296.165100
301.998739
319.013618
314.453571
333.498610
339.000000
341.529571
351.506962
355.239793
358.049844
358.312350
361.387429
373.224579
370.855379
383.933414
396.662376
412.334294
430.682951
453.719712
464.385902
484.217900
513.236549
535.838470
567.660237
589.571248
613.645847
657.479797
704.702331
742.549158
783.573601
833.051782
886.021602
927.386911
992.874944
1043.678531
1102.577744
1159.401243
1232.904098
1296.817782
1377.329737
1451.301429
1533.009360
1613.671429
1690.323703
1778.841695
1874.871579
1974.154286
2075.217594
2187.265160
2268.084812
2369.507538
2471.254229
2568.154812
2694.273797
2776.122180
2834.420847
2901.728421
2989.641055
3064.963421
3117.822707
3149.836911
3176.417895
3202.438571
3198.465639
3260.200621
3271.883571
3268.604474
3286.652895
3303.872857
3313.106347
3298.698947
3284.617218
3282.070902
3283.693729
3311.173459
3334.274944
3335.821842
3341.023158
3347.723759
3342.439812
3340.374501
3364.246842
3401.391186
3405.213195
3449.193910
3490.947571
3513.481880
3531.763929
3539.485113
3561.303710
3581.729737
3563.661353
3534.572632
3511.535000
3471.921488
3439.203233
3419.616328
3370.244605
3347.941996
3322.826541
3314.448816
3295.349096
3295.426617
3317.046053
3319.869323
3306.436064
3276.803233
3277.891090
3283.154783
3262.528421
3250.723051
3266.828759
3287.623729
3299.472030
3311.304718
3322.261579
3332.985677
3331.816026
3301.684117
3286.222406
3261.319398
3237.677006
3200.213195
3192.984323
3166.389718
3122.132763
3090.542185
3067.002857
3055.752218
3022.044549
2999.474286
2969.737895
2960.059248
2960.289021
2944.965263
2935.986560
2926.048778
2887.407815
2874.808496
2877.283966
2867.533729
2864.512105
2871.027024
2871.600000
2868.548947
2865.475263
2874.762650
2867.464004
2850.117895
2839.773955
2848.604887
2847.682782
2857.811654
2819.477914
2796.457049
2820.019098
2825.307895
2822.171184
2821.983785
2822.473722
2812.956654
2794.124850
2821.887024
2798.992030
2757.961729
2727.512768
2707.254549
2633.395763
2602.446485
2516.042932
2441.689134
2387.198929
2325.784211
2263.531842
2208.488343
2161.700771
2117.729850
2082.291278
2067.522199
2044.474173
2034.887218
2035.983183
2041.169079
2034.473202
2042.551955
2070.263271
2090.889153
2116.962030
2175.480789
2261.052500
2335.966309
2419.996316
2540.316786
2669.773741
2800.912932
2956.721017
3107.765489
3285.603220
3485.866692
3679.005235
3868.921635
4094.404737
4326.704444
4491.570188
4702.116711
4870.438947
5042.259718
5207.629680
5328.754286
5472.176535
5657.855263
5815.950188
5972.786090
6126.643333
6331.111898
6572.247857
6778.257857
6995.551748
7265.524689
7531.663008
7747.423402
7993.271579
8206.048286
8431.185564
8719.892387
8980.774576
9190.629323
9418.333427
9619.397199
9860.688004
10071.566203
10299.956579
10481.751692
10656.935338
10876.132768
11004.761090
11177.274765
11272.010526
11383.902260
11460.428947
11510.357895
11595.936842
11664.585338
11675.183616
11666.881955
11629.786278
11617.689286
11638.121053
11596.828571
11576.100940
11545.258569
11441.764286
11388.095113
11286.452632
11160.200000
10982.877444
10811.875752
10688.145009
10567.783083
10472.807156
10445.984023
10412.024060
10400.020339
10392.463346
10433.746992
10489.206015
10625.373446
10769.837218
10877.704511
11048.942105
11162.751316
11324.536466
11556.522556
11756.529379
11921.511278
12093.166855
12246.895489
12374.022556
12508.610546
12569.581579
12657.559774
12736.750752
12762.993220
12791.907519
12712.503571
12649.064474
12653.410526
12581.276460
12463.230639
12380.370998
12313.246617
12212.635028
12075.326504
11956.666541
11893.673258
11817.840226
11747.885338
11628.264662
11576.261017
11515.009774
11497.880451
11395.960526
11299.411842
11288.037665
11252.703008
11194.502637
11167.963158
11128.758192
11048.649248
10969.079323
10924.925424
10951.742857
10967.030508
10850.610714
10781.521846
10695.883083
10650.757062
10626.236842
10533.963158
10417.938418
10298.101316
10202.386629
10113.460150
10023.894727
9890.709286
9718.392180
9571.723383
9415.650263
9320.460565
9176.559135
9043.424576
8889.161767
8781.952505
8668.924211
8505.399737
8405.984011
8315.668496
8215.594915
8115.659004
7997.984746
7902.784662
7821.797726
7706.855827
7610.090677
7523.218437
7427.863214
7338.181128
7300.030150
7243.346441
7192.566447
7171.372895
7161.826497
7099.364154
7080.814181
7074.851429
7042.579699
7043.382932
7083.189474
7103.380489
7084.467124
7042.499868
7028.246165
7010.207820
7043.002618
6989.911617
7015.403947
7011.925789
7018.321017
7071.115865
7055.573177
7054.987989
7028.254511
7032.387857
7012.401767
6934.089153
6905.174286
6860.912994
6763.656523
6672.516429
6572.638060
6467.674699
6420.786316
6303.429474
6221.851620
6152.284793
6057.119060
5973.609286
5890.721109
5800.743107
5726.417820
5653.577910
5560.485658
5469.376629
5391.521128
5316.505564
5203.427288
5085.727594
4962.201579
4883.784342
4754.990527
4670.239436
4550.936203
4434.428496
4299.869173
4153.526667
4031.224793
3934.758418
3810.467030
3677.981902
3603.272444
3494.457519
3406.629190
3325.687650
3227.815141
