346.560158
365.332672
383.033801
397.305643
429.556881
429.520726
454.561136
478.182835
521.769482
552.715293
577.041966
609.291051
641.575117
683.029158
734.889970
777.884819
820.353829
857.577658
906.847132
953.468647
997.116772
1038.685639
1071.614087
1123.930658
1166.978701
1206.011579
1255.395996
1299.417368
1336.000677
1379.922354
1438.897801
1500.204802
1555.573684
1614.300678
1657.441917
1706.953308
1753.303842
1805.700545
1829.183503
1927.288571
1956.956328
1989.233195
2024.428571
2049.292331
2087.656053
2102.161262
2113.486917
2153.094896
2184.171974
2228.926704
2267.560451
2309.030564
2385.970113
2459.074436
2563.923070
2643.293929
2736.420753
2846.314962
2942.516447
3070.515160
3178.712820
3292.924407
3439.253120
3582.697068
3718.111053
3876.871224
4047.633195
4203.278759
4387.374218
4560.844718
4744.247853
4916.611278
5086.948588
5255.663271
5423.836128
5585.041729
5803.808026
5983.322900
6189.046842
6435.937387
6647.968870
6882.360789
7143.153759
7393.840451
7650.898569
7922.080075
8190.539549
8448.791880
8642.284887
8932.622594
9156.501617
9382.529831
9535.172932
9670.621525
9829.172350
9965.641917
10045.556121
10104.265789
10171.164286
10204.729323
10242.903390
10303.785714
10279.586090
10273.309774
10279.957143
10246.967420
10211.876692
10215.792481
10176.993797
10194.072316
10189.061278
10225.461466
10319.218421
10366.436842
10388.386466
10446.874060
10577.415443
10709.140602
10772.883051
10946.053008
11115.399248
11271.463653
11424.800564
11608.688722
11724.954511
11846.444633
11878.306955
11877.412782
11869.784211
11844.843421
11811.825047
11733.246617
11694.420527
11685.045865
11634.345951
11685.269925
11654.331203
11672.039548
11741.060902
11819.171053
11824.263158
11833.264783
11819.630827
11847.231955
11864.279661
11889.668421
11954.803390
11989.822556
12043.469492
12078.851128
12092.267105
12133.740977
12140.334586
12117.318456
12060.978947
12059.148872
11981.840602
11925.980226
11910.822556
11871.378195
11837.093597
11788.638158
11745.715631
11760.071429
11756.511090
11723.235338
11726.928571
11748.743985
11793.516729
11815.447834
11750.748120
11770.328008
11725.427256
11708.495104
11720.145113
11742.588722
11766.796610
11778.921053
11826.618644
11902.211278
11935.994737
11977.295489
12054.870677
12120.977632
12146.144361
12265.331073
12277.979511
12289.337970
12383.526692
12507.917293
12594.732895
12666.812782
12842.089474
12991.080263
13102.579661
13199.494737
13266.775752
13374.585714
13412.871563
13417.918045
13489.602632
13475.630508
13413.925940
13340.023729
13242.374812
13163.500000
13001.499623
12915.836466
12774.417105
12689.610526
12685.253861
12651.452256
12562.254887
12484.750376
12465.781767
12434.337970
12464.738722
12467.017326
12501.995865
12610.630320
12693.330075
12775.350752
12813.061582
12927.597744
13060.636842
13254.800000
13438.158004
13600.040602
13755.621429
13867.282143
13979.461278
14145.193220
14348.069737
14492.389831
14688.601504
14852.697175
15031.438722
15261.314286
15428.807910
15603.576316
15733.577632
15838.352632
15988.974576
16100.587970
16246.048872
16467.681356
16634.028947
16829.681733
17140.248120
17507.355556
17804.449248
18197.903008
18636.513534
19070.296992
19546.360829
19954.869925
20409.340789
20841.069737
21244.089266
21644.539098
22037.037218
22426.230508
22845.625564
23311.184369
23772.739098
24200.312241
24691.511278
25003.927444
25318.213158
25615.831579
25969.682486
26263.781203
26502.467797
26581.086842
26695.776460
26808.452444
26882.732331
26912.817293
26868.678008
26870.854237
26945.413910
26829.083459
26838.902820
26707.372932
26647.357143
26527.080263
26441.348588
26099.864286
25780.785714
25422.834211
25066.900000
24728.969925
24394.686654
24093.425424
23866.869925
23708.736723
23603.357331
23581.134586
23593.139548
23686.489474
23879.412970
24088.829323
24340.287006
24682.131015
25043.338346
25435.278947
25810.267105
26281.800940
26784.180827
27244.498870
27677.721805
28105.414313
28462.454135
28727.325376
29085.851789
29251.682331
29454.461278
29534.496053
29478.654237
29396.303759
29356.227444
29219.622368
29079.239474
28933.562335
28782.022744
28599.196987
28371.742857
28087.182486
27768.116917
27482.932331
27264.415066
27154.258271
26943.492481
26825.176692
26650.269492
26495.699812
26340.384586
26234.918421
26137.467105
26007.317702
25899.366917
25813.919774
25697.306955
25579.826930
25492.840977
25385.342669
25269.086441
25207.667669
25090.948211
25046.571429
24851.457250
24749.696241
24639.205085
24467.175000
24260.047368
24079.388701
23838.160150
23568.834652
23276.317669
22940.118456
22593.385526
22256.848872
21907.602256
21549.937218
21225.219774
20918.790602
20585.862712
20275.035902
20071.512241
19797.173684
19528.219737
19255.912994
19002.076316
18761.769492
18542.552444
18331.338983
18106.580451
17908.052256
17717.469925
17496.662782
17408.294539
17258.989662
17012.109023
16862.309023
16709.918644
16592.001316
16479.815789
16386.307910
16370.953383
16331.762712
16348.245113
16334.462900
16318.220489
16349.190602
16309.618797
16239.811842
16281.897363
16252.724812
16240.999436
16216.374200
16187.946241
16117.468421
16208.911842
16206.059322
16209.898496
16206.228008
16158.725376
16041.629699
15955.621429
15866.929699
15723.218079
15570.957143
15365.829944
15157.578571
15016.471429
14839.936535
14591.932895
14323.981579
14082.100000
13919.986629
13689.647368
13481.242857
13303.850376
13130.976316
12934.181921
12754.043609
12590.245763
12369.068045
12114.725235
11903.962782
11634.312594
11295.552542
10978.551880
10810.294737
10499.236842
10138.867608
9945.668647
9653.586692
9379.762331
9102.674060
8828.193446
8566.872951
8319.621525
8104.788421
7898.197646
7666.683835
7467.520902
7262.551883
7079.278835
6908.748644
