49.417516
50.320933
51.712089
54.330261
49.432441
55.663889
55.554629
52.105405
54.530166
58.585531
58.190715
53.204039
53.180462
58.704251
61.262389
61.136026
62.093712
63.482389
65.266938
66.431853
71.809061
60.526234
63.909941
64.763163
64.044602
70.467664
68.705229
68.522760
71.939641
74.214066
73.867108
75.288951
81.835495
80.110461
74.106441
78.669305
80.063445
76.767695
84.920001
89.388286
87.010251
97.959232
92.946400
93.158320
93.241615
88.762052
91.033374
99.845916
99.859941
93.663320
101.523699
98.738796
106.972751
115.237278
115.970953
115.238712
126.781601
129.248805
130.315164
149.767797
162.327368
166.793847
174.073694
182.592707
199.528632
225.132637
240.445925
262.271519
280.263121
303.580066
323.730429
332.892496
378.807525
411.329009
438.632060
466.553079
488.015370
514.855315
549.953526
595.295667
642.533192
675.480395
712.457086
765.450914
816.813836
838.302692
877.243788
921.170673
953.615842
994.385316
1014.598703
1052.245424
1072.036992
1083.667420
1110.484549
1137.463647
1152.903748
1169.859868
1186.162500
1190.290902
1193.430113
1201.918571
1203.415639
1213.806165
1227.323214
1230.009397
1233.160301
1215.022256
1238.541692
1234.830056
1231.139662
1237.120414
1235.006842
1234.790000
1233.604060
1232.232688
1249.245405
1252.400414
1246.082542
1249.213778
1261.309398
1278.884896
1275.801071
1298.460564
1296.098722
1275.269567
1266.577256
1257.121504
1249.831579
1240.041447
1218.894821
1203.731015
1175.495857
1157.313139
1156.531224
1153.981278
1155.916128
1143.408927
1138.860338
1142.296523
1134.607970
1143.500640
1135.579699
1139.694605
1143.137627
1135.888947
1135.404407
1137.733553
1138.878814
1128.515940
1144.448647
1137.888515
1117.847406
1132.847853
1131.653966
1123.852331
1096.927519
1077.684407
1067.731241
1050.934624
1033.378136
1025.478421
1011.746648
993.956571
993.064305
984.622449
976.892000
958.964887
958.250485
937.699490
938.316436
930.780680
926.474964
927.857548
917.008365
906.857947
912.520644
930.631316
945.223109
949.348758
949.226192
945.237056
937.328857
937.578160
928.215173
931.945288
908.389147
899.511556
892.098699
891.790286
890.848697
867.491278
858.036895
845.425289
831.629469
839.656940
842.606868
818.344086
802.739524
794.502015
772.891820
762.247079
748.056117
716.988898
693.497641
667.943158
629.868043
601.088949
574.169013
564.953842
555.720812
543.939248
528.568602
500.771827
496.415498
498.763073
488.380951
468.553889
457.458303
463.143635
468.485872
470.696816
497.255299
508.415733
525.426526
540.148250
571.135887
615.038744
665.723786
728.683077
792.268248
870.700254
964.796417
1061.978305
1171.664361
1284.990508
1391.351898
1509.497970
1634.446554
1742.190451
1831.761316
1926.663684
2014.121638
2087.258684
2186.053872
2293.385047
2359.836203
2437.533522
2543.446466
2618.682222
2697.199492
2825.792406
2963.568759
3058.263459
3183.825085
3304.954060
3403.100113
3499.559605
3575.465141
3678.427406
3810.675338
3930.750339
4038.181128
4133.205235
4203.101090
4282.766309
4388.305564
4501.741936
4561.967782
4636.241654
4714.489831
4781.799643
4858.806045
4912.038421
4958.849699
4997.548665
5015.094436
5040.719549
5052.062143
5035.003446
5065.230338
5073.301109
5049.832274
5050.803083
5062.275714
5109.768459
5084.610490
5006.364286
4960.837331
4896.514868
4828.590000
4745.503233
4666.858102
4603.444689
4574.974662
4562.189586
4525.368252
4533.515789
4544.082260
4591.992763
4610.082575
4647.872669
4726.263032
4808.931410
4858.644361
4920.049474
4988.657632
5101.883966
5206.708722
5289.026215
5381.269511
5471.452693
5540.942180
5605.688365
5662.235405
5707.746090
5737.841992
5748.022594
5782.596610
5770.926316
5791.329211
5779.579605
5722.467632
5698.499661
5642.529812
5612.992411
5586.095188
5531.460452
5492.540132
5441.128083
5389.828305
5377.200000
5375.000865
5352.037519
5296.732467
5280.614662
5219.171466
5163.013158
5174.531974
5163.247627
5152.705564
5145.472241
5152.087575
5139.554689
5107.191880
5091.132368
5057.833898
5048.777444
5025.058983
4990.077500
4966.303823
4967.919286
4921.336422
4858.880658
4880.556316
4817.315650
4782.396974
4713.868870
4674.419887
4628.064539
4550.943158
4495.163684
4420.487820
4365.480451
4296.033559
4236.773383
4152.903842
4083.630583
4045.467891
3995.198947
3935.061842
3839.353390
3834.348571
3805.522542
3750.582274
3691.672203
3652.926842
3624.984981
3579.273891
3550.064586
3499.320169
3500.906692
3435.014962
3465.941729
3388.028362
3377.038421
3352.233158
3334.525480
3317.803233
3290.885198
3303.297143
3326.185198
3324.052162
3332.954737
3344.842068
3322.784417
3320.753126
3326.590000
3333.519831
3335.419661
3324.400714
3302.650000
3326.290395
3335.390847
3342.357970
3334.971541
3316.853421
3302.390564
3303.691429
3283.032838
3252.130960
3229.767143
3168.331017
3131.139342
3079.709286
3060.955556
3002.494831
2954.285789
2926.032105
2867.474049
2828.362368
2808.941917
2778.167895
2737.059774
2711.674896
2672.778271
2628.766930
2590.365902
2530.595424
2493.329887
2446.514305
2392.874237
2304.736992
2258.823158
2200.253816
2174.862034
2104.169887
2055.485789
1992.150432
1940.543609
1875.608701
1809.431109
1765.389944
1722.549060
1676.610282
1635.136917
1568.723835
1543.961563
1515.604643
1450.494350
