191.237474
191.320646
196.835694
210.697147
211.290220
230.667021
237.026424
248.782060
274.531817
289.301412
303.979421
320.818663
344.695363
370.584853
389.757602
413.601463
442.334197
464.823763
496.157500
531.806233
548.164051
569.212692
602.816130
623.551650
637.623825
656.280211
673.277684
703.280934
737.314835
756.127574
778.745944
813.562109
839.047263
875.174102
906.174402
933.121263
958.389156
999.845750
1021.241431
1043.333571
1074.223220
1097.571447
1120.775714
1133.148496
1146.597011
1155.607439
1158.617143
1178.429190
1209.815395
1236.403616
1279.034060
1308.021335
1358.826949
1417.959624
1465.910678
1520.124568
1601.779567
1648.080677
1731.068421
1816.342561
1874.902669
1945.048814
2039.064605
2129.773534
2226.368421
2343.339642
2445.633985
2555.121767
2675.767571
2787.898759
2905.504633
3038.530226
3172.408701
3266.028252
3399.757218
3521.276729
3638.565075
3775.563371
3919.229173
4084.200451
4259.431017
4411.676579
4576.768872
4736.586898
4924.687250
5123.628195
5280.976203
5468.339850
5668.038308
5825.595902
5945.818120
6067.669492
6218.700150
6335.343879
6417.328609
6486.004135
6549.836365
6622.548947
6680.425357
6699.281654
6716.981977
6730.894643
6775.413008
6769.759662
6739.484643
6751.661299
6773.824812
6749.889323
6739.870564
6755.191808
6756.131617
6768.930414
6777.915263
6784.326842
6835.296692
6888.574643
6964.464030
7014.481992
7085.448305
7158.679756
7273.948947
7361.663766
7407.727481
7516.118459
7627.290752
7699.573183
7730.014286
7719.974135
7682.868947
7642.172895
7603.521488
7563.766767
7525.666460
7467.827406
7445.678324
7460.779549
7468.218741
7471.451186
7523.858459
7533.696635
7542.464380
7502.175800
7461.115940
7449.698195
7455.700960
7489.630789
7534.243729
7561.658026
7609.475254
7630.420226
7596.228985
7608.647086
7604.377068
7573.398701
7546.930489
7546.295639
7511.614436
7464.117458
7462.880808
7425.051053
7408.264294
7390.510000
7348.154350
7346.982857
7361.441729
7360.716805
7341.545714
7357.366128
7337.107312
7311.680207
7292.268421
7281.951297
7251.688797
7237.270471
7243.827293
7216.819135
7225.305932
7236.964211
7252.033277
7279.225733
7275.427519
7291.198759
7282.612763
7297.248853
7324.275714
7369.142373
7382.181297
7442.422481
7476.964812
7484.128534
7561.561955
7589.240000
7657.655789
7693.521447
7716.223559
7799.843045
7854.198703
7848.502256
7871.977778
7873.366466
7853.860056
7837.510847
7772.139586
7723.748305
7669.222481
7600.754211
7547.167759
7489.348553
7406.580658
7339.212105
7243.280132
7157.627218
7124.928045
7061.022331
7008.432030
7044.986297
6965.731316
7030.034972
7059.133929
7085.812524
7117.383308
7164.147444
7237.037627
7336.261203
7411.955000
7518.027500
7634.060960
7743.708571
7858.955000
7972.789586
8106.768985
8282.807627
8458.879981
8655.872881
8821.803985
8998.231318
9160.185602
9361.703647
9539.135047
9642.981861
9785.104868
9949.772105
10073.659887
10147.996429
10263.311278
10440.002637
10596.014286
10769.209605
11018.507519
11252.255556
11519.575000
11812.804887
12124.878947
12469.172932
12839.042938
13141.559398
13471.952256
13774.630263
14067.570810
14397.951880
14717.856579
15026.564407
15346.533083
15636.663089
15952.843985
16325.050282
16651.775940
16928.010902
17155.554887
17405.059398
17653.810734
17824.981391
17965.317702
18108.600000
18220.404520
18330.814850
18397.156391
18408.627068
18378.489286
18343.246328
18370.765789
18323.690414
18284.098308
18214.798496
18214.028571
18141.598496
18023.879096
17829.585714
17622.028759
17323.764474
17105.300000
16841.284211
16643.385150
16471.038041
16285.205263
16207.698117
16138.794173
16042.037594
16143.769492
16184.249436
16318.747368
16439.528947
16655.315443
16876.620113
17071.483459
17266.526316
17632.125000
17959.555451
18293.651504
18553.605650
18817.834962
19148.189831
19414.955639
19687.047932
19835.430320
19916.291729
20029.714286
20101.068609
20139.669492
20101.230827
20011.626880
19911.893421
19818.934211
19693.347458
19576.783647
19417.402448
19237.391729
19063.035028
18860.112970
18673.876692
18559.038418
18489.791729
18356.897368
18187.497744
18150.061017
17995.966729
17934.673308
17804.871053
17775.161842
17726.985311
17674.559398
17567.072693
17450.010526
17358.096045
17282.592857
17246.155639
17181.937288
17056.930075
17035.940678
17048.121429
16851.510923
16767.936090
16657.091337
16554.186842
16461.547368
16308.290395
16095.490038
15906.770433
15734.411654
15541.374765
15312.345301
15034.517293
14760.051128
14553.125564
14307.114689
14040.862406
13805.024294
13564.863158
13406.746516
13240.136842
13044.685526
12845.806591
12694.783835
12578.689831
12457.668985
12295.122034
12102.784211
11933.684211
11793.429699
11665.525564
11588.241431
11432.890226
11317.320301
11179.569925
11107.850847
11037.975000
10987.042105
10866.835970
10838.671805
10841.589642
10835.478947
10816.428060
10778.837406
10795.438346
10868.500752
10873.124436
10820.790207
10785.621805
10766.698120
10749.653672
10707.342481
10739.000000
10762.982895
10740.559322
10786.861654
10718.725376
10666.261654
10635.973308
10562.514286
10510.791165
10462.812053
10340.785714
10211.276836
10083.266165
9967.289286
9765.397175
9653.906654
9504.696316
9401.041579
9285.713597
9171.223045
9067.835489
8937.242669
8802.813402
8678.495235
8568.546692
8427.723653
8248.527068
8105.977288
7983.903985
7825.620451
7639.111695
7499.717594
7256.381053
7067.479342
6863.737947
6692.029624
6498.823534
6282.888308
6088.662331
5906.824520
5727.129568
5546.147797
5374.660376
5232.867853
5099.226767
4949.576090
4833.958060
4710.761109
4539.403277
