18.6222
67.774
116.926
120.79
124.587
120.02
115.425
119.474
123.57
122.41
121.211
119.814
118.416
118.993
119.592
118.811
118.012
120.459
122.957
121.429
119.83
115.684
111.488
114.823
118.319
119.766
121.165
122.758
124.357
120.317
116.121
116.582
117.181
118.846
120.544
118.957
117.259
115.946
114.648
112.194
109.697
111.328
113.127
115.021
116.919
114.609
112.111
114.959
118.056
116.771
115.273
116.15
117.149
118.623
120.121
116.224
112.028
119.357
127.349
120.258
112.266
109.166
106.369
109.673
113.37
117.441
121.537
120.398
118.899
116.561
114.163
113.721
113.421
113.586
113.785
113.707
113.607
117.023
120.719
119.338
117.54
118.321
119.32
116.183
112.686
113.042
113.741
113.8
113.8
112.795
111.696
115.792
120.388
115.798
110.303
108.439
106.94
111.056
115.751
113.76
111.063
111.611
112.51
112.78
112.98
114.167
115.466
115.062
114.463
113.059
111.561
111.043
110.644
114.693
119.289
120.51
121.309
118.122
114.426
117.713
121.908
120.459
118.262
120.904
124.201
125.654
126.852
128.927
131.125
131.312
131.213
129.717
128.019
127.713
127.613
133.157
139.551
139.534
138.535
140.993
143.99
141.381
137.885
141.616
146.511
148.058
149.057
150.313
151.612
155.475
159.77
165.004
170.399
172.391
173.789
175.697
177.695
180.286
182.984
188.469
194.463
196.411
197.61
199.313
201.112
208.279
216.471
217.13
216.331
217.786
219.685
226.914
235.206
234.938
232.94
235.668
239.364
248.272
258.262
262.723
266.02
275.985
287.374
292.521
296.317
302.817
309.91
321.417
333.905
339.706
344.002
356.433
370.719
382.976
394.764
404.124
412.915
426.229
440.615
449.845
457.837
470.25
483.737
496.341
508.729
522.717
537.103
548.217
558.507
564.102
568.497
579.482
592.17
605.016
617.903
630.554
643.141
650.607
656.701
667.511
679.6
688.238
695.93
713.165
733.045
746.216
757.505
768.716
779.905
796.528
814.71
834.364
854.444
870.894
886.279
899.507
912.095
927.91
944.693
956.495
966.785
973.864
979.958
988.873
998.664
1012.41
1027.39
1030.39
1029.59
1038.56
1050.64
1054.96
1056.76
1075.04
1098.72
1103.02
1100.92
1105.57
1112.46
1129.44
1149.82
1161.11
1169.3
1184.18
1201.36
1235.44
1275.4
1294.74
1306.83
1338.01
1375.97
1402.69
1425.37
1463.29
1506.75
1544.29
1579.65
1611.44
1641.91
1680.31
1721.67
1763.97
1806.63
1858.84
1914.68
1965.19
2013.64
2069.51
2128.25
2181.54
2232.69
2305.59
2387.11
2457.5
2523.43
2576.13
2623.49
2692.06
2769.28
2827.68
2878.33
2953.62
3039.13
3094.95
3138.3
3203.35
3277.58
3358.73
3442.85
3524.73
3605.66
3678.08
3746.82
3829.64
3918.65
4017.56
4120.86
4205.53
4281.85
4376.96
4480.56
4563.03
4635.85
4737.28
4851.87
4940.81
5017.83
5098.87
5181.79
5302.36
5440.72
5544.86
5632.67
5725.54
5820.85
5887.91
5941.26
6012.11
6091.53
6154.97
6210.52
6269.4
6329.94
6391.74
6454.18
6483.15
6495.14
6523.38
6559.95
6598.03
6636.89
6669.25
6698.22
6723.72
6747.4
6754.68
6753.29
6744.01
6730.52
6723.98
6721.18
6731.91
6749.99
6768.59
6787.47
6745.83
6670.71
6668.81
6707.77
6710.8
6693.62
6700.85
6721.93
6714.16
6689.88
6699.43
6728.5
6744.44
6752.73
6750.7
6742.61
6768.9
6815.56
6845.7
6865.98
6857.01
6830.44
6841.16
6874.53
6917.13
6965.38
7006.72
7043.78
7094.14
7152.79
7206.83
7257.97
7303.99
7346.74
7393.22
7442.07
7465.58
7472.77
7474.57
7472.87
7469.3
7464.5
7442.55
7409.28
7385.86
7368.97
7335.4
7290.65
7240.11
7185.66
7183.15
7216.02
7202.33
7156.68
7127.14
7108.76
7114.61
7137.39
7142.4
7134.91
7122.57
7106.78
7114.7
7139.58
7153.48
7159.48
7142.79
7109.62
7118.72
7158.78
7148.79
7101.84
7096.4
7121.88
7133.14
7133.74
7131.67
7127.57
7134.98
7151.17
7170.63
7192.6
7214.81
7237.19
7243.86
7238.26
7231.66
7224.27
7207.63
7183.65
7160.07
7136.79
7132.04
7142.23
7131.04
7102.46
7079.88
7062.2
7047.25
7034.56
7012.93
6983.86
6953.48
6922.02
6888.6
6853.53
6836.7
6835.4
6836.84
6840.64
6817.39
6770.74
6747.99
6746.09
6753.44
6768.92
6759.25
6727.28
6711.14
6709.15
6702.89
6692.8
6688.63
6689.83
6679.29
6658.01
6634.49
6608.92
6593.91
6588.71
6577.84
6561.66
6558.48
6567.57
6569.29
6563.99
6561.91
6562.91
6577.83
6606.2
6620.1
6619.9
6622.42
6627.62
6638.18
6654.07
6656.55
6645.66
6645.68
6656.67
6651.97
6631.39
6632.02
6654.3
6677.32
6701.1
6702.36
6680.28
6692.25
6739.8
6772.23
6788.71
6799.19
6803.28
6818.77
6846.44
6879.54
6918.51
6939.95
6942.35
6965.96
7012.81
7024.48
6997.31
6986.78
6994.77
6998.72
6998.12
6998.88
7001.18
6968.03
6894.5
6849.62
6837.63
6796.15
6720.52
6653.84
6597.6
6542.68
6489.33
6435.57
6381.33
6318.98
6246.95
6180.59
6121.04
6080.41
6062.73
6022.67
5955.23
5899.12
5856.96
5829.41
5820.02
5795.69
5752.63
5729.26
5730.76
5723.07
5703.69
5697.79
5709.18
5722.26
5737.55
5751.45
5763.53
5779.16
5799.44
5835.54
5892.58
5940.09
5974.85
6022.86
6088.7
6164.45
6253.66
6343.81
6435.22
6531.12
6633.22
6747.99
6880.36
6992.55
7076.47
7184.73
7327.39
7467.41
7603.68
7743.07
7886.92
8025.19
8155.36
8288.99
8427.65
8569.19
8714.94
8853.86
8982.64
9107.89
9227.87
9343.07
9451.06
9543.99
9614.02
9681.45
9744.89
9827.37
9939.26
10042.6
10132.6
10215.9
10288.8
10370.7
10467.1
10563.5
10659.9
10762.3
10874.3
10990
11111.8
11230.6
11344.6
11499.5
11721.7
11926.7
12102.7
12283.2
12471.2
12673.6
12900.3
13118.7
13323.2
13521.4
13708.7
13903
14109.3
14303.1
14474.9
14657.8
14860.2
15067.3
15282.6
15472.6
15616.7
15793.3
16028.7
16270.8
16525.3
16762.1
16966.4
17170.3
17373.7
17578.5
17785.8
17971.2
18115.1
18265.3
18427.1
18598.3
18787.5
18942.6
19031.5
19144.3
19303.6
19437
19519.1
19615.3
19739.3
19846.9
19921.2
19979.5
20005.3
20049.1
20129.7
20163.7
20101.7
20072.9
20113.4
20136.5
20123.2
20116.4
20123.3
20129.4
20133.8
20137.6
20140.2
20126.8
20078.4
20016.7
19925.6
19839.9
19766.4
19672.7
19533.9
19401.2
19282.8
19158.8
19022.3
18885.8
18749.3
18606.3
18448.3
18310.6
18220.4
18125.4
18019.1
17938
17917
17889.5
17846.4
17822
17843.1
17877.7
17945
18008.6
18062.9
18121
18188.6
18277
18418.4
18544.2
18630.3
18744.5
18931.3
19091.7
19183.6
19314.1
19546
19757.5
19914.3
20077.5
20257.9
20442.3
20638
20822.3
20975.3
21136.2
21319.1
21492.1
21637.5
21782
21924.1
22068.4
22218.5
22325.9
22310.1
22327.9
22443
22522.1
22495.2
22473.2
22466.1
22451.1
22412.5
22376.4
22348.2
22305.6
22218.4
22132
22047.7
21962.6
21875.2
21776.9
21644.3
21526.8
21458.2
21380.1
21271.4
21179.5
21142.2
21088.6
20981.1
20879.2
20795.9
20719.4
20665.8
20607.3
20531.8
20451.7
20356
20271.3
20224.9
20194.3
20219
20209.3
20076.4
19976.2
19994.7
20004.8
19984.6
19946
19839.8
19750.3
19723.6
19687.8
19617.7
19552.7
19506.7
19464.3
19435.6
19400.6
19340.6
19281.5
19226
19183
19189.9
19189.8
19161.4
19123.8
19048
18979.1
18939.2
18891.3
18809.3
18732.4
18677.7
18629.5
18609.6
18575.7
18480.3
18390.4
18325.1
18246.8
18109.9
17968.6
17807
17651.9
17527.2
17401.8
17273.3
17144.8
17017.1
16880.4
16700.6
16537.5
16455.7
16364.9
16229.3
16091.7
15944
15806
15717.7
15625.6
15513.1
15400.8
15289.5
15179.1
15073.6
14965.5
14843
14723.4
14619.5
14528.3
14508.1
14470.7
14335.7
14204.7
14097.3
13995.5
13926.6
13855.2
13769.3
13687.3
13628.8
13571.9
13523.8
13467.7
13361.4
13262.6
13211.4
13153
13049
12957.4
12947
12929.2
12862.1
12798.3
12757.5
12714.8
12659.4
12610.2
12604.2
12595.9
12570.5
12549.1
12556.9
12561.3
12540
12526.5
12571.7
12609.7
12591.1
12573.3
12561.6
12551.6
12555.4
12558.2
12552.5
12548.4
12558.3
12562.4
12516.5
12479.3
12517.8
12550
12526.2
12505.2
12509.6
12513.5
12512.8
12517.1
12569
12614.6
12599.5
12582.8
12550
12522
12542.1
12558.2
12533.1
12503.3
12422.6
12343.4
12281.7
12219.9
12157
12090.3
11979
11870
11789.4
11709
11628.9
11549.9
11482.9
11414.2
11322.2
11229.5
11127
11025.9
10944.2
10864.9
10818.3
10768.8
10678.3
10589.7
10530.5
10470.9
10405.2
10338.7
10257.3
10175.6
10090.3
10003.6
9892.73
9782.72
9688.92
9597.11
9543.36
9486.89
9376.4
9266.22
9162.42
9058.85
8960.25
8861.43
8757.73
8653.38
8533.5
8413.5
8290.52
8168.66
8076.55
7982.58
7836.43
7691.77
7591.86
7491.78
7385.99
7280.17
7173.78
7067.12
6951.04
6835.81
6754.89
6673.02
6550.04
6427.64
6332.43
6237.48
6156.06
6074.71
5997.28
5919.79
5837.37
5755.04
5679.71
5603.99
5492.5
5381.01
5269.12
5157.06
5020.29
4883.34
4709.41
4535.4
4334.7
4133.98
3914.19
3694.41
