-60.5751
-5.42915
49.7168
50.199
50.5986
53.1884
55.7859
55.5019
55.2022
54.605
54.0056
52.1196
50.2214
51.484
52.7828
53.6872
54.5863
53.321
52.0223
53.08
54.1789
51.1623
48.0654
51.0316
54.1286
53.712
53.2125
52.1286
51.0296
52.7497
54.5479
55.085
55.5846
54.9223
54.223
51.6879
49.0904
52.8569
56.853
56.1339
55.2348
53.6635
52.065
56.0251
60.221
56.8613
53.1649
52.3319
51.6326
51.5047
51.4048
50.2594
49.0605
50.8971
52.8952
52.0534
51.0544
50.3387
49.6394
50.7312
51.93
49.1778
46.1807
48.8163
51.8134
49.3769
46.5796
48.4567
50.6545
50.147
49.4476
47.3519
45.1541
48.1586
51.5552
51.6146
51.4148
50.8449
50.2455
49.3692
48.4701
47.9394
47.4399
49.6061
52.0037
48.8979
45.3014
47.9289
51.1258
46.5593
41.2645
43.8075
47.1043
48.4913
49.6901
47.3499
44.6525
47.3881
50.6849
49.2833
47.3851
45.9378
44.5391
45.8394
47.4378
46.6126
45.5136
45.5791
45.7789
46.6937
47.6928
46.5515
45.1528
44.0212
42.9222
47.5945
52.9892
52.3597
50.9611
49.6508
48.3521
45.8186
43.1212
42.888
42.9879
43.5268
44.1263
45.8646
47.7628
48
48
48.5233
49.1227
46.8503
44.1529
44.321
44.9204
45.6931
46.4923
46.8593
47.159
46.1651
44.9662
42.907
40.7091
44.8642
50.0592
48.8299
46.5322
47.2255
48.4243
45.4452
41.7488
44.2624
47.8589
47.2118
45.8131
47.2935
49.2916
48.4173
47.0186
46.5471
46.2474
45.0227
43.6241
46.3363
49.8328
52.0739
54.072
50.7259
46.3302
45.2668
44.8672
44.5507
44.2509
44.5316
44.9313
44.3382
43.539
44.0602
44.8594
45.1646
45.3644
46.7962
48.4946
49.1277
49.5273
48.6191
47.4203
45.7322
43.934
43.7627
43.9625
45.7042
47.8021
49.981
52.1789
50.8232
48.6254
47.0721
45.6734
47.4896
50.087
51.3215
52.2207
52.7199
53.1195
51.6043
49.6063
48.7225
48.1231
49.826
52.1237
54.2631
56.361
54.746
52.1486
52.2304
53.0296
55.2438
57.8412
56.6749
54.4771
55.0168
56.3155
55.5857
54.287
56.8795
60.5759
61.0118
60.5123
60.3226
60.2227
57.9601
55.063
58.4832
63.778
62.8483
60.0511
60.7797
62.5779
61.4709
59.4729
62.4316
66.9272
63.7405
58.146
59.3036
62.6004
63.2486
63.0488
62.849
62.6492
63.6539
65.0525
66.7515
68.5497
69.1498
69.3496
67.9808
66.0827
67.4624
69.9599
70.8229
71.1226
70.3107
69.1119
71.6085
75.4048
75.2206
73.6221
76.5818
81.1773
82.1067
81.7071
83.94
87.1369
92.7404
99.2341
101.655
102.554
103.38
104.179
107.511
111.806
118.122
125.215
130.15
134.246
138.342
142.438
148.466
155.259
159.84
163.537
174.136
187.523
192.819
194.817
204.601
217.588
228.034
237.425
247.731
258.421
268.9
279.289
289.609
299.899
308.444
316.236
331.615
350.297
364.884
377.671
395.304
415.084
427.618
436.909
451.155
467.639
483.162
498.247
513.264
528.249
545.418
563.6
580.218
596.102
613.886
632.568
644.079
652.171
669.369
690.948
709.635
726.918
734.008
736.106
744.155
755.144
764.2
772.292
781.58
791.471
802.024
812.913
820.829
827.223
828.148
826.25
835.19
849.776
852.835
849.838
847.755
846.157
851.98
861.77
862.734
858.937
864.135
874.225
865.349
846.068
851.677
871.058
870.947
859.957
856.831
858.13
858.154
857.454
860.948
866.843
869.443
870.143
859.666
842.683
846.597
862.781
865.976
861.481
857.048
852.652
856.986
866.577
864.046
854.156
848.045
844.249
845.703
850.399
855.525
860.92
859.44
853.646
848.463
843.668
840.885
839.387
837.341
834.943
828.122
818.432
813.754
812.356
808.308
802.514
794.859
785.968
774.206
760.519
752.258
747.662
745.087
743.888
735.997
723.509
717.987
717.287
717.471
718.27
715.316
709.722
706.231
704.233
700.954
696.758
694.71
694.21
688.157
678.066
674.838
676.636
676.595
675.197
675.001
675.7
678.34
682.436
681.129
675.734
670.963
666.667
668.132
674.027
676.656
676.756
673.883
668.688
669.586
675.28
670.28
656.793
651.466
652.665
650.047
644.353
639.981
636.684
631.026
623.434
622.517
627.113
624.892
617
608.456
599.365
589.083
577.794
570.496
566.6
561.468
555.274
553.15
554.548
553.866
551.369
549.296
547.598
540.868
529.679
527.619
533.713
532.079
523.487
517.095
512.7
512.583
516.379
518.772
519.871
515.48
505.99
503.102
506.399
510.621
515.716
514.053
505.961
500.929
498.831
500.34
505.335
505.168
499.973
498.812
501.609
502.849
502.55
496.897
485.908
484.835
493.726
496.264
492.368
485.357
475.167
470.295
470.895
465.903
455.114
447.499
443.204
440.27
438.772
433.833
425.241
417.759
411.466
406.085
401.689
400.836
403.833
403.827
400.53
397.803
395.705
394.269
393.57
389.621
382.029
373.498
363.908
359.314
360.412
357.14
348.849
338.982
327.294
319.34
315.744
311.596
306.801
303.057
300.559
291.598
274.914
265.936
266.236
264.369
259.873
253.536
244.944
239.976
239.477
237.062
232.267
229.733
230.033
228.699
225.302
221.598
217.502
216.644
219.941
222.41
223.808
225.511
227.609
227.116
223.22
223.235
228.43
232.042
233.54
236.912
242.807
248.277
253.172
259.586
268.078
279.299
294.285
311.068
330.349
347.383
361.269
380.539
407.413
432.762
455.939
481.044
508.917
540.708
578.172
616.854
657.314
698.3
740.059
782.583
826.24
872.5
922.65
970.769
1015.82
1059.18
1099.94
1141.6
1184.66
1225.6
1263.26
1303.74
1348.59
1389.21
1423.18
1457.46
1492.22
1532.72
1582.37
1625.55
1658.32
1693.72
1733.38
1776.53
1825.38
1877.13
1933.68
1986.02
2031.38
2082.18
2142.12
2198.31
2248.16
2296.69
2342.94
2393.05
2449.8
2507.16
2565.6
2620.49
2669.14
2717.86
2766.72
2823.72
2895.25
2955.99
2997.35
3042.02
3092.67
3140.95
3184.91
3241.34
3320.76
3390.47
3442.12
3491.13
3535.18
3580.14
3626.79
3668.29
3699.96
3731.87
3764.24
3799.59
3840.75
3874.28
3892.86
3916.78
3951.25
3987.08
4025.65
4055.15
4066.44
4081.72
4105.1
4126.6
4144.29
4152.16
4139.77
4135.64
4148.73
4165.49
4189.97
4203.97
4195.78
4192.01
4197.71
4192.65
4164.38
4146.73
4152.22
4158.19
4165.18
4164.26
4145.78
4125.47
4101.1
4083.4
4080.8
4065.36
4020.6
3978.78
3943.72
3914.9
3900.62
3880.81
3848.04
3818.03
3794.55
3777.88
3777.48
3776.26
3773.07
3767.78
3757.39
3754.82
3771.51
3786.47
3797.16
3806.79
3813.79
3832.46
3880.72
3920.03
3936.52
3955.93
3982.91
4012.07
4046.93
4081.39
4114.75
4151.21
4195.86
4236.83
4267.9
4305
4358.45
4410.16
4457.11
4498.63
4525.1
4552.42
4582.09
4612.83
4646.6
4679.04
4707.72
4735.8
4762.17
4782.18
4783.68
4779.04
4756.37
4741.49
4749.78
4753.43
4743.14
4739.11
4754.1
4766.6
4771.5
4767.42
4735.55
4703.69
4671.82
4644.89
4633.6
4617.81
4587.64
4560.99
4545.7
4533.69
4532.4
4522.88
4486.22
4457.91
4457.51
4450.42
4420.75
4398.27
4400.37
4396.62
4372.64
4352.07
4343.37
4334.81
4326.72
4315.49
4293.01
4276.85
4283.54
4287.13
4279.33
4268.72
4247.64
4229.97
4225.07
4219.53
4211.54
4206.81
4214.6
4214.89
4186.01
4162.53
4160.24
4154.73
4136.44
4120.51
4114.01
4105.47
4088.59
4074.24
4070.34
4067.31
4067.91
4068.63
4069.83
4066.94
4046.56
4027.76
4015.77
3999.97
3967.4
3936.9
3915.62
3893.51
3867.63
3841.42
3813.65
3787.86
3771.27
3752.81
3725.54
3699.15
3676.97
3655.21
3635.43
3612.05
3571.09
3532.14
3503.17
3472.36
3432.3
3395.38
3374.5
3353.8
3334.02
3313.63
3290.06
3263.67
3222.31
3185.05
3169.96
3155.95
3147.86
3137.04
3110.96
3084.95
3059.27
3034.16
3012.28
2993.12
2989.82
2984.6
2967.91
2951.98
2940.59
2926.99
2899.82
2875.2
2866.51
2858.21
2852.42
2846.51
2839.92
2830.56
2803.09
2778.69
2774.79
2768.6
2746.82
2726.45
2715.76
2707.7
2718.19
2725.73
2712.15
2700.97
2707.36
2711.72
2700.93
2691.9
2696.2
2700.17
2701.67
2702.8
2701
2699.64
2701.84
2703.71
2702.91
2700.06
2680.08
2664.38
2685.16
2703.66
2702.26
2699.9
2689.01
2680.71
2696
2709.77
2709.47
2709.48
2712.48
2714.69
2709.19
2703.63
2697.44
2690.94
2681.35
2674.44
2695.52
2713.61
2699.62
2684.23
2653.36
2623.61
2606.53
2589.59
2574.3
2558.54
2537.06
2516.53
2507.64
2498.47
2485.89
2472.65
2450.97
2429.44
2409.86
2390.94
2381.15
2371
2355.71
2339.72
2313.34
2287.7
2273.11
2258.99
2252.2
2244.13
2215.26
2187.09
2170.91
2154.29
2130.01
2106.04
2087.66
2069.08
2046.7
2024.59
2007.7
1990.57
1968.29
1946.14
1926.76
1906.72
1871.65
1836.98
1811.71
1786.86
1772.67
1758.35
1740.36
1721.67
1682.91
1645.04
1633.85
1621.98
1588.41
1555.14
1531.96
1508.81
1486.63
1464.45
1441.87
1419.31
1397.53
1375.7
1351.52
1327.63
1318.64
1309.36
1283.19
1257.12
1238.44
1219.86
1208.97
1197.99
1178.41
1158.76
1131.48
1104.1
1060.04
1016.02
979.958
943.893
907.928
871.951
823.599
775.246
