-31.377
19.5731
70.5231
74.59
78.5861
75.5138
72.4168
75.8776
79.3742
79.6975
79.9972
74.4578
68.8632
73.3435
77.939
78.1971
78.3969
75.4486
72.4515
73.9709
75.5694
72.8563
70.059
75.4764
81.0709
78.76
76.2625
75.3234
74.4242
74.0112
73.6116
70.6897
67.6926
73.4089
79.403
79.0203
78.4209
78.8821
79.3816
76.8981
74.3006
73.9119
73.6122
73.5041
73.4042
76.7474
80.244
78.682
76.8837
74.0378
71.1406
73.4714
76.0688
74.0183
71.7205
74.2505
77.0478
72.949
68.4534
69.1427
70.1417
69.1652
68.0663
69.8775
71.8756
70.5011
68.9026
72.259
75.9554
74.0543
71.7566
70.9483
70.249
67.3201
64.2231
68.7279
73.8229
72.6274
70.929
68.1229
65.2258
67.3029
69.8004
71.103
72.3018
70.2903
67.9926
66.7932
65.6942
68.2486
71.1458
68.9393
66.2419
69.9105
74.2063
71.1516
67.3554
68.6299
70.4281
68.5218
66.2241
66.1803
66.3801
67.6595
69.0581
67.9433
66.5446
66.7583
67.1579
69.6131
72.3105
69.8354
66.7385
68.1797
70.1777
67.2036
63.6071
65.3262
67.7238
66.5856
64.9872
64.8
64.8
64.272
63.6725
65.7952
68.2928
69.5637
70.6626
69.2265
67.4282
69.7294
72.6266
71.8686
70.5699
67.3609
63.8644
66.3455
69.7422
68.4712
66.4732
67.4936
68.9922
68.6837
68.0843
69.8029
71.9008
72.1143
72.0144
71.3163
70.5171
65.5399
59.8455
62.2326
66.0289
68.8915
71.5889
69.2903
66.0935
65.3465
65.0468
66.5171
68.3154
67.2546
65.6561
68.0007
71.0976
68.838
65.5412
63.0794
60.7817
63.2324
66.6291
65.2884
62.9907
63.512
64.611
65.4617
66.2609
67.5553
68.9539
66.6478
63.5509
63.3285
63.7281
66.5039
69.8006
70.9722
71.6715
68.6198
64.7236
65.2202
66.7187
69.3534
72.2506
72.5571
72.2574
70.2617
67.8641
69.253
71.5507
72.0804
72.1803
74.1242
76.5218
75.8003
74.3018
75.5956
77.5937
77.3633
76.5641
77.6702
79.2687
79.6792
79.7791
78.378
76.5798
79.5885
83.8843
83.8567
82.6579
80.9886
79.1903
78.6436
78.4437
82.457
87.6519
86.6987
84.0014
83.5552
83.755
84.2646
84.864
88.0122
91.9084
90.7199
88.0225
90.858
95.3536
94.3304
91.6331
90.6177
90.1182
92.0589
94.7563
96.2367
97.3356
98.0552
98.6546
97.5136
95.8152
97.3623
99.9598
103.084
106.381
106.449
105.45
106.173
107.472
110.041
113.038
113.502
113.102
112.926
112.826
117.32
123.414
127.439
130.736
131.821
132.121
135.288
139.484
146.099
153.592
156.258
157.157
168.121
182.806
189.346
192.842
197.137
201.732
212.838
226.425
237.847
248.437
261.689
275.975
286.171
294.762
311.011
330.292
352.356
375.534
397.643
419.322
437.31
453.794
474.595
497.173
520.951
545.227
573.867
604.337
634.737
665.108
696.178
727.547
754.868
780.443
817.641
859.9
900.285
939.846
985.428
1033.68
1071.79
1105.35
1143.05
1182.61
1227.59
1275.05
1313.2
1347.06
1393.07
1444.72
1491.07
1534.92
1572.4
1606.87
1645.87
1687.03
1728.26
1769.51
1809.56
1849.03
1876.75
1898.73
1919.04
1938.52
1965.2
1995.47
2023.75
2051.02
2073.06
2092.44
2110.5
2127.88
2134.26
2134.96
2153.07
2180.24
2180.56
2166.77
2172.25
2187.93
2211.5
2239.27
2238.1
2221.31
2215.2
2214.91
2225.77
2242.75
2241.47
2230.08
2225.36
2224.36
2221.89
2218.59
2216.32
2214.62
2219.4
2227.89
2227.2
2221.2
2226.07
2237.26
2234.66
2223.97
2215.79
2209.1
2216.11
2231.29
2233.63
2228.24
2221.85
2214.85
2201.29
2183.71
2178.17
2180.07
2185.85
2194.04
2196.77
2196.07
2193.78
2190.48
2188.96
2188.56
2179.58
2165.1
2143.52
2117.35
2091.23
2065.16
2050.34
2042.95
2028.12
2008.34
1988.08
1967.5
1945.67
1922.99
1913.62
1913.32
1898.04
1872.46
1847.6
1823.22
1813.08
1812.88
1808.93
1802.34
1797.79
1794.69
1793.69
1794.19
1782.79
1762.81
1750.52
1743.83
1745.5
1753.29
1743.61
1721.03
1713.29
1716.59
1729.47
1749.55
1749.78
1735
1727.47
1725.47
1726.63
1730.23
1724.26
1710.87
1702.47
1697.98
1695.33
1694.13
1697.55
1704.65
1696.14
1675.16
1654.96
1635.38
1623.46
1617.76
1609.65
1599.56
1580.77
1554.8
1532.26
1512.58
1499.96
1493.27
1481.21
1464.63
1443.24
1417.77
1404.01
1400.31
1391.58
1378.5
1365.36
1352.17
1344.09
1340.49
1332.81
1321.53
1310.34
1299.25
1292.26
1288.97
1284.2
1278.11
1271.18
1263.49
1264.63
1273.92
1276.28
1272.18
1263.29
1249.9
1237.44
1225.85
1225.06
1234.55
1234.35
1224.86
1223.3
1229.39
1234.07
1237.37
1232.29
1219.01
1211.5
1209.7
1206.1
1200.7
1189.23
1171.65
1157.39
1146.5
1135.71
1125.02
1111.87
1096.18
1080.06
1063.47
1048.5
1035.22
1021.83
1008.34
989.964
966.387
950.822
943.828
935.634
926.143
916.844
907.753
898.137
887.947
883.739
886.137
880.402
865.616
850.125
833.841
818.729
804.942
789.381
771.799
749.194
720.822
691.431
660.861
634.348
612.57
590.883
569.304
551.2
537.213
516.717
488.445
467.47
455.282
443.275
431.486
420.147
409.358
399.373
390.382
381.124
371.533
362.697
354.804
348.81
345.214
342.892
342.193
340.881
338.783
337.034
335.735
336.474
339.871
343.052
345.949
351.94
362.031
370.752
377.645
388.073
403.258
419.291
436.474
458.172
486.044
517.361
553.425
593.837
640.292
688.327
738.578
803.198
888.115
966.314
1034.95
1120.15
1229.14
1336.5
1441.5
1550.89
1666.67
1784.56
1905.54
2024.15
2139.24
2265.21
2407.48
2550.49
2694.65
2830.37
2953.25
3065.35
3160.96
3268.19
3393.36
3508.27
3607.17
3703.82
3796.93
3894.29
3998.39
4100.83
4200.64
4304.61
4415.3
4528.05
4644.14
4765.03
4893.81
5017.08
5131.27
5261.39
5418.04
5572.37
5722.82
5863.44
5987.42
6118.19
6260.55
6404.82
6552.38
6697.12
6836.98
6971.4
7096.28
7218.23
7335.01
7460.46
7601.32
7752.36
7921.7
8074.83
8198.61
8320.05
8437.24
8572.59
8741.43
8896.88
9027.45
9161.29
9301.25
9424.11
9514.62
9617.78
9745.05
9854.49
9929.62
10010
10100.6
10187.3
10266.2
10336.9
10391.2
10437
10465.9
10509.6
10583
10642.3
10672.7
10702
10728.8
10742.9
10731.2
10734.1
10767.6
10796.4
10815.1
10823.2
10808.8
10796.6
10789
10796.9
10838.2
10864.5
10857.7
10842.9
10810.5
10780.4
10755.2
10705.9
10602.6
10511.2
10446.7
10385.7
10333
10273
10196.5
10121.7
10050.9
9993.17
9966.29
9928.83
9866.29
9815.57
9793.09
9778.14
9781.33
9778.39
9760.51
9759
9797.77
9838.97
9886.22
9938.57
10003.7
10065.7
10119.7
10180.3
10257.7
10331.9
10398.1
10464.6
10531.9
10616.4
10746.6
10863.5
10945.3
11039.1
11165.5
11271
11319.8
11384.6
11493
11598.9
11698
11791.1
11867.2
11939.5
12000.9
12059.8
12111.3
12159.9
12200
12238.1
12270.6
12293.8
12289.7
12282.9
12268.2
12261.3
12277.8
12285.3
12265.5
12243.4
12214
12185.4
12159
12126.3
12073.8
12028.5
12005.9
11964.1
11861.4
11771.2
11721.2
11671.5
11622.4
11571.8
11515.9
11467.5
11444.3
11422.3
11404.3
11377.1
11318.3
11260.4
11205.4
11156.2
11127.3
11101
11083.7
11064.4
11037.8
11013.6
10998
10978.5
10944.4
10923.5
10951.1
10967.9
10943.8
10912.6
10854
10805.8
10797
10786
10766.4
10752.4
10760.4
10750.3
10667.9
10605.4
10622.7
10630.2
10597.6
10566.9
10543.6
10518.8
10488.1
10455.2
10413.2
10376.4
10361.5
10337.7
10275.5
10218.3
10183.3
10147.7
10109.2
10065.3
9997.7
9928.01
9848.89
9782.04
9772.15
9746.02
9643.52
9542.27
9446.96
9354.52
9275.89
9200.74
9142.6
9075.83
8966.24
8862.8
8790.37
8721.02
8667.37
8606.58
8508.78
8420.6
8383.04
8343.25
8291.6
8236.15
8160.13
8087.84
8036.09
7985.96
7944.9
7906.78
7885.3
7856.53
7785.8
7720.56
7687.39
7648.62
7576.59
7516.02
7524.61
7523.56
7463.32
7408.97
7391.39
7371.41
7336.24
7298.34
7242.8
7187.57
7134.42
7085.67
7066.29
7045.79
7017.72
6992.07
6983.18
6972.71
6951.13
6933.85
6947.34
6958.95
6956.85
6955.01
6955.11
6952.24
6926.86
6905.64
6916.43
6923.52
6901.54
6885.74
6919.51
6948.62
6939.63
6929.14
6906.17
6885.08
6880.08
6877.7
6898.08
6916.1
6913.1
6908.01
6883.83
6865.68
6903.65
6936.45
6920.17
6906.19
6914.68
6922.15
6919.46
6917.28
6920.48
6920.49
6887.12
6852.77
6807.92
6768.79
6792.66
6808.58
6734.55
6664.22
6636.74
6605.14
6524.32
6445.55
6391.9
6340.36
6315.39
6288.5
6236.75
6185.35
6138.7
6092.71
6055.95
6017.18
5949.95
5885.51
5862.13
5838.79
5815.91
5790.34
5722.51
5655.91
5609.35
5562.76
5515.61
5469.83
5448.15
5423.48
5344.26
5268.22
5252.74
5234.19
5154.97
5076.45
5012.52
4948.39
4880.26
4813.57
4779.7
4743.61
4654.3
4566.29
4511.04
4455.2
4383.67
4312.47
4250.53
4188.62
4127.58
4066.78
4013.53
3959.93
3894.09
3828.61
3776.06
3723.41
3666.97
3610.18
3538.35
3467.54
3445.06
3421.88
3361.74
3301.7
3247.75
3194
3153.14
3112.16
3062.21
3012.15
2952.51
2892.94
2841.6
2790.09
2716.56
2642.81
2523.93
2405.07
2293.68
2182.28
2067.3
1952.31
