-12.7782
35.5744
83.9271
93.0774
102.168
99.7111
97.2135
98.8891
100.587
96.1376
91.642
92.5897
93.5887
94.3902
95.1894
91.2569
87.2608
92.9061
98.7004
96.3453
93.8478
97.6216
101.518
96.8081
91.9129
91.9952
92.195
92.9792
93.7784
93.6056
93.4058
90.3926
87.2957
91.1694
95.2654
94.0473
92.6487
90.8644
89.0661
88.5188
88.0193
92.0333
96.2292
92.8541
89.1577
88.5218
88.0223
89.718
91.5162
95.2194
99.0157
90.265
80.8742
81.8228
83.3214
86.9971
90.7934
89.6775
88.2788
87.6344
87.0349
86.9059
86.806
88.1143
89.5129
89.7873
89.9872
86.6345
83.038
84.9457
87.2434
85.8174
84.119
84.8361
85.7352
86.5416
87.3408
84.9948
82.3973
86.354
90.8496
88.1601
84.8634
86.5303
88.6282
88.1579
87.4586
86.9423
86.4428
85.4867
84.4876
84.9468
85.5462
88.601
91.8978
91.2925
90.2935
85.5819
80.4869
81.0842
82.2831
83.0311
83.7304
84.5197
85.3189
85.8488
86.3483
85.9521
85.4526
84.0593
82.5608
81.9541
81.4546
83.8915
86.6888
85.4906
83.7922
83.6
83.6
82.9812
82.2819
82.0236
81.8238
84.6161
87.813
88.2
88.2
85.922
83.3246
81.0768
78.8789
81.6527
85.1493
85.774
85.9738
85.6527
85.2531
87.5391
90.2365
88.6983
86.5005
83.9577
81.3602
83.8395
87.1363
86.7415
85.7424
84.3151
82.8166
82.6854
82.7853
82.2031
81.5038
84.7176
88.6138
88.8605
88.4609
87.7226
86.9233
85.1104
83.1123
81.7885
80.5897
84.0158
88.3116
89.6711
90.4703
90.6
90.6
91.5185
92.6174
86.7186
79.4258
85.0981
93.39
92.3955
89.4983
89.2481
89.5478
88.6922
87.5933
91.3517
96.147
96.6715
96.2718
98.74
101.837
101.501
100.402
99.5476
98.7484
101.203
104.4
104.513
103.914
103.719
103.619
105.457
107.755
110.456
113.253
117.577
122.273
124.162
125.361
126.16
126.859
126.122
125.023
126.79
129.287
128.053
125.855
129.676
135.071
137.543
139.241
142.122
145.318
143.956
141.359
141.035
141.335
147.657
155.649
154.279
150.283
152.902
157.398
160.03
162.128
162.755
162.955
165.008
167.606
168.662
169.262
170.245
171.344
175.432
180.427
180.453
178.955
178.829
179.128
184.068
190.462
192.834
193.933
193.443
192.444
190.917
189.218
195.274
203.865
208.252
211.249
212.973
214.272
215.72
217.219
221.325
226.32
229.978
233.174
236.89
240.786
244.608
248.405
255.444
263.636
270.578
277.072
286.132
296.122
305.235
314.026
325.37
337.658
349.292
360.68
373.012
385.7
406.634
430.711
452.118
472.498
490.36
507.243
526.064
545.645
573.813
605.382
638.521
672.288
705.201
737.769
770.834
804.101
846.357
892.312
938.408
984.563
1031.56
1078.91
1124.51
1169.37
1218.22
1268.77
1331.25
1398.89
1464.85
1530.08
1598.93
1669.36
1733.42
1794.66
1873.02
1959.04
2040.51
2119.93
2194.41
2266.64
2341.47
2417.5
2492.77
2567.7
2652.35
2741.57
2818.43
2889.46
2969.63
3054.14
3126.32
3192.55
3276.14
3368.15
3429.38
3475.53
3515.34
3552
3591.8
3633.16
3684.55
3741
3782.86
3817.33
3852.59
3888.25
3903.5
3908.19
3938.24
3981.5
4008.65
4027.33
4043.2
4057.59
4090.85
4134.21
4127.07
4092.71
4092.05
4109.73
4113.48
4109.59
4110.39
4113.78
4120.06
4127.96
4131.37
4132.27
4127.56
4119.67
4120.48
4126.28
4137.77
4152.56
4152.06
4142.67
4128.75
4112.17
4113.84
4126.33
4126.12
4118.33
4111.1
4104.2
4100.54
4098.84
4091.32
4080.23
4076.68
4077.78
4079.92
4082.72
4087.97
4094.77
4093.36
4086.77
4076.51
4063.93
4052.98
4043.09
4031.44
4018.66
3981.1
3927.36
3885.17
3850.6
3821.68
3796.5
3751.53
3693.29
3654.95
3630.08
3607.94
3587.66
3557.54
3520.68
3506.31
3507.51
3483.23
3441.17
3429.25
3438.54
3425.92
3397.75
3383.49
3379.2
3374.61
3369.82
3357.44
3339.56
3323
3307.42
3287.01
3263.03
3261.56
3276.85
3284.08
3285.28
3273.57
3252.09
3246.26
3252.35
3259.46
3267.35
3268.49
3264.4
3265.85
3271.65
3259.27
3232.6
3223.08
3227.18
3212.9
3183.93
3164.69
3153.3
3133.92
3108.05
3084.65
3063.27
3042.27
3021.59
2996.93
2968.96
2938.92
2907.15
2881.18
2860.1
2838.48
2816.4
2793.03
2768.56
2740.81
2710.24
2678.34
2645.27
2634
2641.89
2629.29
2598.52
2574.29
2555.91
2542.1
2532.41
2522.04
2511.05
2499.85
2488.46
2472.45
2452.17
2437.79
2428.9
2428.37
2435.66
2446.55
2460.83
2459.35
2442.87
2431.89
2426.2
2422.23
2419.93
2420.87
2424.97
2427.2
2427.6
2421.32
2408.43
2392.74
2374.26
2356.08
2338.2
2316.1
2289.72
2264.09
2239.21
2221.77
2211.98
2193.95
2167.38
2133.87
2093.11
2064.22
2047.84
2032.42
2018.04
2007.22
2000.23
1993.14
1985.95
1966.69
1934.32
1912.82
1903.23
1889.65
1871.67
1850.19
1824.81
1807.96
1800.67
1784.61
1758.63
1728.41
1693.34
1662.97
1638
1607.47
1570.5
1527.08
1476.13
1431.01
1392.75
1357.78
1326.71
1295.1
1262.83
1228.47
1191.61
1160.88
1137.61
1114.91
1092.94
1070.11
1046.23
1027.16
1014.08
1005.65
1003.05
997.185
987.195
979.578
974.982
973.581
976.279
972.747
961.158
954.253
953.454
955.936
962.729
963.72
957.027
964.622
991.296
1014.39
1032.67
1054.86
1082.33
1115.29
1155.75
1199.95
1249.3
1308.35
1380.88
1459.31
1546.03
1632.74
1719.46
1831.64
1980.1
2138.15
2309.98
2486.1
2668.42
2857.41
3056.11
3255.95
3457.45
3664.3
3879.09
4098.77
4325.75
4562.52
4814.08
5051.87
5268.76
5493.54
5730.41
5950.32
6144.03
6346.64
6563.13
6767.26
6951.98
7146.09
7355.09
7555.89
7743.61
7926.58
8101.9
8294.1
8513.69
8734.64
8957.82
9175.27
9383.27
9620.39
9906.01
10188.1
10464.3
10751
11055.3
11345.3
11610.7
11881.8
12162.7
12445.3
12730.7
13016.6
13303.1
13584.1
13855.6
14122
14379.4
14655
14963
15258.8
15532.6
15817.4
16122.4
16418.3
16697.6
16977.5
17258.7
17532.2
17791.7
18031.4
18233.9
18457.7
18721.9
18967.4
19176.8
19398.9
19645.7
19856
19995.2
20161.8
20382.6
20559.2
20647.7
20747.9
20871.8
20995.7
21119.7
21227.5
21302.2
21365.8
21406.3
21440.6
21462.2
21486
21514.4
21549.2
21597.4
21637.4
21660.2
21676.7
21679.5
21664.6
21611.3
21565
21534.5
21511.7
21506.1
21458.1
21315.4
21182.2
21070.7
20950.3
20809.7
20678.2
20567.9
20454.2
20332.8
20194.4
20016.5
19869.5
19795.6
19717.1
19627.3
19552.1
19512.4
19479.7
19464.5
19466
19509.1
19554.9
19607.7
19665.1
19734.4
19815.3
19925.8
20050.2
20210.2
20362.2
20493.3
20640.1
20828.1
21015.1
21199.1
21377.2
21539.5
21715.8
21929.6
22131.5
22301.1
22489.9
22730.9
22950.2
23109.1
23254.9
23363.7
23481.3
23623.7
23759.3
23875.2
23985.7
24080.7
24158.4
24185.9
24215.5
24251.6
24277.3
24272.1
24260.4
24229.2
24195.9
24155.8
24107.7
24034.7
23968.7
23924.3
23867
23769.7
23676.1
23594
23500.4
23370.2
23249.7
23160.5
23069.1
22970.6
22879.4
22812.5
22726.5
22576.7
22449.3
22397.3
22331.6
22219.5
22115.9
22041.7
21975.9
21939.4
21889.2
21790.4
21709.8
21694.2
21671.7
21624.3
21570.5
21493.7
21416.6
21338.7
21277.1
21276.9
21282.1
21307.7
21307.5
21208.2
21121.8
21085.6
21047.1
20999.5
20960.5
20956.1
20942.4
20890.9
20836.9
20772.3
20717.5
20703
20670.9
20565.7
20465.4
20386
20326.4
20351.5
20344.5
20197.5
20064.3
19991.5
19912.9
19809.1
19702.8
19585.7
19462.3
19310.4
19169.3
19078.4
18978
18833.6
18688.3
18538.8
18405.2
18348.3
18256.2
17992.3
17744.5
17576.9
17422.9
17337.9
17235.5
17044.5
16862.5
16727.1
16602
16530.5
16446.2
16292.8
16148.9
16055.8
15957.6
15831.4
15706.8
15591.1
15482.4
15412.8
15337.5
15229
15119.7
15005.3
14899.1
14841.8
14780.3
14693.6
14605.1
14506.2
14407
14305.7
14204.8
14106.5
14019.4
14004.7
13979
13881.2
13789.4
13736.9
13683.5
13623.3
13569.3
13557.6
13542.6
13503.7
13473.1
13501.9
13523.5
13493.2
13465.1
13454
13444.8
13450.4
13456.7
13468.1
13475.8
13455.1
13437.4
13444.7
13457
13510.2
13559.3
13573.9
13582.7
13542.1
13504.7
13496.2
13487.9
13480.8
13470.2
13427.8
13391.6
13412.3
13432.5
13447.8
13461.5
13458.7
13457.9
13476.2
13491.2
13471.7
13449.7
13402.3
13357.4
13338.9
13313.1
13206.8
13105.8
13063.7
13018.8
12940.7
12862.3
12781.5
12695.3
12543.7
12397.5
12320.3
12242.3
12154.4
12065.9
11969.4
11874.3
11799.4
11722.6
11618.9
11517.8
11454.6
11391.2
11323.7
11255.5
11176.4
11097.2
11013.5
10929.7
10841.7
10755.5
10701.7
10646.5
10564.7
10481.9
10379.9
10279.4
10208.9
10136.3
10021.4
9905.94
9777.56
9649.84
9537.05
9424.71
9322.91
9219.64
9079.37
8939.35
8805.78
8672.54
8548.57
8424.75
8305.76
8187.46
8090.96
7993.6
7867.13
7740.3
7600.74
7461.75
7345.67
7230.36
7148.74
7066.24
6941.96
6818.13
6718.13
6618.17
6520.57
6422.81
6314.61
6207.01
6145.27
6082.97
5969.08
5855.38
5762.97
5670.1
5510.66
5351.33
5215.66
5079.71
4849.04
4618.39
4407.49
4196.6
