8.416527
5.769845
6.466959
3.787982
9.820117
10.400000
7.525723
9.353295
7.104205
9.581436
7.902027
6.142279
9.009469
9.074887
7.201189
9.908958
10.543714
9.593844
5.525936
7.278955
10.018403
9.070264
7.246432
12.873452
10.272122
10.250212
7.627886
9.354793
9.844442
8.342715
9.313611
9.789780
9.562429
8.881713
8.635098
9.050450
7.636586
6.965964
10.255297
7.072849
10.019150
11.290332
10.334803
9.437192
9.417815
8.729382
10.424671
12.955699
10.482062
8.824763
8.380091
7.997339
9.199605
9.767025
15.466123
11.868788
8.090912
11.943206
12.702965
12.527271
12.139303
10.666827
10.145561
10.800000
9.027729
6.795660
9.355625
10.624664
11.224412
9.537069
10.724286
8.668680
6.360983
11.204302
12.745688
12.800000
10.492644
10.639449
13.749551
12.193127
10.080819
13.302389
10.860111
9.960154
11.024321
12.650548
14.674610
14.318650
10.616530
12.751459
14.615517
14.300658
14.127741
11.079283
10.351958
12.440039
13.516978
13.529599
12.273786
11.548030
12.289632
13.971193
14.264136
14.789366
9.045347
11.217748
10.101508
10.329965
10.600000
7.797141
11.705848
15.520689
13.403155
13.048868
14.077987
12.340150
13.559967
13.205671
14.201376
11.055183
11.071521
11.171411
13.484682
17.654182
12.349297
12.803614
11.932144
13.846764
16.390679
15.678322
13.631436
11.011566
15.941732
13.658677
18.557202
16.700085
12.390978
16.334073
15.448145
17.801100
14.937567
12.927844
14.556117
14.807899
14.686678
16.087947
16.409542
16.820218
18.984527
16.273334
15.475077
15.785648
14.415603
14.606324
18.817514
16.328771
18.560726
12.986592
11.742280
16.094903
16.408075
16.706393
16.436619
14.244471
18.879906
19.095327
16.948386
13.859822
13.501356
20.826152
18.239817
16.682455
17.762545
16.730115
16.873898
16.831692
16.710663
18.770421
16.222182
12.874042
17.400000
18.052936
19.436176
16.834093
13.734198
17.934514
15.568226
20.899204
19.738739
17.673425
19.456815
20.658041
19.631874
18.904822
18.629347
17.072363
18.414848
22.848673
20.217631
21.744835
19.247733
21.937964
22.089699
21.149888
20.169418
16.142249
22.452302
22.964714
22.169262
21.400521
19.808492
20.041705
21.400000
20.836856
21.267901
26.009639
25.494071
24.426767
24.748942
20.863488
24.321563
23.098725
21.737598
23.948018
26.293439
27.234650
24.874727
24.182255
27.620968
29.173959
26.293428
22.776968
22.250186
24.038424
26.613902
18.875033
20.955640
25.595454
26.080118
26.462166
24.223429
22.382068
21.442480
21.894062
21.402988
21.779851
23.192420
18.807041
20.077702
21.228089
24.547842
22.102701
20.084047
19.611348
20.820051
21.482765
21.282068
18.732975
17.517763
18.867252
19.906451
19.229836
19.232043
20.114015
18.490205
19.586216
22.473497
19.747981
23.553585
23.481759
23.775100
21.769471
23.005040
21.578089
22.136930
20.962587
21.296725
23.224735
24.360837
23.237323
18.414046
26.068699
27.714643
22.146501
20.510729
21.549841
23.891300
21.776086
22.029382
23.284846
20.671600
23.252838
24.396145
24.492240
23.534629
20.724859
24.006771
25.133612
22.133169
22.687645
26.611322
18.563086
21.080491
23.932580
25.388456
24.634026
23.673620
23.897630
28.133041
28.391686
24.366134
22.039903
21.950053
24.814909
26.079368
26.703856
27.713455
22.905672
27.829666
26.194652
20.707526
21.176105
23.785971
22.279363
25.545467
27.414510
24.878416
21.260344
21.006255
26.897529
27.910612
25.871133
26.701365
23.350269
25.941195
26.676528
24.646589
25.008574
24.474457
25.737241
26.603955
27.164251
24.177471
23.102941
27.222744
28.169640
26.104442
25.275647
21.415024
25.024089
23.927904
22.344164
21.493142
21.025149
22.325395
20.990329
25.659884
25.675334
24.255369
22.628533
21.405626
23.258640
24.227353
25.993074
22.890212
26.845159
23.822355
20.608642
17.536989
20.320542
17.091443
19.125605
22.025644
23.377444
20.743831
20.422785
22.044153
22.061551
21.182216
20.434193
26.422255
20.943130
20.632809
21.236908
24.489014
20.043650
24.783761
23.288926
16.115195
16.182859
18.377662
16.973765
16.923408
21.095681
22.896588
19.976853
21.055211
22.297538
18.453629
21.905807
20.213982
18.720153
21.105138
18.234288
23.016239
25.959510
23.857225
18.002089
19.268150
22.994894
21.845208
23.360771
24.664243
18.486795
20.699993
26.496406
18.957922
20.419472
19.019368
24.302459
23.709413
20.790741
19.921145
19.295677
20.197582
20.059905
19.687437
20.270769
18.540629
17.738658
16.691593
21.293241
17.696231
22.579995
18.758421
18.227929
18.224258
19.965920
18.685823
18.550038
18.435238
19.325777
19.520803
17.655782
17.653431
17.259847
13.847156
22.320550
17.044847
15.299383
