133.997
126.704
119.411
125.684
131.978
125.728
119.434
121.586
123.784
119.437
115.041
121.433
127.926
126.617
125.218
125.298
125.398
125.006
124.607
126.564
128.562
125.464
122.267
126.796
131.492
122.914
114.022
113.508
113.208
118.935
124.829
125
125
127.323
129.721
123.906
117.812
116.636
115.637
117.621
119.719
123.641
127.637
124.829
121.732
118.731
115.734
116.65
117.749
114.18
110.384
111.721
113.319
114.728
116.127
118.472
120.869
116.371
111.476
109.032
106.734
113.844
121.536
117.588
112.892
116.066
119.763
115.886
111.491
113.625
116.223
117.145
117.944
115.492
112.794
111.209
109.711
115.243
121.337
120.784
119.686
125.311
131.505
123.451
114.16
112.758
112.059
116.942
122.337
116.863
110.37
110.529
111.328
112.309
113.308
114.307
115.306
113.861
112.162
113.897
115.995
117.011
117.91
113.862
109.266
112.391
116.387
115.277
113.579
111.166
108.668
110.719
113.316
113.066
112.467
114.087
115.985
117.086
118.085
113.338
107.843
111.698
116.793
118.104
118.903
116.629
113.932
115.79
118.288
122.621
127.217
127.625
127.426
126.704
125.904
127.536
129.535
127.634
125.136
133.444
143.434
137.555
129.164
131.786
136.182
142.209
148.502
146.145
142.349
140.005
137.907
141.948
147.043
148.48
149.28
155.85
163.443
164.854
165.154
161.483
157.087
163.564
172.056
173.148
172.848
175.988
179.784
186.594
193.986
194.198
192.999
193.383
194.082
197.109
200.605
200.868
200.469
204.04
208.435
210.52
212.119
219.974
229.165
238.849
248.639
246.221
241.126
252.706
267.991
279.525
290.215
289.19
285.494
302.004
323.183
328.819
330.817
332.815
334.813
349.379
366.962
368.31
365.713
381.154
401.035
407.319
410.216
417.262
425.354
427.796
428.795
439.479
452.667
461.181
468.474
473.002
476.798
477.048
476.349
487.598
502.084
514.217
525.706
539.307
553.493
559.565
563.361
566.068
568.465
587.165
610.542
619.362
623.957
632.492
642.182
654.184
666.872
674.949
681.642
695.004
710.389
718.664
724.758
731.538
738.531
743.699
748.294
748.641
747.642
758.069
772.156
770.09
762.797
769.13
779.919
787.105
793.099
806.357
822.042
829.51
834.206
835.027
834.528
850.077
871.157
887.864
903.049
920.451
938.633
964.04
992.012
1009.69
1023.68
1048.59
1077.46
1097.56
1114.44
1147.44
1186.4
1212.05
1232.73
1260.38
1290.65
1325.84
1362.9
1405.02
1449.07
1483.7
1514.67
1554.25
1597.21
1648.4
1702.85
1758.58
1814.82
1872.56
1930.9
1993.01
2056.65
2109.17
2157.12
2216.16
2279.8
2328.02
2369.78
2449.65
2545.66
2613.6
2669.54
2737.7
2811.13
2894.86
2983.07
3078.64
3177.44
3263.65
3344.27
3440.9
3544.7
3645.54
3745.04
3839.61
3931.92
4038.94
4152.73
4274.09
4398.97
4499.42
4588.43
4697.86
4816.95
4926.29
5030.99
5126.31
5217.12
5313.85
5413.45
5485.43
5543.87
5616.69
5696.61
5771.33
5843.46
5910.67
5975.41
6009.86
6028.94
6076.63
6138.97
6193.86
6244.91
6290.58
6333.44
6341.98
6332.49
6342
6361.58
6381.94
6402.72
6407.92
6404.73
6400.75
6396.36
6400.8
6410.09
6423.24
6438.52
6433.23
6416.44
6396.97
6376
6384.08
6408.65
6437.23
6468.1
6451.34
6407.08
6415.68
6455.04
6466.96
6462.76
6466.53
6475.02
6473.38
6465.69
6472.53
6488.11
6503.14
6517.82
6532.07
6546.06
6565.85
6589.23
6619.38
6653.75
6668.23
6670.22
6699.14
6745.1
6762.27
6761.07
6755.67
6747.58
6743.13
6741.03
6724.37
6698.2
6654.63
6599.58
6559.78
6530.11
6473.04
6397.61
6359.87
6347.58
6316.57
6272.82
6243.75
6224.76
6202.48
6177.9
6164.27
6158.27
6150.58
6141.69
6131.4
6120.11
6116.86
6119.35
6114.3
6103.81
6087.54
6067.06
6058.51
6058.71
6053.11
6043.22
6044.27
6053.46
6055.4
6051.9
6059.61
6075.8
6088.13
6097.52
6103.58
6107.07
6121.32
6143.9
6138.54
6111.37
6118.46
6152.53
6151.39
6122.32
6087.36
6047.7
6035.75
6046.14
6024.07
5975.62
5933.2
5895.74
5884.93
5896.12
5880.37
5842.21
5811.27
5786.39
5751.02
5706.76
5685.16
5682.86
5653.58
5601.13
5571.55
5561.76
5549.52
5535.13
5527.23
5525.03
5506.84
5474.47
5453.24
5441.95
5434.86
5431.57
5418.69
5397.11
5373.34
5347.56
5319.29
5288.72
5281.4
5295.69
5295.38
5281.39
5280.87
5293.06
5294.85
5286.76
5277.55
5267.26
5265.81
5272.9
5291.18
5320.35
5326.03
5308.64
5294.53
5283.64
5283.15
5293.04
5284.4
5257.12
5237.69
5226.2
5210.31
5189.93
5189.4
5209.28
5227.88
5245.17
5250.82
5244.33
5247.81
5261.8
5263.52
5252.23
5243.99
5238.99
5247.93
5271.91
5282.68
5279.08
5278.34
5280.74
5285.42
5292.61
5302.92
5316.71
5316.37
5300.19
5277.63
5247.85
5227.42
5217.63
5190.59
5143.74
5093.59
5039.65
4993.77
4957.31
4905
4834.07
4782.02
4752.35
4727.46
4708.28
4674.18
4622.14
4586.15
4569.67
4548.6
4521.93
4508.63
4511.83
4502.55
4477.78
4453.71
4430.53
4413.67
4404.78
4406.08
4420.37
4433.52
4445.21
4446.57
4434.58
4440.25
4468.92
4496.68
4523.26
4550.9
4579.98
4614.1
4654.96
4699.61
4749.36
4801.74
4857.68
4908.18
4951.24
4998.16
5050.41
5111.23
5183.96
5267.21
5365.22
5466.33
5571.82
5704.19
5874.83
6031.72
6168.88
6308.5
6451.66
6606.31
6777.75
6964.62
7174.22
7382.77
7589.76
7790.79
7982.91
8184.42
8400.11
8611.52
8816.42
9031.1
9260.77
9459.63
9610.88
9780.85
9979.95
10175.9
10366.8
10571.1
10796.5
10990.3
11133.3
11303
11515.6
11737.4
11974.2
12219.2
12477.8
12739.2
13005.5
13282.2
13576.4
13876.2
14185.2
14468.7
14709.3
14978.1
15294.9
15611.5
15927.4
16239.6
16545.6
16842.3
17122.6
17403.6
17685.7
17976.4
18282.4
18592
18907.9
19210.2
19488
19771.3
20064.7
20370.2
20698.4
20998.9
21247.8
21512.4
21806.2
22072.4
22286.3
22500.2
22714
22930.5
23151.9
23371.5
23587.6
23777.9
23918
24063.3
24219.1
24377.4
24540.7
24686.4
24796.7
24875.7
24891.3
24920.7
24978.4
25030.6
25071.8
25102.3
25110.7
25112
25098.6
25092.4
25101.7
25118.8
25152.8
25163
25122.1
25084
25052.2
25005.6
24926.1
24833.5
24711.6
24624.4
24614.6
24527.1
24263.9
24051.1
23953.1
23833.2
23662.6
23489.7
23311
23150.9
23034.4
22895.9
22705.7
22538.9
22428
22352.7
22363.3
22365.5
22347.3
22351.8
22412
22470.3
22523.8
22581.6
22650.5
22732.6
22848.2
22986.5
23182.5
23366.6
23519.7
23687.6
23893.8
24108
24343.2
24561.6
24735.2
24936.5
25212.5
25474.1
25696.6
25934.1
26212.8
26463.6
26637.6
26813.4
26993.8
27158.3
27277.9
27394.9
27504.6
27604.2
27674.7
27729.3
27737.5
27755.4
27801.8
27840.8
27857.4
27855.4
27797.6
27751.7
27741.5
27705.4
27590
27485.1
27412.7
27326
27194.9
27072.5
26978.2
26878.3
26760.6
26656.1
26594.5
26514.3
26373.2
26236.5
26114.5
25996.3
25890.8
25792.6
25719
25645.5
25572.4
25481
25325.9
25182.6
25080.3
25000.8
25001.7
24995.4
24963.2
24922.3
24849.8
24776.4
24699.8
24622.6
24542.6
24476.7
24464
24448.6
24422.8
24382.7
24287.6
24200.9
24147
24095.1
24051.1
24012.1
23992.6
23963.9
23898.1
23831.7
23763.4
23704.7
23685.8
23647.8
23529.8
23423.1
23363.8
23303.2
23236.7
23167.4
23086.2
22994
22853.4
22716.3
22595
22466.8
22307.9
22157.3
22044
21931.8
21824.6
21704.1
21520.9
21332.7
21120.2
20917.8
20764.2
20612.6
20471.4
20321.7
20130
19945.5
19797.6
19646.8
19480.4
19316.6
19166.1
19019.9
18896.6
18770.1
18626
18485.4
18363.4
18240.7
18113.8
17983.4
17833.3
17690.2
17586.3
17484
17391
17297.9
17204.2
17111.6
17025.5
16937.6
16839
16738.6
16627.4
16513.8
16385.1
16266.4
16211
16154.2
16088.9
16024.5
15966.6
15902.8
15800.4
15711.1
15710.1
15699.3
15620.7
15551.1
15543.8
15534.4
15509.6
15488.6
15495.7
15500.2
15485
15475.5
15509.3
15538.1
15528.5
15520.8
15528
15538.2
15572.3
15598.6
15559.6
15526.3
15540.8
15550.5
15519.4
15492.7
15505.4
15510.6
15449.6
15397.3
15424.1
15449.6
15462
15476.1
15506.2
15532.3
15518.6
15505.5
15498.5
15492.2
15494.5
15494.8
15474
15447.9
15364.9
15278.7
15157.6
15038.4
14940
14847.9
14829.3
14804.2
14701.4
14595.9
14457.4
14320.8
14208.9
14095.2
13957.7
13825.7
13767.6
13706.5
13604.3
13503.7
13426.3
13347.4
13247.2
13147.1
13047.8
12947.6
12834.2
12723.6
12658.2
12589.6
12467.5
12349.2
12297.6
12241.7
12110
11979.4
11871.4
11763.1
11648.6
11532.9
11392.5
11252.5
11123.6
10993.4
10833.3
10675.5
10574.4
10471
10308.7
10147.9
10023.3
9897.32
9731.78
9566.55
9410.5
9255.75
9142.26
9028.69
8912.41
8794.68
8624.15
8455.18
8348.59
8241.56
8115.89
7990.27
7867.69
7745.63
7650.93
7555.77
7434.39
7313.52
7226.71
7139.78
7044.37
6948.71
6829.33
6709.68
6560.53
6411.23
6240.99
6070.72
5892.29
5713.57
5434.64
5155.72
4881.49
4607.26
