73.9979
69.3025
64.6071
72.8793
81.1712
77.9146
74.6179
70.3275
66.0317
71.8507
77.7449
75.0289
72.2316
79.4104
86.7032
79.0124
71.1202
75.0336
79.1296
78.5127
77.8134
79.2698
80.7683
73.661
66.3682
66.688
67.1875
69.3428
71.5407
74.5162
77.5132
79.5402
81.5382
78.1146
74.5182
74.6898
74.9896
75.4821
75.9816
71.5735
66.978
72.4658
78.3601
70.7414
62.5495
65.3561
68.6529
70.8998
73.0976
70.8188
68.3212
74.3784
80.872
74.4651
67.3721
65.5801
64.0815
60.9771
57.7802
66.6499
76.2405
77.9289
79.1277
74.5061
69.511
72.3852
75.7819
70.1103
63.8165
65.8255
68.423
67.9483
67.249
65.6207
63.9224
68.5279
73.6229
71.2248
68.2277
67.723
67.4233
68.229
69.1281
69.0161
68.8163
63.1131
56.9191
60.6103
65.2058
64.4126
63.1139
63.7291
64.5283
65.6003
66.6993
65.711
64.5122
66.5732
68.9708
70.0132
70.9123
66.4921
61.497
62.8892
64.9871
68.9702
73.1661
74.4957
75.4947
73.8125
71.8144
73.116
74.8144
71.7966
68.2001
70.1085
72.7059
76.5437
80.5398
73.3979
64.8063
68.0336
72.8289
73.312
73.2121
80.0491
87.8414
84.3317
79.2367
83.7576
89.6518
93.4527
96.9493
90.786
83.1935
89.7542
98.4457
100.986
102.584
101.071
99.0732
99.4899
100.289
108.316
117.507
117.684
116.385
118.684
121.581
121.145
120.146
128.526
138.516
142.212
144.809
144.266
143.167
152.992
164.78
170.064
174.16
175.643
176.642
178.482
180.48
188.518
197.709
209.829
222.517
221.928
218.731
225.114
233.406
235.548
236.447
241.077
246.472
251.453
256.348
270.156
285.841
291.399
294.796
305.502
317.79
325.735
332.729
341.438
350.529
354.891
358.188
379.544
405.019
417.915
427.905
441.458
455.844
470.31
484.796
497.509
509.797
531.247
554.924
565.533
572.925
590.315
610.196
620.822
629.114
631.835
633.133
646.896
663.88
682.605
701.786
709.75
714.745
729.984
747.967
755.73
760.725
773.248
787.834
811.258
837.132
848.339
855.432
879.491
908.363
922.563
932.553
944.944
958.031
979.073
1002.45
1021.44
1039.12
1059.03
1079.61
1087.77
1092.17
1102.22
1114.01
1131.52
1150.8
1166.96
1182.15
1196.95
1211.64
1208.62
1199.92
1206.63
1218.32
1233.17
1249.05
1254.13
1255.62
1267.23
1282.22
1300.56
1320.04
1338.93
1357.61
1377.33
1397.41
1424.61
1454.28
1486.61
1519.88
1549.61
1578.08
1607.95
1638.32
1680.71
1727.47
1768.15
1806.61
1849.38
1893.74
1928.93
1960.7
2010.09
2066.14
2117.84
2167.89
2215.13
2261.29
2324.56
2394.5
2459.4
2522.34
2580.42
2636.56
2707.69
2784.82
2852.19
2915.63
2994.82
3080.44
3149.21
3211.05
3278.04
3347.17
3434.53
3529.54
3606.79
3676.52
3753.88
3834.5
3904.03
3968.76
4072.27
4192.65
4294.99
4389.4
4490.59
4594.78
4690.77
4783.08
4889.91
5003.3
5108.04
5208.84
5300.06
5386.88
5506.03
5640.2
5761.92
5877.81
6000.61
6126.69
6230.58
6323.89
6418.81
6514.52
6608.61
6701.92
6796.5
6891.71
6967.06
7032.6
7112.46
7199.48
7254.65
7293.82
7352.2
7420.33
7455.03
7472.61
7504.62
7544.08
7583.55
7623.01
7637.71
7639.41
7650.84
7667.42
7691.49
7719.56
7728.56
7727.26
7721.56
7713.47
7694.34
7669.17
7672.61
7691.89
7700.27
7702.57
7701.23
7697.83
7702.02
7710.51
7723.7
7739.59
7751.1
7760.09
7765.92
7769.92
7785.31
7807.39
7825.07
7840.16
7870.88
7910.94
7935.48
7950.66
7962.49
7972.28
8024.15
8101.77
8151.23
8183.3
8236.48
8302.82
8343.74
8368.72
8415.35
8475.69
8500.11
8501.61
8520.92
8551.69
8562.47
8560.27
8528.05
8476.2
8461.8
8472.09
8452.08
8411.91
8358.36
8295.82
8265.35
8256.56
8240.4
8219.22
8185.67
8143.61
8126.4
8126.4
8127.34
8128.94
8140.15
8158.14
8170.63
8179.22
8182.16
8181.06
8179.26
8176.97
8174.55
8172.06
8174.29
8179.98
8190.85
8205.53
8204.3
8191.21
8187.03
8189.52
8190.43
8190.13
8202.98
8225.86
8243.76
8257.85
8269.06
8278.06
8278.07
8271.08
8259.22
8243.54
8234.59
8231
8211.25
8178.58
8170.47
8182.16
8161.05
8113.3
8085.1
8072.91
8048.25
8013.28
7981.37
7952
7927.41
7906.83
7899.56
7903.56
7901.08
7893.09
7885.74
7878.95
7878.8
7884.39
7888.49
7891.29
7890.9
7887.7
7870.31
7840.34
7833.16
7846.35
7860.48
7875.47
7876.63
7865.24
7865.49
7876.38
7873.8
7858.82
7846.63
7837.04
7815.74
7783.47
7795.65
7849.8
7868.42
7853.23
7847.79
7851.68
7861.32
7876.51
7897.92
7925.39
7935.22
7927.73
7926.71
7932.11
7949.61
7979.18
7982.49
7959.41
7948.1
7948.7
7951.62
7956.91
7985.35
8037.6
8056.79
8041.71
8030.34
8022.84
8034.47
8066.24
8090.01
8105.3
8153.26
8236.18
8282.32
8288.82
8301.01
8319.39
8343.4
8373.57
8377.48
8352.41
8351.49
8377.47
8410.5
8451.46
8439.95
8369.12
8331.4
8331.4
8306.24
8252.2
8205.14
8166.18
8136.21
8116.73
8080.76
8025.42
7986.53
7967.15
7941.58
7908.61
7869.25
7822.2
7797.17
7798.86
7785.96
7755.19
7710.01
7647.08
7612.87
7614.37
7621.14
7634.53
7620.67
7572.42
7556.92
7583.09
7592.07
7578.98
7579.83
7598.71
7622.76
7653.53
7696.95
7756.99
7803.32
7831.49
7873.91
7935.35
7990.74
8038
8100.21
8182.73
8252.97
8306.42
8378.26
8475.47
8555.7
8612.34
8683.34
8774.45
8870.74
8974.34
9084.49
9203.97
9335.15
9483.1
9625.3
9759.17
9905.1
10068.6
10223
10363.7
10524.6
10715.5
10887.2
11030.5
11170.8
11306.6
11449.7
11603.8
11764.8
11936.5
12105.1
12268.6
12400.1
12481.6
12584.1
12719.6
12858.9
13004.5
13158.4
13325.8
13495.6
13669.3
13869
14111
14331.5
14516.9
14730.8
14991.6
15252.6
15513.6
15776
16040.5
16334.9
16679.9
16986.2
17226.6
17479
17752.2
18023.3
18290.6
18561
18836.5
19085.6
19288.1
19513.1
19778
20044.6
20314.3
20602.5
20924.5
21204.4
21407.3
21621.5
21856.4
22111.5
22404
22656.6
22834.2
23028.4
23253.7
23467.6
23659.5
23839.8
23997.6
24157.2
24320.1
24466.1
24578.8
24695.5
24820
24930.9
25014.5
25105.8
25212.4
25287.5
25298.5
25330.9
25406.8
25455.1
25446.3
25459.7
25519.4
25552
25527.7
25490.3
25425.2
25384.2
25394.8
25383.2
25324
25259.3
25182.5
25102.9
25016.9
24913
24769.4
24617.7
24447.7
24286.6
24145.7
23994.9
23821.2
23649.7
23482.8
23301.2
23085.4
22905.7
22811.2
22704.8
22570
22461.3
22415
22402.6
22472.2
22532.1
22568.3
22588.6
22570
22573.1
22629.8
22708
22839.9
22986.2
23169
23341.4
23487.4
23639.6
23807.9
23992.2
24218.1
24438.2
24643
24882.6
25214.5
25499
25656.1
25832.5
26061.6
26286.4
26499.5
26706.6
26897.2
27077.1
27227.2
27400.1
27637.3
27831.2
27901.3
27995.5
28159.1
28284.7
28300.1
28300
28254.2
28222.2
28231.1
28231.5
28206.4
28159.9
28048.3
27946.7
27875.8
27796.1
27689.1
27581.5
27472.1
27369.1
27286.4
27192.7
27064
26944.1
26853.1
26752.7
26621.7
26485.4
26331.1
26193.8
26113.2
26029.9
25937.7
25851.7
25787
25720.2
25646.5
25573.1
25500.5
25419.4
25307.7
25213.6
25182.8
25148.9
25103.9
25061.7
25029.5
24990.1
24923.9
24855.7
24780.2
24701.4
24610.4
24535.1
24520
24502.8
24477.4
24446.4
24393.3
24331.7
24236.6
24154.5
24124.7
24080.7
23978.9
23889.7
23852.3
23809.2
23742
23670.1
23578.6
23491.4
23422.5
23344.7
23228.1
23114.1
23012.1
22909.7
22805.3
22680.1
22461
22246.4
22052.5
21867.6
21724.3
21578
21417.1
21249.3
21048
20856
20708.9
20550.9
20339.2
20131.9
19946.5
19760.6
19571.9
19392.6
19260.5
19134.6
19040.7
18934.6
18764.7
18600.3
18465.2
18325.7
18161.9
18010.8
17928.9
17837.4
17692.4
17557.9
17482.5
17402.6
17297.1
17186.4
17045.6
16912
16821.7
16730.4
16633.6
16544.4
16501.9
16448.7
16329.3
16217.7
16155
16083.8
15957
15840.4
15790.7
15739.7
15680.8
15621.5
15560.1
15502.1
15468.5
15437.1
15421.9
15406.9
15393
15378.2
15356.3
15342.5
15389.3
15422.9
15356.7
15304.1
15355.8
15395.7
15343.5
15296.6
15292.7
15288.2
15278.9
15269.5
15259.3
15250
15248.1
15242.4
15203.5
15167.7
15158.8
15153.1
15176.2
15200.8
15240.1
15278.2
15305.8
15327.7
15294.6
15264.4
15262
15256.5
15220.2
15182.5
15131.4
15080.4
15030.9
14977.1
14874.8
14775.4
14708.8
14637.7
14512.5
14389.2
14289.2
14190.1
14101.8
14011.7
13898.9
13784.8
13653.3
13524.8
13435.4
13345.6
13250.6
13157.8
13096.3
13033.9
12957.3
12878
12758.1
12640.3
12555.9
12471.6
12389.6
12306.8
12210.9
12112.7
11973.6
11836.1
11725.8
11614.6
11485.9
11358.1
11248.3
11139.4
11047.9
10952.3
10769.2
10588.7
10467.6
10347.3
10245.6
10141.9
9986.93
9831.28
9657.15
9485.02
9369.24
9251.29
9068.77
8887.98
8762.2
8635.86
8490.51
8345.7
8221.22
8096.95
7980.87
7864.66
7743.38
7622.48
7519.68
7417.09
7325.28
7232.85
7104.18
6976.21
6895.69
6814.74
6700.55
6586.42
6477.73
6368.52
6200.98
6033.29
5843.08
5652.68
5425.1
5197.47
4952.01
4706.54
4446.99
4187.45
