16.622495
17.048017
14.887212
13.704701
17.012031
15.951020
16.983480
15.317360
15.089522
17.454977
16.428805
19.121306
18.262920
14.946753
18.987869
23.641645
23.483570
18.934158
21.026385
17.832586
16.674189
24.060102
22.544980
19.915835
21.666067
21.705427
22.795728
22.109237
23.155482
24.114512
23.976017
25.486020
25.377232
25.402459
24.009989
26.498168
28.545589
30.802637
29.331332
24.964593
28.291156
33.755248
35.266814
34.353426
31.621819
29.606481
32.278729
33.395992
32.196171
39.756055
39.301256
33.555114
41.114542
43.084380
43.644534
47.957065
51.709112
55.580241
58.551785
64.364776
70.424827
75.272402
81.691987
92.596885
105.368721
114.539510
125.475509
143.951853
156.316488
172.278799
196.635147
213.026955
246.533938
268.958891
292.920741
322.755417
350.394147
384.498970
419.746316
457.863321
500.736616
538.222737
578.777876
623.624165
677.145397
721.478571
762.804336
802.461000
833.653609
868.353786
903.309164
946.327559
975.302353
989.409691
1010.973289
1030.657519
1047.999322
1068.942368
1073.012857
1080.139850
1093.338870
1111.761786
1114.450977
1117.963835
1118.511071
1122.000395
1128.293459
1116.956165
1117.824737
1124.984915
1126.697594
1126.093195
1127.336053
1116.475263
1099.582782
1107.773722
1105.253239
1097.375789
1096.427288
1097.791259
1092.323383
1094.626911
1100.436222
1095.098722
1093.139323
1071.157250
1040.123459
1029.821880
1017.197895
991.783934
973.029574
949.714526
928.504202
919.855895
914.829584
884.262038
873.167073
861.576141
859.826947
852.632887
847.670094
837.593194
833.200000
826.916455
819.052970
822.907579
821.762119
808.119981
817.991186
821.349865
814.249526
812.983197
804.360335
795.370188
791.277192
790.204165
762.069654
742.306316
729.831357
715.497406
704.746708
686.731000
668.958846
664.871429
653.032577
633.402124
620.164786
620.688372
590.772959
585.093795
587.867895
574.401438
574.023735
566.580492
569.600481
564.497395
559.731966
565.911263
561.635307
550.377175
556.205620
555.874906
543.522077
543.151504
538.505113
515.526576
511.824885
490.819744
479.504331
468.329551
449.038060
437.297075
418.479789
408.990868
402.924232
391.705605
387.092395
380.821455
366.699957
346.688143
336.632333
326.850040
310.642508
293.800831
268.419788
243.733556
230.004087
211.912096
197.092132
187.180526
176.469968
165.372314
154.664143
144.960504
143.670263
144.381500
129.200647
132.670561
126.500015
125.722821
127.916466
128.073977
133.833062
141.179188
149.220421
158.031250
171.680465
196.036293
228.183321
264.556778
309.878974
367.686441
446.779979
535.144576
630.607323
731.875548
848.561697
975.877459
1106.946554
1229.095883
1336.573158
1452.623158
1571.732768
1668.127293
1757.609211
1866.001959
1973.223346
2062.054426
2158.996842
2256.868889
2362.021729
2483.535639
2620.979286
2747.440752
2878.096591
2983.162256
3151.547669
3273.869474
3374.428286
3485.557594
3606.767274
3741.285424
3880.053383
3999.091469
4095.934568
4242.376234
4392.155865
4477.670489
4605.766748
4685.883383
4796.128079
4891.219436
4953.431262
5027.330263
5105.422542
5147.769380
5203.923835
5261.141203
5255.574680
5234.053729
5248.132820
5232.949079
5244.397726
5243.344887
5248.141429
5254.601128
5226.619171
5179.666429
5147.810902
5084.754079
5032.940000
4994.347820
4929.968929
4847.854407
4790.974925
4754.537119
4726.558609
4730.368947
4679.018983
4724.981147
4749.552820
4813.329511
4856.594162
4948.935827
4999.230677
5087.990526
5156.641711
5224.548195
5344.096992
5427.943051
5495.085771
5584.003898
5641.134286
5718.401485
5818.076234
5830.798722
5900.209737
5902.725658
5887.397119
5880.260376
5858.743102
5869.768026
5835.119737
5770.338927
5744.639098
5704.512222
5665.986992
5656.883277
5606.417744
5517.774850
5482.353691
5443.183835
5430.975583
5366.017068
5334.655405
5321.410714
5317.306767
5272.687895
5252.409474
5231.882448
5221.970226
5206.762411
5166.208233
5126.640697
5101.057331
5085.811165
5086.728814
5070.319925
5066.397137
5011.198214
5012.457062
4991.414699
4952.149454
4912.453158
4866.703158
4824.312881
4782.965000
4729.448983
4664.601353
4615.442542
4559.090921
4482.474361
4425.037970
4371.332895
4329.275932
4249.419361
4179.561186
4138.130301
4061.189605
3989.386842
3913.891053
3902.991601
3846.008233
3761.070339
3722.839041
3715.045932
3679.088271
3636.229154
3606.513835
3554.471353
3538.973013
3497.294417
3442.621053
3404.446316
3374.827797
3365.623947
3345.351316
3340.017119
3333.875789
3321.136968
3315.273459
3314.017646
3308.048741
3315.410714
3329.422632
3332.276842
3349.286177
3325.094436
3322.474135
3334.775122
3319.601466
3299.136842
3294.808289
3308.232881
3342.242105
3343.905526
3326.008929
3319.586917
3315.216429
3298.775282
3279.128606
3253.940000
3203.869548
3141.087594
3095.211429
3083.960527
3036.866259
3000.749605
2946.932105
2919.010414
2854.586335
2828.854248
2764.835977
2739.361410
2721.710678
2682.172256
2646.777401
2603.413289
2549.536742
2511.721992
2468.325075
2418.203220
2348.965789
2293.921579
2255.183947
2191.452561
2131.631842
2067.900489
2013.045338
1967.392406
1919.896723
1860.391090
1805.972260
1767.191278
1711.696234
1643.617199
1621.982782
1560.921017
1515.196485
1490.811695
