36.378305
34.639204
35.562334
38.206673
32.298676
37.920557
43.841281
40.877859
36.759419
38.650858
40.682432
36.987109
34.467413
38.935128
41.956980
41.528282
44.192888
40.192666
43.611553
43.085773
45.871033
51.435955
47.816078
49.157756
48.693522
48.122171
52.060301
48.781113
48.397835
50.643190
49.313551
50.685565
51.797511
51.571285
54.129461
54.571462
54.756416
62.034179
59.907610
63.465943
62.469119
62.870996
66.262429
66.469711
65.600000
66.760812
67.661344
69.180001
74.872008
77.774102
73.793702
76.086312
79.752902
85.504382
93.589186
98.225422
98.145432
109.509383
117.800671
122.600275
138.481571
148.175932
159.857831
179.455842
195.306684
220.280262
248.743840
281.007207
311.380595
342.503278
388.165164
434.389820
473.693424
522.695836
578.923451
642.979910
701.209669
763.494461
835.770429
911.183769
993.920113
1075.591053
1141.215376
1227.509831
1310.553653
1394.331955
1477.627519
1561.136410
1620.345602
1709.259511
1784.421729
1845.761356
1911.393759
1956.608343
1997.407801
2038.707669
2072.495706
2104.073421
2130.088929
2157.299699
2177.920169
2188.028571
2191.455526
2190.356992
2200.651429
2210.620640
2210.820150
2206.599173
2210.024060
2227.632373
2236.413835
2228.273553
2213.588026
2200.232632
2197.882256
2205.213985
2202.882015
2207.770263
2192.115932
2173.935620
2190.025414
2189.451130
2160.862481
2167.042274
2163.485150
2137.131149
2110.050508
2080.670301
2036.300000
1995.711974
1956.339002
1901.887820
1879.606780
1842.683835
1807.633296
1774.539398
1764.719361
1750.438927
1753.976391
1725.566523
1718.953553
1708.445895
1694.928797
1687.265150
1678.525179
1671.945789
1659.995932
1645.402538
1666.624576
1675.883759
1652.018083
1654.772350
1640.777744
1638.437156
1621.071955
1582.998797
1551.530376
1545.527006
1508.986974
1471.969962
1455.500772
1433.948289
1392.816855
1356.981429
1332.214530
1288.128177
1274.949286
1265.219323
1236.629549
1213.270678
1195.235038
1195.647180
1181.235752
1158.921770
1163.454474
1166.345188
1153.624407
1154.052632
1160.774369
1150.852650
1144.969662
1148.967218
1132.925620
1123.589850
1101.545338
1082.080113
1040.120207
1008.470395
987.314643
964.901248
945.317863
916.246023
878.752526
857.847171
832.284949
803.622365
792.536641
773.645263
756.048672
735.560827
715.484419
691.287704
657.599274
612.285034
566.075598
535.679481
489.043855
449.042056
416.399684
389.630000
363.660122
341.976055
324.775436
305.682150
296.250203
293.111985
280.512387
275.489004
271.483496
270.087356
273.296895
269.238914
278.807407
287.046199
308.718658
335.203250
364.718853
416.954398
485.356179
553.953382
650.035658
790.361119
940.347758
1128.486271
1328.110226
1542.631525
1775.786410
2040.491692
2303.165612
2545.946729
2763.946842
2975.024211
3212.975989
3424.194267
3602.437632
3804.800245
4012.866485
4191.035650
4392.138271
4607.652222
4848.066598
5086.706692
5317.907857
5600.353703
5875.187778
6122.331278
6426.844380
6659.353158
6874.059303
7129.886579
7409.666898
7673.303051
7918.995714
8177.880979
8447.877312
8753.071770
8963.286541
9207.064793
9370.225132
9549.067519
9778.632599
9996.818421
10112.113559
10263.400000
10465.146328
10572.751880
10620.375188
10674.384211
10728.787030
10759.360452
10756.125940
10793.412970
10767.618985
10735.603008
10751.200000
10738.203571
10732.346704
10617.064286
10559.925376
10430.026316
10310.100000
10184.199248
10024.047556
9895.622712
9802.453008
9712.915424
9660.460658
9641.927895
9643.185650
9702.426353
9747.319492
9804.538346
9912.491846
10060.941353
10185.903008
10325.173684
10496.101316
10693.406955
10907.504511
11100.595480
11254.355639
11407.451789
11587.027820
11767.593045
11902.052919
11895.392481
12033.319549
12084.831391
12065.891525
12072.090226
12064.290789
11986.307895
11952.639474
11906.886629
11788.755451
11675.713936
11613.757895
11554.006780
11454.049436
11355.808271
11300.177024
11213.613910
11176.835902
11055.106015
10952.423729
10940.906015
10892.130075
10889.273684
10828.236842
10785.642938
10749.332331
10679.265537
10624.955451
10584.364595
10544.486842
10520.228571
10493.701695
10480.384211
10377.755744
10378.171429
10295.677778
10261.500752
10223.364407
10143.364474
10061.357895
9991.408475
9874.812218
9740.656234
9670.469812
9566.369642
9411.298195
9283.676015
9154.219549
9015.083571
8816.896949
8724.441654
8614.274859
8466.002406
8353.267514
8231.615789
8102.380132
8045.488719
7946.661053
7837.197119
7743.579492
7678.841017
7603.632932
7514.537613
7454.610056
7374.290038
7271.728851
7222.353816
7130.745865
7078.779774
7013.069605
6968.517237
6920.052895
6859.587778
6867.703459
6876.579473
6882.501805
6886.828983
6868.101165
6865.537368
6894.000038
6896.632951
6867.231055
6816.814211
6832.008440
6811.746629
6863.422406
6825.044737
6839.301053
6849.201186
6896.670376
6901.278703
6882.827820
6879.029511
6876.823571
6835.126241
6747.706064
6671.932857
6635.256723
6558.391560
6443.160714
6379.816196
6305.293102
6159.427237
6102.230526
5997.712938
5942.142782
5880.861767
5785.681955
5730.363835
5643.801243
5554.723158
5488.977910
5403.034361
5314.447458
5208.817444
5120.959643
5007.358475
4961.314211
4810.222632
4705.954079
4558.703409
4442.278195
4336.190639
4214.044229
4110.517895
3991.082994
3867.024624
3776.692316
3683.290414
3562.876252
3457.907368
3356.574812
3301.021695
3227.961316
3091.074633
