15.651126
17.100367
15.247626
16.724637
17.531258
21.203609
26.165051
23.234720
26.978076
24.289996
29.840239
33.156241
33.142056
35.220810
38.449443
42.985492
43.820968
44.084824
42.835235
48.870197
49.661530
50.764904
58.140330
63.605084
59.312440
65.656810
69.961306
68.794571
67.600000
69.499466
71.564737
75.686830
83.919482
86.841968
90.915038
82.456227
87.896812
101.051615
100.237230
104.713071
103.082141
109.803784
108.871714
111.957820
114.437438
114.380471
116.523985
117.490623
118.152500
122.535552
123.603602
129.854248
129.106977
136.705695
140.346401
148.051231
150.672962
163.872361
170.230327
180.110983
186.927368
196.441237
211.110797
217.505797
222.269211
242.346209
261.915252
278.705455
282.426584
296.563929
312.237424
336.813414
343.798712
352.600742
377.817008
397.877827
416.715021
434.818222
461.558887
484.892276
499.158565
521.436816
541.542079
564.832004
583.403661
607.547323
639.706882
666.032288
686.132068
718.006436
728.246891
745.484339
769.257180
783.307646
792.290432
802.080203
809.618719
815.754895
828.967536
841.370090
830.696367
842.034250
845.938109
864.276831
858.346000
845.677264
859.570008
838.888692
826.920147
831.571503
835.070741
840.368994
845.857750
845.841053
843.505835
837.824893
844.784437
854.796226
842.872051
854.011474
864.595820
871.729561
885.853297
904.482921
910.802440
905.120793
900.787842
895.625383
894.978316
892.263671
881.124864
877.473733
871.466761
868.939865
865.394814
863.753632
852.040521
859.055266
844.989711
847.217216
833.471267
833.176847
833.110383
836.470586
838.245435
833.650184
829.323356
830.443132
841.796220
848.133150
841.761654
844.469878
837.921838
848.721158
838.069637
840.722887
833.175970
829.918249
816.819297
809.017470
811.000663
804.435434
797.403296
800.976000
796.024692
788.447049
785.884643
786.880910
779.338697
783.810855
773.189248
763.586759
760.690002
759.518330
750.169274
752.674199
753.237424
742.712316
736.986605
743.610622
748.221455
747.022865
754.277425
746.995568
753.232406
746.439028
747.821838
750.642759
749.144023
736.621949
747.010560
751.522744
758.309684
757.827395
751.380486
760.026301
761.718199
740.321711
748.844162
750.616541
750.358019
731.175930
733.512444
741.413339
712.503102
702.032812
699.620384
684.658831
671.030921
662.913342
642.188962
621.248070
620.316729
622.822008
612.748070
598.503742
598.028259
602.029815
609.242840
605.559115
612.458496
618.836438
620.576565
631.807609
640.997158
661.701000
678.598471
696.905526
721.661786
746.553415
780.862199
807.213780
825.144761
853.177288
905.174707
941.900932
974.451361
1004.131917
1049.436196
1077.281184
1110.943947
1146.716842
1171.544407
1178.810620
1212.561579
1256.167213
1265.226015
1302.581488
1336.416090
1354.402222
1382.857368
1433.347895
1489.843684
1534.887650
1595.481507
1645.383233
1702.578308
1766.202632
1814.583352
1845.643045
1882.994981
1950.782373
2020.114662
2067.239623
2137.601504
2171.321412
2218.087669
2297.777368
2343.219474
2361.321278
2395.210791
2427.758797
2456.376234
2481.630789
2507.663032
2532.250771
2551.287444
2563.539925
2569.204361
2564.801864
2552.324060
2550.979925
2557.943703
2570.315489
2572.860000
2560.852820
2539.837778
2516.055714
2469.380733
2461.294342
2444.100000
2413.139699
2396.297782
2369.883089
2322.478496
2285.726911
2273.484549
2269.598797
2267.448531
2297.086955
2281.979211
2277.149812
2319.285461
2353.549944
2361.836767
2397.859474
2444.977500
2476.802199
2520.000564
2561.842938
2588.681523
2621.167571
2667.088947
2710.356485
2730.550377
2719.590489
2753.750564
2738.397143
2755.013051
2766.364586
2756.613402
2761.757763
2749.331316
2713.661638
2670.951767
2644.192354
2633.222932
2609.413446
2583.643064
2583.266429
2569.668644
2552.967293
2512.598195
2508.201053
2482.993635
2465.753252
2448.617444
2429.830000
2424.973158
2408.444256
2386.011805
2371.642994
2357.838477
2355.154087
2351.401241
2326.525301
2312.024407
2306.368722
2310.466667
2270.450357
2285.190358
2265.645000
2241.559416
2215.386974
2207.143158
2186.530621
2160.600395
2137.839171
2114.160714
2089.551695
2054.533947
2019.913910
2000.933534
1956.091391
1899.583672
1880.490150
1849.872203
1812.391015
1810.183766
1780.397895
1751.850921
1720.740584
1672.458158
1683.377966
1677.541974
1648.598305
1641.599850
1623.598083
1582.929492
1559.472970
1540.788927
1526.569455
1529.131353
1505.720677
1486.060113
1469.995789
1450.232105
1436.654049
1459.301203
1444.910753
1428.473609
1443.637721
1448.273703
1428.400451
1418.463647
1431.351222
1436.534576
1399.000000
1401.448327
1420.457363
1418.105865
1420.321842
1406.374211
1412.688305
1388.561128
1414.229774
1417.207989
1408.910526
1404.119286
1396.991729
1379.135273
1359.020000
1361.224068
1328.152632
1288.933571
1295.641224
1281.741823
1245.111447
1236.457895
1234.747571
1202.953816
1170.958947
1157.116203
1155.452820
1142.528305
1127.833008
1109.877345
1086.897632
1072.070829
1045.995639
1033.900865
1001.250339
996.547872
961.634053
936.187000
911.569465
889.984440
867.785055
848.844109
819.891286
792.522299
772.001335
747.810712
725.690827
708.161644
681.182055
662.523068
644.546836
614.489192
631.549311
