87.698268
87.481677
95.843487
98.064311
109.344051
102.467752
97.034949
100.906773
100.896913
99.073516
108.049647
117.436974
118.650402
117.452475
122.520316
129.577621
132.882434
146.378842
152.141598
149.423244
161.145702
160.385361
164.208175
167.899613
169.355040
162.793041
170.711867
184.797840
189.368519
186.481239
192.789094
203.459000
203.876368
216.976237
226.952103
217.951564
222.655041
225.669878
234.949815
251.047714
253.170083
264.614278
265.804286
266.981692
270.215853
277.977804
281.951936
285.805501
298.564711
301.571286
314.001669
326.218053
338.302944
347.856759
381.180783
403.354214
437.381842
472.264895
496.953633
543.263612
588.834744
637.631966
697.062368
769.012805
848.987947
917.505245
1002.684173
1121.214098
1230.052806
1353.354812
1481.635537
1626.873835
1769.006102
1921.070414
2093.469887
2256.774060
2423.711410
2607.739755
2816.366842
3038.589944
3255.188983
3482.450000
3726.435827
3944.290132
4181.856102
4425.580526
4672.001429
4888.824436
5110.581880
5331.168647
5520.939680
5706.906949
5894.759248
6031.925480
6144.590789
6253.876654
6333.940791
6404.614605
6500.692143
6576.979549
6619.664181
6644.851071
6686.639173
6678.717669
6682.365357
6693.087608
6661.074135
6697.203383
6719.894962
6758.384633
6734.454624
6718.862368
6740.660789
6733.982632
6729.960376
6738.428703
6752.094218
6769.415489
6767.608305
6769.909267
6817.844436
6794.317476
6802.008496
6874.177011
6881.836278
6856.707910
6766.891147
6678.099549
6583.576316
6464.619737
6372.495217
6287.540639
6196.726290
6109.276579
6018.968927
5968.633083
5917.498872
5887.669774
5853.433496
5833.708195
5784.545470
5764.978060
5740.980526
5712.048383
5703.236855
5725.144737
5757.450169
5770.385226
5765.365763
5747.341128
5726.216429
5697.902556
5714.813496
5693.432938
5588.163252
5502.099925
5495.860827
5409.622825
5308.564436
5236.237218
5153.964859
5063.327368
4980.237834
4902.141429
4835.505526
4759.769887
4687.649286
4638.087519
4561.270207
4528.663974
4477.037820
4420.686560
4377.498609
4352.083013
4364.664023
4353.221184
4315.613729
4321.903158
4345.372994
4349.664192
4349.562105
4304.746504
4267.526579
4235.968966
4192.360977
4145.020678
4096.338421
4013.102180
3946.281767
3890.267538
3820.579624
3765.002256
3706.283158
3643.045395
3563.002316
3481.351541
3429.723947
3394.383741
3363.225424
3295.703684
3204.848477
3105.307910
2964.038271
2816.490000
2661.236372
2493.722632
2339.898795
2188.815789
2051.478553
1942.762368
1836.754859
1731.723045
1655.735038
1590.136917
1515.769023
1486.429831
1451.209248
1433.549925
1410.683515
1419.992994
1401.831880
1416.611109
1463.935198
1513.692744
1578.526316
1670.440000
1815.009510
2002.950376
2237.404643
2528.433684
2868.781617
3301.152373
3805.538929
4334.869661
4952.131128
5588.451714
6252.935188
6948.112820
7620.258776
8267.144286
8896.560132
9494.148421
10043.051977
10547.172932
11014.630075
11480.359699
11958.585150
12411.659699
12901.687970
13447.655556
13995.147744
14587.939850
15193.697368
15811.545113
16463.643503
17091.596992
17705.030451
18342.456579
18980.944068
19550.359023
20131.564662
20743.513559
21328.172180
21921.110546
22511.979887
23138.947269
23661.652632
24193.599060
24666.976692
25081.347368
25537.866667
25938.806203
26329.924859
26671.894737
27011.190019
27164.590977
27254.636090
27399.393233
27500.648684
27505.158757
27463.348872
27518.139850
27506.355263
27406.256391
27450.157143
27372.356015
27288.707156
27094.157143
26890.406015
26510.128947
26151.000000
25874.657143
25507.845489
25179.737665
24951.143985
24681.418079
24467.104135
24433.294737
24457.036723
24562.650188
24730.697180
24981.636842
25207.875895
25568.591541
25936.624060
26364.673684
26805.478947
27249.850000
27698.434586
28192.948588
28722.821805
29183.826742
29531.015038
29870.259774
30240.565537
30402.407895
30597.330451
30784.189474
30702.355932
30666.224060
30657.254887
30616.251316
30500.105263
30303.721846
30052.367857
29810.544444
29581.600752
29362.446328
29142.952256
28877.522180
28630.783427
28490.411654
28292.656767
28140.451880
27938.400000
27770.586278
27650.251880
27562.915789
27436.781579
27328.287382
27199.665414
27144.035593
27106.226692
26988.429002
26825.890977
26714.584586
26696.496610
26635.233835
26473.300753
26341.328571
26242.239736
26096.711654
25927.209981
25817.735526
25623.415789
25325.059887
25062.167105
24799.728060
24546.166165
24207.160075
23839.496992
23521.687218
23170.761654
22880.435714
22466.914124
22112.537218
21909.319774
21457.528383
21204.886629
20924.521053
20572.103947
20404.500942
20069.733459
19820.757627
19609.339662
19373.584746
19191.909774
19010.370489
18767.370113
18559.204887
18439.773070
18166.571429
17955.145865
17781.857143
17681.356497
17607.057895
17498.092105
17380.144444
17322.592669
17287.152919
17328.472932
17366.830320
17343.241165
17309.116917
17330.233083
17435.697180
17526.717702
17461.212030
17364.050376
17214.547269
17350.466541
17282.352632
17343.189474
17361.854237
17394.007519
17428.312594
17415.769361
17337.938722
17230.807143
17144.665038
17021.322222
16827.457143
16667.059887
16496.473120
16283.864286
16095.596610
15757.620301
15565.889474
15381.300000
15085.099812
14916.036466
14740.170677
14524.746617
14381.283271
14240.211299
14036.305263
13785.979473
13553.467857
13349.979661
13079.019549
12870.697180
12606.822034
12332.724060
12028.878947
11776.186842
11507.365725
11176.551128
10866.594361
10606.353008
10319.221053
10020.383051
9712.819944
9407.750452
9142.240301
8886.150113
8623.900282
8441.679023
8218.538249
7973.227143
7740.961017
