104.323158
111.069885
108.427551
102.457135
114.758339
111.128318
118.039068
124.733850
122.145591
119.273867
121.735992
131.499810
135.012107
136.260576
148.880707
155.301119
148.073000
157.083368
174.391395
176.647697
189.258891
182.420361
184.030115
202.509573
203.125153
206.444989
215.251949
225.621372
234.505444
236.862345
239.468705
251.767578
261.149895
260.811119
267.419867
282.199579
290.662586
294.113064
293.004823
309.341429
320.267915
319.205711
327.186857
331.678887
335.956496
340.954503
344.262579
355.502885
372.474908
380.035463
393.159075
417.607147
433.059277
446.301868
492.664266
523.537239
547.326655
577.999308
634.636711
678.259507
727.594891
794.885237
873.556436
952.421226
1034.700789
1137.051864
1239.696015
1343.522218
1483.174727
1629.233835
1775.677627
1911.770075
2054.865989
2224.030564
2404.945677
2602.744211
2802.144380
2988.124030
3187.338571
3410.655376
3653.576554
3907.752632
4132.720226
4355.476880
4613.724576
4864.708271
5091.099455
5333.762237
5582.024286
5792.779436
5993.620000
6191.101017
6344.798872
6493.979661
6619.718571
6690.516316
6787.306196
6914.790789
6974.689286
7046.174286
7068.271808
7081.951786
7097.694549
7079.763910
7128.750000
7106.630697
7123.636842
7095.745038
7124.533929
7147.680226
7152.474737
7176.301992
7174.920658
7171.257895
7211.231128
7204.429756
7211.564426
7167.525714
7203.265763
7236.243477
7300.922105
7324.724350
7309.626165
7355.555113
7360.242744
7350.655461
7312.624041
7243.746090
7133.149474
7016.318421
6928.116158
6818.950301
6704.747947
6612.316654
6544.394557
6471.455038
6471.332744
6462.231412
6428.465038
6394.672801
6331.051353
6310.000056
6300.138195
6273.716485
6272.894520
6303.215526
6307.110508
6300.465959
6340.817458
6339.265038
6335.197519
6329.728816
6268.259624
6259.537401
6217.134041
6123.852105
6056.818271
5954.659209
5878.525019
5802.280940
5720.721714
5634.660395
5533.226591
5443.185714
5367.649774
5268.753741
5220.907857
5158.625526
5108.556353
5069.515800
5030.168346
5012.484737
4966.205056
4946.625650
4942.515150
4901.334455
4892.821017
4895.466842
4919.526441
4936.658383
4892.598872
4902.921053
4880.914925
4824.881579
4797.834812
4749.168136
4735.670038
4648.523045
4573.259023
4536.186278
4456.769079
4390.128722
4334.535263
4269.812105
4213.441186
4161.691955
4104.430113
4051.438045
3989.869341
3943.980526
3827.228271
3707.193258
3582.582293
3399.380847
3209.241992
3025.463534
2864.112486
2693.689079
2552.550789
2416.335789
2281.209548
2174.186316
2077.032030
1976.746165
1914.030000
1870.752782
1820.100677
1785.054727
1755.852632
1746.684294
1743.482857
1756.067425
1792.064294
1841.973421
1948.294474
2081.752500
2249.784256
2465.618722
2738.899643
3075.640244
3466.268947
3927.296780
4456.971241
5027.175763
5603.831203
6237.892505
6856.775094
7522.274962
8128.493672
8744.212650
9289.907763
9775.923158
10301.364407
10800.900188
11204.357895
11577.609605
11990.797180
12413.950847
12810.219549
13281.511111
13815.240038
14319.586090
14844.953008
15434.335338
16026.421469
16574.945865
17150.189662
17698.619737
18200.854991
18727.212406
19220.813722
19721.255932
20263.876692
20800.689454
21460.790226
21919.522034
22403.401128
22811.929135
23242.123872
23638.620301
23939.234463
24234.625000
24590.258569
24827.631579
25044.162147
25293.606579
25407.517293
25450.666165
25517.464850
25549.281921
25612.981579
25598.122744
25482.131391
25557.443609
25552.785714
25419.412782
25309.238606
25009.978571
24698.254887
24414.934211
24178.700000
23885.966165
23524.730827
23170.396610
22941.627068
22831.509981
22730.532895
22717.700000
22758.459322
22784.010714
22971.445301
23194.894361
23539.483992
23889.076316
24195.387218
24544.357895
25035.350000
25413.145301
25752.903383
26211.598305
26687.801692
27092.974953
27481.993985
27829.536654
28082.386252
28340.699248
28375.808647
28505.926880
28562.364407
28542.617293
28519.579699
28435.301316
28276.642105
28094.698870
27944.566729
27743.345763
27478.070677
27220.712429
27039.499812
26923.828947
26763.677966
26624.708647
26442.530451
26231.996241
26066.296234
26007.995865
25873.290226
25785.560526
25680.193421
25633.726742
25518.148120
25375.898870
25300.082331
25242.570433
25157.228571
25073.406955
24988.725424
24845.745865
24677.470056
24581.989286
24357.974388
24217.828571
24163.650471
24034.732895
23852.757895
23711.786441
23470.353571
23164.972505
22927.306015
22653.528625
22329.557519
21972.136090
21545.022556
21264.671241
21017.106215
20781.042857
20400.990960
20022.035150
19800.714878
19581.984211
19250.272368
18960.824105
18728.956015
18582.888136
18401.501128
18142.271186
17925.958647
17738.975940
17528.987218
17411.386090
17308.384181
17062.799812
16802.326316
16753.488722
16610.509605
16463.536842
16373.878947
16288.638983
16185.524248
16189.041620
16228.687970
16266.356121
16298.782895
16285.361278
16288.680451
16352.609211
16331.134840
16298.687970
16303.711090
16253.022411
16177.180075
16139.265789
16189.093421
16205.352542
16265.603759
16273.180263
16264.231955
16248.574060
16178.828571
16049.925940
15904.991714
15785.071429
15636.735593
15347.751128
15115.235714
14981.184369
14672.446429
14499.102632
14271.600000
14107.627872
13978.227820
13782.175188
13572.677820
13429.883647
13252.493409
13066.691729
12881.151224
12652.345865
12446.074765
12225.262406
11966.448120
11762.520339
11470.801504
11175.326316
10960.082895
10690.716761
10384.599624
10073.987237
9804.191541
9556.129850
9260.449492
8999.565583
8783.845932
8549.827820
8312.728776
8087.574323
7871.604812
7626.022580
7425.719944
7245.008531
