75.817616
78.171864
77.390029
78.758800
86.297158
90.422499
90.461792
97.146126
105.659957
106.210047
117.020865
125.233701
129.551241
133.210254
138.022398
150.628927
160.544803
169.209684
174.662485
182.812398
191.618925
199.154398
212.902782
219.531242
217.729158
225.551203
245.133857
254.314902
251.833977
262.877169
276.926553
282.639399
298.651368
301.336831
314.476765
325.473511
317.058484
341.665258
343.128036
363.068429
364.754079
382.056872
375.484857
380.046429
392.083308
389.325128
391.598199
407.335196
410.017421
414.602708
439.961677
451.111310
460.295684
478.838722
507.991911
537.848570
540.199623
574.025195
592.946162
619.059507
647.202996
681.475492
711.838182
744.372677
793.118947
829.161019
862.335992
916.645414
964.585653
1005.360789
1049.834576
1091.204436
1148.061073
1187.402256
1254.403158
1316.708158
1381.487049
1437.616403
1494.022857
1559.521335
1639.732768
1741.205263
1827.230075
1890.094962
1962.671318
2040.736767
2132.283515
2202.608853
2255.806316
2357.069023
2398.306974
2460.962034
2509.841955
2556.621149
2600.977519
2646.792519
2680.100471
2695.771579
2721.765000
2724.888647
2735.583390
2756.612143
2758.585526
2737.437556
2732.283929
2744.769529
2733.288797
2717.571654
2717.216372
2727.487062
2736.309699
2741.154530
2757.388684
2760.165789
2739.553083
2763.257594
2788.708493
2799.347594
2793.118475
2818.665226
2868.837444
2873.843296
2915.405902
2908.845376
2910.268910
2942.290847
2939.923459
2934.507143
2908.971053
2857.084605
2817.742260
2776.720451
2762.851186
2743.690714
2740.736139
2722.464060
2733.847519
2730.646723
2733.244624
2714.639906
2705.099906
2683.030546
2710.531729
2738.479041
2725.514369
2706.535263
2717.010508
2743.304004
2748.104407
2735.862782
2723.489737
2721.852481
2727.375263
2717.999906
2689.622274
2684.408120
2666.659248
2652.775085
2622.669361
2601.160489
2593.267175
2571.485263
2557.405085
2549.948571
2513.371316
2512.400188
2494.875714
2480.893985
2507.019586
2496.719736
2499.290752
2478.953966
2473.662857
2475.416139
2446.072256
2437.125827
2437.946271
2448.408421
2457.510320
2453.732932
2463.220714
2489.120902
2514.999398
2508.470414
2509.808271
2505.218023
2498.277538
2501.547105
2516.708571
2520.822368
2539.014248
2556.084436
2573.467368
2584.398158
2585.194237
2594.430752
2607.113177
2609.535752
2629.692392
2623.267594
2609.976053
2611.284670
2601.099173
2575.204068
2530.266071
2509.481504
2477.925028
2436.084718
2394.244211
2367.405526
2350.987232
2337.972218
2317.841579
2279.345188
2255.133008
2277.038195
2276.158684
2268.767439
2268.230282
2274.309623
2297.585038
2328.116805
2330.396215
2402.938008
2435.971053
2499.042500
2554.670339
2590.129173
2652.717143
2724.223628
2798.697293
2901.604915
2988.564850
3075.184068
3178.338797
3247.667514
3363.144887
3476.368383
3603.701394
3717.184417
3843.631053
3954.754211
4070.287571
4166.559699
4246.621391
4368.245292
4506.237011
4603.454765
4739.942782
4907.887778
5086.087312
5232.801504
5463.750075
5672.344004
5876.783333
6085.674211
6321.805056
6502.491579
6681.282203
6868.577368
7080.570658
7308.597458
7514.970977
7721.826667
7922.448816
8091.769567
8294.635301
8481.228835
8650.992086
8804.665263
8902.259209
9085.972970
9200.048738
9279.611579
9363.031149
9403.798929
9437.257519
9491.709925
9520.057237
9513.122655
9519.842669
9538.928553
9581.337575
9603.202180
9538.927143
9465.480414
9465.938588
9368.647857
9279.416015
9172.067500
9025.140000
8918.193308
8829.809342
8712.259699
8602.495414
8550.019925
8539.940301
8532.223534
8505.432825
8529.881955
8614.170526
8650.935038
8783.246874
8900.754868
9024.250301
9159.715263
9299.980921
9488.434718
9656.355226
9805.754746
9962.669887
10104.235028
10227.559398
10344.016353
10447.336535
10525.006391
10605.106391
10669.333835
10633.445763
10583.843609
10588.322932
10543.757895
10501.492105
10461.427872
10380.125376
10286.813936
10192.486466
10094.361582
10028.028195
9964.677669
9854.992429
9844.594662
9751.951429
9720.672481
9636.073183
9583.146767
9533.527707
9474.172368
9444.565263
9413.974105
9370.855414
9353.152825
9302.957350
9277.202185
9262.696617
9186.928985
9160.483220
9097.805489
9096.741017
9061.028214
9012.651808
8980.177030
8884.918023
8835.443421
8770.545263
8681.967514
8593.275695
8486.666403
8339.297707
8256.378851
8184.115432
8048.637068
7928.378421
7765.510639
7687.792542
7537.985526
7409.283390
7283.563289
7163.376177
7086.580526
6992.379079
6922.465782
6835.675564
6731.305932
6655.876560
6572.842712
6501.988722
6441.304173
6339.557838
6258.190789
6212.257571
6186.943853
6138.572030
6098.259474
6043.163842
5988.441447
5943.442368
5902.252241
5875.854774
5893.260678
5876.093835
5857.326158
5859.909060
5865.919962
5860.746617
5836.078985
5846.341563
5854.848571
5771.413778
5795.651657
5804.604060
5765.680263
5788.875263
5789.987966
5806.448571
5760.917989
5743.572538
5750.971241
5736.156429
5684.062331
5633.445066
5610.042857
5548.339718
5440.026541
5361.048571
5288.860019
5243.210902
5159.669605
5079.796316
5036.661751
4943.858966
4875.201015
4828.489662
4760.168496
4701.678286
4663.062481
4573.234934
4450.435620
4381.173917
4320.845000
4250.438045
4089.334746
3990.519850
3935.871579
3793.895395
3703.934746
3625.319887
3515.042162
3412.674887
3307.400827
3225.928983
3128.659737
3015.204068
2922.992105
2843.727910
2771.371203
2698.698647
2626.032260
2580.062519
2494.727797
