120.697579
116.629836
118.880524
117.380786
117.712746
120.679258
126.410508
123.007023
129.184574
137.968848
138.466617
149.597614
157.219408
156.157011
158.097143
162.662339
178.389921
184.810132
184.282090
188.418273
205.072318
210.429180
222.149053
222.332017
229.251480
227.849286
240.918398
251.693327
255.966023
266.359556
269.492414
266.089714
284.953974
300.482627
299.464132
305.320842
314.698224
320.086827
323.812087
350.198643
352.010013
365.572303
367.138571
369.190368
375.611476
386.732307
402.058526
407.321902
403.545539
417.818846
444.739308
466.284524
482.624672
509.100733
534.217546
554.206615
601.236405
652.239865
696.349853
731.568527
795.597887
868.831831
922.641968
993.482226
1105.944211
1211.516591
1305.011786
1429.978459
1554.013032
1668.132970
1831.895254
2010.421128
2122.677458
2290.349774
2480.899699
2664.124098
2869.925846
3065.943503
3264.167519
3485.147669
3718.615876
3965.372105
4212.661842
4445.570883
4671.053371
4954.614962
5183.413026
5414.336861
5652.276729
5889.524474
6081.476259
6271.160508
6447.092707
6584.964972
6675.646015
6789.399737
6901.428060
6976.913289
7074.347500
7101.803534
7136.700169
7153.112500
7181.510940
7196.506729
7205.692143
7215.110546
7219.015789
7209.523308
7211.828064
7205.168644
7222.810338
7243.181748
7238.098816
7223.884737
7224.237143
7253.878346
7271.103710
7278.089023
7277.715254
7294.133647
7346.545188
7374.606742
7390.964361
7419.026391
7449.157218
7449.885443
7387.348515
7295.280677
7209.618421
7116.436842
6993.736234
6849.785677
6741.589002
6702.165282
6606.254859
6557.677444
6560.883684
6563.780791
6530.367030
6481.648064
6475.677218
6446.413032
6401.978797
6357.272331
6335.707401
6329.465526
6346.543729
6382.837763
6376.379322
6401.593759
6416.069624
6398.818778
6385.259323
6377.548098
6295.339568
6247.242481
6136.804135
6041.543164
5968.104586
5875.278045
5790.751789
5715.670526
5625.989567
5550.534286
5482.629023
5383.547331
5387.439286
5349.365940
5285.955075
5240.777684
5178.961805
5125.268026
5086.053929
5086.116422
5035.347068
5008.095959
4981.172542
4989.361579
5019.343785
5015.883158
5017.512444
5034.941203
5031.658083
4997.779944
4969.720902
4896.961695
4813.180320
4723.743158
4658.281917
4605.352030
4547.379267
4478.728496
4419.511579
4367.774605
4308.971921
4281.868609
4269.030376
4202.041654
4152.100527
4071.836015
3975.752801
3886.232090
3738.770338
3570.012542
3389.986541
3225.288195
3032.314482
2863.798835
2715.044737
2586.898947
2468.288343
2348.654925
2259.327444
2202.932857
2127.190282
2065.343496
2041.793571
2014.107589
2000.365432
1985.654068
1973.825865
1990.740865
2025.442938
2085.746541
2173.166053
2330.150000
2480.317759
2674.968421
2949.970000
3264.494248
3667.915940
4121.409661
4595.382049
5103.085254
5683.955414
6271.835932
6886.699004
7556.312556
8148.369341
8707.921729
9217.656974
9734.508947
10236.691525
10706.685902
11128.474436
11533.022222
11956.360714
12337.637288
12735.677444
13215.144444
13730.997744
14225.389474
14750.823684
15379.298496
15965.548964
16509.342857
17061.577256
17605.790789
18133.522222
18618.534211
19103.739474
19687.005085
20262.247368
20741.092467
21319.178383
21718.232768
22277.359774
22743.883835
23206.417293
23538.566165
23914.177966
24225.971053
24547.512429
24773.700000
24982.798870
25213.397932
25333.893985
25363.865414
25375.210150
25393.220904
25470.351504
25454.695489
25488.276316
25492.415038
25464.257143
25398.686090
25264.322222
25016.650000
24742.866729
24508.567105
24179.200000
23810.841353
23509.181015
23192.070433
22925.972556
22782.876460
22661.025752
22654.407519
22651.075141
22801.198684
22956.175752
23118.131955
23459.411488
23798.966165
24133.248872
24412.731579
24908.944737
25284.592293
25715.336090
26269.693220
26707.282519
27085.733898
27490.611278
27784.331391
28152.438795
28343.731579
28511.112406
28693.676504
28737.871186
28577.017293
28554.565602
28479.390789
28296.763158
28038.793409
27808.661842
27633.997740
27423.599248
27147.661582
26886.070489
26689.007143
26539.416008
26417.983271
26261.811090
26063.920301
25935.165725
25845.197932
25778.192857
25626.544737
25525.636842
25441.659322
25311.096992
25211.848023
25151.475752
25046.372505
24952.983835
24945.956955
24849.920339
24616.436090
24620.558569
24516.050000
24376.144444
24211.315414
24108.869115
23953.636842
23822.036842
23690.924859
23423.907707
23059.761017
22727.842105
22452.764030
22190.749248
21851.931579
21467.217293
21233.215414
20942.942938
20532.830075
20246.014124
19921.449812
19679.841243
19365.978947
19192.910526
18879.667043
18646.638722
18454.859322
18266.788534
18093.125424
17894.041353
17668.616165
17483.227820
17353.145489
17192.172316
16969.818233
16737.561654
16605.552632
16495.994350
16402.446053
16284.407895
16192.268362
16111.816729
16100.087571
16090.875188
16089.832203
16085.118421
16076.849624
16105.882707
16135.899248
16116.811864
16080.498496
16094.967293
16062.290772
15959.166917
15969.968421
15975.892105
16008.554237
16073.000752
16111.219737
16097.989850
16088.524436
16055.571429
15971.813910
15867.520716
15723.928571
15517.135593
15305.352256
15058.821429
14870.379284
14687.799624
14441.803947
14196.657895
14043.998870
13908.488158
13717.295113
13555.426692
13415.958835
13218.573258
13010.309774
12832.590960
12659.103383
12472.026365
12218.821429
11954.430827
11777.242373
11451.662406
11205.226316
10911.089474
10600.385122
10302.111654
10045.599248
9763.810996
9501.943835
9208.950169
8942.010639
8715.484859
8488.558083
8256.835782
7992.602707
7757.728872
7597.259699
7365.256974
7191.664011
