43.454626
43.218438
42.641460
35.659148
37.361081
37.056570
40.719593
43.596363
40.290690
42.646738
46.529929
46.823863
38.867912
33.809286
43.844624
54.587421
50.362304
42.849282
53.087181
49.841762
55.201305
51.570652
43.333552
48.562856
44.561432
47.106214
51.283919
51.567967
40.946187
42.906521
52.836586
47.053741
48.527605
51.570107
50.301924
52.726310
53.058844
54.531713
51.681285
62.181436
61.052934
62.087277
62.267357
63.934983
59.318947
56.334686
58.315311
55.197573
57.065725
71.762158
73.771471
69.467618
62.730586
65.225852
68.173854
81.548046
85.236369
85.145648
83.466443
96.548706
96.337847
98.538381
108.837103
120.284850
134.481632
139.824490
148.810135
164.127432
177.262497
177.543996
197.098938
215.942617
232.582893
248.604645
271.138241
280.468805
299.087372
317.613817
335.069368
359.549492
387.363492
414.854921
440.263951
466.116445
489.245181
508.139150
532.704694
555.856861
579.388402
598.176876
631.988780
645.236458
659.825940
667.546893
676.283504
698.921233
716.479183
718.615434
724.307821
734.138361
744.010424
731.767321
747.258662
743.199368
736.592536
726.254721
745.116737
762.479654
753.268919
744.284514
755.747842
752.428831
739.424553
737.559579
739.036391
748.557269
735.296038
752.217316
738.315203
734.757325
742.415150
762.062823
753.771273
745.775276
736.206538
734.081525
736.655664
726.251977
715.308421
707.864987
697.137529
690.647812
676.305299
679.360573
668.164205
666.049556
658.230273
653.367367
652.893226
655.637825
650.393654
646.049168
637.786842
632.758722
631.223013
628.452237
636.585610
644.181806
619.192746
615.848827
629.961658
615.462752
617.699068
612.928286
596.482598
594.122602
596.843955
586.624565
576.859068
567.592447
563.208687
553.528303
547.205936
553.571286
547.216756
537.465530
529.424357
513.089613
517.750427
508.866642
498.825947
493.026152
504.703577
493.178171
482.008015
486.519680
487.237424
482.721947
480.767976
481.165216
482.239229
481.353346
482.445263
483.571147
483.881797
472.521056
471.568951
454.555744
451.763966
445.134932
435.606660
433.631805
427.891684
408.729868
397.345395
397.828105
392.390383
385.817650
383.520932
382.640098
370.037045
361.276552
354.799707
339.869814
315.410295
295.673346
295.565928
283.058831
265.615671
258.444711
249.787876
237.927566
229.361444
221.411323
220.012748
222.358056
215.924508
206.325411
204.298784
194.002168
201.964361
204.401118
211.680418
211.061162
227.320079
243.100250
251.714105
269.467887
298.367429
329.858637
364.052316
404.582915
459.700064
501.297864
564.042203
634.477484
685.286357
744.512173
828.412096
880.701062
926.257671
995.401263
1053.553390
1097.642425
1143.252519
1194.800979
1231.283628
1247.890716
1328.514662
1394.392222
1438.891598
1495.697669
1567.488759
1621.844944
1685.870113
1738.425113
1809.533590
1893.612632
1955.282844
1998.390451
2058.260000
2117.935085
2165.768120
2235.173258
2301.128741
2373.567062
2409.563647
2463.402932
2518.813271
2533.401729
2559.820113
2596.755846
2649.215819
2676.180000
2687.544162
2699.852801
2720.074812
2745.569624
2751.860207
2748.138757
2770.242481
2774.912274
2792.992068
2776.693609
2751.625714
2748.323910
2730.300753
2718.597143
2687.979549
2645.720921
2629.700000
2576.664511
2535.730376
2525.303785
2504.281767
2470.187495
2442.677180
2441.861579
2451.668870
2461.189211
2478.586504
2501.481504
2538.092241
2585.515320
2612.890000
2647.198421
2689.401974
2728.460752
2783.090977
2837.868644
2886.783816
2924.699736
2950.420376
2984.826729
2992.526573
3035.285489
3068.253008
3087.498985
3084.804576
3084.082857
3065.317086
3065.571579
3054.062895
3021.388738
3023.324680
3003.755913
2960.907444
2932.604915
2899.201842
2867.524662
2869.484633
2858.682519
2796.632594
2809.237744
2795.668475
2788.961504
2773.523722
2760.396579
2740.976447
2730.321243
2708.998496
2701.116083
2701.783158
2677.385273
2647.753120
2641.351429
2626.640000
2602.368722
2615.246064
2624.587857
2608.044011
2600.821579
2572.348098
2559.032895
2543.656842
2538.788814
2502.840996
2471.478964
2444.206541
2402.227326
2354.742782
2320.701579
2306.499925
2285.244887
2240.655989
2184.567857
2134.789661
2100.402669
2075.374331
2068.754211
2036.332763
1997.532938
1956.310865
1955.407288
1940.410150
1909.159322
1876.386842
1837.859699
1825.179229
1831.221391
1800.096893
1780.317556
1778.429474
1786.514211
1744.800621
1740.663816
1723.350526
1688.235631
1697.918947
1706.525556
1704.605113
1682.632863
1662.973665
1662.401654
1673.168271
1693.204549
1699.138814
1696.314286
1701.349229
1690.510433
1673.416880
1699.908158
1670.249079
1691.816949
1710.711955
1701.459549
1682.260677
1673.100301
1660.119286
1655.553102
1662.847702
1645.005714
1610.916497
1603.328609
1592.461429
1556.598023
1546.503929
1509.491184
1483.233158
1463.953315
1465.434699
1454.888271
1432.375414
1387.127162
1360.770226
1350.688496
1321.876328
1294.067406
1283.967006
1252.473083
1214.456579
1206.460847
1169.909248
1140.563684
1092.171053
1097.910603
1056.628534
1036.472857
993.953340
968.296038
947.567486
916.434658
887.608034
866.858857
842.198665
814.822816
803.926992
771.140456
749.206944
729.917768
