-9.17576
44.5716
98.3189
102.689
106.985
104.81
102.612
107.568
112.563
107.84
103.045
101.416
99.818
101.677
103.575
104.388
105.188
105.298
105.398
100.589
95.6937
96.3839
97.1831
102.285
107.48
104.184
100.687
104.593
108.689
110.258
111.757
105.591
99.1976
102.485
106.082
106.586
106.986
106.036
105.037
102.402
99.7045
96.1428
92.5464
97.0001
101.795
102.765
103.564
103.314
103.014
101.666
100.268
100.96
101.76
102.179
102.579
103.641
104.74
102.344
99.7464
101.297
103.095
101.412
99.5144
98.1796
96.8808
97.4558
98.1551
100.911
103.808
102.787
101.488
102.331
103.33
103.493
103.593
105.361
107.259
104.717
101.82
102.431
103.33
102.939
102.44
106.261
110.456
107.59
104.093
103.068
102.268
103.935
105.833
103.357
100.46
103.201
106.498
103.533
99.9367
99.6
99.6
102.491
105.688
106.901
107.901
109.259
110.658
107.927
104.73
106.102
108
108.021
107.821
110.743
114.04
115.201
116.1
115.49
114.69
116.017
117.616
123.899
130.792
131.247
130.847
132.736
134.934
138.185
141.582
145.592
149.688
152.56
155.258
158.304
161.401
166.673
172.268
173.868
174.867
180.544
186.938
191.69
196.185
199.818
203.315
209.393
215.887
219.118
221.815
227.339
233.333
241.293
249.585
256.513
263.206
276.535
291.021
297.019
301.515
309.99
319.181
331.92
345.307
359.368
373.554
381.434
388.127
394.066
399.86
419.297
441.375
445.25
445.55
452.514
460.806
476.91
494.593
508.13
520.818
534.25
547.836
564.064
580.847
599.442
618.423
638.062
657.843
676.722
695.404
718.009
741.486
770.182
800.052
822.358
842.937
876.096
912.161
943.125
972.896
1000.73
1028.1
1059.82
1092.59
1125.04
1157.41
1195.71
1235.47
1253.4
1265.88
1302.15
1344.41
1373.37
1398.95
1416.98
1433.07
1456.36
1481.53
1512.08
1544.05
1573.02
1601.19
1633.3
1666.46
1698.93
1731.19
1764.64
1798.4
1843.95
1892.8
1925.31
1953.18
1997.67
2046.92
2078.29
2104.46
2139.9
2178.07
2214.46
2250.32
2283.27
2315.33
2351.47
2388.83
2427.19
2465.85
2486.51
2501.6
2527.56
2556.93
2568.17
2573.67
2599.74
2632.41
2653.23
2670.21
2670.94
2666.34
2682.24
2704.92
2728.27
2751.85
2762.95
2769.85
2814.43
2871.88
2919.59
2963.94
3006.08
3047.44
3095.3
3145.45
3188.16
3228.22
3291.66
3363.49
3430.62
3496.06
3565.45
3636.28
3704.85
3772.58
3833.33
3891.47
3957.6
4026.73
4095.86
4164.99
4231.46
4296.89
4383.77
4478.97
4553.59
4620.12
4697.96
4780.28
4865.03
4950.75
5033.04
5113.97
5168.56
5212.41
5279.06
5355.09
5413.75
5465.2
5519.88
5575.93
5622.36
5664.72
5701.97
5737.03
5794.92
5862.66
5923.5
5981.34
6036.89
6091.44
6164.67
6246.19
6313.29
6373.93
6450.74
6534.86
6602.44
6662.48
6747.02
6842.83
6901.38
6942.64
7030.64
7140.53
7253.14
7367.02
7443.24
7501.48
7592.7
7699.8
7774.28
7832.92
7886.46
7937.51
8015.84
8107.65
8160.47
8193.83
8223.08
8250.25
8304.53
8372.56
8414.56
8443.24
8473.29
8504.06
8506.13
8493.24
8514.73
8554.29
8553.05
8530.17
8516.41
8507.51
8491.61
8471.93
8470.63
8479.32
8466.72
8442.45
8442.22
8455.31
8463.97
8470.17
8460.45
8441.76
8445.83
8462.82
8470.78
8473.58
8518.74
8588.38
8602.89
8585.3
8647.35
8756.14
8805.76
8820.35
8870.09
8940.82
9003.01
9060.05
9132.88
9215.3
9294.68
9372.21
9488.71
9629.27
9761.4
9888.27
10019.4
10153.1
10295.2
10442.4
10580.7
10713.1
10798.2
10852.9
10933.2
11030.2
11108.6
11174.9
11210.7
11226.5
11241
11254.7
11258.6
11256
11274.6
11307.5
11317
11310.6
11296.6
11277.3
11319.9
11405.4
11463.2
11501.5
11551.9
11610.8
11647.6
11668.8
11722.8
11800.3
11830.9
11827.7
11826.6
11826.9
11865.4
11931.9
11964.7
11972.5
11985.7
12003
12038.5
12087.8
12141.3
12198
12242.4
12277.2
12318.8
12365.6
12411
12455.5
12473.4
12470.6
12514.4
12595
12624
12612.2
12609
12612.6
12630.7
12660.6
12691.7
12723.8
12758.5
12795.3
12805.1
12792.5
12822.7
12888.6
12951.4
13011.7
13040.8
13043.4
13057.9
13082.6
13117
13159.8
13198.7
13234.2
13253.4
13258.1
13278
13311.1
13335
13350.9
13382.8
13428.9
13479.3
13533.6
13546.3
13521.5
13503.5
13491.9
13483.6
13478.2
13475
13473.9
13468.5
13459.1
13462.5
13477.9
13500.7
13530.6
13548.4
13554.5
13592
13659.8
13706.5
13732.8
13775.9
13835.5
13895.4
13955.4
14007
14050.2
14120
14216.7
14310.2
14400.3
14503
14618.6
14727.6
14829.9
14940.8
15060.6
15195.8
15347.1
15485.4
15609.9
15745.7
15893.6
16027
16145.1
16273
16411.5
16541.9
16663.6
16776.4
16879.5
16981.4
17081.9
17192.9
17315.7
17401.7
17446.6
17507.1
17585.3
17641.9
17673.9
17684.9
17672
17680.6
17714.4
17732
17730.8
17728.8
17725.8
17710.1
17679.2
17644.6
17605.5
17607.5
17659
17667.2
17622.9
17623
17677.4
17683.9
17631.5
17600.3
17595.6
17599
17612.6
17637.5
17676.5
17711
17739.8
17754
17749.4
17764.6
17805.3
17838.8
17862.6
17907.4
17979.5
18055.1
18135.2
18189.1
18208.1
18267.9
18382.6
18444.9
18436.2
18443.3
18472
18471.8
18431.8
18387.4
18336.7
18252.7
18121.8
18032.6
18002.2
17936.4
17820.1
17691.4
17544.7
17413.6
17305
17160.5
16963.5
16793.1
16662.1
16501.4
16296.9
16099.5
15912.6
15726.9
15543.1
15367.4
15204.2
15037.9
14867.1
14703
14549.4
14402.9
14267.6
14106.7
13905.5
13757.8
13694.8
13615.6
13510.7
13409.5
13314.2
13246.2
13222.5
13190.6
13145.2
13108.5
13085.9
13082.4
13110.8
13149.1
13204.1
13250.1
13281.2
13292.3
13269.3
13262.9
13285.1
13298.4
13296.3
13294.6
13293.4
13305.8
13342.4
13365.3
13363.9
13383.3
13439.9
13480.8
13493.2
13529.4
13609.2
13656.5
13643.6
13648.3
13685.8
13717.7
13739.4
13770.4
13819.1
13851.2
13851.9
13865.7
13904.8
13950.2
14007.8
14046.1
14046.4
14040.9
14024.2
14031.9
14088.4
14109.2
14058.2
14017.9
13999.3
13985.5
13981.6
13959.6
13900.3
13845.3
13799.2
13756.6
13721.4
13704.5
13726.5
13724.1
13669
13619.2
13580.9
13548.9
13530.8
13500.4
13442.9
13374.5
13282.3
13192.1
13106.3
13014.9
12910.8
12811.9
12724.9
12640.9
12563.8
12479.1
12376.5
12281.4
12203.8
12127.4
12054.2
11991.2
11952.8
11913.3
11871.2
11849.2
11876
11898.8
11911.9
11937.7
11995.1
12045.3
12077.4
12116.3
12172.7
12242.5
12346.6
12445
12528.7
12610.1
12685.3
12772.4
12890.8
13009.9
13131.2
13261.3
13415.1
13554.1
13653.2
13761.5
13895
14009.1
14069.9
14139.7
14235
14332.9
14437.9
14532.4
14597.3
14651.4
14674.8
14704.7
14753.5
14796.4
14821.6
14834.8
14812.5
14792.5
14779.6
14766.9
14755.5
14739.3
14708.8
14666.6
14587.9
14518.4
14478.2
14429.1
14352.1
14281.6
14232.2
14181.7
14127.8
14071.9
14009.2
13948.4
13894.1
13836.3
13766.6
13705.8
13675.2
13642.6
13602.7
13561.8
13517.1
13476.7
13450.9
13413.3
13334
13270
13260.7
13243.8
13199.7
13170
13193.5
13199.3
13139.9
13090
13076.1
13060.4
13038.3
13016.5
12995.7
12973.9
12947.9
12924.2
12909.3
12893.2
12872.4
12843
12778.8
12716.2
12660.6
12619.4
12637.9
12645.7
12608.9
12571.6
12531.6
12489.9
12440.5
12383.6
12293.8
12214.1
12179.3
12143.2
12101.5
12050.7
11958.9
11872.9
11813.4
11747.3
11650.8
11561.6
11507
11443.9
11340.9
11242.5
11165.9
11083.6
10973
10863
10755.7
10654.3
10582.2
10511.9
10450
10384.6
10300.6
10212.9
10105.8
10007.2
9953.83
9900.03
9843.79
9783.41
9700.29
9621.09
9563.74
9511.1
9485.13
9451.75
9375.72
9304.66
9262.6
9217.33
9152.99
9091.57
9047.71
9002.97
8952.82
8900.47
8834.44
8773.13
8741.76
8706.46
8645.82
8592.04
8583.24
8572.07
8545
8514.61
8461.77
8412.72
8389.94
8371.38
8382.47
8390.79
8379.3
8373.47
8408.94
8434.81
8389.35
8351.09
8367.27
8381.9
8384.49
8387.74
8396.14
8402.99
8397.5
8391.18
8378.09
8363.89
8340.41
8318.94
8314.54
8310.61
8310.71
8311.96
8323.45
8332.72
8321.83
8314.48
8340.06
8365.31
8387.49
8404.28
8368.61
8341.56
8400.41
8450.27
8408.41
8369.01
8355.43
8338.1
8280.66
8224.29
8179.73
8138.42
8133.72
8123.24
8045.61
7970.22
7921.47
7871.48
7806.24
7741.63
7684.88
7627.52
7562.19
7498.59
7458.23
7416.26
7352.12
7288.24
7228
7168.86
7125.9
7082.15
7026.3
6973.27
6964.48
6951.54
6871.02
6793.63
6769.16
6743.28
6692.93
6641.09
6561.97
6483.47
6416.83
6350.38
6287.44
6225.33
6180.48
6134.45
6063.12
5990.91
5898.6
5807.68
5750.04
5692.12
5627.39
5561.79
5473.27
5385.17
5308.44
5231.56
5150.14
5069.23
5004.39
4939.85
4885.4
4829.93
4736.82
4643.99
4561.97
4480.56
4425.61
4370.26
4295.43
4221.08
4171.83
4122.51
4069.36
4015.99
3947.56
3879.22
3818.38
3757.66
3707.81
3657.75
3584.52
3511.21
3425.29
3339.19
3215.21
3091.22
2963.14
2835.05
2684.89
2534.74
