-.775024
54.5707
109.916
118.279
126.571
120.129
113.635
113.302
113.002
113.694
114.393
112.717
111.019
108.432
105.834
111.419
117.113
115.331
113.433
112.123
110.825
109.232
107.634
111.707
115.903
113.56
111.062
114.214
117.511
114.781
111.884
114.613
117.51
111.113
104.42
111.446
118.939
116.982
114.684
115.081
115.581
113.775
111.877
111.512
111.213
108.905
106.507
109.263
112.26
112.209
112.01
112.95
113.949
110.49
106.794
107.83
109.129
112.034
115.031
118.499
121.996
118.531
114.635
114.494
114.594
115.162
115.761
113.369
110.772
114.238
118.134
114.955
111.259
112.022
113.121
112.829
112.429
114.898
117.595
114.846
111.649
111.86
112.36
110.01
107.413
113.621
120.614
116.715
111.82
111.035
110.635
114.519
118.815
117.381
115.383
117.378
119.775
118.37
116.572
113.418
110.121
114.759
120.253
116.842
112.446
112.987
114.086
117.783
121.779
121.932
121.632
120.797
119.898
124.16
129.055
131.82
134.317
133.182
131.584
128.836
125.939
132.127
139.519
141.632
143.031
147.678
152.773
153.926
154.525
159.058
164.153
166.806
169.104
171.227
173.325
180.894
189.285
191.699
193.198
194.956
196.754
205.883
216.173
219.923
222.621
226.348
230.244
233.883
237.48
247.4
258.39
264.178
269.073
278.647
289.037
297.135
304.828
313.536
322.427
328.362
333.757
348.591
365.175
374.695
382.887
394.267
406.255
417.825
429.314
436.294
442.388
455.729
470.515
478.818
485.811
491.726
497.42
516.267
537.846
547.211
554.005
577.758
605.131
622.484
637.669
658.999
681.677
697.489
711.775
738.945
769.015
789.08
806.862
841.444
879.906
900.234
916.318
951.3
990.762
1025.47
1059.04
1087.14
1113.91
1138.28
1162.06
1185.51
1208.89
1239.37
1271.64
1307.01
1343.17
1359.65
1371.04
1394.15
1420.32
1448
1476.07
1508.08
1541.15
1569.97
1597.65
1625.71
1653.88
1684.17
1715.04
1751.21
1788.88
1816.42
1841.1
1875.71
1913.17
1954.43
1996.79
2029.72
2059.89
2091.91
2124.48
2164.74
2207.29
2237.36
2263.63
2284.63
2304.01
2341.54
2384.7
2414.17
2439.34
2468.01
2497.78
2510.9
2518.69
2526.86
2535.16
2551.2
2569.78
2572.3
2569.5
2602.95
2648.5
2677.18
2700.16
2731.63
2765.99
2789.06
2808.25
2859.59
2922.13
2955.84
2979.42
3033.81
3099.14
3164.19
3229.12
3289.07
3347.22
3406.09
3465.23
3514.53
3560.18
3626.2
3699.83
3767.73
3833.46
3914.46
4001.28
4063.35
4115.9
4172.91
4231.65
4316.51
4411.62
4491.41
4565.14
4643.72
4724.24
4805.47
4886.99
4943.32
4989.37
5047.1
5109.64
5171.12
5232.16
5273.85
5307.42
5335.16
5360.43
5425.46
5507.48
5562.91
5606.87
5658.97
5714.61
5790.73
5875.85
5938.33
5990.78
6057.52
6130.65
6185.54
6232.19
6300.32
6378.25
6455.08
6531.4
6601.38
6668.42
6737.29
6807.02
6888.62
6975.84
7067.85
7162.16
7250.06
7334.88
7416.6
7496.82
7560.68
7616.53
7671.84
7726.89
7793.6
7866.13
7925.36
7977.91
8016.14
8047.11
8088.06
8134.12
8144.66
8136.87
8165.79
8213.85
8233.61
8238.5
8229.43
8212.94
8226.01
8254.88
8227.94
8170.9
8161.93
8179.11
8167.85
8140.97
8117.89
8096.91
8090.55
8092.35
8090.38
8086.28
8115.71
8164.16
8190.5
8204.19
8235.48
8276.94
8306.03
8327.91
8343.05
8354.24
8387.95
8435.01
8502.95
8583.38
8657.87
8728.8
8809.06
8894.97
8970.36
9039.29
9125.02
9221.13
9330.47
9448.06
9605.66
9788.38
9917.45
10012.5
10123.4
10244.3
10353.2
10454.4
10550.8
10644.3
10717.9
10778.7
10819
10846
10865.8
10880.8
10906.7
10940
10949.2
10942.2
10962.1
11000.3
11013.1
11008.5
11031.6
11073.8
11113.7
11151.8
11188.1
11222.9
11284.8
11365.8
11415.8
11443.7
11469.7
11494.2
11519.7
11545.8
11554.5
11550.6
11564
11590.2
11617
11644.1
11685.1
11736.5
11779.7
11816.8
11860.1
11908.1
11963.7
12025.2
12082.8
12137.6
12183.8
12223.4
12237.7
12232.1
12245.7
12274.7
12289.2
12292.1
12290.3
12284.7
12314
12371.8
12408.3
12427.4
12463.4
12513.3
12553.3
12584.9
12623.2
12666.9
12697.8
12717.6
12753.5
12802.9
12822.7
12816.9
12862.4
12952.4
12997.9
13004.4
13007.7
13008.3
13040.3
13100.2
13123.3
13113.7
13124.2
13152.8
13166.4
13166.5
13164.2
13159.7
13172.5
13201
13186.4
13131.5
13120.6
13150.9
13161.6
13153.8
13127.1
13082.4
13088.2
13142.4
13199
13257.9
13314.3
13368.1
13415.5
13456.4
13509.3
13574.1
13616.8
13637.6
13697.1
13795.6
13890.2
13980.8
14072.7
14165.8
14260.6
14357.1
14477.9
14624
14738.8
14821
14958.7
15155
15337.3
15504.8
15642.8
15749.2
15863.1
15985.2
16106.5
16226.9
16346
16463.8
16575.3
16679.8
16766.1
16832.2
16909.2
16998.5
17075
17137.1
17186.8
17222.4
17242.4
17244.5
17246.9
17249.8
17256.3
17266.9
17264.6
17247.2
17247.5
17268.8
17265.2
17232
17230.2
17266.5
17267.7
17226.2
17216.2
17244.5
17265.4
17277
17290.2
17305.3
17315.6
17319.7
17321.5
17320.4
17334.3
17367.1
17384.5
17382
17403
17454.3
17505.2
17555.5
17595.9
17623.6
17662.1
17714.8
17784.8
17877.8
17952.8
18003.4
18055.7
18110.1
18135.8
18122
18107.1
18090.7
18088.7
18106.7
18071.7
17962.4
17868.2
17795.2
17693.6
17551.2
17429.1
17336.3
17229.7
17103.4
16960.6
16793.8
16630.2
16471
16292.2
16084.1
15897.8
15744.2
15608.4
15499.5
15340.7
15106
14920.1
14809
14665.5
14471.9
14305.6
14181.7
14027.7
13826.4
13665
13566.9
13464
13353.3
13258.3
13188.5
13128.9
13085.8
13043.6
13003.2
12971.5
12954.3
12952.1
12974.6
13000.7
13032.7
13066.4
13103.2
13126.8
13127.8
13144.7
13189.2
13206.8
13178
13186.5
13260.4
13299.2
13276.2
13265
13275
13294.3
13330.5
13359.7
13376.1
13413.6
13489.6
13557
13608.6
13642
13641.5
13658.9
13710
13753.8
13783.9
13809.4
13826.4
13840.1
13847.5
13865.7
13905
13941.5
13972.4
13992.7
13991.9
13999.2
14022.7
14024.2
13981.6
13950.2
13941.8
13937.6
13941.9
13943
13937.5
13916.1
13861.6
13812.9
13776.5
13736.6
13689
13650.5
13631.6
13599
13537.3
13492.5
13484.6
13462.6
13409.6
13347.8
13266.7
13188
13114.9
13049.5
13001.4
12936.3
12832.4
12726.5
12615.8
12509.7
12414.4
12315.9
12209.9
12124.5
12088
12045.8
11990.3
11938.9
11897.6
11879.6
11918
11946.8
11951.7
11953.9
11949.4
11966.3
12037
12105.2
12167.3
12237
12325.8
12407.1
12469.2
12539.2
12630.2
12725.8
12833.4
12949.9
13090.2
13219
13317
13418.7
13530.3
13639.3
13741.4
13850.9
13980.9
14103.2
14204.3
14296.5
14363.2
14428.5
14490
14546.2
14587.6
14620.5
14628.8
14645.6
14687.6
14715.7
14702.7
14683.7
14646.7
14616.4
14606.9
14598.8
14594.7
14575.6
14510.1
14447.1
14392
14337
14282.1
14229.3
14183.5
14133.9
14071.9
14011.4
13956.1
13900.2
13842.3
13781.6
13711.5
13644.8
13589.7
13535.8
13486.1
13436.2
13385.3
13337.9
13302.7
13270.2
13247.4
13214.4
13144.6
13091.9
13100.9
13098.6
13054.8
13006.5
12941
12897.3
12935.1
12965
12964.9
12953.9
12901
12852.6
12821.6
12791.6
12765.9
12741.9
12724.3
12698.3
12638.8
12587.3
12568.6
12543.7
12493.1
12448.7
12430.9
12409.1
12371.2
12335.3
12308.4
12271.8
12192.5
12125.4
12111.6
12083
11988.2
11906
11880.6
11838.8
11721.7
11613.8
11548.2
11480.1
11400
11315.4
11209.1
11112.9
11066
11007.2
10890.4
10773.4
10655.4
10547.7
10491.5
10428.4
10329.4
10236.1
10172.1
10104.2
10015.5
9928.27
9848.85
9775.82
9737.46
9692.84
9613.82
9537.98
9479.94
9421.51
9360.87
9300.21
9239.47
9176.58
9101.16
9028.22
8970.08
8913.95
8870
8829.41
8809.53
8780.6
8695.18
8617.62
8589.84
8556.54
8487.61
8423.61
8391.94
8360.65
8331.88
8305.5
8295.41
8279.7
8225.16
8180.48
8205.26
8223.78
8197.51
8173.48
8165.89
8157.23
8140.65
8129.2
8156.68
8179.14
8162.96
8150.11
8163.49
8176.36
8185.05
8189.47
8158.9
8134.34
8160.02
8183.71
8190.5
8196.63
8196.93
8192.76
8148.8
8111.82
8138.29
8162.04
8160.45
8160.36
8174.64
8185.74
8165.76
8147.63
8147.93
8146.06
8122.08
8099.73
8094.33
8087.15
8060.78
8033.2
7992.44
7951.66
7910.6
7870.03
7835.16
7798.76
7744.01
7689.09
7632.05
7573.17
7491.15
7413.24
7388.66
7362.44
7314.19
7264.58
7196.35
7129.17
7077.03
7024.86
6972.41
6921.16
6888.2
6852.19
6768.47
6688.73
6673.75
6655.89
6589.56
6525.53
6502.06
6475.87
6400.35
6326.58
6286.22
6244.12
6167.49
6092.71
6056.15
6018.89
5966.64
5913.09
5829.87
5747.29
5679.96
5612.49
5541.56
5470.44
5394.42
5317.85
5226.24
5135.3
5064.27
4993.38
4926.84
4859.7
4771.68
4684.1
4612.47
4540.93
4472.9
4405.56
4368.29
4329.84
4234.63
4140.58
4107.11
4073.13
4009.09
3945.05
3880.31
3815.73
3762.98
3710.12
3647.48
3584.85
3522.91
3460.89
3386.36
3311.67
3203.87
3096.02
2969.95
2843.88
2724.9
2605.91
