-73.5754
-19.1288
35.3179
41.6843
47.9782
45.0133
42.0163
43.9872
45.9852
45.9008
45.8009
44.1175
42.4192
43.1902
43.9894
44.3943
44.7939
46.9644
49.1622
45.8617
42.465
45.8296
49.3262
43.1412
36.7475
41.0895
45.685
44.2416
42.6431
44.4469
46.345
45.1388
43.8401
44.7681
45.7671
48.6019
51.4991
47.3574
42.9617
42.7038
42.6039
41.3516
40.0528
42.2042
44.502
45.2695
45.9688
46
46
42.7615
39.3649
40.5307
41.9294
44.2765
46.6742
44.5281
42.1305
39.5439
36.9464
40.9479
45.3435
43.2481
40.7506
43.9796
47.5761
46.4884
45.0898
48.646
52.5421
48.4153
43.7199
42.7483
42.049
43.7651
45.6632
43.7605
41.5627
43.1576
45.0558
46.4924
47.891
44.2232
40.1272
43.9364
48.432
46.5069
44.0093
43.0678
42.2685
41.378
40.4789
42.6784
45.176
44.8543
44.2549
45.9242
47.8223
46.3701
44.5718
45.0325
45.7318
48.4146
51.3117
49.7108
47.6128
48.0283
48.7277
49.7853
50.8842
50.1062
49.1072
52.478
56.3742
60.2703
64.1665
60.1606
55.1655
55.1315
55.7309
58.9823
62.5787
63.7938
64.6929
64.0079
63.1088
66.688
70.8838
73.9408
76.8379
77.5497
77.9493
81.3144
85.1107
86.0351
86.5346
89.2917
92.3887
95.2257
98.023
105.315
113.307
110.346
105.651
109.646
115.041
118.118
120.815
128.823
137.715
138.744
138.444
143.686
149.88
158.881
168.372
174.722
180.517
185.21
189.706
197.919
206.81
212.414
217.409
226.693
236.783
241.168
244.465
249.938
255.832
262.395
269.088
276.698
284.49
300.427
318.01
319.342
317.344
328.415
342.202
355.493
368.68
374.54
378.836
392.412
407.997
428.826
450.804
462.729
472.419
490.916
511.396
527.402
542.387
562.729
584.308
603.053
621.135
640.914
661.094
681.194
701.274
723.765
746.843
772.405
798.58
820.355
841.035
857.566
873.051
888.456
903.841
925.974
949.851
972.223
994.201
1006.22
1015.62
1022.96
1029.75
1063.66
1104.92
1117.88
1123.07
1151.5
1186.36
1215.53
1243.11
1274.1
1306.07
1332.84
1358.11
1377.35
1394.83
1413.78
1433.16
1457.48
1483.25
1504.26
1523.84
1554.84
1589.31
1608.79
1623.68
1640.7
1658.38
1681.84
1707.12
1719.27
1727.26
1746.15
1768.53
1773.92
1773.82
1787.12
1804.81
1815.13
1823.02
1835.78
1850.17
1866.87
1884.35
1906.16
1929.43
1959.18
1991.14
2009.11
2022.19
2063.81
2115.46
2152.29
2183.86
2227.41
2275.27
2321.51
2367.16
2407.26
2445.32
2484.55
2524.21
2578.35
2637.89
2688.58
2735.94
2764.91
2786.89
2833.26
2889
2941.8
2993.45
3055.57
3121.81
3179.81
3234.56
3283.38
3329.84
3382.27
3437.12
3491.47
3545.61
3596.08
3645.03
3676.27
3700.14
3724.44
3748.92
3797.89
3857.23
3892.15
3916.62
3959.53
4010.38
4050.16
4085.13
4119.54
4153.7
4198.46
4247.91
4312.27
4383.3
4417.99
4436.27
4478.64
4531.99
4580.75
4627.41
4697.74
4779.06
4834.19
4877.04
4924.24
4973.5
5029.92
5089.76
5164.37
5246.09
5295.46
5329.13
5371.05
5417
5472.32
5532.26
5574.13
5607
5634.08
5658.26
5688.87
5722.73
5762.08
5804.24
5830.85
5849.43
5856.72
5858.12
5861.74
5866.54
5866.96
5865.06
5861.99
5858.29
5858.1
5859.8
5845.32
5822.05
5818.06
5824.65
5826.61
5826.01
5825.61
5825.31
5824.3
5822.91
5825.2
5829.6
5842.25
5859.64
5885.32
5915.79
5924.6
5920.8
5939.79
5972.16
5992.67
6006.16
6043.04
6093.89
6147.17
6201.92
6263.25
6328.59
6386.49
6439.84
6516.78
6608.29
6685.58
6754.01
6855.59
6977.97
7066.58
7133.81
7225.93
7333.92
7433.4
7527.41
7575.85
7594.73
7643.39
7711.53
7752.63
7775.9
7791.62
7802.31
7818.26
7837.74
7841.19
7833.79
7835.73
7844.02
7853.32
7863.31
7885.28
7915.56
7958.59
8010.54
8047.36
8073.54
8099.89
8126.36
8174.21
8237.35
8257.01
8245.32
8255.44
8281.42
8285.36
8273.18
8287.25
8320.72
8338.89
8345.69
8379.99
8434.93
8462.47
8469.26
8494.53
8533.89
8568.62
8599.79
8640.76
8689.31
8719.07
8734.15
8742.64
8745.94
8763.05
8791.12
8806.32
8811.21
8810.8
8806.1
8815.52
8836.4
8857.88
8879.86
8900.25
8919.33
8958.81
9015.25
9046.6
9056.89
9081.95
9119.52
9141.06
9148.95
9172.65
9209.91
9238.82
9260.5
9287.73
9319.79
9322.79
9300.21
9312.27
9355.02
9375.09
9374.89
9398.19
9442.65
9446.57
9413.7
9405.51
9419.9
9419.63
9405.84
9406.35
9420.13
9422.67
9414.68
9409.62
9407.32
9390.74
9360.57
9369.21
9415.06
9466.1
9522.15
9575.46
9626.11
9662.79
9685.77
9715.13
9750.79
9797.11
9854.06
9902.08
9941.14
9990.53
10050.4
10111.8
10175
10249.5
10335.8
10409.9
10471.2
10558.2
10671.9
10765.7
10838.5
10933.4
11051.6
11151
11230
11337.4
11475.3
11578.8
11644.7
11709.9
11774.4
11838.8
11903.1
11979.5
12069.5
12139.2
12186.2
12231.2
12273.7
12319.2
12367.9
12400.3
12413.9
12420.8
12419.9
12413
12399.2
12385.9
12373.1
12384.8
12425.6
12428.2
12385.1
12368.1
12382.4
12381.1
12361
12353.5
12361.3
12361.6
12352.6
12343.7
12335
12340.3
12362.9
12394.8
12438.1
12467.5
12479.2
12496.5
12520.8
12518.4
12481.2
12480
12525.7
12573.9
12625.4
12681.5
12743.5
12789.3
12813.5
12840.4
12871
12912.8
12970
12996.6
12981.4
12970.6
12965.8
12953.3
12930.1
12891.2
12830.1
12777.4
12736.5
12682.9
12611.5
12525.5
12418.5
12310
12199.3
12103
12027.6
11933.8
11812.8
11700
11599.2
11484.6
11349.4
11220
11099.1
10959.7
10792
10660.4
10583.8
10488.6
10364.4
10262.3
10194.7
10093
9937.89
9815.92
9746.49
9673.52
9594.9
9529.86
9486.71
9430.98
9354.86
9296.54
9267.36
9258.28
9282.36
9297.47
9297.67
9307.09
9331.96
9359.29
9390.76
9401.22
9375.85
9369.42
9395.59
9412.82
9414.52
9417.71
9423.5
9438.11
9468.28
9488.86
9492.35
9503.75
9529.32
9550.95
9565.44
9593.85
9647.69
9680.03
9672.74
9683.24
9726.79
9769.93
9812.29
9841.9
9847.39
9860.96
9889.94
9913.75
9927.63
9937.38
9939.07
9952.8
9990.06
10010.1
9996.25
9995.78
10022
10038.1
10033.7
10013.3
9960.5
9928.21
9938
9938.73
9920.75
9894.41
9850.65
9817.65
9807.26
9801.83
9806.93
9802.95
9779.58
9748.07
9699.02
9662.6
9653.71
9639.04
9611.67
9575.73
9520.78
9461.12
9390.89
9324.55
9267.01
9203.92
9128.2
9055.37
8989.24
8928.87
8881.92
8828.55
8760.11
8703.46
8674.68
8637.72
8581.18
8533.94
8509.16
8493.43
8499.72
8500.39
8487.2
8483.56
8503.64
8526.66
8557.03
8597.5
8663.54
8720.33
8753.49
8797.13
8867.76
8936.7
9001.23
9067.09
9136.42
9217.34
9329.03
9430.36
9503.89
9572.3
9626.85
9693.31
9792.41
9884.25
9955.98
10027.5
10098.4
10166.7
10227.4
10278.6
10302.7
10331
10371.4
10405.4
10421.2
10435
10442.8
10449.7
10454.2
10453
10434.7
10415.2
10392.1
10370.2
10352.3
10335.9
10324.1
10300.6
10240.5
10187.1
10155
10120.7
10079.4
10036.7
9989.63
9943.96
9902.8
9854.03
9780.1
9716.32
9686.45
9655.76
9622.29
9588.42
9553.15
9521.45
9502.07
9483.93
9470.15
9447.15
9391.61
9343.51
9322.03
9304.29
9300.09
9291.85
9268.77
9241.34
9197.78
9169.59
9198.96
9214.44
9177.28
9143.48
9122.6
9104.22
9095.53
9085.74
9071.66
9050.97
9004.01
8965.29
8959.69
8949.79
8922.31
8903.57
8920.85
8922.46
8858.52
8802.77
8781.69
8761.12
8742.74
8719.1
8672.65
8625.2
8573.35
8522.27
8474.61
8430.13
8399.96
8368.23
8329.37
8281.01
8188.6
8101.41
8038.77
7981.99
7953.12
7911.79
7810.29
7717.41
7666.76
7613.63
7548.2
7485.52
7436.77
7383.23
7305.21
7232.69
7188.73
7145.19
7103.83
7057.21
6982.48
6914.31
6881.64
6844.73
6784.49
6725.31
6672.06
6621.32
6584.75
6551.82
6539.84
6521.43
6465.48
6407.51
6337.48
6276.69
6271.69
6259.6
6203.96
6153.29
6133.71
6111.87
6075.71
6039.41
6002.25
5968.2
5954.61
5937.58
5897.52
5859.43
5834.76
5814.06
5820.85
5823.53
5797.25
5773.24
5765.45
5756.91
5742.93
5728.83
5713.95
5704.78
5738.95
5766.8
5745.93
5728.57
5738.96
5750.15
5767.73
5781.53
5764.35
5746.72
5725.34
5707.91
5724.19
5738.92
5740.12
5738.19
5708.42
5682.41
5690.6
5698.16
5699.86
5702.28
5711.57
5720.51
5726.01
5728.49
5701.02
5676.29
5679.59
5682.9
5686.4
5686.86
5654.8
5623.97
5606.78
5588.17
5553.4
5519.18
5491.21
5463.29
5436.01
5407.09
5357.94
5308.48
5255.13
5203.2
5169.63
5136.11
5103.24
5071.08
5048.6
5023.69
4964.15
4906.77
4881.19
4855.19
4822.73
4789.76
4749
4709.57
4691.79
4672.05
4619.3
4568.14
4544.76
4521.32
4496.75
4471.21
4427.35
4382.86
4325.81
4269.24
4222.39
4176.01
4139.94
4102.77
4040.33
3978.73
3937.27
3895.6
3848.55
3801.27
3748.12
3694.68
3632.94
3571.67
3524.31
3476.62
3417.97
3359.79
3317.33
3274.99
3237.03
3198.04
3118.22
3039.26
2997.6
2956.21
2927.43
2898.17
2842.72
2787.88
2768.7
2748.89
2687.35
2626.24
2598.37
2570.32
2526.06
2481.83
2439.97
2398.03
2343.78
2289.4
2209.28
2129.14
2041.73
1954.31
1867.9
1781.48
