149.905368
159.708913
158.004336
164.538158
177.531424
180.229791
185.303186
185.101692
193.487661
205.421620
217.036985
229.825768
236.792699
243.481288
258.471647
278.280429
299.029197
306.099105
317.764015
333.645865
358.553380
368.734000
380.071710
383.067983
402.585819
414.911684
423.563423
436.631917
449.753045
465.349475
483.280085
499.099427
515.262421
525.247966
537.288150
563.480654
582.407550
595.394013
608.271096
635.290071
640.156979
653.120453
661.328429
677.995571
685.948064
690.687750
701.379259
707.504043
715.424605
731.328335
745.182361
771.150235
790.439661
817.073549
853.877121
882.967271
907.218277
952.537256
998.498820
1024.894991
1059.095301
1115.255763
1174.389117
1236.874962
1303.447895
1362.513766
1444.529793
1527.589248
1598.504275
1683.259624
1763.477797
1839.555113
1915.441977
2041.623365
2127.262932
2217.466541
2328.826466
2441.683503
2570.401053
2717.345244
2851.384011
2971.932368
3104.667895
3244.813327
3390.723070
3528.121504
3704.769041
3841.290733
3984.364586
4111.329098
4235.281786
4359.032203
4452.869098
4540.465913
4621.417350
4690.568985
4748.655348
4797.081447
4840.565000
4862.586541
4877.491864
4896.068571
4884.611128
4866.347519
4891.810714
4874.357646
4859.792331
4847.275263
4834.489342
4833.902147
4848.684323
4858.894398
4868.148947
4872.021053
4869.286165
4898.058571
4903.968192
4896.244474
4917.830847
4942.482444
4976.470526
4998.668851
5078.328741
5096.131842
5138.012519
5157.666460
5123.108590
5073.695865
5055.286842
5020.089605
4936.154049
4867.720301
4812.949134
4784.844793
4737.174256
4714.573534
4729.692180
4717.906836
4686.469211
4657.136560
4691.961447
4696.645782
4629.369549
4594.756880
4597.619605
4599.492105
4613.854237
4632.761147
4635.045085
4640.160677
4660.756974
4660.849361
4654.354474
4622.978004
4584.487406
4568.303008
4548.775940
4488.460113
4459.231523
4423.414248
4370.448192
4349.843553
4328.048531
4282.711429
4275.780094
4252.780132
4222.504286
4224.470827
4202.162425
4161.222750
4129.093835
4133.650132
4094.806335
4093.448983
4083.644624
4049.175113
4036.554915
4037.935789
4043.172900
4056.000019
4061.828045
4067.257180
4081.222895
4101.398647
4086.961504
4092.885763
4111.648835
4068.387331
4070.307406
4053.638665
4063.485902
4073.379023
4078.302632
4096.830921
4116.589435
4122.517293
4136.858271
4149.622650
4118.378154
4139.060075
4141.197970
4133.999096
4086.579962
4040.998644
3979.944079
3929.916015
3873.536516
3818.990959
3761.120658
3709.543684
3668.117062
3636.662613
3613.123684
3586.025263
3552.713571
3535.971692
3559.033571
3566.164520
3562.863233
3588.785443
3586.603534
3632.411861
3683.398023
3755.431090
3813.134474
3874.325000
3966.023484
4077.119398
4183.828214
4288.751165
4412.468985
4551.720000
4701.327575
4882.274576
5079.777744
5305.906309
5526.557105
5735.335789
5970.090019
6204.116767
6379.029474
6580.457895
6803.453390
6994.915132
7186.068759
7413.338286
7636.461165
7835.884953
8071.200075
8372.943333
8702.812782
9034.950451
9373.649323
9747.890150
10099.371751
10511.481203
10912.998684
11272.194737
11631.574388
11987.148120
12375.402256
12784.727119
13183.469173
13587.678908
13954.988534
14342.899435
14648.868045
14991.215226
15355.332331
15646.896241
15909.840113
16168.157143
16421.904143
16621.126316
16793.230320
16968.621429
17077.329323
17160.490226
17237.606579
17253.006780
17299.474436
17352.783459
17303.296241
17313.131579
17348.828571
17222.505075
17164.422787
17015.550000
16859.307331
16670.867105
16458.200000
16185.660902
15966.008083
15748.664972
15564.400752
15475.072505
15355.298120
15323.176692
15406.058192
15479.711654
15567.170865
15728.922180
15878.412806
16049.160902
16300.251128
16538.300000
16793.565789
17041.847368
17301.579323
17638.174576
17985.854135
18283.213183
18536.399248
18711.970301
18906.925612
19119.941729
19130.467293
19249.356767
19336.074576
19324.421805
19284.357143
19236.364474
19099.528947
18978.655179
18865.235902
18708.715443
18530.617293
18375.745198
18255.234211
18141.950000
18005.884181
17855.184586
17780.236090
17604.215038
17437.363653
17375.989850
17301.608271
17194.973684
17180.228947
17140.247834
17069.357895
17011.381168
16965.406391
16908.465725
16838.926692
16779.565977
16713.350847
16609.969925
16556.851412
16454.100000
16375.209416
16283.055263
16205.006591
16099.978947
15990.526316
15904.564972
15785.131203
15582.828625
15364.354511
15177.209793
14988.103947
14749.857143
14466.438346
14230.437594
14094.307345
13835.611654
13644.844633
13408.418985
13189.436723
13036.242105
12865.952632
12738.300377
12594.924436
12427.286441
12313.547932
12201.535593
12037.501504
11905.559211
11821.542293
11691.008647
11568.681921
11423.621241
11285.873684
11226.341353
11142.124859
11023.122368
10940.084211
10862.941055
10792.257143
10798.845009
10835.542105
10810.024294
10810.967481
10862.942481
10879.962030
10882.423872
10879.135593
10837.891729
10824.644737
10812.607533
10815.098120
10730.213158
10791.365789
10854.130508
10898.376692
10902.658083
10866.984211
10832.608647
10818.128571
10774.319173
10672.093032
10566.785714
10467.332203
10299.537406
10188.192857
10072.984557
9867.676936
9684.978553
9527.133158
9394.061281
9326.210508
9228.894624
9112.706504
9004.047293
8884.317533
8742.141579
8599.311544
8444.774680
8282.731638
8170.503985
8026.517669
7898.785932
7699.355940
7497.349474
7323.114605
7114.320113
6949.105338
6779.003158
6582.016034
6385.276391
6228.613277
6049.801823
5879.197627
5731.141842
5556.598324
5410.472556
5268.743383
5123.283898
4971.912575
4826.291864
