47.447511
51.876563
49.698458
45.955908
54.349003
54.294350
50.649375
51.255093
47.980212
47.263217
49.288663
52.786036
52.004977
51.104251
52.850234
53.044403
58.305437
59.121011
51.672885
55.709500
58.100367
59.336360
60.802879
59.205307
56.231746
58.456023
62.337688
61.735906
61.431733
66.218039
68.639905
65.594976
65.464608
65.842025
66.343485
66.231741
68.773958
68.179437
68.928869
70.863600
72.458786
75.413157
77.198914
77.479032
79.795956
80.735926
81.293382
82.342696
81.990884
86.025513
87.692823
88.688248
91.822460
90.491287
93.776009
95.519442
106.400260
115.008887
122.297774
130.710708
139.612917
147.617610
160.765868
175.235173
186.206632
201.970706
217.817812
239.851395
265.498409
286.023972
305.847819
317.680699
361.148684
402.748532
442.538117
468.814267
498.909049
543.001348
596.073699
646.330047
688.230898
729.106605
774.202331
818.371684
863.394258
920.390895
962.504628
1008.461429
1062.716391
1103.517218
1139.215865
1188.896610
1211.761805
1240.921224
1270.446335
1291.721165
1321.639812
1347.471053
1347.487500
1355.447519
1388.600791
1390.871786
1397.019925
1399.781241
1395.630357
1396.548945
1401.703534
1399.928947
1390.089680
1402.131921
1401.959286
1394.665977
1398.082105
1402.725263
1404.029699
1396.329229
1390.585800
1394.277481
1393.854237
1380.673816
1400.464211
1401.900829
1388.747594
1376.357744
1379.152256
1392.493955
1384.912312
1355.243008
1338.282105
1319.391316
1282.051808
1265.527105
1252.042580
1230.447650
1195.165537
1181.284586
1185.580564
1178.874407
1163.519211
1162.021692
1148.539605
1150.388023
1140.717669
1129.639511
1131.814896
1136.745789
1134.022881
1128.109398
1128.972034
1136.744586
1141.642744
1126.220771
1110.233759
1105.964614
1103.403440
1092.917143
1063.294586
1043.766158
1036.498684
1026.263947
998.499620
982.674724
971.742546
944.723429
934.399942
923.033500
909.744214
903.469929
883.730835
879.310661
875.066338
874.881656
871.315840
862.315058
848.752113
855.384974
855.275254
845.062421
842.354580
849.970573
857.470071
850.192139
843.415541
844.696120
823.273414
796.552701
786.841530
782.391936
758.226613
741.531914
719.134532
712.031805
688.303105
679.068618
672.038616
657.171895
655.414914
643.452951
627.850471
605.430925
598.861524
588.832156
565.081865
540.731407
514.486917
491.670714
466.969275
431.929632
399.153855
383.334921
370.901765
359.463492
353.086669
339.630068
322.116989
308.957571
295.851895
303.292507
301.012979
299.537582
297.392045
303.362269
308.228876
315.086549
328.593763
350.789500
378.719433
420.963752
475.579714
536.032081
606.737650
682.574966
785.055511
891.952814
1032.063256
1155.211620
1299.269549
1448.526165
1610.422542
1738.954756
1864.921053
1995.687368
2119.270565
2243.841560
2345.094737
2437.490791
2562.800545
2683.644614
2817.067895
2965.203333
3076.942857
3202.227368
3332.976992
3489.118064
3653.391563
3804.236617
3951.908571
4119.775395
4242.652015
4397.520865
4557.217970
4683.174576
4831.043985
4989.959718
5145.136071
5285.395763
5441.782556
5560.436654
5689.317331
5817.935940
5935.465480
6025.241842
6096.264991
6187.330526
6235.994313
6319.151541
6384.586015
6409.405338
6428.992914
6428.042429
6448.984737
6475.307876
6475.228553
6457.455113
6465.552857
6465.105451
6406.447665
6359.535714
6315.474850
6261.756974
6194.280000
6088.015789
5999.784831
5933.447834
5875.830602
5846.868418
5819.661147
5777.245338
5771.340169
5799.667688
5895.940376
5942.273759
5980.336911
6047.138816
6150.242932
6257.028421
6357.788026
6466.183045
6571.335977
6688.712034
6819.506898
6932.666893
7027.427143
7132.214173
7235.282392
7298.220376
7330.216692
7372.718759
7387.803729
7352.948195
7338.164474
7328.650921
7316.379211
7240.261544
7198.675451
7156.496761
7076.556767
7010.127684
6961.546598
6908.079699
6869.670565
6839.215056
6836.822857
6787.877594
6769.635556
6723.143628
6672.716767
6642.091316
6636.712105
6626.159021
6593.242556
6560.850508
6540.439586
6501.354407
6457.910639
6445.299793
6411.995763
6348.248346
6357.274557
6347.272143
6297.069962
6291.458722
6252.017232
6235.091711
6190.077895
6124.198136
6051.283064
5984.577401
5946.464549
5899.034614
5818.867500
5721.234887
5628.573459
5576.353872
5502.954124
5424.075827
5295.838757
5222.425977
5150.087250
5092.923684
4997.407895
4908.829699
4860.416203
4803.622712
4737.902838
4711.221695
4702.546241
4645.076391
4563.088045
4518.053985
4461.932486
4454.259361
4374.634586
4354.576391
4305.360508
4284.597895
4258.984211
4210.579492
4230.255301
4239.415631
4206.880451
4191.446855
4188.084624
4205.551466
4237.101541
4228.142068
4225.333315
4213.304286
4196.535752
4185.481073
4139.831203
4155.692632
4184.536974
4184.055932
4203.499774
4197.046598
4177.589831
4183.791880
4175.824286
4140.049286
4109.698701
4073.884286
4029.476780
4004.656598
3899.899286
3876.884482
3835.627387
3749.852105
3697.053158
3676.199190
3637.015113
3585.030526
3510.289135
3457.395226
3426.925235
3373.963158
3320.042768
3277.137782
3213.386441
3159.979286
3085.022293
3028.961017
2939.248120
2882.030526
2826.151711
2712.478776
2666.312481
2591.701974
2524.975940
2449.655338
2384.017345
2311.872556
2238.767232
2169.904211
2099.101469
2056.781842
2012.831880
1951.518267
1896.123177
1842.918475
