133.018632
136.979075
135.606588
138.359305
142.096949
146.546449
156.129610
151.210662
158.811279
168.368848
178.636985
181.121953
183.922889
191.609486
201.349511
214.356475
223.007632
232.455763
241.451259
253.753885
264.829718
263.219594
281.138637
283.800000
298.453712
305.283421
310.894579
319.677024
323.583880
332.316226
343.050686
349.866716
366.135684
373.290254
381.683248
398.298895
406.724996
414.188731
429.027650
444.153143
459.345844
463.525925
472.188571
484.985850
489.293085
490.714870
493.230297
499.740102
514.973803
527.759113
538.931962
544.879261
572.781836
589.796154
617.982650
630.454259
671.491104
698.572857
737.580180
774.914358
804.699827
839.560644
879.259096
928.702053
991.971421
1051.265085
1109.125282
1175.413609
1257.389492
1324.686466
1402.363164
1498.669248
1576.347627
1672.568515
1741.672218
1857.359962
1960.680357
2072.746573
2192.971429
2303.019060
2436.010169
2593.351316
2730.792707
2864.489079
2993.882731
3140.733759
3301.154586
3438.826372
3550.988647
3693.229624
3813.727669
3919.445254
4047.539549
4121.282053
4192.289906
4267.127932
4315.744878
4379.429737
4437.793929
4455.189624
4502.576610
4548.451071
4544.643985
4507.024173
4515.275357
4518.834783
4498.876767
4524.206090
4510.545921
4523.670508
4550.205752
4545.504041
4554.029079
4569.550000
4539.789624
4531.209305
4537.066441
4536.425789
4545.843898
4558.511015
4610.096692
4651.210339
4671.854624
4702.512989
4682.315263
4688.451733
4683.024192
4646.439699
4596.133684
4542.116842
4483.815443
4416.099436
4357.908060
4315.841936
4288.478286
4281.375263
4230.534718
4237.920056
4216.974323
4227.757030
4187.913741
4172.946478
4165.407669
4159.430263
4142.615235
4133.453421
4153.489492
4169.964474
4177.018644
4200.070150
4207.118327
4206.389774
4194.924850
4148.017514
4115.262368
4117.184586
4079.495113
4045.069605
4006.825789
3970.095113
3944.234934
3896.915789
3830.127985
3799.280000
3794.613571
3757.940695
3738.901429
3706.655338
3660.403703
3692.280791
3679.201880
3651.693252
3626.214680
3626.029247
3609.869060
3589.218026
3576.707119
3573.681053
3568.755198
3577.960583
3600.529135
3585.512030
3584.897594
3588.843891
3576.781203
3532.088362
3530.326259
3491.433609
3476.734361
3489.551109
3487.127688
3462.964511
3446.960000
3450.611974
3448.831582
3441.131429
3442.164436
3434.108590
3430.030904
3458.338947
3433.687650
3377.232411
3319.823910
3273.242712
3206.148759
3133.275940
3073.539134
2998.944060
2953.369342
2902.731316
2853.880603
2822.445865
2788.740677
2754.437293
2729.694492
2714.498252
2718.270564
2721.989322
2710.303571
2707.407194
2751.367293
2787.471579
2831.704463
2908.930489
2972.482895
3051.562500
3149.484633
3266.641729
3401.151786
3544.224699
3713.421353
3903.793898
4093.552237
4334.943220
4619.897744
4865.772203
5161.081786
5441.540376
5732.581525
6020.393947
6316.514342
6631.737895
6883.886045
7143.510376
7407.867406
7658.019473
7939.448797
8181.578475
8468.526617
8805.955556
9137.002801
9493.957293
9923.622180
10363.667857
10820.332203
11269.957143
11688.690602
12114.296053
12529.512429
12983.087594
13417.078759
13824.538983
14259.821053
14703.580226
15215.416729
15662.898682
16032.243985
16445.191353
16837.674436
17108.627820
17469.126554
17757.089662
18015.697740
18249.978947
18509.887382
18721.823308
18848.421805
18957.827068
19051.539474
19111.244633
19182.884962
19174.141165
19146.741729
19154.609774
19083.571429
19044.096617
18945.671751
18874.450000
18751.165977
18531.310526
18292.500000
18031.216541
17783.812406
17592.185876
17393.056767
17193.535593
17097.652632
17047.910526
17038.799435
17173.646429
17292.660714
17410.724436
17556.252731
17762.343045
18026.106767
18357.473684
18651.544737
18962.467105
19317.536466
19582.478531
19874.936466
20235.982863
20519.370677
20814.276128
21012.680603
21081.474812
21235.748120
21304.586842
21387.935593
21327.515789
21308.893609
21244.814474
21117.978947
20971.747458
20860.856579
20728.994727
20527.493985
20375.455932
20241.501880
20003.550000
19862.863653
19693.653008
19613.118233
19507.098496
19392.299623
19281.129135
19163.075940
19117.736842
18991.703947
18913.592655
18887.099248
18808.242185
18724.711466
18679.438983
18605.901880
18509.709586
18469.059322
18412.463158
18317.728437
18172.235714
18053.416196
18055.590226
17988.403390
17888.144737
17695.726316
17499.311864
17333.872180
17191.277778
17027.271429
16785.767043
16520.272744
16260.136090
15990.740602
15803.141917
15566.411864
15354.789098
15117.349153
14880.917857
14680.880791
14452.526316
14280.752632
14130.469492
13931.736090
13753.928814
13586.690226
13444.062712
13306.121805
13163.019925
13021.042669
12851.220301
12745.120716
12563.421617
12391.975188
12345.309774
12281.723729
12227.600000
12134.444737
12101.755744
12008.671241
11952.467608
11981.110526
12012.318079
11993.843045
11978.542105
12008.187218
12032.942293
12016.230320
11995.905263
11962.573120
12016.560075
11978.437594
11973.836842
11981.710526
12008.079661
12056.834586
12045.905639
12016.659023
12002.906767
11965.814286
11900.215602
11787.255556
11645.800000
11557.969492
11435.405827
11307.350000
11122.648776
10947.162782
10808.352632
10670.305263
10559.108475
10364.162594
10207.757895
10057.180038
9937.083872
9801.327006
9666.116692
9547.301431
9399.528966
9230.705763
9062.367857
8884.216222
8685.558983
8551.003233
8381.951053
8149.504474
7944.021525
7756.086203
7551.595075
7312.963684
7115.234887
6927.838418
6711.762876
6528.066723
6374.764060
6193.948588
6026.541654
5878.507143
5724.863126
5548.077256
5393.836554
