95.902037
98.232293
98.209925
93.031198
93.181807
105.097391
107.583220
106.387820
103.683249
107.177092
106.504838
105.358927
106.674799
112.450322
121.144429
122.956282
121.741447
125.575632
128.385842
135.005098
141.423812
144.331684
149.485518
145.957861
150.287429
151.027579
157.325017
161.200000
162.329180
166.204273
172.030821
175.307480
178.669895
186.210966
184.212102
190.744218
198.006395
197.127107
198.653429
210.459429
213.071938
221.184724
226.862714
229.772015
233.849581
233.498220
232.855274
240.942900
250.501566
255.545132
260.494647
267.444218
289.688955
308.304643
314.457352
335.212115
358.654168
381.220880
406.517848
433.331669
466.028801
508.875051
553.350846
602.445083
663.338737
723.511616
787.195265
864.942876
947.299040
1025.594774
1147.289661
1255.561203
1362.278870
1491.996711
1618.346842
1746.690827
1899.302293
2067.115631
2227.246842
2389.434530
2577.351751
2786.198421
2987.405113
3163.182237
3340.355047
3551.949023
3761.871165
3942.875263
4147.331955
4312.384286
4478.386823
4628.536102
4790.554436
4875.502128
4959.540113
5087.796880
5187.485405
5255.570263
5319.768571
5363.014962
5437.722486
5439.762500
5432.353421
5464.063872
5506.347500
5486.603861
5497.281579
5520.046165
5500.812143
5511.765819
5528.972331
5553.950921
5573.699737
5561.670000
5541.393158
5533.261372
5560.380113
5543.487744
5563.461695
5577.976222
5575.362105
5595.659510
5621.197406
5623.810188
5610.100188
5596.395122
5548.417914
5501.925414
5430.011053
5312.244737
5210.320527
5135.412782
5072.472505
5018.613346
4932.672637
4878.871278
4857.859154
4823.165480
4789.986429
4774.403195
4730.541485
4700.479755
4697.109173
4661.788741
4612.460358
4615.903421
4642.898136
4650.564774
4679.457119
4663.957368
4619.407350
4635.811165
4593.655451
4601.354237
4579.516842
4542.236241
4434.933233
4378.378927
4325.718214
4281.695113
4217.110038
4118.626579
4046.744576
4013.442857
3959.507462
3888.477143
3812.387857
3774.919549
3710.087726
3653.500264
3618.011729
3602.434774
3581.600902
3542.749887
3513.819135
3480.629925
3460.595763
3463.010000
3463.382222
3467.737707
3480.502594
3453.115376
3425.258008
3427.584981
3367.373985
3323.847797
3262.180320
3210.247632
3160.327444
3091.724004
3038.236617
2966.120526
2902.041053
2842.217763
2778.319209
2725.363759
2687.962368
2655.086015
2611.893183
2550.209850
2482.798327
2410.934840
2301.861805
2231.467966
2102.275714
1972.918872
1855.042448
1737.227293
1646.305000
1556.587632
1464.187175
1384.434361
1320.107820
1267.593008
1220.397481
1181.272556
1138.688083
1133.535838
1109.070019
1098.405499
1099.562030
1096.957519
1125.728588
1177.749737
1233.298684
1315.472500
1411.721977
1552.380677
1746.408214
1971.522274
2254.536729
2597.561356
3014.867763
3484.054746
3986.651203
4538.619435
5100.039643
5618.725789
6197.424652
6806.102538
7326.290658
7848.466842
8325.626723
8769.795338
9209.728872
9630.671525
10052.915207
10480.432392
10894.080451
11260.744444
11731.456015
12267.630827
12845.190977
13412.447556
14038.686441
14565.857143
15199.779323
15786.363158
16335.370998
16872.467669
17373.436842
17902.601695
18468.309774
18991.762335
19561.217857
20198.934275
20722.940226
21204.684211
21680.485150
22129.124812
22554.302825
22974.256391
23390.743879
23717.457895
23940.779849
24206.724624
24412.208271
24559.663158
24663.468421
24652.385311
24687.945113
24744.073120
24784.033459
24717.509023
24765.300000
24631.757895
24581.443315
24435.628571
24225.213910
23946.575000
23708.000000
23427.651880
23096.887970
22810.099435
22583.612406
22377.765725
22197.743421
22095.282707
22126.892090
22180.486654
22227.581579
22404.725564
22654.329002
22922.787030
23278.705263
23629.542105
24000.061842
24380.429887
24776.598872
25156.687006
25561.937970
25959.540113
26288.939850
26632.412218
26868.342561
27072.901504
27310.499624
27390.194737
27440.130508
27474.316541
27466.419925
27295.789474
27218.039474
27150.662335
26895.686278
26676.438041
26532.842857
26286.914689
26012.654511
25840.413910
25630.277589
25381.967105
25184.557707
25035.895489
24891.333710
24708.225376
24622.334586
24532.786842
24468.044737
24343.045009
24180.755639
24095.244256
24102.975188
24088.358192
24000.323684
23900.864474
23779.638983
23611.663910
23548.779284
23405.878571
23324.310923
23201.671429
23054.960075
22882.753947
22655.357895
22436.553107
22250.895301
22064.470810
21835.294361
21562.515066
21251.754887
20908.366165
20596.041353
20353.390226
20038.675141
19656.024812
19387.631073
19126.608647
18828.357627
18576.515789
18363.406579
18111.244821
17824.618045
17596.574576
17388.677632
17204.191525
17026.785714
16833.648684
16630.646617
16413.420677
16274.864783
16104.895677
15942.333835
15787.197744
15626.744068
15576.290789
15446.173684
15303.863277
15230.674248
15216.940490
15164.296992
15112.941431
15082.537970
15095.265414
15124.575940
15107.335150
15140.553296
15129.544361
15108.648872
15110.724105
15127.828947
15019.252632
15044.980263
15083.457627
15083.723308
15068.096617
15049.477256
15039.416917
15038.264286
14982.522556
14871.900000
14753.300000
14595.754802
14442.768233
14314.021429
14054.987194
13813.700940
13645.023684
13506.084211
13281.507721
13062.662594
12873.390602
12716.600376
12584.737782
12456.610546
12295.523308
12098.109605
11923.767481
11759.991337
11527.160902
11355.686278
11130.286441
10896.701504
10625.184211
10381.100000
10142.064407
9836.177857
9605.355545
9342.756748
9065.692932
8826.292147
8571.370808
8337.062429
8134.323120
7887.600942
7648.163045
7455.984135
7247.421902
7000.431654
6819.693785
