80.142184
76.888765
76.374561
77.484883
80.861797
84.260278
86.290742
89.737708
98.273734
106.107842
108.237835
113.422763
119.638147
123.924661
130.745391
140.003141
149.181368
156.950395
167.949707
173.352763
179.034563
189.149165
196.137529
202.221182
207.932390
209.816323
221.673461
228.055652
233.342805
241.223168
249.574395
262.737015
273.844368
278.983017
286.898267
297.827489
310.625145
322.097726
329.655030
334.974286
340.520949
360.672767
367.001143
367.809677
378.074887
379.325128
382.275293
394.756083
396.124145
403.431160
408.648782
419.408425
431.108062
460.769805
474.301173
491.358887
498.054582
534.891346
560.620410
581.185107
605.754383
642.111983
681.095447
709.474451
740.748632
784.856923
820.105444
857.631286
908.288620
956.394682
1006.222090
1043.567970
1095.784633
1148.127838
1193.741278
1278.737218
1344.310752
1387.114840
1443.251203
1510.250075
1582.961130
1660.783684
1730.936917
1819.753872
1878.622373
1938.673910
2021.066335
2102.197199
2201.315752
2260.310526
2350.528064
2407.892373
2473.059248
2517.805273
2550.306729
2591.028195
2622.103748
2645.577368
2678.692500
2698.400000
2715.486271
2718.859286
2714.560075
2730.335677
2732.996429
2717.113766
2714.861880
2692.573383
2721.310207
2731.436949
2729.380977
2734.247726
2754.470526
2771.864211
2764.235038
2787.248177
2813.571977
2783.461165
2800.261864
2822.868722
2852.970677
2872.379209
2917.731466
2952.620846
2976.245602
3001.579153
2989.844380
2972.867519
2949.061579
2909.004868
2892.708343
2889.570414
2857.449755
2829.001898
2831.870245
2859.672556
2830.505263
2846.986441
2834.693421
2830.241410
2830.932669
2834.292900
2821.615714
2807.745940
2810.273089
2822.759474
2831.283390
2826.557914
2815.954576
2833.005940
2863.629868
2866.149680
2838.402970
2822.209134
2818.120150
2809.828346
2778.756165
2763.910847
2745.791109
2714.286541
2705.932147
2697.236316
2674.753503
2663.355714
2651.218929
2644.767820
2633.199286
2629.436729
2633.892500
2638.378531
2612.440451
2587.989981
2587.371711
2574.644256
2579.103647
2589.197462
2575.003729
2569.668421
2587.607759
2597.489586
2594.353383
2597.168045
2599.033214
2580.757274
2604.630977
2612.528023
2619.052444
2619.137444
2635.901767
2626.608872
2649.911654
2657.353759
2651.879474
2649.586842
2665.801073
2693.416353
2702.361579
2697.811729
2715.055876
2744.284511
2733.188158
2726.543823
2721.951842
2691.611186
2665.013647
2637.033985
2584.149680
2546.508684
2506.771184
2483.442632
2454.967137
2406.768327
2381.484511
2392.440677
2391.452932
2366.042613
2362.095150
2356.335461
2349.960075
2371.468889
2391.221429
2435.760620
2486.368983
2501.818722
2531.628947
2575.517500
2644.650056
2706.135038
2759.237857
2831.931485
2903.439135
2998.849153
3109.907030
3210.742203
3330.853158
3454.110697
3581.524004
3687.785000
3804.757740
3944.260301
4060.789079
4154.485263
4274.363616
4403.877970
4503.925038
4604.689906
4724.412613
4825.562203
4957.485564
5091.460000
5233.910376
5420.706955
5614.860301
5806.735789
6025.077439
6249.943609
6456.402782
6670.747500
6880.098832
7074.527068
7257.177011
7460.277627
7686.457820
7901.883974
8123.088609
8296.712448
8495.394774
8685.756635
8920.779267
9095.709023
9213.040113
9354.790000
9500.334030
9627.363684
9698.749473
9765.188402
9850.422256
9897.915113
9889.708477
9885.663616
9906.830150
9915.633534
9943.121410
9970.081955
9928.544286
9924.320526
9886.303315
9811.080000
9676.339981
9574.173421
9471.600000
9339.578496
9232.212256
9127.622015
9008.670714
8929.361714
8912.146711
8930.115789
8941.456215
8995.751410
9033.344474
9103.181504
9245.249096
9294.978421
9437.625714
9619.186316
9818.579737
9972.355150
10120.515038
10312.930508
10483.377820
10626.547081
10792.530827
10924.526692
11050.849341
11171.562782
11127.158647
11214.757707
11285.213559
11219.920301
11205.688158
11203.923684
11124.892105
11048.880603
10980.269549
10910.712053
10847.047368
10796.871186
10710.052632
10556.976316
10467.396798
10430.381955
10392.688910
10351.539850
10297.357062
10253.570301
10193.285714
10128.910526
10080.251316
10031.176836
10014.740602
9969.960640
9946.787462
9950.210395
9930.526053
9884.889718
9809.015593
9784.779925
9758.264463
9726.928214
9665.878456
9617.160451
9565.067552
9529.007237
9489.463158
9405.348418
9332.481203
9240.080282
9107.377932
8985.180734
8880.783797
8763.197218
8600.353534
8412.550808
8372.880508
8209.539699
8091.391130
7952.131128
7867.292222
7792.874211
7700.100395
7601.198493
7534.460338
7460.723898
7371.699643
7247.469322
7155.809624
7107.753684
7036.647425
6971.484135
6877.541168
6824.644624
6758.723459
6705.189624
6648.778814
6554.328816
6512.188947
6499.747665
6522.297838
6516.024331
6495.501278
6503.161036
6514.497068
6510.488496
6526.678045
6555.401222
6540.738814
6532.298947
6506.173590
6463.829360
6493.330977
6522.902368
6485.982632
6496.110000
6530.826391
6546.017726
6521.495038
6525.074398
6501.725714
6449.621786
6415.733691
6374.065714
6315.489379
6223.802914
6152.344286
6063.627024
5951.046805
5930.905000
5803.226316
5720.697853
5669.779173
5559.690301
5505.301654
5434.697350
5332.715951
5266.411353
5199.056384
5099.651109
5030.543503
4977.674398
4898.635263
4770.692881
4679.539850
4578.651579
4449.431842
4341.929755
4232.599323
4100.622425
3982.132914
3884.193910
3773.591130
3659.786015
3550.567458
3447.662744
3364.922505
3283.021711
3183.018947
3100.269266
2999.010489
2930.876667
