8.556591
13.738486
12.179030
8.421625
10.781132
11.543330
12.952620
12.258656
14.461437
15.267387
14.838151
16.226829
19.431176
19.127402
15.898016
15.864036
17.512908
20.729953
20.984242
17.846342
23.193017
25.485913
27.704275
24.247552
25.363936
26.555659
29.210804
29.453301
28.600000
30.047251
32.976017
33.934702
31.690653
31.452992
35.303243
35.167877
38.630123
35.530698
38.534690
39.000000
39.000000
43.064916
44.200543
44.120968
43.328701
41.439188
42.824671
44.696542
43.036162
44.840387
43.280798
42.144243
46.045046
51.822048
53.143437
50.958723
50.272766
57.014778
63.800638
64.017749
64.151730
66.648247
69.473066
74.077353
80.378542
86.159867
92.532630
94.572276
98.501053
104.259981
111.361237
115.060699
117.608661
123.203902
128.824842
136.272312
142.478643
149.737019
158.859586
172.772919
179.419486
177.166211
190.771252
195.508094
208.491928
220.280015
231.170269
234.861914
247.356158
256.122414
267.172703
272.437644
280.168165
282.959812
290.580474
299.314628
304.441657
308.852829
307.782857
313.506000
314.943169
315.242286
322.746203
323.417940
319.330821
322.538443
330.635594
325.592263
320.320147
312.906305
318.875492
324.752523
317.612487
311.934158
314.059203
317.014244
321.162226
323.128545
316.163559
320.613677
330.611534
335.344761
338.725273
339.400000
336.034620
338.700416
342.855664
337.337857
334.394474
333.058013
322.569266
319.689060
323.792800
322.976261
320.776105
316.576556
308.880889
313.390226
318.636278
320.044919
306.868389
309.259151
306.442827
301.628263
304.727284
308.600000
307.123356
305.464002
305.199797
300.724090
305.529102
310.036759
305.063808
304.172134
307.305727
300.894241
296.556045
298.754672
296.658539
295.964680
293.146708
289.984316
289.799377
288.452000
288.455485
289.237786
280.071714
276.486695
276.627957
275.494704
270.624707
271.992519
273.188701
265.956369
267.648237
272.009906
262.445051
258.722789
263.827190
260.629090
257.405620
259.435996
253.660344
255.121568
262.760038
257.898847
249.254083
255.621023
256.997098
256.457470
253.720274
251.696647
255.521842
252.941566
250.857542
251.822365
252.179492
258.003805
252.737273
253.152158
250.301992
245.410518
250.753372
247.628949
239.477981
230.425917
232.496252
235.011970
232.937921
218.184947
208.490207
209.921085
208.430722
204.674910
203.742485
199.680036
192.420331
194.275397
194.922051
190.369168
196.210805
190.200432
194.947492
199.156605
202.515947
207.167500
207.716215
210.574451
219.247286
231.001321
244.052049
246.958559
251.242714
260.750932
273.989158
283.902162
297.143491
309.049992
318.377362
330.048825
342.685763
345.269895
348.325537
365.904671
384.940380
391.400913
394.039733
400.805158
413.073586
427.521222
443.792009
454.951132
454.046876
473.724524
484.743540
498.597113
519.855079
545.697553
551.677397
558.832188
580.713455
606.232492
622.485504
627.801580
646.376090
675.828746
692.728925
696.381425
710.300549
719.447992
731.245141
745.044588
761.765791
780.366316
783.153787
791.427267
801.896925
801.283143
799.084906
799.296729
799.052436
809.374199
805.521126
801.072662
791.642714
787.611680
780.030687
779.857357
777.037654
752.132868
748.030000
751.763940
745.445393
728.718492
719.929658
715.070546
699.548622
705.285060
688.397232
681.447523
687.110818
694.501737
689.681465
678.112158
686.622985
708.398579
715.786171
727.888688
737.060545
734.790028
742.945077
754.331226
752.513789
761.244530
768.410798
784.270391
790.475462
780.293658
773.753915
784.251474
776.315780
773.450855
776.005342
768.977565
766.453538
762.138053
745.483218
729.143554
724.059391
721.242053
709.806294
691.484897
687.355429
689.284556
683.952058
676.360976
677.981553
665.401526
674.309289
664.193851
659.232722
648.733273
643.631592
646.362706
639.749564
633.393077
632.232864
625.872579
619.737330
627.651536
614.815495
608.873677
607.435787
599.129276
587.178105
583.015802
578.217058
574.758134
567.570286
551.081218
545.235900
546.875226
530.459278
519.775286
510.359435
490.932835
491.891960
489.174498
466.210540
467.183789
460.949566
453.016959
442.093165
437.986186
439.332100
435.143288
427.353278
413.030605
400.264876
407.492677
399.290311
389.175859
383.049023
383.431887
380.882339
371.833158
362.129263
356.846646
347.471842
350.855053
353.113737
353.089066
352.486034
346.523451
342.716117
347.142959
349.353030
348.505278
345.041474
343.883505
345.137748
341.803421
341.452684
354.382237
346.848361
340.551891
338.711028
336.722395
334.483500
331.253070
326.742625
326.147429
327.973989
319.927833
320.736571
317.413716
310.598367
298.187211
298.855263
295.751294
289.036188
285.212759
276.677628
274.992487
273.029034
266.832714
261.592341
257.728026
253.365727
246.891207
244.564361
243.017475
232.147496
227.733211
219.061842
222.044301
215.652139
207.578724
203.806288
193.288647
188.745994
183.374492
177.289571
173.901402
166.167691
161.064600
158.148459
151.544446
144.106970
130.636678
