162.462316
169.205160
174.298023
176.061632
178.193814
189.210539
196.993729
202.435541
215.038358
218.338994
229.258699
237.342443
250.136821
271.817203
287.291150
302.634384
319.752000
328.404605
355.932286
362.228133
379.056629
398.048150
415.357228
427.062485
435.695723
445.023282
465.456086
485.031917
497.434865
511.626173
529.621336
544.594379
560.673711
578.908814
588.111086
608.390835
629.596454
650.764904
659.430586
688.062143
690.839930
713.863511
730.789143
739.878932
748.427329
753.186910
755.378180
762.620936
780.752224
799.238241
800.730940
822.491878
855.462960
897.370722
909.458895
964.482201
998.163578
1039.688872
1071.970019
1125.681620
1159.836090
1210.292373
1276.350714
1336.806692
1413.606842
1484.557627
1540.221278
1621.419398
1722.186516
1811.188891
1882.587232
1980.840602
2074.971751
2160.767744
2272.744436
2373.066880
2484.368365
2600.668230
2722.457293
2866.961842
3006.822486
3133.186053
3292.553008
3444.955169
3607.352185
3754.806992
3890.807406
4048.034793
4235.052256
4357.009774
4496.615789
4634.627797
4747.522180
4822.249397
4871.274361
4925.729737
4986.870377
5040.485132
5088.825357
5123.088271
5157.450113
5187.462143
5197.056128
5182.652218
5134.252143
5128.726723
5139.007669
5143.201504
5155.182575
5164.702147
5148.654586
5153.236015
5172.375000
5177.400526
5184.062030
5173.860808
5172.154049
5170.789925
5231.952881
5251.127632
5300.179624
5323.885292
5376.828120
5386.156692
5418.015789
5454.679849
5456.262237
5411.188271
5357.276842
5304.104605
5238.271883
5179.532970
5126.870094
5093.306692
5053.509492
5023.617895
5012.605959
5028.527401
5017.301429
4999.702744
5011.325733
4997.640377
4974.140376
4963.322068
4973.670734
4967.166316
4957.849831
4994.231222
5014.231695
5022.051353
5051.942068
5042.614192
5009.898158
4982.196441
4947.257632
4945.877820
4891.840977
4853.960113
4848.301316
4820.908947
4775.462712
4734.905000
4707.834369
4684.654286
4657.600000
4646.406805
4600.362143
4554.945150
4553.845789
4538.729115
4540.548571
4524.604774
4509.548440
4485.389284
4476.116090
4479.572180
4472.574915
4471.398947
4470.341695
4472.475019
4492.418571
4495.581729
4501.305169
4474.792820
4500.807820
4494.847345
4479.517030
4482.998910
4471.490639
4476.809436
4492.212575
4509.393910
4517.983158
4550.313816
4555.420000
4558.360301
4591.375470
4577.466936
4596.552316
4607.854286
4621.523722
4582.142825
4515.982368
4497.324576
4454.794718
4398.029850
4330.211827
4239.780414
4142.118026
4078.096842
4054.050075
4022.462049
3983.936316
3974.357519
3955.527970
3924.798346
3925.213872
3909.675989
3942.243139
3970.102881
3970.788195
3994.172876
4072.832768
4128.437744
4206.966053
4287.340000
4366.263861
4456.295113
4541.520000
4636.620470
4768.802406
4904.293898
5080.257538
5279.083898
5440.891353
5645.933691
5865.686861
6128.235639
6353.772486
6557.517707
6762.226184
6982.657895
7215.804181
7430.912218
7646.859023
7854.694011
8044.112387
8286.143898
8523.989549
8782.530000
9078.429098
9436.465150
9812.018045
10179.565226
10607.131450
10989.754135
11372.171429
11726.036842
12082.119021
12450.733083
12835.426880
13218.601695
13602.155639
14018.586441
14415.816353
14778.425612
15143.800000
15618.078008
15882.248120
16118.933835
16443.418079
16724.537594
17024.940678
17164.205263
17333.888136
17518.834023
17608.107519
17660.248872
17707.202632
17722.132203
17777.700000
17842.050940
17791.861278
17832.851880
17803.300000
17744.457707
17668.622411
17489.000000
17301.834962
17118.189474
16871.900000
16663.003008
16471.245865
16228.855744
16016.382331
15924.498117
15911.654511
15899.369173
15827.871186
15903.540977
15988.228571
16218.991353
16438.943126
16596.083083
16821.679699
17046.426316
17361.694737
17692.296992
17945.903008
18222.112429
18538.292669
18827.214501
19103.778195
19351.128571
19537.525047
19790.858271
19805.580451
19877.940789
19911.708475
19844.777444
19843.495301
19828.992105
19770.802632
19619.378343
19397.744737
19226.732580
19085.440602
18965.540113
18872.622180
18729.548872
18584.702072
18448.687594
18344.293985
18137.233083
18063.417891
18015.632519
17884.468421
17825.450000
17708.794737
17605.048211
17609.153383
17558.187947
17470.774060
17414.136535
17341.364286
17265.895489
17215.993220
17135.333083
17073.251412
16977.057143
16954.871563
16839.893233
16712.760264
16542.697368
16410.852632
16318.895480
16184.664286
16010.720716
15786.081579
15592.782674
15426.090789
15218.706767
14974.081955
14673.571053
14497.258192
14276.205639
14077.894350
13897.376692
13703.968550
13485.515789
13300.739474
13137.119586
12967.770677
12821.249153
12678.258459
12533.547458
12402.093233
12264.032519
12113.905263
11996.549624
11910.370998
11800.167669
11669.864662
11585.314286
11486.341808
11380.923684
11296.250000
11262.472881
11181.679887
11201.792090
11189.338346
11138.996987
11124.809398
11178.657143
11232.873684
11197.513346
11182.306591
11167.417293
11156.801692
11132.098870
11130.351504
11118.731579
11142.290789
11146.005085
11167.656391
11145.372932
11121.362782
11121.083083
11093.728571
11008.704887
10895.545763
10797.785714
10700.377966
10546.805827
10435.535714
10349.469868
10169.433647
9998.559211
9833.636316
9740.528682
9608.321353
9511.985489
9328.725038
9211.228120
9081.555895
8925.477744
8804.765537
8678.177932
8526.205838
8360.539436
8228.755132
8047.320508
7818.353083
7669.824211
7494.999737
7309.836064
7120.493609
6928.539474
6724.791316
6545.511955
6373.990056
6221.297162
6064.964068
5899.736391
5733.939849
5536.889850
5384.650150
5261.625763
5124.884135
5002.295819
