55.722095
57.146135
52.755815
47.786808
50.854966
54.441389
56.152534
56.086177
54.841649
50.287936
52.662913
55.708415
54.161509
52.231656
55.547228
59.937131
57.903495
60.791953
64.904988
66.121247
61.572634
60.405557
68.592467
65.884389
65.453239
68.794937
70.580653
72.405365
71.033874
70.318573
71.851186
70.673336
71.035805
74.465171
77.740467
77.580905
79.566118
83.282067
80.417844
78.814050
82.376459
84.561397
87.929286
86.860334
87.269244
87.935926
87.138656
89.062504
95.562634
100.701181
95.015320
99.173862
102.339294
113.375203
114.814614
120.722844
127.327544
135.263474
138.375810
148.093260
159.388898
172.350458
186.855938
203.358383
223.453000
240.657919
260.736667
293.615030
317.736910
340.459432
369.779684
411.189143
446.214972
473.678605
518.787289
564.630305
616.145761
670.222524
715.142526
764.217308
826.878780
886.688447
941.182030
993.176182
1045.164237
1101.553985
1166.627650
1222.638985
1274.948534
1356.771617
1397.306335
1426.339153
1447.346917
1501.157815
1553.498797
1574.862068
1594.661563
1623.927237
1646.193214
1664.111353
1667.840282
1680.980357
1693.339286
1709.242256
1715.330000
1685.733183
1688.453083
1706.033158
1717.628064
1717.797401
1706.345451
1703.872876
1709.517632
1709.913684
1712.214436
1713.439492
1709.670659
1709.975752
1703.792373
1700.565489
1700.130902
1691.270207
1674.790583
1683.486447
1695.950789
1692.551902
1677.462237
1652.346842
1634.212105
1612.586053
1569.749190
1535.582782
1519.953578
1510.138026
1480.679228
1456.035564
1433.769117
1456.410960
1426.561729
1425.572895
1419.007970
1409.750847
1394.694962
1380.386109
1373.920471
1375.810263
1386.808475
1392.317613
1376.682881
1373.718045
1375.518816
1369.830883
1364.796053
1362.488098
1339.746974
1326.487368
1309.873083
1290.139887
1260.021034
1232.004586
1212.737194
1193.542368
1169.588719
1155.032857
1149.291955
1125.807444
1114.253571
1088.243271
1078.259868
1075.656365
1067.918872
1075.537820
1071.825902
1047.817966
1047.819737
1050.446353
1047.608136
1049.842632
1047.580847
1044.521241
1050.396729
1042.345414
1036.006541
1028.539756
1010.858120
995.764090
978.670096
955.638316
933.757677
904.860451
887.067227
877.064466
848.452000
827.570500
819.255446
810.424898
802.746049
790.540282
775.754435
754.880165
742.662863
732.903847
689.349699
673.760424
635.936949
597.349474
555.288134
532.382329
501.431039
479.758605
458.481448
435.209641
420.519789
404.557060
390.959006
378.349543
372.936985
372.114623
367.480154
371.990693
373.173970
377.954555
386.889938
395.345677
410.217026
445.273000
487.716693
533.688474
585.001643
648.250795
737.056109
840.593169
970.998575
1121.115932
1275.810827
1432.958701
1610.173853
1783.027180
1947.248079
2143.195489
2324.313026
2468.784211
2607.831130
2758.944925
2911.475263
3050.488512
3188.675376
3341.888531
3480.267218
3632.220000
3792.948891
3947.442594
4125.741466
4326.110752
4510.180414
4664.159098
4879.863402
5064.498158
5220.556497
5387.326504
5569.447594
5753.531525
5938.740150
6145.594313
6362.923421
6540.797420
6704.197368
6902.587180
7056.525620
7224.783083
7321.229774
7417.877538
7548.619529
7654.897632
7721.897458
7806.982162
7856.997669
7906.823459
7962.785883
7948.504576
7940.919624
7942.111823
7983.397218
7982.553383
7946.924286
7936.268289
7944.403861
7867.702143
7798.362763
7730.842632
7630.690000
7547.091654
7443.262538
7319.339492
7218.038120
7162.904991
7156.753045
7148.783308
7150.417458
7203.286071
7245.926861
7311.213383
7365.451431
7456.125226
7589.080075
7693.076842
7826.703158
7965.280846
8119.745752
8282.848588
8408.367425
8528.302185
8677.005564
8800.535019
8931.487288
9053.918722
9087.669474
9092.972519
9138.555763
9113.673985
9091.945714
9049.017895
9012.033947
8988.853465
8958.508233
8883.994143
8796.739774
8747.510113
8697.262989
8635.646429
8617.386309
8481.795169
8427.541090
8391.670526
8365.000546
8295.998139
8279.683045
8203.740263
8189.287368
8159.845179
8129.504211
8134.355744
8142.591805
8090.509379
8016.299098
7995.005695
7955.257288
7869.048346
7875.531337
7851.792143
7816.065160
7808.144135
7743.187495
7718.817237
7652.030526
7600.197288
7530.405338
7443.080791
7370.049962
7282.975857
7158.563064
7069.205113
7027.501880
6912.573515
6814.783164
6699.772970
6537.230226
6454.473308
6385.334991
6280.720000
6216.471579
6133.485066
6044.271692
5980.009831
5919.619887
5849.053390
5811.263233
5774.444680
5675.671579
5597.746992
5587.838004
5527.702481
5457.337519
5393.246015
5366.245254
5284.446711
5292.699211
5251.979058
5237.125789
5232.697250
5223.478872
5233.190452
5234.836297
5235.892519
5235.686128
5217.606955
5242.580546
5203.535113
5198.248289
5217.991940
5201.476015
5211.331579
5174.004737
5188.154407
5234.211654
5232.200883
5204.961241
5194.690188
5173.978571
5146.337049
5125.058719
5092.315714
5052.065480
4991.431034
4921.351429
4816.885913
4748.368741
4682.197632
4614.728947
4551.248493
4520.643722
4481.764060
4421.746128
4353.986391
4271.991092
4198.541429
4135.244294
4063.526617
3982.565800
3885.973722
3822.400000
3747.915932
3707.556767
3581.343684
3507.389868
3447.511601
3336.199023
3244.664286
3136.862763
3051.016015
2975.834746
2902.068421
2810.759322
2722.951805
2655.348945
2560.216767
2487.322105
2433.244501
2358.990395
2295.219153
