18.257237
19.278970
16.626736
19.151639
23.710507
15.000274
16.367059
17.113723
16.041712
13.345023
17.266028
21.142276
18.033998
15.462531
16.731650
19.097361
24.322254
21.087161
17.396605
16.801856
16.817714
19.012054
20.778156
23.284082
24.102159
20.588319
19.634422
24.816123
26.244442
23.566815
23.427202
23.483686
21.749150
21.515798
22.306545
23.880002
22.600036
24.097965
25.419601
24.414050
27.976459
27.257908
24.869086
25.693092
25.057468
25.728126
29.015979
29.513768
29.516555
31.567126
28.177968
25.858023
32.888701
29.549987
30.584869
31.021268
36.072716
39.925911
42.194137
45.727937
46.017935
44.690966
46.855160
54.297735
61.320589
64.104344
71.204890
79.830380
91.293078
95.660980
100.433345
108.703805
116.566859
129.627459
142.997184
150.537041
162.115203
175.504478
197.826053
218.010776
227.491158
241.391974
253.595752
264.060491
276.770934
305.548135
318.562109
326.853073
340.399477
360.364425
371.997483
394.121068
399.279759
401.098386
415.905075
429.668571
434.026156
436.602895
439.136964
442.609624
446.466107
462.946750
461.958613
453.864827
459.529821
453.202915
455.354805
456.691910
455.058235
458.830972
458.837429
463.922932
460.942895
456.978316
468.691684
454.593400
452.930058
453.810594
457.787441
447.073363
454.753654
449.402309
450.484211
448.002350
453.591023
443.585746
439.183718
435.273902
427.873474
415.793737
400.189422
400.449071
400.051328
384.907318
378.511186
384.081526
379.508438
380.876927
377.786192
371.665902
374.302177
366.658546
361.221707
358.175026
359.338495
363.115684
358.559797
352.749581
360.334136
362.613361
359.581739
344.173295
341.301455
347.318358
352.928947
344.045030
338.497812
336.473994
331.501690
321.311357
320.288045
313.882579
294.792047
288.137000
295.839630
296.389727
287.702071
272.986274
271.746246
273.115294
271.351677
272.551643
268.578103
267.052896
267.135083
264.990094
263.600000
264.781947
264.877090
262.954258
263.320541
264.239526
260.141041
260.724491
258.043180
250.807475
243.744451
239.052816
234.705143
234.235620
226.559823
220.103586
217.115053
213.580224
203.972768
196.646861
198.679844
198.417650
193.736026
187.133248
182.852976
181.997386
174.919376
173.689966
167.413600
157.511466
141.231371
136.270323
129.261250
121.801658
119.498861
119.686917
117.630722
111.935053
105.832893
100.677267
99.108193
101.773900
100.606594
99.463789
100.731985
100.927998
105.787672
108.307372
111.704474
116.684750
122.892751
132.356602
146.575464
166.004412
187.739485
209.807593
245.409513
278.517983
312.998045
352.964475
397.633412
438.890071
486.767540
540.541707
579.046421
604.505947
640.583209
683.358073
724.470992
758.469727
789.346603
832.490196
862.102173
895.453000
948.038192
991.969320
1029.335113
1081.274944
1115.154331
1173.425263
1227.229530
1271.477895
1308.834746
1345.443609
1399.609605
1460.293390
1502.785113
1545.523823
1608.617162
1647.476403
1655.937857
1735.031880
1774.145075
1800.713158
1830.216723
1861.322650
1890.003616
1929.495000
1951.329379
1952.964812
1952.897594
1974.053985
1996.051241
1993.163277
1997.655865
1996.705508
1990.966936
1993.311880
1979.015714
1991.250470
1985.962260
1961.919286
1942.724586
1918.730132
1885.830000
1861.253684
1842.466447
1817.946328
1799.647143
1791.468418
1776.764680
1771.860526
1785.230282
1784.949154
1793.430432
1793.231805
1809.436723
1848.680583
1879.370526
1921.579474
1938.129342
1957.600714
2009.856203
2055.041356
2086.220940
2131.552957
2168.932406
2173.262086
2189.808399
2208.622895
2228.605902
2229.198365
2248.212034
2226.185639
2241.196071
2229.402105
2228.589211
2195.623823
2163.851861
2160.674049
2152.517519
2131.591864
2106.968459
2082.045827
2084.693653
2084.256015
2077.317274
2053.301278
2052.264482
2008.609680
2010.539211
2002.286316
1987.154079
1991.373691
1987.214135
1971.102298
1961.691466
1948.526817
1935.662406
1942.860376
1940.023729
1913.459323
1928.741638
1912.821071
1903.140358
1899.861203
1886.861883
1881.608553
1868.426842
1835.179831
1811.178553
1801.608776
1781.447594
1753.096780
1725.983083
1702.921880
1685.231128
1658.194041
1636.530734
1618.233271
1567.489831
1551.089868
1528.148004
1511.066316
1487.618684
1466.465424
1453.379586
1452.416102
1415.834831
1388.021695
1383.703609
1365.909417
1344.705432
1322.419549
1298.383917
1314.809812
1294.779624
1286.172632
1287.996045
1281.836053
1258.718684
1262.414501
1245.605357
1234.202881
1241.983609
1250.870377
1242.620883
1231.527218
1236.754887
1242.685113
1233.861507
1227.864887
1233.939342
1220.265612
1235.245451
1238.147368
1235.244737
1246.447288
1237.830827
1238.298929
1235.412049
1223.175752
1226.243571
1229.828064
1218.561601
1212.732857
1206.386384
1187.845395
1178.142143
1149.250621
1121.725038
1120.042500
1091.831053
1080.760056
1072.653177
1063.234699
1042.075865
1022.387820
1014.615819
1000.112180
973.488200
950.623461
930.547915
909.251895
899.937598
880.519915
861.639714
838.418421
818.324000
803.795591
784.875970
760.541310
735.428387
712.329195
694.237034
674.656288
653.516124
626.695447
604.494286
602.109395
580.189707
570.284902
543.551906
538.296915
