127.728474
123.734322
127.003331
125.931015
129.414254
132.497966
135.167305
136.227744
145.811279
146.481605
149.824323
151.914847
155.529338
163.429610
170.935286
176.938056
178.906526
185.869711
198.322132
197.777989
211.462290
212.204308
225.453162
237.515071
234.663605
241.612429
248.825735
253.093327
258.290083
261.600000
266.538831
277.346718
286.162000
294.151186
299.834250
301.860173
309.892623
317.609904
328.471503
347.188714
359.211791
363.487115
358.873571
366.842316
370.532878
369.540838
374.193868
382.447821
392.349066
397.959288
403.964030
418.870241
429.623825
447.701831
461.754266
481.106212
494.272846
537.488669
559.104575
575.784970
605.428801
644.257441
682.859397
719.581098
757.820526
804.586175
866.841265
928.323842
984.794149
1048.409436
1112.618701
1191.258797
1272.575593
1359.087500
1436.636203
1522.264474
1618.682462
1720.950094
1815.815263
1920.743120
2044.421243
2170.258947
2305.929662
2429.490808
2549.393315
2670.121128
2804.483929
2938.976748
3048.191541
3213.099211
3295.622387
3403.593729
3504.698722
3590.829492
3675.577199
3740.996429
3797.224105
3844.465263
3866.797500
3927.517519
3956.187853
3949.530714
3964.893722
3971.227180
3995.191429
4035.837420
4002.128271
4014.156391
3996.672030
4000.614689
4011.834962
4011.226015
4009.089211
4018.838421
4025.940301
4005.414774
4031.943823
4054.363947
4001.881356
4041.172650
4044.429774
4063.224934
4054.788985
4102.106278
4106.703421
4117.301073
4094.679286
4062.950376
4027.533684
3979.736316
3925.002957
3852.446692
3809.937269
3768.930827
3726.923861
3689.943459
3699.462086
3676.847175
3657.717331
3633.228440
3610.260395
3594.855612
3606.538872
3596.408947
3553.606874
3539.812895
3555.383220
3567.843252
3597.002881
3588.611729
3608.902951
3596.532406
3574.083346
3560.628983
3531.991992
3483.471429
3470.420301
3465.919605
3426.413741
3373.014248
3334.976648
3312.178026
3285.217476
3237.941429
3198.574342
3195.760338
3141.212143
3115.724774
3121.888233
3106.325744
3088.437594
3055.188609
3045.277726
3048.712900
3027.957970
3011.916654
2988.017966
2977.409474
2983.514595
2981.689586
2989.943759
3009.446015
2997.812820
3005.841711
2991.642857
2940.413616
2917.434380
2898.089549
2875.703346
2850.729154
2843.573120
2823.267669
2823.174737
2819.578553
2795.394181
2781.086842
2781.677876
2774.512256
2762.390979
2753.649098
2755.989511
2730.340527
2676.493722
2642.422203
2574.047162
2492.252632
2413.253390
2371.987011
2329.690395
2289.120263
2249.355744
2208.330263
2184.427820
2170.978722
2141.662180
2119.880921
2120.951729
2117.023277
2112.131560
2138.929171
2154.442932
2183.627895
2260.268644
2315.403233
2363.638684
2449.047500
2542.841507
2642.359549
2758.618571
2882.754981
3035.312632
3223.095932
3413.568271
3664.453559
3906.206165
4162.666102
4438.995583
4711.653684
5026.081657
5320.775226
5612.514868
5905.674211
6227.574915
6527.577519
6778.361053
7025.731488
7303.056316
7600.525386
7888.164361
8237.326667
8595.304417
8945.222368
9331.185789
9751.368045
10219.124670
10660.665414
11082.724624
11552.690789
11994.892655
12411.459023
12836.340602
13310.886441
13814.093985
14258.425424
14709.850564
15190.838983
15597.771429
16003.531767
16388.931203
16800.755639
17110.170621
17505.277256
17830.170810
18063.823684
18300.036158
18481.112970
18612.103759
18733.206767
18826.892293
18905.667232
18957.134211
18895.105639
18964.835150
18998.839850
19023.285714
18952.395489
18910.097363
18814.271429
18661.749248
18492.059211
18255.900000
18018.615038
17776.719737
17534.009416
17317.298120
17148.023729
17040.060714
16960.685714
16970.063277
17040.136278
17122.109962
17251.696992
17410.561394
17628.793797
17855.568421
18152.552632
18427.142105
18750.838534
19043.725188
19367.849718
19710.790038
19972.783616
20225.013534
20529.284586
20788.389077
20869.210526
20979.031955
21010.443045
21039.033898
21125.308271
21021.753195
20917.194737
20873.394737
20824.157627
20665.528759
20465.269868
20331.455639
20225.207345
20040.826880
19804.100376
19631.447834
19472.139474
19318.263158
19184.644361
19132.685687
19053.573684
18907.890977
18787.260526
18720.314474
18655.756874
18555.275188
18498.188324
18454.280827
18370.356121
18287.083459
18236.091165
18163.477966
18035.729323
18005.456874
17911.771429
17818.306591
17704.881955
17620.738418
17483.081579
17310.547368
17140.437853
17041.880263
16907.391337
16720.385714
16518.344444
16279.570677
16029.851128
15837.428571
15642.335902
15339.104520
15067.231955
14810.478531
14646.236842
14416.655179
14188.978947
14036.046053
13847.627495
13626.892481
13453.205085
13283.981579
13131.727119
12985.121053
12823.578195
12665.493421
12501.473684
12395.406968
12287.022368
12133.154135
12036.264662
11933.080791
11822.481579
11750.360526
11722.858945
11663.901504
11657.994915
11641.636090
11622.878343
11607.514662
11618.169925
11652.297368
11630.034211
11601.527307
11595.074436
11551.997932
11592.498117
11588.849624
11555.255263
11577.110526
11546.323729
11558.409023
11572.103947
11550.371241
11521.381955
11518.728571
11479.891165
11360.791902
11234.885714
11159.172316
11080.881767
10919.557143
10680.125800
10525.035526
10330.247368
10254.894737
10155.102637
9953.878947
9822.538308
9738.913158
9585.983026
9447.908870
9356.666391
9221.490452
9061.012256
8935.401431
8781.601128
8628.763402
8447.477797
8259.024361
8048.309474
7888.774474
7682.193315
7475.222895
7249.105695
7077.974906
6896.635639
6712.096102
6509.416015
6308.878701
6143.023534
5977.329567
5799.866861
5647.574060
5516.319266
5353.456241
5207.866271
