73.348505
76.268562
72.590005
73.998365
75.470263
79.203609
71.991573
70.600000
76.391603
77.273516
75.031920
77.904376
78.212222
77.188376
80.525111
80.988059
81.811141
84.854176
86.717682
93.479900
93.745083
85.533456
94.896741
97.868367
95.027455
97.056023
94.720305
100.856321
105.049338
105.189919
104.777241
104.281987
110.933895
112.873915
116.084570
109.157248
116.726915
124.013932
122.581874
125.588286
126.356979
126.689970
128.797000
133.065143
137.813831
141.934186
142.306218
140.012143
143.330395
150.604401
152.164496
153.503861
160.947960
168.147789
183.703746
194.616622
197.308755
217.893030
232.067455
243.038271
259.838722
285.688492
314.039235
345.533398
382.564842
421.666107
467.875335
509.050511
566.392644
640.958154
705.990610
762.142910
838.415124
935.571893
1023.900320
1121.004286
1222.169229
1339.504501
1453.322030
1573.181447
1712.897458
1846.555263
1984.003534
2120.947274
2252.842241
2399.826090
2561.974793
2692.430808
2806.656842
2956.607368
3083.890000
3195.724746
3281.424737
3381.392580
3467.956936
3541.344511
3621.024105
3685.196579
3732.163214
3770.133985
3795.389209
3832.023929
3857.573759
3844.628910
3860.267143
3890.514746
3868.249549
3879.575940
3899.593929
3896.250452
3916.773459
3913.592068
3895.148026
3898.750526
3885.974060
3895.511786
3915.992373
3899.544699
3902.855254
3876.653383
3890.601128
3884.116139
3890.749850
3864.930301
3871.427632
3854.290791
3821.515301
3769.346541
3699.698947
3623.923684
3550.136441
3491.538910
3438.672976
3402.269530
3354.753126
3290.208045
3262.169474
3218.777627
3194.543346
3175.258515
3158.840545
3134.774746
3131.313083
3111.278722
3082.280056
3075.235263
3077.079322
3078.124756
3083.697288
3070.359023
3059.440752
3058.599154
3059.122331
3027.979134
2991.715508
2973.619023
2932.528045
2894.451921
2855.838383
2796.133383
2739.662712
2686.186711
2636.260433
2599.554286
2556.765113
2508.866767
2445.085714
2399.820226
2365.720752
2341.442618
2310.991128
2280.613233
2258.035714
2242.521846
2232.398195
2222.278045
2202.972712
2181.440000
2169.264068
2168.130902
2169.530376
2162.645977
2153.320263
2140.540075
2106.549098
2084.044859
2064.663816
2003.958835
1939.655376
1891.167650
1829.821353
1797.370752
1752.651579
1699.631711
1656.662147
1622.683008
1588.178853
1546.332105
1519.062411
1481.708195
1436.949229
1378.115631
1329.423195
1250.633390
1176.608477
1103.901729
1033.463469
958.124602
893.000013
836.462105
775.079603
726.846447
691.855271
648.161857
616.888742
595.876940
576.789350
564.242203
559.658737
555.350589
551.160451
554.658934
571.729367
581.788071
616.193500
670.367500
726.829269
804.022286
914.210750
1047.874474
1225.178910
1460.340678
1707.379361
2031.156441
2360.261429
2760.521789
3144.021372
3548.727707
3982.160490
4415.594041
4845.467105
5244.776842
5629.847853
6017.831053
6365.603271
6686.539341
7036.963083
7385.756045
7744.126617
8089.066667
8463.180827
8873.906617
9327.381429
9745.660996
10142.513559
10572.052632
11065.488722
11591.488158
11991.577589
12391.264286
12844.376504
13312.471186
13786.551880
14221.493409
14663.561466
15095.087194
15479.781579
15893.876316
16312.146617
16672.484211
16994.776836
17270.388158
17582.091149
17909.389474
18126.302448
18282.561466
18428.784962
18584.764662
18709.448684
18748.269492
18762.023308
18763.625188
18771.477820
18772.641353
18813.228571
18775.150940
18658.993032
18576.992857
18499.028759
18261.169737
18094.700000
17874.630827
17645.421805
17450.111111
17219.989098
17064.822599
17048.599060
16968.593233
16924.329379
16977.915414
17044.423684
17121.438346
17317.699247
17556.380451
17816.689474
18063.657895
18398.022368
18634.728759
18882.328195
19212.263277
19570.004887
19881.973258
20070.603759
20258.568233
20583.074388
20639.503759
20734.848120
20810.035714
20970.584746
20978.654887
20919.951128
20864.446053
20782.250000
20661.362712
20537.406955
20399.703202
20288.961654
20123.314124
19874.274060
19721.937594
19588.539548
19353.606767
19282.600376
19135.772180
18984.341620
18864.382895
18795.880075
18680.268421
18609.042105
18541.269680
18485.145865
18402.664407
18365.984774
18307.328249
18248.290226
18237.838158
18089.332203
18020.676692
17950.623917
17901.882143
17689.669868
17582.706015
17502.063089
17468.436842
17309.342105
17156.855367
16993.979323
16888.660264
16738.957519
16465.472505
16227.781579
16058.181203
15811.672180
15585.133459
15398.719209
15101.477444
14903.819774
14736.283835
14500.637288
14286.400000
14045.034211
13886.998493
13722.707143
13535.288136
13346.186654
13169.913559
13033.881203
12899.960150
12738.015414
12635.542857
12560.632768
12363.674060
12277.493985
12128.755639
12004.111299
11932.139474
11842.547368
11807.658380
11798.775752
11779.784369
11749.684211
11716.662335
11731.468797
11765.069173
11748.988722
11731.819549
11763.524294
11769.181203
11707.745301
11719.618267
11732.303759
11648.886842
11738.435526
11677.728814
11756.116541
11732.145865
11700.400000
11705.817669
11730.664286
11711.415414
11633.605461
11527.214286
11384.909605
11306.606391
11179.964286
11014.490772
10871.274248
10698.772368
10540.215789
10412.802260
10281.086278
10105.603383
10002.883835
9869.280508
9704.781733
9564.833835
9443.012731
9327.925789
9204.076836
9047.669361
8885.961560
8723.414407
8563.933158
8357.515263
8156.968026
7910.617476
7795.961053
7616.989981
7383.059361
7172.629098
6952.588531
6756.409436
6595.201469
6410.128797
6207.548588
6044.855357
5902.903759
5725.985217
5564.891504
5409.111864
