5.39797
.902375
-3.59322
-.507706
2.58926
4.29244
5.99078
.237127
-5.55719
-1.53427
2.56171
-1.7546
-6.1503
-4.42209
-2.62386
.948763
4.54524
2.43562
.237772
-4.51289
-9.30819
-6.95026
-4.45271
-2.05295
.344698
.204804
.00500002
2.82466
5.72182
2.6894
-.50747
3.47444
7.67033
4.89556
1.89849
-.712094
-3.30955
.939044
5.43464
.211264
-5.38325
-.510323
4.78449
2.02909
-1.06788
.999722
3.29747
2.44556
1.44653
2.92398
4.52241
-.818007
-6.51243
-6.61029
-6.41048
-.90965
4.88467
-3.58528
-12.8762
-9.81775
-6.02147
-7.11703
-8.51566
-6.25305
-3.75549
-.602166
2.5947
-3.55708
-10.3504
-3.98977
3.30308
-1.32022
-6.81484
-3.85563
-.259152
-2.41029
-5.00774
.998012
7.69145
1.36892
-6.02383
-3.83652
-.839454
-3.08185
-5.7792
-1.23032
3.96458
1.83719
-.960065
-.469336
.32988
2.40502
4.60286
-.201779
-5.69639
-3.38688
-.289919
-2.5354
-5.33266
-2.34725
1.24922
1.78032
1.98012
3.79925
5.79729
-2.25854
-11.4495
-4.96561
3.32627
3.57437
2.87506
4.58359
6.58163
.037242
-7.55532
-5.91394
-3.11668
-2.97718
-3.17699
2.01538
7.90961
.220948
-9.26975
-5.11971
.874413
1.86343
2.16313
2.9009
3.70012
-.0463673
-4.44206
-2.73224
-.134782
-.322155
-.921568
-2.99709
-5.29484
-4.21385
-2.61542
-2.14068
-1.84098
-2.23121
-2.73072
-.132543
2.96442
1.76883
-.129313
-1.34221
-2.44113
-2.94184
-3.34145
-4.50843
-5.80716
-1.49139
3.80342
.441256
-4.45395
-5.53871
-5.93831
-3.3811
-.284131
-1.82284
-4.22049
-3.8432
-2.94408
-1.96106
-.962045
-3.81311
-7.40959
-8.0835
-8.1834
-4.03469
.96041
-.6102
-3.50736
-3.00502
-1.8062
-2.09631
-2.69572
1.24363
6.13883
2.472
-3.02261
-2.27524
-.177296
-.455485
-1.2547
-2.29914
-3.39806
-2.29529
-.696861
.169438
.868753
.513084
-.0863282
1.41913
3.41718
4.93065
6.32928
3.05513
-1.34056
-1.71778
-1.11837
-1.32069
-1.7203
-1.24015
-.54084
-.559564
-.759369
-2.31214
-4.21028
-4.99695
-5.49646
-2.98657
.310197
4.39696
8.69275
5.65984
.664733
3.76619
9.06101
6.12259
.927683
-2.46826
-5.36542
-.928693
5.56494
2.87531
-2.4195
1.52348
8.11702
6.73499
3.03861
.0373638
-2.75989
-.24131
3.85468
2.49464
-.502427
.332993
2.33103
1.95901
.860084
3.04026
6.23713
7.07606
7.17596
4.08947
-.00651537
1.11878
3.91604
2.03385
-1.36282
-2.95279
-3.95181
-2.77341
-.875274
2.07129
5.36806
1.27033
-5.3232
-5.36108
-3.16324
-4.68041
-7.47767
-3.82783
2.06639
4.04345
4.64286
1.63034
-2.66545
-3.57945
-3.27974
.979322
6.67374
3.73933
-2.35469
-3.78121
-3.4815
-.854306
2.64227
2.80208
1.70315
.965944
.366532
-1.45938
-3.75712
-1.23416
3.16154
1.60154
-2.29464
-.82386
2.77261
.659998
-3.73569
-4.00365
-2.60502
-4.68402
-8.1806
-8.13835
-6.63982
-3.37678
.619306
.603458
-1.09488
-.757732
.441093
2.12987
4.02801
1.38932
-3.20618
-3.69518
-2.39645
-1.79178
-1.49208
-5.55261
-11.5467
-10.1563
-5.46093
-4
-4
-2.62754
-.629502
.205281
.504987
-1.71986
-5.11653
-4.22697
-1.32981
-1.82463
-3.92258
-5.95288
-7.95092
-6.03697
-2.24069
1.01757
4.01463
1.98245
-2.51314
-.523239
4.67167
5.46669
4.06806
1.14064
-2.55574
-2.67335
-.975015
-2.31625
-5.21341
-1.65415
5.2391
7.40294
7.10323
.843908
-8.54689
-4.87878
5.71085
3.67131
-5.12008
-5.21446
-.618964
1.19412
1.49383
-.786924
-4.4833
-2.90579
1.5898
2.81528
2.21587
2.63924
3.63826
4.38237
4.98178
3.42109
.623829
1.56344
4.6604
4.91602
3.5174
4.00712
5.60556
5.25876
3.76023
3.07489
2.87509
6.29204
11.8866
13.254
12.0552
7.88202
1.88789
1.88551
5.58189
5.09118
1.99421
-2.45309
-7.7479
-3.98759
5.50311
8.59012
7.5911
6.77446
6.07514
4.58808
2.59004
.350397
-2.04725
-.892848
2.60373
2.79983
.801786
-.119625
-.31943
-.638468
-1.03808
.107267
2.30511
2.43007
1.13134
.422911
.123204
.882508
2.38104
3.52774
4.42686
.82592
-5.96742
-8.45052
-7.85111
-2.66568
5.826
6.44939
1.35439
-.454045
.145368
.514926
.714731
3.09071
7.08679
2.75038
-7.83924
-10.1249
-6.12887
.587871
9.37926
10.0369
4.44234
.0861809
-3.31049
-.649117
6.74364
7.26103
2.36583
.924119
2.22285
1.63438
-.463564
-3.28054
-6.67721
-4.67269
1.72104
2.18359
-2.2121
-2.12054
1.67574
4.2179
5.71643
2.48817
-4.70478
-5.29324
-.298132
3.29455
5.6922
2.17804
-6.41354
-8.52582
-5.02925
-.465633
5.02898
6.05846
3.1613
2.75329
4.55153
4.23917
2.04133
1.15771
1.45741
.919148
-.37958
-.739113
-.239602
2.70305
7.89796
8.48392
4.78754
.987985
-2.9082
-4.59442
-4.19481
-3.38562
-2.18679
-1.6
-1.6
-3.0734
-5.97056
-3.95843
2.83491
5.09086
2.89301
-.00790904
-3.60438
-3.94931
-1.05214
-.0982817
-1.0973
-1.30221
-.702793
1.18197
4.37884
3.98113
-.11486
-.0420192
4.35367
6.11151
5.11249
3.8702
2.37167
2.27841
3.67704
3.04867
.251407
.626513
4.42279
8.60204
13.1975
12.8825
7.18813
4.34244
4.64214
4.46902
3.7697
3.4
3.4
3.54067
3.84038
4.32687
5.02618
5.307
5.10719
2.12914
-4.06479
-3.66522
4.42685
6.41254
1.21763
-1.41713
-1.01752
-.0261427
1.67219
1.96545
.566817
1.74057
6.03636
5.02997
-2.46268
-4.18415
1.21056
4.60088
5.5
3.87137
-.923927
-4.30641
-5.90484
-3.23966
4.85241
8.34978
5.95213
4.46931
4.1696
3.47959
2.28076
4.62202
11.6152
13.6231
9.02761
7.08448
8.68291
7.64112
3.04562
-2.01615
-7.71057
-8.84817
-3.75316
.207928
2.60558
3.9582
3.8583
3.30073
2.10191
.157709
-2.83935
-3.1163
.480177
.344002
-5.15061
-8.52247
-8.82217
-8.59373
-7.59471
-5.86794
-3.07068
-.595299
1.40274
.557998
-4.53701
-5.05002
1.34372
4.16916
1.5717
-2.64328
-9.33672
-10.0632
-1.57155
1.7251
-3.0702
-3.24061
3.85243
5.49318
-1.49996
-4.72275
-1.9255
1.40764
5.60353
7.47645
5.57831
5.80177
9.49815
7.57873
-3.61031
-7.22553
1.76566
3.89395
-5.49684
-7.50423
2.98549
8.01301
3.71722
.743023
.0437079
-1.89712
-5.99311
-7.98257
-6.28423
-2.67134
4.32181
7.79402
4.99676
3.05707
2.65746
1.58266
-.715085
-2.76545
-4.36388
-4.16993
-.673358
1.98444
3.08336
4.80784
7.705
9.25442
8.2554
7.46255
7.06294
5.05754
-.03747
-3.19618
-2.59677
-1.69338
-.194853
1.40441
3.20265
4.63368
5.33299
4.5057
.609523
-2.03299
-2.13289
-.232271
5.76185
8.33301
3.83742
1.12404
2.12306
2.89662
3.19633
3.46402
3.66383
3.83182
3.93172
2.51382
-2.18158
-4.58295
-1.98549
.61196
3.20941
5.80687
8.40432
7.48628
-1.3051
-5.25506
1.73808
5.07769
.0825868
-2.94624
-1.44771
.0808734
1.67931
3.87492
7.47139
9.08044
5.98348
4.21254
5.61117
6.21947
4.92074
2.83697
-1.15911
-3.5668
-2.06827
.835786
7.22952
8.95116
-1.03905
-6.61561
-1.0211
3.16858
3.76799
4.39531
5.09462
5.29524
4.19632
2.90483
1.10659
-1.15598
-4.65255
-5.11192
2.58054
7.2308
3.63433
.41202
-1.78583
-3.29388
-2.89427
-1.3886
3.2069
6.62614
6.72604
6.38491
4.78647
4.39817
7.49514
7.55145
-1.23994
-5.49261
3.59848
9.31811
5.02232
1.101
-1.69626
-2.38819
3.30623
6.64166
2.74548
.945721
5.64112
8.1602
3.86441
.743913
1.34332
2.10926
3.40799
3.36187
-1.03383
-4.4
-4.4
-2.65982
4.83284
10.0938
7.89601
5.21913
.923344
-2.03816
-.439726
.598226
-.300892
-1.7556
-5.15227
-6.03778
1.95438
7.13023
2.23503
-.323467
5.57076
8.74205
1.94871
-3.37875
-3.27885
-2.75797
-.66003
1.77156
5.46794
8.33803
8.03832
6.89969
2.504
-.675748
.922685
2.01937
1.12025
.221132
-.677987
-.17994
6.01399
9.71415
3.12061
-2.31572
-2.91513
-2.67454
1.12174
4.72907
7.52633
9.40731
7.30937
5.54449
5.24478
4.89015
4.29074
3.99923
5.09816
6.25083
7.64946
7.70132
1.50739
-3.44228
-2.54316
-1.69602
-1.09661
-.634267
-.834071
-.695125
1.10311
2.76742
3.76644
3.49142
-3.20202
-7.21403
2.47647
9.72766
4.33295
.183006
2.58066
4.31627
2.51803
1.07783
1.57734
2.33817
4.53601
6.3393
5.93969
5.33036
3.53213
2.20697
3.6056
4.1873
-.00859193
-2.49179
5.20068
11.0476
5.75277
1.71803
5.41441
7.74409
1.55015
-3.78639
-3.68649
-3.19759
-.200532
2.21495
.816322
.433404
6.82714
12.9259
17.0218
19.4506
10.3595
1.97722
-1.41945
-4.19194
-2.4936
-.578493
2.91808
6.16586
7.56449
8.31064
4.11475
.732215
3.62938
6.35764
7.75627
8.63488
5.33811
1.99787
-1.69851
-4.89327
-3.89425
-2.91618
-2.11697
-1.44112
-1.84073
-1.97812
.219722
2.43735
4.835
6.93214
6.23283
5.45753
3.959
2.6093
2.7092
3.19157
7.48736
10.8743
4.98005
-.199559
2.09819
3.73145
-1.76316
-6.67515
-5.17662
-3.88127
-4.8803
-5.48273
-1.48665
1.99886
-.59859
-2.73609
.76048
3.74295
.246372
-2.79269
.104471
2.98773
5.68508
7.9635
4.46693
.937548
-3.05853
-6.70452
-5.20598
-3.56555
.23073
3.46546
-2.12906
-7.18043
-3.38415
.166505
-.432907
-.865334
1.63222
3.80275
.00646765
-3.54006
-2.34123
-1.02243
2.67395
6.01126
1.91527
-2.02645
-2.62586
-3.11155
-1.0136
.501994
-11.8859
-23.3568
-11.7682
-.821102
-6.91513
-12.5943
-6.60014
-.706241
2.19092
4.89673
1.50006
-1.78011
-1.08079
-.373543
.625478
1.47995
-3.41525
-8.09856
-3.60297
.740306
-2.15685
-4.97206
-3.47353
-2.01
-2.60941
-3.11174
2.88239
8.74516
4.44937
.256134
5.45104
10.5205
1.52927
-7.35528
-.861646
5.5872
2.98975
.407706
3.00516
5.59487
.49986
-4.59515
