-2.20162
-5.7981
-9.39457
-3.11566
3.17817
-2.176
-7.57072
-6.80512
-6.0059
-6.89248
-7.7916
-2.85158
2.14352
.125777
-1.97217
-4.85873
-7.75589
-.716569
6.47638
1.19981
-4.2948
-1.16635
2.13042
-.342635
-2.94009
-.364858
2.3325
3.37402
4.37304
.317334
-3.87855
-1.47773
1.11973
-1.80126
-4.89822
-4.42029
-3.82087
1.50328
6.99789
1.61881
-4.17551
-3.53571
-2.6366
-2.31249
-2.01279
1.53868
5.23506
3.49111
1.49307
3.87646
6.47392
7.55053
8.54955
4.23658
-.358919
5.7423
12.4357
3.73132
-5.85928
.0103361
6.80368
7.29407
7.39397
1.3918
-5.00193
-4.27581
-3.07699
.739462
4.73555
2.01469
-1.18217
-.0966704
1.30196
-2.22307
-6.11925
-1.20861
4.38591
5.17003
5.56964
2.64602
-.550848
.397509
1.69624
2.53536
3.33458
2.94138
2.44187
3.6814
5.08003
1.09001
-3.40558
-1.06588
1.93118
1.1087
-.0901228
3.70206
7.99785
8.7622
9.16181
3.05592
-3.73742
-.433034
3.96266
5.1197
5.91892
4.1149
2.01695
-2.49941
-7.29471
-7.8
-7.8
-5.65969
-3.26204
-1.84321
-.544485
.576666
1.67559
-4.66722
-11.9601
-7.76141
-2.06699
.27581
2.17395
1.07993
-.418603
-3.14646
-6.04362
-2.72024
1.47564
.513903
-1.18443
-2.35944
-3.45836
.925345
6.12025
4.36876
1.5715
-.619321
-2.71726
-.0610895
3.33558
.609017
-3.08736
.530255
5.32556
.848927
-5.1452
-6.25697
-6.55667
-7.54006
-8.63898
-4.36628
.828631
-1.29231
-4.68899
.146956
6.44079
4.60567
1.3089
2.65858
4.85642
2.50288
-.693988
-.695465
-.096052
-.922828
-2.02175
-5.46421
-9.36039
-3.90436
3.38849
4.01686
3.31754
7.02307
11.6186
3.69397
-6.79575
-3.88503
1.80939
2.22234
1.52302
2.3056
3.40452
3.3536
3.0539
5.2942
8.09146
1.24341
-7.74778
-5.81206
-1.41637
-.518652
-.41875
3.25186
7.74746
2.20441
-5.68785
-1.06216
6.5304
4.294
-.301497
-.958892
-.659186
-1.72243
-3.12106
-2.44026
-1.24144
2.90932
7.80453
6.33282
3.23586
6.72831
11.9232
8.01073
1.71689
-.38999
-1.38901
-3.88529
-6.78245
-5.12038
-2.22322
-3.56029
-6.05784
-5.89606
-4.99694
-1.28909
3.2065
2.56569
.467745
.698657
1.59777
1.87743
1.97733
2.69513
3.59425
1.5658
-1.33136
-.616782
1.18145
5.27918
10.0745
1.56681
-11.0208
-6.60296
3.08754
4.63938
3.64035
2.56547
1.46654
2.10805
3.30687
5.03402
6.93216
2.95852
-2.9357
-1.697
1.89948
-1.24393
-6.63865
-5.90863
-3.11137
-4.93287
-8.32954
-4.07328
2.81997
4.30358
3.90397
8.8997
15.7929
12.7349
6.1414
.94469
-3.75071
-6.61307
-8.81092
-2.16056
7.72975
4.93026
-2.5624
-5.0364
-5.63582
-5.87254
-5.97244
-3.82972
-.83266
-2.02011
-4.81737
-4.30488
-2.50664
-1.28245
-.283427
-3.93577
-9.43038
-5.14818
3.04379
-.933943
-9.82523
-6.86417
.928189
-.197264
-4.99256
-4.212
-1.11504
3.10808
7.80348
6.81357
3.4169
1.21011
-.488221
-.930203
-.8303
-2.54004
-5.03759
-2.67673
1.81886
2.85395
2.35444
2.06197
1.86217
3.10755
5.00569
1.6885
-4.00592
1.86382
13.0529
10.5956
1.80427
-.863929
-.664125
-1.95679
-3.95484
-1.55602
2.93957
2.03931
-1.45726
-2.33099
-1.93138
.882262
4.87835
6.46744
6.86705
6.20002
5.00119
4.46706
4.26726
1.81415
-1.78232
-3.92509
-5.32372
-2.17649
3.31812
4.14902
2.55059
-.750594
-4.94648
-.588784
8.3025
8.60075
4.30496
3.57883
4.77766
3.64703
1.24937
1.17414
2.37296
1.96389
.665168
-1.33888
-3.73653
-1.08417
4.41044
.98309
-7.50859
-8.12223
-4.22605
-1.27992
1.11773
3.83109
6.72825
2.63849
-5.55348
-8.53725
-8.43735
-3.77103
3.62173
1.97259
-5.12046
-6.30811
-3.91046
-1.38887
1.20858
2.38531
2.68502
.213858
-3.98203
-3.45173
.044839
1.0329
.433488
-.348887
-1.24801
-.931292
.167631
-.369535
-1.96797
1.68841
8.78146
10.6367
9.0383
3.65932
-4.23294
-4.88786
-.691974
4.04047
9.13547
7.99125
2.59654
1.76218
4.05993
5.23612
5.63573
5.27049
4.37137
1.18537
-3.60993
-3.32075
.575434
.452603
-2.54446
-5.13517
-7.43292
-4.23444
2.95851
5.94234
5.84244
4.59327
2.49532
1.48546
1.28566
2.22729
4.02553
4.57249
4.17289
3.03643
1.3381
1.78617
3.88412
6.54495
9.64192
10.1025
8.50408
6.23488
3.43762
3.81534
6.7125
5.0582
-.236613
-2.6
-2.6
-.230093
4.0657
6.82377
8.32231
7.57721
4.97976
5.70844
9.20501
9.82204
8.0238
5.08872
1.19254
2.09697
7.09208
7.03528
2.63958
1.56386
3.3621
3.50642
2.20769
.0584656
-2.83869
.937176
10.6277
12.509
7.41399
5.05257
5.15247
6.45696
8.85461
8.48685
5.58969
3.6282
2.52928
2.31071
2.91013
2.89046
2.29105
2.82231
4.42074
3.92003
1.42248
2.64813
7.44343
10.7145
12.5128
12.0841
9.48665
4.36842
-3.22413
-2.83176
5.46011
6.99876
1.80385
-.301719
.697302
1.84522
3.14395
6.17295
10.9682
10.9379
5.94285
5.85225
10.8473
15.012
18.3088
15.9131
7.52133
1.79473
-1.10243
.247452
6.14168
6.17183
-.122
-2.63407
-1.03564
.705817
2.60396
4.97688
7.87405
7.50868
3.51259
3.89562
9.19043
9.32719
3.63276
4.47574
12.7676
14.7355
9.44069
4.51631
.0207187
.320393
6.21462
8.57357
6.77533
6.30288
7.40181
7.08958
5.09154
3.27479
1.67636
3.14673
8.34164
9.89692
6.99976
4.4605
2.36256
3.64982
9.14443
11.0913
8.59379
9.09847
13.3943
15.9319
16.2316
14.9997
11.8028
9.25942
7.56109
5.16887
1.8721
2.80616
9.2998
12.0975
9.99956
7.90162
5.80367
5.11101
6.30984
6.32178
4.72335
3.75781
3.6579
5.57386
10.2692
10.9935
6.19824
3.27518
2.97548
2.30308
1.10426
2.91405
9.00808
11.5335
8.93607
9.48194
14.5769
13.9436
4.95242
2.02585
8.01997
11.1976
10.1986
10.5209
12.8186
12.3273
7.63196
3.61057
.613505
-.0558945
2.84127
3.26529
-.131381
1.23731
10.0287
13.8843
9.9881
7.44532
7.04572
7.2232
8.32213
8.42584
6.92731
8.0564
13.4511
14.1859
7.29264
4.35684
7.95331
10.2
10.2
9.23024
6.63279
6.33569
9.93217
10.9452
7.5485
5.21644
4.71693
4.58257
5.08209
6.41694
9.2142
10.6026
9.50371
6.53654
.242707
-1.6918
4.20242
8.07107
8.27088
8.71806
9.61718
11.6761
15.872
15.2099
5.51944
1.31995
7.41398
10.1214
6.42499
5.95862
11.653
14.5117
11.9142
9.65648
8.05804
6.52716
5.12853
6.51692
13.4102
15.9303
9.73633
5.00263
3.20439
3.1217
6.51837
7.38979
3.094
.721595
2.32003
4.40452
7.50149
9.08467
7.48623
5.79176
3.89362
4.95443
12.3472
15.4079
9.11405
5.77417
8.87114
9.65714
5.36135
2.71033
3.70935
4.21497
3.61556
4.27247
7.76904
9.74331
8.24477
6.05048
2.2542
1.49344
7.78727
10.7369
5.84171
.798195
-4.59652
-6.01315
2.07892
7.77073
7.67083
7.42554
6.82613
6.2556
5.75609
5.17053
4.37131
3.77151
3.67161
2.29854
-2.29696
-2.9308
6.5599
11.14
3.04794
-.6944
6.89816
11.8223
9.72436
8.36388
8.96329
9.1017
8.00278
7.2
7.2
7.06637
6.56686
7.28775
11.3837
13.3993
9.603
7.4012
9.69895
11.841
13.5394
12.9204
5.62758
2.32079
10.6127
15.2786
9.28452
5.50448
8.30174
12.3971
20.3893
23.8488
13.5589
5.87372
6.17342
7.78949
13.4839
18.0418
19.0408
18.2409
11.7473
6.89516
7.29477
7.55281
7.35301
6.40446
3.00779
2.3954
10.987
16.5877
12.192
9.02811
10.0271
9.8954
5.89931
4.6608
12.9527
18.4888
14.3928
11.2
11.2
10.8943
9.49572
8.74618
10.3446
10.5065
5.41153
2.86588
9.75912
13.053
2.863
-3.44834
4.94343
11.7652
12.5645
13.1795
13.0796
12.0475
7.35211
3.3993
2.40028
1.6
1.6
2.30842
5.9049
8.76103
8.56123
8.61215
9.71108
10.6191
10.719
10.1198
6.52329
3.6748
4.07441
4.52952
5.22884
7.63079
17.621
24.6408
18.2471
12.8029
11.704
10.1089
6.21271
4.03396
9.92819
13.4657
5.7732
-.274468
1.62367
3.23387
3.43368
4.48731
9.78212
13.3065
7.9118
3.61255
4.91128
5.96769
5.76789
4.99357
1.19729
-.392191
9.79782
18.291
17.5917
16.8309
15.732
14.6938
13.9944
12.8907
9.49402
6.71827
7.51749
8.08329
7.28408
6.44168
5.34276
4.07348
1.77573
-.326008
-1.22513
-1.84814
-.749221
.730762
4.62694
8.30851
10.6062
12.7189
13.6181
13.6057
7.51163
2.53348
5.13093
6.95794
3.46136
.735734
3.43309
6.60776
13.2013
17.4585
4.67102
-5.98394
-.789032
4.45248
10.047
14.3928
9.09803
5.00804
10.4027
14.1157
4.3253
-3.91092
.584672
5.01623
8.91241
12.0019
8.2056
4.88225
5.68146
5.96633
1.67054
-1.86376
1.53291
4.89081
7.88787
10.524
9.7248
8.63721
4.74103
1.44587
4.14323
6.59109
6.49119
6.461
7.16032
7.85111
8.45053
9
9
8.90247
7.70364
6.7507
8.64884
10.1447
6.84794
3.94326
5.8414
7.64407
8.24348
8.43542
3.34041
-1.34438
-.54516
.483796
4.67968
8.42284
5.72549
3.44189
7.23817
10.8
10.8
10.8239
11.2235
11.4786
9.38071
7.34417
6.34515
5.57237
8.76924
11.4885
5.49442
.00479726
4.10078
8.02879
8.62821
9.40716
13.9027
17.7945
8.60349
-.124185
1.67405
3.46426
5.06269
6.74135
10.4377
13.7571
7.06371
.514279
-1.98327
-4.22541
1.1693
6.44252
7.84115
9.02098
2.72715
-3.3365
-.938852
1.4147
2.01411
2.57295
1.37412
.189708
-.309803
-.690105
5.20412
10.95
7.95293
5.05443
8.75081
12.3681
9.87056
7.35898
3.5627
-.213256
-1.71179
-3.15528
3.33835
9.80541
10.9043
11.9926
9.49504
6.99467
1.69985
-3.59496
