-7.19689
-.303643
6.5896
3.3082
.0114333
3.48445
6.98102
6.5032
6.00369
3.02508
.0280139
1.58349
3.18193
3.00245
2.80265
3.78577
4.78479
.963141
-2.93304
-2.60726
-2.20765
-2.49397
-2.79367
-1.03971
.758523
-.078381
-.9775
-5.8701
-10.8652
-7.50057
-3.9041
-3.31495
-2.81544
-2.02548
-1.22626
.63576
2.5339
3.37138
4.1706
1.4094
-1.48776
4.25793
10.3519
4.179
-2.51444
-2.60872
-2.40891
-9.27199
-16.4649
-2.60797
12.2774
3.39967
-6.69044
-2.55201
2.34319
6.85975
11.3553
9.1439
6.54644
1.30944
-4.08527
-2.04815
.449399
-2.12246
-5.01963
-2.20217
.994701
1.57395
1.97355
.880511
-.318314
.624045
1.72297
-1.26567
-4.56244
-4.05837
-3.25915
.870336
5.26603
1.16903
-3.62627
-4.92116
-5.92018
-.30094
5.89299
2.45584
-1.83995
2.10185
6.79725
3.82068
.124301
-2.02274
-4.02079
-2.56305
-.764816
-1.68895
-2.88777
-2.6378
-2.23819
-5.99487
-10.1908
-5.1905
.803625
.860224
.260812
-1.59533
-3.59338
-3.71043
-3.61053
1.49439
7.18881
4.05446
-.141425
-3.71443
-7.211
-1.74
4.85354
3.47379
1.07614
.358018
-.141492
-.993805
-1.89292
-2.088
-2.18791
-6.32702
-11.0224
-6.78127
-1.28666
-.774835
-.974639
2.05276
5.54933
1.38763
-3.90718
-4.07902
-3.47961
-4.35298
-5.4519
-6.89658
-8.39511
-4.28786
.707244
-1.18141
-4.17847
-5.11511
-5.71452
-6.82786
-8.02669
-4.43977
-.0440822
1.62317
2.82199
.0226164
-3.47396
-5.69745
-7.69549
-8.50806
-9.10747
-4.55356
.941058
-3.34138
-9.43541
-2.07517
7.81514
9.65168
9.95139
3.72267
-3.76998
-4.41549
-3.71617
-4.59967
-5.7985
-2.92492
.77146
-.755778
-3.35323
.501376
5.69628
3.71169
.215121
.340945
1.24006
-.489023
-2.78677
-2.79032
-2.29081
3.19483
9.78837
6.35198
.657565
.413483
1.4125
-.834577
-3.83164
-4.64287
-4.94258
-2.81945
-.122096
-1.53356
-3.93122
-3.99815
-3.49864
-6.60695
-10.603
-3.40221
6.588
5.32893
1.23295
2.94676
6.14363
2.03657
-3.95756
-3.45771
-1.25987
-1.98498
-3.48352
-3.8
-3.8
.837839
6.73206
3.53053
-2.16388
.667226
5.86213
1.69463
-5.09871
-7.92301
-9.62135
-9.92237
-9.82247
-4.3797
2.61344
1.96013
-.937034
.711236
3.7083
1.55672
-2.13966
-1.00711
1.59035
-2.7695
-9.26314
-8.05471
-4.45823
-.861756
2.73472
-.420927
-5.71574
-2.38408
3.70995
4.74715
4.14774
1.96746
-.729896
-2.07575
-2.97487
-2.0018
-.403363
-3.51052
-8.20592
-4.55775
1.93588
-.78372
-6.67794
-5.53224
-1.93576
2.25199
6.64768
2.64009
-4.35306
-1.12731
5.76593
5.76696
3.26941
5.30565
9.00203
8.10382
5.50637
3.78172
2.38309
3.01554
4.41417
.531789
-5.36243
-4.61916
-1.32239
-3.27804
-7.27412
-3.44889
3.44435
5.82936
6.42877
.534088
-7.95759
-3.42555
6.36486
4.01903
-3.27382
.757541
9.44902
7.2711
.577661
-.696152
.302869
.389433
.0897266
1.39986
3.39791
2.60405
.606009
-1.11363
-2.71206
-5.28218
-8.27924
-7.88501
-5.98687
-4.70986
-3.71083
-.716076
3.1801
.900238
-4.19477
-2.24179
2.95311
3.16714
1.0692
.740177
1.23969
2.82463
4.92258
5.93822
6.43773
3.96952
.0733407
3.57492
10.668
7.4343
-.85757
-.99243
2.90375
3.33335
2.03463
3.3282
5.92565
6.5349
6.1353
3.68728
.190707
.515284
2.81303
1.76079
-1.03647
-.952154
.646279
3.22413
6.3211
6.68391
5.58499
3.1231
-.0737641
-1.97649
-3.17531
-1.72917
1.16799
1.68547
.886257
4.38307
10.2773
10.1626
6.66608
5.52746
5.72726
3.89402
.896959
-.2
-.2
-.452564
-.852172
-2.63658
-5.23403
-4.00377
-.507195
.237017
-.662102
-1.18707
-1.48678
-.41892
1.47922
4.86455
9.16034
9.07042
6.27316
5.81575
6.81477
6.15656
4.45822
1.90332
-1.19364
-1.05827
1.13957
2.18237
2.48208
2.66059
2.7605
5.88041
10.9754
8.8459
1.95265
.520188
2.71803
3.65981
3.75971
3.97885
4.27856
5.94495
8.54241
3.7959
-5.9945
-6.04501
.64843
1.81148
-.885872
-.299494
2.59767
.351901
-5.54232
-2.17534
7.81487
9.50381
5.20802
5.77205
9.86804
9.81256
6.7156
7.23883
10.4357
8.47847
2.68415
1.56972
3.96738
4.31749
3.11866
2.20324
1.50392
2.72508
5.42244
5.19278
2.69523
3.61935
7.21582
9.02359
9.4232
11.1596
13.9569
14.3674
12.8689
10.8172
8.3197
5.32612
1.92945
-1.08279
-3.78015
-3.19415
.102614
.0732496
-2.72401
-1.82676
2.16932
4.43308
5.2323
5.92364
6.52305
3.19917
-3.49427
-2.85165
4.1415
4.9458
.350305
-1.90631
-2.10612
.289147
4.98455
8.25529
10.2533
8.62412
3.72891
2.91882
5.81598
3.965
-2.22893
-1.35335
6.0394
7.21785
2.62235
2.4636
6.45969
9.89043
12.7876
13.176
11.178
8.15989
4.1638
4.33389
8.52978
9.99266
8.79384
6.93961
4.44206
5.81142
11.0063
8.39751
-1.99231
-4.21031
1.78381
3.55919
1.06164
2.46957
7.86429
10.1568
9.25771
7.47578
4.77843
4.03504
5.33377
5.65942
4.96011
6.58676
10.6827
11.883
9.98488
6.50056
1.30565
.945647
5.84085
6.82674
3.52997
4.45881
10.0533
10.0684
3.87452
3.37815
9.27237
9.72718
4.03276
3.05461
7.4503
9.1025
7.60397
6.15174
4.75311
6.2132
11.0085
13.7377
14.0374
12.3713
8.37524
7.56563
10.5627
11.5201
10.0216
7.80099
4.70402
3.31453
4.01385
3.81841
2.51968
1.8
1.8
1.26784
.069018
-.467548
-.167842
.395593
1.29471
1.14361
-.354917
4.15828
16.4462
21.6219
17.5259
13.6026
9.90627
10.3356
16.2298
14.4236
2.33545
-1.27842
6.51394
13.5009
19.3951
17.9478
6.45908
1.52188
5.61786
7.08037
4.88252
3.6
3.6
3.76564
4.16525
4.97699
6.37562
6.58473
5.0862
6.64934
12.6435
12.9499
4.9577
2.70671
8.90064
10.4273
5.03259
3.28145
6.97783
7.88516
4.58839
2.83789
3.4373
4.51013
6.30837
5.59422
.99872
-.784431
1.81302
5.11004
9.50573
8.75847
-.132812
-3.98413
.211756
1.9579
-.239946
-.30523
3.09144
4.10131
1.20415
-.52462
-.324816
-.0125295
.486981
3.1125
9.30643
11.1222
5.52774
2.07381
2.27362
1.44551
-1.15194
-1.77757
1.01969
3.41743
5.11577
6.99472
9.19257
10.2407
9.2417
7.81389
5.61605
3.52481
1.62667
1.7076
5.40398
9.31123
13.607
15.0719
11.2756
8.52197
7.72276
6.71619
5.31756
5.63702
9.2335
10.4725
7.17575
4.89809
4.59838
4.73774
5.73676
5.89632
4.39779
3.66706
4.46628
6.36067
10.4566
10.2308
1.2396
-2.20916
5.68311
12.0432
15.24
17.0111
15.8123
13.5828
9.18715
7.99269
13.5872
14.2183
4.22813
-.829234
4.76528
8.6
8.6
8.16279
6.76416
5.17933
3.18129
3.09518
7.29107
10.8741
13.072
12.073
3.78109
-.699234
3.59656
7.53169
10.6286
11.5459
7.35004
5.23056
8.02782
9.85266
9.35315
7.82914
3.83306
2.27933
6.67502
9.88664
10.1863
9.94105
8.34262
5.975
1.67921
-.975611
.52292
1.31903
.32001
-.455802
-.655606
-.135074
2.26258
4.63272
6.93047
6.66073
-.432323
-2.31873
9.76942
16.7424
9.84912
4.9069
5.30651
5.62653
5.72643
4.85195
1.25547
-.668107
2.12915
3.0585
-1.3372
-2.48871
5.70327
11.4934
10.2945
9.52678
10.0263
9.46907
5.77269
3.29957
4.4984
6.46505
10.7608
13.5331
11.635
10.3463
10.9457
11.4242
11.5241
12.5114
16.3077
17.8678
12.2732
7.78765
6.88853
6.41058
7.3097
8.81208
12.3086
13.1595
5.1673
-.749081
.349842
2.62475
8.91858
13.105
10.008
7.46666
6.86725
6.28986
5.79035
5.98946
8.68682
9.5451
3.75078
.400661
5.99518
10.3575
10.1577
9.60007
7.70193
5.86635
4.26792
4.67324
12.7653
18.2792
13.7836
8.70034
1.30758
-3.09475
4.3979
10.6584
11.9571
12.9803
12.8804
13.2286
15.4265
16.8528
15.0546
13.1227
10.6252
9.09128
11.6887
13.5756
12.3768
10.6968
6.90058
4.36754
7.46451
10.1087
10.7081
10.77
8.37235
6.68353
8.28196
9.14435
6.5469
5.21446
9.90986
12.3094
3.61792
-2.87169
1.4241
4.98326
4.88335
4.73381
4.33421
4.98101
10.9751
14.6915
6.59942
.550054
5.24545
9.4522
11.0506
11.824
8.12764
6.10673
13.2997
18.5653
13.0707
8.75951
11.1572
12.3425
6.54821
1.83341
3.43184
4.74243
4.34282
4.14197
5.14099
6.18201
7.48074
8.98654
11.7838
12.9615
3.87046
-3.42322
.872571
4.44139
3.24256
2.81203
7.50743
11.3435
9.34543
7.66315
8.16266
8.57513
8.37533
7.84507
4.94791
2.32774
1.72833
1.38956
2.98799
4.87771
8.9737
12.6458
13.0454
11.97
-.717581
-10.9932
-1.90207
6.38476
8.0831
9.25848
6.06161
3.6086
7.50478
10.5579
6.26212
2.80341
6.79949
10.1923
8.09437
5.86072
2.36414
-.743012
-.1436
.520928
1.81965
2.5811
-2.01439
-5.37131
3.91958
12.2083
10.0104
7.97444
7.67474
7.34174
6.64242
6.31697
10.2131
13.4351
8.83964
4.67736
5.67638
6.60754
6.70744
6.55029
3.15362
.178715
2.67627
4.75665
1.26008
-1.89189
-.293453
1.33779
3.43573
5.31725
4.01852
3.13933
8.63395
13.2862
4.69466
-3.30755
-1.70911
-.110682
1.48775
3.2424
7.73799
11.7249
6.43007
1.4999
3.49794
5.21283
1.31664
-2.23888
1.2577
4.44132
.844845
-2.38519
2.70982
7.42329
3.02759
-1.05482
2.74145
6.30213
3.60478
1.02743
1.82665
2.62586
3.42508
4.12407
1.62651
-.888087
-3.98505
-6.90475
-3.30828
.17305
-.925873
-2.01352
-2.61294
-3.23499
-4.93333
-6.53108
-2.8347
.83667
3.03452
5.1235
-.0714054
-5.17704
-3.37881
-1.59136
-.792147
-.0150234
-1.71336
-3.4
-3.4
-3.38966
-1.29172
.78429
-4.51052
-9.79708
-6.89992
-4.00276
