-0.929917
2.284581
4.738766
-0.231853
3.678358
1.845351
-0.090749
1.482634
3.158314
1.079727
-0.561859
-0.691545
2.098613
3.316588
1.993628
2.780113
2.847208
5.547012
2.246837
2.810290
-0.903209
1.641075
1.298569
1.363151
-0.261790
2.811677
1.608542
2.981427
3.865624
2.780903
4.411260
3.453037
1.161267
7.506069
5.297396
4.000158
3.956174
7.429857
6.217964
5.830586
1.708795
1.471053
1.933146
2.483735
4.215816
5.109792
5.477345
5.882417
4.833200
4.859929
5.646480
4.729052
4.484893
6.998816
9.292091
3.704369
0.018187
1.671603
6.443004
7.181580
3.029614
1.739220
4.182131
6.467974
5.807058
3.507425
6.967884
8.292279
7.103346
7.392542
10.393439
6.124710
4.210571
8.100336
8.617279
8.800391
6.328348
7.660375
10.880342
8.789322
6.021513
8.399494
9.957482
10.746759
10.345719
7.898412
13.711419
15.567252
11.475603
16.466837
14.609132
17.516237
13.836402
14.614152
16.882635
15.851323
16.547181
17.457654
15.320986
16.305146
19.213218
20.140929
17.380812
16.747884
16.173904
16.862523
18.265628
16.410106
17.743483
14.900357
16.569632
20.097664
19.772570
18.685789
16.567783
13.953852
15.389133
18.876150
16.325986
14.222978
15.226923
20.237861
17.255006
19.549725
18.917172
18.328153
17.472035
18.255516
19.691747
18.763578
16.457151
15.589869
17.933368
20.686848
20.136156
17.871754
16.729449
18.743371
19.493538
22.242109
19.044577
17.196686
17.366791
16.938600
17.577105
18.456026
18.738122
19.814690
19.356158
19.893792
21.492891
19.523631
18.525045
22.277542
23.110174
16.609666
18.877305
17.104338
18.498964
20.465972
20.486868
20.938058
20.919015
20.144086
20.696127
20.742565
22.733643
17.439234
19.462405
21.798115
22.049011
21.983049
19.482143
21.833786
22.730401
24.932418
21.309715
18.382253
19.513631
19.919933
21.298040
22.247780
21.509651
20.370947
20.236324
20.981595
16.366437
17.707194
22.386148
21.238826
20.964204
23.393402
20.862016
19.143058
18.239525
18.133077
24.494455
28.666232
22.179597
21.895914
22.857230
25.987265
27.020983
24.702373
23.431884
21.831578
23.982566
24.323540
24.000000
23.666829
23.696820
24.954929
27.396522
28.649175
25.433193
22.064875
25.688917
24.846402
27.173745
24.634962
24.089579
25.092485
27.501447
25.851980
26.610774
28.069275
28.084324
27.520770
29.388293
31.292133
28.175121
27.179824
28.571995
28.168793
35.018785
29.763587
27.462452
32.688886
27.346524
28.228177
30.142426
28.422695
29.206993
30.899338
30.388766
30.426818
30.475487
27.956136
28.728142
28.220678
30.610561
29.718922
27.211361
26.845418
31.487960
31.131707
30.409954
31.049238
31.635525
33.067252
36.913780
39.104014
37.245294
36.714514
37.098051
34.813128
38.780532
40.647641
38.152265
33.520968
40.284299
43.843122
45.363048
42.517368
45.514482
43.701434
41.198105
43.451543
44.497592
43.492430
43.427275
45.101917
40.390759
42.291493
39.391286
39.762945
45.174660
41.189436
36.573639
38.285395
40.773100
41.754346
40.514476
41.080285
41.153315
37.711873
36.281304
34.726351
35.102399
41.024227
38.832776
37.361794
35.933331
37.857920
40.668657
39.891605
39.391947
42.261212
44.337059
41.891959
40.786385
43.028039
43.655526
44.200000
45.310963
49.164608
44.753699
40.618483
43.218424
44.958665
49.060784
50.404436
46.474887
47.396238
51.016823
44.939511
40.193514
41.212462
41.343416
44.548765
45.445953
45.125492
42.742907
42.581630
45.304399
44.061550
41.865004
42.792405
39.601716
38.393476
43.081427
41.034061
38.609283
38.848480
39.386935
41.183267
39.297095
41.837853
38.733375
34.278111
41.146658
40.557508
42.225109
40.401279
37.116816
37.775657
37.850545
38.583265
36.512967
34.379442
33.394309
30.764029
32.639167
37.864709
30.868493
30.645464
27.019791
34.407207
33.568207
30.089189
28.429961
27.381454
28.169529
27.431490
26.034050
25.498846
28.068524
31.400000
31.270573
30.051666
28.169890
31.200000
30.855205
27.260410
28.217804
24.710387
25.091371
27.923700
29.223388
29.536153
29.918251
25.688243
22.466524
24.281425
26.793665
28.482131
27.731961
26.685905
28.500972
24.662829
25.594606
23.099608
26.220734
29.051605
26.801859
28.108160
26.427415
25.280914
26.104393
28.099646
28.188341
26.173843
26.795068
22.373624
24.223686
21.932973
21.188091
20.693892
22.234142
24.231794
25.420066
21.505496
25.285002
24.254309
24.625201
24.241244
21.050972
21.757402
21.925031
21.225148
22.001356
19.361197
20.731629
22.787200
15.765087
20.842914
21.310503
20.561555
16.560996
15.056432
16.113708
18.125777
18.230820
17.110953
17.665653
17.157920
16.146576
19.029344
18.648417
12.900617
