133.585474
133.830478
135.309148
134.792008
137.650017
140.155024
144.965169
151.291030
144.981480
153.672579
155.378286
158.890431
163.717900
167.829226
177.060105
183.898723
191.069355
200.416105
204.523233
209.800575
226.498878
228.154887
237.093650
246.230855
243.165825
255.907789
258.900718
262.963122
272.736925
272.011348
271.507586
284.351230
294.191684
304.186644
306.334207
311.859564
328.895145
337.671410
337.793542
341.496857
347.549866
360.178323
361.870429
366.767496
369.275543
373.707279
383.102165
393.215770
405.475184
409.389390
409.534128
426.498177
441.065977
448.545398
471.270976
489.151357
518.199748
529.197105
561.471147
598.223516
621.274598
651.578695
693.587109
732.002895
768.531105
815.884234
865.879953
902.586323
971.135849
1029.397763
1089.195254
1148.229248
1198.234407
1270.661504
1325.291692
1405.000414
1473.501861
1541.844953
1623.333308
1714.768102
1808.163729
1891.922895
1988.948647
2103.566259
2179.570056
2270.864436
2368.067914
2451.267350
2540.605602
2651.707970
2739.593421
2797.744746
2881.225940
2964.129567
3012.835959
3050.291203
3095.385744
3130.927237
3158.059286
3190.367594
3203.789379
3213.982143
3209.465451
3224.318609
3229.893571
3215.723898
3215.560301
3198.731654
3203.452462
3209.975537
3223.218421
3236.626353
3245.269342
3250.102105
3248.409398
3250.195019
3241.701055
3251.350714
3281.360847
3295.373759
3327.501504
3372.638644
3367.515677
3381.768402
3389.639173
3401.493955
3409.919023
3408.481729
3378.167368
3345.321579
3321.366968
3270.659624
3253.953729
3233.834662
3192.718098
3190.538120
3182.233440
3157.490960
3136.187481
3140.893853
3120.983177
3136.454689
3159.980376
3154.921034
3138.516290
3144.496579
3150.468814
3137.180338
3154.686949
3174.260301
3167.338477
3152.742425
3145.596165
3144.201017
3116.296504
3117.430602
3103.745639
3063.844463
3060.379492
3040.039549
3019.848964
3002.375526
2973.591375
2957.972857
2950.727650
2932.223139
2911.865000
2898.133759
2862.657068
2845.892392
2830.930526
2849.443383
2822.640902
2807.751092
2787.534286
2770.131523
2780.621186
2774.874211
2764.095330
2768.685169
2747.102857
2732.526729
2764.191053
2776.820564
2762.240827
2744.868588
2735.884662
2745.978910
2729.232895
2718.137124
2724.800658
2714.720226
2702.177895
2697.031316
2696.711130
2697.431053
2697.562105
2695.178289
2685.430697
2683.678120
2661.944248
2631.605819
2590.472669
2545.009661
2504.803365
2437.092481
2367.957024
2283.779962
2223.599737
2178.057368
2133.539793
2067.539981
2010.649248
1999.134211
1963.207444
1919.055132
1902.029586
1914.202166
1918.604586
1920.137119
1932.817143
1949.314850
1960.965480
2014.060789
2080.806316
2132.970000
2217.111582
2328.452180
2434.707143
2549.449850
2685.997293
2839.609153
3025.832989
3243.550508
3396.759173
3590.040640
3785.586823
3959.471278
4158.071770
4331.732331
4492.474605
4656.597895
4808.964463
4977.825113
5141.103947
5274.973277
5430.107820
5600.907382
5739.796316
5923.390000
6144.741034
6354.314060
6575.923647
6840.500263
7097.237345
7385.987519
7663.558553
7935.050921
8207.751921
8463.452782
8729.711861
9001.031525
9252.322180
9518.433578
9792.541241
10033.327872
10307.155263
10589.637030
10824.775188
11017.260150
11259.097740
11478.016917
11658.254426
11860.489474
11986.298117
12042.899624
12113.894737
12224.978195
12320.647368
12350.809605
12354.381579
12381.293421
12409.847556
12375.486466
12398.614286
12352.783647
12293.924482
12226.135714
12151.547180
12045.431579
11882.900000
11744.885714
11594.365038
11442.044256
11319.295113
11227.814313
11164.314474
11087.024060
11119.922034
11132.693609
11192.256015
11273.499248
11415.594727
11535.185338
11648.062406
11811.021053
12023.288158
12209.927256
12394.475940
12569.346328
12764.845489
12968.679473
13127.076692
13280.954887
13382.980603
13524.843985
13595.136090
13580.897932
13649.798305
13666.451128
13617.869737
13577.398684
13530.150000
13432.691149
13358.046429
13263.576083
13135.741353
13007.141243
12902.939474
12832.905639
12730.622976
12630.011654
12527.997180
12451.444361
12405.836347
12314.543045
12181.659398
12093.294737
12069.439474
12054.205461
12015.977444
11960.115631
11918.914662
11864.719021
11810.575564
11795.216353
11751.213559
11674.008271
11582.608286
11582.410714
11567.954614
11456.101504
11391.986629
11329.325000
11241.978947
11116.348588
11008.039286
10928.439548
10791.525940
10646.987382
10533.277068
10380.501504
10210.915789
10082.987406
9926.362655
9817.806654
9675.625198
9501.709060
9375.233277
9263.027368
9097.305263
8952.409379
8823.698496
8713.823898
8615.392086
8532.467797
8432.308346
8314.796147
8235.639117
8167.301053
8059.085932
7986.346015
7897.586466
7802.053684
7779.850000
7744.123158
7655.976316
7635.905782
7616.136692
7588.700791
7566.328647
7550.800207
7542.697068
7549.414098
7564.212331
7555.508609
7533.464840
7558.381429
7526.175959
7480.052806
7546.954850
7504.975263
7492.067368
7500.495424
7536.556767
7553.241410
7560.377162
7556.648271
7521.465000
7454.563045
7424.663220
7414.485714
7325.777288
7253.418026
7094.393571
7020.710301
6961.806353
6858.782632
6777.154737
6670.728230
6570.506241
6496.884737
6404.169925
6290.184248
6207.756290
6158.505038
6084.056384
5972.424680
5871.781864
5782.292707
5661.834286
5553.627119
5475.780301
5348.683158
5214.236316
5096.071168
4976.788045
4861.132387
4743.362425
4593.911729
4473.161130
4346.956466
4195.830113
4070.313496
3981.270414
3887.432462
3762.278947
3681.213202
3551.278496
3467.041130
