49.931747
49.309356
47.390685
51.283841
48.658524
51.822499
46.113261
49.235939
51.123905
47.553262
47.650512
51.277547
52.139817
50.831656
52.670664
57.369749
58.665003
55.625605
57.151903
59.299513
59.827695
58.698765
62.783918
63.726326
61.836064
60.922171
61.434422
62.946664
65.031733
64.390886
63.924831
66.337025
67.975621
72.538373
73.519665
74.741953
77.028333
72.833096
75.567621
76.508193
77.071995
80.103489
79.735357
81.055850
79.895106
80.895520
83.861344
82.669915
85.151034
91.844488
91.668372
96.922716
102.607260
104.736335
110.068725
108.272555
114.181471
123.626451
132.055188
141.601687
150.551992
165.325559
185.075259
206.300286
228.223368
246.618701
268.042771
296.715643
326.875096
361.749600
399.784017
441.560143
480.802729
528.318650
576.839034
636.979105
702.260147
771.570657
855.776421
938.321378
1009.701525
1086.873158
1164.314586
1248.418308
1330.493992
1411.211203
1505.114079
1578.222293
1661.874549
1751.963759
1834.739098
1905.748136
1963.667970
2028.463710
2078.591767
2108.732782
2136.290169
2176.779605
2222.410714
2228.880150
2242.160904
2271.211429
2285.660489
2298.529436
2296.726429
2276.397194
2288.844962
2287.997669
2280.372274
2280.891186
2285.852256
2298.552801
2298.973289
2285.000000
2285.374286
2284.756842
2279.617439
2280.229549
2290.950508
2252.240414
2262.634211
2243.690075
2246.072838
2241.147556
2227.921391
2215.384124
2187.569962
2150.946617
2119.036316
2085.341579
2036.646573
1990.034323
1969.993616
1930.964586
1900.529360
1868.250752
1843.359023
1838.905593
1810.743722
1789.674455
1770.858402
1768.629548
1755.527068
1751.048778
1738.619416
1727.359474
1730.420847
1726.674455
1731.764746
1723.032030
1725.732124
1721.520000
1706.415827
1687.504708
1669.721485
1655.741429
1632.109850
1606.685706
1570.911898
1547.824248
1518.078079
1477.532368
1441.621017
1414.292857
1393.917500
1361.525996
1332.583571
1313.636090
1294.192801
1278.508362
1264.719624
1254.087707
1230.471861
1223.064482
1217.406692
1209.645019
1185.927288
1177.182105
1174.834953
1171.153797
1181.590789
1165.307143
1160.800320
1160.386654
1136.205865
1110.092034
1094.429962
1068.497556
1042.116541
1015.634361
988.828680
982.464414
952.060789
909.062276
883.543299
865.209752
846.716925
837.872043
825.942488
806.585090
783.475103
754.079589
709.848008
669.836763
635.332938
596.857353
557.718222
521.500410
485.892118
453.098842
419.801712
395.304560
384.884970
368.988669
342.198273
328.558160
329.357985
328.266250
317.776432
311.616360
316.439624
316.698555
319.663621
332.290353
349.099658
371.085250
398.414345
434.792895
494.612929
575.254472
663.607737
778.670831
923.247459
1092.607966
1272.767368
1477.730904
1710.338083
1949.422256
2202.037740
2447.650526
2708.727105
2961.854211
3173.367966
3402.663271
3653.332632
3875.030301
4062.257406
4234.592863
4455.154060
4671.081111
4899.859850
5148.049774
5413.367256
5697.660414
5976.154595
6282.308120
6563.643214
6842.836447
7124.075970
7411.478759
7687.037011
7967.569831
8269.024135
8544.458927
8806.521429
9080.980678
9356.365301
9608.447895
9852.158459
10055.460301
10298.590960
10508.980827
10693.090395
10871.226316
11012.148023
11097.754323
11195.272180
11294.755639
11335.002632
11384.374011
11468.297744
11422.651504
11448.433459
11417.747368
11403.171429
11415.438910
11403.633710
11341.907143
11261.642669
11168.925000
11073.700000
10942.128571
10779.989474
10658.569492
10536.237218
10388.724105
10333.773308
10335.836842
10323.249718
10387.754135
10429.953383
10493.498872
10588.251789
10740.589098
10866.027068
11031.510526
11242.506579
11398.909586
11563.781203
11762.434463
11910.543233
12053.091149
12260.863910
12415.624436
12500.535593
12557.628947
12636.660150
12690.522180
12745.477966
12730.412030
12723.377820
12683.682895
12645.339474
12588.614124
12524.566165
12439.446516
12340.761654
12208.558192
12087.779135
12041.856015
11946.665348
11874.112218
11764.942293
11660.047368
11549.197363
11501.130827
11470.229699
11391.507895
11377.536842
11370.923729
11274.623308
11227.354991
11204.294737
11131.779096
11077.679699
11051.588534
10988.355932
10948.224060
10932.986441
10894.500000
10904.709605
10781.332331
10705.514124
10610.696053
10556.389474
10481.318079
10385.966541
10268.693597
10165.964286
10036.097175
9884.399549
9764.050000
9640.020752
9494.355019
9324.860113
9215.389511
9078.861751
8998.799774
8823.137232
8711.887895
8556.881579
8426.955367
8314.612519
8224.012203
8134.418703
8050.053390
7948.221353
7834.984004
7759.348665
7692.708609
7607.899284
7524.811579
7421.068195
7376.353835
7305.162034
7276.808158
7260.894474
7173.860829
7164.296429
7165.986026
7149.428045
7144.570169
7124.860602
7101.311504
7113.224699
7131.352444
7134.314181
7137.394511
7154.694868
7139.679153
7109.565714
7095.162632
7126.709474
7132.592203
7128.302707
7159.784850
7164.290977
7155.861090
7147.286429
7085.747556
7010.150471
6979.367143
6924.324576
6845.717650
6758.223571
6698.210188
6605.279361
6487.670658
6406.914211
6335.816761
6265.009342
6136.993008
6043.652030
5986.615188
5911.516290
5821.552256
5730.920490
5640.692707
5557.108663
5461.604323
5357.955132
5261.829831
5151.995489
5055.743158
4945.425789
4816.152203
4720.912331
4629.526598
4489.525620
4355.889699
4253.029887
4132.148891
4002.921017
3891.471429
3782.612599
3682.324455
3579.539850
3464.211130
3373.101109
3280.678814
