30.637795
27.529263
29.399325
30.850793
35.277558
29.660553
27.985575
32.035939
31.172946
29.604120
33.180442
36.667622
35.954278
33.979090
33.408454
33.335932
34.127571
36.408408
35.855135
34.599373
40.960869
32.506522
38.389588
34.505427
36.119306
39.222535
41.341960
45.440091
45.023329
41.385934
41.654405
42.732145
42.985111
46.520076
46.256467
47.434455
49.586048
47.371460
47.921652
49.524771
44.135261
47.971460
53.062429
54.600000
51.986169
48.252251
49.309361
54.006021
56.838149
58.206990
56.890732
60.067730
64.899718
67.388090
68.057624
69.787159
74.909099
77.665790
80.848854
89.128941
95.503474
99.775380
110.111310
121.256970
130.721842
146.502107
155.037391
167.033955
192.208870
205.833767
218.538260
244.166699
261.672593
289.590383
315.192677
347.825425
382.458724
407.201849
437.188820
481.063321
517.952678
546.110947
583.345162
615.143613
663.606158
704.434143
749.935265
776.328102
806.055639
849.572865
885.445590
906.587763
931.793714
962.764557
980.096731
998.708417
1022.911921
1033.019342
1041.523571
1053.704361
1061.947797
1077.889286
1094.633195
1090.444398
1089.162500
1073.136685
1083.911203
1085.458722
1075.889680
1083.665198
1092.492406
1081.968816
1073.928947
1085.373158
1090.821429
1075.749643
1068.047363
1074.437932
1067.182542
1057.452462
1059.143308
1068.418004
1072.050113
1052.090620
1053.593496
1043.282806
1032.352914
1013.677744
993.095158
981.656500
966.771508
949.068237
937.382659
921.647541
904.616277
903.908068
879.231207
874.388356
883.341718
872.141827
866.641479
852.153938
845.766985
844.456583
843.494190
839.844579
833.935627
831.503523
834.032254
846.106850
840.370150
837.021876
827.002861
817.675906
815.760150
791.460827
790.969098
767.531096
760.270071
753.112996
744.512119
725.809132
702.915789
694.327286
683.728643
675.462731
673.605214
661.636733
649.575812
648.857250
644.863429
633.494953
635.259932
615.644985
611.573823
619.538180
619.858475
618.181947
622.509160
624.445314
621.858004
620.981970
611.788534
607.913898
592.688504
580.832774
571.451690
563.469823
556.096827
534.443724
514.823329
515.593436
506.734632
499.676697
491.100492
478.191726
472.631487
463.316474
455.994787
449.477241
443.351541
416.278446
406.312068
391.915068
374.077107
354.280609
322.901173
315.641102
301.984263
286.936026
274.089015
263.342989
257.259045
251.373729
247.725175
239.025427
231.159199
230.066230
229.898282
229.280405
229.426263
234.963972
242.472548
253.825387
258.187658
273.885250
298.794571
320.707669
351.256571
394.510955
439.238071
500.033203
572.618872
666.901102
759.172286
859.863691
966.738126
1080.986241
1200.473522
1324.191034
1444.561974
1555.763684
1670.200282
1768.619662
1856.282820
1947.500320
2039.193308
2143.336836
2247.561128
2385.412222
2484.362049
2605.836654
2725.864737
2881.728195
3014.068889
3162.272707
3314.685996
3426.656974
3556.650979
3699.882895
3825.871917
3934.085593
4055.594662
4233.223446
4413.635808
4488.723258
4643.298421
4767.638609
4861.276992
4970.885865
5094.716893
5177.015357
5261.588663
5334.272895
5415.926629
5475.757444
5507.577368
5517.779398
5527.311692
5553.495819
5570.772406
5599.572707
5605.294737
5638.638722
5587.694286
5595.558233
5579.161563
5519.398571
5504.913966
5433.134868
5382.440000
5302.130977
5210.159323
5164.325198
5124.299812
5077.975292
5070.564680
5068.708797
5087.423220
5070.290752
5128.845508
5180.213609
5228.517043
5298.921711
5395.573233
5467.017895
5552.907763
5650.685244
5742.027519
5838.061751
5960.882989
6086.096874
6164.513534
6223.835169
6305.725028
6323.885226
6446.076767
6465.201297
6443.008305
6428.934286
6423.160545
6425.432237
6397.831316
6356.667062
6335.894398
6295.519529
6234.978872
6192.204915
6163.918571
6120.912105
6059.496234
6006.110526
5940.358440
5935.703835
5895.435669
5886.342312
5852.747556
5835.390789
5813.123026
5793.092260
5774.157444
5736.269718
5706.055771
5708.589605
5706.946955
5672.837632
5631.024237
5588.203534
5587.044068
5535.629286
5525.132806
5501.259248
5481.415104
5455.742237
5437.594211
5397.686836
5323.160000
5262.331544
5220.211805
5173.635857
5098.970752
5009.573459
4941.658947
4864.812331
4778.220791
4733.733459
4627.127627
4535.310733
4521.014520
4446.602632
4376.644737
4312.027458
4281.831466
4234.481695
4177.301335
4113.244746
4063.303985
4042.889831
4006.676504
3948.286429
3924.181507
3901.142105
3859.092180
3825.313835
3810.885650
3731.963026
3710.600789
3712.792222
3711.349267
3710.593785
3695.748045
3671.338324
3666.919718
3675.619023
3675.272932
3679.672237
3691.437778
3684.098947
3692.765451
3695.977985
3676.217519
3695.881579
3659.573026
3663.103898
3678.929474
3697.366241
3677.668271
3679.351541
3682.335714
3652.413045
3612.257665
3570.595714
3533.098814
3501.785320
3448.724286
3408.130132
3330.761353
3302.455789
3252.134737
3214.723672
3180.093985
3153.559774
3095.344662
3046.833684
3007.488719
2975.655113
2936.323653
2880.561992
2827.197100
2758.798271
2707.889342
2643.187458
2578.990827
2534.386316
2493.124737
2413.323333
2342.835789
2264.847538
2197.358985
2134.909624
2075.963220
2019.806805
1969.395706
1916.685376
1862.327608
1819.542613
1760.130075
1702.571412
1658.886316
1615.872881
