98.791842
103.646648
114.149739
117.907000
131.473475
142.162039
142.692678
155.464805
156.393827
166.144632
185.350639
200.365205
209.640789
224.300644
243.903248
263.296316
289.611013
307.870053
311.521891
329.401617
355.918567
380.235203
380.169885
404.762385
415.989650
430.301917
452.168039
474.443103
492.622128
502.879972
515.278662
539.098117
562.835632
584.024712
602.630885
628.221075
649.284160
671.124419
686.966789
704.325214
723.721917
756.508961
764.936714
766.944030
779.454991
791.585970
796.978180
809.934544
826.845632
832.066185
852.446293
876.553711
912.687938
930.075823
962.677471
997.065128
1041.002090
1070.240752
1102.033327
1144.442241
1191.079323
1222.497797
1262.755188
1318.332707
1368.590000
1423.103390
1467.359267
1517.938609
1587.494030
1636.689549
1691.999718
1733.305789
1780.095537
1801.515583
1842.200564
1875.349699
1931.872331
1971.816798
2015.471429
2082.329492
2150.272655
2206.778684
2246.120263
2316.906673
2369.251356
2413.016090
2491.397180
2541.872895
2623.259361
2687.545075
2779.374812
2816.126102
2837.726015
2867.775838
2910.007801
2956.064925
2991.454708
3011.090526
3024.130000
3041.274812
3045.052712
3047.428214
3046.686466
3037.954248
3022.696071
3022.087740
3020.856165
3012.514436
3001.830470
3022.494972
3064.093534
3082.960038
3084.161974
3099.118947
3131.637669
3175.338684
3216.580659
3265.569549
3292.231695
3337.779624
3426.425564
3494.105989
3570.408477
3615.689023
3688.523797
3753.143823
3806.328872
3828.771128
3837.815789
3859.684079
3863.583484
3850.682632
3864.475480
3848.690940
3875.996478
3891.720902
3884.089756
3924.112825
3947.592744
3957.304756
3965.733703
3966.716874
3979.934962
3980.200075
3990.363427
4011.812895
4029.810508
4053.075827
4072.838644
4142.959023
4202.411955
4169.849511
4164.300414
4170.669680
4191.817368
4205.864135
4225.929549
4225.128305
4216.358008
4202.167406
4205.464972
4210.985921
4219.532185
4260.395714
4297.296917
4301.719398
4325.613571
4320.259211
4340.061861
4393.885217
4406.503158
4417.262519
4426.440132
4399.853202
4411.032782
4439.524004
4432.096441
4422.220526
4439.433390
4465.103139
4486.184699
4517.433383
4573.136410
4562.385526
4621.598947
4662.673898
4694.659492
4737.580414
4777.050940
4821.399549
4893.893703
4973.787293
5038.408947
5107.317105
5169.822203
5231.879549
5305.608816
5364.608966
5423.195782
5459.409624
5516.888120
5574.596365
5553.387068
5566.044746
5578.024192
5588.880977
5575.028512
5534.703195
5529.596711
5524.938684
5495.808644
5488.531485
5506.370977
5487.536466
5436.182838
5430.081053
5459.175038
5403.925443
5415.328872
5441.893785
5460.450226
5498.001335
5552.080169
5569.618722
5597.359474
5669.450000
5723.691375
5762.351579
5771.977857
5735.117162
5729.780113
5735.840508
5690.599267
5685.283898
5651.605789
5607.187928
5587.871485
5520.857256
5458.582034
5394.808252
5316.182895
5227.213158
5168.926667
5127.166805
5077.001617
5011.922938
4956.244511
4943.100923
4918.873308
4958.136667
4976.726353
5030.591391
5065.605451
5115.556729
5149.883559
5202.430075
5290.454135
5339.076053
5363.279510
5401.889135
5452.640113
5508.188814
5574.817143
5640.344275
5699.520414
5801.173145
5844.854361
5951.403158
5994.475470
5997.352406
6041.996780
6065.547594
6094.277815
6125.696842
6182.244011
6197.265865
6174.519699
6173.969624
6191.900545
6183.802938
6146.871128
6123.735169
6126.148741
6107.131654
6106.395714
6092.808741
6049.405876
5997.975000
5913.183947
5862.190395
5777.170000
5706.265113
5610.356410
5517.089661
5459.446241
5399.666817
5362.167782
5373.637519
5405.207853
5354.469267
5424.128496
5506.215564
5546.647345
5626.225583
5733.046767
5831.387368
5932.547105
6046.219737
6139.959248
6245.100000
6377.808477
6475.904162
6531.655940
6615.999530
6698.195235
6750.415902
6806.391504
6844.805320
6873.499661
6814.122481
6852.194624
6817.875526
6794.274211
6775.640358
6731.367350
6680.022881
6649.401278
6615.386610
6551.851466
6491.820000
6455.764407
6429.383083
6397.463459
6395.676917
6301.972750
6294.445996
6251.080188
6242.386316
6190.753816
6142.593315
6116.765414
6119.297702
6080.292726
6059.749190
6082.615677
6064.415602
6051.719322
6022.084812
5987.915348
5972.292857
5972.076083
5916.494511
5887.519322
5808.640789
5784.801053
5743.048870
5695.019868
5632.132919
5575.858120
5523.990151
5460.873271
5380.406992
5283.231654
5205.380489
5113.333842
4984.597744
4972.943446
4889.904944
4809.934708
4742.540000
4678.763947
4599.952900
4553.415827
4516.102542
4446.324417
4392.662881
4368.409699
4325.045639
4257.156109
4215.670150
4214.358343
4135.934041
4105.977970
4062.529699
4081.370960
4028.614868
3987.451579
3955.914746
3945.721729
3932.401582
3946.530526
3947.188644
3941.837143
3954.954699
3964.751880
3959.670752
3940.281902
3944.005639
3902.851917
3915.494539
3909.931955
3903.785000
3931.923684
3976.364746
3991.944662
3965.424323
3938.445320
3925.382256
3913.985714
3880.032838
3842.401789
3825.407143
3791.720847
3733.635019
3653.927857
3608.735330
3607.450338
3534.166316
3444.955263
3398.861770
3349.825132
3319.484812
3266.827068
3221.934305
3180.605895
3140.139774
3091.213371
3019.025301
2955.568701
2916.133421
2859.580019
2804.487119
2750.626917
2659.847368
2626.086447
2536.255443
2492.398496
2415.501447
2342.322895
2270.176842
2211.027458
2159.639981
2092.409096
2017.922068
1954.149605
1897.553684
1854.920827
1797.569058
1759.103083
1710.316554
