49.616311
51.638244
52.016067
49.843419
47.264166
55.294077
52.311266
57.718579
54.042780
51.336733
54.739214
52.536417
51.876897
56.494186
58.125659
59.608733
60.617064
57.701426
59.077739
57.848383
63.598586
58.571223
61.307153
63.431513
61.836064
63.144705
64.126884
64.314666
66.760830
68.457256
65.918293
65.266418
67.391476
64.595690
67.513585
69.432250
77.944890
76.527385
74.469016
75.385850
75.757298
78.558304
80.931457
84.018698
85.055413
80.053491
82.142825
91.110706
89.589041
86.841376
86.114130
92.600536
97.061080
102.457575
101.316514
107.430280
112.490473
117.034346
124.612938
135.038271
147.692673
159.774661
171.037643
187.505519
209.308211
227.692510
246.000164
270.247500
297.190644
335.319038
371.203243
405.995827
439.475102
487.222492
539.681620
598.509699
651.409852
706.138367
773.096053
840.854829
906.494559
975.921000
1046.850338
1143.938365
1234.168362
1295.478947
1372.559117
1463.004286
1537.303571
1606.579286
1687.111165
1742.528475
1808.538346
1862.219586
1912.064154
1970.967406
2013.443766
2027.888553
2047.735357
2086.922331
2103.099322
2109.948214
2115.561579
2122.679962
2149.150000
2160.011130
2164.677669
2159.030226
2150.434812
2164.825650
2175.671278
2174.908008
2172.003684
2168.648947
2171.365789
2179.606842
2179.392994
2160.430000
2144.932542
2144.498647
2127.465188
2129.799077
2137.117970
2127.684041
2118.447744
2115.617740
2099.162387
2074.817669
2029.431579
1981.389079
1948.745160
1898.580564
1869.887175
1857.362688
1832.752015
1801.551203
1780.788684
1765.349661
1755.683158
1743.158966
1724.961335
1712.411977
1697.144286
1680.666898
1671.240942
1671.407632
1681.829322
1680.864774
1653.267288
1656.580827
1656.601992
1662.205602
1670.579812
1651.505574
1617.301504
1597.379699
1578.251128
1567.992599
1528.653102
1500.078158
1481.353239
1447.439868
1414.749040
1399.025714
1378.585977
1342.793195
1303.647143
1269.393496
1260.434248
1236.219812
1232.587143
1235.188553
1208.699380
1183.011977
1181.184812
1177.386335
1178.798136
1169.797368
1157.582938
1159.546992
1154.942143
1144.314135
1144.280545
1138.360996
1118.405489
1108.597797
1091.855320
1063.687444
1033.824774
1005.910365
984.471949
963.174617
933.073000
894.547079
869.522944
856.343060
842.497989
834.425259
813.845262
786.166511
757.562310
737.568589
704.056432
671.440085
634.441628
598.375023
558.886637
518.447235
490.815026
456.214395
424.912697
404.389957
382.924887
368.212045
360.117073
335.066714
324.869793
324.707955
319.081840
314.903930
313.126722
313.512684
319.465480
326.212688
345.920079
360.058000
384.559350
438.330504
498.748321
559.074227
644.176714
749.364068
892.745594
1039.985593
1217.291429
1413.943258
1629.987951
1871.744812
2098.710904
2367.566635
2618.309079
2857.055789
3099.305254
3348.108327
3588.423308
3797.316817
4002.769474
4230.450377
4417.050526
4640.204444
4907.375564
5127.405338
5394.408158
5662.486034
5955.032034
6224.000602
6517.204962
6824.160526
7114.651412
7412.809398
7697.149305
7990.521525
8293.905263
8544.545593
8826.448665
9106.857533
9382.991729
9668.664511
9928.187387
10182.777444
10395.525424
10646.749060
10819.712241
10980.750000
11187.545009
11308.943797
11376.008271
11487.018045
11608.643797
11668.991525
11687.371429
11719.426128
11713.556391
11729.630075
11756.157143
11731.647932
11644.613371
11624.400000
11566.689098
11458.594737
11390.000000
11325.116541
11170.975564
10997.548023
10882.569549
10822.665537
10781.186090
10680.072180
10639.607910
10681.379887
10726.533835
10803.226692
10896.951224
11020.259211
11103.334586
11266.000000
11439.178947
11578.691165
11730.677820
11962.552542
12143.046241
12299.750471
12517.466917
12596.474812
12741.607533
12922.889098
13006.677444
13048.627256
13044.442373
13062.122556
13048.978947
13013.096053
13025.742105
12989.308286
12892.810714
12768.405273
12665.513534
12598.210169
12498.614098
12355.200000
12264.226177
12186.804887
12053.419361
11990.706015
11876.310169
11816.946429
11758.006391
11721.778947
11696.982895
11654.485687
11581.539850
11517.062147
11492.960902
11451.630885
11362.940602
11307.919737
11306.694915
11249.461654
11167.114689
11110.150000
11069.327495
11039.679323
11013.683616
10900.501316
10828.910526
10754.919774
10628.718985
10521.285687
10436.269549
10316.389266
10175.472744
10073.150376
9969.529323
9788.617387
9647.192825
9456.677368
9305.475819
9183.452801
9095.585348
8928.047368
8773.260789
8665.964576
8529.859248
8440.163220
8330.295432
8228.931356
8127.569774
8000.092049
7911.459887
7842.240526
7768.607307
7683.405959
7661.008797
7535.120451
7496.862768
7380.567237
7358.203158
7321.791205
7280.334135
7253.610584
7208.899925
7220.227966
7240.239718
7216.547857
7213.221541
7233.510038
7241.481902
7253.679098
7246.703271
7210.805706
7197.487519
7202.105789
7199.824474
7223.551864
7224.088722
7202.583252
7215.043008
7212.683459
7205.680714
7171.299699
7135.689510
7119.705714
7025.718644
6952.720169
6834.990714
6786.836648
6720.723402
6562.292237
6476.496842
6402.365198
6330.361579
6260.090526
6173.947820
6070.957331
5990.004727
5909.384436
5822.566177
5737.012256
5638.953145
5569.391579
5490.318534
5377.040508
5271.781429
5149.564737
5089.291974
4959.211676
4807.879586
4697.307180
4563.522707
4429.630526
4317.181921
4199.629831
4088.182034
3985.044436
3862.488456
3744.993120
3639.454436
3502.730508
3415.485320
3342.820904
