4.341519
1.511544
2.662453
-0.064731
3.641427
0.396341
0.845374
3.353295
2.262525
1.600000
2.203099
3.033824
3.400000
3.400000
3.473828
2.251335
1.049683
4.134463
1.312849
-2.412413
3.513299
5.536556
2.994285
0.152733
-0.702144
0.311285
1.561306
1.197309
-1.863458
-0.853255
4.219241
5.008772
2.647852
0.834754
1.971319
1.859901
3.150416
4.989626
2.931856
3.616495
2.541167
3.071053
6.329284
6.348774
2.241644
1.824895
2.845302
1.888663
3.036310
3.313219
4.020296
0.723582
4.139443
4.786104
0.546928
-1.000881
3.545446
5.508642
6.775896
7.072699
7.691041
7.375863
5.054136
5.567209
7.519923
5.407641
7.529688
7.120028
4.247202
8.925027
8.854466
12.871467
6.013838
9.804302
8.577780
8.000391
7.471365
5.360509
7.110342
10.059262
9.381107
8.563663
7.149073
6.777091
9.106566
9.291082
12.110919
6.443564
7.535823
15.798493
10.154747
12.975086
11.241157
9.924632
11.220758
12.805791
13.207505
11.126412
10.268730
12.902777
14.481719
12.797796
14.314885
12.354188
10.548293
11.088805
13.573159
12.740071
12.066057
7.978501
11.544741
14.157463
10.745133
10.555005
11.760043
11.810612
13.390227
10.818645
9.743381
9.872852
10.821533
14.019556
15.847310
12.088995
12.342584
14.025120
13.788030
15.279308
14.722689
11.720283
11.600000
12.400086
14.758477
15.372644
13.219234
13.203327
12.284885
16.035928
15.939412
14.047329
8.912071
10.426290
14.322908
15.138600
15.384703
15.598071
13.323839
10.985210
12.181022
14.368465
14.033912
12.221994
16.002835
18.030418
17.691999
17.058556
19.549737
17.163648
16.056997
14.336049
15.087531
16.261942
15.239798
15.204014
16.663782
18.543438
14.981964
10.964048
15.301762
21.231677
12.774986
17.106359
15.488188
15.134942
17.286995
20.286950
21.489337
19.528100
15.699771
14.017100
14.715221
14.156345
17.281436
18.236412
17.412990
20.074122
16.924369
18.173980
19.623412
21.260884
18.414777
18.032165
18.600000
21.114837
20.249703
18.694158
20.361080
17.881529
18.729600
19.216183
19.660028
20.863434
21.516404
23.592210
22.936680
19.162855
21.329424
24.629370
23.630759
21.067416
22.572376
22.595697
20.994813
24.250308
24.547310
22.319455
17.281576
19.021137
22.738485
23.395035
26.603468
25.089371
25.726849
27.332386
24.178453
24.663600
20.718164
19.974505
26.134650
25.734948
21.629606
21.155414
21.793519
24.817568
24.751596
25.776202
23.401742
20.378648
21.894538
23.744139
23.657574
21.175542
23.145022
24.806620
23.887348
23.549010
24.250687
26.026150
22.155305
23.210211
25.155036
24.677862
22.994817
26.351639
25.596840
27.227235
29.358855
27.273226
24.504410
26.028894
30.820174
32.252432
28.543884
26.200166
27.966692
29.859126
26.829630
28.173276
29.974551
30.066977
34.920544
31.434805
32.263087
29.574711
32.066329
31.332021
30.397174
31.674206
30.092775
29.742063
32.405415
32.921353
32.788330
33.521080
32.289157
31.646010
31.050300
29.196393
32.610887
33.931380
29.307500
32.470422
32.580063
29.670071
29.790683
28.293507
27.752530
30.600000
30.099071
28.236554
31.119109
29.422154
33.306914
28.340678
27.702589
30.614437
27.844704
32.317494
34.152540
32.400000
31.430548
31.796222
34.911151
35.948148
36.196739
37.800000
37.662261
36.856572
37.980664
38.183008
39.848749
41.553128
35.029924
36.558943
38.925483
37.534185
36.033593
36.140644
37.550789
37.734980
35.956564
33.766121
33.421527
32.353013
35.218112
41.076171
34.289467
32.870255
34.008466
34.583417
36.427640
32.746971
32.523136
36.974286
37.894264
37.013627
34.893920
30.758315
29.642993
33.289686
31.129199
30.450406
28.418233
30.165870
30.767316
32.880355
31.873489
33.796953
29.477483
29.396577
33.450131
29.269419
29.713159
34.314554
28.886433
26.422133
26.824766
29.410613
29.845354
25.930526
22.817200
26.710833
28.713880
28.018076
24.657041
25.434214
28.666885
26.384533
25.370805
29.839955
24.488859
26.687974
24.010416
27.947492
21.751897
22.053961
22.564229
20.393678
23.338964
25.688628
21.833526
21.270676
25.209096
27.532731
26.651462
22.726242
19.153166
19.728882
23.177294
22.759173
18.854548
22.846858
26.570705
23.552454
24.852278
29.622809
29.827996
26.306777
24.095507
23.442164
23.386829
23.543500
21.644454
20.802879
27.394700
24.648248
20.931300
22.872041
18.550205
26.154743
22.406048
21.597691
22.223643
19.569855
21.470908
21.545508
18.250972
20.458463
22.137707
18.105523
18.011251
19.575836
23.714729
18.957832
20.132449
22.675652
16.592491
12.977374
17.809558
18.651364
19.180897
16.524608
14.328899
15.111563
13.925219
13.555367
10.885785
16.327693
18.900102
13.670412
