-78.3761
-25.428
27.5201
31.6898
35.7858
36.0986
36.3984
34.6115
32.8133
32.8991
32.9991
31.9113
30.8124
33.2693
35.7669
35.7014
35.6015
34.321
33.0223
33.1964
33.3962
32.7141
32.0147
34.836
37.7332
34.2865
30.69
32.7428
34.9407
34.6112
34.2116
36.2372
38.3351
38.1095
37.8098
35.6744
33.4765
33.7857
34.1853
31.1207
27.9238
29.9127
32.1105
34.5
36.8977
36.2349
35.4356
35.3045
35.2046
33.1045
30.9067
31.2752
31.7748
30.6617
29.4629
31.3879
33.4858
31.8051
29.907
31.9682
34.2659
30.4489
26.253
28.8163
31.8134
30.5948
29.0962
31.4306
34.0281
31.7744
29.177
28.6276
28.228
31.0799
34.1768
34.7708
35.1704
33.1648
30.967
30.7077
30.6078
30.5079
30.408
31.1353
31.9346
31.9083
31.8084
31.3423
30.8428
28.9733
26.9753
28.7139
30.8118
32.2732
33.6718
29.4442
24.6489
26.5543
29.1517
28.4964
27.4974
26.1378
24.7391
25.9494
27.448
30.4725
33.6694
32.0294
29.8316
27.1869
24.4895
25.6269
27.2253
28.4678
29.6666
27.3139
24.5167
26.8577
29.8548
28.4321
26.434
27.2584
28.4572
30.7121
33.1097
35.683
38.2805
36.2344
33.5371
30.49
27.3931
28.0466
29.2455
29.8351
30.3346
30.921
31.5204
32.2064
32.9057
30.7526
28.1551
28.4037
29.103
27.9953
26.5967
28.3746
30.6723
29.3725
27.4744
31.473
36.4681
34.5568
31.4598
30.8298
30.63
30.6
30.6
28.7371
26.5393
26.7069
27.3063
27.8214
28.3209
28.4841
28.584
29.6067
30.8055
32.4228
34.1212
33.6485
32.7493
31.7669
30.7679
29.5196
28.2208
28
28
28.9926
30.1914
29.5748
28.5757
28.7293
29.1289
30.1034
31.2024
30.8264
30.1271
32.2887
35.086
32.2567
28.1607
28.3762
29.575
30.6927
31.7916
34.5906
37.7875
35.0888
30.9928
33.1809
36.8773
37.0374
36.3381
37.6431
39.4413
37.8005
35.303
35.4382
36.2375
36.4
36.4
37.1939
38.1929
36.3409
33.7435
35.096
37.4936
40.3641
43.3611
44.4716
45.071
43.7102
41.812
42.2604
43.3593
45.2384
47.3363
44.6092
40.5132
41.7736
44.5708
45.2774
45.3773
47.4081
50.0056
49.9837
49.1844
50.7674
53.0652
52.1436
50.2455
49.5706
49.2709
50.8014
52.8993
52.4872
51.2884
53.9588
57.855
54.7138
49.3191
49.8869
52.3844
54.1292
55.6277
54.8737
53.3752
52.7004
52.3008
54.5901
57.787
59.196
59.9952
62.8748
66.4713
67.2518
67.052
68.1825
69.781
72.9274
76.6237
77.747
77.9468
82.0327
87.5273
91.0475
93.8448
99.4863
106.18
111.127
115.423
119.937
124.532
129.923
135.618
141.962
148.555
157.667
167.757
174.977
181.071
191.029
202.518
214.934
227.722
245.705
265.785
279.833
291.421
305.629
320.914
341.775
364.952
383.836
400.919
417.16
433.044
460.968
494.035
521.659
546.934
575.132
604.604
627.481
647.461
679.692
717.355
751.292
783.56
818.719
855.183
882.177
904.855
938.344
976.807
1019.91
1065.16
1098.1
1125.28
1153.6
1182.48
1219.6
1260.66
1296.32
1329.39
1354.73
1376.3
1399.16
1422.63
1449.19
1477.26
1497.07
1512.75
1528.37
1543.95
1558.48
1572.46
1589.09
1607.08
1622.03
1635.41
1641.18
1642.98
1648.9
1657
1665.74
1674.83
1681.25
1686.25
1683.91
1677.62
1678.63
1683.63
1689.14
1694.93
1694.23
1689.94
1689.42
1691.02
1694.54
1699.14
1697.74
1692.94
1693.42
1696.92
1698.45
1698.85
1692.94
1683.35
1685.84
1695.43
1697.37
1694.77
1687.42
1677.23
1667.23
1657.34
1655.03
1657.33
1650.82
1638.94
1635.76
1637.96
1640.03
1642.03
1640.04
1635.54
1629.88
1623.49
1617.64
1612.15
1606.35
1600.36
1590.42
1577.94
1559.59
1537.41
1520.41
1506.82
1487
1463.02
1441.14
1420.66
1403.4
1388.31
1377.45
1369.45
1353.52
1332.15
1319.44
1312.75
1309.65
1309.05
1305.69
1300.4
1288.97
1273.18
1267.3
1268.5
1267.2
1264.1
1258.11
1250.02
1245.79
1244.39
1239.49
1232
1229.6
1231
1228.17
1222.18
1217.49
1213.8
1209.14
1203.74
1208.69
1221.57
1223.26
1216.27
1214.55
1216.94
1210.12
1196.03
1188.02
1184.82
1180.68
1175.78
1166.46
1153.58
1140.91
1128.42
1116.37
1104.68
1089.71
1072.03
1057.73
1046.24
1039.15
1035.76
1029.11
1019.72
1006.28
989.401
978.214
971.92
960.325
944.141
933.452
927.558
914.009
893.729
886.265
890.162
892.422
893.221
885.399
869.814
859.153
852.959
849.53
848.631
844.093
836.201
836.491
844.383
840.152
824.567
816.229
814.73
820.349
832.736
828.599
808.619
802.509
809.802
813.906
814.905
813.837
810.74
807.844
805.147
799.398
790.606
785.353
783.654
772.873
752.893
739.191
731.898
722.143
709.855
702.129
699.131
690.859
677.072
665.621
656.63
641.63
620.251
610.069
611.867
607.513
596.523
584.912
572.624
568.25
572.546
565.921
547.24
537.92
539.019
532.772
518.286
508.162
502.967
492.682
476.598
461.583
447.796
434.612
422.124
407.008
388.826
373.123
360.336
347.274
333.887
319.544
304.059
293.606
289.21
282.467
272.877
264.455
257.461
251.452
246.657
242.307
238.511
233.296
226.302
220.987
217.79
216.835
218.733
217.918
213.622
211.069
210.769
212.031
215.328
215.775
212.478
213.393
219.887
223.771
224.171
227.509
234.801
245.867
262.051
278.193
294.277
311.957
331.838
352.345
373.724
402.218
440.68
483.077
531.03
579.395
628.347
686.856
759.085
831.6
904.529
981.845
1065.56
1149.93
1235.24
1331.3
1443.29
1548.64
1644.04
1742
1843.8
1942.94
2038.05
2135.56
2236.76
2327.48
2402.01
2486.3
2585.81
2678
2758.72
2838.82
2917.95
2996.38
3073.7
3151.48
3230.01
3321.67
3434.66
3538.59
3627.71
3723.6
3830.7
3941.05
4056.84
4174.12
4293.9
4407.34
4510.04
4622.19
4750.46
4886.11
5034.47
5163.25
5258.06
5368.88
5507.75
5640.51
5762.49
5872.54
5961.35
6066.64
6201.51
6328.95
6442.93
6567.74
6712.3
6839.14
6933.35
7039.54
7168.02
7293.78
7414.46
7526.82
7623.42
7716.52
7802.94
7899.91
8017.19
8113.01
8167.16
8229.71
8308.74
8391.72
8482.53
8554.98
8590.85
8635.47
8697.71
8750.58
8784.45
8813.69
8833.47
8854.33
8877.41
8903.4
8935.47
8950.56
8929.98
8918.59
8926.68
8935.76
8946.95
8958.71
8971.7
8987.32
9008.7
9008.1
8959.14
8920.5
8904.71
8883.28
8849.22
8809.54
8757.19
8696.87
8618.35
8536.28
8446.07
8379.39
8367.4
8332.87
8245.46
8180.71
8169.62
8150.19
8110.83
8085.96
8096.05
8103.55
8104.75
8115.27
8148.74
8175.52
8185.71
8207.36
8257.71
8311.74
8375.07
8438.05
8500.09
8561.29
8620.33
8685.88
8768.4
8849.57
8927.2
9004.14
9079.27
9155.42
9234.34
9314.99
9400.31
9483.14
9559.16
9641.5
9741.31
9830.97
9892.31
9955.37
10023.3
10089.4
10150.5
10199.4
10213.6
10229.8
10251.7
10272
10287.9
10297.6
10289
10278.7
10263.2
10245.5
10221.2
10199.2
10184.7
10156.1
10083.4
10020
9985.09
9959.32
9962.32
9951.75
9897.81
9844.8
9794.85
9746.05
9700.99
9656.7
9614.94
9582.57
9581.57
9567.29
9508.15
9457.15
9433.98
9404.41
9352.76
9317.09
9337.27
9345.27
9310.2
9283.74
9288.03
9282.85
9243.39
9215.68
9230.96
9229.7
9167.16
9122.3
9143.68
9163.54
9177.63
9176.03
9114.29
9062.31
9048.23
9033.45
9015.97
9005.07
9020.35
9024.47
8983.61
8941.29
8893.04
8849.52
8825.55
8806.87
8810.37
8810.58
8796.9
8779.83
8748.26
8711.1
8649.66
8597.08
8583.5
8568.79
8549.11
8523.42
8470.57
8413.98
8340.25
8267.11
8196.67
8128.42
8070.37
8008.26
7926.74
7851.9
7809.34
7764.04
7705.3
7648.43
7600.88
7551.35
7491.91
7433.84
7382.79
7329.06
7261.43
7200.32
7173.55
7140.67
7075.24
7015.62
6987.55
6953.67
6887.83
6830.69
6822.1
6804.27
6734.04
6665.15
6604.01
6546.26
6508.29
6473.21
6455.23
6434.83
6399.86
6367.21
6348.73
6328.3
6295.73
6264.06
6238.09
6210.7
6174.24
6140.89
6128.01
6110.42
6061.47
6018.49
6016.09
6011.13
5988.45
5969.37
5975.56
5981.34
5984.14
5983.94
5961.86
5943.45
5952.34
5960.76
5965.55
5968.6
5958.11
5951.54
5975.81
5994.29
5966.22
5942.55
5954.93
5964.99
5955.49
5946.27
5939.27
5933.69
5940.38
5945.29
5934.3
5924.06
5920.67
5919.71
5941.49
5964.09
5994.46
6021.23
6012.94
6004.03
5989.05
5972.65
5941.88
5913.28
5907.28
5898.38
5858.32
5821.29
5817.59
5811.55
5778.98
5746.63
5716.76
5687.99
5672.41
5655.14
5617.28
5577.87
5518.92
5460.55
5409.5
5358.79
5312.63
5268.12
5246.24
5224.15
5199.08
5172.07
5116.73
5061.7
5011.44
4963.43
4950.65
4936.32
4896.96
4860.01
4863.81
4864.24
4805.7
4748.24
4710.58
4672.41
4624.66
4576.2
4513.87
4452.74
4416.78
4379.24
4307.61
4237.21
4194.75
4151.3
4084.27
4018.95
3996.67
3972.78
3906.25
3839.9
3778.86
3717.8
3656.16
3595.17
3554.61
3513.63
3458.38
3403.38
3357.32
3311.28
3265.62
3219.92
3172.07
3124.56
3093.59
3062.01
2998.17
2934.63
2888.78
2843.04
2805.18
2767.37
2733.7
2699.8
2644.66
2589.6
2544.04
2498.25
2418.23
2338.17
2251.26
2164.33
2074.52
1984.69
1878.6
1772.5
