-103.777
-52.0273
-.278057
3.59055
7.38683
4.91111
2.41355
6.07631
9.77269
8.51086
7.21214
6.50722
5.8079
7.28158
8.78012
8.20854
7.60912
6.91133
6.21202
7.08366
7.98278
7.11809
6.21897
7.96028
9.75852
9.21441
8.615
9.76882
10.9676
8.86146
6.66361
6.21196
5.81235
8.41399
11.1113
9.36424
7.4661
7.88211
8.38163
4.35845
.162558
1.63254
3.33087
7.90428
12.5997
10.6959
8.49807
8.49544
8.59534
8.02851
7.42909
6.06926
4.67063
7.25599
10.0532
9.34805
8.44893
9.25019
10.1493
8.50314
6.70491
6.12963
5.63012
4.84897
4.04976
7.27888
10.7754
9.78467
8.48595
9.4262
10.5251
8.36572
5.96807
5.6142
5.4144
6.23433
7.13345
6.73746
6.23795
7.0308
7.92992
7.4473
6.84789
10.201
13.8974
10.3476
6.15168
5.25082
4.65141
5.05666
5.55617
5.05317
4.45376
5.49129
6.69012
6.25552
5.65611
6.59605
7.69497
8.52283
9.32205
6.87556
4.07831
4.24981
4.74932
6.1465
7.64503
7.26257
6.66316
5.61687
4.51795
4.84589
5.3454
6.37882
7.47774
6.8897
6.09048
7.0631
8.26193
8.3116
8.2117
7.67079
7.07138
7.35202
7.75162
8.15123
8.55084
9.9142
11.4127
11.2503
10.8507
6.96224
2.56655
4.6978
7.79476
7.3317
6.33267
6.89307
7.69229
8.31863
8.91804
7.70636
6.20783
5.74186
5.44215
5.9151
6.51452
6.85696
7.15667
7.88367
8.68289
7.35051
5.65217
7.35656
9.65431
10.5092
11.1086
10.2685
9.16963
6.97246
4.57481
6.39141
8.98886
7.8023
5.90416
9.12352
13.3194
12.0749
9.7772
8.06397
6.46553
6.2
6.2
6.78177
7.48108
8.42914
9.42816
7.61475
5.2171
7.27569
10.2727
8.90647
6.60872
6.2
6.2
9.39549
13.2917
14.3269
14.7266
12.4352
9.53806
9.24404
9.54375
10.0869
10.6863
11.8524
13.1512
12.7539
11.9547
9.22191
6.02504
7.40923
9.90679
11.4422
12.741
12.2002
11.2012
12.1967
13.6953
13.6816
13.282
10.2625
6.56617
10.6309
16.7249
16.578
14.7798
15.582
17.0806
16.2995
14.9009
13.1886
11.3903
12.9554
15.4529
15.6099
15.1104
16.7121
18.91
16.7606
13.3639
14.3035
16.5014
18.2358
19.8342
17.5035
14.007
16.0433
19.7396
20.7533
20.9531
19.6238
17.8256
18.5439
20.0424
18.6506
16.3528
17.7725
20.37
19.9406
18.542
17.1433
15.7447
17.4325
20.1299
20.5747
20.275
22.5215
25.6185
25.2049
23.6065
22.2315
20.9328
23.1262
26.5229
28.5116
30.0101
28.9957
27.0976
27.3371
28.3361
28.2324
27.7329
30.0929
33.4896
35.7894
37.6875
40.9713
44.7676
42.8179
38.7219
39.8487
42.9456
46.4767
50.173
51.5607
52.0602
56.0134
61.3082
64.5939
67.0914
67.8
67.8
73.2236
80.8162
87.7682
94.4617
98.1033
100.501
101.766
102.565
109.293
118.484
126.268
133.461
141.285
149.377
157.469
165.561
172.607
179.2
187.255
195.947
206.443
217.732
227.29
236.082
244.183
251.975
260.456
269.247
278.382
287.673
298.674
310.463
321.978
333.367
344.28
354.969
362.47
368.464
375.608
383.301
392.882
403.372
416.417
430.703
434.126
432.228
441.161
455.447
461.133
462.532
466.988
472.982
476.127
477.825
484.347
493.338
498.245
501.042
501.409
500.51
502.95
507.146
511.799
516.695
514.689
508.995
507.714
508.813
509.653
510.352
511.31
512.408
508.426
501.633
499.392
499.692
498.969
497.67
497.773
498.673
501.859
506.354
505.72
502.123
502.126
504.224
502.356
498.16
490.388
480.497
479.114
482.811
482.953
480.955
484.365
491.058
484.181
468.996
466.35
471.445
475.617
479.213
479.556
477.858
476.833
476.233
471.121
463.129
460.486
461.285
455.662
445.871
438.376
432.382
429.879
429.68
425.399
418.406
413.626
410.329
403.575
394.484
392.761
396.058
393.254
386.261
376.789
365.6
360.235
358.936
362.329
369.022
369.053
364.358
362.808
363.507
362.987
361.589
356.661
349.168
348.595
353.09
352.701
348.705
349.921
355.016
356.743
355.944
349.23
338.041
338.925
349.015
351.875
349.177
343.947
336.754
336.068
340.464
339.27
333.675
327.802
321.708
326.493
339.98
339.639
328.151
321.346
318.349
315.956
314.058
307.126
296.037
293.399
297.795
296.649
290.854
288.092
287.892
285.804
282.108
277.283
271.488
269.924
272.022
270.226
265.031
258.507
250.814
249.583
254.079
254.459
251.162
246.919
241.824
241.233
244.73
244.887
241.99
239.872
238.474
237.075
235.676
233.968
231.97
231.205
231.605
232.721
234.52
234.89
233.891
234.111
235.51
236.048
235.748
233.13
228.234
226.001
226.4
226.45
226.15
224.106
220.31
218.995
220.194
217.537
210.944
206.861
205.363
204.06
202.961
201.765
200.466
199.313
198.314
194.699
188.305
184.759
184.259
182.846
180.449
178.578
177.279
176.934
177.633
178.19
178.589
179.273
180.272
177.833
171.54
165.715
160.42
158.44
160.239
161.014
160.614
155.723
145.633
137.526
131.731
129.013
129.912
129.531
127.633
124.369
119.474
113.899
107.505
104.135
104.435
104.061
102.862
101.931
101.332
102.782
106.778
105.452
97.4601
94.3687
97.4656
96.9143
91.7194
89.7627
91.9605
91.2832
86.8875
85.6143
88.4115
90.6044
92.003
92.714
92.5142
94.2823
98.678
100.604
99.2052
100.689
106.084
108.483
106.784
110.168
120.557
129.693
137.086
140.984
139.985
146.315
162.999
175.85
183.242
192.809
205.497
222.267
244.944
265.794
283.976
301.754
318.937
336.845
355.826
375.968
397.847
420.921
445.797
467.778
485.361
502.115
517.6
534.184
552.466
574.537
602.509
624.38
636.668
651.934
671.914
690.317
706.202
721.971
737.556
755.882
778.66
800.604
821.184
846.211
878.58
905.474
923.256
943.016
966.093
993.252
1027.32
1054.89
1071.37
1089.62
1110.9
1134.51
1162.19
1188.15
1211.13
1233.89
1256.27
1281.34
1311.21
1338.51
1361.19
1386.21
1415.48
1444.68
1473.75
1499.63
1519.61
1542
1568.87
1599.85
1638.51
1666.94
1676.03
1687.33
1702.81
1718.98
1736.46
1755.1
1775.98
1792.64
1801.03
1813.18
1832.76
1850.87
1866.06
1875.34
1872.74
1874.63
1885.62
1892.51
1891.01
1892.87
1901.66
1909.22
1914.21
1918.37
1920.77
1921.82
1920.02
1922.52
1934.21
1936.51
1918.52
1907.58
1911.98
1915.62
1917.62
1917.76
1913.76
1903.72
1880.14
1859.69
1846.31
1831.52
1813.54
1799.43
1794.23
1787.11
1775.52
1760.56
1737.68
1719.67
1713.18
1709.48
1712.48
1713.31
1708.92
1705.92
1706.31
1708.51
1715.1
1721
1725.2
1728.85
1731.15
1737.92
1756
1771.47
1780.26
1790.25
1803.34
1815.68
1826.07
1838.99
1858.57
1875.99
1887.68
1900.84
1917.92
1937.75
1965.02
1986.92
1994.12
2004.81
2025.19
2039.62
2037.42
2042.07
2066.05
2084.21
2085.81
2088.05
2092.15
2097.75
2107.74
2114.26
2110.56
2106.72
2102.42
2101.9
2112.68
2117.23
2102.85
2086.89
2066.11
2052.67
2061.96
2066.15
2054.36
2045.88
2047.88
2042.07
2011.3
1989.1
1994.59
1999.01
1999.91
1999.23
1993.34
1984.27
1964.59
1946.07
1931.48
1916.08
1897.9
1881.51
1871.32
1863.98
1866.57
1868.62
1868.72
1867.27
1860.28
1856.1
1862.09
1865.36
1858.67
1852.51
1848.31
1841.67
1825.89
1814.5
1819.8
1822.33
1814.23
1805.63
1795.04
1784.37
1773.38
1768.43
1787.51
1799.92
1785.43
1772.01
1762.92
1755.81
1756.91
1755.25
1742.07
1730.85
1727.95
1726.51
1731.3
1732.02
1715.04
1701.64
1704.04
1702.34
1682.36
1663.28
1648.3
1636.07
1636.47
1633.04
1611.86
1592.51
1581.72
1571
1560.61
1548.49
1528.01
1510.29
1506.09
1500.76
1489.77
1476.63
1452.65
1431.96
1428.07
1421.47
1400.89
1381.35
1367.26
1355.1
1353.2
1350.37
1342.48
1334.54
1326.35
1318.31
1311.11
1303.14
1290.75
1278.94
1270.45
1262.5
1257.7
1251.73
1238.74
1228.21
1232.51
1234.13
1219.34
1205.55
1197.96
1190.53
1184.13
1178.01
1173.61
1169.31
1165.61
1161.63
1155.74
1150.1
1146.2
1142.63
1141.34
1138.84
1127.95
1118.23
1116.83
1115.98
1119.18
1123.04
1131.83
1139.83
1141.83
1143.03
1138.03
1133.9
1136.6
1137.99
1128.9
1120.42
1116.92
1113.46
1110.26
1108.44
1118.33
1126.31
1117.72
1110.32
1113.52
1115.91
1111.02
1107.77
1119.86
1130.1
1122.7
1115.46
1109.67
1105.77
1120.86
1133.7
1123.61
1114.39
1114.29
1114.41
1116.91
1118.02
1103.83
1089.91
1079.02
1067.91
1054.23
1041.76
1043.86
1044.8
1031.51
1019.35
1021.34
1022.51
1012.92
1003.18
991.391
979.413
964.828
950.727
943.535
936.469
931.274
926.61
930.006
932.16
914.777
898.331
897.132
895.637
889.143
882.17
866.785
852.153
851.254
850.355
849.456
847.938
834.151
820.848
817.551
813.571
794.79
776.143
760.558
745.491
742.794
739.795
729.205
718.492
704.506
690.959
689.76
687.989
669.107
650.305
634.021
618.098
614.501
610.764
601.873
593.097
588.901
584.653
578.16
571.458
554.874
538.546
535.649
532.753
529.956
526.979
511.994
497.262
502.158
506.789
487.308
467.943
461.55
455.142
446.75
438.312
420.53
402.735
380.756
358.785
344.099
329.414
