-47.7754
6.77117
61.3177
64.2928
67.1899
65.8062
64.4076
66.1885
67.9867
66.81
65.6112
65.1051
64.6056
66.3779
68.1761
67.6085
67.0091
68.5741
70.1725
67.4508
64.6535
62.7382
60.84
64.6139
68.5101
66.7456
64.8475
64.8974
64.9973
65.1944
65.3942
63.9448
62.4463
63.4649
64.5639
63.6338
62.6348
61.7322
60.8331
62.8208
64.9187
64.4238
63.8244
63.7042
63.6042
64.9389
66.3376
65.4455
64.4465
64.4
64.4
62.594
60.6958
61.8331
63.1319
66.4185
69.8151
65.4656
60.6703
62.4739
64.6718
63.2948
61.6964
65.0735
68.7699
67.4074
65.7091
63.5433
61.3454
62.3195
63.5183
62.5759
61.477
64.7444
68.3408
66.3751
63.9775
63.2449
62.6455
63.0615
63.5611
63.3236
63.0239
62.3565
61.6572
60.8662
60.067
61.9221
64.02
62.3733
60.3753
61.2936
62.4925
63.3275
64.1267
63.9277
63.628
63.9622
64.3618
63.0447
61.5461
58.0641
54.3678
55.8892
57.9871
60.9828
64.0797
65.4748
66.6737
64.655
62.2573
58.8787
55.3821
59.5382
64.6332
64.0457
62.747
64.0175
65.6159
63.3249
60.5276
58.7006
57.0022
58.7361
60.9339
61.9903
62.8894
63.4381
63.9376
61.7271
59.1297
59.0617
59.3614
59.487
59.5869
61.1629
62.9612
66.8386
71.0345
70.0441
68.2459
64.7228
60.9265
61.4325
62.6314
65.3755
68.3726
64.7742
60.0788
60.8528
62.5511
61.3505
59.6522
63.9086
69.2034
68.4723
66.674
67.9242
69.7224
66.8742
63.1778
65.4657
68.8623
69.9045
70.5039
72.0262
73.7245
71.6565
68.8592
69.6525
71.151
70.2337
68.8351
69.2649
70.0641
69.9512
69.6515
70.6753
71.9741
75.5009
79.497
78.8004
77.1021
79.5925
82.9891
81.7155
79.4177
80.9617
83.3594
85.1862
86.8846
84.4341
81.0375
85.6749
92.1685
94.2905
95.3894
97.9421
100.839
98.0968
94.0008
96.8166
101.312
102.761
103.46
102.32
100.722
105.825
112.618
111.533
108.436
108.832
110.131
111.429
112.728
117.345
122.839
122.187
119.89
120.343
121.542
122.741
123.94
125.138
126.337
126.054
125.354
128.546
132.842
131.626
128.829
132.072
137.067
138.895
139.794
145.547
152.74
152.632
150.335
151.18
152.978
153.4
153.4
154.925
156.923
157.704
158.104
159.262
160.661
158.276
154.679
160.064
168.356
171.228
172.327
168.771
163.676
169.814
179.704
181.677
180.978
183.929
188.125
188.68
187.98
188.319
189.018
189.717
190.417
196.276
203.968
207.103
208.601
214.866
222.858
225.585
226.384
232.653
240.945
248.291
255.284
260.464
264.96
273.362
283.252
287.226
288.925
296.163
305.554
313.653
321.246
326.62
331.116
346.887
367.167
378.907
387.199
397.336
408.225
413.877
417.374
426.234
437.323
446.09
453.882
473.256
497.532
506.76
509.557
523.382
541.964
556.161
568.449
586.22
606.4
624.642
642.025
658.856
675.44
690.166
704.052
724.183
747.161
765.348
781.333
795.543
808.93
833.951
864.421
880.509
889.8
899.767
910.057
928.036
949.715
965.475
978.363
994.067
1011.15
1019.87
1024.47
1033.93
1045.82
1066.22
1090.89
1105.16
1114.15
1113.3
1107.41
1102.3
1097.61
1102.83
1113.22
1120.92
1127.22
1126.07
1120.97
1125.71
1135.7
1138.94
1138.54
1137.49
1136.09
1138.11
1142.01
1139.86
1134.37
1136.25
1142.24
1144.14
1143.74
1138.95
1131.65
1132.11
1137.01
1135.13
1129.33
1125.24
1122.14
1123.27
1126.86
1127.76
1127.06
1126.86
1126.96
1136.6
1151.99
1156.56
1154.56
1155.53
1158.33
1153.72
1144.53
1151.41
1168.29
1181.18
1191.57
1191.01
1183.52
1187.61
1199.1
1195.39
1181.91
1178.3
1181.09
1179
1173.7
1167.93
1161.83
1157.96
1155.56
1153.82
1152.52
1142.52
1126.64
1116.16
1109.37
1106.72
1106.92
1107.71
1108.91
1102.93
1091.94
1087.87
1088.67
1089.93
1091.53
1086.96
1077.97
1074.14
1074.04
1077.18
1082.68
1078.66
1067.67
1061.05
1057.65
1060.67
1068.46
1074.71
1079.8
1082.68
1083.88
1084.12
1083.62
1086.05
1090.75
1092.29
1091.39
1089.2
1086.01
1082.75
1079.46
1077.39
1076.29
1074.69
1072.69
1071.96
1072.26
1066.23
1055.04
1048.08
1044.58
1043.33
1043.93
1043
1040.8
1040.12
1040.72
1035.42
1025.13
1014.09
1002.4
989.637
975.95
979.935
999.216
1004.89
998.698
995.215
994.116
989.734
982.441
978.314
977.015
975.086
972.588
967.839
961.045
962.809
972.4
970.45
957.863
949.936
946.339
941.298
934.904
930.104
926.807
928.579
935.173
939.114
940.513
940.793
939.994
939.853
940.352
937.827
932.332
930.052
930.951
932.05
933.349
928.569
917.679
915.873
923.265
926.555
925.656
917.666
902.381
895.826
898.324
899.991
900.79
904.07
909.965
909.947
903.653
903.585
910.179
913.023
911.824
909.524
906.028
909.444
920.433
925.013
922.515
919.214
915.018
911.387
908.39
902.251
892.561
887.213
886.814
886.832
887.332
882.599
871.81
857.101
837.82
821.064
807.277
797.103
791.208
786.998
784.801
776.937
762.251
752.259
747.964
744.971
743.572
738.639
729.348
721.973
716.978
715.796
719.393
713.674
696.191
686.224
685.824
689.888
699.679
702.673
696.879
698.847
710.936
717.541
716.941
719.178
725.173
732.193
740.585
750.127
761.216
771.288
779.979
790.105
802.193
817.767
838.147
858.109
877.49
897.079
916.96
937.71
959.688
981.543
1003.22
1026.87
1053.34
1082.92
1116.99
1150.93
1184.7
1214.74
1239.32
1266.79
1298.56
1329.85
1360.42
1394.98
1435.54
1467.25
1485.54
1513.56
1556.52
1591.94
1615.72
1647.97
1693.43
1725.59
1736.88
1754.2
1781.07
1807.33
1832.61
1863.2
1902.37
1942.67
1984.83
2031.38
2085.13
2127.8
2152.17
2180.45
2215.21
2262.77
2331.8
2394.27
2445.62
2492.69
2532.45
2582.53
2650.36
2711.55
2761.2
2802.71
2829.99
2871.75
2939.08
2999.16
3046.31
3103.79
3179.82
3241.13
3275.8
3319.26
3378.8
3437.01
3492.76
3551.4
3615.44
3679.06
3741.9
3799.97
3849.02
3896.08
3939.34
3975.04
3996.22
4029.22
4085.17
4141.55
4198.8
4238.48
4243.47
4263.42
4313.17
4354.33
4378.21
4397.17
4406.16
4419.05
4439.93
4452.47
4447.77
4444.24
4443.14
4443.2
4445.7
4450.12
4458.61
4472.07
4496.14
4509.85
4501.16
4492.28
4482.99
4481.6
4497.58
4494.01
4447.06
4414.32
4413.42
4401.61
4365.15
4333.89
4314.51
4287.78
4244.12
4211.53
4204.63
4186.87
4143.61
4106.2
4082.62
4059.81
4038.83
4022.42
4017.02
4015.41
4023
4034.23
4054.41
4063.41
4044.62
4046.53
4100.27
4136.96
4130.47
4136
4172.26
4203.39
4221.28
4245.45
4286.01
4320.71
4339.99
4375.49
4454.12
4515.03
4528.42
4551.55
4601.1
4642.72
4662.6
4690.09
4738.65
4779.46
4798.64
4822.94
4861.7
4894.47
4910.16
4934.34
4982.99
5009.95
4973.78
4950.68
4965.96
4983.99
5010.17
5020.11
4981.35
4959.41
4988.48
5002.56
4970.69
4946.01
4943.62
4932.08
4891.92
4854.08
4823.61
4795.93
4777.14
4759.19
4743.9
4728.81
4714.32
4697.07
4670.7
4644.99
4621.52
4605.61
4615.3
4610
4553.45
4510.54
4514.74
4515.53
4504.44
4493.82
4484.83
4472.01
4445.54
4420.75
4402.07
4389.2
4397.59
4400.82
4384.94
4366.8
4340.23
4323.12
4341.9
4352.42
4331.24
4316.83
4328.72
4334.02
4313.44
4292.58
4270.61
4253.71
4257.31
4257.64
4244.65
4227.98
4196.12
4171.38
4176.48
4174.95
4145.38
4121.36
4121.16
4117.99
4101.9
4085.82
4069.74
4049.48
4010.62
3980.95
3992.84
3996.26
3960.89
3924.82
3885.46
3849.49
3829.51
3807.38
3775.02
3743.2
3714.02
3682.55
3639.79
3600.16
3576.09
3554.01
3542.03
3525.57
3486.31
3445.82
3398.97
3358.72
3353.23
3343.51
3311.24
3279.27
3248.9
3221.43
3209.94
3199.35
3193.75
3183.61
3147.64
3114.94
3101.06
3085.8
3062.52
3040.01
3022.03
3004.04
2986.06
2968.34
2952.26
2936.8
2925.21
2910.94
2879.67
2852.08
2848.18
2843.12
2830.43
2816.68
2795.8
2779.73
2796.31
2808.45
2789.87
2772.24
2761.35
2752.84
2761.33
2768.26
2763.76
2758.14
2744.15
2735.01
2762.59
2785.28
2770.3
2756
2747.11
2739.98
2747.08
2754.71
2766.8
2776.72
2768.53
2758.03
2727.86
2704.41
2739.47
2769.1
2750.32
2732.91
2728.02
2723.93
2727.33
2730.83
2735.32
2739.19
2736.89
2735.76
2746.35
2754.83
2741.74
2729.94
2731.54
2731.48
2713.7
2696.87
2690.58
2681.59
2642.13
2605.63
2603.53
2600.69
2589.01
2576.02
2547.15
2519.78
2511.39
2502.91
2493.32
2483.15
2465.17
2445.76
2406.8
2369.13
2349.85
2331.77
2331.37
2329.54
2305.97
2284.03
2287.82
2290.53
2275.55
2259.69
2229.12
2199.33
2183.25
2167.33
2154.44
2140.08
2097.62
2056.55
2042.96
2029.87
2027.18
2023.69
2003.11
1982.18
1953.31
1924.62
1900.35
1875.89
1846.92
1817.81
1784.94
1752.8
1741.32
1729.2
1698.43
1667.84
1642.76
1617.73
1594.25
1570.97
1554.68
1538.07
1508.2
1478.56
1459.28
1439.98
1419.5
1399.06
1380.67
1362.27
1342.49
1322.6
1295.22
1268.07
1258.18
1248.23
1232.24
1216.19
1192.82
1169.38
1137.21
1105.05
1075.18
1045.29
1008.13
970.945
916.498
862.052
