-24.178
24.4743
73.1266
84.3721
95.5612
88.9298
82.2363
84.1872
86.1852
86.9933
87.7925
88.3938
88.9932
89.5926
90.192
90.6929
91.1924
89.8226
88.424
86.5345
84.6363
84.306
84.0063
84.0978
84.1977
83.1264
82.0275
80.9285
79.8296
81.0636
82.3624
84.1462
85.9444
83.1924
80.2952
80.8763
81.5756
83.1427
84.7412
85.0887
85.3884
81.5587
77.5626
79.8917
82.4892
82.7913
82.9911
83.9544
84.9535
81.952
78.7551
76.6989
74.7009
79.0583
83.7537
82.3907
80.6924
80.3166
80.0169
77.2662
74.369
73.1652
72.0662
77.4449
83.2392
81.2579
78.7604
78.9739
79.3735
79.8664
80.3659
77.9795
75.3821
75.8503
76.5496
77.6197
78.7186
80.6501
82.6482
80.8614
78.7635
77.1261
75.5277
77.3303
79.4282
79.0496
78.4502
79.3153
80.3143
79.03
77.5315
78.4936
79.6924
78.6177
77.319
77.7445
78.3439
79.0338
79.7331
79.1675
78.4682
74.7936
70.7976
72.0193
73.8175
74.4488
74.9483
76.3435
77.8421
77.1062
76.1072
73.0571
69.7603
71.4466
73.7444
76.7524
79.8494
74.8845
68.8903
70.8519
73.8489
76.9342
80.0312
81.016
81.7153
79.4291
76.7318
75.6991
74.8998
76.0238
77.4224
75.4194
72.9219
74.5145
76.7124
78.3893
79.9877
80.3733
80.573
77.056
72.96
72.6587
72.9584
76.0977
79.6941
77.7961
74.9989
75.3709
76.27
77.2546
78.2536
76.5242
74.3263
75.0208
76.2196
79.3705
82.8671
79.8436
75.6477
79.1395
84.0347
82.8614
80.5637
80.2
80.2
80.1161
80.0162
81.3391
82.9376
83.4505
83.7502
81.0509
77.7541
80.6906
84.8865
84.7708
83.7718
85.0889
86.8872
85.3019
83.0042
83.0939
83.6933
86.4282
89.6251
92.2484
94.7459
95.5269
95.9265
98.3648
101.262
101.474
101.075
103.434
106.432
108.781
110.979
112.046
112.845
117.592
123.287
123.034
121.335
126.452
133.245
131.881
128.484
130.353
133.55
135.871
137.969
141.655
145.751
148.817
151.615
154.649
157.746
158.085
157.685
158.307
159.206
160.027
160.826
162.173
163.672
169.695
176.988
174.242
168.647
170.816
175.211
178.213
180.811
187.965
196.457
198.477
198.577
201.443
205.14
205.463
204.764
209.875
216.768
219.696
221.395
220.507
218.808
224.469
232.461
233.568
232.469
236.2
241.495
243.101
243.501
245.477
247.975
253.917
261.01
261.679
260.181
264.791
271.485
279.59
288.181
294.55
300.144
306.847
313.94
320.591
327.085
338.357
351.344
364.625
378.012
393.812
410.496
423.241
434.53
446.837
459.525
478.088
498.867
521.311
544.388
565.446
585.726
615.647
649.314
671.501
689.183
724.541
766.9
805.904
843.567
885.287
928.644
968.027
1005.79
1052.82
1103.67
1149.02
1192.08
1232.32
1271.38
1330.66
1398.49
1453.1
1502.05
1560.84
1623.88
1683.86
1742.5
1819.67
1904.99
1986.36
2065.98
2129.32
2185.36
2257.1
2335.92
2423.87
2515.98
2588.45
2651.89
2738.46
2835.76
2911.09
2976.13
3042.11
3108.55
3175.19
3241.92
3319.92
3403.34
3456.49
3494.95
3554.94
3625.47
3688.11
3746.86
3775.87
3790.05
3826.24
3873.49
3919.09
3963.85
3992.08
4011.86
4040.27
4073.14
4094.65
4110.23
4123.33
4135.12
4143.97
4151.26
4171.96
4199.83
4200.84
4187.35
4185.58
4190.17
4195.8
4201.99
4201.5
4197.3
4194.32
4192.03
4199.89
4213.48
4212.54
4203.34
4223.82
4261.29
4248.52
4206.77
4206.74
4231.02
4234.33
4225.34
4219.05
4214.35
4216.1
4221.7
4217.69
4207.9
4200.53
4194.64
4213.34
4247.11
4257.28
4252.89
4245.53
4236.34
4234.89
4238.28
4234.77
4226.87
4212.03
4192.75
4196.69
4215.57
4195.55
4150.29
4125.27
4113.48
4083.15
4040.59
4001.58
3964.91
3926.75
3887.59
3860.95
3842.77
3812.94
3775.17
3746.3
3723.52
3713.37
3711.97
3697.98
3675.21
3661.11
3653.12
3633.79
3606.41
3599.25
3606.54
3604.49
3595.7
3582.57
3566.28
3552.42
3540.33
3533.53
3530.64
3531.69
3535.69
3538.77
3541.17
3550.84
3566.03
3566.48
3555.69
3552.81
3556
3557.46
3557.56
3553.84
3547.15
3536.6
3523.01
3514.33
3509.53
3499.35
3484.86
3453.95
3409.8
3380.85
3364.27
3350.15
3338.07
3310.98
3271.52
3248.86
3240.16
3216.42
3180.06
3158.09
3148.3
3130.91
3107.03
3074.39
3034.23
3028.02
3051.2
3041.25
3002.38
2972.82
2951.44
2929.17
2906.09
2888.76
2876.57
2880.52
2899.01
2898.32
2880.24
2869.98
2866.88
2864.83
2863.73
2863.1
2862.9
2857.23
2846.44
2833.23
2817.75
2823.92
2850.69
2865.64
2869.23
2862.77
2846.58
2838.3
2837.7
2836.95
2836.05
2827.56
2811.58
2799.25
2790.56
2783.16
2777.07
2771.02
2765.03
2743.86
2707.19
2685.5
2679.2
2664.03
2639.66
2616.65
2595.07
2579.96
2571.67
2552.76
2522.59
2512.89
2525.08
2517.03
2487.16
2469.06
2463.77
2456.18
2446.09
2437.29
2429.89
2413.56
2387.29
2370.06
2362.96
2347.57
2322.79
2289.47
2246.42
2196.85
2139.8
2096.47
2068.99
2031.19
1981.34
1930.85
1879.6
1842.98
1823.69
1789.21
1736.56
1690.8
1653.34
1624.99
1607.71
1582.47
1547.51
1514.24
1483.07
1458.58
1442.4
1424.97
1405.99
1389.84
1377.25
1365.63
1355.24
1344.94
1334.75
1333.97
1345.35
1353.62
1357.82
1361.36
1364.06
1373.38
1391.46
1405.73
1414.93
1435.15
1470.21
1505.07
1539.63
1585.08
1645.42
1710.05
1780.58
1853.7
1930.43
2027
2151.38
2266.19
2367.49
2491
2646.15
2805.32
2970.26
3138.05
3309.99
3486.31
3669.03
3857.89
4055.8
4237.45
4395
4592.1
4848.35
5064.28
5219.42
5383.53
5561.26
5734.76
5901.8
6067.42
6230.86
6391.68
6548.43
6713.65
6892.18
7063.08
7221.93
7381.46
7542.11
7706.35
7876.38
8048.93
8225.55
8407.11
8596.72
8795
9007.59
9233.76
9482.52
9718.93
9934.61
10155.2
10384.2
10614.5
10847.1
11073.5
11289.3
11522.7
11786.7
12030.8
12239.9
12457.4
12689.9
12916.3
13131.9
13366
13633.3
13884.3
14105.7
14318.6
14515.9
14716.4
14922.8
15141.5
15383.2
15601.7
15776.7
15965.9
16182
16386.2
16567.6
16732.9
16867.2
17018.6
17203.2
17379.6
17539.8
17678.1
17773
17863.8
17946.4
18026.2
18100.5
18157.4
18179.3
18213.5
18273.1
18342.7
18433
18486
18461.4
18450.7
18469.2
18485.9
18498.7
18504.3
18494.7
18476.3
18438.6
18410.9
18404.8
18386.3
18340.7
18278.6
18180.1
18089.5
18016.5
17926.1
17796.2
17668.3
17545.3
17418
17280.6
17142
17000.4
16871.8
16773.5
16683
16611
16537.1
16459
16402.4
16397.5
16406
16447.3
16478.8
16486.5
16506.2
16555.6
16613.6
16693.1
16790.8
16934.7
17055.8
17118.4
17205.7
17356.7
17504.7
17644.8
17792
17957.5
18130.1
18321.5
18500.3
18644.9
18789.3
18932.8
19092.8
19297.8
19482.6
19611.6
19746.3
19896.7
20046.6
20195
20316.9
20363.6
20416.6
20487.9
20544.4
20557.8
20565
20554
20545.2
20542.7
20547.5
20574.5
20578.6
20513.3
20447.9
20382.7
20314.5
20237.1
20176.1
20166.5
20127.9
19997.8
19879.2
19797.5
19720.5
19658.4
19593.3
19518.8
19442.9
19362.2
19301.2
19305.5
19282.2
19165.7
19061.6
19000
18939.2
18881.5
18829.8
18799.5
18760.9
18693.6
18623.2
18541.7
18474.9
18461.5
18450
18445.7
18422.9
18332.3
18250.6
18202.5
18152.6
18096
18052.2
18057.3
18041.2
17942.7
17856.8
17820.1
17783.5
17747.4
17716.8
17708.8
17689.9
17626.5
17567.8
17528.8
17490.6
17455.6
17415.8
17356
17287
17178.2
17078.5
17017.9
16944.5
16814.5
16697.4
16637.7
16571.8
16478
16379.9
16262.3
16154.3
16090.5
16014
15877.5
15743.4
15621
15495.2
15353.3
15214.3
15089.9
14959.7
14800.3
14643.9
14502.4
14364.8
14247.7
14136.2
14053.4
13962.5
13829.2
13705.3
13630.9
13554
13462.7
13372.7
13289.9
13210
13145.2
13080.1
13012.6
12945
12876.1
12802.4
12701.3
12603.9
12528.3
12454.4
12391.4
12332
12295.2
12251.1
12162.2
12073.1
11982.7
11900.5
11871.4
11839.5
11789.2
11737.9
11680.1
11625.2
11589.5
11555.3
11531
11509.8
11510.2
11507.9
11485.7
11463.3
11439.1
11421.6
11453.8
11481.3
11474
11469
11480.8
11489.2
11470
11452.7
11450.4
11447.7
11441.4
11435.4
11431.6
11426.3
11408.1
11393.5
11410.5
11420
11362.3
11315
11361.8
11404.3
11408
11412.6
11425.1
11436.8
11440.6
11441.6
11413.8
11385.6
11353.8
11326.1
11341.7
11349
11266.7
11186.3
11127.4
11068.8
11012.2
10951.6
10843.7
10736.2
10633.6
10534
10470.6
10404.6
10307
10210.2
10123.6
10039.3
9987.01
9933.75
9867.91
9801.03
9719.31
9640.21
9599.55
9557.62
9496.48
9432.42
9322.43
9215.83
9164.48
9112.42
9048.38
8984.98
8932.73
8876.93
8756.25
8636.8
8540.79
8445.29
8359.67
8273.67
8179.66
8083.99
7952.21
7823.53
7764.88
7703.32
7571.95
7442
7347.79
7252.81
7137.32
7021.77
6904.28
6788.08
6710.26
6631.79
6532.79
6433.36
6319.47
6206.3
6119.48
6032.58
5942.17
5851.61
5754.5
5657.8
5580.18
5502.88
5442.84
5382.01
5274.61
5167.53
5081.21
4995.32
4942.07
4888.36
4792.15
4696
4605.89
4515.42
4372.56
4229.55
4058.02
3886.47
3709.65
3532.79
3329.99
3127.19
