-50.5763
1.97222
54.5207
58.2908
61.9872
57.7191
53.4233
54.5923
55.7911
58.4774
61.1748
59.1217
57.0237
60.5558
64.1523
61.2427
58.2456
59.6757
61.1742
60.3163
59.4172
56.4603
53.4632
56.236
59.1332
61.9327
64.73
60.5143
56.1186
56.486
56.9855
57.8731
58.7722
58.8968
58.9967
56.0048
52.9078
55.4998
58.2971
57.8226
57.2232
54.7992
52.3016
55.3626
58.6593
58.8
58.8
57.1774
55.4791
54.8285
54.2291
52.394
50.4958
49.5463
48.6472
53.8064
59.301
55.2546
50.6591
53.3223
56.4193
53.7778
50.7807
52.7592
55.0569
55.6684
56.1679
56.9479
57.7471
54.4415
50.845
51.1586
51.758
53.2864
54.8848
54.7219
54.4222
49.0345
43.2402
48.7079
55.1017
54.5867
53.4878
54.6869
56.0855
55.191
54.0921
54.8237
55.7229
54.5213
53.1227
50.4481
47.6509
51.4923
55.9879
54.4036
52.2057
51.185
50.2859
49.2061
48.1072
46.4673
44.769
49.6379
55.2324
53.6456
51.2479
50.2834
49.4842
49.0425
48.6429
48.4216
48.2218
50.9585
54.0554
52.9794
51.3809
52.7946
54.5929
52.5901
50.0925
51.7404
53.9382
52.5279
50.6298
51.9806
53.7788
54.4381
54.9376
50.9788
46.3833
45.5383
45.2386
47.4627
50.0601
51.0078
51.7071
52.2332
52.7327
52.2814
51.6819
50.91
50.1108
49.0535
47.9545
47.9717
48.1715
50.2557
52.6534
52.4872
51.8878
49.5831
46.9857
48.9819
51.7791
51.7756
51.2761
49.8452
48.2467
50.6189
53.7159
52.5143
50.5162
50.4523
50.752
48.3671
45.4699
48.8501
53.4456
52.4464
50.3485
50.1666
50.3664
49.1533
47.6548
47.6487
47.9484
48.4963
49.0957
48.8699
48.4703
47.8237
47.1244
51.353
56.6478
58.0916
58.691
57.8191
56.6203
54.2798
51.6824
51.6881
52.2875
51.8319
51.1326
53.1049
55.7023
57.0076
58.0066
56.2664
53.8688
54.0429
54.8422
58.0466
61.8429
61.6403
60.4414
60.5989
61.0984
61.0408
60.841
58.5771
55.7798
57.655
60.752
63.533
66.2303
65.7755
64.4768
64.4358
64.7355
65.2705
65.8699
64.5139
62.6157
64.6186
67.7156
69.1782
70.1773
71.021
71.8202
71.3031
70.404
72.7488
76.0456
77.9556
79.4541
76.1882
71.4929
70.17
69.8703
72.9346
77.0306
76.7799
75.1814
78.2228
82.7184
82.8137
81.515
79.9136
78.2152
79.6869
82.1844
82.6494
82.4496
82.6252
82.9249
83.3744
83.8739
83.1037
81.9049
83.3134
85.6111
86.6458
87.2452
89.1785
91.5761
94.2694
97.0667
100.159
103.356
105.817
108.015
113.073
119.167
119.045
116.647
119.719
124.814
127.145
128.444
133.878
140.871
149.962
159.852
160.291
157.094
160.013
165.308
176.846
190.832
197.805
202.001
212.049
224.437
232.483
238.777
252.594
269.478
276.877
280.374
294.669
313.451
325.335
334.326
346.616
360.302
375.669
391.753
405.464
418.152
436.268
456.748
475.84
494.322
516.61
540.587
552.9
559.993
582.983
613.154
633.374
649.058
668.985
690.864
714.517
738.993
760.679
781.059
801.643
822.322
833.938
841.231
861.609
888.282
911.728
933.607
947.304
956.995
973.906
994.386
1003.87
1007.86
1011.13
1014.02
1036.74
1069.5
1080.14
1079.44
1079
1078.7
1089.37
1105.76
1111.92
1112.72
1115.28
1118.78
1124.36
1131.05
1133.46
1133.56
1131.98
1129.48
1129.05
1129.75
1131.93
1134.93
1125.03
1107.95
1116.05
1138.33
1141.68
1134.29
1133.31
1136.01
1136.43
1135.53
1132.55
1128.35
1131.08
1137.87
1134.63
1125.44
1122.5
1123.3
1125.22
1127.82
1124.39
1117.29
1110.82
1104.73
1107.46
1115.66
1112.76
1102.97
1107.06
1119.84
1121.19
1115.29
1110.07
1105.28
1098.6
1090.7
1086.39
1084.39
1076.53
1064.84
1057.25
1052.35
1042.9
1030.41
1020.37
1011.98
1000.85
987.862
980.223
976.227
967.73
956.141
951.518
951.718
947.682
940.688
930.177
917.19
918.988
931.276
930.75
921.059
918.277
920.475
913.994
901.207
893.378
889.182
889.066
891.963
893.887
895.086
895.828
896.228
900.722
908.315
905.025
893.436
885.802
881.206
882.408
888.103
885.664
876.872
868.416
860.224
860.833
868.426
868.747
863.252
858.145
853.35
843.484
829.498
820.783
816.388
812.594
809.297
808.563
809.962
803.972
791.783
786.741
787.74
780.325
765.739
753.572
743.482
737.408
734.81
732.426
730.228
731.06
734.557
728.785
714.799
706.406
703.009
699.297
695.301
695.495
699.491
699.574
696.077
692.373
688.476
683.596
677.802
675.619
676.818
675.704
672.407
675.305
684.097
680.188
664.104
662.703
675.491
679.32
674.425
671.899
671.699
670.194
667.396
664.449
661.352
655.116
645.725
642.588
645.785
643.643
636.05
632.889
634.288
628.722
615.935
605.736
598.244
590.848
583.555
580.042
580.542
576.215
566.724
558.916
552.922
549.704
549.504
549.114
548.514
545.066
538.473
533.723
531.026
530.165
531.364
529.984
525.688
516.909
503.023
493.321
488.426
475.752
454.073
442.308
442.108
437.363
427.273
417.274
407.384
397.949
389.057
381.843
376.648
368.565
356.976
350.914
351.614
349.45
343.755
334.319
320.233
313.996
317.593
318.099
314.702
312.404
311.505
310.606
309.707
309.679
310.778
312.05
313.549
313.795
312.397
313.663
318.458
323.296
328.191
332.703
336.699
345.401
360.486
374.558
387.246
402.117
420
436.336
450.522
472.03
503.799
532.462
556.739
583.529
613.899
650.545
696.2
743.938
794.688
843.813
890.567
940.111
993.759
1050.87
1113.1
1168.9
1215.05
1268.94
1334.47
1392.99
1440.84
1493.27
1552.71
1606.9
1652.95
1703.19
1759.93
1814.46
1865.51
1917.25
1970.1
2021.34
2069.99
2120.06
2172.4
2232.14
2303.87
2366.09
2412.75
2461.17
2512.52
2572.01
2645.04
2722.09
2805.91
2887.28
2964.5
3034.49
3092.14
3158.89
3241.3
3317.41
3382.54
3449.93
3521.26
3595.73
3675.76
3748.34
3807.68
3871.06
3941.69
4017.65
4103.27
4186.45
4265.17
4343.05
4419.37
4505.03
4608.03
4690.91
4736.06
4784.05
4837.4
4891.85
4948.39
5007.29
5070.73
5126.05
5165.61
5210.41
5265.45
5317.75
5364.6
5406.78
5439.65
5475.04
5515.5
5549.23
5569.31
5583.91
5587.31
5601.5
5637.96
5659.72
5650.82
5649.18
5662.77
5677.19
5693.37
5700.87
5689.78
5684.25
5690.75
5701.39
5721.07
5720.48
5675.33
5639.98
5626.39
5602.94
5557.38
5525.12
5522.93
5508.67
5466.91
5421.19
5366.35
5309.21
5246.78
5203.86
5206.76
5199.93
5170.06
5145.26
5132.57
5120.12
5108.23
5102.79
5113.08
5125.48
5143.06
5163.43
5190.7
5215.36
5233.44
5249.88
5262.17
5281.31
5317.97
5363.09
5430.03
5484
5504.18
5535.85
5597.79
5658.37
5715.31
5775.59
5844.82
5905.06
5940.93
5992.7
6088
6160.52
6170.01
6192.96
6253.5
6311.35
6361.6
6406.74
6437.31
6466.08
6489.65
6501.71
6480.23
6477.71
6530.96
6559.28
6513.52
6484.89
6507.67
6521.9
6510.21
6491.72
6452.36
6420.43
6411.54
6401.2
6386.31
6369.05
6344.27
6316.74
6280.38
6247.93
6228.15
6207.66
6184.89
6169.56
6178.85
6175.81
6131.55
6088.98
6052.12
6019.62
6002.04
5983.06
5959.29
5938.07
5925.78
5911.82
5891.93
5877.91
5884.8
5883.99
5855.32
5832.56
5831.46
5828.22
5817.03
5805.69
5793.81
5779.23
5754.45
5734.2
5731.3
5727.46
5719.97
5713.8
5712.8
5705.07
5670.61
5646.32
5663
5671.36
5645.79
5624.77
5622.57
5616.59
5594.82
5574.74
5561.85
5549.38
5538.69
5521.88
5478.53
5442.2
5436.81
5425.39
5387.12
5347.83
5303.87
5262.8
5234.93
5209.43
5194.94
5175.69
5134.03
5091.47
5044.62
4998.4
4955.24
4910.68
4859.23
4809.62
4769.16
4729.13
4691.27
4652.54
4609.38
4568.61
4540.24
4514.47
4502.38
4483.67
4429.62
4377.4
4335.04
4299.55
4301.85
4299.14
4268.47
4236.08
4193.92
4155.12
4135.64
4119.85
4125.64
4125.07
4086.71
4050.51
4027.33
4006.88
4003.18
3999.67
3997.27
3989.16
3944.8
3903.29
3880.11
3859.14
3852.65
3843.42
3815.94
3792.2
3793.8
3793.11
3776.63
3760.35
3745.46
3733.59
3743.28
3748.79
3723.81
3699.92
3684.03
3672.38
3692.76
3712.63
3728.62
3740.07
3715.9
3694.97
3700.17
3706.52
3722.3
3735.57
3727.77
3720.31
3715.61
3710.03
3696.74
3687.19
3710.87
3731.9
3728.91
3727.1
3736.39
3745.99
3758.47
3768.61
3755.82
3742.82
3727.74
3713.19
3704.1
3693.6
3668.43
3647.08
3666.76
3683.34
3665.86
3647.39
3617.82
3588.71
3564.93
3541.89
3527.61
3511.65
3475.18
3440.35
3426.06
3409.46
3362.81
3318.07
3298.99
3280.48
3269.79
3258
3230.63
3203.79
3184.81
3164.92
3131.25
3098.94
3087.85
3075.71
3046.54
3017.29
2986.72
2957.57
2953.38
2947.3
2906.94
2866.59
2826.33
2786.42
2753.55
2721.29
2701.51
2680.87
2641.71
2603.08
2576.61
2549.57
2509.11
2469.58
2453.5
2436.77
2402.8
2368.94
2338.17
2307.19
2269.72
2232.31
2196.55
2160.44
2112.58
2065.6
2050.72
2034.98
1985.43
1936.47
1912.89
1889.33
1866.35
1843.08
1804.42
1766.07
1746.19
1726.28
1704.91
1683.41
1653.04
1622.76
1600.99
1579.06
1541.2
1503.32
1463.26
1423.07
1356.64
1290.23
1233.79
1177.35
1124.9
1072.45
