15.6193
58.4773
101.335
112.971
124.56
116.835
109.042
118.141
127.332
120.458
113.465
113.202
113.002
113.296
113.596
113.797
113.997
110.458
106.862
111.906
117.1
113.476
109.68
112.338
115.135
115.785
116.385
111.14
105.745
108.613
111.71
107.822
103.726
107.085
110.682
111.573
112.372
109.893
107.295
106.334
105.435
104.632
103.832
107.25
110.846
109.087
107.089
108.145
109.344
103.685
97.6909
103.863
110.657
114.32
117.816
112.888
107.493
108.05
108.949
103.909
98.5147
97.5415
96.8421
102.808
109.202
109.975
110.374
107.782
104.985
100.509
95.9131
101.558
107.952
107.378
106.279
104.16
101.963
102.17
102.57
101.584
100.486
100.86
101.36
102.411
103.51
108.645
114.139
110.481
105.985
104.139
102.54
98.7545
94.7584
95.4003
96.4993
99.0501
101.747
104.807
107.904
107.658
107.058
105.738
104.339
103.48
102.681
102.42
102.221
102.916
103.716
101.029
97.9324
98.3134
99.1126
99.111
99.0111
101.397
104.095
101.476
98.1797
99.2143
100.813
101.617
102.317
101.52
100.521
100.663
100.963
98.6344
95.9371
96.9986
98.5971
99.1489
99.5485
97.9465
96.0483
96.0605
96.3602
98.8257
101.623
101.827
101.627
98.064
93.968
97.186
101.582
104.174
106.472
105.858
104.759
102.463
99.9659
100.623
101.822
104.042
106.439
106.46
106.061
108.964
112.46
111.648
110.05
111.991
114.589
114.748
114.448
112.89
111.092
115.989
122.183
122.615
121.916
119.967
117.769
120.475
124.171
124.966
125.166
123.959
122.461
125.171
128.767
129.071
128.671
129.339
130.238
135.07
140.765
141.718
141.618
145.514
150.309
150.305
149.206
155.492
163.484
166.052
167.351
170.669
174.465
174.797
174.298
176.852
180.149
184.809
189.804
192.479
194.577
196.276
197.875
202.259
207.354
208.479
208.579
214.223
221.316
220.983
218.685
219.855
221.953
222.872
223.471
231.598
241.788
242.123
239.725
246.456
255.747
256.166
254.068
257.792
263.187
265.484
266.883
265.732
263.834
274.186
288.172
291.169
290.87
291.03
291.33
297.21
304.803
307.668
309.066
310.617
312.215
315.255
318.752
323.156
327.852
330.283
331.981
337.293
343.787
347.577
350.474
349.777
347.879
346.802
346.003
353.92
364.809
370.126
373.523
379.884
387.276
393.265
398.759
408.824
420.513
425.732
428.629
438.785
451.573
467.651
484.934
498.57
510.858
520.31
528.701
543.331
560.315
577.66
595.143
615.223
636.302
650.546
662.135
687.788
718.957
738.748
754.033
775.599
799.675
830.37
863.737
893.414
921.586
948.697
975.371
1009.88
1047.64
1081.04
1112.61
1143.76
1174.73
1219.56
1270.31
1299.77
1320.05
1350.42
1385.19
1435.92
1493.66
1535.48
1570.25
1617.02
1669.17
1717.06
1763.01
1812.81
1864.36
1908.18
1948.44
2006.91
2073.85
2122
2161.37
2205.07
2250.82
2303.61
2359.76
2416.65
2473.89
2521.65
2564.81
2599.92
2631.09
2677.57
2731.62
2763.07
2783.25
2817.65
2859.21
2878.1
2885.5
2920.58
2969.83
2999.78
3019.76
3028.77
3032.06
3042.56
3056.85
3056.25
3047.76
3074.61
3120.37
3114.72
3081.35
3076.07
3086.06
3090.5
3091.9
3093.88
3096.18
3104.57
3116.35
3117.08
3111.59
3110.43
3111.73
3118.43
3128.22
3120.91
3103.72
3110.91
3132.29
3141.84
3144.43
3139.63
3130.44
3131.69
3139.18
3139.94
3136.64
3138.88
3144.47
3155.15
3168.94
3177.04
3181.64
3187.28
3193.57
3206.49
3223.58
3221.14
3206.36
3209.69
3224.57
3231.49
3233.29
3228.18
3218.59
3216.55
3219.45
3213.49
3201.71
3187.16
3170.77
3136.92
3091.37
3080.45
3092.94
3078.92
3046.86
3024.26
3008.18
2999.53
2996.04
2986.01
2971.42
2962.06
2956.36
2945.06
2929.77
2928.87
2938.26
2934.54
2921.35
2924.19
2938.67
2934.13
2915.65
2895.96
2875.38
2891.28
2934.34
2939.04
2914.97
2920.01
2947.09
2955.79
2950.5
2946.05
2942.26
2939.3
2937.01
2935.83
2935.53
2935.29
2935.09
2931.55
2925.35
2926.04
2932.23
2921.95
2898.37
2878.21
2860.83
2856.57
2863.06
2863.21
2858.11
2839.93
2810.86
2795.64
2792.05
2786.66
2779.77
2768.94
2754.75
2743.31
2734.22
2714.47
2685.5
2666.77
2656.98
2652.61
2653.01
2638.85
2611.77
2602.9
2610.3
2604.86
2587.88
2575.98
2568.68
2563.95
2561.55
2559.93
2559.03
2548.81
2529.93
2519.87
2518.07
2513.81
2507.21
2507.43
2514.12
2518.22
2519.81
2517.65
2511.86
2507.63
2504.94
2503.09
2502.1
2502.6
2504.6
2505.25
2504.55
2501.51
2496.11
2493
2492.2
2480.92
2458.94
2445.09
2439.6
2433.12
2425.63
2423.85
2428.05
2424.9
2414.01
2402.54
2390.45
2390.86
2404.65
2411.75
2411.65
2412.51
2414.41
2401.48
2372.31
2361.37
2370.56
2371.43
2363.04
2360.53
2364.63
2364.83
2360.63
2349.48
2330.4
2308.57
2283.6
2261.68
2243.3
2220.21
2191.64
2165.32
2141.64
2113.8
2081.04
2051.14
2024.66
1995.69
1963.73
1939.47
1924.59
1909.88
1895.4
1879.26
1861.07
1847.88
1840.89
1827.38
1805.7
1791.52
1786.83
1782.05
1777.15
1779.26
1790.35
1792.55
1783.26
1784.07
1798.06
1808.16
1813.15
1818.79
1825.29
1844.23
1879.79
1906.29
1920.57
1947.75
1992.4
2039.17
2088.82
2139.56
2191.81
2246.49
2304.53
2360.82
2414.67
2480.49
2563.21
2647.08
2732.59
2825.12
2927.72
3029.43
3129.83
3232.99
3340.19
3442.33
3537.03
3644.21
3769.89
3886
3987.8
4103.98
4241.85
4369.01
4479.9
4586.25
4685.66
4786.9
4891
4987.68
5072.8
5180.57
5323.93
5446.06
5534.57
5628.59
5731.39
5841.65
5963.93
6077.41
6176.62
6294.88
6444.33
6590.09
6729.75
6878.9
7043.84
7216.42
7401.84
7575.95
7730.89
7900.97
8096.88
8285.12
8460.15
8637.44
8818.66
9002.82
9192.14
9381.31
9570.22
9752.42
9922.65
10101.1
10294.4
10489.4
10687.3
10881.8
11070.1
11271.8
11498.1
11694.2
11834.4
11994.4
12191.6
12396.3
12615.3
12803.2
12931.8
13080.9
13269.4
13453.2
13628.1
13788.3
13920
14046.5
14163
14278.5
14392.1
14496.3
14581.4
14666.2
14750.3
14820.8
14863.6
14914
14980.1
15031.7
15053
15079.7
15118
15145.4
15149.7
15152
15150.1
15152.7
15165.1
15183.5
15214.8
15225.4
15190.1
15146.6
15085
15026.7
14976
14918.1
14843.9
14776.8
14725.7
14668.6
14598.1
14531.4
14473.8
14401.4
14294.3
14193.5
14107.8
14031.5
13977.5
13932
13906.8
13881.2
13854.6
13829.2
13807
13799.8
13829.9
13853.8
13862
13898.5
14006.3
14106.1
14185.4
14265.2
14346.2
14438.6
14560.5
14675.5
14772.4
14879.3
15012.6
15145
15274.5
15399.3
15510.9
15625.9
15750.2
15863.8
15947.5
16043
16171.2
16298.9
16425.4
16527
16558
16602.2
16684.5
16753.9
16785.8
16818.9
16855.4
16880.3
16870.7
16865.7
16875.1
16883.4
16888.3
16881.6
16839.3
16789.7
16717.2
16644
16568.6
16510.4
16506.1
16475.2
16359.6
16249.4
16157.2
16074.2
16021.1
15966.8
15908.4
15846.6
15773.8
15705.6
15653.2
15598.6
15536.6
15466.2
15366.3
15284.3
15264.8
15245.9
15229
15191.7
15081.4
14998.1
15012.4
15009.2
14942.4
14890
14890.9
14887.2
14866.6
14846.5
14828.9
14803.7
14749.2
14698.1
14660.3
14621.4
14578.2
14546.3
14559.7
14560.8
14512.7
14461.2
14396.1
14339.3
14316.5
14288.4
14238.5
14193.2
14167
14133.4
14067.7
14000.5
13926.2
13855.5
13801.3
13742
13660.1
13579.6
13505.8
13432.4
13361.1
13289.5
13216.8
13138.7
13035.6
12933
12832.7
12734.4
12645.7
12553.2
12442.1
12334.8
12246.7
12157
12059.1
11959.1
11848.8
11737.3
11619.4
11506.9
11422.4
11345.1
11306.3
11258.4
11160.8
11061.4
10952.1
10854.3
10820.7
10781.2
10707.6
10631.8
10542.8
10462.1
10429.7
10386.7
10281
10184
10140.7
10096.2
10044.7
9988.71
9904.09
9825.83
9787.86
9747.04
9687.8
9630.57
9586.51
9545.09
9521.21
9495.19
9454.63
9415.31
9384.54
9354.17
9326.59
9298.62
9267.75
9242.8
9261.08
9275.49
9261.11
9244.58
9211.81
9187.79
9231.35
9267.12
9241.54
9219.85
9229.34
9237.76
9237.36
9238.8
9255.69
9268.66
9248.28
9227.88
9207.3
9188.36
9183.96
9178.26
9160.68
9145.44
9152.03
9159.84
9179.22
9200.28
9237.64
9269.35
9244.67
9221.74
9216.54
9210.36
9193.88
9175.83
9141.07
9107.84
9091.56
9073.52
9035.66
8996.21
8938.47
8882.48
8847.42
8808.15
8717.44
8631.39
8604.01
8572.09
8481.18
8394.39
8362.62
8325.55
8215.46
8108.67
8048.83
7989.18
7932.44
7876.51
7832.95
7789.49
7747.53
7703.88
7632.65
7563.26
7524.89
7485.19
7421.95
7358.1
7282.97
7210.51
7188.63
7164.17
7088.54
7012.49
6927.57
6843
6765.87
6690.14
6645.98
6600.31
6518.59
6437.11
6361.58
6285.45
6193.14
6100.89
6010.28
5920.14
5844.11
5768.02
5689.8
5611.43
5528.32
5445.19
5361.77
5278.55
5203.33
5127.85
5041.43
4955.15
4875.23
4795.72
4737.78
4679.32
4590.91
4503.03
4450.78
4398.32
4329.08
4259.76
4182.14
4104.58
4035.05
3965.43
3882.91
3800.32
3703.32
3606.26
3490.37
3374.46
3241.3
3108.13
