-36.177
14.773
65.7231
69.79
73.7861
76.3884
78.9859
77.4102
75.8118
76.0975
76.3972
76.4989
76.5988
76.9951
77.3947
74.2455
71.0487
71.4919
71.9914
74.2582
76.556
73.7583
70.8611
72.0713
73.37
73.2048
73.005
71.3441
69.6458
75.9184
82.412
75.3242
67.8315
71.9566
76.4522
76.5034
76.4034
71.7717
66.9764
71.034
75.4297
71.5666
67.3708
70.4584
73.8551
77.5387
81.235
75.387
69.0931
72.5147
76.4108
72.3226
67.827
69.2125
70.9109
72.5146
74.113
72.1217
69.9239
68.4802
67.0816
64.1778
61.1807
67.3837
74.177
74.1316
73.6321
70.6084
67.4115
69.9054
72.8026
70.2071
67.2101
69.1367
71.4344
72.8978
74.2965
72.8274
71.129
68.4152
65.618
67.8871
70.5845
70.7081
70.6081
69.3158
67.9172
67.7084
67.6085
64.4946
61.098
64.5366
68.6326
69.9094
70.9084
69.4573
67.759
67.9622
68.3618
69.0324
69.7318
68.2673
66.5689
67.0297
67.729
68.5181
69.3173
67.6086
65.6105
66.7406
68.2391
65.3679
61.9712
67.8288
74.822
69.74
63.1464
67.3611
72.9556
68.3846
62.4904
60.918
59.919
64.8162
70.5107
70.3219
69.3229
70.6018
72.2002
67.5046
61.9101
62.9444
64.9424
65.8092
66.5085
67.8156
69.2142
66.1079
62.3116
65.1711
69.0673
70.1174
70.7168
71.1442
71.5438
69.5395
67.1419
65.6865
64.3877
65.5673
67.1658
66.2063
64.8077
66.9819
69.7791
72.3218
74.8193
72.575
69.478
66.2966
63.0997
63.1057
63.7051
67.2476
71.3436
71.4127
70.7134
67.9217
64.7248
66.204
68.6017
69.9997
71.1985
70.8182
70.1189
68.9221
67.6234
70.626
74.5222
76.5203
78.1188
76.0948
73.2976
73.2106
73.7101
76.0122
78.7096
78.2191
77.0203
76.8815
76.9814
78.3829
80.0812
82.5911
85.2884
84.9904
83.9914
85.9805
88.6779
89.8445
90.6437
90.8803
90.9802
93.4052
96.4023
100.039
103.835
100.531
95.4361
98.4589
103.554
104.441
104.241
105.467
107.065
109.612
112.409
113.946
115.144
113.042
110.045
113.556
118.851
118.279
116.081
118.955
123.251
124.978
125.977
126.976
127.975
128.819
129.619
130.263
130.863
134.39
138.785
142.951
147.047
148.306
148.706
148.723
148.624
151.193
154.589
157.758
160.855
160.386
158.788
157.946
157.346
155.992
154.394
157.764
162.759
168.43
174.324
174.826
173.528
173.05
172.851
173.47
174.369
183.739
196.027
200.163
201.462
206.456
212.75
215.653
217.351
222.873
229.766
238.419
247.71
257.586
267.676
280.537
294.424
308.383
322.369
334.179
345.168
356.953
369.041
386.541
406.121
425.918
445.799
464.101
481.783
509.198
540.467
569.382
597.354
622.765
647.141
681.24
719.303
757.932
796.794
839.467
883.724
933.47
985.519
1025.71
1060.87
1106.05
1155.5
1205.37
1255.42
1311.39
1369.93
1432.01
1495.65
1561.64
1628.67
1699.02
1770.85
1838.89
1905.23
1980.9
2060.82
2132.46
2200.29
2278.02
2360.34
2433.27
2501.8
2572.58
2644.41
2720.29
2798.12
2861.78
2918.62
2975.94
3033.48
3092.23
3151.57
3201.15
3245.91
3290.86
3335.92
3366.62
3390.1
3418.68
3449.85
3470.77
3486.46
3518.42
3558.78
3592.24
3622.11
3638.82
3648.61
3649.65
3646.05
3655.08
3670.87
3686.52
3702.11
3694.79
3675.01
3688.51
3720.28
3716.55
3693.17
3704.36
3734.83
3741.52
3734.82
3740.3
3752.69
3750.27
3739.38
3726.66
3712.87
3708.56
3709.76
3711.96
3714.76
3699.17
3672.7
3671.31
3684.89
3689.69
3689.19
3672.4
3645.73
3643.53
3656.32
3671.7
3688.68
3680.11
3655.64
3636.69
3621.2
3627.62
3647.9
3647.32
3633.44
3619.55
3605.66
3590.75
3575.16
3550.34
3519.47
3468.85
3405.21
3368.7
3350.22
3305.72
3243.78
3215.1
3208.91
3189.17
3160.2
3130.45
3100.18
3079.95
3066.66
3050.9
3033.42
3024.26
3020.97
3015.16
3007.56
2991.18
2968.5
2955.4
2949.21
2940.06
2928.77
2922.27
2919.27
2901.28
2872.21
2857.51
2853.51
2859.22
2872.21
2875.41
2871.21
2875.29
2885.68
2886.53
2880.03
2884.91
2898.6
2892.48
2870.9
2860.17
2857.97
2842.07
2815.3
2794.63
2778.84
2762.56
2745.88
2727.49
2707.71
2684.58
2658.7
2639.17
2624.89
2610.38
2595.7
2579.27
2561.39
2526.73
2477.87
2443.91
2422.63
2398.18
2371.01
2357.65
2356.25
2338.31
2305.94
2277.14
2251.46
2231.56
2216.78
2206.11
2199.11
2181.87
2155.39
2146.78
2154.37
2150.8
2137.01
2121.93
2105.64
2097.44
2096.74
2092.53
2085.04
2073.18
2057.19
2058.51
2076.29
2077.14
2061.76
2056.84
2062.04
2063.64
2061.74
2062.46
2065.76
2054.09
2027.62
2014.3
2014.1
2008.62
1997.83
1983.37
1965.18
1941.27
1911.5
1890.88
1879.69
1858.4
1826.63
1805.95
1796.86
1778.82
1751.35
1729.11
1712.42
1695.16
1677.28
1659.78
1642.7
1632.08
1628.48
1623.07
1615.68
1600.36
1576.28
1561.05
1555.65
1541.36
1517.08
1491.91
1465.74
1446.43
1434.94
1405.18
1354.43
1313.59
1284.21
1257.52
1233.94
1203.16
1163.89
1129.52
1100.95
1065.28
1021.12
987.935
967.954
948.922
931.039
913.157
895.274
876.184
855.604
836.45
819.067
810.376
812.573
806.25
789.167
784.523
795.712
796.53
784.042
773.863
766.67
762.73
763.03
767.301
776.792
783.059
785.057
795.269
816.449
835.2
850.685
873.376
905.844
940.464
978.028
1020.13
1068.48
1120.63
1178.08
1243.72
1320.84
1406.91
1505.62
1613.39
1734.07
1858.77
1989.24
2134.94
2302.68
2471.02
2640.25
2820.2
3015.91
3209.49
3399.9
3593.92
3793.32
3997.55
4209.04
4407.81
4587.23
4779
4989.7
5183.86
5352.5
5529.49
5719.51
5903.15
6076.78
6244.41
6402.56
6561.05
6720.09
6889.01
7073.83
7257.47
7439.19
7630.69
7838.18
8045.68
8253.18
8468.4
8696.47
8925.37
9155.65
9410.15
9705.66
9965.22
10163.4
10379
10624.3
10876
11138.6
11385.6
11605.1
11842.9
12113
12378.2
12634.7
12880
13105.5
13341.7
13597.1
13854.6
14115.7
14363
14584.9
14805.5
15023.7
15266.5
15555.4
15821.8
16045.6
16251.3
16422.7
16615.3
16848.8
17055.8
17211.2
17385.1
17595.5
17765
17853.7
17955.5
18083.4
18188.9
18249.6
18331.7
18457.2
18563.7
18631
18682.8
18702.4
18725.1
18754.4
18785.1
18818.8
18841.7
18841.5
18827.8
18785
18778
18848.1
18881.9
18836.6
18802.3
18792.4
18760.2
18678.4
18595.8
18511.7
18414.4
18287.2
18169.5
18073.4
17958.7
17801.4
17668.5
17592.5
17500.7
17371.9
17249.6
17142.6
17057.8
17026.2
17001.4
16993.3
16983.4
16968.9
16973.8
17026.2
17067.9
17082.9
17114.4
17187.2
17267.7
17367.8
17484.8
17645
17797.1
17928.3
18067.5
18227.5
18383.2
18527.8
18681.6
18860.1
19037.3
19210.8
19392.3
19595.2
19795.7
19989.6
20169.5
20310.8
20444.6
20557.8
20682.2
20838.1
20959.9
20984
21026.3
21120.9
21205.8
21262.8
21310.7
21331.8
21340.1
21310.2
21289.1
21294.2
21282.6
21220.3
21171.4
21163.6
21136.3
21048.8
20968.9
20912.1
20845.5
20747.5
20651
20559.7
20470.8
20389.6
20301.9
20193.2
20090.7
20008.7
19940.6
19918.8
19876.2
19763.4
19667
19626.3
19573.7
19479.9
19405.5
19398.7
19371.9
19274.6
19192.7
19165.6
19131.8
19073.5
19020
18983.7
18950
18925.8
18899
18862.8
18830
18809.9
18777.5
18697.7
18628.9
18603
18576.4
18546.7
18518.8
18497.9
18470.2
18415.2
18364.3
18330.5
18293.3
18242.5
18185.1
18099.6
18028.1
18016.2
17999.6
17962.9
17909.7
17785.2
17675.6
17631.7
17575.5
17464.8
17352.3
17231.5
17118.7
17042.6
16958.3
16835.9
16709.2
16562.3
16413.1
16253.5
16104.2
16005
15900.4
15769.5
15637.4
15498.9
15370.7
15293.8
15208.4
15078.7
14956.4
14872.4
14774.3
14602
14451.4
14416.3
14373.2
14286.9
14193.7
14062.2
13932.8
13815.9
13706.4
13638.5
13571.5
13509.9
13443.6
13349.3
13254.3
13155.3
13066
13035
12998.3
12926.5
12858.7
12815.8
12764.6
12660.4
12557.2
12460.8
12375
12358.6
12337.4
12284.1
12231.8
12187
12145.7
12129.3
12115
12115.1
12113
12095.3
12077.4
12057.5
12039.3
12033.3
12032.8
12073.7
12107.4
12084.9
12066.6
12080.4
12097.7
12142.4
12181.2
12171.8
12161.3
12141.5
12124.6
12132.1
12137.1
12120.8
12105.3
12096.1
12091.1
12124.5
12153.9
12147.2
12140.2
12130.2
12124
12154.7
12182.1
12177.1
12170.7
12149.8
12128.5
12102.1
12071.3
11992.2
11916.6
11877.8
11836.5
11766.5
11696.4
11625.5
11553.4
11466.3
11381.1
11319.6
11254.1
11139.1
11027.4
10958.1
10890.2
10840.9
10787.8
10681.8
10576.8
10485.8
10397.8
10353.4
10307.5
10238.8
10168.9
10080.9
9993.91
9923.28
9852.28
9775.06
9697.29
9609.98
9524.02
9462.78
9398.4
9274.42
9154.32
9110.96
9065.02
8965.62
8865.27
8744.59
8625.17
8534.26
8442.14
8321.15
8200.56
8089.67
7979.26
7881.65
7782.8
7648.83
7516.48
7432.36
7347.61
7242.82
7138.06
7034.56
6930.4
6802.03
6674.56
6583.25
6492.43
6422.9
6352.12
6221.94
6092.91
6023.57
5953.78
5856.88
5760.31
5686.28
5612.24
5537.42
5462.45
5374.43
5286.18
5170.59
5054.94
4930.16
4805.15
4633.82
4462.39
4257.79
4053.18
3839.99
3626.8
