-46.1792
-.0244141
46.1304
55.9756
65.766
63.7093
61.6114
62.0968
62.5963
60.3192
58.0215
59.4845
60.983
62.4816
63.9801
61.6341
59.2365
60.5773
61.9759
61.5091
61.0095
61.7839
62.5831
58.4927
54.2968
57.3231
60.52
59.9182
59.2188
59.3944
59.5942
59.406
59.2062
57.3605
55.4624
59.3613
63.4573
61.3822
59.0845
59.1924
59.3922
58.1516
56.8528
58.4292
60.1275
59.3392
58.4401
61.4542
64.6511
60.1328
55.2376
58.5169
62.2133
61.072
59.6733
57.6121
55.5142
59.3675
63.5634
61.6318
59.334
56.4718
53.5747
55.6531
58.0507
57.0758
55.877
56.8283
57.9273
59.9591
62.057
57.4521
52.3571
55.3444
58.9408
57.9948
56.6961
56.97
57.3696
58.3231
59.3221
56.8207
54.0235
57.2929
61.0892
59.6572
57.7591
55.8609
53.9628
55.992
58.3896
56.1393
53.4419
57.0195
61.2154
60.0573
58.359
57.4756
56.6764
58.3167
60.2148
60.1295
59.8298
58.9004
57.9013
58.5181
59.3173
59.7583
60.1579
60.7362
61.3356
61.2216
61.0218
61.9788
63.0777
61.7794
60.1809
61.949
64.1469
66.3447
68.5425
67.6534
66.3547
68.3121
70.7098
72.7562
74.7542
74.1238
73.1248
74.2238
75.6224
77.7188
79.9167
82.6367
85.4339
85.8868
85.9867
87.3861
88.9846
91.2745
93.6722
98.4846
103.679
103.367
102.169
105.52
109.616
114.483
119.478
118.576
116.678
121.345
127.14
130.212
132.809
136.425
140.221
142.663
144.861
148.241
151.838
158.047
164.74
167.482
169.48
176.176
183.768
188.85
193.445
195.202
196.401
201.015
206.31
213.018
220.011
226.009
231.803
238.921
246.314
249.663
252.161
259.515
267.907
281.145
295.431
302.424
307.819
321.061
336.046
340.594
342.792
358.168
376.55
392.579
408.063
426.22
445.001
460.229
474.615
484.973
494.364
507.13
520.717
540.637
562.116
570.959
576.653
590.565
606.549
616.644
625.236
634.701
644.391
654.557
664.847
682.958
703.138
712.916
719.909
738.851
761.029
774.112
784.701
795.056
805.346
824.686
846.565
864.941
882.324
903.045
924.724
942.918
960.101
969.793
977.285
987.012
997.402
1017.09
1039.57
1054.23
1066.51
1078.27
1089.86
1109.22
1131
1138.1
1140.6
1155.16
1173.54
1179.29
1180.98
1187.44
1195.43
1201.46
1206.86
1213.3
1220.1
1235.8
1254.48
1269.66
1283.64
1298.37
1313.36
1326.12
1338.1
1359.95
1385.22
1421.14
1460.8
1490.88
1517.55
1545.33
1573.5
1603.58
1634.35
1668.34
1703.5
1733.2
1760.87
1801.93
1847.98
1885.62
1920.09
1955.14
1990.4
2035.33
2083.99
2140.84
2200.88
2252.6
2301.05
2348.29
2395.04
2454.36
2518.69
2563.18
2599.64
2661.3
2733.23
2787.04
2833.39
2871.84
2907.01
2964.06
3030.3
3090.36
3147.8
3204.2
3260.14
3311.83
3361.68
3431.23
3509.35
3571.3
3626.15
3710.55
3808.05
3868.77
3913.03
3990.94
4084.05
4154.72
4215.16
4317.34
4438.72
4520.32
4583.46
4673.88
4777.08
4849
4906.15
4956.59
5003.85
5068.1
5140.53
5225.6
5316.81
5381.74
5433.78
5471.66
5502.53
5551
5608.24
5662.69
5715.74
5757.86
5794.42
5807.39
5808.29
5836.53
5878.89
5899.25
5908.14
5913.75
5917.65
5923.31
5929.9
5938.84
5949.03
5961.17
5974.35
5982.56
5988.05
5985.23
5977.83
5972.95
5969.45
5958.65
5943.76
5934.12
5927.42
5943.03
5971.31
5985.16
5990.75
6002.93
6018.92
6031.11
6041.1
6044.04
6042.84
6048.86
6059.15
6071.19
6084.28
6100.42
6118.41
6138.13
6158.91
6213.21
6288.04
6325.93
6341.01
6391.26
6463.39
6504.58
6526.36
6562.33
6607.29
6639.31
6663.09
6692.03
6724.3
6735.61
6733.31
6727.75
6720.06
6717.78
6719.08
6708.98
6691.29
6654.71
6605.46
6587.33
6590.23
6589.97
6587.58
6567.47
6535.2
6525.36
6531.06
6532.1
6529.91
6545.53
6573.71
6581.37
6574.47
6582.43
6601.01
6603.57
6594.58
6590.57
6590.17
6589.13
6587.64
6602.97
6630.75
6641.34
6639.14
6650.75
6672.73
6686.58
6694.27
6704.4
6716.39
6735.44
6759.91
6778.09
6791.37
6794.79
6790.49
6793.07
6801.06
6793.35
6773.17
6766.03
6769.33
6766.21
6757.92
6748.69
6738.7
6725.25
6708.96
6698.75
6693.56
6678.06
6653.98
6651.47
6667.06
6671.17
6665.57
6649.14
6623.46
6622.78
6643.56
6649.08
6641.38
6636.89
6635.19
6629.46
6620.16
6620.78
6630.17
6637.61
6643.3
6649.52
6656.21
6657.2
6653
6649.49
6646.59
6635.22
6616.04
6610.94
6618.93
6623.73
6625.53
6624.75
6621.56
6637.82
6672.58
6685.21
6676.62
6689.37
6722.74
6731.81
6717.22
6718.72
6736
6755.04
6775.82
6786.1
6785.9
6797.91
6822.18
6839.91
6851
6871.87
6902.74
6932.09
6959.86
6990.18
7023.15
7057.78
7094.14
7123.26
7144.74
7177.22
7221.37
7251.34
7266.13
7296.49
7343.64
7363.17
7352.68
7364.74
7401.51
7428.4
7444.38
7457.67
7467.96
7480.41
7495.3
7517.83
7549
7553.36
7527.19
7502.13
7478.36
7455.64
7434.16
7392.35
7326.82
7291.17
7290.67
7271.38
7229.82
7202.51
7192.22
7166.57
7122.41
7093.64
7083.55
7086.85
7106.53
7089.12
7025.99
6994.47
7002.27
7012.72
7026.51
7017.73
6980.47
6959.29
6958.59
6948.48
6926.31
6922.77
6943.35
6967.53
6996.4
7036.63
7091.78
7138.54
7174.21
7218.09
7272.93
7320.71
7358.97
7392.99
7421.27
7449.33
7477.1
7502.48
7524.56
7571.8
7654.02
7707.95
7722.23
7761.9
7837.43
7907.19
7968.73
8024.52
8072.08
8117.63
8160.29
8213.39
8281.72
8341.97
8390.32
8426.68
8445.26
8475.7
8523.85
8568.98
8609.54
8670.95
8764.06
8834.64
8870.71
8909.75
8953.41
8996.99
9040.45
9081.61
9119.18
9167.99
9234.63
9286.29
9314.07
9379.39
9505.17
9625.42
9736.71
9855.35
9986.03
10133.3
10307.9
10472.9
10622
10771.7
10922.4
11064.9
11193.5
11330.4
11481.3
11641.7
11818.2
11992.2
12161.8
12316.4
12444.6
12585.5
12748.8
12914.2
13083.2
13267.8
13480.1
13666
13803.9
13942.2
14081.2
14238.3
14428.5
14622.4
14823
14998.9
15128.4
15286.1
15497
15668.3
15763.9
15866.2
15981.4
16110.7
16267.4
16415.1
16545.1
16641.4
16671
16712.4
16777.2
16831.1
16863.4
16896.6
16931.6
16978.7
17050.3
17095.8
17087.3
17094.4
17133.7
17144.6
17095.8
17059.8
17051
17034.1
16999.8
16982.5
17001.8
16990.9
16914.1
16851.5
16819.7
16777.2
16711.1
16623.2
16486.5
16361
16260.7
16158
16049.7
15933.7
15800.2
15666.8
15533.7
15412
15317
15226.4
15146.3
15073.8
15019.8
14989.5
15016.6
15028.5
15003.4
15000.5
15052
15115.8
15209.8
15291.7
15343.2
15407.6
15504.3
15605.8
15719.8
15819.3
15881.5
15968.4
16120.1
16264.4
16389.4
16535.3
16737
16919.3
17049.4
17174.7
17286.9
17425.6
17636.5
17823.9
17946.1
18068.8
18192.6
18308.3
18401.1
18484.8
18542.4
18598.1
18648.3
18694
18727
18755.7
18771.9
18774.4
18736.1
18702.7
18683.8
18663.3
18638.2
18612
18583
18527.3
18389.4
18269.6
18207
18149.9
18110.2
18053.1
17940.3
17828.6
17720.4
17616.2
17525
17430.3
17323.8
17236
17210.7
17166.8
17059.9
16976.2
16972
16957.3
16905.9
16861.9
16843.3
16808.2
16714.9
16630
16574.9
16528.4
16513
16497.3
16481
16463.9
16443.7
16410
16325.7
16253.1
16225.1
16192.8
16144.7
16096.7
16049.5
16002.1
15954.5
15913.2
15897.3
15879.1
15851.8
15830.3
15833
15818.8
15734.9
15666.7
15664.4
15640.1
15522.7
15416.5
15359.1
15297.4
15217.6
15132.3
15022.7
14924.7
14878.5
14824.8
14737.4
14644.2
14523.6
14404.9
14295.2
14186.4
14081.4
13974.6
13859.7
13741.2
13605.8
13475.1
13367.6
13260.3
13154.9
13051.6
12958.6
12865.9
12775
12682.9
12584.9
12487
12389.4
12295.1
12218.6
12136.6
12024.9
11913.4
11803.1
11698.3
11624.2
11555.1
11514.4
11465.7
11370.8
11279.1
11205.9
11131.3
11048.9
10973.8
10942.8
10911.7
10879.7
10841.6
10765.3
10691.3
10632.2
10570.4
10491.1
10416.6
10372.7
10329.3
10289
10252.3
10240.3
10224.8
10185.6
10145.7
10101.4
10058.7
10027.2
10000.4
10009.2
10018.6
10032.1
10043.3
10037.6
10033
10037
10041.1
10046
10050.5
10051.6
10051.5
10041.6
10032
10025
10018.8
10018.9
10016.3
9990.57
9968.7
9981.59
9993.35
9994.85
9995.08
9983.6
9972.63
9966.63
9961.5
9964.69
9965.93
9947.65
9930.79
9928.39
9922.4
9878.84
9835.27
9791.51
9748.21
9709.95
9666.68
9566.88
9471.76
9431
9385.73
9286.73
9188.44
9098.82
9013.76
8986.09
8954.55
8872.83
8791.35
8713.02
8636.38
8582.83
8529.77
8483.61
8436.2
8370.37
8305.71
8258.85
8212.12
8167.26
8120.57
8044.05
7967.6
7892.47
7818.43
7763.28
7706.99
7629.87
7552.05
7461.04
7371.06
7301.63
7230.52
7124.62
7018.96
6918.36
6819
6747.87
6675.03
6561.44
6449.47
6378.04
6305.44
6201.74
6099.08
6025.55
5951.14
5850.54
5750.04
5652.84
5556.02
5472.4
5388.91
5310.19
5231.54
5155.92
5080.55
5016.52
4952.35
4882.22
4811.77
4724.35
4637.24
4567.71
4498.37
4441.92
4385.51
4331.56
4277.08
4173.58
4070.34
3995.61
3920.42
3777.56
3634.72
3496.65
3358.52
3196.48
3034.44
2875.19
2715.95
