-39.3818
.978664
41.3391
48.2828
55.1761
52.6115
50.0141
52.8814
55.7786
52.2301
48.6336
47.4124
46.2135
49.0644
51.9616
50.8171
49.6182
50.5838
51.5828
51.7964
51.9962
50.0402
48.0422
51.6184
55.3147
52.1793
48.8825
49.0922
49.3919
48.2335
47.0347
49.2312
51.529
51.4064
51.2066
51.1034
51.0035
51.0964
51.1963
52.3547
53.5535
47.454
41.0602
46.8376
53.1315
51.3915
49.2936
48.2455
47.2465
45.3903
43.4921
47.3922
51.5881
51.7051
51.6052
52.168
52.7674
51.1941
49.4957
48.5516
47.6524
46.9415
46.2422
43.5714
40.7741
42.4736
44.4717
46.2827
48.081
50.0658
52.0638
51.269
50.27
48.9923
47.6936
49.4541
51.4521
50.2124
48.7138
48.4154
48.2156
46.1734
43.9756
46.0061
48.4037
48.2331
47.8335
48.7153
49.7143
47.4253
44.8279
44.7823
44.9821
47.2735
49.7711
46.2794
42.1834
43.4299
45.2281
46.3939
47.4928
46.1575
44.559
44.1301
43.8304
46.5828
49.6797
49.7313
49.4316
47.0762
44.4788
46.0728
48.1707
49.1119
49.9111
49.0233
47.9244
46.3825
44.7841
44.7768
44.9766
41.6484
37.8521
40.5682
44.1646
45.6537
46.8525
45.3353
43.4372
43.9867
44.8859
44.9128
44.8129
44.8
44.8
45.9288
47.2275
45.0609
42.3635
43.6423
45.5405
41.4878
36.4927
38.8116
42.3082
43.4009
44.1003
41.8873
39.1899
40.3383
42.1365
41.0358
39.4373
40.8163
42.7144
45.5462
48.5432
48.4919
47.8925
45.2656
42.2685
43.4857
45.4837
44.4546
42.8561
42.9356
43.3352
42.3119
41.0132
43.138
45.9353
45.9001
45.3007
47.1946
49.5923
47.3467
44.1499
44.3445
45.2436
43.7495
41.7515
42.3056
43.4045
44.5034
45.6024
45.9639
46.1637
45.1374
43.8386
45.394
47.5918
49.3016
50.9
48.8466
45.9494
43.9428
42.1445
44.8689
48.6652
50.2056
51.2047
49.873
47.9748
50.8871
54.9831
53.2407
50.0438
49.5595
49.7594
49.1633
48.3641
51.9313
56.6267
52.8483
46.8542
49.1549
53.6505
55.782
57.2806
57.1283
56.5289
53.9692
50.8723
55.5187
62.312
60.5231
56.3273
57.1899
59.4877
59.6118
59.1123
56.135
52.4386
54.6895
58.6856
59.6
59.6
56.2956
51.9998
54.066
58.0621
60.4526
62.3508
63.7151
64.9139
63.983
62.3846
61.7724
61.4727
61.7027
62.1023
65.4454
69.7412
68.4663
65.3694
64.2997
63.9
67.1699
71.6655
71.5302
69.8319
67.7611
65.5632
69.3094
75.1037
73.4135
69.1177
72.878
79.4715
79.2834
76.686
78.7201
82.4165
84.1332
85.1322
87.5938
90.5908
91.6917
92.0913
94.6729
98.0696
100.015
101.414
106.068
111.962
116.269
119.966
123.015
125.812
131.838
139.131
145.422
151.316
156.425
161.221
170.642
181.931
189.458
195.452
204.631
215.121
225.046
234.737
243.371
251.563
263.054
275.942
291.419
308.003
323.121
337.606
348.821
358.611
371.803
386.488
404.081
422.962
440.946
458.529
474.598
489.983
512.505
538.279
556.048
570.134
590.43
613.607
629.232
641.32
661.278
684.955
702.408
716.894
739.743
766.617
784.815
798.802
820.902
846.976
856.536
857.935
868.866
884.551
901.831
919.913
934.218
946.606
959.588
972.875
972.986
966.292
969.846
978.737
990.641
1004.13
1004.49
997.897
1002.11
1012.1
1014.11
1011.81
1017.08
1026.47
1030.12
1030.62
1031.06
1031.46
1036.02
1042.92
1041.44
1035.24
1034.21
1036.11
1034.45
1030.75
1038.14
1051.93
1053.21
1047.22
1037
1024.32
1028.51
1042.7
1047.75
1047.35
1046.51
1045.41
1043.38
1040.79
1032.86
1021.67
1022.9
1031.79
1033.54
1030.84
1029.06
1027.86
1020.91
1010.32
1005.1
1003.3
1001.57
999.868
1002.96
1009.15
1003.99
991.402
979.416
967.828
958.159
949.767
944.845
942.247
932.734
918.548
913.038
913.437
905.012
890.526
882.711
879.514
870.728
858.04
848.754
841.861
839.584
840.583
841.815
843.214
842.639
840.641
834.998
826.706
823.085
822.885
822.455
821.856
815.587
805.097
804.481
811.274
807.944
796.954
792.483
792.983
796.984
803.678
807.951
810.348
808.315
802.82
804.536
811.929
809.351
798.862
791.425
786.43
786.578
790.874
783.596
766.912
759.125
758.626
756.649
753.452
750.528
747.83
740.515
729.326
716.025
700.94
695.241
697.538
695.913
690.918
685.012
678.319
669.758
659.568
651.504
645.31
640.864
637.967
637.708
639.806
635.28
624.79
617.6
613.404
607.643
600.45
598.767
602.164
605.664
609.261
605.119
593.73
585.939
581.543
578.837
577.738
579.444
583.84
587.118
589.315
591.108
592.507
586.797
574.11
569.558
573.054
572.499
567.903
565.7
565.899
562.774
556.28
553.346
554.045
550.017
541.126
534.883
531.387
525.399
516.807
509.091
502.298
497.249
494.052
491.193
488.696
482.689
472.899
467.561
467.061
465.942
464.144
461.111
456.715
451.894
446.599
442.34
439.243
432.348
421.159
415.153
415.053
409.28
396.992
387.298
380.604
372.481
362.691
354.278
347.484
339.64
330.549
323.142
317.747
311.129
303.036
295.441
288.448
283.027
279.531
275.587
271.091
267.308
264.411
260.494
255.299
252.047
251.247
249.437
246.34
244.6
244.6
243.729
241.731
239.819
238.021
239.245
244.44
248.732
251.829
255.739
260.734
261.386
256.191
257.735
268.425
276.794
281.989
289.914
301.602
315.423
332.206
349.947
369.028
384.838
396.027
415.088
445.358
477.105
510.972
548.839
592.496
633.025
668.99
711.747
764.496
813.583
857.24
904.701
957.849
1013.78
1073.93
1131.85
1186.39
1240.19
1292.84
1342.82
1388.67
1446.79
1524.02
1586.55
1626.01
1674.1
1735.84
1788.57
1826.94
1871.19
1924.94
1976.17
2023.33
2070.75
2118.6
2173.61
2240.45
2305.48
2367.52
2432.62
2502.85
2573.6
2645.23
2715.05
2781.79
2856.82
2946.13
3029.82
3103.75
3172.15
3230.9
3293.5
3362.94
3440.63
3533.04
3610.3
3660.35
3719.46
3794.99
3877.16
3971.47
4053.26
4112.01
4175.89
4249.31
4317.95
4377.59
4438.54
4501.98
4575.49
4668.2
4744.23
4788.19
4839.01
4903.14
4958.03
4994.79
5042.3
5111.03
5174.29
5226.64
5265.08
5275.57
5297.74
5343.6
5381.06
5401.34
5420.64
5437.92
5448.79
5446.29
5449.14
5463.23
5475.36
5483.35
5489.75
5492.75
5490.47
5476.78
5470.7
5481.19
5489.96
5494.96
5494.36
5481.38
5467.16
5450.17
5431.57
5409.29
5384.7
5354.82
5323.8
5290.14
5261.07
5242.69
5217.74
5177.38
5137.28
5097.82
5065.84
5051.76
5042.27
5043.87
5037.93
5013.66
4997.18
4999.88
5008.14
5030.22
5049.5
5061.79
5071.73
5075.73
5095.18
5154.12
5206.14
5240.31
5274.83
5310.3
5338.97
5349.76
5372.87
5428.71
5477.51
5507.38
5540.29
5581.45
5635.01
5722.53
5790.22
5803.11
5825.08
5872.44
5918.98
5963.24
6001.73
6023.81
6043.03
6054.02
6067.9
6090.18
6111.57
6130.35
6141.03
6127.64
6115.1
6105.11
6094.82
6083.64
6072.74
6062.75
6045.55
6005.98
5973.56
5963.47
5952.49
5938.7
5918.64
5878.47
5843.03
5822.85
5800.36
5770.29
5748.48
5753.97
5751.27
5721.2
5687.46
5641.31
5606.57
5610.87
5603.35
5555
5516.29
5511.29
5505.24
5495.45
5481.77
5454.2
5434.37
5442.57
5436.31
5377.16
5332.4
5340.9
5348.57
5353.16
5354.82
5345.33
5334.7
5319.72
5306.1
5297.81
5285.28
5256.11
5230.67
5220.08
5215.1
5232.68
5240.25
5206.98
5181.04
5185.33
5183.34
5155.07
5126.57
5097.1
5068.89
5046.11
5024.53
5008.15
4990.93
4970.05
4948.04
4920.96
4894.58
4871.3
4846.63
4815.56
4787.93
4776.24
4760.2
4723.74
4685.99
4642.13
4596.12
4539.67
4490.78
4478.9
4461.82
4418.96
4379.01
4353.74
4328.82
4305.74
4280.68
4245.31
4208.42
4163.46
4120.71
4089.74
4060.52
4040.74
4015.22
3958.18
3908.3
3898.41
3886.82
3865.64
3842.88
3811.01
3780.58
3758.5
3734.66
3700.4
3670.29
3665.29
3655.23
3614.07
3576.38
3560.29
3543.61
3523.13
3501.7
3474.12
3452.87
3473.05
3484.05
3433.8
3388.4
3375.91
3365.73
3371.53
3374.36
3356.38
3339.64
3331.85
3325.61
3330.71
3333.5
3319.22
3309.37
3333.15
3351.03
3323.35
3300.33
3313.92
3325.7
3323
3319.62
3310.63
3302.14
3297.84
3295.82
3313.2
3327.7
3317.01
3307.73
3311.03
3312.78
3300.49
3290.13
3297.62
3304.17
3301.77
3300.46
3309.75
3317.54
3310.35
3302.87
3292.48
3283.36
3287.45
3290.59
3283.5
3276.34
3268.45
3260.84
3256.45
3250.4
3225.22
3199.66
3169.49
3140.67
3128.38
3114.77
3084.4
3055.62
3047.53
3037.64
3003.78
2971.4
2959.61
2946.12
2908.36
2872.34
2861.95
2851.25
2835.86
2819.46
2786.99
2755.27
2735.69
2715.86
2691.99
2669.42
2669.82
2668.03
2626.38
2586.15
2573.16
2559.61
2534.83
2510.19
2488.21
2466.59
2452.8
2438.02
2400.56
2363.51
2336.54
2309.74
2287.16
2264.16
2229.89
2195.96
2171.48
2146.35
2101.59
2057.43
2032.05
2006.37
1970.31
1934.95
1925.46
1915.09
1870.04
1825.3
1794.43
1763.51
1730.04
1697.02
1687.33
1677.2
1641.23
1605.58
1591
1576.24
1548.27
1520.37
1499.29
1478.23
1459.25
1440.15
1403.68
1367.21
1328.95
1290.69
1253.83
1216.94
1161.2
1105.45
