-23.9756
29.9715
83.9186
87.4913
90.9879
90.104
89.2049
88.7032
88.2037
87.7042
87.2046
84.2309
81.2339
83.5705
85.9682
84.9156
83.8167
86.1611
88.5588
85.4581
82.2612
84.1598
86.1578
89.2316
92.3285
90.1552
87.8575
88.4818
89.1811
87.7419
86.2434
82.6106
78.9142
86.4483
94.3406
91.6048
88.5078
87.0501
85.6514
87.2359
88.9342
87.1754
85.2772
83.4749
81.6767
84.2779
87.0752
87.2954
87.3953
82.4471
77.2521
80.5169
84.2133
87.5303
90.827
91.0946
91.1945
86.7601
82.0647
83.1198
84.5184
83.4711
82.2723
82.951
83.7502
84.5494
85.3487
87.7371
90.2347
88.6275
86.7293
83.2486
79.6521
82.0941
84.9912
85.0146
84.8148
84.43
84.0303
82.3384
80.5401
80.5842
80.784
81.903
83.1019
87.0524
91.2483
89.6779
87.5799
86.578
85.6789
85.8734
86.1731
85.1087
83.9099
86.5224
89.5194
90.7055
91.7045
88.8183
85.5215
84.8393
84.4397
88.6282
93.3236
91.8251
89.6273
91.6393
94.1368
92.97
91.3715
91.5567
91.9563
93.9576
96.1555
98.7973
101.495
101.8
101.8
103.568
105.566
109.152
112.948
116.832
120.728
123.395
125.893
125.762
125.262
129.134
133.629
132.979
131.58
137.84
145.233
147.416
148.814
155.584
163.177
163.249
162.15
167.606
174.099
182.056
190.248
196.637
202.731
203.172
202.672
204.053
205.751
220.409
237.293
246.435
254.228
260.322
266.117
270.133
273.829
285.044
297.632
306.343
314.335
314.675
313.576
325.816
340.602
355.136
369.622
376.509
381.904
389.881
398.373
407.695
417.186
427.34
437.63
450.236
463.323
474.43
485.119
504.289
525.268
544.112
562.494
580.876
599.258
623.198
648.374
669.798
690.378
705.507
719.394
753.325
791.887
806.972
816.562
839.64
865.914
903.145
943.006
964.704
981.987
1008.81
1037.98
1067.39
1096.86
1117.08
1134.96
1156.9
1179.88
1208.65
1238.92
1256.76
1271.35
1302.68
1338.45
1357.66
1372.45
1399.34
1429.51
1450.66
1469.34
1508.75
1553.91
1585.64
1613.62
1650.23
1689.29
1710.03
1725.52
1759.51
1798.87
1830.43
1859.7
1892.59
1926.56
1947.85
1965.33
2008.49
2059.44
2098.46
2133.83
2144.49
2147.48
2161.51
2178.99
2196.7
2214.49
2236.43
2259.71
2257.7
2247.51
2258.32
2276.01
2287.01
2295.8
2324.81
2360.57
2379.38
2392.47
2415.02
2440.79
2480.24
2524.4
2563.51
2600.88
2646.08
2694.03
2745.52
2798.27
2836.53
2869.6
2918.65
2973.5
3033.17
3094.61
3141.25
3182.41
3238.69
3300.63
3344.44
3381.4
3441.01
3509.24
3568.96
3625.41
3701.93
3786.24
3848.96
3903.21
3967.98
4036.91
4102.06
4165.7
4225.77
4284.42
4338.16
4389.91
4465.51
4550.93
4595.2
4622.37
4662.78
4708.73
4750.47
4790.44
4842.16
4898.9
4927.93
4945.02
4980.96
5025.12
5094.75
5175.57
5231.34
5275.99
5321.2
5366.66
5412.66
5458.92
5513.54
5571.99
5647.6
5731.12
5806.18
5877.31
5923.81
5958.78
6030.78
6120.3
6213.39
6308.2
6376.97
6433.22
6484.08
6532.33
6586.56
6643.7
6688.94
6728.3
6769.66
6812.02
6868.74
6932.68
6956.58
6960.18
6984.46
7019.33
7056.63
7095.19
7109.71
7111.71
7114.56
7117.86
7099.93
7070.76
7068.8
7081.39
7076.45
7062.07
7065.48
7078.56
7058.68
7020.72
7002.63
6995.54
6993.13
6993.33
6995.83
6999.62
7014.13
7034.71
7047.54
7055.93
7078.32
7108.79
7116.91
7112.01
7142.05
7192.6
7244.91
7298.25
7336.4
7365.47
7419.3
7488.03
7536.5
7572.67
7655.06
7765.75
7854.94
7930.87
8010.74
8093.06
8203.36
8331.24
8431.7
8514.82
8592.94
8667.87
8777.2
8908.67
8966.82
8977.41
9011.2
9060.15
9100.07
9134.04
9151.14
9157.03
9161.25
9164.35
9155.34
9138.16
9147.06
9173.74
9189.81
9198.6
9214.89
9236.37
9275.62
9327.27
9360.62
9381.1
9404.56
9430.14
9441.38
9442.38
9473.62
9526.67
9550.85
9554.05
9564.11
9579.19
9581.12
9573.32
9588.9
9621.87
9654.6
9687.17
9713.88
9736.16
9762.97
9793.24
9829.73
9870.99
9924.12
9986.46
10002.9
9983.54
9988.64
10013
10025.5
10028.6
10023.6
10012
10014.6
10028.7
10047.5
10070.2
10095.3
10122.5
10127.1
10113
10111.3
10120
10152.3
10204.3
10215.3
10191.4
10192
10213.5
10252.7
10307.1
10338.4
10349.7
10352.2
10346.9
10376.7
10437.3
10470.3
10478.8
10506.2
10550.4
10564.6
10551.6
10549.2
10556.4
10567.3
10581.5
10580.5
10565.5
10547.6
10527.2
10506.8
10486.2
10484.7
10501.2
10518.9
10537.9
10549.4
10553.7
10575.6
10614.4
10654.4
10695.5
10735.3
10774
10832.6
10911
10954
10961.6
11004.5
11082.9
11158.6
11231.6
11303.7
11375.2
11443.5
11508.8
11566
11615
11719
11880.5
11999
12072.1
12144.4
12215.7
12317.8
12452.8
12586.2
12718.1
12802.9
12836.4
12893.3
12975.7
13066.4
13166.2
13255.8
13334
13390.1
13421.3
13457.1
13498.3
13552.6
13621.8
13642.3
13606.8
13583.7
13574.9
13588.9
13629.3
13625.5
13569.7
13537
13531.7
13527.9
13526
13524.4
13523.2
13525.8
13532.9
13529.1
13512
13496
13481.3
13486.3
13515.8
13524.6
13507.5
13508.8
13533.3
13531
13494.6
13482.3
13500.9
13549.9
13638.4
13680.6
13662.6
13670.3
13711.6
13760.6
13819.6
13870.8
13911.3
13954.6
14001.6
14046
14087.1
14102.5
14082.8
14063.2
14043.6
14014
13970.4
13923.2
13871
13814.4
13751.8
13661.8
13533
13414.1
13309.6
13214.5
13133.1
13025.2
12878.8
12731.5
12582.9
12438.9
12301.8
12176.9
12070.4
11959.6
11842.2
11688.3
11479
11309.3
11200.2
11092.9
10988.4
10887.4
10791.7
10686.2
10565.4
10451
10346.6
10251.3
10170.6
10100.8
10048.8
10013.4
10005.1
9986.85
9952.19
9935.08
9946.97
9957.77
9966.76
9971.47
9968.97
9976.23
10000
10021
10037.2
10050.1
10057.5
10067.9
10083.5
10088.2
10073.8
10066.1
10070.3
10078.3
10093
10106.9
10119.5
10146.3
10199
10244.8
10278.3
10309.5
10336.6
10358.3
10370.1
10388.1
10417.9
10442.6
10457.6
10466.8
10465.2
10477.3
10515.7
10547.1
10565
10588.4
10622.9
10622.7
10553.8
10523.5
10570
10590.3
10558.1
10535.1
10530.7
10516
10480.3
10449.8
10430.2
10410
10388.5
10380.5
10400.8
10394.1
10330.2
10282.1
10267.9
10257.1
10253.5
10235.3
10185.3
10130.5
10064.8
10008.9
9974.56
9931.43
9868.69
9803.23
9731.6
9663.84
9604.89
9534.88
9439.37
9350.72
9277.99
9200.39
9111.38
9038.27
9002.8
8968.37
8936.4
8911.11
8901.92
8901.74
8923.52
8935.5
8923.42
8930.66
8985.91
9031.52
9053
9096.8
9197.11
9287.83
9354.06
9408.83
9434.01
9475.17
9557.99
9636.49
9703.62
9779.03
9876.43
9971.81
10061.7
10161.8
10289.6
10405.2
10487.4
10563.7
10623.6
10685.9
10754.6
10823
10890.1
10954.9
11013
11060.9
11078.9
11098.7
11123.3
11147.1
11168.6
11169.4
11108.3
11067.5
11088.1
11100.8
11089.5
11066.5
11007.7
10957.2
10932.7
10910.2
10893.7
10864.3
10793.7
10736.6
10722.2
10702.5
10665.6
10619.5
10543.3
10476.4
10440.5
10405.3
10373
10344.2
10327.9
10306.3
10266.8
10229.3
10198.4
10168.2
10140.6
10105.8
10046.1
10000.7
10006.7
10006.2
9981.99
9965.23
9975.62
9973.09
9922.74
9877.59
9851.91
9834.1
9846.09
9846.57
9802.91
9762.72
9735.94
9714.36
9713.16
9702.91
9656.65
9618.63
9613.73
9605.78
9585.4
9564.6
9542.02
9520.52
9503.54
9487.16
9473.38
9453.73
9408.98
9367.7
9341.53
9315.02
9287.05
9250.87
9178.14
9106.64
9040.71
8979.77
8941.71
8898.21
8829.47
8763.81
8712.56
8653.63
8558.13
8473.21
8439.44
8396.7
8309.98
8228.42
8172.48
8115.24
8051.51
7985.99
7911.36
7839.53
7782.18
7724.9
7667.96
7613.9
7575.24
7533.35
7474.01
7417.8
7378.84
7336.77
7277.33
7221.47
7185.9
7148.31
7099.06
7054.36
7036.28
7012.84
6957.59
6906.89
6883.61
6861.97
6850.39
6831.44
6766.6
6707.51
6684.83
6657.16
6597.32
6542.61
6521.53
6500.32
6478.24
6456.88
6440.4
6423.02
6399.44
6380.15
6391.04
6398.81
6384.23
6372.7
6383.49
6391.89
6382.49
6375.85
6390.04
6401.21
6389.12
6379.37
6387.96
6394.29
6382.5
6372.14
6373.44
6375.08
6379.57
6378.97
6334.81
6298.7
6332.77
6362.09
6349.1
6339.57
6361.55
6380.22
6368.03
6359.25
6382.93
6404.26
6402.76
6399.91
6383.63
6369.23
6374.02
6377
6361.02
6343.07
6304.01
6265.49
6233.03
6203.03
6200.93
6193.92
6129.99
6067.04
6015.89
5966.71
5941.63
5914.81
5865.96
5818.24
5785.27
5750.28
5688.24
5628.82
5605.55
5581.42
5545.15
5508
5457.85
5409.66
5391.18
5371
5324.25
5278.09
5241.63
5205.59
5176.82
5146.98
5098.43
5050.15
5006.79
4962.88
4908.43
4854.52
4811.16
4767.32
4713.47
4659.13
4594.2
4530.05
4483.9
4437.68
4390.03
4341.86
4280.82
4219.16
4140.94
4064.04
4024.58
3984.31
3919.67
3855.65
3811.29
3766.18
3695.25
3624.89
3575.34
3526.2
3493.53
3459.84
3381.71
3304.11
3251.16
3198.74
3173.86
3148.6
3100.95
3053.29
3005.44
2957.74
2922.08
2886.06
2818.03
2750.26
2711.59
2672.69
2598.16
2523.62
2447.6
2371.48
2263.28
2155.09
2044.8
1934.5
