-65.9788
-19.1248
27.7293
37.6754
47.5657
42.1244
36.6298
37.2955
37.9948
40.2808
42.5785
42.3031
42.0034
40.8147
39.6159
39.9943
40.3939
39.4162
38.4172
40.3637
42.3617
41.0281
39.6295
42.0448
44.5424
42.5504
40.4525
41.0818
41.7811
40.1475
38.4491
38.788
39.1876
38.135
37.0361
40.4783
44.0747
40.1502
35.9543
35.8962
35.9961
37.1524
38.3512
37.25
36.0511
38.391
40.8885
39.7592
38.4605
38.9715
39.5709
39.2198
38.8202
43.9223
49.317
46.4762
43.1794
40.0716
36.9746
38.214
39.7126
39.8941
39.994
40.8449
41.744
41.3316
40.8321
41.9218
43.1206
43.3866
43.5864
42.2967
40.898
40.7071
40.6072
41.7124
42.9113
42.2599
41.4607
40.6615
39.8623
39.0631
38.2638
39.7626
41.461
40.3158
38.9172
39.4407
40.14
39.2867
38.2876
37.2886
36.2896
38.7463
41.5436
43.4334
45.2316
44.4039
43.305
41.4833
39.5851
40.6622
42.0608
43.1896
44.2885
45.0283
45.7277
46.1583
46.5579
46.2425
45.8429
48.7429
52.0397
49.1966
45.6001
49.0179
53.3136
54.9517
56.2504
55.516
54.517
59.3392
64.9337
68.2401
71.2372
73.0927
74.7911
77.716
80.813
82.8609
84.7591
85.8722
86.8712
97.182
108.87
108.663
106.665
106.66
106.96
113.656
121.348
121.106
119.608
126.542
134.834
140.979
146.774
151.711
156.507
162.071
167.766
172.096
176.192
186.498
197.886
199.855
200.154
210.615
222.903
228.77
233.466
241.196
249.487
261.731
274.719
285.105
294.996
301.538
307.432
315.414
323.806
331.948
340.04
353.866
368.852
377.784
385.477
401.689
419.672
434.518
448.704
459.597
469.787
484.495
500.179
519.387
539.367
556.16
572.244
592.813
614.392
639.469
665.344
688.459
710.937
739.001
768.372
791.202
812.481
840.931
871.101
894.52
916.299
944.893
975.163
1001.91
1027.79
1051.99
1075.76
1096.04
1115.42
1135.28
1155.26
1180.07
1206.14
1233.01
1260.08
1282.82
1304.4
1325.51
1346.49
1380.64
1418.4
1443.81
1465.78
1499.78
1537.14
1561.51
1582.19
1613.89
1648.76
1683.62
1718.49
1747.18
1774.05
1812.4
1854.16
1890
1924.07
1943.19
1957.78
1974.81
1992.59
2028.45
2069.91
2085.66
2093.35
2114.47
2139.84
2148.27
2151.27
2157.51
2164.8
2186.17
2212.15
2222.65
2228.05
2260.63
2302.29
2319.22
2327.81
2356.15
2391.21
2415.06
2435.04
2468.14
2505.8
2550.56
2597.81
2644.25
2690.41
2749.87
2814.11
2863.61
2907.76
2964.94
3026.88
3069.34
3104.61
3153.98
3208.63
3269.15
3331.89
3385.73
3436.18
3499.62
3568.05
3639.08
3711.11
3766.27
3814.82
3889.14
3973.66
4018.49
4047.47
4112.09
4191.12
4250.83
4302.68
4363.17
4427.2
4479.67
4527.32
4562.73
4593
4629.16
4667.82
4723.07
4785.41
4815.09
4830.67
4881.54
4947.78
4996.66
5037.92
5081.88
5127.04
5183.93
5246.07
5312.47
5380.8
5438.98
5492.53
5568.93
5655.85
5727
5790.84
5875.97
5971.08
6044.2
6106.94
6153.04
6191.2
6242.92
6301.16
6368.15
6439.38
6511.48
6584.01
6633.81
6672.37
6704.4
6733.17
6781.42
6839.46
6865.36
6874.95
6923
6990.73
7018.94
7026.73
7032.68
7037.68
7038.35
7036.75
7032.8
7027.61
7036.28
7052.36
7040.54
7013.67
7000.25
6994.16
6989.22
6984.93
6981.34
6978.14
6974.75
6971.26
6974.41
6981.3
6995.27
7013.25
7023.67
7029.77
7041.82
7057.3
7083.08
7114.85
7163.42
7221.86
7262.42
7292.39
7349.76
7423.49
7472.03
7505.39
7557.66
7621.4
7711.22
7817.02
7912.25
8000.96
8103.16
8213.75
8318.76
8420.26
8523.35
8627.45
8716.61
8796.23
8895.49
9007.38
9066.06
9090.24
9149.21
9230.93
9262.68
9261.48
9262.32
9264.52
9270.3
9278.5
9282.51
9283.71
9284.73
9285.63
9298.44
9319.42
9337.86
9354.54
9388.87
9435.53
9477.67
9516.63
9551.21
9582.68
9627.89
9682.94
9712.21
9722.9
9739.37
9760.05
9758.36
9740.28
9741.51
9756.99
9788.05
9830.71
9856.19
9868.78
9899.62
9944.28
9988.25
10031.7
10050.2
10049.5
10075.4
10121.8
10157.3
10184.3
10190
10178.9
10196.4
10236.7
10259.8
10269
10279.6
10291
10299.9
10306.6
10319.2
10336.7
10354.1
10371.5
10385.2
10395.9
10407.4
10419.6
10452.3
10502.2
10551.6
10600.6
10618.3
10609.2
10616.4
10637.8
10670.1
10712
10744.6
10769.1
10805
10850.9
10868.3
10860.1
10871.6
10901
10924.6
10942.9
10959.2
10973.8
10953.1
10899.8
10881.6
10896
10917.1
10944.5
10958.8
10960.7
10978.2
11010.7
11040.6
11067.9
11110.4
11167.4
11207.4
11230.7
11263.8
11306.7
11351
11396.9
11447.9
11503.9
11575.8
11663.8
11725.5
11760.8
11811.1
11876.7
11958.7
12057.6
12158.3
12260.7
12365.7
12473.5
12591
12718.6
12830.7
12926.1
13025.3
13128.6
13222.1
13305.2
13388.6
13472.4
13560.1
13652.1
13732.3
13799.4
13880.6
13977.4
14045.5
14081.4
14127.5
14185.4
14238.7
14286.7
14303.7
14285
14282.4
14298.4
14307.7
14309.3
14303.9
14290.2
14305.8
14356
14366.2
14328.4
14309.2
14312.4
14316.5
14321.7
14315.4
14295
14290.7
14306.2
14271.8
14175.3
14158.2
14240.7
14288.2
14291.5
14274
14229.8
14216.3
14242.1
14286.7
14355.9
14399.6
14410.2
14445.5
14513.3
14562.5
14586.9
14618.5
14660
14720.5
14806.8
14857.3
14859.5
14856.6
14846.7
14847.5
14863
14834.5
14744.9
14644.8
14530.1
14447.9
14411.6
14356.6
14275.2
14176.5
14052.9
13926.5
13796.1
13678.4
13579.2
13443.7
13254.5
13078.1
12920.6
12779.1
12661.6
12522
12349.1
12186.3
12039
11917.1
11834.4
11718.6
11551.5
11389.9
11236.9
11116.6
11047.8
10957.9
10834.6
10738.4
10685.6
10631.5
10575.5
10536.9
10526.6
10500.1
10447.3
10426
10456.8
10487.3
10517.3
10532
10520.8
10515.1
10518.6
10522.9
10528.7
10540.9
10564.2
10585.1
10601.6
10610.6
10606.3
10604.7
10607.9
10612.3
10618.8
10639.6
10686.1
10722
10739
10756.6
10775.3
10814.4
10891.1
10943.4
10950.4
10966.4
10999.2
11024.8
11037
11056.3
11089.2
11104
11084.2
11080.3
11107.1
11133.7
11159.9
11165.5
11130.1
11098.5
11074.2
11064.8
11085.1
11090
11063.4
11034.1
10999.1
10971
10956.9
10948
10950
10939.8
10903.7
10866.2
10825.6
10790.5
10766.9
10746.4
10732.4
10710.4
10671.2
10637.4
10615.5
10569.5
10470.2
10384.1
10327.6
10262
10175.9
10090.3
10005.8
9930.97
9878.02
9807.94
9698.05
9600.22
9530.69
9469.19
9426.73
9382.83
9335.48
9304.28
9312.07
9320.3
9329.59
9348.59
9391.45
9429.46
9455.43
9486.02
9528.18
9576.87
9642.11
9706.59
9769.13
9830.33
9888.07
9954.35
10042.9
10132.2
10224
10317.3
10415
10515.6
10624.1
10714.7
10756.7
10821.2
10947.6
11065.4
11159.7
11245.6
11307.8
11364.4
11404.8
11447.2
11495.1
11543.1
11591.7
11633.8
11657.1
11662.1
11613.1
11589.2
11639.9
11674.1
11658.8
11646.7
11644.9
11629
11569.9
11511.9
11457.2
11420
11437.3
11435.4
11372.7
11309.4
11244
11174.9
11094
11020.8
10973.1
10927.6
10890
10851.4
10809.7
10770.6
10739.9
10706.3
10662.8
10616.9
10563.1
10520.3
10516.5
10501.1
10444.6
10396.5
10379
10362.9
10352.6
10338
10308.5
10281.4
10263.5
10242.4
10209.4
10179.7
10163.1
10148.6
10142
10137.2
10139.4
10135.9
10109.7
10078.8
10029
9988.92
9987.52
9974.16
9912.02
9864.94
9880.03
9883.56
9838.8
9795.75
9759.88
9731.63
9736.03
9729.46
9675.32
9624.45
9587.98
9539.95
9440.34
9352.5
9317.73
9284.99
9261.51
9222.65
9112.46
9008.25
8932.12
8859.08
8800.74
8736.24
8642.03
8552.94
8488.9
8425.75
8367.01
8304.18
8220.76
8140.73
8077.99
8017.97
7972.01
7922.9
7857.16
7790.53
7719.1
7652.35
7610.99
7566.12
7501.88
7441.83
7405.17
7367.62
7325.06
7282.63
7240.97
7198.28
7149.53
7103.78
7075.91
7046.92
7011.15
6975.76
6942.7
6907.24
6856.89
6808.46
6772.19
6739.93
6733.43
6717.05
6635.83
6563.13
6547.24
6531.42
6516.04
6500.05
6479.87
6459.69
6439.51
6422.01
6423.71
6427.31
6444.79
6458.64
6445.45
6431.91
6415.73
6403.99
6426.57
6445.41
6434.82
6427.7
6448.48
6466.04
6457.25
6447.5
6429.72
6413.08
6406.18
6399.02
6389.53
6380.34
6373.85
6369.25
6381.83
6390.9
6367.22
6348.74
6379.71
6408.39
6414.79
6417.78
6386.81
6358.28
6354.68
6349.52
6327.94
6304.83
6265.37
6226.59
6195.22
6164.42
6140.04
6115.33
6086.76
6055.32
5989.79
5927.28
5901.91
5875.17
5831.32
5788.54
5759.77
5727.74
5652.22
5580.1
5554.92
5529.96
5507.98
5483.47
5421.83
5362.77
5342.78
5321.19
5274.13
5226.42
5167.98
5111.4
5086.32
5061.43
5039.75
5017.02
4975.06
4932.4
4876.46
4820.4
4762.16
4703.65
4639.72
4575.76
4511.32
4447.22
4390.77
4334.64
4285.78
4236.48
4175.74
4114.51
4040.28
3966.92
3917.97
3868.13
3791.91
3716.77
3676.21
3635.32
3583.48
3531.15
3461.52
3392.54
3349.49
3306.29
3256.93
3207.73
3165.57
3123.14
3066.09
3009.55
2982.68
2955.69
2921.02
2885.92
2817.39
2749.29
2720.42
2691.17
2620.54
2549.87
2472.44
2394.96
2305.85
2216.69
2113.59
2010.5
1911.3
1812.09
