-19.9786
27.3749
74.7286
80.4858
86.1802
81.72
77.2244
78.6904
80.1889
81.5883
82.9869
81.8124
80.6135
79.711
78.8119
83.0388
87.3346
85.4324
83.4343
80.9453
78.4478
79.9678
81.5662
82.0889
82.5884
83.6735
84.7725
84.1182
83.4188
82.2335
81.0347
81.097
81.1969
82.749
84.3474
85.5594
86.7582
86.4143
86.0147
85.6151
85.2155
84.1436
83.0447
84.0542
85.1531
84.9131
84.6133
82.5956
80.4977
78.495
76.497
78.5862
80.8839
83.4663
86.0637
82.9815
79.5848
78.1719
76.8732
79.7223
82.8193
82.2474
81.4482
81.2122
81.0124
77.6274
74.0309
80.0636
86.757
85.0543
82.7565
81.2035
79.705
81.6438
83.8416
83.4438
82.8443
81.4124
79.9138
81
82.2988
81.4788
80.4798
81.8707
83.4691
81.7655
79.7674
80.0576
80.5571
82.3353
84.2334
85.4936
86.6924
82.4348
77.6395
78.0167
78.9158
80.0866
81.2854
82.6649
84.0636
81.1346
77.7379
83.3375
89.931
88.8944
86.9963
88.681
90.7789
88.4081
85.5109
88.4996
92.196
91.9771
91.2778
93.7748
96.672
98.1517
99.4504
101.279
103.178
103.312
103.212
103.112
103.012
108.532
114.826
120.156
125.351
123.64
120.942
125.484
131.079
135.89
140.586
141.981
142.88
145.859
149.156
154.613
160.408
162.925
164.923
171.223
178.216
183.407
188.302
193.454
198.649
203.929
209.224
215.542
222.036
230.146
238.537
245.317
251.81
261.014
270.704
279.888
288.979
292.844
295.741
303.6
312.391
327.139
343.023
347.441
349.639
362.943
378.428
388.331
397.122
406.495
415.986
427.384
439.172
444.26
447.957
467.085
489.463
501.139
510.529
534.458
561.531
573.282
581.674
600.038
620.618
637.692
653.976
680.835
710.106
742.056
774.624
796.91
816.791
843.051
870.824
901.175
932.145
951.059
967.043
993.29
1022.06
1048.03
1073.31
1101.06
1129.43
1163.93
1199.99
1215.02
1224.61
1248.54
1276.21
1297.64
1317.42
1346.97
1379.14
1402.35
1423.13
1445.63
1468.61
1502.23
1538.79
1569.66
1598.93
1621.82
1642.9
1680.67
1723.23
1748.91
1769.68
1793.55
1818.33
1858.44
1903.09
1937.76
1969.43
2009.76
2052.72
2082.6
2108.48
2129.09
2148.07
2175.95
2206.62
2223.86
2236.85
2256.04
2277.22
2296.21
2314.49
2321.11
2323.9
2336.24
2351.72
2366.98
2382.17
2400.86
2420.74
2454.93
2493.99
2527.63
2559.4
2591.09
2622.76
2676.53
2738.07
2771.01
2793.78
2842.14
2899.69
2961.78
3025.52
3074.48
3118.04
3156.56
3193.23
3256.37
3329.4
3397.56
3463.9
3528.28
3591.92
3651.66
3709.9
3791.17
3881.38
3925.31
3951.09
4002.84
4064.88
4136.26
4211.39
4299.9
4393.8
4446.62
4482.68
4544.44
4616.77
4684.09
4749.32
4795.84
4834.5
4871.41
4907.57
4961.51
5023.05
5073.5
5119.15
5169.12
5220.97
5275.11
5330.26
5379.73
5426.68
5477.98
5531.23
5580.83
5628.78
5691.97
5762.1
5831.14
5899.67
5972.37
6046.99
6107.47
6161.32
6234.91
6317.82
6408.73
6503.43
6581.35
6651.18
6718.39
6784.32
6849.79
6915.02
6962.47
7001.14
7065.33
7142.26
7184.68
7209.76
7250.34
7298.79
7318.83
7324.33
7343.72
7370.3
7377.95
7375.76
7394.97
7425.44
7441.55
7450.04
7443.3
7428.41
7434.88
7452.86
7446.52
7426.94
7416.26
7410.46
7405.31
7400.52
7381.36
7354.19
7362.36
7390.43
7389.64
7372.45
7382.02
7406.89
7433.04
7459.91
7489.5
7520.67
7541.77
7556.95
7587.45
7627.01
7689.9
7766.73
7817.55
7852.71
7936.86
8050.75
8124.8
8174.45
8240.22
8315.95
8411.32
8518.91
8624.6
8729.1
8845.41
8969.18
9085.58
9197.27
9293.4
9379.52
9459.51
9535.54
9613.56
9692.88
9743.97
9776.43
9797.14
9810.03
9829.37
9853.05
9872.97
9890.36
9890.03
9877.64
9895.52
9934.18
9972.84
10011.5
10047.4
10081.4
10111.6
10139.3
10181.2
10233.3
10266.9
10287.4
10321.4
10365
10409.8
10455.3
10492.9
10524.5
10538.6
10539.6
10550
10567.5
10583.5
10598.4
10623.4
10656.2
10720.7
10809.3
10835.6
10814
10826.9
10866.6
10918.9
10981.2
11017
11032
11040
11042.5
11056.2
11079
11098.6
11115.7
11127.6
11135.2
11172.7
11234.7
11268.6
11279.2
11285.5
11288.3
11323.4
11385.5
11424.8
11444.8
11461.5
11475.4
11510
11562.5
11594.7
11609.5
11639.4
11682.6
11705.9
11711.8
11740.7
11790
11812
11809.8
11823.7
11851.9
11872.5
11885.9
11896.1
11903.2
11873.3
11809.2
11790.4
11813.6
11822.1
11816.8
11822.1
11837.3
11843.9
11842.1
11850.5
11868.8
11893
11922.9
11951.6
11979.3
12025.7
12090.5
12156.7
12224.3
12250.7
12236.1
12278.9
12379.3
12462.4
12528
12609.5
12707.1
12809.8
12917.8
13011.7
13091.1
13194.3
13322.4
13424.9
13500.2
13615.5
13773.3
13909.5
14022.7
14134.6
14245
14373.4
14521.3
14631.7
14701
14784.6
14884
14952.1
14985.3
15051.4
15154.5
15224.3
15256.6
15282
15299.6
15330.1
15375.6
15394
15381.1
15367.8
15353.9
15362.2
15396.7
15387.9
15327.9
15308.7
15338.4
15345.9
15326.7
15331
15363.8
15366.6
15333
15310.4
15301.5
15315.8
15359
15371.3
15344.9
15328.4
15324.4
15348.3
15407.5
15436.2
15425.6
15430.2
15454.5
15498.1
15566.9
15608.1
15613.1
15642.8
15705
15755.8
15791.4
15837
15896.3
15930.9
15932
15941
15960.9
15959.7
15929.7
15904.1
15884.8
15864.1
15841.5
15784.3
15678.3
15587.7
15519.2
15437.4
15336.5
15226.3
15102.7
14968.5
14818.9
14684
14570.9
14435
14265
14130.7
14049.7
13927.5
13743.2
13567.5
13405.1
13241.7
13076.9
12915.9
12761.1
12617
12489.8
12368.2
12255.7
12155.1
12073.2
11970.2
11833.6
11724.3
11658.7
11590.7
11518.6
11459.9
11423.2
11402.7
11408.9
11400.9
11369.1
11350.8
11355.1
11359.4
11363.8
11389.7
11452.4
11495.2
11504
11521.1
11552.7
11574.8
11580.3
11576.3
11555.5
11559
11605.6
11632.4
11623.5
11635.7
11685.9
11720.4
11726.2
11736.6
11755.2
11794.3
11871.4
11924
11930.7
11940
11954
11958.8
11945.9
11955.8
12009.5
12052.6
12074.8
12105.6
12153.1
12183.9
12181.8
12188.4
12212.4
12224.2
12211.6
12192.3
12159.5
12133.2
12120.3
12088.2
12016.3
11976.9
12005
12006.1
11950.7
11900.8
11862.9
11829.8
11807.4
11784.9
11762.5
11734.2
11693
11651.1
11607.8
11569.1
11540.7
11494
11406.7
11325.6
11258.5
11199.1
11157.3
11090.2
10964.7
10853.9
10777.2
10712.1
10674.2
10613.2
10497.6
10404.8
10366.8
10336.7
10325.4
10307.8
10275
10263.3
10304
10338.5
10357.5
10374.8
10387.2
10413.1
10472.6
10529.9
10581.6
10647.4
10749.8
10837.9
10889
10951.2
11042.6
11138.4
11245.9
11348.8
11439.5
11537
11653
11755.5
11820.9
11895.6
11995.7
12087.8
12157.8
12226.3
12290.9
12352.8
12406.6
12453.3
12479.5
12508.2
12544.3
12584.8
12638.3
12666.3
12618.1
12583.7
12590.5
12586.9
12552.1
12521.1
12502.1
12486.2
12479.7
12459.4
12395.9
12338.4
12300.1
12251.9
12171.8
12097.7
12043.3
11989.9
11940.2
11886.3
11818.6
11756.2
11711.3
11670.2
11642.1
11612.1
11575.3
11539.8
11508.6
11470.5
11408.2
11354.1
11329.5
11306.9
11291.9
11270.6
11226.6
11182
11135.4
11100.5
11108.7
11110.3
11087.3
11068.9
11068.5
11058.2
11009.8
10970.2
10964.5
10951.3
10908.2
10870.2
10852.4
10837.9
10836.4
10822.2
10756.5
10701.2
10689
10670.9
10627.9
10586.4
10550.9
10515.1
10477.4
10438.5
10394.5
10353.3
10324.7
10294.7
10257.9
10217.1
10158.2
10100.4
10047.8
9987.11
9888.51
9799.7
9756.94
9707.3
9624.88
9544.76
9475.73
9403.32
9314.41
9231.01
9174.96
9108.54
8989.86
8882.6
8833.75
8782.83
8721.19
8662.57
8619.81
8570.24
8484.33
8404.28
8356.03
8304.72
8236.58
8173.03
8135.07
8092.31
8022.38
7958.17
7926.9
7890.03
7820.4
7761.52
7766.51
7762.83
7706.79
7651.56
7601.31
7548.49
7479.65
7415.23
7378.77
7340.72
7292.47
7247.59
7224.81
7199.99
7161.52
7128.22
7129.92
7128.47
7105.29
7082.38
7061.3
7039.95
7016.67
6998.19
7014.67
7025.76
6996.79
6973.58
6993.96
7013.39
7025.47
7034.15
7015.97
7003.3
7034.86
7059.8
7030.43
7003.93
7001.43
6999.49
7002.29
7004.8
7004.8
7003.1
6986.32
6973.91
7001.28
7025.42
7019.42
7015.33
7029.31
7039.8
7016.23
6996.31
7012.89
7028.33
7032.03
7036.04
7043.44
7046.38
7001.63
6959.92
6951.83
6942.56
6919.98
6895.14
6843.99
6792.73
6740.18
6688.58
6648.51
6606.41
6538.58
6472.26
6425.61
6379.32
6337.96
6296.39
6251.83
6208.32
6179.75
6149.86
6100.61
6051.13
5998.18
5946.79
5919.81
5891.22
5836.27
5782.53
5749.06
5714.85
5667.49
5620.26
5575.31
5530.32
5484.66
5438.09
5373.46
5308.96
5247.42
5187.02
5151.15
5114.55
5061.2
5007.14
4935.91
4865.14
4806
4747.05
4693.3
4639.35
4579.5
4519.26
4446.93
4375.01
4316.17
4256.79
4179.06
4102.12
4053.87
4005.47
3951.22
3896.38
3815.66
3735.6
3687.35
3639.42
3608.55
3577.29
3522.95
3468.74
3423.78
3378.72
3325.47
3272.26
3222.81
3173.23
3108.89
3044.63
2991.59
2938.31
2838.81
2739.32
2643.71
2548.07
2424.2
2300.32
