-94.9756
-40.8286
13.3183
17.8888
22.3844
20.1102
17.8125
18.3961
18.9956
17.6117
16.2131
17.1897
18.1887
20.373
22.5708
22.1071
21.6076
19.9275
18.2292
19.4764
20.7751
18.3503
15.8527
16.7779
17.7769
19.264
20.7625
18.9493
17.0512
17.7776
18.5769
17.5329
16.4339
18.1427
19.9409
20.1932
20.393
18.3751
16.2772
14.3717
12.4735
15.473
18.6699
17.9375
17.0383
17
17
15.6638
14.2651
15.9145
17.7127
17.8
17.8
17.7051
17.6052
21.0078
24.6043
19.6989
14.3041
16.2625
18.6601
18.4237
18.0241
18.751
19.5502
18.6632
17.6641
17.6935
17.7934
19.0128
20.3115
19.1898
17.891
18.6361
19.5352
17.3751
14.9775
18.3153
22.1116
19.9999
17.4024
17.0158
16.816
15.605
14.3063
15.4841
16.8828
18.6475
20.4457
17.6773
14.4805
16.3873
18.7849
20.2732
21.6718
18.8054
15.5086
17.1921
19.3899
17.7929
15.7949
17.6736
19.9714
21.6394
23.2378
21.6047
19.6066
19.6687
19.9684
19.9106
19.8107
18.4623
16.9638
18.0458
19.4444
19.5112
19.4113
19.4886
19.5885
18.716
17.717
16.277
14.7784
17.5921
20.9888
21.6634
21.9631
22.6133
23.3126
23.1377
22.838
22.3639
21.8644
22.7573
23.8562
22.7844
21.3857
21.8931
22.6923
22.1085
21.3093
20.2513
19.1524
19.2581
19.5578
20.2868
21.086
21.5426
21.9422
21.0599
19.961
20.3116
20.911
22.7864
24.8844
24.6908
24.0913
25.1008
26.3995
25.2483
23.6499
22.8943
22.2949
24.8908
28.0877
29.1872
29.8866
29.9163
29.8164
31.0525
32.551
31.1339
29.1358
31.4595
34.6564
34.4538
33.5546
35.2198
37.4176
37.1398
36.3406
37.2702
38.569
37.9787
36.9797
39.5039
42.8006
45.1165
47.2145
47.7631
47.9629
47.8373
47.6375
49.8723
52.6695
55.7096
58.8066
60.2884
61.3873
61.9222
62.3219
62.2392
62.0394
65.3673
69.5632
69.7602
68.9609
71.5126
74.9093
75.9979
76.4974
77.4733
78.5722
81.0174
83.8147
83.847
83.1477
86.3885
90.6843
90.1064
88.2083
90.6228
94.2193
95.2346
95.5343
93.3374
90.4402
93.769
98.864
101.242
102.84
103.974
104.973
103.732
101.834
107.717
115.909
119.337
121.335
123.946
126.743
125.489
122.991
124.306
126.804
127.628
127.928
129.214
130.812
132.562
134.36
134.347
133.748
136.837
141.133
141.224
139.925
139.3
138.901
142.012
146.307
148.517
150.016
151.44
152.839
155.275
158.072
160.943
163.84
164.452
164.253
166.847
170.443
178.585
188.376
194.656
199.651
206.105
213.098
217.982
222.078
225.956
229.753
237.166
245.957
250.131
252.529
262.769
276.056
281.809
284.606
293.629
305.118
311.968
316.963
329.075
344.06
350.6
353.697
359.483
366.377
380.893
398.575
406.475
410.271
412.804
414.802
425.969
441.054
452.51
462.4
479.668
500.148
514.659
526.548
537.813
548.802
561.034
573.821
582.824
590.117
603.86
620.544
636.953
653.238
665.564
676.054
687.972
700.56
716.54
734.122
747.173
758.062
773.134
790.217
794.993
793.794
803.257
817.943
828.817
837.809
844.466
849.961
857.317
865.609
869.46
871.059
878.208
888.198
891.798
892.097
891.412
890.213
890.651
891.95
898.146
906.937
910.586
911.485
911.281
910.481
905.088
897.196
898.722
905.416
897.316
881.032
879.945
887.338
892.876
897.372
900.083
901.782
897
888.508
887.743
891.44
892.295
891.496
890.256
888.757
893.973
903.164
905.912
904.813
899.411
891.419
894.989
905.579
905.634
899.24
901.742
909.734
918.157
926.848
933.576
939.07
940.894
940.394
941.603
943.9
945.043
945.443
946.388
947.686
944.032
937.139
931.329
926.234
925.82
928.517
923.499
913.309
906.398
901.702
898.968
897.569
895.519
893.022
890.111
886.914
882.599
877.504
872.585
867.79
868.839
874.034
873.928
870.032
869.038
870.137
870.311
869.811
868.62
866.921
862.982
857.387
860.612
870.403
874.257
873.658
870.67
865.875
861.193
856.597
859.514
868.206
875.884
882.777
876.881
860.997
858.025
865.217
868.066
867.466
860.595
848.706
847.05
853.644
859.19
863.886
860.508
850.518
845.398
844.299
834.094
816.312
810.047
813.444
815.433
816.232
815.575
813.677
810.435
806.039
803.786
803.386
802.186
800.288
799.134
798.635
799.141
800.54
796.926
788.834
785.631
786.83
785.933
783.136
779.922
776.325
774.652
774.752
772.262
767.367
767.27
771.666
769.483
761.091
755.054
751.258
749.145
748.645
750.229
753.825
757.928
762.524
762.935
759.238
755.793
752.596
749.699
747.102
746.996
749.393
753.826
760.32
760.485
754.192
753.019
757.115
761.554
766.349
763.768
753.479
748.54
749.24
748.388
745.891
739.677
729.487
728.478
737.369
745.351
752.344
756.238
756.738
754.768
750.073
749.917
754.812
755.234
750.638
748.856
750.255
746.47
736.78
728.903
723.109
717.546
712.251
707.786
704.29
696.339
683.152
674.583
671.486
667.751
663.256
658.443
653.248
645.255
633.866
624.949
619.055
614.055
610.159
607.065
604.967
605.707
610.003
607.897
597.707
592.483
593.582
594.813
596.211
597.131
597.43
594.738
588.144
589.581
601.569
610.334
614.829
616.031
612.834
616.621
629.808
644.013
659.597
674.254
687.641
695.442
695.542
702.623
719.406
736.231
753.115
769.501
785.186
802.643
822.623
843.178
864.557
877.526
878.326
891.8
923.769
947.854
960.342
974.278
990.362
1010.25
1035.82
1055.3
1065.59
1077.63
1092.31
1103.8
1110.4
1120.88
1137.36
1157.79
1184.36
1199.94
1198.24
1205.67
1227.55
1244.31
1252.9
1265.82
1285.7
1307.75
1333.32
1353.75
1365.73
1379.87
1397.55
1418.38
1444.46
1476.09
1517.05
1551.3
1574.17
1598.56
1625.54
1655.41
1690.28
1719.7
1739.68
1764.02
1795.99
1826.91
1855.98
1887.28
1922.55
1953.49
1976.67
1998.35
2017.33
2041.47
2075.04
2105.59
2130.56
2159.03
2194
2232.54
2277.8
2307.85
2309.15
2318.86
2344.64
2371.27
2399.54
2427.57
2455.15
2476.64
2486.23
2500.19
2522.77
2541.3
2551.79
2558.27
2556.67
2559.66
2571.94
2579.94
2579.14
2582.35
2593.84
2601.08
2599.48
2596.21
2589.42
2591.52
2612.5
2622.03
2607.04
2598.47
2603.77
2600.8
2579.82
2570.3
2585.99
2590.13
2568.65
2546.09
2521.11
2503.89
2504.19
2495.9
2468.03
2441.67
2418.79
2398.44
2383.96
2370.51
2359.53
2345.51
2324.33
2305.75
2293.36
2286.33
2292.22
2298.2
2304.4
2310.45
2316.14
2316.5
2303.61
2300.52
2322
2339.49
2346.89
2357.85
2377.93
2397.39
2415.28
2433.93
2454.61
2472.68
2483.87
2502.21
2539.58
2572.71
2594.49
2616.27
2638.05
2659.32
2679.2
2697.73
2712.51
2730.17
2755.84
2778.56
2792.95
2806.09
2815.68
2824.27
2829.96
2836.68
2846.37
2853.47
2852.97
2850.26
2840.97
2832.45
2826.26
2819
2808.51
2801.02
2802.72
2800.24
2784.86
2767.44
2743.67
2723.46
2714.57
2701.04
2672.67
2654.92
2671.5
2677.11
2646.84
2622.74
2619.04
2611.76
2592.48
2577.35
2576.25
2575.58
2576.38
2572.22
2550.94
2531.31
2517.42
2505.48
2500.38
2495.68
2492.38
2489.82
2489.92
2488.97
2484.17
2477.68
2464.89
2452.29
2440.41
2428.56
2416.87
2409.77
2420.26
2423.65
2399.47
2379.75
2377.56
2375.32
2372.92
2367.64
2350.76
2339.56
2351.55
2357.44
2338.16
2323.2
2326.29
2324.89
2304.41
2290.63
2305.62
2312.99
2287.32
2264.23
2252.55
2240.12
2224.44
2209.15
2195.67
2182.09
2168.1
2153.23
2134.25
2115.5
2097.81
2081.34
2070.66
2061.1
2057
2046.03
2001.37
1964.62
1967.12
1967.23
1955.34
1942.15
1922.26
1903.27
1888.89
1873.02
1849.34
1828.99
1826.39
1820.51
1796.83
1775.02
1763.43
1752.38
1744.39
1736.97
1732.77
1728.55
1724.15
1715.28
1680.21
1651.45
1660.14
1664.08
1639.3
1617.27
1612.08
1606.85
1601.46
1595.44
1585.45
1574.68
1558.9
1546.2
1553.8
1558.3
1542.22
1527.9
1525.61
1522.17
1510.88
1499.69
1489.2
1480.56
1485.16
1490.9
1504.98
1517.34
1516.84
1516.8
1520.19
1522.45
1515.96
1510.68
1514.98
1518.16
1512.36
1506.09
1495.9
1487.46
1493.65
1498.7
1493.9
1490.43
1498.52
1505.36
1500.96
1496.48
1491.29
1486.75
1488.35
1489.73
1489.03
1489.11
1496.7
1502.7
1492.81
1484.44
1491.63
1497.75
1492.55
1487.19
1479.99
1472.13
1456.84
1442.88
1443.88
1443.32
1424.63
1407.55
1409.44
1409.97
1393.69
1376.98
1355
1334.5
1333.1
1330.83
1316.84
1303.62
1301.03
1298.19
1292
1285.16
1268.88
1252.71
1238.32
1224.69
1222.79
1220.54
1212.54
1203.96
1185.38
1167.82
1168.11
1167.39
1148.01
1129.42
1125.93
1121.82
1105.64
1089.43
1072.64
1055.74
1036.36
1017.34
1006.55
995.533
978.949
963.145
966.941
969.995
953.311
936.278
909.404
883.316
880.718
877.872
867.082
856.404
849.511
842.26
821.88
801.875
796.78
791.275
767.997
745.011
735.82
726.653
718.76
710.775
697.288
683.875
675.383
666.88
657.489
647.974
627.095
606.433
610.129
613.649
591.771
569.909
551.527
533.128
508.952
484.773
458.299
431.825
