-49.376
3.87185
57.1197
63.8833
70.5768
66.2195
61.8238
61.8993
61.9992
61.1075
60.2084
59.1113
58.0124
61.8521
65.7483
66.5886
67.3878
69.1708
70.9691
68.5454
66.0478
63.2563
60.459
59.8132
59.2138
57.736
56.2375
59.5117
62.9083
62.6112
62.2116
60.1628
58.0648
60.3235
62.7212
60.3845
57.887
60.0177
62.3155
64.6132
66.911
64.023
60.926
59.9375
59.0383
55.4613
51.7649
58.3765
65.4696
61.5138
57.0182
54.5187
52.1211
55.2251
58.6218
59.6519
60.5511
62.3004
64.0986
61.5604
58.7632
58.6941
58.794
59.9265
61.1253
60.5442
59.8449
61.0153
62.314
62.3067
62.2068
58.6624
54.8661
55.4361
56.3352
56.0292
55.6296
55.6
55.6
57.8155
60.2131
57.6365
54.6394
57.3414
60.5383
58.2317
55.4344
55.5661
55.9657
55.452
54.8526
53.2506
51.5523
53.4007
55.5985
56.3445
56.9439
55.7323
54.3337
56.1878
58.3856
56.4362
54.0385
52.5405
51.1419
53.9623
57.2591
58.7644
60.0631
60.6469
61.1464
58.1679
54.7712
55.1119
55.9111
58.6636
61.6607
59.9624
57.6646
56.8696
56.2702
53.7304
50.9331
53.0641
55.8614
54.9707
53.572
55.5903
58.0879
54.4662
49.9706
50.0105
50.7098
54.0199
57.7163
56.1161
53.7184
53.1401
52.8404
53.3186
53.918
55.5524
57.3506
56.4814
55.1826
54.3132
53.514
53.4856
53.5855
54.7964
56.195
55.8031
55.1038
57.7222
60.919
58.9387
56.0415
55.4306
55.2308
57.0586
59.2564
56.3972
52.6009
55.784
60.2796
61.1678
61.3676
62.488
63.7868
59.7414
54.6464
52.1339
50.1358
53.1244
57.1205
59.0437
60.5422
58.732
56.2345
55.5524
55.2527
58.6577
62.8536
63.1072
62.5078
62.1542
61.8545
64.0887
66.886
68.6231
70.1217
68.3663
65.8687
67.4288
69.9263
70.2381
70.0383
71.7767
73.9746
73.9166
73.3172
72.8785
72.4789
71.4379
70.2391
73.9189
78.8141
81.1563
82.8546
81.2899
78.8923
82.3695
87.3646
87.9248
87.3254
86.726
86.1266
85.0543
83.8555
86.2726
89.6693
87.734
84.3373
89.7008
97.4932
97.3275
94.9298
97.8243
102.22
101.026
98.2291
99.3035
101.501
103.158
104.657
107.08
109.777
110.784
111.284
110.863
110.164
110.994
112.293
112.676
112.776
118.733
126.525
126.427
123.83
120.4
116.704
119.121
123.516
126.331
128.629
131.377
134.274
133.203
130.805
130.275
130.374
134.05
138.945
141.612
143.51
148.743
155.136
154.065
150.369
155.96
164.852
169.552
172.749
178.439
185.033
189.286
192.683
202.497
214.685
223.091
230.084
239.254
249.244
260.247
271.636
280.932
289.424
303.312
319.296
336.716
354.698
373.396
392.378
412.858
433.937
455.159
476.438
491.826
504.814
529.833
559.803
588.504
616.676
645.482
674.553
708.117
743.582
779.607
815.872
849.484
881.952
918.249
956.211
1000.98
1048.73
1097.1
1145.76
1196.96
1249.31
1299.6
1348.95
1391.99
1432.15
1483.05
1538.89
1601.84
1668.07
1718.11
1760.57
1801.2
1840.96
1889.18
1941.43
1994.42
2047.76
2085.98
2116.85
2160.86
2211.31
2245.18
2270.86
2297.33
2324.21
2348.15
2370.63
2398.41
2428.88
2449.51
2465.09
2473.96
2479.35
2496.31
2519.28
2528.12
2529.51
2536.14
2545.53
2550.49
2553.09
2566.2
2584.98
2588.23
2583.04
2580.36
2579.06
2585.29
2595.68
2586.83
2567.25
2561.61
2563.8
2570.84
2580.63
2588.27
2594.66
2585.41
2567.13
2569.55
2584.04
2577.94
2559.76
2563.35
2579.84
2573.99
2554.81
2553.15
2562.04
2559.31
2549.52
2543.32
2539.32
2533.6
2526.81
2528.76
2536.15
2535.99
2531.1
2528.28
2526.78
2518.51
2505.93
2494.07
2482.68
2463.47
2439.2
2427.61
2424.31
2394.16
2346.31
2319.28
2306.09
2279.27
2243.3
2222.48
2211.89
2193.22
2169.04
2149.13
2132.15
2120.65
2112.96
2088.74
2052.97
2045.65
2058.33
2057.23
2046.34
2046.52
2054.61
2043.02
2017.25
2009.87
2015.86
2013.79
2005.79
1994.81
1981.63
1969.81
1959.02
1951.6
1946.71
1948.24
1954.63
1963.29
1973.68
1980.68
1985.08
1982.72
1975.13
1971.69
1971.49
1967.15
1959.56
1951.35
1942.66
1927.36
1906.78
1894.34
1888.44
1867.23
1833.56
1819.28
1820.88
1817.82
1810.93
1793.57
1767.49
1740.77
1713.49
1700.89
1700.69
1685.12
1656.45
1641.48
1638.28
1629.46
1615.78
1597.5
1575.22
1556.4
1540.62
1526.84
1514.86
1512.42
1518.51
1513.72
1499.14
1490
1485.8
1479.05
1469.96
1459.05
1446.46
1446.2
1457.39
1457.23
1446.44
1438.22
1432.42
1428.06
1425.07
1427.22
1434.31
1433.63
1425.44
1419.12
1414.63
1416.48
1424.57
1419.01
1399.93
1387.95
1383.05
1373.17
1358.29
1343.75
1329.57
1313.55
1295.67
1284.58
1280.48
1269.82
1252.33
1237.49
1225.4
1216.57
1211.18
1196.62
1172.35
1156.71
1150.32
1140.46
1126.88
1122
1126.6
1126.38
1120.88
1106.6
1082.63
1071.8
1075.59
1069.64
1052.76
1037.23
1023.25
1008.19
991.904
969.575
940.304
916.636
899.452
877.52
850.047
823.905
799.329
778.091
760.808
743.388
725.805
712.121
703.129
688.768
667.888
652.086
642.496
634.292
627.798
614.579
593
584.06
590.953
589.237
576.649
569.028
567.73
566.431
565.132
563.006
559.809
559.431
562.728
567.018
572.612
576.616
578.515
586.445
602.429
613.644
618.439
631.458
655.634
680.317
705.692
734.133
766.801
801.434
838.797
881.652
932.203
990.248
1058.88
1129.82
1204.05
1285.37
1376.88
1471.09
1569.19
1678.43
1803.9
1932.94
2067.21
2193.31
2307.3
2433.3
2577.25
2719.38
2858.74
2993.79
3122.26
3247.22
3366.81
3490.9
3621.97
3748.12
3866.61
3984.39
4101.08
4210.07
4306.87
4411.22
4527.61
4641.73
4752.23
4873.95
5013.91
5155.2
5298.66
5441.22
5582.28
5730.84
5891.88
6053.33
6215.48
6382.66
6558.39
6721.98
6864.84
7019.37
7194
7363.44
7523.89
7700.45
7905.25
8082.89
8212.56
8369.36
8574.46
8759.01
8906.67
9066.62
9248.84
9423.32
9583.66
9754.37
9944.19
10125.3
10290.2
10460.4
10640.4
10797.5
10911.1
11035.7
11181.5
11327.6
11474.3
11610.3
11725.1
11842.1
11962.9
12080.8
12192.6
12286.9
12346.6
12411.4
12486.9
12551.9
12596
12649.9
12723.9
12776.9
12786.5
12810.5
12864.3
12892.6
12867.2
12853.3
12863.6
12873.1
12881.1
12877.6
12849.2
12837.4
12861.4
12874.9
12865
12836.7
12767.7
12700.8
12638.8
12578
12520.1
12456.7
12381
12293.7
12179.7
12083.6
12029.2
11969.5
11897.7
11829.2
11768.4
11714
11674.7
11639.3
11613
11596.3
11602.9
11624.7
11683.8
11722.1
11708.8
11712.7
11760
11809.9
11866
11944.2
12078.8
12196.5
12270.9
12355
12464.7
12578.2
12701.9
12822
12932.4
13053.6
13204
13344
13456.1
13568.7
13682.7
13794.4
13899.8
13996.2
14067.6
14152.7
14276.1
14380.9
14432.8
14473.8
14483.3
14502.1
14547.7
14588.3
14614
14620.4
14569.8
14529.7
14521.6
14519.3
14535.1
14527.3
14447.3
14376
14331.7
14289.3
14252.5
14206.6
14131.9
14062.5
14010.3
13958.4
13907.7
13857.1
13807
13755.5
13699.2
13641.1
13577.4
13520.9
13488.8
13447.5
13374.7
13306.9
13256.5
13217.6
13218.5
13203.4
13131.9
13075.3
13072.3
13062.8
13029.8
12997.5
12968.2
12950.6
12975.8
12977.7
12891.7
12827.3
12844.8
12850
12807.7
12765.6
12724.4
12699
12735.3
12747.5
12663.5
12587.7
12545.3
12510.1
12504.9
12492.2
12448.9
12409.4
12385.4
12356.6
12307.4
12263.4
12241.5
12210.5
12140.5
12073.7
12021.5
11969.5
11918.9
11860.1
11764.6
11682.2
11660.3
11620.7
11499.9
11388.4
11321.2
11245.7
11131.1
11023
10946.3
10869.8
10794.1
10715.6
10622.4
10524
10399.5
10289.4
10252.6
10207.2
10116.9
10028.9
9953.52
9879.67
9814.24
9753.82
9720.55
9681.19
9608.36
9536.13
9467.2
9399.76
9340.82
9281.55
9220.41
9160.6
9108.55
9058.99
9024.22
8983.77
8908.94
8840.02
8807.35
8771.1
8712.45
8656.44
8617.08
8577.96
8540.39
8502.47
8462.21
8425.14
8409.36
8391.57
8360.2
8331.32
8319.63
8304.65
8266.49
8233.4
8236.7
8240.21
8245.31
8249.06
8242.87
8238.24
8245.43
8254.07
8273.85
8292.14
8298.74
8305.17
8310.37
8313.02
8294.84
8276.69
8258.81
8243.24
8247.43
8249.74
8235.55
8221.97
8213.78
8210.01
8246.47
8276.44
8245.97
8222.04
8260.3
8293.28
8274.8
8256.52
8240.34
8227.92
8254
8275.6
8250.43
8225.67
8205.39
8181.43
8116.99
8055.83
8031.66
8005.15
7951.6
7896.04
7816.52
7740.49
7707.22
7673.34
7631.78
7588.06
7516.23
7447.13
7414.46
7380.81
7333.66
7285.59
7224.55
7161.99
7077.07
6995.07
6957.41
6919.32
6874.46
6829.39
6780.84
6733.19
6700.82
6666.16
6591.34
6518.38
6479.62
6439.07
6364.44
6291.37
6249.22
6205.53
6130.31
6055.39
5987.26
5919.13
5851.2
5782.35
5691.64
5601.95
5537.91
5473.73
5405.8
5337.56
5260.74
5183.47
5093.06
5003.07
4926.34
4849.93
4784.4
4718.42
4636.3
4554.85
4499.91
4444.9
4387.15
4329.17
4259.94
4190.75
4123.82
4057.24
4011.89
3966.56
3923
3879.22
3818.38
3757.45
3687.92
3618.32
3541.39
3464.42
3379.7
3294.76
3164.08
3033.43
2910.45
2787.45
2634.79
2482.14
