-36.5815
4.47829
45.5381
54.4779
63.3691
61.7075
60.0092
61.9872
63.9852
64.0991
64.199
61.2309
58.2339
61.3607
64.5576
63.0228
61.4243
59.6291
57.8309
56.229
54.6306
57.9316
61.3283
60.422
59.423
60.7664
62.165
62.8818
63.5811
59.2257
54.7301
53.2418
51.8432
52.0904
52.3901
56.9411
61.6365
59.3894
56.8919
56.4151
56.0155
55.4238
54.8244
56.7167
58.7147
58.3218
57.8223
57.5136
57.2139
58.4382
59.7369
55.0473
50.0522
55.5863
61.6803
57.2669
52.2718
56.6288
61.524
56.6151
51.1205
53.2459
55.8434
54.0285
51.9306
54.8915
58.1883
57.9325
57.433
56.8402
56.2408
57.3171
58.516
58.4142
58.2144
58.2
58.2
54.9622
51.4656
51.3846
51.5844
53.4423
55.4404
56.6111
57.71
55.3234
52.6261
55.695
59.2915
53.572
46.9785
50.6834
55.3788
53.8902
51.7923
52.5982
53.6971
53.2567
52.6573
53.0518
53.5513
52.6984
51.6994
53.939
56.5365
54.466
51.8686
51.5104
51.4105
51.3106
51.2107
52.3593
53.658
52.2873
50.5889
52.6197
55.1172
56.8175
58.4159
55.3293
51.6329
52.6112
54.2096
53.2559
51.9572
54.6099
57.8067
54.6955
50.6994
51.9483
53.9464
51.4961
48.3992
48.8702
49.8693
50.8683
51.8673
50.4406
48.6423
51.5982
55.2946
52.264
48.168
48.0302
48.5297
50.8321
53.4296
53.4574
53.0578
50.4362
47.4391
49.0463
51.444
50.6941
49.3954
49.9638
50.863
50.6613
50.2617
49.5241
48.7249
48.3471
48.0474
48
48
49.0906
50.3893
49.3445
47.846
48.6855
49.9842
49.117
47.8183
49.844
52.5413
54.3266
55.925
54.2147
51.8171
51.6476
51.9473
52.0823
52.1822
50.4752
48.3773
50.4581
53.4551
52.6921
51.0937
53.8171
57.5135
56.4917
54.3937
53.8377
53.6379
53.1142
52.5148
54.096
56.1939
57.5668
58.7656
55.7852
51.7891
53.9664
57.6628
56.1606
53.3633
56.6295
61.4248
63.1163
64.0154
62.9297
61.3313
63.3758
66.3729
65.736
64.1376
64.1152
64.5148
63.8925
62.9934
62.8784
62.9783
65.4247
68.5216
68.1077
66.7091
67.8008
69.5991
72.0183
74.6158
75.8969
76.796
75.378
73.2801
74.1867
75.985
77.1684
78.1675
76.7903
74.6924
75.4997
77.198
78.2101
79.0093
77.9069
76.2086
78.6829
82.4792
84.0053
84.8046
83.0376
80.4402
83.1123
87.508
86.798
84.4003
84.5489
85.5479
85.7253
85.6254
87.5369
90.1343
93.029
96.0261
97.0964
97.496
99.7433
102.64
107.823
113.817
114.959
114.359
113.833
113.334
116.783
121.678
126.573
131.469
138.473
146.266
152.244
157.539
162.328
166.923
175.126
184.717
190.35
194.446
203.78
215.169
224.482
232.974
247.532
264.515
280.858
296.942
309.407
320.396
334.075
348.86
374.586
404.856
427.877
447.857
467.978
488.158
512.888
539.562
566.934
594.607
618.66
641.138
669.585
700.655
734.769
770.235
802.594
833.564
866.736
900.902
934.589
968.056
1004.74
1042.9
1083.52
1125.28
1174.86
1228.11
1259.65
1280.93
1315.19
1355.66
1393.15
1429.21
1463.53
1497
1531.47
1566.43
1593.31
1616.19
1636.67
1655.95
1674.3
1692.18
1716.03
1742.9
1765.68
1786.36
1800.18
1810.47
1829.96
1854.24
1870.2
1881.78
1884.88
1883.49
1889.7
1899.99
1913.98
1929.97
1931.26
1924.57
1921.88
1921.38
1915.09
1905.6
1907.52
1915.81
1924.94
1934.53
1934.81
1929.82
1932.7
1940.09
1935.14
1923.05
1924.79
1934.58
1941.03
1945.53
1944.5
1940.2
1931.84
1921.05
1919.87
1924.46
1920.17
1910.48
1912.81
1922.5
1920.27
1910.68
1907.74
1908.94
1896.45
1875.37
1870.26
1875.25
1872.14
1863.85
1857.44
1852.24
1848.68
1846.19
1836.08
1820.99
1805.85
1790.66
1765.46
1733.59
1716.97
1710.58
1692.32
1666.05
1643.93
1624.65
1614.02
1609.32
1596.01
1576.73
1564.68
1557.69
1550.58
1543.38
1532.68
1519.5
1509.57
1501.98
1496.48
1492.48
1490.57
1490.17
1488.56
1486.06
1477.87
1465.49
1464.72
1472.62
1465.16
1446.17
1446.25
1460.73
1465.53
1462.93
1458.58
1452.88
1449.84
1448.84
1447.61
1446.22
1442.25
1436.25
1436.55
1441.85
1440.04
1432.54
1421.01
1406.23
1392.82
1380.53
1366.98
1352.4
1334.64
1314.26
1303.53
1300.83
1293.13
1281.25
1269.79
1258.7
1241.35
1218.68
1207.66
1206.66
1200.9
1191.01
1181.38
1171.99
1155.8
1133.62
1117.21
1105.93
1094.11
1081.82
1072.27
1065.17
1058.08
1050.99
1047.08
1046.08
1040.82
1031.63
1029.89
1035.09
1033.37
1025.18
1021.25
1021.35
1018.33
1012.33
1009.6
1010
1006.29
998.595
998.14
1004.73
1001.14
987.557
985.571
995.061
991.246
974.163
967.493
971.29
965.209
949.125
937.539
930.546
922.519
913.428
899.138
879.457
865.003
856.012
844.588
830.602
818.457
808.267
799.525
792.332
784.755
776.762
765.371
750.286
744.641
749.336
746.577
735.588
724.93
714.64
706.422
700.528
689.288
672.005
658.504
649.313
633.984
611.606
594.969
584.979
572.315
556.53
542.353
530.065
513.891
493.111
474.79
459.405
444.382
429.797
416.655
405.266
396.888
392.193
385.618
376.727
367.123
356.633
349.869
347.771
342.935
334.644
328.857
326.26
324.362
323.363
322.8
322.8
322.236
320.937
322.358
327.354
329.77
328.771
329.441
332.338
338.727
349.816
360.566
370.856
382.876
397.262
415.931
440.507
464.54
487.817
515.504
549.371
591.147
644.095
691.974
732.634
784.943
853.976
928.478
1010.9
1097.18
1189.09
1283.66
1382.17
1483.53
1589.12
1693.16
1794.86
1907.24
2035.71
2156.97
2267.26
2382.37
2504.85
2617.87
2716.27
2826.63
2955.6
3079.75
3196.34
3309.41
3416.9
3515.32
3599.23
3699.96
3827.73
3943.89
4041.2
4142.86
4251.65
4370.39
4505.56
4647.44
4800.49
4941.75
5063.23
5193.1
5337.16
5485.02
5639.37
5791.26
5938.91
6086.9
6235.45
6393.23
6567.16
6728.92
6869.18
7010.48
7153.64
7307.2
7479.43
7638.09
7772.16
7911.14
8059.09
8217.91
8396.73
8552.81
8666.59
8805.58
8991.8
9164.05
9309.91
9444.5
9557.59
9669.68
9779.88
9896.86
10027
10148.5
10253
10349.7
10430.9
10529.7
10663.3
10762.5
10792.5
10841.6
10929.5
11010.5
11077.2
11127
11141.8
11160
11185.4
11209.1
11229.4
11244.7
11249.4
11257.4
11272.3
11286.5
11298.9
11309.1
11314.5
11307.8
11274.4
11240.2
11204.3
11176.9
11168.8
11148.3
11099.6
11044.9
10976.4
10916.7
10877.4
10832.9
10776.2
10717.3
10653.2
10594.2
10546.9
10491.4
10416.2
10366.5
10378.6
10388.5
10393.1
10394.1
10386.1
10385.6
10403.9
10424
10448.4
10476.7
10514.3
10557
10612.3
10681.5
10786.3
10873.7
10915.7
10972.8
11069.4
11163.9
11252.8
11337.5
11410.7
11490.8
11589.5
11689.5
11793
11900.6
12019.6
12130.8
12220.6
12303.9
12369.2
12427.1
12463.5
12506.5
12568.1
12611.2
12600.2
12601.3
12638.2
12663.8
12655.9
12651.4
12657.2
12654.4
12625.6
12596.8
12568.3
12539.4
12509.1
12481.6
12462.9
12439.9
12403.9
12356.4
12272.5
12206.9
12200.4
12181.4
12121.9
12061.2
11996.5
11930.3
11858.5
11792.4
11745.3
11707.4
11701.3
11670.1
11551.9
11473.6
11534.6
11568.4
11506.1
11450.2
11417.1
11382.2
11340.6
11303.4
11282
11255
11207
11171.6
11183.2
11190.4
11181
11163.7
11115.6
11074.1
11058.3
11044.2
11037.3
11026.8
11002
10973.5
10929.8
10893.5
10887.1
10872.9
10826
10781.9
10749.2
10712.3
10657.5
10609.6
10591.4
10572
10547.7
10507.5
10397.8
10313.2
10340.2
10343.7
10240.5
10150.9
10123.9
10083.4
9981.04
9885.89
9824.85
9767.35
9726.69
9674.79
9568.59
9473.67
9434.01
9382.63
9273.04
9175.69
9140.03
9097.17
9017.55
8939.15
8867.12
8796.21
8731.17
8663.22
8579.7
8496.68
8416.36
8341.05
8293.3
8242.39
8173.86
8110.66
8077.69
8043.49
8002.23
7955.82
7879.3
7809.22
7777.45
7743.54
7696.69
7654
7636.92
7611.69
7535.67
7465.67
7433.9
7399.32
7346.57
7299.19
7287
7271.61
7234.84
7200.03
7178.45
7158.54
7150.15
7137.03
7090.67
7048.38
7035.2
7025
7036.58
7044.3
7023.22
7006.54
7023.23
7034.38
7002.81
6975.97
6986.36
6997.3
7012.69
7026.07
7023.08
7020.44
7020.84
7020.04
7008.95
6999.21
7001.31
7004.11
7013.1
7019.03
6997.15
6978.93
6994.72
7009.88
7019.17
7028.47
7037.86
7046.36
7045.96
7042.98
7013.61
6987.33
6993.42
6998.09
6987.4
6975.58
6951.41
6925.59
6881.23
6838.5
6814.63
6788.24
6732
6676.23
6626.28
6576.62
6530.67
6484.96
6442.5
6399.58
6350.43
6301.89
6261.83
6220.36
6158.92
6099.47
6069.2
6037.12
5977.47
5920.56
5906.58
5890.3
5836.65
5784.03
5748.87
5713.03
5665.48
5617.99
5571.53
5526.3
5504.22
5480.62
5426.87
5371.5
5282.48
5196.64
5179.35
5159.46
5080.34
5002.8
4963.14
4922.59
4859.65
4795.88
4709.97
4625.46
4580.5
4534.97
4472.13
4409.18
4342.64
4275.84
4199.91
4124.39
4063.65
4003.2
3954.14
3904.53
3830.6
3757.1
3703.65
3650.39
3607.03
3563.45
3506.3
3449.48
3414.32
3378.87
3322.03
3265.11
3201.17
3137.34
3085.79
3034.1
2961.77
2889.46
2820.33
2751.15
2667.13
2583.08
2468.4
2353.71
