-27.9815
13.0783
54.1381
59.7861
65.3806
62.3138
59.2168
60.4917
61.7904
62.4941
63.1934
61.7155
60.2169
60.5951
60.9947
63.1687
65.3665
63.2356
61.0378
60.5091
60.0095
61.5678
63.1662
62.4176
61.6184
63.4543
65.3525
62.8675
60.2701
59.2279
58.2289
59.8492
61.5475
59.7605
57.8624
60.9884
64.2852
60.7359
56.9396
56.0302
55.2309
57.0246
58.9227
58.425
57.8256
59.5215
61.3197
61.2091
61.0093
59.5713
58.0727
57.4297
56.8303
57.5588
58.3581
59.1573
59.9565
60
60
60.0943
60.1942
60.3881
60.5879
61.6326
62.7316
62.5189
62.2192
60.2368
58.1388
58.653
59.3523
60.6102
61.9089
59.1201
56.0231
59.0446
62.5412
59.0072
54.9112
55.6154
56.7143
56.3394
55.8399
55.8
55.8
59.469
63.465
59.9558
55.7599
56.77
58.2685
58.7645
59.1641
58.0177
56.719
54.4221
52.0244
55.0598
58.6563
57.8254
56.5266
58.4736
60.7714
61.0899
61.1898
58.6865
55.8893
53.6294
51.4316
53.8812
56.8783
58.716
60.4144
59.8881
59.0889
58.9112
58.8113
58.8
58.8
56.1481
53.151
55.1814
57.8788
59.9601
61.9581
60.2682
58.0703
57.4495
57.0499
55.3391
53.4409
57.3866
62.1819
61.2335
59.4353
59.3736
59.5734
59.0802
58.4808
60.5609
63.0585
59.864
55.768
58.814
63.0098
59.1357
53.9408
55.427
58.0245
59.0837
59.8829
61.1937
62.5923
62.6298
62.43
65.2856
68.6823
69.1153
69.0154
66.1276
62.731
65.7399
69.9358
67.825
64.5283
66.0973
68.5949
68.8326
68.6328
72.6081
77.4034
73.3682
67.5739
70.3399
74.8355
75.1025
74.5031
75.2272
76.2262
80.031
84.4267
82.8948
80.0976
80.5034
81.6024
84.8316
88.528
88.7095
88.1101
92.2403
97.4352
101.166
104.562
104.551
103.751
103.681
103.781
102.912
101.813
106.595
112.789
113.196
112.197
118.093
125.686
126.96
126.66
127.797
129.295
130.635
131.933
132.517
132.917
135.455
138.552
142.597
146.893
148.115
148.515
151.115
154.312
154.294
153.395
159.535
167.627
173.067
177.762
179.889
181.288
180.824
179.825
182.31
185.807
189.535
193.331
191.966
189.069
191.397
195.293
200.339
205.734
206.771
206.471
210.442
215.736
215.783
214.184
216.759
220.655
221.449
221.249
221.124
221.025
223.484
226.781
232.105
238.099
239.899
240.299
240.176
239.876
243.674
248.869
253.172
257.168
260.423
263.42
265.752
267.85
274.444
282.636
289.358
295.552
298.446
300.145
309.082
320.671
324.019
324.318
338.001
356.683
365.572
370.767
384.426
401.309
411.483
419.076
429.33
440.619
455.711
472.295
482.725
490.717
501.635
513.723
527.519
542.005
563.801
588.577
603.231
613.721
624.281
634.871
654.54
678.017
696.721
713.405
728.269
742.355
754.906
766.794
787.452
811.928
839.389
868.161
883.713
893.404
914.344
940.318
966.155
991.93
1014.14
1034.72
1059.74
1086.82
1103.86
1116.25
1146.73
1185.69
1211.09
1230.07
1249.32
1268.7
1291.52
1316
1340.27
1364.45
1383.87
1400.95
1408.27
1410.77
1426.33
1448.41
1472.08
1496.56
1508.05
1512.94
1531.71
1557.59
1572.2
1580.99
1582.23
1579.53
1584.3
1592.99
1596.06
1596.16
1598.87
1602.96
1615.63
1632.91
1630.26
1616.78
1609.22
1604.93
1610.28
1620.97
1621.02
1615.12
1610.44
1606.45
1612.33
1623.82
1628.89
1630.29
1628.52
1624.92
1620.19
1614.79
1621.8
1636.09
1646.48
1654.57
1650.28
1638.59
1649.1
1672.98
1684.24
1687.83
1688.95
1688.55
1689.39
1690.99
1710.87
1742.14
1750.52
1744.52
1751.25
1766.04
1770.4
1768.1
1777.17
1793.55
1793.52
1782.83
1781.98
1787.58
1789.08
1787.88
1775.94
1756.86
1748.42
1747.12
1738.19
1724.11
1717.98
1717.28
1720.08
1725.27
1722.15
1713.25
1710.36
1711.66
1712.26
1712.36
1713.86
1716.36
1722.23
1730.53
1727.9
1717.41
1711.73
1709.53
1712.35
1718.84
1714.7
1702.72
1701.78
1709.07
1712.08
1711.89
1720.67
1736.26
1738.41
1730.32
1729
1732.9
1734.15
1733.35
1735.41
1739.71
1737.24
1729.45
1731.12
1740.31
1741.4
1736.01
1732.99
1731.89
1722.25
1705.67
1705.5
1718.79
1719.6
1710.11
1701.98
1694.99
1698.59
1711.08
1710.3
1698.31
1685.36
1671.57
1665.68
1666.58
1667.27
1667.77
1664.69
1658.5
1648.37
1634.78
1633.8
1643.99
1643.94
1634.75
1629.98
1629.18
1627.7
1625.6
1623.19
1620.49
1613.07
1601.28
1594.05
1591.05
1593.78
1601.87
1603.23
1598.23
1592.52
1586.13
1582.08
1580.28
1583.77
1592.36
1602.72
1614.81
1621.56
1623.05
1621.59
1617.19
1613.3
1609.9
1602.27
1590.38
1587.72
1594.42
1597.8
1597.8
1603.71
1615.7
1613.76
1597.37
1595.4
1608.49
1613.5
1610
1610.43
1615.02
1618.94
1622.14
1620.1
1612.41
1613.43
1623.92
1632.97
1640.47
1639.27
1628.48
1629.13
1642.52
1644.23
1632.84
1623.38
1616.08
1611.64
1610.44
1606.59
1599.7
1586.51
1566.03
1551.26
1543.17
1531.36
1515.18
1503.02
1495.62
1478.03
1448.26
1425.74
1411.96
1400.43
1391.64
1377.63
1357.25
1340.94
1329.65
1331.19
1348.68
1348.73
1326.95
1310.74
1301.55
1305.72
1326.9
1333.46
1321.27
1315.14
1316.84
1316.02
1311.92
1311.63
1316.32
1326.95
1345.43
1364.47
1384.25
1398.62
1405.72
1419.04
1440.82
1463.1
1486.08
1509.6
1533.88
1563.42
1600.29
1634.57
1665.24
1700.34
1741.7
1775.19
1797.47
1837.38
1902.62
1963.32
2017.47
2067.11
2110.17
2152.9
2195.16
2235.08
2271.55
2303.81
2329.78
2373.09
2442.52
2503.67
2552.22
2594.18
2626.05
2660.63
2699.39
2734.48
2763.85
2796.53
2834.39
2869.86
2901.53
2941.51
2994.75
3040.38
3073.75
3114.62
3167.67
3216.36
3257.92
3306.26
3365.8
3423.06
3476.51
3541.07
3624.29
3688.51
3720.58
3777.12
3875.42
3960.54
4022.98
4093.09
4176.51
4249.79
4305.34
4373.45
4463.77
4545.63
4612.47
4679.88
4748.31
4818.48
4891.81
4966.16
5042.39
5122.41
5209.42
5283.23
5332.48
5400.64
5504.24
5589.76
5641.11
5697.72
5764.35
5827.74
5884.89
5950.28
6031.7
6092.66
6113.54
6154.56
6235.38
6298.85
6327.72
6360.51
6401.17
6446.31
6500.56
6543.1
6561.68
6576.29
6582.68
6586.03
6583.03
6579.45
6574.66
6574.63
6584.72
6591.19
6589.89
6601.11
6639.37
6658.5
6635.92
6614.75
6596.66
6579.95
6566.26
6550.17
6528.69
6498.14
6447.09
6412.54
6415.64
6410.24
6385.26
6347.18
6278.65
6220.72
6187.65
6156.81
6131.23
6105.54
6079.56
6056.57
6040.79
6029.19
6027.79
6027.09
6028.09
6027.34
6022.24
6021.56
6031.95
6053.46
6103.11
6148.75
6184.11
6222.38
6268.13
6312.86
6354.92
6400.78
6456.62
6506.16
6538.93
6581.46
6650.19
6708.1
6736.67
6777.51
6851.94
6923.45
6986.88
7037.87
7054.05
7082.26
7144.4
7200.31
7238.47
7272.39
7294.06
7311.91
7318.6
7333.03
7370.19
7390.22
7359.35
7342.22
7366.29
7382.17
7373.18
7362.05
7344.37
7318.79
7268.74
7226.74
7209.95
7197.39
7198.19
7185.24
7128.29
7082.01
7070.23
7050.62
7005.47
6965.14
6940.76
6915.24
6885.86
6858.86
6839.88
6820.02
6797.14
6770.14
6728.88
6688.18
6649.41
6622.92
6639.81
6644.55
6605.89
6578.11
6589.7
6599.31
6601.71
6593.02
6543.27
6502.02
6492.63
6487.26
6497.15
6498.41
6466.54
6436.88
6415.8
6399.55
6402.24
6399.4
6374.53
6358.26
6376.64
6383.25
6341.89
6304.49
6283.41
6260.34
6228.97
6200.81
6186.23
6169.77
6145.29
6124.78
6121.49
6111.62
6072.86
6035.65
6005.38
5976.11
5951.33
5923.35
5880.69
5840.19
5809.72
5777.76
5738.8
5695.46
5631.22
5570.6
5527.44
5489.75
5478.86
5457.08
5381.15
5312.49
5280.42
5248.17
5215
5179.7
5133.35
5090.19
5063.81
5034.93
4992.67
4947
4882.87
4828.66
4829.06
4823.34
4783.48
4740.69
4681.24
4631.01
4633.81
4626.69
4561.55
4504.89
4498.6
4490.44
4471.06
4452.69
4440.5
4424.31
4383.15
4344.32
4320.24
4299.64
4301.44
4297.5
4255.94
4214.56
4174.4
4138.63
4132.64
4128.6
4138.09
4141.39
4101.13
4065.79
4065.69
4066.41
4073.1
4077.84
4068.05
4058.73
4053.04
4050.87
4075.95
4099.66
4112.65
4121.38
4095.9
4071.82
4059.13
4050.61
4076.88
4098.48
4080.2
4062.81
4053.22
4045.01
4049.11
4053.54
4061.03
4067.36
4062.87
4059.38
4065.47
4070.55
4065.76
4062.14
4070.23
4076.41
4063.13
4051.1
4052.3
4052.5
4041.91
4030.68
4012.39
3996.57
4008.56
4017.08
3985.31
3952.15
3902.5
3854.62
3828.45
3801.78
3768.91
3738.45
3739.15
3737.05
3697.48
3657.82
3616.66
3576.87
3556.59
3536.64
3521.55
3506.26
3487.88
3467.79
3420.84
3376.6
3376.7
3374.58
3334.92
3295.58
3261.92
3229.13
3212.45
3196.37
3191.77
3184.86
3132.01
3080.71
3061.32
3041.23
3005.66
2970.26
2938.49
2906.83
2877.86
2848.22
2801.66
2755.67
2724.6
2693.38
2657.92
2622.44
2586.47
2550.13
2501.78
2454.14
2431.07
2407.76
2375.89
2343.53
2291.58
2240.19
2213.01
2185.8
2156.52
2127.31
2101.03
2074.72
2046.05
2017.37
1987.89
1958.36
1923.99
1889.52
1845.06
1800.85
1783.66
1766.32
1725.16
1684.01
1646.45
1608.81
1544.57
1480.34
1425.7
1371.05
