-60.5749
-4.92942
50.716
53.992
57.1889
53.1182
49.0222
49.6955
50.3948
53.1766
55.9738
53.6247
51.2271
51.2
51.2
49.9185
48.6198
50.3708
52.1691
53.4764
54.7751
51.8603
48.8632
50.0713
51.37
53.8399
56.3375
56.0104
55.6108
52.4894
49.2925
49.685
50.1845
51.9426
53.7409
52.5439
51.2452
49.9465
48.6478
47.1566
45.658
48.577
51.6739
50.0749
48.2767
50.8779
53.6752
54.9453
56.1441
52.39
48.394
49.8159
51.5142
52.0743
52.5738
49.0029
45.2066
47.0782
49.2761
48.8344
48.235
49.1407
50.1397
48.0408
45.743
46.9115
48.3102
48.213
48.0132
46.1342
44.1361
44.6516
45.351
48.2799
51.3768
49.6532
47.5553
45.3648
43.167
45.0308
47.2287
45.4655
43.3676
46.8768
50.8729
50.0993
48.9005
47.7016
46.5028
46.4913
46.5912
46.9645
47.3641
46.3996
45.3007
44.111
42.9122
43.1622
43.5618
44.5035
45.5025
47.313
49.2111
48.1405
46.7419
47.4977
48.4967
50.5705
52.7684
48.9781
44.4825
44.4459
44.9454
45.3559
45.7555
46.8654
48.0643
45.8966
43.2991
41.4973
39.7989
40.482
41.481
43.1841
44.9823
45.1122
45.0123
45.3504
45.75
47.1112
48.6098
45.3111
41.315
44.107
47.9032
47.7053
46.9061
46.1069
45.3077
44.5085
43.7093
44.2037
44.903
45.5163
46.1157
45.0839
43.7852
46.084
48.9812
47.5199
45.322
46.0232
47.222
46.8896
46.2902
46.879
47.6782
49.2395
50.9378
48.0742
44.3778
46.6657
50.0623
49.7591
48.7601
48.2644
47.8648
50.1435
52.9408
53.567
53.7668
53.8
53.8
53.9662
54.166
52.9563
51.4577
52.358
53.7567
53.1748
52.1757
52.0823
52.1822
53.3498
54.7485
57.7858
61.1825
58.1217
53.6261
52.8815
52.9814
54.0575
55.3562
58.1969
61.3937
61.4333
60.734
62.4575
64.7552
67.4558
70.2531
70.7196
70.6197
68.2749
65.3778
69.3587
75.0531
76.1202
76.0203
75.4429
74.7436
78.1726
82.6682
85.1047
87.0028
85.978
84.1798
82.7755
81.4768
82.1433
83.3421
87.599
92.694
90.8278
87.0315
89.0867
92.7831
95.0786
96.9768
97.1671
96.8674
97.7292
98.928
100.358
101.857
103.895
106.093
108.982
112.079
111.88
110.681
112.388
114.985
113.693
111.196
114.479
119.574
120.193
119.394
119.805
120.604
123.592
127.289
125.791
122.594
124.728
128.624
130.349
131.348
133.766
136.663
137.027
136.528
139.298
143.194
142.94
141.242
148.634
159.224
164.432
167.729
168.747
168.947
173.986
180.779
189.401
198.691
200.835
200.336
207.255
216.946
227.579
238.568
246.664
253.657
266.71
282.095
295.538
308.225
319.693
330.682
345.536
361.92
377.233
392.118
407.858
423.942
448.33
476.103
498.921
519.701
538.222
555.805
581.552
610.724
637.719
663.794
688.888
713.564
748.43
787.692
820.411
850.282
886.954
926.615
958.663
987.335
1022.91
1061.57
1103.95
1148
1189.66
1230.22
1272.83
1316.39
1355.17
1391.74
1428.1
1464.36
1512.43
1566.08
1603.08
1632.15
1669.59
1711.05
1745.72
1777.09
1805.37
1832.14
1858.52
1884.69
1907.6
1928.88
1954.34
1981.92
1999.22
2011.31
2024.52
2038.3
2052.29
2066.37
2077.24
2086.43
2097.13
2108.62
2108.55
2102.36
2102.35
2105.64
2118.29
2135.97
2139.22
2134.63
2129.9
2125.11
2123.14
2122.74
2121.77
2120.47
2121.21
2123.11
2121.44
2117.74
2126.44
2142.22
2148.38
2148.98
2141.87
2130.29
2121.03
2113.13
2109.63
2108.74
2108.34
2108.24
2101.78
2091.49
2081.13
2070.74
2064.44
2060.65
2059.88
2060.98
2069.22
2081.91
2085.51
2083.41
2076.36
2066.17
2060.31
2057.21
2054.3
2051.5
2038.22
2018.14
2000.41
1984.23
1970.57
1958.59
1942.04
1922.46
1891.15
1851.99
1830.89
1822
1811.33
1799.44
1787.26
1774.87
1763.6
1753.11
1742.62
1732.13
1725.04
1720.35
1718.28
1718.08
1713.63
1706.14
1701.08
1697.79
1688.7
1675.42
1667.2
1662.71
1658.67
1654.98
1653
1652.3
1654.34
1658.43
1654.97
1645.78
1641.74
1641.64
1646.57
1655.36
1652.44
1640.46
1634.13
1632.24
1633.3
1636.7
1633.3
1624.51
1616.38
1608.79
1593.78
1572.8
1551.83
1530.85
1525.63
1533.32
1528.97
1514.69
1499.75
1484.26
1467.69
1450.21
1436.51
1426.03
1411
1392.12
1380.66
1375.56
1366.67
1354.48
1348.75
1348.65
1338.45
1319.36
1307.01
1300.62
1295.38
1291.19
1283.78
1273.49
1264.25
1255.96
1254.19
1258.39
1252.03
1235.95
1230.32
1234.42
1239.49
1245.49
1246.6
1243.1
1235.66
1224.48
1219.51
1220.51
1217.9
1211.81
1215.78
1229.57
1224.15
1199.87
1193.32
1204.31
1208.9
1207.1
1196.83
1178.05
1164.13
1155.14
1147.19
1140.29
1134.48
1129.79
1115.58
1091.5
1078.95
1078.46
1075.91
1071.22
1058.14
1036.16
1026.2
1029.1
1025.41
1014.62
1005.79
999.099
995.695
995.895
993.911
989.515
985.592
982.196
976.209
967.318
960.584
956.288
940.458
911.487
890.001
877.114
865.153
854.263
837.564
814.087
795.936
784.048
771.565
758.378
740.138
715.862
696.934
684.446
672.636
661.646
654.432
651.834
647.537
641.143
636.442
633.844
625.526
610.041
598.618
592.325
587.525
584.628
580.987
576.391
577.198
584.99
583.589
570.202
567.262
578.052
585.962
590.058
596.849
607.239
617.884
628.873
644.568
666.646
687.627
707.108
727.849
750.327
777.696
811.862
846.695
882.46
924.063
973.914
1027.06
1084.91
1149.84
1224.97
1302.18
1382.4
1467.01
1558.02
1647.21
1733.73
1827.36
1931.56
2032.96
2130.16
2243.82
2382.29
2485.5
2535.16
2607.45
2714.45
2812.3
2896.01
2984.81
3081.51
3182.96
3291.85
3391.39
3476.11
3552.24
3614.68
3694.61
3802.71
3904.67
3996.68
4092.4
4194.2
4305.13
4431.1
4555.43
4677.01
4801.57
4931.15
5067.44
5215.09
5346.51
5450.21
5573.22
5729.46
5869.97
5983.16
6099.8
6222.48
6345.7
6469.88
6598.8
6736.17
6875.85
7019.71
7168.72
7327.07
7476.68
7610.35
7745.6
7883.77
8006.52
8100.63
8208.88
8343.65
8477.35
8609.02
8734.74
8849.13
8959.08
9060.48
9163.92
9271.31
9364.15
9428.49
9498.1
9578.12
9649.43
9703.37
9767.41
9851.73
9921.2
9960.56
9988.74
9994.03
10006.8
10035
10060.6
10080.8
10095.8
10099.5
10102.2
10103
10113.3
10143.6
10165.4
10168.5
10153.1
10097.6
10061.9
10070
10072.3
10061.6
10024.1
9926.47
9858.46
9857.36
9832.24
9752.32
9666.32
9566.32
9485.7
9450.13
9407.64
9348.9
9283.54
9202.52
9146.31
9149.41
9147.03
9131.45
9121.88
9126.98
9145.15
9195.51
9226.04
9207.35
9211.78
9274.11
9345.76
9440.97
9523.95
9575.7
9628.04
9681.88
9740.25
9810.38
9900.07
10041.2
10161
10223.8
10294.8
10387.7
10489.5
10615.5
10724.9
10788.7
10862.7
10964.7
11055.9
11116.9
11182.1
11259
11330.5
11386.2
11429.6
11437.3
11452.6
11490
11524
11547.8
11556
11517.9
11485.3
11468.8
11453.3
11440.7
11425.3
11401.2
11381.5
11375.5
11351.9
11273.1
11207.4
11183.3
11149.9
11086.7
11034.2
11016.4
10983.2
10899.5
10825.4
10783.2
10750.9
10751.2
10741.3
10697
10653.4
10611.7
10567.1
10512.4
10471.1
10476.9
10478.3
10464.2
10435.8
10356
10298.1
10318.9
10328.3
10296.1
10266.8
10247.8
10230.2
10217.9
10203.4
10180.3
10162.1
10162.8
10153.4
10104.5
10061.1
10038.7
10015.2
9987.21
9963.98
9959.89
9956.07
9953.37
9941.93
9894.37
9848.73
9811.06
9779.95
9776.55
9767.28
9732.81
9700.85
9679.77
9654.36
9609.91
9563.97
9511.42
9458.75
9405.5
9344.96
9251.05
9164.57
9112.52
9064.64
9036.37
8993.8
8883.11
8781.46
8723.52
8660.38
8571.76
8489.21
8436.76
8385.4
8339.55
8289.77
8219.94
8150.56
8083.53
8020.9
7981.43
7930.18
7815.99
7716.31
7695.24
7670.62
7626.56
7582.96
7541.9
7501.4
7464.03
7423.89
7367.75
7318.12
7306.63
7291.2
7252.34
7210.68
7152.14
7099.05
7079.47
7057.53
7020.87
6981.52
6925.18
6870.78
6828.92
6789.36
6764.88
6741.62
6726.43
6712.69
6708.69
6702.34
6679.77
6657.61
6638.43
6619.97
6606.68
6598.23
6625
6648.84
6650.83
6651.98
6646.69
6640.44
6626.85
6617.14
6637.92
6653.09
6623.22
6600.79
6639.36
6671.38
6648.7
6626.26
6605.88
6589.03
6602.91
6613.77
6597.58
6584.72
6602.1
6617.08
6609.69
6605.89
6636.26
6663.28
6657.68
6650.02
6621.75
6596.98
6607.97
6615.38
6585.41
6555.84
6530.46
6506.3
6495.51
6482.01
6437.85
6395.05
6367.98
6339.17
6289.72
6239.48
6179.64
6123.09
6108
6089.23
6022.6
5957.76
5917
5875.44
5822.79
5770.64
5725.58
5681.79
5656.62
5629.32
5569.67
5511.73
5480.46
5449.57
5424.79
5399.34
5362.48
5325.32
5283.06
5241.01
5202.64
5164.04
5120.78
5076.83
5019.29
4961.4
4896.37
4832.57
4795.71
4757.12
4679.4
4602.79
4552.94
4502.21
4429.28
4357.01
4302.06
4246.77
4181.73
4116.81
4055.27
3993.5
3924.57
3856.02
3800.58
3745.33
3697.48
3649.43
3593.79
3538.01
3476.57
3415.59
3376.23
3336.8
3294.04
3251.3
3209.44
3167.59
3126.43
3085.08
3028.63
2972.16
2913.02
2853.94
2801.89
2749.69
2675.96
2602.17
2515.06
2427.84
2305.46
2183.09
2071.2
1959.31
