-70.1774
-20.1264
29.9245
35.3866
40.7813
40.2026
39.6032
38.9045
38.2052
39.2908
40.3897
36.0454
31.6497
32.3902
33.1894
37.1431
41.1391
38.7405
36.2429
37.28
38.3789
37.6161
36.8168
37.4845
38.1839
34.8817
31.485
34.4194
37.5164
37.9888
38.3884
37.6239
36.8247
35.0573
33.2591
34.2628
35.3617
33.4715
31.4735
33.1321
34.9303
35.192
35.3919
37.0292
38.7275
36.6003
34.3025
37.636
41.2325
39.5903
37.6921
35.3187
32.9211
34.8868
37.0847
37.5786
37.9782
34.5048
30.8084
32.3911
34.2892
33.4592
32.4602
32.2122
32.0124
33.5926
35.2909
35.587
35.7868
34.5872
33.2885
34.3171
35.516
33.1846
30.5871
32.7176
35.2151
34.4749
33.4759
33.4923
33.5922
33.1394
32.6399
32.8757
33.1755
34.7593
36.4576
38.0644
39.6629
35.8727
31.5769
32.0202
32.9193
34.455
36.0535
35.0203
33.7216
34.596
35.695
35.4386
35.039
33.5575
31.959
32.6996
33.6986
32.5432
31.1446
31.0896
31.1895
31.0212
30.8214
32.5836
34.5816
33.4652
31.9667
31.6224
31.4226
31.2228
31.023
30.4696
29.8702
30.3292
30.9286
31
31
31.5268
32.1262
34.2151
36.5128
35.0516
33.0536
32.8
32.8
33.4092
34.1085
33.679
33.0796
33.0866
33.1865
31.9034
30.4049
31.5799
33.1783
35.9814
38.9785
36.0518
32.1556
31.9426
32.3422
33.34
34.439
33.5768
32.378
34.2416
36.6393
34.7933
32.1958
33.2395
34.9378
32.4966
29.2997
29.8957
31.1944
32.9136
34.7118
34.4966
33.8972
33.6326
33.4328
33.4
33.4
32.2337
30.8351
32.6777
35.1753
35.3512
35.0515
34.1728
33.1738
32.6699
32.2703
33.5172
35.1157
33.7574
31.7593
33.7761
36.6733
35.8104
34.1121
33.9631
34.1629
33.7932
33.2937
35.2288
37.7263
39.4953
41.0937
39.7848
37.7867
38.6085
40.107
40.4
40.4
42.1638
44.3616
45.2799
45.8793
46.2393
46.539
48.908
51.8051
48.5892
43.7939
45.0966
47.9938
49.785
51.2835
47.5022
42.3073
45.5234
51.018
50.7886
48.9903
50.0079
51.8061
51.5758
50.7766
52.3121
54.51
52.5159
49.319
55.0269
63.3188
60.5658
54.5716
55.4342
58.3313
58.7694
58.4697
58.4
58.4
57.1767
55.5783
57.1827
59.7801
61.3888
62.6875
61.3309
59.1331
59.3567
60.3557
60.2981
59.8985
60.9292
62.4277
63.9262
65.4248
68.6457
72.442
70.9351
67.6384
66.5765
66.2768
70.2865
75.7811
77.8669
78.766
81.8824
85.7786
88.7902
91.4876
92.2
92.2
93.8864
96.1841
103.527
112.718
119.503
125.397
126.636
126.137
129.844
135.139
142.026
149.518
156.794
163.987
173.699
184.388
196.154
208.342
220.244
232.032
242.536
252.526
268.495
286.877
302.562
317.148
337.678
360.656
375.94
388.028
403.002
419.186
448.426
483.192
507.459
527.239
556.163
589.031
613.825
635.104
665.545
700.011
731.709
762.179
793.132
824.302
860.495
898.957
940.851
984.308
1017.43
1045.8
1079.29
1115.16
1138.98
1157.16
1194.61
1241.17
1278.32
1310.99
1347.16
1385.02
1412.53
1435.01
1463.32
1494.49
1520.18
1543.15
1565.47
1587.44
1604.77
1619.75
1638.12
1658.2
1674.58
1689.07
1695.18
1696.98
1697.6
1697.6
1714.82
1741.1
1754.38
1760.77
1767.36
1774.05
1773.09
1767.99
1772.93
1783.32
1787.9
1789.3
1782.47
1771.08
1762.38
1755.19
1754.01
1756.2
1760.38
1765.67
1767.92
1768.42
1761.89
1751.3
1754.85
1766.64
1772.01
1773.6
1765.67
1752.08
1751.13
1757.72
1750.41
1734.72
1723.95
1716.16
1708.24
1700.25
1706.03
1720.32
1719.46
1709.17
1701.21
1694.72
1690
1686.4
1672.37
1651.69
1646.64
1651.63
1647.66
1637.87
1615.94
1586.07
1563.18
1544.9
1528.48
1513.29
1491.71
1465.83
1446.4
1431.31
1421.16
1414.37
1403.78
1390.59
1374.87
1357.39
1346.02
1338.93
1337.7
1340.6
1330.75
1311.87
1309.71
1319.5
1312.63
1293.75
1284.18
1281.38
1280.31
1280.51
1277.9
1273.2
1266.85
1259.25
1257.03
1258.82
1257.84
1254.74
1253.51
1253.71
1254.93
1256.93
1253.75
1246.55
1243.17
1242.78
1238.41
1230.91
1226.99
1225.89
1222.85
1218.25
1200.6
1172.43
1161.01
1163.21
1158.76
1148.87
1128.8
1100.33
1085.05
1080.76
1077.55
1075.25
1063.64
1044.16
1026.51
1010.43
1001.33
998.237
994.497
990.202
977.903
958.622
948.643
946.845
941.657
933.465
926.751
921.356
909.127
890.745
886.609
895.4
891.252
875.267
867.704
867.904
863.753
855.561
852.271
853.569
857.078
862.672
863.352
859.356
854.034
847.44
849.687
860.476
862.004
854.511
850.144
848.846
844.986
838.592
828.847
815.76
805.911
799.318
795.305
793.906
788.157
777.967
767.088
755.499
742.439
727.854
717.42
711.326
702.702
691.413
680.027
668.539
660.621
656.525
649.065
637.975
634.306
638.702
632.657
615.174
606.38
607.179
601.217
587.73
581.165
582.364
576.341
562.155
549.884
539.794
529.796
519.906
502.422
476.148
455.406
441.12
429.176
419.985
407.182
390.099
376.976
368.584
359.15
348.461
336.598
323.311
314.023
309.627
306.305
304.307
303.556
304.355
299.079
286.192
276.527
270.933
269.778
274.273
275.093
271.197
269.566
270.865
272.424
274.322
275.573
275.972
279.595
287.487
292.77
294.568
299.092
307.284
320.266
339.747
353.489
359.383
373.383
398.558
422.689
445.367
472.538
506.005
544.566
590.321
638.837
691.286
745.744
803.088
867.984
943.81
1021.46
1101.78
1185.3
1273.51
1361.2
1448.12
1541.88
1645.88
1741.83
1825.65
1915.69
2015.19
2109.88
2197.19
2289.65
2390.05
2486.28
2575.99
2650.23
2700.18
2768.31
2865.21
2958.85
3047.26
3135.22
3222.43
3310.79
3401
3491.44
3582.25
3680.26
3790.15
3894.08
3988.09
4098.1
4234.96
4364.04
4479.92
4606
4749.46
4876.51
4975.31
5081.78
5201.56
5317.39
5426.28
5533.19
5636.59
5750.73
5884
6017.16
6150.13
6278.34
6397.92
6527.61
6675.76
6804.69
6898.2
7008.17
7148.73
7276.68
7380.98
7490.29
7609.07
7714.14
7793.07
7867.82
7934.56
8005.54
8084.76
8170.53
8269.14
8353.77
8410.82
8463.49
8507.44
8563.81
8645.13
8712.3
8750.76
8784.83
8809.91
8832.6
8850.38
8874.13
8910.29
8935.99
8939.69
8939.67
8931.78
8936.58
8968.55
8990.81
8992.11
8987.81
8971.33
8956.03
8943.35
8918.09
8864.94
8818.08
8785.32
8743.82
8682.58
8621.46
8560.62
8499.96
8439.72
8378.21
8313.78
8259.52
8229.15
8201.75
8181.37
8151.73
8099.99
8060.27
8049.58
8048.83
8072.31
8093.59
8109.48
8129.52
8159.89
8193.48
8235.14
8271.59
8294.87
8336.66
8425.77
8506.29
8564.64
8625.39
8692.42
8761.49
8835.92
8908.65
8976.89
9047.26
9123.39
9215.91
9352.88
9471.29
9538.93
9611.79
9699.1
9774.72
9817.68
9863.07
9915.32
9970.6
10034.5
10085.6
10099.5
10115.1
10136
10155.6
10171.6
10178
10155.7
10136.5
10126.8
10116.5
10104.8
10092.2
10076.6
10055.7
10018.6
9972.8
9900.07
9840.63
9823.24
9797.82
9746.67
9707.25
9705.75
9687.03
9612
9552.89
9546.4
9527.6
9467.65
9421.19
9420.29
9403.97
9334.94
9277.25
9258.77
9243.62
9240.12
9228.96
9190.7
9158.94
9150.45
9136.01
9100.05
9069.12
9056.63
9046.71
9046.31
9035.14
8983.59
8946.64
8965.02
8974.29
8948.62
8923.43
8900.15
8883.02
8890.01
8891.02
8868.25
8842.69
8805.92
8775.73
8772.33
8755.28
8681.85
8622.56
8622.36
8615.29
8579.12
8546.96
8531.98
8514.23
8484.46
8454.09
8421.13
8392.88
8385.69
8366.79
8295.06
8228.17
8183.42
8140.82
8108.25
8062.77
7956.57
7855.84
7781.11
7708.78
7648.04
7589.21
7539.76
7489.44
7434.79
7380.6
7328.65
7270.97
7184.06
7107.27
7083
7053.68
6997.83
6942
6886.26
6837.53
6826.84
6805.95
6728.92
6659.14
6629.77
6602.07
6583.89
6560.86
6509.91
6461.06
6424.5
6387.73
6349.77
6313.11
6284.34
6256.2
6231.92
6206.42
6173.25
6137.55
6085.8
6039.51
6028.42
6016.66
6000.47
5980.53
5935.47
5891.9
5858.44
5829.78
5834.38
5835.43
5811.55
5790.95
5793.85
5795.65
5789.46
5785.78
5800.76
5811.98
5794.7
5780.91
5794.1
5807.23
5819.92
5829.26
5811.78
5797.41
5808.49
5817.96
5813.87
5808.23
5789.45
5774.04
5788.02
5798.76
5780.58
5763.76
5759.37
5755.29
5754.19
5759.79
5829.12
5889.85
5866.77
5845.38
5840.78
5834.34
5808.96
5785.75
5785.15
5782.53
5758.25
5733.68
5705.8
5677.75
5647.68
5616.19
5568.24
5521.81
5493.54
5464.81
5430.44
5394.72
5341.97
5291
5263.02
5233.72
5186.56
5140.13
5103.56
5067.29
5035.12
5001.67
4949.42
4899.51
4885.12
4870.68
4855.4
4837.59
4778.65
4720.98
4684.92
4648.62
4608.26
4568.46
4538.89
4508.47
4461.92
4417
4404.62
4389.42
4315.99
4242.55
4169.03
4096.78
4053.62
4009.56
3944.03
3879.81
3848.85
3816.73
3754.19
3692.18
3645.03
3597.38
3535.04
3473.2
3427.25
3381.19
3331.54
3281.72
3225.98
3170.92
3143.25
3114.96
3060.22
3005.37
2945.73
2886.59
2854.13
2821.62
2786.95
2752.41
2726.04
2699.43
2654.47
2609.46
2559.71
2509.9
2453.15
2396.43
2342.48
2288.38
2203.87
2119.29
2015.19
1911.11
1819.4
1727.69
