-91.1815
-50.2216
-9.26178
-.0228701
9.16812
5.41688
1.6206
3.68655
5.7845
2.13093
-1.56545
-.808254
-.00903702
1.87668
3.77482
.0540819
-3.7422
-.65181
2.54506
.439924
-1.75792
.747724
3.34518
3.79117
4.19078
2.73603
1.2375
3.14804
5.14608
3.45028
1.65205
3.05516
4.55369
2.37326
.0755119
-1.83576
-3.7339
-.425188
3.07138
3.10377
3.00387
-.361108
-3.85768
-.358237
3.43804
4.93896
6.33759
6.68633
6.98604
4.42829
1.73093
.459366
-.739459
3.18399
7.37988
4.57084
1.37397
1.01107
.811264
2.11977
3.5184
2.18889
.690359
1.63266
2.73158
2.33159
1.83208
3.48276
5.28099
2.69457
-.202595
.437854
1.33697
1.0284
.628794
1.99055
3.48908
3.22997
2.83036
1.78457
.685645
-.59751
-1.89624
.298008
2.79556
4.46759
6.06602
3.17955
-.11722
.23933
.938645
1.09114
1.19104
2.65506
4.2535
3.31105
2.11223
1.72835
1.42864
.0446873
-1.45384
-1.50984
-1.40994
1.11895
3.91621
3.21256
2.11364
3.34356
4.8421
2.58687
-.110489
-.756719
-1.15633
-.844067
-.444458
3.2403
7.33629
5.05364
1.95668
2.48396
3.48298
1.83599
-.162054
1.09608
2.79442
.804775
-1.69278
.0151033
2.31285
2.33775
2.03804
-.267764
-2.86522
-1.02435
1.4732
3.44977
5.34791
4.21385
2.61542
2.31356
2.21366
.64763
-1.15061
-.711625
.0875921
2.34628
4.84383
3.40123
1.30329
-.367355
-1.96579
-2.02947
-1.82967
.83711
3.93407
2.78742
.889285
2.0395
3.73784
1.97246
-.42519
.548559
2.14699
2.48409
2.58399
2.5161
2.4162
3.48807
4.7868
2.57844
-.318716
-1.96629
-3.36491
-.524918
3.17146
4.46331
5.26253
3.82834
1.9302
1.76504
1.96485
.600436
-1.0979
-1.48213
-1.58203
.530326
3.12778
2.29216
.693727
2.76478
5.66194
5.46786
4.56874
6.18535
8.3832
5.88555
2.28908
2.16533
2.86464
4.12791
5.52654
5.15704
4.35783
2.6767
.77856
1.91958
3.81772
3.48196
2.58284
4.31007
6.70772
5.13584
2.53839
3.82148
6.11923
5.73101
4.63209
5.58205
7.08058
4.01988
-.275912
.76029
3.25784
4.89502
6.29365
4.96158
2.86363
3.02259
3.82181
3.37897
2.57975
2.78716
3.28667
4.24961
5.34853
5.52296
5.42305
5.47684
5.57675
7.28629
9.48414
8.1651
5.76745
5.2
5.2
5.50425
5.90386
6.30346
6.70307
5.66494
4.1664
4.1019
4.50151
5.05167
5.65109
6.62592
7.72484
6.20269
3.80504
4.46976
6.1681
4.29062
1.19365
2.40611
5.10346
5.94821
6.14801
7.8999
10.1976
7.77776
3.68178
3.33517
4.33419
8.63268
14.1273
12.2362
7.64072
6.76465
7.26416
7.54547
7.74527
7.72746
7.62756
8.46811
9.66693
9.92785
9.82795
9.51219
9.11259
9.93282
11.2315
9.66789
6.97054
8.69773
12.1943
14.1963
15.595
16.2129
16.5126
15.963
15.0639
14.0942
13.0952
14.4892
16.8869
19.1441
21.342
22.35
22.8495
22.9302
22.8303
23.2176
23.817
26.4986
30.0951
31.9613
33.0602
31.4676
28.6703
28.7634
30.1621
32.5214
35.3187
37.0211
38.2199
39.6235
41.122
44.3894
48.4854
50.7497
52.1484
51.9912
51.0921
49.8557
48.4571
51.0263
55.5219
59.347
62.8435
61.7936
58.4968
58
58.8991
60.5958
62.6938
63.1349
62.7353
66.1021
71.3969
69.2471
63.2529
62.8421
65.3397
65.7416
65.0422
63.3635
61.1657
62.4181
65.515
66.4702
66.2704
65.3588
64.0601
65.8579
69.3545
71.5004
72.899
68.9116
61.9184
60.8702
63.168
63.4902
62.6909
65.5131
70.4083
72.2
72.2
71.6949
70.8956
69.9705
68.9715
68.7255
68.9253
68.437
67.5379
66.9506
66.5509
70.0676
75.9618
73.8623
66.8692
64.7559
65.655
67.4162
69.714
70.9069
71.4064
70.5599
68.8615
67.2852
65.7866
65.6863
66.4855
64.8609
61.6641
62.5744
66.1709
66.8173
65.5186
64.6999
64.2004
61.3682
56.9725
57.5847
61.5808
62.2492
60.6508
61.5399
64.1373
65.0229
64.7232
61.8936
57.2981
57.7455
61.7416
61.4714
58.1746
58.3144
60.9119
60.2585
57.2614
55.4793
54.5802
55.6415
58.139
56.6716
52.2759
53.8361
59.8302
60.7449
57.8477
56.5431
56.4432
57.0235
58.1224
57.5268
55.6286
55.8132
57.6114
58.4561
58.556
57.0908
54.3934
54.5925
57.0901
60.3092
64.1055
64.3619
61.7645
59.3324
57.0346
57.0984
59.0964
60.1642
60.4639
58.2553
53.9595
53.4669
56.1643
55.7759
52.7789
51.4539
51.5538
51.9762
52.6755
54.2316
56.5293
54.9324
49.9373
47.0684
46.0694
46.6592
48.6572
50.1276
51.1267
51.1794
50.3802
49.3715
48.1727
48.2783
49.577
48.3806
44.8841
43.6661
44.5652
46.4445
49.2418
49.8805
48.4818
45.8544
42.0582
41.3221
43.5199
46.429
50.0255
50.6865
48.4887
48.005
49.2038
49.2476
48.1486
45.9992
42.8024
43.9904
49.5849
51.5066
49.7084
50.1348
52.8321
52.0334
47.6377
43.5363
39.74
41.4637
48.9563
51.8269
49.8289
48.267
47.168
46.4552
46.1555
46.0961
46.2959
45.5862
43.8879
43.3814
44.1806
45.5021
47.4002
48.4
48.4
48.7767
49.5759
48.8746
46.4769
45.7603
46.9592
46.3445
43.6471
42.0611
41.7614
40.2628
37.3657
38.1415
43.2365
44.9942
42.7964
40.9627
39.5641
39.0266
39.5261
39.439
38.6397
39.0987
41.0967
40.6342
37.1376
36.0463
37.9444
38.6009
37.7018
36.8909
36.1916
36.5033
38.1017
37.8185
35.1211
33.6871
33.8869
34.6505
36.149
36.3524
34.8539
35.2893
38.2863
40.77
42.5683
41.7263
37.3306
35.8597
38.3573
39.8844
40.0842
40.9139
42.6123
44.436
46.4341
47.2671
46.4679
45.7515
45.1521
45.6655
47.7634
50.4766
54.0731
57.7104
61.4068
63.6
63.6
63.0744
61.7757
64.1786
72.0708
78.3215
82.1178
85.6351
88.7321
90.4414
90.0418
90.3918
91.8903
94.2917
98.088
101.494
104.291
106.311
107.11
109.611
114.806
119.193
122.29
125.425
128.622
131.933
135.429
138.774
141.871
144.818
147.515
149.95
151.948
154.244
157.042
161.36
168.253
173.892
177.388
182.096
188.89
192.981
192.381
193.198
196.495
201.996
211.386
218.981
223.376
228.237
233.931
238.382
240.58
242.035
242.135
245.996
256.785
260.864
252.472
252.248
267.333
279.031
284.326
288.006
288.605
288.556
287.257
288.506
294.7
300.016
303.612
308.384
315.477
318.297
312.603
310.26
314.656
319.414
324.909
328.01
326.211
326.825
332.42
334.969
331.172
326.861
321.466
320.649
329.54
333.436
326.643
322.949
325.946
329.571
334.566
337.25
334.853
333.355
333.855
332.812
328.317
323.607
318.412
316.322
321.317
323.741
320.245
316.688
312.992
311.146
313.644
313.917
308.922
305.695
306.694
308.015
310.113
309.07
300.379
294.98
297.677
299.629
299.728
300.17
301.469
302.06
300.862
300.393
301.792
304.195
309.19
313.77
317.266
318.204
312.41
311.478
323.466
332.959
335.756
337.154
334.756
334.336
339.331
343.637
346.034
347.273
345.275
345.734
353.127
359.378
362.375
363.57
359.574
356.855
357.854
359.335
362.232
363.846
361.649
360.699
363.496
365.476
364.977
364.624
364.724
364.142
361.444
359.956
362.254
362.489
356.195
351.376
351.276
350.988
350.088
348.441
344.345
340.898
339.6
340.44
348.433
352.364
342.574
334.321
331.324
329.471
331.569
333.778
336.375
337.849
335.352
332.112
326.218
321.146
319.048
317.336
317.036
317.501
320.798
323.147
321.948
321.396
323.294
323.602
317.807
313.568
315.366
317.043
318.242
318.076
312.481
308.298
309.797
310.232
306.336
304.096
308.692
311.146
304.653
299.992
303.089
305.373
304.174
303.013
302.014
299.738
291.846
285.4
285.4
286.07
289.766
291.51
284.317
278.418
278.518
278.6
278.6
278.843
280.241
280.954
278.357
275.014
268.021
261.832
259.634
258.23
260.828
262.46
259.164
255.915
252.918
249.985
247.388
244.112
237.219
232.599
240.291
245.785
239.192
233.858
235.556
236.955
236.655
235.424
228.831
223.185
223.085
222.654
220.257
217.944
216.146
213.872
208.677
204.642
207.839
211.267
216.162
220.024
217.227
213.822
206.429
200.872
207.566
212.618
206.523
201.68
205.476
207.631
198.24
190.33
193.028
195.617
197.415
198.467
193.971
190.629
196.024
200.811
200.911
201.225
203.223
204.314
198.12
192.85
195.148
197.072
195.873
195.062
197.559
199.656
198.257
196.859
195.46
194.022
192.224
191.366
199.258
205.659
197.867
190.958
192.656
194.063
192.565
191.155
190.656
190.723
196.717
201.825
197.429
193.183
190.586
188.265
189.064
189.744
189.045
188.33
187.431
186.555
185.955
185.143
181.646
178.536
180.434
182.047
179.849
177.726
176.627
175.62
175.919
176.053
173.756
171.612
171.812
171.707
166.812
162.269
163.468
164.36
160.064
155.908
154.21
152.766
155.963
158.85
155.853
152.866
150.068
147.289
144.892
142.543
141.244
140.143
143.54
146.76
145.761
144.678
141.481
138.222
133.327
128.713
132.01
134.993
128.599
122.284
118.488
114.695
110.998
107.506
111.502
115.326
112.329
109.384
108.685
107.92
104.023
100.196
99.9965
99.7583
97.2608
94.7765
93.178
91.5796
89.9812
88.3968
88.097
87.7929
86.9937
86.1869
84.2888
82.3852
79.3882
76.4006
76.6004
76.7968
73.5999
70.403
