-51.5766
.172645
51.9219
56.5886
61.184
56.2222
51.2271
54.8763
58.5727
56.5175
54.4196
52.0247
49.6271
54.7362
59.9311
55.7612
51.4654
54.253
57.1502
55.2363
53.2382
53.298
53.3979
53.7912
54.1908
50.5889
46.8925
51.2805
55.876
54.2503
52.452
53.8551
55.3537
56.3681
57.3671
55.4676
53.4696
52.8214
52.222
53.066
53.9652
50.927
47.7301
50.5709
53.6679
52.461
51.0624
53.0998
55.2976
55.1142
54.8145
51.7583
48.5614
51.3406
54.4375
53.8427
53.0435
56.0229
59.2197
54.1209
48.5264
51.0222
54.0193
53.449
52.6497
51.5695
50.4705
49.3716
48.2727
49.5993
51.0979
50.5483
49.849
48.9639
48.0648
47.2584
46.4591
51.9504
57.9446
54.5229
50.327
47.4207
44.6235
48.3526
52.6484
52.2662
51.467
51.0339
50.6343
49.1387
47.5402
48.5848
49.8835
50.9094
51.9084
51.0018
49.9029
52.5165
55.5135
54.1736
52.3754
54.2736
56.5714
54.461
51.8635
48.5479
45.1512
46.7705
48.9684
45.8931
42.1967
45.1888
48.9851
49.5779
49.7778
49.8888
49.9887
49.3798
48.6805
48.9536
49.3532
48.7826
48.0833
46.9439
45.7451
47.3562
49.3542
49.3371
49.0374
47.1642
45.0663
48.0272
51.7236
47.7617
42.6667
44.8654
48.1621
47.647
46.5481
46.4
46.4
47.0037
47.703
49.7791
52.0768
52.0566
51.657
50.4865
49.1877
48.4018
47.7025
44.701
41.3043
43.6072
46.904
46.5513
45.5522
46.5855
47.9841
48.9603
49.8594
48.9043
47.6056
46.8114
46.112
46.755
47.6541
50.3946
53.4916
51.2444
47.9477
45.9838
44.2854
44
44
46.1558
48.7532
50.6889
52.4872
49.9117
46.4151
47.8582
50.3557
48.9931
46.7952
49.2677
52.7643
52.9913
52.4918
51.1768
49.6783
50.4575
51.7562
54.9215
58.5179
57.0142
54.3168
54.6076
55.6066
57.8947
60.4921
58.5085
55.4116
58.969
64.1639
66.8795
68.9775
67.8043
65.8063
65.4796
65.5795
65.9175
66.3172
66.9543
67.6537
67.01
66.011
64.6967
63.2981
65.8299
69.4263
70.3568
70.5566
72.7118
75.4092
77.0923
78.4909
74.5196
69.025
69.8183
72.4158
74.084
75.4827
76.9585
78.4571
81.4964
84.993
87.1064
88.8047
86.9005
83.9034
83.8881
84.7872
86.8302
89.2278
87.5942
84.697
87.1105
91.2065
89.2488
85.3526
84.7774
85.2769
89.1639
94.159
98.103
101.699
102.45
102.25
99.5111
95.9146
97.2349
100.232
102.857
105.355
112.076
120.268
121.513
120.314
120.811
121.91
127.714
135.206
139.693
143.089
148.168
153.862
161.672
170.263
177.255
183.649
189.027
194.022
207.336
223.82
234.172
242.164
252.746
264.335
273.914
282.706
299.726
320.007
340.572
361.252
379.725
397.308
416.523
436.404
464.919
496.988
519.74
538.621
571.439
610.101
638.305
662.082
694.607
730.872
764.344
796.613
830.552
865.218
908.143
954.697
996.753
1036.81
1077.36
1118.12
1160.46
1203.52
1244.24
1283.9
1332.94
1386.29
1433.56
1478.02
1519.75
1560.21
1608
1659.25
1695.69
1725.06
1768.39
1818.44
1851.41
1876.09
1910.02
1948.48
1983.4
2016.56
2036.67
2050.25
2070.15
2093.23
2115.38
2137.06
2157.02
2176.1
2194.26
2211.94
2219.44
2221.64
2222.14
2221.74
2237.66
2262.24
2268.13
2264.03
2268.12
2276.61
2276.23
2271.04
2271.97
2276.27
2285.45
2297.34
2289.8
2271.42
2266.14
2268.24
2276.77
2288.96
2289.84
2284.25
2280.3
2277.3
2272.35
2266.25
2269.98
2279.47
2273.34
2257.95
2258.39
2268.28
2263.08
2248.8
2244.39
2245.99
2245.05
2242.55
2239.44
2235.94
2230.04
2222.65
2215.69
2208.99
2202.67
2196.57
2181.39
2160.41
2144.96
2133.08
2124.34
2117.65
2095.79
2064.02
2039.96
2020.98
1996.6
1968.62
1943.46
1920.19
1908.83
1905.53
1891.48
1870.1
1854.41
1842.62
1831.9
1821.91
1800.15
1770.18
1751.06
1739.57
1731.58
1726.09
1727
1732.5
1730.21
1722.32
1715.41
1709.22
1704.93
1702.03
1698.1
1693.4
1693.17
1696.27
1686.36
1666.68
1663.15
1671.84
1671.01
1662.92
1665.44
1676.13
1674.78
1664.09
1658.67
1657.37
1651.38
1641.69
1637.73
1638.33
1627.61
1607.83
1592.31
1580.22
1572.37
1567.98
1556.66
1539.68
1521.22
1501.54
1484.75
1470.36
1454.89
1438.5
1421.09
1402.81
1380.59
1355.02
1344.49
1346.89
1340.5
1326.52
1312.37
1298.08
1284.22
1270.74
1258.41
1247.13
1242.59
1244.09
1240.65
1232.75
1225.02
1217.43
1211.24
1206.35
1196.83
1183.04
1181.32
1190.81
1195.24
1194.94
1191.2
1184.21
1181.98
1184.27
1187.69
1192.19
1189.52
1179.93
1173.78
1170.98
1168.39
1165.99
1157.12
1141.83
1132.95
1130.45
1125.71
1118.72
1105.17
1084.99
1069.11
1057.63
1043.48
1026.59
1013.78
1005.19
993.57
978.785
963.659
948.174
939.134
936.936
925.472
904.093
891.558
888.561
881.686
870.597
861.32
854.027
845.12
834.43
820.951
804.367
795.506
795.306
785.165
763.786
741.38
717.803
695.342
674.163
654.002
635.021
611.475
582.603
560.618
546.732
531.702
515.318
501.484
490.694
477.321
460.837
443.406
424.824
412.173
406.779
397.805
384.418
376.243
374.544
371.161
365.666
357.655
346.466
342.354
347.249
348.862
346.265
343.319
339.922
336.872
334.275
334.268
337.664
343.124
351.316
358.182
363.277
370.458
380.449
395.61
417.788
440.684
464.561
494.107
531.47
569.837
609.598
654.476
706.525
764.082
829.418
899.988
978.012
1061.78
1153.79
1249.18
1349.49
1456.61
1573.7
1695.15
1823.03
1948.61
2070.79
2191.25
2309.13
2432.35
2563.62
2698.15
2837.61
2967.8
3083.79
3200.32
3317.71
3426.85
3523.16
3621.84
3724.23
3832.51
3950.1
4069.53
4191.91
4303.46
4397.56
4510.75
4654.91
4797.86
4938.82
5070.85
5188.13
5322.1
5483.84
5645.4
5806.64
5966.51
6124.06
6273.67
6409.73
6559.35
6732.28
6900.64
7061.09
7210.63
7341.1
7476.74
7621.5
7779.55
7961.27
8144.1
8328.92
8495.97
8630.84
8777.51
8945.75
9113.63
9280.87
9454.29
9639.21
9794.07
9892.57
10008.7
10158.3
10300.2
10427.7
10542
10630.8
10732.5
10859.4
10974.4
11066.2
11157.4
11247.5
11321.4
11363.2
11423.9
11522.3
11610.6
11678.3
11727.1
11737.3
11750.2
11768.7
11788.7
11811.8
11833.7
11853.2
11856.4
11825.4
11811
11832.2
11858.9
11897.2
11920.5
11911.2
11889.2
11839.2
11795.7
11766.4
11712.5
11603.3
11513.3
11466.6
11405.1
11309.6
11220.4
11145.8
11065.5
10972
10899.1
10874.7
10837.5
10769.7
10717.3
10701.3
10679.5
10643.9
10631.2
10674.7
10712.3
10735.6
10772.2
10841.8
10906.3
10957.7
11008.6
11057.9
11115.5
11194.3
11279.8
11382.9
11484.8
11583.8
11681.3
11774.8
11875.6
11995.7
12112.7
12221.5
12325.5
12416.5
12524
12676.4
12809.4
12888.7
12972.7
13070.1
13161.4
13235.6
13301.8
13345.2
13388.3
13430.5
13466.2
13482.6
13498.6
13513.6
13523
13515.9
13504.7
13481
13460.8
13451.3
13439.3
13419.2
13394.5
13355.6
13315.4
13271
13222.7
13162.1
13103.6
13051.7
12995.7
12926.9
12856.5
12780.9
12714.8
12680.2
12641.2
12587.5
12526.7
12442.3
12376.8
12375.8
12367.3
12332.8
12298.2
12263.2
12226.3
12182.6
12142.4
12114.8
12085.1
12047.9
12020
12026.8
12023.2
11980.8
11944.8
11932.5
11913.8
11871
11834.9
11825.1
11814
11798.3
11785.3
11783.1
11774.8
11741.9
11714.1
11706.5
11692
11649.2
11605.3
11556.8
11512.7
11487.7
11462.6
11437.3
11411.9
11386
11353.8
11294.3
11237.5
11192.9
11142.8
11068.8
10995.2
10923.6
10850.8
10772.7
10697.1
10633.6
10567.7
10490.5
10410.8
10318.9
10229.2
10150.1
10069.8
9984.03
9893.5
9779.51
9667.82
9567.72
9479.39
9451.22
9415.64
9341.72
9266
9180.89
9096.78
9018.06
8949.72
8937.63
8917.22
8851.09
8782.11
8697.3
8626.04
8631.63
8625.24
8549.81
8478.08
8427.92
8376.08
8314.14
8255.5
8216.84
8179.31
8148.74
8117.86
8084.99
8051.9
8017.44
7979.83
7921.99
7865.75
7819.99
7777.76
7759.08
7739.57
7714.39
7689.47
7666.29
7643.36
7622.18
7604.76
7614.25
7618.43
7583.87
7554.82
7566.81
7578.65
7589.34
7598.51
7596.02
7594.52
7600.91
7606.02
7600.83
7597.34
7607.83
7615.06
7595.08
7576.52
7570.02
7563.56
7557.37
7551.16
7544.87
7538.85
7535.36
7534.26
7555.54
7574.92
7576.22
7577.25
7575.65
7574.56
7578.56
7580.79
7565.01
7549.26
7533.87
7514.88
7457.24
7401.44
7365.98
7330.34
7292.78
7254.61
7209.35
7162.95
7102.91
7044.52
7006.36
6965.94
6897.11
6830.09
6786.63
6743.52
6704.95
6666.72
6633.05
6597.22
6530.59
6464.92
6413.47
6362.53
6319.38
6276.31
6234.65
6193.14
6154.08
6115.04
6076.38
6035.71
5959.88
5885.78
5843.02
5799.25
5736.31
5673.81
5619.96
5564.79
5482.17
5401.29
5357.93
5313.27
5239.15
5165.04
5091.52
5017.91
4942.28
4867.55
4816.7
4765.62
4707.87
4648.75
4548.25
4448.82
4383.68
4318.63
4256.29
4194.02
4134.48
4075.05
4020
3964.8
3902.76
3840.5
3767.67
3695.12
3637.48
3580.12
3539.16
3498.17
3455.61
3412.89
3357.34
3301.59
3226.86
3152.22
3086.68
3020.96
2928.05
2835.13
2740.32
2645.4
2511.83
2378.28
2263.5
2148.71
