-74.7755
-20.5287
33.7182
36.3935
38.991
38.104
37.2049
37.3987
37.5985
39.2858
40.9841
39.7134
38.4147
36.8196
35.2212
37.8616
40.5589
39.9113
39.212
37.629
36.0306
34.5301
33.0316
33.2934
33.5931
34.088
34.5875
34.8922
35.1919
36.7553
38.3537
36.0717
33.6741
36.0204
38.5179
39.7594
40.9582
38.6858
36.2882
36.5849
36.9845
38.0563
39.1553
37.7624
36.2639
34.0959
31.8981
35.6178
39.6138
38.5618
37.263
36.4396
35.6403
35.3154
35.0157
36.5146
38.113
38.1055
38.0056
35.549
32.9515
32.2355
31.6361
34.3225
37.2196
36.6505
35.8513
36.4544
37.1537
35.7073
34.1089
34.6517
35.351
35.2142
35.0144
34.073
33.0739
31.4274
29.729
33.2002
37.0963
36.5709
35.6718
35.2323
34.8327
36.1759
37.6744
36.4271
34.9285
34.0693
33.2701
32.8354
32.4358
35.8558
39.652
35.2812
30.0863
32.7692
36.2658
35.1543
33.5559
30.2444
26.7479
29.7286
33.425
34.7874
35.8863
34.2981
32.4
32.2
32.2
33.181
34.2799
35.3788
36.4777
34.5579
32.2601
32.1772
32.377
33.0188
33.7181
33.0062
32.1071
32.616
33.3153
31.4682
29.2703
28.8248
28.625
29.2993
30.0985
29.5894
28.8901
31.4108
34.4078
36.1024
37.601
34.3346
30.3385
31.6152
33.7131
32.1889
30.0909
31.2628
32.9611
33.8868
34.686
32.5729
29.9755
31.4801
33.6779
34.341
34.7407
34.3746
33.8751
31.8479
29.5502
29.8774
30.6766
31.8982
33.197
32.8943
32.2949
34.2181
36.6158
36.1611
35.162
33.1586
30.9608
31.8525
33.351
31.8506
29.7526
32.2257
35.6224
34.1271
31.6296
31.2
31.2
33.0155
35.2133
33.7065
31.4087
30.7536
30.4539
36.5452
44.0378
41.313
36.3179
37.5201
40.1176
37.8341
34.4375
33.8811
33.981
35.862
38.1597
42.3958
47.0912
45.0191
41.3227
39.073
37.1748
38.7242
41.1218
39.9204
37.8225
40.0328
43.3296
44
44
42.7297
41.1313
40.0872
39.1881
39.316
39.7156
43.2673
47.663
47.6567
46.4579
48.3171
51.0145
50.3485
48.7501
50.5065
53.2039
51.7766
49.1791
46.1935
43.0965
44.9553
48.252
51.7805
55.377
55.5837
54.7844
56.1369
58.1349
57.6802
56.4814
57.8055
59.9035
59.4849
58.2861
57.2394
56.2403
56.8345
57.9334
58.7297
59.429
59.5245
59.4246
63.2392
68.3342
68.7741
67.6751
66.2018
64.6033
65.171
66.4697
68.8114
71.5087
68.7822
64.1867
66.7793
71.8743
74.1608
75.4595
77.6428
80.1404
82.0498
83.7481
85.0065
86.1054
89.9831
94.8783
97.8774
100.175
104.946
110.64
115.754
120.649
122.723
123.722
130.277
138.968
143.127
145.524
153.088
162.679
169.908
176.202
183.852
192.044
202.798
214.586
227.652
241.239
250.933
259.025
271.281
285.267
298.409
311.197
326.932
343.915
361.949
380.431
391.305
398.897
414.076
432.558
454.302
477.479
494.635
509.121
530.715
555.491
577.377
597.956
617.438
636.42
654.854
673.036
693.538
715.117
735.539
755.419
781.745
811.116
823.306
827.302
848.565
878.136
900.511
919.392
934.72
948.306
962.896
977.981
994.133
1010.82
1017.4
1018.89
1028.48
1042.17
1058.76
1076.84
1083.26
1083.66
1089.58
1098.37
1102.97
1105.37
1106.2
1106.2
1113.49
1124.68
1123.73
1116.24
1112.69
1111.29
1115.38
1122.47
1117.99
1107.1
1111.66
1124.85
1124.23
1115.84
1118.09
1126.38
1132.89
1138.39
1137.17
1132.07
1124.01
1114.22
1118.72
1131.61
1135.02
1132.82
1122.18
1106.49
1102.35
1105.14
1103.34
1098.74
1099.73
1104.12
1102.53
1097.23
1102.16
1113.45
1111.97
1102.48
1091.64
1079.95
1083.88
1097.76
1093.84
1078.45
1071.31
1069.51
1057.14
1037.86
1032.43
1036.12
1029.2
1015.21
997.278
976.699
967.684
966.486
963.029
958.034
953.335
948.839
943.989
938.894
928.916
915.529
914.105
921.098
918.448
908.957
905.815
907.214
902.982
894.69
891.142
891.042
883.965
871.777
869.703
875.098
874.995
870.799
868.829
868.529
872.893
880.785
881.989
878.093
869.848
858.259
858.097
866.789
865.832
857.34
853.768
854.067
850.524
843.93
838.78
834.784
829.405
822.911
815.37
806.979
808.747
818.837
815.52
801.134
791.819
786.724
781.955
777.459
765.385
746.903
741.636
747.63
740.511
722.129
712.047
709.15
709.027
711.325
706.074
694.186
688.335
687.836
689.13
692.027
684.884
668.7
662.047
664.045
665.052
665.152
663.173
659.276
656.364
654.366
656.341
662.035
662.539
658.143
655.386
654.187
652.121
649.224
650.442
655.637
656.884
654.287
654.714
658.111
659.951
660.25
653.747
640.46
628.518
617.928
613.593
615.591
614.771
611.074
604.03
593.54
582.609
571.22
566.719
569.416
571.822
573.92
569.04
556.752
550.448
550.548
546.947
539.354
533.964
530.967
524.537
514.347
509.76
511.358
513.004
514.702
510.75
500.46
492.515
487.22
483.092
480.295
474.847
466.356
458.327
450.834
440.575
427.088
413.051
398.365
389.257
386.759
380.802
370.712
362.39
356.196
349.731
342.938
336.639
330.944
326.905
324.907
322.464
319.467
315.671
310.876
306.478
302.582
299.521
297.523
296.225
295.825
293.857
289.861
286.863
285.164
286.704
292.498
296.187
297.086
300.766
308.158
315.849
323.941
333.941
346.529
355.445
359.342
372.771
399.345
420.819
435.205
453.377
476.854
500.497
524.373
557.152
602.608
644.248
680.413
725.518
783.561
832.747
869.012
919.306
990.236
1053
1103.65
1160.1
1225.24
1291.85
1360.68
1428.33
1494.16
1554
1604.65
1656.4
1709.85
1761.27
1809.52
1859.95
1913.79
1970.35
2031.19
2092.72
2155.36
2216.51
2275.25
2333.5
2390.94
2451.79
2518.23
2584.59
2650.82
2727.22
2820.53
2907.79
2984.92
3061.45
3136.97
3214.35
3294.87
3378.51
3467.52
3547.81
3612.94
3677.79
3742.13
3819.94
3921.54
4011.5
4080.73
4152.46
4228.69
4309.57
4398.88
4496.85
4610.64
4708.68
4777.72
4847.1
4917.13
4992.83
5079.14
5156.89
5218.43
5284.64
5359.77
5425.12
5471.67
5527.37
5600.8
5669.9
5730.54
5781.41
5812.98
5853.09
5910.24
5952.51
5964.9
5980.09
6000.97
6020.31
6036.5
6056.56
6084.63
6113.87
6145.54
6160.46
6140.18
6131.71
6148.3
6164.75
6180.94
6189.22
6180.42
6175.03
6177.03
6169.9
6142.73
6126.92
6136.31
6126.92
6075.47
6023.71
5971.26
5932.09
5923.2
5899.82
5843.07
5790.99
5749.73
5713.48
5689.01
5659.99
5620.23
5593.05
5595.95
5601.37
5612.85
5619.28
5613.39
5615.7
5638.17
5658.44
5673.23
5688.96
5707.04
5731.17
5770.64
5812.32
5859.67
5908.92
5963.07
6006.11
6020.19
6053.37
6136.79
6216.79
6287.72
6351.66
6396.81
6446.09
6506.53
6570.02
6641.84
6705.37
6745.93
6787.76
6833.11
6881.32
6937.56
6984.52
7005
7030.37
7069.83
7101.83
7112.12
7116.53
7103.64
7097.09
7109.38
7119.42
7122.72
7123.07
7114.48
7102.08
7078
7052.75
7023.88
6996.46
6973.58
6955.72
6953.72
6939.33
6885.28
6840.32
6824.73
6802.6
6759.04
6723.44
6714.15
6700.9
6674.43
6649.25
6628.47
6606.38
6579.81
6559.04
6558.34
6551.6
6523.73
6500.24
6492.24
6478.2
6442.54
6415.07
6417.27
6418.91
6418.51
6414.65
6397.97
6375.62
6332.06
6300.52
6314.5
6324.77
6320.78
6313.61
6294.13
6277.18
6270.19
6258.64
6228.97
6203.61
6195.62
6186.72
6174.13
6162.5
6154.81
6146.59
6136.2
6120.56
6082.7
6051.24
6047.25
6038.09
6006.52
5980.15
5976.65
5962.98
5903.94
5850.38
5821.61
5792.28
5760.41
5731.86
5718.67
5698.32
5644.27
5589.67
5532.43
5478.42
5440.06
5401.37
5361.11
5317.05
5254.11
5196.47
5165.5
5133.14
5093.68
5055.88
5026.71
4996.69
4962.23
4928.01
4895.15
4860.25
4814.4
4769.73
4731.56
4697.38
4685.39
4672.25
4652.57
4629.77
4589.01
4552.08
4537.6
4520.38
4486.91
4456.03
4440.74
4423.43
4393.66
4365.04
4343.67
4324.01
4315.32
4303.31
4269.84
4237.01
4208.33
4184.19
4190.29
4190.9
4154.34
4120.4
4104.62
4092.22
4103.61
4113.77
4115.17
4113.73
4091.55
4069.9
4052.22
4039.79
4067.16
4091.2
4089.51
4086.96
4077.77
4069.31
4066.71
4064.24
4062.74
4061.72
4064.72
4068.38
4077.77
4083.83
4060.86
4040.69
4045.59
4050.12
4051.32
4055.29
4085.06
4111.34
4104.45
4097.45
4089.46
4080.41
4060.83
4043.55
4049.75
4055.74
4059.64
4061.21
4037.94
4014.92
3994.74
3974.93
3959.35
3941.72
3900.36
3859.57
3825.6
3793.66
3786.46
3777.56
3747.09
3717.96
3706.27
3692.3
3647.74
3604.74
3583.16
3563.14
3565.23
3565.81
3544.03
3520.53
3470.78
3422.73
3401.45
3379.48
3346.31
3312.7
3271.64
3232.36
3224.27
3214.14
3166.89
3120.61
3092.84
3065.38
3044.2
3022.47
2989.2
2955.21
2905.66
2857.23
2834.36
2811.02
2776.76
2742.24
2701.38
2660.28
2612.93
2565.85
2526.49
2487
2443.84
2401.49
2384.71
2366.96
2316.21
2266.04
2237.37
2208.75
2182.38
2155.69
2115.43
2075.27
2039.7
2004.4
1983.22
1961.72
1921.06
1880.8
1867.01
1852.93
1816.06
1779.23
1745.06
1710.87
1673.61
1636.32
1595.76
1555.05
1483.22
1411.39
1342.56
1273.74
1216.4
1159.05
