-65.9761
-13.028
39.9201
44.8878
49.783
44.1253
38.4309
38.3006
38.2007
41.5716
44.9682
44.802
44.6022
45.1926
45.792
44.8142
43.8152
41.0453
38.2481
42.3238
46.5197
43.1704
39.6738
41.4581
43.3562
43.4
43.4
43.9844
44.5838
43.9195
43.2202
44.8492
46.5475
47.0841
47.5836
44.798
41.9009
39.9679
38.0698
42.8114
47.8065
44.0627
39.9667
44.4959
49.3911
45.7744
41.7783
43.4134
45.3116
43.7808
42.0824
40.4791
38.8807
42.3097
46.0061
46.1053
46.0054
44.2051
42.307
42.1057
42.0058
41.9059
41.806
42.9265
44.1253
43.4505
42.6513
42.6935
42.7934
42.4268
42.0272
40.3243
38.526
39.329
40.328
41.6051
42.9039
40.0397
36.8429
38.1693
39.8676
40.6448
41.3441
41.5838
41.7836
43.7262
45.8241
46.2746
46.5743
43.86
40.8629
38.7772
36.7792
38.6007
40.7985
38.9128
36.6151
37.1244
37.9236
37.5482
37.0487
37.5409
38.1403
39.0996
40.0986
40.6488
41.1483
41.1104
41.0105
42.6981
44.5963
40.7869
36.2913
39.4483
43.5443
41.6915
39.094
37.8255
36.7265
40.5778
45.0734
42.1602
38.264
38.24
38.7395
38.8878
38.9877
41.0151
43.3128
39.2291
34.234
36.3911
39.5879
39.5649
39.0653
38.2185
37.3194
39.6257
42.423
41.9356
40.9366
38.2989
35.4018
37.8395
41.1363
40.2264
38.6279
40.7983
43.5956
42.889
41.5903
38.6715
35.4747
36.9565
39.2543
40.6185
41.8173
39.8831
37.3855
38.8586
41.0564
41.4
41.4
41.3159
41.216
40.0255
38.6268
38.4837
38.5836
38.767
38.9668
36.6674
33.8702
36.5582
40.3545
40.2538
39.3546
40.4408
41.9393
39.8893
37.0921
40.634
45.5292
44.2646
41.6671
42.6748
44.4731
42.3478
39.3507
40.1862
41.8846
40.573
38.575
42.7445
48.339
48.3475
47.0488
46.3962
45.8967
43.383
40.386
43.3362
47.7319
48.5198
48.4199
49.6796
51.2781
51.0415
50.3422
52.4284
55.2257
53.6564
50.9591
52.459
55.0565
54.968
54.1688
55.2608
56.8593
57.8288
58.6281
57.467
55.7686
57.4336
60.031
57.7132
54.0169
55.6904
58.8872
60.7644
62.2629
58.1863
52.4919
54.9846
59.8798
62.0015
63.3002
64.2916
65.1907
65.0934
64.6938
64.2177
63.7182
66.9553
71.351
70.8027
68.7047
69.7173
71.7154
71.746
71.1466
71.6793
72.5784
72.7247
72.6248
73.4259
74.5248
78.0202
82.3159
81.2339
78.3368
79.8349
82.8319
84.7145
86.213
89.416
93.2122
93.6826
92.9833
96.1908
100.786
101.706
101.306
103.473
106.57
112.665
119.858
126.54
133.034
137.273
140.67
142.108
142.807
151.536
163.325
170.712
176.407
188.433
202.919
212.884
221.076
234.778
250.662
264.691
277.978
294.61
312.592
326.955
339.843
359.454
381.832
403.363
424.542
448.466
473.542
502.899
534.068
562.368
589.442
620.982
654.449
683.88
711.552
750.469
794.326
827.94
857.012
894.848
936.607
984.284
1034.63
1071.53
1102.3
1142.24
1186.4
1230.22
1273.87
1315.01
1354.97
1401.45
1451
1488.17
1519.44
1558.06
1600.22
1643.99
1688.55
1726.27
1760.63
1781.29
1795.18
1823.27
1858.43
1878.64
1891.33
1906.34
1922.52
1950.6
1984.76
2003.25
2013.64
2014.9
2011.4
2027.95
2055.02
2070.47
2079.76
2083.13
2083.33
2084.44
2086.04
2090.87
2097.46
2098.51
2096.51
2099.01
2104.01
2107.08
2109.08
2098.55
2080.97
2078.68
2085.07
2094.71
2106.19
2105.84
2098.65
2100.42
2107.41
2104.59
2095.99
2085.27
2073.28
2065.48
2060.19
2056.27
2053.17
2049.7
2046
2047.33
2051.72
2056.18
2060.67
2061.17
2059.17
2054.04
2046.95
2035.76
2021.97
2016.54
2016.44
2002.54
1979.76
1967.59
1962.29
1952.77
1940.48
1915.85
1883.08
1857.58
1836.9
1821
1808.32
1789.37
1766.19
1741.23
1715.06
1697.23
1685.14
1677.01
1671.62
1663.99
1654.8
1639.62
1620.24
1610.04
1606.34
1599.44
1590.25
1574.32
1553.54
1545.61
1547.01
1550.19
1554.69
1548.27
1533.78
1525.94
1523.04
1522.6
1524
1526.02
1528.52
1530.05
1530.85
1533.91
1538.71
1540.52
1540.02
1536.04
1529.35
1519.47
1507.08
1497.81
1491.02
1483.5
1475.41
1464.55
1451.47
1440.36
1430.87
1420.28
1408.79
1399.66
1392.47
1381.4
1367.12
1350.87
1332.99
1314.19
1294.61
1277.72
1263.14
1245.76
1225.98
1215.62
1213.42
1199.06
1174.09
1158.52
1151.23
1139.8
1124.72
1120.03
1124.62
1117.49
1099.81
1089.36
1085.46
1083.6
1083.6
1080.69
1075.09
1066.86
1056.17
1056.31
1066.6
1064.4
1050.42
1045.75
1049.95
1046.29
1035.1
1033.1
1040
1042.59
1040.99
1041.16
1043.06
1036.92
1022.83
1009.65
997.359
988.708
983.713
974.897
962.209
952.982
947.288
933.616
911.738
898.442
894.046
882.079
862.198
847.718
838.927
833.382
831.284
820.499
800.419
786.491
779.198
772.097
765.204
758.692
752.598
745.602
737.609
730.752
725.158
711.087
687.51
672.749
667.954
655.64
634.761
616.718
601.932
584.971
565.49
545.225
524.046
505.529
490.144
473.434
455.152
437.37
420.187
405.633
394.244
381.501
367.115
356.504
350.51
341.608
329.12
320.463
316.567
314.533
314.833
313.146
308.95
302.688
293.797
287.75
285.352
284.828
286.726
289.665
293.96
294.069
288.674
290.37
301.459
309.725
314.221
318.29
321.787
331.472
349.555
366.244
381.03
399.385
422.662
448.406
477.577
510.576
548.939
595.003
651.948
712.23
777.266
849.686
932.705
1020.34
1114.64
1207.73
1299.04
1402.16
1522.64
1644.77
1769.35
1894.73
2021.3
2147.32
2272.5
2395.3
2514.48
2637.45
2766.23
2893.86
3019.74
3144.52
3267.6
3382.29
3483.79
3586.1
3689.7
3801.68
3927.06
4040.38
4134.29
4243.28
4376.75
4504.42
4622.6
4761.52
4934.65
5086.14
5201.63
5338
5509.44
5677.27
5839.01
6005.18
6178.91
6334.69
6459.57
6613.29
6817.09
6992.6
7118.57
7267.42
7456.63
7628.89
7770.95
7924.44
8098.47
8267.85
8428.79
8600.55
8792.06
8971.34
9128.09
9287.07
9450.21
9593.19
9698.39
9829.64
10010.2
10170.6
10292.7
10428.3
10589.9
10733.8
10843.2
10937.4
11001.9
11085.4
11206
11322
11428.6
11513.3
11554.1
11606
11680.7
11741.2
11773
11807.8
11848.7
11885.9
11915
11937.1
11944.4
11960.4
11994.8
12007.6
11974.5
11959.6
11984.1
12007.9
12030
12035.4
12004.1
11968
11921.1
11869.7
11808.4
11746.1
11681.4
11612.9
11535.9
11456.5
11371.6
11294.6
11236
11186.4
11157.6
11112.8
11030.1
10962
10928.8
10893.6
10853.3
10830.8
10851.5
10869.5
10881.1
10897
10923.6
10951.8
10983.9
11028.9
11106.5
11184.2
11262.4
11341.8
11424.4
11513.9
11621.6
11721.4
11800.8
11892.2
12015.9
12119.3
12168.4
12243.1
12387.7
12520.5
12620.9
12726.2
12845
12950.6
13018.9
13094.8
13192
13277.1
13327.8
13378.1
13427.5
13471
13497.6
13518.5
13522.9
13523.8
13514.2
13508.4
13514.2
13512.6
13488.4
13458.4
13410.6
13360.8
13305.2
13257
13232.5
13195.9
13121.2
13050.1
12990.3
12933.6
12887.2
12837.6
12777.7
12720
12669
12620.2
12578.4
12528.5
12451.1
12390.4
12387.1
12374.6
12329.9
12286.9
12249.5
12216.8
12200.4
12177.3
12130.3
12085.7
12050.1
12023.6
12030
12029.9
12005.9
11976.1
11924.5
11881.8
11873
11864.9
11859.8
11845.3
11794.2
11748.9
11726.8
11701.4
11662.4
11627.5
11608.7
11590.9
11577.3
11563.9
11551.3
11526.9
11453
11389.2
11368.1
11341.7
11292.3
11247.3
11220.9
11190.3
11141.5
11095.6
11062.7
11024
10958.7
10895.3
10839.9
10774.9
10665.1
10561.6
10487.3
10405.3
10286
10182.6
10156.1
10117.4
10019.6
9921.17
9819.57
9727.04
9680.18
9622.13
9506.84
9399.94
9336.5
9274.39
9219.24
9160.44
9082.12
9005.76
8940.02
8875.41
8816.96
8757.47
8692.14
8627.13
8563.99
8504.88
8468.91
8429.85
8372.71
8322.36
8312.37
8292.61
8213.89
8138.32
8082.07
8029.02
7995.85
7960.57
7911.92
7866.46
7841.58
7814.94
7776.67
7739.39
7708.62
7679.44
7661.06
7640.77
7607.3
7576.3
7562.61
7549.41
7539.72
7532.44
7542.73
7550.37
7538.28
7527.67
7528.27
7530.68
7547.06
7559.83
7544.15
7530.38
7531.97
7536.75
7567.52
7588.74
7530.2
7480
7500.98
7518.29
7503.6
7487.54
7459.27
7435.51
7452.79
7470.47
7491.85
7509.87
7495.88
7485.34
7508.32
7526.5
7496.93
7470.52
7476.31
7481.88
7485.07
7485.38
7454.71
7422.25
7370
7321.47
7314.98
7303.14
7229.31
7156.69
7098.45
7041.76
7004.2
6966.74
6930.58
6890.55
6800.44
6714.03
6677.06
6640.36
6607.29
6572.92
6519.97
6468.73
6442.56
6414.38
6355.73
6297.05
6237.71
6179.97
6148.3
6114.99
6053.95
5994.72
5967.24
5938.31
5882.66
5827.38
5779.03
5730.18
5671.43
5612.57
5551.23
5489.8
5426.26
5363.81
5326.15
5287.65
5229.21
5170.36
5101.22
5031.69
4951.47
4871.07
4785.75
4701.11
4636.57
4572.04
4507.6
4442.58
4357.46
4273.64
4237.48
4200.25
4120.62
4041.6
3988.66
3935.65
3879.8
3823.96
3768.11
3712.31
3659.06
3605.67
3542.43
3479.45
3436.09
3392.44
3322.21
3252.15
3201.7
3150.97
3058.96
2966.97
2879.86
2792.69
2689.59
2586.48
2470.8
2355.11
