-43.1779
5.67417
54.5263
56.8943
59.192
61.4898
63.7875
63.6013
63.4015
62.21
61.0112
61.1979
61.3977
58.4368
55.4397
56.4843
57.5832
62.1255
66.721
59.927
52.9339
56.7196
60.7156
61.3867
61.9862
56.8273
51.5325
56.8545
62.449
59.9754
57.2781
57.9761
58.7753
55.8955
52.8985
53.1865
53.5861
55.2392
56.9375
57.866
58.7651
58.5119
58.2122
58.8708
59.5701
58.6436
57.6446
57.1228
56.6233
57.1715
57.7709
56.5643
55.2656
54.9154
54.6157
56.5879
58.6858
56.8162
54.7183
52.8089
50.9107
54.0926
57.5891
58.4571
59.1564
56.5769
53.7796
55.5632
57.6611
57.6134
57.4136
59.7274
62.2249
62.4
62.4
56.5597
50.2658
52.4827
55.3799
54.123
52.5246
52.3079
52.208
52.1081
52.0082
50.4407
48.7423
52.1696
56.0658
56.7653
57.1649
56.1975
55.0986
55.0909
55.1908
54.3833
53.4842
54.396
55.495
53.9736
52.1754
51.2787
50.4795
55.258
60.6527
56.7116
51.7165
52.9914
54.9894
50.9993
46.3039
49.278
53.1742
52.7991
51.9
50.7345
49.5357
51.8806
54.6778
52.7017
50.1042
50.8584
52.0572
50.0879
47.6902
49.7708
52.4682
55.516
58.613
54.8914
50.196
51.955
54.6523
53.6946
52.1961
51.9132
51.8133
49.4609
46.7635
46.4
46.4
47.3487
48.4476
50.3209
52.319
51.7415
50.7425
52.3987
54.4967
53.6036
52.2049
54.2168
56.8143
54.8181
52.0208
52.7882
54.1868
52.4524
50.1547
49.2931
48.6937
49.2743
50.0735
50.2
50.2
51.5423
53.1407
52.3119
51.0132
52.0525
53.551
53.8833
53.9832
53.6675
53.2679
55.3558
57.9532
55.5875
52.1909
53.8281
56.5255
56.8353
56.6355
56.7642
56.9641
56.6722
56.2726
58.1617
60.5594
57.7382
53.7421
55.1964
57.8937
60.5911
63.2885
62.0999
60.002
62.0228
65.0199
64.7138
63.6148
63.9626
64.6619
65.9224
67.321
69.0396
70.8378
73.8328
77.1296
74.8553
71.1589
71.1939
72.1929
75.4886
79.3848
77.672
74.4751
77.8977
83.0927
80.584
75.9885
74.2943
73.3952
77.189
82.284
87.6131
93.0078
91.0092
86.9132
86.9315
88.1303
86.6965
84.4986
84.2317
84.5314
88.0668
92.5624
93.6
93.6
95.4396
97.8372
98.0942
97.6946
98.8964
100.595
101.761
102.76
101.786
100.188
101.994
104.892
105.902
106.301
106.023
105.524
105.775
106.275
107.149
108.148
111.612
115.907
116.776
116.477
117.663
119.361
123.579
128.674
133.104
137.3
138.474
138.574
143.305
149.699
152.94
155.038
163.79
174.979
183.834
191.826
198.364
204.358
210.933
217.726
226.979
237.169
248.802
260.99
274.761
289.147
306.188
324.27
338.774
351.861
370.658
391.737
408.831
424.316
445.336
468.614
494.226
520.8
544.057
565.936
595.908
629.276
662.432
695.5
731.507
768.771
802.335
834.304
874.207
917.565
960.783
1003.94
1047.79
1091.95
1131.62
1169.28
1216.99
1269.24
1316.89
1362.45
1410.4
1459.45
1509.25
1559.4
1607.44
1654.5
1706.71
1761.35
1809.1
1853.56
1898.76
1944.31
1982.27
2016.53
2060.19
2108.44
2139.24
2161.42
2189.87
2221.43
2238.98
2249.47
2271.89
2300.36
2328.37
2356.14
2370.94
2379.03
2389.75
2401.84
2417.98
2436.27
2441.36
2439.46
2453.12
2475.1
2488.32
2496.81
2488.67
2471.49
2469.08
2474.77
2477.89
2479.59
2480.97
2482.17
2482.41
2482.11
2489.65
2501.63
2503.71
2500.12
2494.05
2486.56
2482.28
2479.89
2472.08
2461.09
2457.19
2457.49
2458.41
2459.71
2450.1
2433.91
2432.65
2440.44
2429.7
2407.63
2404.88
2414.07
2422.09
2429.39
2428.27
2421.88
2416.89
2412.79
2407.05
2400.26
2384.22
2362.25
2341
2320.22
2295.15
2267.27
2253.73
2249.63
2220.64
2175.08
2147.53
2132.04
2105.05
2070.29
2053.29
2048.39
2030.29
2003.12
1986.27
1976.58
1969.95
1965.46
1960.78
1955.99
1945.12
1929.93
1915.74
1902.25
1894.92
1892.02
1892.59
1895.69
1891.35
1881.56
1869.76
1856.47
1855.32
1863.22
1859.98
1848.39
1848.01
1856.1
1864.93
1874.32
1865.41
1842.43
1835.16
1840.05
1841.92
1841.42
1833.32
1819.23
1807.82
1798.53
1791.73
1786.94
1774.18
1755
1738.24
1723.46
1710.65
1699.46
1688.05
1676.46
1659.2
1637.22
1621.11
1609.92
1591.05
1565.67
1551.19
1546
1534.89
1518.71
1503.17
1488.18
1470.96
1451.77
1433.98
1417.39
1405.52
1397.83
1389.13
1379.54
1366.33
1349.84
1344.67
1349.77
1351.1
1349.01
1341.92
1330.23
1325.01
1325.81
1320.52
1309.53
1305.54
1308.13
1302.85
1290.06
1284.51
1285.91
1291.27
1300.46
1301.51
1294.61
1287.17
1279.17
1274.55
1273.25
1267.7
1257.91
1247.77
1237.28
1224.9
1210.62
1194.35
1176.07
1161.23
1149.95
1133.85
1112.77
1099.75
1095.16
1088.42
1079.43
1067.82
1053.44
1039.63
1026.44
1012.58
997.997
989.203
986.706
979.393
966.805
959.488
957.989
954.93
950.135
935.263
909.089
894.59
893.292
879.105
850.233
826.058
807.276
785.716
760.941
738.055
717.376
696.099
674.121
653.239
633.659
617.537
605.549
588.847
566.469
545.986
527.804
514.025
505.634
497.555
489.863
481.324
471.733
466.666
467.265
462.125
449.737
441.525
438.628
434.199
427.806
427.903
436.394
438.685
432.89
433.658
443.049
449.002
450.4
454.109
460.902
471.145
486.03
504.858
529.034
549.793
565.877
588.345
619.614
654.646
694.906
736.124
778.682
830.806
896.442
968.301
1049.02
1126.46
1199.19
1296.37
1428.94
1547.7
1646.3
1757.8
1888.27
2018.42
2148.1
2277.69
2407.16
2546.24
2699.79
2839.54
2958.32
3090.99
3244.94
3378.72
3481.31
3595.44
3727.51
3849.9
3957.1
4064.87
4173.56
4283.49
4395.38
4506.2
4615.29
4733.68
4867.15
5002.7
5141.66
5283.87
5431.42
5589.18
5763.91
5939.31
6115.83
6283.42
6435.87
6590.5
6748.84
6914.86
7094.08
7265.53
7423.47
7585.89
7756.12
7916.74
8060.4
8220.7
8410.61
8599.13
8785.15
8954
9091.77
9240.7
9410.04
9584.08
9766.8
9950.71
10136.8
10318.6
10492.2
10633
10711.5
10805.7
10929.7
11068.9
11236.9
11400.4
11555
11685.6
11769.1
11858.5
11959.4
12058.5
12153.9
12232.9
12279.1
12330.5
12392.8
12446.5
12482.6
12510.5
12521.3
12540.7
12578.1
12605.7
12612.9
12618.4
12620.2
12634.5
12675.5
12699.5
12686.6
12668.6
12639.3
12613.7
12596
12579.4
12565.3
12530.6
12449.7
12378.7
12330.1
12261.4
12146.6
12047.6
11984.9
11914.6
11827
11742.7
11666.2
11603
11571.2
11535
11488.1
11442.3
11398.8
11371
11381.3
11395.2
11418.2
11446.4
11487.4
11528.4
11569.2
11633.5
11757.4
11855.8
11889.1
11942.7
12048.4
12160.1
12287.2
12408.7
12515.1
12617.7
12710.4
12812.2
12938.3
13056.9
13155.3
13268.7
13422.9
13564.2
13669.7
13767.2
13842.4
13915
13979.8
14042.1
14097
14141.8
14157.5
14185.5
14249.2
14296
14293
14293.4
14303.9
14306.3
14284.6
14263.6
14245.1
14224.4
14196.8
14166.4
14127.3
14080.7
14011
13943.3
13882.3
13824.8
13778.8
13733.3
13689.5
13642.2
13583.2
13523.5
13460.9
13393.7
13310.8
13240.4
13212.7
13180.3
13132
13084.3
13038.3
12995.5
12963.5
12930.3
12892.7
12861.3
12851.9
12835.7
12794.9
12765.5
12778.2
12774.1
12707.6
12653.9
12648.1
12637.7
12610.5
12583.5
12557.2
12530.6
12503.3
12474.4
12438.9
12407.3
12390.9
12371.8
12341.9
12314
12294.8
12263.1
12179.8
12117.2
12141.1
12153.6
12118
12079.4
12027.7
11972.9
11905.4
11843.6
11806.8
11767.7
11717.9
11662.9
11583.8
11502.4
11409.8
11326.3
11285
11235.8
11148.9
11059.5
10957.7
10866.1
10823.3
10770.4
10668
10562.9
10444.2
10332.4
10254.8
10169.2
10042.3
9932.56
9911.28
9878.21
9783.1
9696.6
9656.04
9607.99
9519.38
9435.96
9381.11
9326.89
9276.14
9225.03
9171.88
9115.72
9042.19
8970.82
8912.08
8858.32
8834.14
8801.45
8717.33
8645.07
8645.57
8636.68
8569.25
8506.79
8475.92
8443.57
8401.61
8360.84
8327.87
8295.96
8271.08
8247.78
8235.2
8221.05
8196.18
8170.37
8138
8110.85
8121.04
8131.11
8140.3
8147.52
8140.13
8135
8146.99
8159.36
8174.75
8184.01
8145.05
8110.95
8115.95
8122.37
8140.45
8156.15
8151.95
8147.44
8140.25
8132.82
8123.33
8115.83
8126.02
8136.22
8146.51
8152.7
8120.73
8095.01
8128.78
8161.31
8181.79
8197.38
8164.32
8134.58
8138.88
8141.84
8130.85
8116.1
8061.06
8008.39
7981.81
7954.84
7923.37
7889.17
7823.34
7757.95
7697.91
7640.53
7615.75
7585.7
7489.09
7396.02
7348.76
7301.16
7248.91
7196.77
7146.02
7097.03
7073.15
7048.86
7018.39
6983.78
6886.38
6793.46
6771.08
6746.32
6682.68
6620.23
6577.77
6535.35
6493.69
6450.77
6384.73
6319.37
6266.82
6214.42
6164.87
6114.39
6044.76
5975.9
5923.85
5870.15
5778.94
5688.22
5609.2
5530.38
5456.76
5382.69
5297.08
5212.32
5151.78
5090.94
5021.11
4951.12
4876.19
4801.09
4719.77
4638.59
4562.77
4487.71
4443.35
4397.9
4304.69
4212.66
4176.8
4140.42
4077.28
4014.16
3951.72
3889.41
3835.76
3782.2
3734.94
3687.38
3611.76
3536.21
3469.98
3403.68
3327.65
3251.42
3134.24
3017.03
2892.25
2767.45
2615.19
2462.94
