-78.1736
-19.6309
38.9117
39.6982
40.3976
38.5084
36.6103
35.2089
33.8103
32.7092
31.6103
32.8866
34.1853
35.5828
36.9814
37.0986
37.1985
37.7903
38.3897
36.4363
34.4382
32.9301
31.4316
31.4978
31.5977
35.0159
38.5125
38.4052
38.2054
37.0335
35.8347
36.8671
37.966
37.7095
37.4098
38.8493
40.3478
37.3144
34.1176
34.0962
34.1961
34.296
34.3959
36.2209
38.119
38.0087
37.8089
36.082
34.2838
33.9142
33.6145
35.0258
36.5243
37.3588
38.1581
37.916
37.6163
37.5055
37.4056
36.9286
36.4291
32.7311
28.8349
31.6041
34.801
33.9695
32.8706
34.5762
36.4744
36.6933
36.7932
33.7279
30.4311
33.2657
36.5624
34.1116
31.2144
33.7752
36.7723
34.9691
32.7713
30.6655
28.5676
31.2495
34.3465
32.0317
29.2344
33.1188
37.6144
35.9907
33.7928
33.5088
33.4089
32.6725
31.8732
33.1612
34.6597
32.0835
29.0864
31.6913
34.8882
34.0279
32.7292
32.9598
33.3594
34.1181
34.9173
33.8356
32.5368
30.7912
28.993
30.6728
32.7707
33.2669
33.5666
33.3336
33.0339
33.3544
33.754
34.242
34.7415
34.359
33.8595
33.184
32.4846
30.6438
28.6458
28.6628
28.9625
30.6609
32.5591
31.1428
29.2446
33.1772
37.9725
36.4292
33.9317
31.694
29.4962
31.8796
34.9765
33.4164
31.1187
31.9186
33.2173
33.9151
34.5145
32.8012
30.7033
29.3745
28.1756
28.5968
29.2961
32.0371
35.1341
35.0059
34.3066
33.7766
33.2771
33.7914
34.4907
33.0829
31.2846
30.2432
29.3441
29.7872
30.4866
31.0185
31.518
31.0155
30.3162
30.6165
31.116
32.3635
33.7622
34.0829
34.1828
34.9445
35.8436
34.102
31.8042
32.3056
33.4045
33.1893
32.6898
32.6819
32.7818
34.68
36.9778
35.0352
32.138
32.9016
34.5
36.9911
39.6885
39.1475
37.8488
38.0038
38.5033
38.036
37.3367
35.8337
34.1354
34.9224
36.321
39.7191
43.6153
44.0011
43.5016
43.2408
43.041
42.7618
42.4621
42.6376
42.9373
46.7919
51.5872
49.2115
44.9157
45.0219
46.3206
48.0114
49.8096
46.4456
41.6503
43.4087
47.0052
49.123
50.8213
53.2183
55.8158
51.4443
45.0506
49.2383
56.5311
55.1954
51.2992
51.0916
51.9907
51.1269
49.7283
50.1645
51.1635
53.1539
55.4517
56.1521
56.3519
59.2829
63.0792
64
64
62.6414
60.8432
59.4214
58.1226
59.4518
61.6497
63.6977
65.6958
64.0339
61.1368
59.8785
59.1792
65.0183
73.1104
74.0143
72.4159
73.2564
74.9548
75.5474
75.7472
76.3881
77.1873
81.7993
87.7934
90.4237
91.8224
95.263
99.4589
103.146
106.642
110.356
114.153
121.421
130.013
132.616
132.916
137.821
144.514
153.575
163.566
170.622
176.516
181.483
186.078
196.723
209.81
221.833
233.421
240.197
244.992
257.763
273.848
288.313
302.099
314.623
326.611
338.599
350.587
365.577
381.861
396.892
411.378
431.347
453.725
472.504
489.687
506.801
523.885
538.559
552.146
573.83
599.205
627.044
656.015
676.867
693.951
707.768
720.056
741.774
767.948
784.517
796.505
826.907
866.169
885.994
896.384
903.287
908.482
916.752
926.543
942.466
961.448
971.456
976.95
990.862
1009.04
1017.25
1020.34
1025.35
1031.35
1043.65
1059.23
1064.34
1063.94
1065.5
1068.09
1071.93
1076.42
1078.06
1078.16
1073.8
1067.01
1070.47
1079.56
1079.65
1074.75
1070.95
1067.75
1073.69
1084.78
1086.19
1082.09
1079.9
1078.8
1078.84
1079.54
1079.93
1080.13
1077.18
1072.38
1074.61
1081.01
1082.84
1081.94
1083.1
1085.49
1084.29
1080.89
1072.16
1060.17
1054.73
1053.34
1053.35
1054.25
1055.64
1057.34
1059.9
1062.99
1060.42
1054.22
1050.52
1048.42
1043.11
1035.72
1023.98
1009.39
997.82
988.23
975.219
959.934
952.125
949.328
940.271
926.984
920.709
919.21
914.336
907.143
900.068
893.075
886.729
880.834
876.641
873.644
870.354
866.858
866.157
867.456
862.659
853.468
844.277
835.086
837.427
848.217
847.628
838.637
834.342
833.543
838.736
848.426
849.415
843.82
841.003
840.304
838.87
836.872
835.55
834.75
832.044
827.848
821.919
814.627
815.912
824.004
825.102
820.607
815.005
808.511
802.293
796.299
787.833
777.344
771.451
769.353
763.82
755.428
747.797
740.804
733.865
726.971
715.331
699.647
692.615
693.014
690.415
685.22
683.227
684.026
675.789
659.604
655.813
663.006
665.556
663.957
659.573
652.679
647.253
643.157
640.104
638.006
638.403
641.101
645.196
650.591
645.977
631.991
626.999
630.495
629.998
625.703
624.722
626.92
628.914
630.713
634.13
639.126
637.113
628.222
619.682
611.49
609.051
612.347
614.947
616.845
610.504
595.818
586.324
582.128
579.951
579.851
575.092
565.501
558.157
553.162
548.508
544.212
536.427
524.939
520.641
524.037
527.482
530.979
529.784
523.49
515.242
504.852
498.83
497.631
496.291
494.792
488.114
475.626
471.954
478.248
476.323
465.034
454.768
445.677
438.485
433.49
425.359
413.571
402.15
391.16
383.737
380.54
373.747
362.658
355.195
352.098
347.151
339.958
332.45
324.558
317.963
312.968
308.507
304.711
301.624
299.426
297.979
297.48
297.112
296.912
296.931
297.231
295.614
291.518
290.371
293.068
294.557
294.457
295.388
297.686
300.198
302.995
310.817
325.403
338.463
349.452
358.078
363.473
371.43
382.918
397.626
416.807
439.441
466.914
492.773
516.349
545.738
583.401
622.622
664.082
705.868
748.126
795.138
849.085
902.426
954.875
1011.14
1073.08
1130.62
1181.57
1236.86
1298.7
1360.5
1422.24
1483.55
1544.19
1601.65
1654.2
1707.8
1763.05
1817.86
1872.01
1924.38
1973.93
2019.13
2057.4
2103.97
2163.91
2230.4
2307.52
2375.21
2427.46
2486.01
2554.94
2626.68
2703.11
2782.07
2865.29
2942.94
3011.17
3084.28
3165.7
3244.66
3319.39
3392.32
3462.15
3533.55
3607.68
3684.4
3765.72
3839.5
3899.84
3974.76
4075.86
4165.91
4235.94
4318.27
4423.07
4515.25
4584.18
4651.68
4716.52
4787.26
4869.08
4947.13
5018.07
5088.48
5157.91
5215.66
5250.93
5301.92
5383.44
5455.87
5510.52
5553.01
5571.49
5600.12
5648.98
5684.09
5691.58
5711.31
5755.87
5791.54
5809.02
5833.42
5872.08
5908.18
5938.95
5943.05
5891.1
5866.04
5898.01
5921.14
5925.33
5928.07
5927.67
5925.73
5920.44
5909.74
5887.16
5870.73
5867.93
5857.95
5831.88
5803.9
5771.63
5728.47
5660.43
5607.46
5589.18
5559.39
5502.84
5464.72
5469.82
5461.68
5422.22
5391.6
5382.11
5374.43
5371.14
5363.59
5345.71
5344.72
5385.28
5414.06
5413.56
5423.28
5458.65
5497.21
5543.87
5587.82
5624.89
5664.43
5710.39
5757.15
5806
5851.41
5887.78
5938.18
6025.89
6094.33
6111.01
6141.37
6208.81
6281.48
6368.49
6442.29
6479.56
6523.19
6584.63
6638.65
6671.72
6702.17
6725.14
6752.76
6793.72
6825.89
6832.48
6840.67
6853.56
6853.66
6815.8
6796.31
6831.98
6855.06
6839.97
6826.41
6817.52
6799.12
6751.27
6707.43
6676.16
6650.72
6643.73
6634.78
6619.6
6600.14
6566.87
6535.71
6511.44
6483.8
6445.03
6412.28
6399.59
6385.78
6368.2
6348.49
6321.52
6294.75
6268.67
6245.53
6232.64
6221.39
6215.89
6207.49
6188.71
6170.15
6152.37
6137.26
6131.97
6126.04
6117.74
6106.97
6086.89
6071.44
6073.53
6072.84
6061.46
6049.27
6033.98
6017.89
5998.61
5977.78
5950.81
5931.31
5941.9
5946.72
5928.04
5910.72
5899.03
5884.85
5860.28
5837.12
5819.93
5804.7
5797.8
5785.9
5752.23
5723.37
5715.68
5703.56
5671.69
5640.27
5610.9
5581.48
5551.81
5516.31
5453.77
5397.84
5372.96
5344.9
5301.64
5258.52
5216.06
5174.67
5138.5
5102.81
5069.44
5031.54
4970.8
4914.19
4878.73
4843.96
4812.79
4779.13
4732.38
4687.5
4652.63
4617.97
4584.4
4551.71
4523.84
4497.03
4476.15
4452.26
4411.3
4378.29
4391.08
4396.06
4355.4
4316.53
4288.25
4262.61
4252.82
4239.16
4201.8
4168.14
4157.55
4144.07
4112.3
4084.1
4078.91
4070.95
4044.87
4021.77
4018.47
4011.94
3983.47
3958.88
3961.07
3963.07
3963.67
3962.73
3950.74
3939.8
3936.5
3934.3
3940.19
3945.89
3950.08
3950.72
3923.84
3902.53
3925.01
3942.71
3922.03
3904.75
3915.34
3922.35
3899.48
3881.59
3906.26
3928.17
3925.97
3922.43
3906.84
3892.71
3891.81
3892.26
3905.25
3917.47
3922.47
3925.59
3910.51
3897.51
3905.3
3911.43
3900.54
3890.99
3895.49
3897.44
3872.06
3847.3
3829.32
3810.32
3779.85
3751.43
3746.84
3740.97
3720
3696.42
3641.08
3589.98
3592.37
3590.87
3538.83
3490.55
3492.64
3493.02
3469.64
3446.07
3419.69
3392.27
3349.52
3307.76
3281.29
3256
3249.31
3240.62
3199.46
3160.61
3160.81
3159.47
3131.1
3102.09
3061.53
3021.58
2993.21
2964.04
2919.08
2875.34
2856.66
2837.22
2801.35
2765.51
2730.25
2694.82
2655.56
2616.42
2580.36
2544.58
2516.61
2488.21
2447.65
2407.01
2363.95
2321.37
2293.99
2266.09
2219.93
2174.47
2154.49
2133.93
2090.27
2047.03
2021.65
1996.04
1959.07
1922.29
1895.22
1868.23
1846.36
1824.45
1800.47
1776.31
1737.64
1699.1
1671.43
1643.66
1605.5
1567.28
1521.53
1475.7
1415.86
1356.01
1293.47
1230.94
1167.8
1104.66
