81.954763
81.205980
78.899192
83.150026
89.256664
85.834073
90.134105
87.862267
88.158288
85.151202
82.796885
82.183069
82.578309
82.610746
84.986495
87.796385
84.394099
88.696797
90.785486
84.231775
88.116564
86.309868
82.342101
83.757756
87.070314
83.138127
85.821607
87.797300
89.355482
88.595939
88.649763
92.026951
87.078184
84.571925
87.096272
84.301035
87.213503
90.772738
86.459629
94.748464
88.374905
86.490332
86.466814
91.962958
93.639627
89.871795
89.547359
92.552235
93.117834
93.666631
94.410431
93.065455
97.811189
98.681940
95.439634
97.294479
103.654056
106.665368
105.666776
109.582689
111.739075
112.945322
118.946521
126.609271
130.436263
135.825900
144.715487
145.267323
155.150989
161.674697
179.839023
178.368045
186.035650
197.851147
214.585335
220.734102
231.036412
239.476196
253.057647
272.158145
283.042655
295.151447
315.699778
329.276524
351.931883
372.801947
389.546273
393.087476
403.013880
429.215071
432.521079
443.688356
460.931624
477.855480
489.338722
493.840064
491.033439
491.109789
505.863643
515.446045
514.035243
510.204607
513.533831
517.145143
531.394536
535.107373
539.787744
522.020519
527.459179
541.886571
546.212297
547.744876
550.883724
552.094000
545.056887
535.420615
550.837878
550.846346
552.893814
553.902124
563.866684
570.347181
576.249451
581.206312
579.735444
577.446895
569.724808
567.198917
570.058579
565.178276
555.312122
551.298692
547.387748
539.815342
534.794000
535.957887
526.727579
530.122876
528.329658
527.602944
528.917919
536.659151
533.964489
524.708774
524.421883
529.460184
535.618525
543.952750
541.095271
534.686248
537.215665
549.707368
545.631289
539.299576
539.379833
540.387143
540.294511
519.093525
516.369171
510.363526
505.374599
502.294855
495.278160
490.210857
485.415855
485.648058
480.492286
477.209756
481.929491
474.295320
470.341436
474.069481
475.571985
471.978160
464.803767
468.997440
470.633136
465.838368
466.309160
471.291485
473.858004
475.945786
476.420624
477.469043
466.213647
460.545277
459.615081
462.703248
449.640820
437.424312
437.279726
430.787211
420.058526
420.010211
407.336870
393.438184
405.362919
409.609962
398.303107
382.705707
378.142329
365.204642
351.987624
337.434627
325.143840
314.974504
299.957377
286.135049
275.400039
260.849921
245.968829
239.920504
233.794865
221.836774
221.408186
221.502940
212.665195
210.231610
216.999541
214.662047
211.918910
219.041130
228.997729
236.270827
240.139895
246.010000
265.077725
295.022549
328.437250
365.048466
406.913252
460.502017
529.186195
596.563169
671.081962
738.095896
807.612833
878.745267
961.054484
1036.245977
1108.473947
1169.981053
1226.053220
1290.444774
1350.191880
1402.452467
1462.826823
1522.348851
1589.546241
1665.574444
1730.229868
1805.979060
1885.632782
1963.005132
2031.669284
2122.975113
2204.487895
2281.996316
2349.522787
2425.739699
2504.355658
2573.333898
2643.755113
2727.815009
2821.860451
2870.101092
2957.215714
3005.981955
3048.637143
3112.585188
3180.967910
3256.317387
3284.181356
3320.005263
3362.826309
3409.537688
3437.890752
3450.169248
3468.033252
3488.721186
3514.728872
3537.236805
3527.965827
3528.580902
3548.301429
3527.764323
3505.263220
3495.717143
3464.279342
3419.540921
3387.000000
3354.327519
3303.923553
3278.395141
3254.570414
3220.420621
3237.296654
3246.645564
3269.511808
3304.768271
3316.723308
3363.741805
3441.270358
3485.512274
3513.520226
3569.187895
3653.591184
3744.762105
3813.561842
3882.730113
3945.525865
3999.903748
4077.241504
4143.257387
4169.836667
4218.333233
4273.119135
4297.038910
4318.258983
4312.490376
4294.890921
4283.762632
4257.161579
4237.351770
4233.078195
4224.763390
4199.167820
4172.582825
4154.911335
4133.737030
4123.062580
4126.133609
4090.849004
4038.169699
4016.723446
4038.200602
4025.034173
4036.373684
4007.593553
3993.217740
3984.279474
3966.413766
3948.439586
3934.061808
3937.220489
3943.449436
3917.052203
3907.035789
3909.048682
3933.259286
3918.352693
3898.300226
3885.346026
3862.410000
3826.349474
3771.534746
3745.400789
3735.714670
3710.879248
3678.973522
3647.906316
3596.168722
3526.180451
3480.929248
3441.293503
3391.642030
3385.477288
3293.316353
3244.849492
3206.082632
3182.692500
3140.680621
3104.266880
3071.791695
3056.866917
3041.131864
3016.009549
2991.795320
2963.456504
2932.939436
2906.301733
2890.707293
2889.613684
2843.784135
2826.576836
2809.281974
2789.436579
2779.018004
2778.389680
2758.695160
2772.913308
2795.285405
2769.659229
2737.518195
2748.044211
2763.153665
2754.031337
2759.276842
2772.032406
2800.686497
2778.450113
2781.026579
2805.588684
2795.401864
2801.699699
2800.455902
2798.128741
2804.188459
2804.642143
2780.295789
2747.692768
2742.902857
2740.504407
2681.398026
2627.665000
2580.094520
2571.451203
2542.449342
2479.332105
2483.332128
2450.957312
2432.209511
2413.782669
2368.950545
2333.435800
2302.485940
2263.844030
2230.663308
2191.668098
2145.279624
2111.009211
2084.684237
2051.079850
1991.498947
1963.676053
1877.420603
1859.177820
1804.994323
1752.236466
1713.888496
1681.601017
1627.928064
1572.909096
1528.361241
1487.652712
1464.668139
1421.769398
1413.606780
1359.159436
1323.819605
