119.665526
123.091486
121.871521
124.288034
130.307610
131.705541
125.374847
133.612699
140.688354
143.328442
146.694549
152.829868
155.725201
160.723893
169.001714
172.021576
180.100526
191.824658
199.214105
207.329746
217.857117
225.615902
235.995324
240.336803
243.869842
249.800489
263.673461
267.876868
267.436602
279.020633
291.086248
295.571313
306.999132
315.532864
326.430289
337.936368
347.914925
365.419974
374.893454
380.035571
386.464825
397.871838
414.116286
420.883451
426.427329
427.026908
427.149056
441.192851
464.350171
482.374478
485.946128
503.531030
531.189384
556.954019
595.558006
630.076872
648.345185
703.798053
748.621759
805.992043
869.807203
934.267627
1010.334098
1097.170000
1184.679474
1288.070960
1421.027726
1545.732820
1671.147928
1818.636823
1962.146893
2117.330526
2299.051751
2476.728177
2656.690038
2851.674135
3056.870808
3287.221902
3521.966842
3762.080414
4028.331977
4287.208947
4529.009662
4800.254868
5041.332844
5269.349925
5528.940019
5783.963853
6032.472030
6267.062105
6472.965677
6677.713729
6837.277820
6994.337589
7143.651372
7266.040977
7362.772806
7439.816316
7504.236429
7545.536090
7600.112486
7658.820357
7655.033271
7655.200827
7696.663571
7684.404049
7698.224812
7709.626015
7721.510996
7729.731751
7721.571767
7728.532481
7713.337368
7685.450000
7729.295338
7778.764774
7785.017627
7756.267632
7796.156271
7806.624925
7881.908271
7920.794087
7966.852444
7996.997932
7981.242782
7969.365763
7907.683139
7844.450226
7758.503684
7644.679211
7561.319925
7451.533195
7331.521563
7274.434117
7167.943653
7149.230677
7136.293759
7085.720339
7050.685639
7004.772143
7022.750526
7000.729906
6916.331805
6890.984662
6900.795819
6894.394737
6918.041525
6958.977293
6947.999831
6942.721654
6967.752857
6936.249023
6901.175150
6866.913898
6798.001504
6737.528496
6664.405188
6577.398475
6487.692519
6425.055038
6319.323145
6201.439211
6125.448531
6052.221429
5965.427256
5889.282086
5858.381429
5753.530564
5714.617726
5706.475725
5641.960977
5609.240207
5550.138139
5545.439397
5520.348421
5492.743139
5465.587119
5456.506842
5456.318173
5463.913985
5483.167782
5463.162519
5457.638064
5451.094586
5411.263233
5376.334011
5306.382105
5260.259323
5195.310263
5067.620752
5054.051259
4981.116391
4873.524737
4816.290132
4783.072655
4755.375000
4736.759511
4692.459756
4638.388550
4596.572180
4525.288289
4385.061582
4244.753459
4089.307966
3916.746898
3719.462331
3533.064200
3360.365883
3200.583684
3037.252105
2900.905612
2799.470808
2709.068722
2628.511128
2548.940226
2471.099756
2439.538083
2408.494181
2361.224098
2366.611036
2362.807143
2398.223477
2420.924294
2509.753534
2634.478684
2771.757500
2947.813842
3173.026767
3458.623929
3815.309417
4233.087030
4707.108136
5235.747726
5866.887966
6485.768647
7118.785292
7783.125207
8459.416729
9104.794087
9705.793835
10260.645000
10815.621053
11319.749153
11792.805827
12234.190602
12622.435028
13041.276880
13526.016573
13962.190977
14386.511111
14931.286466
15502.481203
16041.787218
16704.284023
17343.892467
17922.689474
18485.772744
19117.436842
19633.850094
20122.144737
20655.375376
21168.677966
21704.027068
22308.295104
22848.693797
23267.072693
23838.060150
24340.855451
24763.895489
25137.013534
25475.524294
25788.835338
26000.809605
26274.994737
26542.052919
26762.450376
26932.582707
27038.482707
27055.409023
27047.637853
27120.334211
27095.971617
26993.600564
26982.022556
26936.614286
26844.043985
26695.704520
26498.792857
26219.067105
25927.051316
25566.600000
25193.489474
24824.063722
24459.090395
24188.989850
24046.729755
23975.605639
23992.987218
24036.226554
24087.400188
24233.258835
24509.036466
24732.833522
25044.402068
25455.539850
25776.347368
26258.423684
26737.916541
27165.842105
27679.472881
28103.100564
28434.379096
28858.745113
29172.216917
29439.787947
29755.453383
29806.425564
29967.408835
30136.811864
30108.146617
30081.328759
30035.173684
29906.526316
29685.542185
29405.307331
29209.963277
29077.742857
28803.219774
28492.963722
28354.357143
28143.702260
28002.608835
27825.276880
27664.477444
27514.830132
27421.430639
27309.268045
27165.150000
27032.759211
26855.617326
26839.419549
26790.003013
26704.700752
26625.358380
26493.189098
26354.761090
26210.855932
26085.332331
26027.686441
25884.089286
25744.294539
25486.884962
25440.558004
25216.997368
25026.015789
24932.240678
24768.797180
24508.545386
24152.281579
23821.204520
23518.666917
23129.050376
22709.504511
22333.589286
21974.061017
21599.543985
21311.396045
21027.796053
20725.271186
20440.389474
20086.913158
19834.286629
19626.690226
19418.088136
19197.053759
19020.259322
18844.074436
18619.800940
18401.371805
18202.540602
18038.871375
17894.255263
17715.060902
17566.984211
17471.997175
17259.436842
17168.610526
17048.499623
16963.717669
16939.092655
16938.138346
16975.496987
17020.659586
17030.953383
17064.077068
17096.383647
17015.181733
17025.390226
16923.772932
16942.226365
16963.709398
16895.586842
16881.661842
16923.257627
17020.518797
17013.863722
17002.952820
16979.282707
16895.335714
16777.969361
16624.938230
16446.514286
16281.587571
16057.167293
15856.578571
15654.496422
15355.938910
15141.598684
14934.694737
14725.708663
14594.517669
14388.775564
14191.331203
14015.689098
13825.987571
13637.039098
13445.164407
13235.511278
13023.932203
12773.698496
12466.980075
12274.642373
12011.337594
11756.068421
11463.035526
11170.597928
10867.506391
10563.492293
10278.677444
9991.588496
9699.336949
9415.178722
9172.789209
8937.380075
8680.041977
8448.116729
8187.208496
7951.427326
7734.230113
7570.901299
