88.812468
86.473950
86.050245
86.279086
86.929702
83.034071
88.855793
84.352080
88.881125
93.056987
91.466955
95.439720
100.103150
99.747434
98.076072
100.929475
109.259921
106.206921
110.287338
115.764664
127.392934
124.096158
123.424331
129.272932
131.053254
139.534880
142.565338
144.722773
149.782143
152.166751
151.791938
154.385043
159.295421
162.183186
163.794259
169.662902
172.160778
180.148205
184.675701
191.606714
189.810013
198.581179
202.998857
204.850902
209.067122
212.767593
216.932462
222.275959
227.540263
234.667927
239.281098
253.756789
267.851107
277.519429
296.583411
312.955989
328.581977
361.585068
393.227218
415.784970
446.580188
496.765254
543.349165
585.040977
640.965053
706.557215
790.425778
875.652936
949.564951
1041.941015
1148.136667
1263.954586
1374.152655
1473.135207
1618.537744
1764.829436
1888.515865
2030.959623
2195.233985
2365.520508
2530.419661
2705.542632
2900.693158
3052.273891
3268.568154
3449.049323
3648.595639
3790.001955
3946.273571
4093.124211
4250.559549
4371.880169
4489.403835
4600.312731
4688.902368
4775.820714
4872.068380
4938.248289
4966.173571
5020.020677
5061.540000
5060.364643
5106.032970
5117.233759
5151.748929
5115.652787
5102.286391
5109.085564
5123.119361
5130.551073
5145.515451
5142.928853
5139.166184
5149.481579
5142.431278
5142.564643
5142.875047
5148.634286
5172.166780
5182.804417
5187.726692
5213.366460
5281.374680
5263.901842
5229.282256
5237.837250
5191.214774
5112.160977
5045.012105
4959.836842
4843.355047
4749.039962
4719.496403
4662.760564
4599.145556
4559.127293
4527.528515
4523.999887
4480.982895
4463.008139
4465.247481
4438.295989
4401.905188
4385.506429
4372.322731
4372.093947
4390.768814
4390.273289
4384.386102
4397.639023
4383.397350
4382.291560
4361.119774
4298.845932
4241.726165
4226.045940
4168.282030
4094.696610
4021.787500
3949.347030
3901.440791
3832.756053
3752.578060
3708.962857
3650.855977
3589.149624
3556.537857
3505.068759
3468.672782
3414.801846
3374.048346
3337.347387
3322.108534
3339.484783
3308.787293
3287.571466
3263.001525
3258.981053
3288.140132
3294.965959
3279.889436
3283.146015
3252.094211
3222.514229
3189.795714
3143.028927
3092.161673
3058.489474
3018.501692
2954.051447
2918.674041
2836.246767
2783.351579
2714.631316
2660.894859
2629.694135
2569.210771
2537.129398
2498.795518
2428.630827
2338.854925
2262.952938
2151.750752
2045.490678
1912.300733
1789.180301
1668.124614
1552.487143
1438.403684
1339.760789
1254.868249
1180.277274
1120.958872
1078.074887
1043.900846
998.709199
974.052639
954.109452
937.935716
930.392838
926.994842
945.046314
971.296469
1006.480117
1068.715526
1165.530000
1274.372599
1419.239624
1615.671429
1858.658703
2157.197293
2475.133051
2850.105827
3312.472373
3781.700075
4297.818004
4809.820376
5321.448496
5804.085518
6292.358064
6721.936579
7109.062632
7535.265650
7935.870376
8300.417368
8652.745217
8959.900827
9281.020075
9652.706692
10040.003333
10402.660526
10797.604135
11200.146241
11681.030075
12157.938795
12638.793233
13078.839850
13475.526316
13846.109605
14257.191353
14676.722180
15071.852542
15492.598496
15941.139548
16362.651504
16699.679849
17027.380827
17421.291541
17727.726316
18081.020301
18354.414689
18565.496241
18795.221092
18984.871053
19172.336911
19324.248496
19407.734586
19470.848872
19516.843045
19526.847458
19538.929699
19518.402256
19538.650940
19506.128571
19467.500000
19365.202632
19313.790395
19175.464286
18924.784774
18695.253947
18445.400000
18171.660150
17935.368421
17707.104143
17520.516165
17407.772693
17319.352820
17313.957143
17310.848023
17450.390414
17542.026128
17651.716917
17894.541620
18081.669361
18403.247368
18687.921053
19020.510526
19330.638346
19644.282331
20021.400565
20382.267857
20681.517891
20932.885714
21141.901316
21411.609605
21547.839098
21704.291353
21799.817105
21797.301695
21693.231579
21700.945113
21639.152632
21557.007895
21448.147646
21199.219549
20985.468173
20896.441353
20770.972881
20567.507895
20405.028571
20274.020339
20174.280263
20045.472932
19878.360150
19780.351977
19664.816729
19646.555639
19551.036842
19439.089474
19360.689266
19366.283459
19335.479284
19250.891541
19184.827495
19094.859398
18987.117105
18937.781356
18816.515789
18775.978531
18664.471429
18575.527119
18479.240602
18273.248023
18270.846053
18141.736842
18012.998870
17801.570489
17602.142185
17403.468045
17193.706215
16937.076504
16648.206015
16437.838346
16210.215977
15987.571751
15770.312030
15498.249153
15242.541165
15026.869492
14810.426316
14683.411842
14463.819397
14239.698872
14096.969492
13919.446992
13762.169492
13670.682707
13548.788346
13371.797932
13209.344737
13097.120151
12970.846429
12873.049624
12695.565414
12611.681356
12490.789474
12429.931579
12317.808098
12311.230639
12301.748588
12303.174436
12306.864218
12318.874624
12305.221805
12318.489850
12375.084023
12249.376271
12253.233083
12274.816165
12246.967608
12214.427820
12178.539474
12182.242105
12250.398305
12333.084211
12344.633835
12283.391165
12260.219925
12210.364286
12104.027820
12020.358192
11944.800000
11832.658192
11697.700940
11504.814286
11365.173823
11201.735714
11007.009211
10822.000000
10750.054049
10548.881767
10396.563910
10254.877820
10111.752256
9979.686911
9883.698120
9772.667119
9616.177932
9470.380659
9300.682105
9105.594511
8919.351525
8753.761729
8502.988947
8240.896842
8065.566083
7848.945075
7630.687970
7421.132406
7216.684812
6993.519096
6795.255733
6619.154520
6433.164060
6269.154783
6115.814305
5912.728872
5768.468945
5632.243571
5476.040734
