175.162895
183.247706
188.168303
194.756011
200.948203
202.848483
212.975678
222.957955
231.859957
243.552370
256.040207
267.924399
283.141628
300.386237
317.832872
338.920554
362.137895
383.270763
397.378271
424.181870
450.532621
470.647752
483.949053
499.793727
511.611243
525.929496
547.621904
564.538590
583.035752
598.837522
615.309481
644.197573
670.471421
694.482898
720.250718
744.241256
768.649998
795.651523
795.548559
824.386929
848.839776
872.437122
893.513429
908.581737
918.591579
927.436966
937.426150
957.295810
993.447461
1023.587684
1038.571880
1071.368440
1101.237514
1160.484135
1220.422411
1273.311353
1327.453013
1413.412256
1488.346090
1540.696968
1629.637820
1732.361356
1813.047895
1910.370977
2043.973684
2168.016177
2289.054117
2433.236429
2579.220753
2756.108233
2945.461638
3082.799624
3229.620169
3415.086353
3599.272293
3764.041128
3929.904492
4149.975009
4380.611504
4613.809850
4845.569096
5048.908421
5300.627293
5552.672425
5792.285179
6080.390602
6339.651053
6592.024530
6739.521992
6996.806353
7231.964624
7374.095254
7555.929774
7738.521770
7851.631767
7921.349361
8016.895932
8125.569868
8193.310000
8270.172030
8311.529153
8296.026071
8340.886541
8342.946466
8328.122143
8304.129642
8348.780977
8324.967895
8315.216372
8303.307740
8304.822857
8344.468402
8379.818158
8381.173684
8381.283383
8421.079248
8494.253277
8493.425226
8529.416610
8605.426297
8675.622632
8773.004652
8871.646692
8925.819812
8947.599962
8996.922599
8984.069662
8951.088722
8872.042632
8744.612500
8660.428362
8596.432932
8540.102053
8488.276053
8425.459040
8388.120677
8346.214662
8366.687345
8381.339248
8371.904286
8325.143477
8305.433861
8312.399173
8273.574850
8277.719699
8324.756842
8332.185593
8349.258026
8382.803220
8379.529850
8375.604944
8352.284962
8318.901090
8306.115311
8257.985714
8238.228571
8174.488722
8100.286328
8053.621034
7970.265113
7916.451808
7884.043553
7811.872825
7745.817143
7720.338365
7686.734511
7638.131429
7598.225038
7546.193045
7480.891356
7494.172932
7502.858252
7512.437556
7478.617401
7452.062368
7427.388158
7404.067797
7413.223158
7438.359397
7449.316842
7444.019962
7427.615263
7451.874605
7457.375583
7422.796316
7417.901525
7408.296635
7369.638985
7351.400714
7350.941541
7356.815620
7342.871654
7347.898421
7377.185789
7387.847006
7396.629173
7407.344323
7390.471466
7390.126949
7304.553308
7277.873835
7174.444162
7059.891842
6937.489831
6784.037838
6598.577368
6436.939925
6264.107538
6092.185395
5968.942895
5851.489247
5744.191259
5648.657218
5556.119925
5520.178759
5423.899831
5376.160000
5344.547778
5356.191071
5365.071431
5424.901429
5472.703327
5572.430565
5690.188045
5874.308158
6070.672500
6297.506911
6589.606466
6888.027143
7206.115959
7605.072594
7991.024576
8454.669586
8919.114237
9382.432707
9821.289962
10287.765414
10737.833835
11210.092279
11605.214850
11981.282895
12362.894737
12728.633333
13047.195301
13391.170301
13750.558004
14065.395865
14445.555556
14848.736842
15304.977778
15762.581391
16289.927444
16772.599624
17360.617857
17931.790584
18486.530075
19053.027820
19621.738158
20096.906780
20594.799248
21140.710150
21672.388136
22239.845865
22826.201883
23324.403571
23843.822787
24300.246992
24732.621805
25123.751316
25519.766165
25873.090960
26208.851128
26591.563089
26807.347368
26968.698117
27128.741165
27212.000752
27277.703008
27345.101316
27351.341243
27386.934586
27407.424436
27204.451504
27169.676692
27207.028571
27062.772180
26889.301695
26654.542857
26233.010902
25932.521053
25618.500000
25299.623308
24915.160338
24606.544633
24380.950376
24134.763465
24051.253008
24113.174436
24164.273446
24198.389662
24444.134586
24595.026692
24911.246704
25199.611466
25592.835338
26008.452632
26446.335526
26946.477068
27394.613158
27840.835593
28313.941729
28731.978154
29093.386466
29431.113346
29739.051224
30025.583083
30197.206015
30186.967293
30181.345763
30218.872932
30114.689098
29914.723684
29817.460526
29686.403390
29477.172180
29249.308286
28985.293233
28693.639548
28403.993797
28130.443985
27968.018079
27873.649060
27634.485150
27426.175940
27328.867797
27232.325564
27036.411654
26933.534211
26837.856579
26668.029567
26621.037594
26550.500188
26407.324248
26289.351412
26163.206015
26030.219925
25938.727119
25775.253383
25722.245009
25658.421429
25457.226365
25390.154135
25238.733333
25062.128947
24824.552632
24606.215254
24332.144361
24050.977024
23784.657519
23510.175706
23199.606579
22853.095489
22471.316541
22070.429699
21813.592655
21286.449248
21016.420904
20567.744361
20341.311864
20037.242105
19764.476316
19530.662147
19252.964662
19002.132203
18839.977632
18629.040678
18418.097744
18242.275188
18020.292481
17832.320301
17618.158569
17483.399248
17350.657143
17129.410526
16914.303390
16772.769737
16699.555263
16615.065725
16528.592481
16500.303013
16497.017293
16507.575895
16502.245489
16545.563534
16607.418045
16560.578571
16532.950282
16455.135338
16430.545677
16420.615066
16339.731579
16337.536842
16378.267105
16422.338983
16420.883459
16383.110150
16336.336654
16339.274436
16306.250000
16167.603947
15991.881733
15824.942857
15629.866667
15404.912030
15177.107143
14992.964218
14772.561466
14555.344737
14359.973684
14110.392655
14017.311842
13817.077068
13660.150376
13469.932895
13262.630508
13058.604511
12848.566855
12629.660338
12384.549906
12149.822556
11884.597368
11653.481356
11334.369173
11063.026316
10750.011842
10506.287382
10226.590602
9960.156805
9612.144718
9310.174211
9041.042542
8781.797989
8532.079831
8279.347030
8030.254181
7795.803665
7593.252707
7408.191281
7154.169474
6974.634181
