129.428211
135.194286
130.309891
137.893816
139.608034
134.204085
136.135881
137.854744
139.937657
146.038098
146.387338
145.450452
152.746434
159.157780
162.520256
170.086486
174.597711
185.205237
188.297068
195.299058
211.161424
210.121774
210.501674
225.936254
227.284915
230.350714
236.440714
243.930361
247.907940
253.265230
262.692887
267.210448
269.702789
279.763746
288.732805
293.055113
299.687563
308.276686
314.363463
317.372071
329.915927
348.298538
357.328429
361.418353
358.425962
363.983090
372.984312
379.077812
395.985632
406.028032
411.812955
428.819363
460.025740
477.565887
505.124621
529.183876
570.945556
599.438444
640.374714
684.042789
733.109192
795.006627
870.246718
945.811887
1027.944053
1125.876121
1211.004718
1325.224436
1456.124802
1591.329286
1722.521638
1904.434962
2067.613616
2230.360714
2409.091241
2611.077406
2814.730000
3039.501940
3263.807143
3504.790244
3763.483559
3996.930526
4261.590451
4534.621184
4768.078211
5040.106015
5282.095470
5571.148008
5835.376729
6105.358722
6307.412820
6496.904576
6695.917444
6891.894539
7036.142387
7161.263045
7290.253484
7374.796711
7434.416071
7526.348045
7606.376836
7637.652857
7667.833308
7670.481015
7691.730357
7730.042467
7708.023684
7661.602256
7645.658534
7708.411356
7726.699925
7707.906805
7731.279342
7760.431579
7765.100902
7784.450677
7773.587646
7751.024436
7795.403559
7846.263684
7873.477368
7926.544350
7975.262500
7937.742575
7957.576316
7978.549416
7903.588308
7803.131654
7725.917895
7628.262500
7509.728041
7426.134549
7360.147081
7232.276560
7129.297458
7079.244135
7024.590545
6998.761412
6977.219135
6935.643534
6890.535508
6899.981563
6890.135113
6835.550977
6791.402260
6791.434474
6810.150000
6827.110564
6850.687119
6847.175414
6817.679267
6826.988853
6808.659474
6790.565141
6741.806316
6659.735414
6613.400075
6560.337627
6480.423778
6380.926316
6280.456742
6175.769868
6097.824557
6017.867143
5882.875883
5826.367068
5753.894286
5634.988120
5602.586335
5541.412599
5475.677368
5451.689286
5376.811335
5372.023333
5317.002744
5307.700056
5301.568475
5292.896316
5303.167250
5294.380019
5266.772218
5254.767331
5245.036692
5212.624850
5185.046466
5145.760904
5090.995545
4987.928421
4901.215789
4848.009944
4795.950357
4729.770752
4644.275263
4569.797763
4508.308983
4467.329812
4435.648421
4368.867914
4299.125593
4205.432782
4116.592444
3991.123861
3861.484511
3707.489831
3551.686541
3349.056842
3174.823296
3005.592312
2839.293289
2676.984474
2527.482411
2412.199831
2311.139925
2206.221353
2136.026523
2075.571673
2015.954737
1982.481789
1947.964417
1955.425970
1953.465414
1965.004868
1986.575311
2038.422519
2115.042632
2211.077500
2353.707740
2559.950000
2810.471429
3112.307500
3503.402970
3961.508644
4486.129417
5107.222034
5779.603985
6448.823183
7198.560677
7917.545188
8696.991638
9358.479417
10065.167763
10745.536842
11389.611299
11983.668985
12520.383083
13031.342373
13527.855263
14029.007533
14541.564662
15061.566667
15603.256955
16190.695865
16824.008647
17465.874436
18099.013936
18834.721805
19543.529887
20176.377632
20856.040678
21543.951128
22157.274060
22715.988136
23309.263910
23984.286441
24653.119737
25218.516573
25828.039850
26357.070301
26863.353383
27342.733835
27793.436723
28226.782707
28665.912429
28981.597368
29224.102072
29484.048872
29691.293233
29822.555639
29915.616165
29934.101130
29903.653383
29944.651316
29946.062406
29938.687218
29865.200000
29723.681767
29673.913936
29511.721429
29277.094361
28960.664474
28652.900000
28281.235338
27868.211654
27520.753107
27240.356391
26986.899623
26829.220113
26801.580451
26714.674576
26706.097744
26916.415789
27105.199248
27355.015066
27720.599248
27985.974436
28346.805263
28799.552632
29263.309023
29708.116917
30209.329379
30714.706015
31194.220904
31649.491729
31958.107331
32276.593032
32606.629323
32783.694737
32972.882707
33036.405085
33047.850376
33017.738534
32925.498684
32725.355263
32559.663277
32387.750940
32187.042561
31940.545865
31651.912994
31332.852632
31017.192105
30810.070621
30544.036842
30321.769549
30161.812030
29964.575706
29839.496992
29576.009023
29494.789474
29401.113158
29291.171751
29191.521805
29043.503578
28946.133647
28869.270998
28753.393233
28676.478759
28604.583051
28505.409774
28385.665725
28192.803571
28030.764407
27881.444737
27658.813559
27474.935526
27244.900000
27066.197175
26725.994925
26471.739360
26229.377444
25892.448776
25561.130263
25177.275940
24751.703759
24488.397180
24122.474576
23786.415038
23470.140678
23150.897932
22775.210358
22468.378947
22069.621053
21739.277024
21495.471805
21257.166102
20964.404699
20675.857627
20474.636090
20287.983647
20021.148496
19768.037218
19583.482863
19362.111842
19170.886466
19027.900752
18827.689266
18731.293421
18603.550000
18501.062524
18417.887970
18316.286629
18266.457895
18203.482298
18178.802820
18223.299248
18228.174812
18235.012218
18317.321846
18287.720301
18279.561654
18205.330697
18140.152632
18150.071053
18151.342105
18150.618644
18216.436842
18240.473872
18277.518421
18313.559398
18315.350000
18189.722180
17997.192844
17892.300000
17764.217514
17555.116353
17385.728571
17106.003013
16834.231015
16560.514474
16333.005263
16064.618456
15851.347932
15657.418797
15460.800000
15244.425000
15035.122787
14825.463158
14625.808098
14415.589474
14166.778343
13983.345113
13796.053008
13462.766102
13200.562406
12930.736842
12695.355263
12302.941055
12007.872932
11706.176880
11397.118233
11107.524060
10793.928814
10438.811466
10161.221469
9941.423910
9654.401243
9369.071165
9114.190000
8875.746064
8642.434511
8376.687684
