292.912211
297.146166
325.085032
336.499090
363.295542
382.498633
396.841797
421.845316
452.013635
491.726985
520.974079
554.387435
598.777464
637.697734
685.064857
743.135305
782.123289
820.261079
873.822669
920.520032
981.981422
1043.401436
1074.784755
1098.014859
1153.715401
1200.640692
1260.333088
1292.079596
1325.530985
1388.837068
1455.354547
1507.370727
1552.165421
1609.707085
1666.966814
1735.285248
1800.053224
1857.970513
1920.786659
1984.508929
2008.811260
2066.828391
2111.764143
2148.399226
2183.558483
2209.787968
2216.759726
2226.443392
2261.766026
2301.076593
2346.349398
2411.485141
2474.622655
2563.701767
2658.030942
2712.514906
2791.443145
2910.849098
3021.639098
3122.233522
3221.336654
3334.865085
3432.420075
3551.540451
3674.897895
3778.978380
3896.156485
4032.106767
4178.646554
4309.596485
4406.523785
4500.410376
4601.216384
4700.799398
4766.627669
4840.134211
4923.107989
4993.566422
5101.328722
5218.007218
5314.085989
5417.383684
5524.479549
5666.652556
5804.349021
5902.222406
6063.913853
6218.635113
6347.844474
6505.690489
6607.722331
6713.063729
6834.766015
6895.651544
6992.231523
7058.030564
7079.414953
7123.166974
7164.297143
7211.047669
7203.645367
7220.428571
7206.534774
7166.831165
7123.108214
7129.668418
7124.928496
7107.983233
7108.298722
7150.280282
7191.461466
7226.527425
7235.554474
7290.814737
7378.424887
7478.528214
7571.759925
7704.604474
7865.230339
7989.132143
8206.687444
8411.125122
8629.976259
8806.050132
8979.436053
9136.510132
9285.399229
9397.955639
9457.454211
9492.579342
9517.418211
9513.164737
9544.757721
9606.313947
9641.927589
9650.283308
9718.837274
9854.254463
9886.254098
9958.708271
9997.941654
9969.231902
9994.383083
10059.512519
10142.171111
10211.306053
10266.794746
10319.531936
10434.107288
10461.753383
10525.026090
10552.678759
10598.882068
10616.397891
10657.551165
10700.592782
10725.740150
10744.682655
10763.064154
10834.768722
10899.712279
10949.432368
11000.058173
11058.657143
11118.994248
11126.566466
11191.226429
11241.605188
11246.138346
11298.849774
11375.365263
11397.412274
11381.085075
11316.802411
11340.385263
11323.788515
11305.127627
11368.111579
11416.714143
11472.770733
11529.081241
11570.413008
11650.553947
11745.928308
11914.362556
12013.390847
12108.765940
12239.931090
12420.623496
12621.798402
12854.303158
13041.078947
13263.877368
13479.729605
13679.957175
13858.758797
14018.606748
14177.195602
14374.813427
14489.504511
14633.410602
14726.232128
14730.322105
14806.691356
14830.115282
14814.233910
14808.376535
14741.697086
14745.734605
14748.083947
14738.143653
14749.882049
14785.220150
14756.671880
14687.379868
14759.181936
14766.079586
14807.388512
14837.804492
14841.115330
14917.300150
15053.086654
15159.656384
15248.846992
15332.160789
15354.302500
15353.286234
15358.361955
15315.507143
15220.946128
15081.305865
14916.374407
14801.930959
14562.992712
14288.533534
14054.628738
13833.226880
13510.517932
13194.046328
12966.044643
12682.503158
12401.784737
12143.216045
11877.715207
11636.537744
11428.523465
11267.596222
11128.109021
10956.501579
10932.550000
10920.168985
10890.786955
10906.262744
10953.839793
10985.168719
11005.141955
11052.182199
11059.517895
11026.609454
11042.534248
11077.853233
11109.918305
11145.374586
11212.582316
11325.478647
11363.097910
11373.827857
11409.746786
11441.689474
11466.318346
11563.925593
11604.493008
11650.911601
11605.636579
11594.320151
11608.222669
11587.605789
11553.014436
11495.265094
11416.247966
11391.234962
11308.853083
11197.304718
11195.874135
11199.471429
11130.216335
11070.305970
10938.820714
10821.218947
10667.444474
10489.360000
10349.959398
10234.843459
10089.932448
9886.915000
9744.745819
9742.239643
9772.785639
9770.211638
9827.600508
9829.255620
9892.783797
9988.529510
10066.451410
10238.921805
10487.637895
10643.471184
10794.214192
11010.700639
11187.307514
11341.497124
11541.969925
11711.082632
11839.834154
11956.935819
12033.161316
12035.687519
12147.559530
12145.241864
12119.898195
12068.822707
12048.828684
12003.915789
11939.421318
11879.459774
11780.120471
11689.621805
11611.693164
11485.312387
11373.060940
11265.506535
11240.227594
11115.794361
11097.346842
10979.121036
10983.992538
10895.323233
10824.139474
10801.957237
10780.024633
10751.915188
10697.023427
10662.188872
10675.468117
10635.492218
10547.775244
10525.302203
10459.592481
10483.265574
10389.024643
10330.355424
10254.204286
10217.155518
10142.826842
10072.008947
9971.810282
9880.861466
9780.730923
9659.904474
9552.129567
9449.927199
9298.288421
9138.860150
9026.471560
8837.303616
8697.044248
8581.169831
8446.884342
8327.497834
8200.614737
8083.317237
8012.308851
7971.254248
7854.476102
7742.430752
7621.372034
7517.019474
7461.964850
7389.334135
7283.113496
7249.682467
7196.189117
7076.497744
7016.358797
6936.402373
6926.339342
6927.652105
6878.812260
6854.584662
6839.199925
6809.775639
6787.677363
6795.257312
6812.899060
6825.019925
6824.885244
6826.618512
6816.026090
6774.824286
6752.610132
6768.571917
6778.455789
6798.203553
6809.261695
6783.624060
6787.630075
6775.004286
6744.100226
6729.880714
6717.671053
6677.283333
6605.542857
6526.289605
6430.354342
6300.126429
6252.558475
6190.162068
6084.544868
5996.676316
5936.285198
5854.705320
5743.078947
5693.243496
5626.483008
5538.416761
5472.706015
5403.291168
5308.887519
5208.675367
5106.624662
5020.206241
4921.727797
4834.432180
4670.951579
4603.080000
4463.211977
4374.586880
4235.006692
4134.876823
4008.816992
3883.888983
3783.314793
3672.580960
3548.794887
3465.104444
3384.164305
3272.110526
3180.467928
3099.925320
3013.092542
