1344.444105
1409.457362
1477.131957
1541.324143
1641.605712
1733.070327
1838.165136
1937.748361
2062.106910
2193.071447
2333.421842
2487.600640
2656.272049
2812.846949
2975.990827
3174.247571
3369.390000
3574.936053
3776.548496
3972.413910
4188.247514
4389.582030
4551.048908
4739.351541
4903.893503
5078.313872
5268.603459
5455.897782
5654.441805
5859.653578
6080.107970
6330.475047
6561.061842
6792.761017
7066.321090
7247.511429
7472.121356
7751.886128
7989.048399
8189.376429
8333.551394
8489.950470
8685.918571
8830.508872
8950.341992
9034.871186
9137.622556
9281.599510
9393.242632
9553.184388
9749.383008
9979.314192
10210.494463
10500.560075
10849.864407
11215.226579
11600.043785
11980.883008
12381.374586
12777.837119
13185.815752
13598.598136
14016.717293
14443.694211
14873.922632
15421.468362
15971.913195
16447.162331
16905.043540
17369.248966
17819.292768
18240.747293
18574.921638
18896.131974
19192.530677
19526.218008
19879.893158
20191.284237
20582.288120
21024.266353
21455.990960
21898.463158
22286.694361
22791.195113
23334.683992
23881.646617
24467.224436
24946.545677
25422.106391
25995.530075
26456.131391
26890.505085
27255.123308
27618.888889
27874.972180
28064.194737
28308.102448
28510.959211
28616.828571
28596.082707
28603.066102
28642.253571
28620.501880
28602.287970
28545.603571
28483.796798
28426.784211
28406.994737
28375.039286
28454.625989
28723.548872
28930.502256
29019.357895
29254.689474
29565.952632
29908.421429
30349.690960
30832.137218
31347.420339
32046.351880
32791.325564
33595.234652
34372.028947
35141.124812
35854.078571
36501.155932
36996.298684
37322.547368
37521.452632
37652.086842
37697.371375
37676.290226
37799.217137
37845.753195
38011.686629
38269.342105
38514.071992
38883.888136
39185.765789
39355.590226
39476.103759
39576.028814
39680.330827
39802.776128
39964.438230
40162.557895
40414.915254
40696.915414
40990.872881
41114.184211
41361.279887
41551.680639
41666.253008
41775.996987
41923.465226
41973.975188
42111.584211
42163.063842
42351.169549
42454.621053
42587.484746
42839.347368
43050.126930
43262.685714
43533.674248
43678.841729
43862.850000
44105.412782
44348.430263
44477.173635
44646.202256
44722.055451
44712.659211
44715.898493
44727.800752
44767.578947
44760.764407
44969.768421
45223.725424
45446.405075
45812.331955
46118.668421
46460.518421
46755.392669
47209.852632
47678.963277
48203.845301
48797.922180
49513.592481
50174.922744
51015.577632
51798.366165
52706.189474
53594.451316
54278.115254
54958.891729
55753.925752
56408.691541
57006.850659
57555.037594
58080.407519
58295.172505
58457.322180
58505.838983
58576.613910
58724.743609
58733.984746
58672.056579
58626.050000
58732.452632
58776.415819
58706.592669
58610.895489
58473.272932
58493.896805
58404.091917
58382.998872
58575.678343
58672.072180
58875.067043
59208.049624
59697.666353
59989.394915
60273.425564
60615.697368
60907.675000
60940.945574
60814.548872
60410.764286
59743.489662
59239.593609
58666.664407
57883.110150
56970.455932
56116.571429
55140.121469
54029.018985
52959.652256
51855.387382
50735.138346
49616.971053
48590.105263
47636.120339
46551.297932
45653.854511
44986.887759
44229.623684
43697.777024
43353.992481
43238.200000
43111.975188
43161.416917
43204.507519
43255.929699
43414.935970
43546.513534
43683.409211
43752.634211
43743.825424
43810.585714
43934.911278
44108.854237
44338.447368
44543.185311
44756.226880
45030.438418
45145.301128
45335.809962
45482.344925
45712.693985
45617.966667
45808.986842
46002.226742
45972.365789
45881.110734
45778.784962
45664.113534
45483.563158
45281.885714
45164.437853
45018.140226
44732.049624
44461.516917
44357.708271
44229.500000
43899.702256
43499.020527
43092.114286
42508.368045
41865.123684
41248.000000
40672.506767
40051.267481
39470.280603
38985.760526
38646.254237
38530.158083
38520.684962
38569.397740
38779.375376
38979.099436
39281.973308
39830.270810
40336.008271
40899.460150
41612.142105
42276.989474
42937.512970
43734.929699
44478.415254
45225.377444
45958.345198
46489.024812
47048.384774
47475.009981
47765.979323
47962.024812
48201.126128
48283.333898
48201.327068
48170.520677
47931.089474
47671.373684
47370.360264
47048.783459
46714.863653
46285.363158
45867.995480
45537.926128
45178.598872
44822.605650
44612.315226
44246.161466
43914.827068
43673.530508
43502.982895
43157.590226
43010.826316
42878.793421
42781.255179
42649.772180
42454.704896
42194.577068
41996.087382
41913.124060
41816.725940
41636.288136
41408.650376
41348.201695
41074.985714
40926.131262
40858.839474
40593.198870
40252.202632
39871.900000
39506.668362
39096.846053
38719.268927
38240.356015
37681.691525
37204.369925
36668.536842
35988.070677
35460.905639
34973.297175
34306.433083
33862.181921
33230.659398
32769.171563
32266.463158
31896.484211
31464.439925
31086.272180
30636.722034
30331.924248
30045.076271
29684.837594
29325.786842
28961.986090
28682.329323
28515.009605
28240.904323
27817.414286
27582.472180
27317.263842
27120.107895
26944.313158
26740.665348
26585.430451
26550.233898
26554.345113
26590.830132
26690.874248
26735.246241
26648.246617
26592.831955
26636.227495
26465.085714
26516.106955
26548.209040
26362.629699
26352.568421
26371.319737
26365.311864
26473.989474
26498.551128
26332.095113
26196.096617
26038.707143
25841.544925
25724.881544
25556.928571
25227.529379
24897.012218
24504.692857
24298.895480
23904.260902
23468.893421
23213.573684
22854.918832
22542.575940
22278.249624
21970.564662
21664.479323
21354.908475
21069.151880
20735.712994
20366.037331
20091.568041
19731.716805
19243.604680
18794.394068
18336.879699
17950.638947
17457.155526
17006.495574
16605.889699
16159.488045
15700.560996
15219.958271
14735.330904
14311.648064
13914.787853
13517.071128
13179.712505
12818.103289
12420.555789
12172.379586
11778.956523
11433.779435
