-57.9764
-5.62767
46.721
52.0868
57.3816
56.3049
55.2059
51.9211
48.6243
48.1042
47.6047
50.9649
54.3616
56.0791
57.7774
58.49
59.1893
56.5437
53.8463
54.88
55.9789
53.7462
51.4485
52.6713
53.97
52.3408
50.6425
54.7883
59.0841
57.2559
55.2578
55.103
55.0031
53.2573
51.4591
52.7526
54.1513
54.2964
54.3963
49.8773
45.1819
49.6095
54.4048
52.0124
49.3151
50.0607
50.9599
51.5727
52.1721
50.8665
49.4679
49.9703
50.5697
52.3074
54.1056
53.916
53.6163
52.5609
51.4619
49.4203
47.3224
46.7296
46.2301
49.4857
52.9823
53.2
53.2
50.6758
47.9785
50.5054
53.4026
53.2276
52.828
52.0568
51.2576
52.5905
54.0891
53.6449
53.0455
52.1692
51.2701
48.068
44.6714
47.801
51.4974
53.451
55.2493
54.6678
53.8685
51.6993
49.4016
48.2886
47.2896
48.4732
49.8718
47.5499
44.8525
48.222
52.2181
50.1604
47.4631
46.7492
46.2497
49.6186
53.4148
50.7479
47.3512
47.8061
48.7052
48.3531
47.8536
47.2649
46.6655
47.2229
47.9222
49.1542
50.453
50.9544
51.354
49.1901
46.6925
47.8112
49.4096
50.9201
52.4186
51.195
49.5966
48.7867
48.0874
47.6503
47.2507
47.6361
48.1356
47.0686
45.7699
45.6868
45.7867
47.0129
48.4115
48.3407
48.041
48
48
49.3767
50.9752
48.1093
44.5129
46.9123
50.3089
49.4326
47.8342
45.2979
42.6005
44.4118
47.0092
48.7579
50.3564
47.0436
42.8477
44.2275
46.6252
46.3257
45.5265
48.5113
52.2077
50.0315
46.7347
46.7859
47.4852
48.602
49.8008
47.4175
44.3205
45.9609
48.5583
48.8342
48.6344
48.021
47.3216
49.4281
52.1255
51.9414
51.1421
53.2175
55.9149
55.7445
54.9453
51.9391
48.4425
50.8987
54.6949
53.6917
51.5937
52.5796
54.2779
56.3001
58.398
56.4579
53.5608
55.4975
58.5945
57.2711
54.8735
56.0035
58.0015
59.7596
61.4579
62.5978
63.5968
62.2083
60.2102
62.4199
65.7166
67.1127
68.0119
66.462
64.2642
66.4005
69.6973
69.6925
68.7934
67.4238
65.9253
66.695
68.0936
69.7263
71.4247
70.7883
69.4895
68.8118
68.3123
70.4455
73.3427
77.3212
81.617
77.2841
70.3909
73.3339
79.2281
81.8264
83.4248
81.7357
79.0384
81.6028
85.7987
85.659
84.1605
86.3794
89.7761
89.2379
87.4397
86.0188
84.7201
87.7875
92.2831
94.3761
95.6748
93.3789
89.8823
91.1661
94.0632
93.8315
92.5328
95.3949
99.6907
102.578
104.976
107.448
109.945
110.968
111.468
117.04
124.433
129.553
133.849
135.146
135.346
140.651
147.844
154.164
160.158
163.686
166.283
171.123
176.818
187.995
201.282
209.893
216.686
224.053
231.646
243.89
257.976
273.489
289.574
303.025
315.413
328.794
342.581
362.029
383.808
405.445
427.024
449.025
471.204
487.556
501.443
524.078
550.452
576.477
602.352
621.336
637.32
668.505
706.368
737.794
766.366
800.804
837.868
867.224
893.099
926.728
963.891
994.007
1020.88
1059.42
1103.38
1126.72
1140.41
1175.6
1220.95
1252.92
1278.49
1304
1329.47
1351.79
1372.57
1401.33
1433.99
1455.63
1471.81
1492.07
1514.34
1521.53
1521.13
1533.06
1551.24
1566.78
1580.97
1597.66
1615.64
1620.68
1618.98
1622.59
1628.98
1636.62
1644.91
1645.72
1642.52
1647.5
1656.89
1665.89
1674.68
1677.8
1677.8
1664.94
1644.96
1642.67
1650.26
1652.68
1652.18
1652.64
1653.64
1652.22
1649.42
1648.91
1649.7
1655.87
1665.16
1661.3
1649.71
1641.26
1634.66
1637.33
1645.52
1642.24
1632.05
1626.21
1623.01
1622.48
1623.58
1622.39
1619.8
1618.68
1618.48
1622.39
1628.88
1622.04
1606.75
1596.16
1588.57
1582.19
1576.6
1565.55
1550.97
1537.35
1524.36
1512.03
1500.15
1476.92
1446.15
1424.05
1407.77
1402.45
1404.55
1392.98
1372.1
1356.37
1344.19
1339.2
1339.2
1334.26
1325.87
1319
1313.2
1304.14
1292.75
1291.09
1296.38
1297.79
1296.39
1287.29
1272.61
1265.42
1263.72
1258.75
1251.35
1249
1250.4
1249.12
1245.82
1240.7
1234.21
1237.18
1247.37
1250.78
1248.98
1249.78
1252.57
1249.03
1240.54
1230.71
1219.82
1216.06
1217.96
1210.58
1195.8
1185.22
1178.02
1171.05
1164.26
1153.73
1140.14
1130.17
1123.18
1116.07
1108.88
1098.64
1085.86
1068.47
1047.19
1035.35
1031.55
1022.81
1009.83
1002.03
998.736
994.372
989.077
981.763
972.672
965.116
958.922
956.158
956.458
945.508
924.428
916.495
920.491
920.417
916.621
916.307
919.205
919.823
918.325
921.366
928.659
924.696
910.111
903.102
903.302
904.318
906.116
906.187
904.589
902.636
900.338
894.562
885.371
881.202
882.001
878.498
870.706
863.461
856.768
846.799
833.512
828.728
832.624
828.346
815.659
805.374
797.582
786.028
770.543
761.384
758.886
753.675
745.583
738.89
733.695
726.77
717.979
711.916
708.819
702.623
693.033
685.626
680.631
675.494
670.199
661.655
649.467
639.249
631.256
620.136
605.45
591.741
579.153
564.991
549.007
534.221
520.834
512.406
509.809
503.188
491.799
480.729
470.04
456.223
438.64
426.202
420.008
414.488
409.793
405.142
400.546
393.679
383.989
377.003
373.407
370.517
368.519
368.103
369.702
368.193
362.699
361.909
367.204
369.549
368.051
369.877
376.07
380.288
381.886
385.709
392.502
400.786
411.076
424.376
441.758
455.513
464.304
480.235
506.01
531.659
557.134
587.311
624.075
665.808
714.56
763.271
811.923
866.4
929.239
997.507
1073.63
1150.2
1227.43
1302.87
1375.7
1449.9
1526.12
1607.43
1696.35
1786.69
1879.2
1967.07
2047.89
2136.45
2236.85
2324.22
2391.45
2468.53
2560.94
2642.23
2706.07
2773.62
2847.05
2921.94
2999.16
3070.03
3130.67
3204
3297.9
3396.43
3502.53
3602.29
3691.61
3790.25
3904.44
4011.88
4107.99
4200.23
4285.95
4382.11
4496.1
4601.28
4691.29
4788.6
4898.59
5006.92
5112.31
5222.77
5342.15
5445.19
5519.11
5620.09
5769.64
5894.93
5976.25
6066.05
6171.34
6280.37
6396.25
6502.88
6592.29
6688.41
6797.1
6894.19
6969.31
7046.29
7126.82
7194.15
7236.11
7291.59
7373.31
7455.97
7540.49
7609.93
7649.59
7688.52
7725.98
7763.38
7800.64
7845.59
7906.13
7949.62
7958.21
7970.36
7989.84
8001.7
7997.71
8002.54
8025.91
8039.27
8031.38
8021.51
8007.43
8001.25
8012.13
8022.14
8030.24
8032.02
8019.93
7988.91
7915.89
7858.12
7834.54
7794.3
7716.37
7651.36
7615.8
7580.8
7547.14
7506.23
7448.48
7392.86
7342.21
7289.66
7232.62
7196.82
7211.8
7219.06
7207.67
7203.32
7216.11
7224.74
7223.14
7228.51
7251.19
7277.63
7313.49
7364.29
7452.91
7525.17
7555.64
7590.88
7638.43
7686.04
7733.8
7795.72
7894.92
7988.99
8069.41
8141.23
8189.98
8253.41
8356.61
8453.15
8531.48
8604.81
8664.35
8723.34
8780.79
8828.51
8848.79
8871.58
8901.55
8942.67
9015.9
9068.66
9061.87
9059.54
9070.33
9074.4
9058.51
9042.95
9028.37
9012.94
8994.96
8978.7
8967.71
8951.84
8920.87
8885.53
8836.47
8793.32
8768.85
8737.38
8683.53
8634.87
8603
8566.17
8513.13
8458.87
8400.63
8357.75
8366.25
8367.62
8344.94
8325.25
8315.76
8301.34
8269.87
8236.13
8194.47
8155.79
8127.61
8099.81
8073.34
8048.29
8028.41
8011.34
8004.55
7998.2
7993.51
7993.08
8008.67
8009.63
7955.19
7906.19
7878.12
7854.37
7847.37
7841.11
7837.71
7829.38
7801.41
7776.99
7766.9
7755.67
7739.79
7720.94
7689.87
7662.33
7649.54
7628.26
7571.02
7525.58
7530.78
7526.77
7482.81
7437.99
7389.34
7344.14
7314.37
7276.56
7202.43
7141.13
7138.54
7124.03
7054.3
6987.88
6937.03
6884.91
6826.77
6769.86
6718.91
6666.79
6608.95
6550.75
6490.81
6432.59
6383.04
6334.55
6291.49
6250.29
6218.73
6181.24
6112.6
6047.3
5999.74
5956.47
5936.39
5910.98
5856.23
5803.67
5763.31
5727.26
5715.67
5698.13
5646.28
5597.08
5563.42
5528.19
5483.74
5439.88
5399.62
5365.69
5370.58
5369.97
5335
5299.08
5257.12
5220.79
5220.69
5213.71
5161.66
5114.56
5100.48
5089.97
5103.76
5112.26
5084.29
5057.15
5035.87
5018.89
5032.67
5043.81
5035.62
5027.2
5017.11
5011.44
5039.21
5062.48
5050.99
5038.56
5018.68
5002.01
5011.1
5018.29
5009.89
5001.45
4992.56
4985.41
4993.1
4998.55
4984.46
4972.2
4976.2
4978.85
4969.26
4962.1
4977.59
4991.5
4990.5
4987.74
4967.76
4950.61
4961.7
4969.4
4942.53
4916.94
4904.75
4892.15
4875.17
4858.85
4849.86
4838.91
4805.84
4771.82
4726.77
4683.81
4665.93
4646.05
4601.69
4557.67
4517.81
4479.38
4459.5
4438.01
4395.05
4354.76
4351.27
4344.72
4294.87
4246.6
4221.53
4195.8
4160.24
4124.1
4078.94
4034.84
4007.97
3980.93
3951.06
3921.67
3900.69
3878.55
3835.19
3792.65
3765.57
3737.56
3691.01
3644.17
3591.42
3539.79
3512.42
3484.41
3441.95
3399
3344.25
3289.47
3233.93
3178.4
3123.36
3069.1
3037.03
3004.56
2960.1
2915.53
2867.07
2818.59
2769.04
2719.46
2669.01
2619.23
2595.95
2572.1
2523.45
2475.27
2449.49
2423.3
2375.05
2327.2
2303.32
2279.3
2245.13
2210.85
2167.99
2125.32
2099.55
2073.52
2019.68
1965.8
1908.06
1850.22
1773.6
1696.96
1615.64
1534.31
1449.3
1364.28
