-10.5753
44.171
98.9174
101.992
104.989
102.312
99.6146
96.8179
94.0207
97.7682
101.564
99.9175
98.2192
95.4343
92.6371
95.5573
98.5543
99.5838
100.583
99.7163
98.8172
93.7045
88.5096
91.3338
94.3308
93.6192
92.82
98.0597
103.454
98.6424
93.5474
92.6239
91.8247
92.4777
93.177
93.9729
94.7721
96.9213
99.1191
95.6396
91.9432
90.8397
89.8406
92.675
95.6721
94.8436
93.8445
93.1319
92.4325
93.543
94.7418
92.1385
89.3412
90.3383
91.5371
92.1679
92.7674
89.0214
85.0253
88.288
91.9843
90.4126
88.5144
89.7143
91.1129
90.8252
90.4256
88.8107
87.1124
91.3846
96.08
92.49
88.2941
87.7213
87.4216
89.254
91.2521
90.4749
89.4759
87.646
85.7479
84.4946
83.2958
86.601
90.2974
88.7655
86.7674
90.5357
94.8315
95.2
95.2
90.3697
85.0749
86.3279
88.226
88.3092
88.2093
86.4795
84.5814
86.8395
89.5369
87.9067
85.8087
87.5792
89.777
89.5512
89.0516
86.6711
84.0737
86.66
89.8568
87.7921
85.0948
88.0924
91.7887
91.0457
89.747
87.9167
86.0186
84.3856
82.7872
80.836
78.8379
82.2082
86.3042
85.5707
84.172
84.3504
84.75
84.1006
83.3014
84.2466
85.4455
83.7724
81.6745
82.4419
83.6408
84.753
85.8519
83.4068
80.4098
82.9322
86.3289
84.7349
82.3372
79.9395
77.5419
81.0545
85.5501
84.7472
83.0488
79.7305
76.134
79.6832
84.4786
84.6059
83.9065
86.7636
90.2602
88.35
85.4529
83.6514
82.053
81.2114
80.512
83.0007
86.0976
85.4282
84.0296
82.2969
80.4987
81.033
82.0321
83.8622
85.8602
89.9311
94.4267
90.485
84.7906
82.6447
81.246
84.7047
89.2003
89.7536
89.4539
87.5974
85.3996
85.2452
85.5449
89.351
93.9465
93.4984
91.9
95.4141
100.109
102.295
103.894
106.138
108.536
106.18
102.684
100.473
98.5748
102.369
107.564
107.16
105.362
107.952
111.648
111.365
110.067
111.15
112.848
115.338
118.035
116.151
113.054
118.704
126.696
123.369
116.975
113.64
111.142
114.902
120.396
123.238
125.336
127.201
128.999
128.08
126.382
129.252
133.448
134.632
134.931
138.159
142.255
141.663
139.665
141.499
144.496
146.805
148.903
150.544
152.042
155.518
159.614
159.841
158.842
160.492
162.989
163.449
163.249
161.92
160.222
161.827
164.524
167.521
170.618
172.52
174.019
180.807
189.398
191.08
190.38
195.61
202.902
206.869
209.667
212.095
214.393
224.19
236.677
246.745
255.936
266.809
278.298
289.203
299.893
307.891
314.884
326.375
339.562
359.332
381.61
403.239
424.618
444.774
464.455
490.522
519.094
548.739
578.81
609.665
640.835
669.086
696.16
736.647
782.602
830.397
878.95
922.773
964.632
1013.04
1064.19
1121.86
1182.3
1237.92
1291.46
1358.06
1430.29
1503.63
1577.46
1649.35
1720.38
1792.86
1865.99
1950.5
2040.12
2114.25
2181.38
2276.99
2385.59
2464.62
2530.05
2607.43
2690.35
2783.75
2882.05
2966.31
3043.93
3123.79
3204.71
3289.07
3375.09
3453.23
3527.56
3598.8
3668.54
3726.83
3779.48
3814.73
3841.31
3886.82
3941.87
3978.56
4005.93
4058.28
4123.42
4157.19
4174.78
4194
4214.08
4237.7
4263.17
4278.53
4288.52
4298.77
4309.16
4318.25
4326.64
4330.38
4331.57
4327.61
4320.82
4332.42
4354.2
4361.93
4361.83
4366.85
4374.74
4367.47
4351.58
4338.62
4327.33
4334.73
4352.91
4366.61
4377.7
4370.78
4353.3
4346.49
4345.99
4342.17
4336.38
4329.65
4322.35
4313.76
4304.36
4292.87
4280.08
4283.35
4296.54
4303.88
4307.57
4304.7
4297.71
4290.41
4282.92
4268.53
4249.75
4235.71
4224.72
4212.1
4198.41
4168.84
4128.88
4087.47
4045.11
4006.54
3970.47
3916.94
3851.71
3800.9
3759.84
3722.88
3688.71
3674.56
3674.16
3650.68
3611.22
3581.23
3557.85
3540.05
3526.16
3514.67
3504.88
3489.56
3470.28
3459.35
3454.46
3437.07
3410.59
3397.67
3394.67
3387.88
3378.29
3372.94
3370.74
3368.32
3365.72
3368.3
3374.79
3373.29
3365.7
3364.32
3367.72
3368.13
3366.23
3364.45
3362.75
3358.53
3352.34
3335.06
3308.99
3294.85
3290.25
3276.97
3256.69
3234.04
3209.46
3170.61
3120.06
3092.38
3083.59
3065.04
3038.37
3004.68
2965.12
2933.09
2907.41
2875.64
2838.68
2808.49
2784.11
2761.5
2740.42
2716.46
2689.99
2663.25
2636.27
2612.42
2591.34
2566.94
2539.57
2522.45
2514.55
2502.21
2485.83
2479.93
2483.63
2479.63
2468.54
2460.45
2455.16
2439.96
2415.48
2406.01
2410.71
2401.74
2379.76
2380.22
2402.2
2408.63
2400.04
2404.91
2422.89
2423.03
2405.64
2383.04
2355.27
2332.59
2315.01
2300.62
2289.43
2274.02
2254.34
2227.15
2192.28
2169.33
2158.64
2136.33
2101.96
2068.62
2036.35
2007.98
1983.7
1956.56
1926.39
1901.34
1881.76
1856.51
1825.14
1802.19
1788.41
1770.95
1749.47
1738.67
1739.67
1725.64
1694.87
1667.39
1643.62
1614.26
1578.59
1547.36
1521.19
1480.55
1423.31
1382.78
1361.6
1319.44
1252.81
1197.65
1155.99
1113.33
1069.47
1027.39
987.431
949.827
915.061
888.012
870.329
848.737
822.363
798.584
778.004
760.097
745.511
731.768
719.08
702.198
680.02
665.402
660.407
656.418
653.721
654.77
660.664
662.525
659.129
654.912
649.617
651.198
661.888
676.428
696.108
715.704
735.185
757.845
784.818
818.627
861.785
912.922
975.061
1042.84
1118.47
1201.87
1296.18
1400.3
1518.29
1650.7
1803.65
1969.64
2154.36
2347.16
2551.66
2755.47
2958.27
3180.52
3431.37
3678.85
3921.31
4167.82
4420.37
4683.88
4963.91
5224.39
5455.16
5693.11
5942.07
6181.25
6405.33
6622.97
6830.56
7032.25
7224.66
7430.45
7657.43
7882.02
8102.81
8314.44
8511.35
8720.06
8947.94
9174.6
9399.28
9640.17
9907.81
10184.9
10477.7
10757.1
11013.9
11280.9
11565
11853.5
12149.3
12434
12699.6
12984.1
13301
13602.5
13876.6
14137.3
14374.4
14636
14941.4
15240.3
15527.4
15810.3
16085.7
16380.4
16710.4
17031.3
17335.1
17619.9
17869.6
18112.1
18341.3
18587.1
18864.3
19127.5
19363.9
19589.4
19794.2
20000.4
20209.3
20408.1
20587.1
20768.4
20954.3
21119.1
21242.2
21358.3
21460.3
21545.1
21594.9
21666
21780.6
21874.2
21924.4
21950.8
21927.6
21927.7
21977.1
22019.3
22046.6
22064
22060.4
22063.9
22082.6
22076.6
22016.9
21966.2
21935.5
21893.5
21826.1
21747.4
21643.2
21547.2
21469.6
21359.1
21173.7
21011.1
20901.2
20780.4
20634.1
20494.8
20371.7
20258
20166.2
20062.3
19929.3
19821.4
19774.3
19754.2
19799.5
19835.1
19846.6
19851.6
19840.4
19889
20087.5
20244.4
20296.2
20367.1
20486.9
20624.9
20809.9
20985.8
21138.2
21295.8
21467.4
21652.2
21872.5
22091.6
22307.4
22511.6
22684.5
22867.3
23077
23273.5
23433.5
23582.6
23700.9
23828.2
23981.2
24120.4
24220.7
24323.8
24435
24524.9
24552.7
24588
24645.8
24688.5
24686.7
24678.3
24649.7
24613.7
24555.5
24502.7
24466.5
24425.8
24370.8
24299.8
24178.3
24058.2
23942.7
23828.8
23720.8
23617
23527
23431.7
23318.7
23210.5
23117.7
23016.6
22887.5
22776.8
22728.8
22673.8
22595.2
22508.5
22393.9
22293.6
22243.1
22185.6
22103.3
22041.3
22052
22035.9
21923.1
21833.6
21830.1
21821.1
21791.4
21757.4
21706.9
21663.2
21645.1
21624.4
21593.3
21547.9
21447
21364
21351.2
21325.8
21249.9
21181.6
21143.4
21107.8
21082.5
21049.5
20984.7
20918.7
20847.5
20780.7
20732.3
20678.4
20601.4
20515.4
20390.4
20271.9
20181.7
20096.2
20032
19954.6
19817.7
19691.7
19615.3
19522.3
19352.8
19184.5
19022.2
18863.3
18721.2
18579.5
18440.1
18297.3
18137.4
17980.9
17840.7
17702.2
17572.1
17444.4
17329.8
17199
16984.2
16790.9
16711.6
16624.4
16495
16370.4
16271.9
16169.9
16048.4
15928.5
15817.5
15704.1
15576.5
15458.1
15392.6
15319.3
15201.3
15086.4
14990.8
14893.8
14788
14690.8
14646.8
14597.1
14512.5
14426.4
14331.4
14241.4
14183.7
14122.7
14040.5
13959.1
13883.1
13816
13810.3
13796.1
13724.4
13658
13629
13600.1
13571.9
13549.8
13573
13593.1
13590.8
13591.8
13617.6
13635.5
13592.5
13557.1
13580.7
13604.7
13631
13654.7
13657.3
13658.6
13649.5
13638.4
13609.6
13586.7
13614.9
13637.7
13613.2
13590.8
13586.6
13584.5
13601.9
13616.3
13602.3
13592.1
13619
13642.1
13628.5
13615.6
13611.3
13604.1
13566.6
13527.8
13475.8
13429.5
13445.3
13448.9
13314.5
13184.3
13102.6
13021
12941.3
12860.5
12767
12671.9
12556.9
12441.5
12319.9
12200.5
12110.3
12019.4
11918.8
11818.9
11729.9
11643.9
11601.5
11555.7
11457.7
11362
11301.9
11242.3
11191.5
11138.1
11040.1
10942.5
10851.8
10760.6
10660.9
10562.3
10485.1
10406.2
10294
10182.5
10085.6
9987.43
9861.15
9735.26
9618.18
9501.34
9390.35
9279.23
9165.04
9050.21
8918.24
8786.3
8655.23
8523.77
8380.81
8238.57
8119.19
8000.35
7900.15
7799.29
7674.31
7549.39
7426.61
7303.95
7186.36
7069.3
6977.19
6884.9
6783.2
6681.51
6580.21
6479.04
6386.73
6294.42
6202.41
6110.27
6006.08
5902.05
5817.03
5731.51
5573.36
5415.21
5254.26
5093.24
4906.23
4719.16
4485.49
4251.82
