2.59671
-4.69614
-11.989
-4.41889
3.17367
6.08711
8.98427
2.24353
-4.54981
-3.31087
-2.01214
2.75048
7.54578
5.32823
3.03048
1.91565
.816732
-.970858
-2.76909
.0473708
2.94453
-2.78138
-8.6756
-2.34562
4.24792
5.47358
6.5725
1.14548
-4.44903
-2.36425
-.0665062
-4.75352
-9.64872
-7.8637
-5.86566
-4.73719
-3.63827
-6.68554
-9.88241
-6.82449
-3.52772
-4.84047
-6.33901
-4.09994
-1.70229
-3.22588
-4.92422
-2.51845
.0790069
-.657237
-1.55636
-1.31484
-1.01513
-1
-1
-1.56797
-2.16738
-4.3727
-6.67045
1.68427
10.6754
4.7089
-2.18434
2.84493
8.63925
2.06751
-5.32525
-3.18238
-.385118
-.759745
-1.35916
-.65524
.143976
-3.14437
-6.74085
-5.70215
-4.30352
-.0371559
4.45844
2.21527
-.581992
3.99004
9.18495
1.69485
-6.89673
-1.82135
4.47248
-2.87147
-11.463
-8.27268
-3.97689
-.957021
1.94014
2.56376
2.96337
1.63881
.140283
-1.6299
-3.42814
.104518
4.2005
-1.62092
-8.51417
-3.35243
3.1412
2.36373
.765298
.152145
-.347365
-.757501
-1.15711
1.02948
3.52704
.596588
-2.99989
.77303
5.46843
-1.7961
-10.5875
-4.88188
2.71068
3.6882
3.7881
3.62399
3.42418
.76573
-2.23133
-1.2858
.212729
-.823844
-2.22247
-.393902
1.90385
2.5481
2.94771
1.69755
.199017
-4.15845
-8.95375
-8.64918
-7.55025
-3.1741
1.7211
-2.33258
-7.8272
-7.82734
-6.92822
-3.7164
-.119929
-1.39465
-3.4926
-3.88526
-3.98516
-2.1285
.0693443
.569744
.769548
4.86447
9.65977
5.07771
-1.21612
-2.2
-2.2
2.76126
8.65549
7.58656
5.18891
4.54891
4.2492
1.36093
-2.03574
-.267429
2.52983
3.08311
3.18301
-1.60904
-7.40337
-3.76775
1.82677
-1.07858
-5.77398
-2.23666
3.05815
2.27524
.177295
-1.83871
-3.83675
-4.52696
-4.92657
-2.47213
.624832
.467865
-.431254
-5.30685
-11.1012
-7.01877
-.625031
-.20761
-1.20663
-1.56113
-1.76093
-1.8
-1.8
-.597395
.901136
.880088
.48048
1.03826
1.83747
1.36331
.564092
-.235125
-1.03434
-5.23893
-10.3339
-7.68705
-2.99165
1.94016
6.93527
4.69849
.502599
-.243177
-.0433724
-.860375
-1.9593
-1.8099
-1.31039
-5.86946
-11.8636
-6.05817
3.13282
5.89689
6.79601
3.98776
.0915745
.509701
2.20804
2.29262
1.89301
-.42284
-3.32
.740141
6.93407
.850447
-9.03986
-5.16289
3.02908
4.39307
3.59385
4.00536
4.80458
-.4342
-7.62715
-4.73269
1.46124
2.92492
2.82501
.778033
-1.91932
-2.82408
-3.12378
-1.41209
.985557
.411194
-1.18724
-6.19448
-12.3884
-7.93948
.252493
3.21084
4.30977
6.43793
8.93548
4.02757
-3.56499
-1.79746
3.39744
2.53917
-.557792
.0546822
2.05272
4.99376
8.29053
6.88504
3.68817
-1.31237
-7.00679
-5.29025
-.694757
-.90686
-3.0048
.622007
6.51623
5.20272
1.00684
2.21971
5.61638
4.39986
1.3029
1.46164
2.96018
3.68232
4.08193
1.8773
-1.41947
-.575086
2.02237
3.14996
3.64948
6.17311
9.56978
3.98784
-5.50286
-2.22287
6.66841
8.56948
7.37065
4.23943
.243342
-2.37637
-4.37441
-1.91197
2.58362
3.04202
1.64339
.517687
-.481333
-2.9091
-6.00606
-2.65826
3.73547
5.46178
4.96227
5.40703
6.30615
5.25495
3.25691
2.80117
3.10087
-2.75061
-11.6419
-9.0668
-.774929
2.8641
4.16283
4.73255
4.93235
2.29081
-1.80517
-.103551
4.59185
6.2
6.2
2.66352
-2.73119
-.682326
5.3118
4.66585
.469962
-2.16825
-3.96649
-5.44119
-6.73992
-6.23233
-4.7338
-3.49253
-2.3936
-5.20599
-10.2011
-10.338
-7.74052
-1.70173
6.29044
7.92935
5.93131
4.94665
4.54704
3.20032
1.30218
2.17363
4.67118
4.59601
2.99757
2.4
2.4
2.46236
2.56226
.672974
-2.42399
-1.67904
1.41792
4.7002
8.09687
7.9222
5.52455
1.46967
-3.62534
-4.8658
-3.66698
-2.77309
-2.07377
.0845418
3.18151
3.49106
1.99253
6.95681
16.1478
14.6224
6.03084
.739734
-2.35723
-2.82243
-1.52371
-1.3577
-1.95711
.889904
6.08481
7.07472
5.17657
3.86873
2.96961
3.60018
5.29851
8.22825
12.0245
11.1454
6.94953
5.31649
5.5163
5.01949
4.02047
1.45936
-2.23701
-2.47384
-.176089
-1.09629
-4.39306
-2.47847
3.31585
1.69082
-5.50213
-7.06434
-4.36699
.08746
5.88178
7.04437
4.64672
1.85505
-1.24192
1.55088
8.94364
9.85231
5.65643
4.0228
4.42241
3.26786
.870213
2.12301
6.3189
3.68064
-4.51133
-4.08112
3.41153
5.54138
3.24363
5.03539
10.2303
8.68817
1.49521
-.446619
2.05093
2.82242
2.12311
4.3797
9.175
9.95421
7.25685
3.91927
.0230844
-.0458405
3.25093
4.37631
3.5771
2.98894
2.58933
1.66403
.265404
2.42815
7.82287
9.9304
9.03128
7.40442
5.10667
2.86071
.662863
.219081
1.41791
4.10717
8.20315
6.87209
.378455
-3.71805
-5.51629
-3.30077
2.79326
8.12812
12.7236
12.5296
7.63444
6.55593
9.25329
8.39895
4.00325
.155671
-3.1411
-4.05551
-2.55698
1.06732
6.86164
7.58416
3.08857
2.46753
5.8642
5.93912
2.54245
2.40556
5.70233
6.81851
5.61968
5.38609
6.18531
7.03259
7.93171
8.16065
7.66114
6.87558
5.77666
6.43445
9.0319
8.41411
4.21822
1.01117
-1.08678
-1.6373
-.438477
-.407044
-1.70577
-1.4235
.674442
.179355
-3.31722
-2.66404
2.83057
6.25912
7.25815
6.56564
3.86829
5.17678
11.2708
11.9711
6.17681
6.20419
13.2972
13.111
4.01994
-.105242
1.8928
3.17817
3.57778
5.79558
10.2912
11.7845
9.48679
6.96926
4.17201
2.86255
3.46197
3.66931
3.3696
3.11326
2.91346
1.97974
.0815976
1.27772
6.57253
9.72834
10.028
8.45404
4.35805
5.39109
13.3832
16.9452
14.4476
10.7741
5.47934
1.85658
.557856
.881742
3.4792
5.53833
6.83705
8.83642
11.8335
10.1955
1.90362
-.632303
5.16202
6.52804
1.43304
-.144491
3.45198
6.36446
8.2626
8.51914
6.32129
5.07969
5.27949
2.14889
-6.04308
-8.39617
-1.80263
2.74958
4.14821
5.23436
5.83377
6.12227
5.92247
5.2973
3.99858
3.39236
3.89187
4.73588
6.13451
8.37093
11.9674
12.7224
8.82627
5.49544
3.09779
1.15007
-.0487552
2.22117
10.3132
14.9177
13.6189
12.6524
12.2528
10.3847
5.98902
3.52864
4.42776
4.38257
2.68423
1.49163
1.19192
1.8982
4.39575
4.9995
2.20224
1.53716
4.73403
5.52774
1.93126
.619199
3.51636
7.00765
11.6031
13.6269
10.8296
8.37796
6.57973
5.29691
4.99721
2.06672
-5.92544
-10.6225
-8.92417
-5.80731
.0869123
4.63799
6.53613
7.23249
5.53415
4.26725
3.86764
4.58974
7.5868
9.92795
10.927
11.0132
9.21497
6.18538
.590862
-2.33038
.366977
1.78384
.485111
2.27259
10.6644
15.5462
12.8489
9.27162
3.77701
1.43654
6.03204
8.33106
5.5338
2.76738
.0700247
-.482397
3.81339
7.01312
7.71244
9.83352
15.2282
17.3169
11.7224
7.11325
4.8155
2.0728
-1.72347
-1.65954
7.63135
12.9413
8.64553
5.22201
3.92329
3.98192
7.37859
9.94342
10.4429
8.03663
-1.65388
-8.2322
-6.93347
-5.01661
-1.52004
1.33481
2.53364
3.98181
6.07975
7.93011
9.12894
9.15327
6.05631
4.53218
7.22954
8.28465
4.88797
2.42673
2.52663
3.66122
7.65731
9.25692
4.16192
2.90935
12.4999
18.3807
13.6853
9.27309
5.67661
2.66783
1.3691
1.99742
8.29126
12.371
9.87344
8.09986
8.49946
8.82477
8.92467
7.40277
.909129
-2.04984
5.94233
11.1778
7.78116
6.20739
10.4033
12.3867
7.29172
4.79204
10.6863
13.7259
7.43208
2.06634
-.231403
-.596597
5.49743
9.37881
5.78233
3.79153
7.2881
9.97758
9.87768
9.4222
7.72386
5.91539
3.71754
2.5458
5.04335
5.96146
1.16616
-2.6
-2.6
-1.09163
6.00142
11.1159
8.81813
6.18673
2.29055
.33615
5.83076
9.05416
3.45964
.763117
9.4546
15.3162
9.92151
5.50063
5.00112
4.28514
2.68671
2.41309
7.608
12.0507
13.3494
12.2236
.834779
-6.56716
3.12335
11.4301
13.7278
15.9331
17.7313
17.8452
10.4524
4.83469
7.23234
8.01752
1.42398
-3.37978
.116795
3.84119
8.63649
11.6642
6.26952
2.571
7.06659
10.1056
6.00957
2.31539
.617055
-.551811
.94672
2.2327
2.4325
2.53538
2.13577
1.8
1.8
2.19407
4.69162
6.97124
8.07016
8.13921
2.54469
-2.10895
-1.50953
-.715385
1.18275
2.8887
3.48812
3.1393
-2.75493
-7.16673
-2.77104
.95741
.657704
.624013
2.22245
4.44211
10.5361
14.371
3.8813
-4.56956
.125833
4.4247
6.12304
6.9489
1.9538
-2.50261
-3.30183
-3.5453
.0511699
3.59791
6.79477
9.1594
5.56292
2.13505
-.0627938
-1.7986
-.10026
1.57477
3.0733
4.92696
9.52246
12.9694
7.37492
2.17872
.180674
-1.06745
3.82775
8.24269
8.6423
8.81142
7.01318
5.46168
6.0611
6.37812
4.18028
2.39779
4.39583
6.23877
6.63838
7.13297
8.5316
9.77209
9.47239
8.84485
4.94867
1.34653
.747123
.688031
6.28255
10.9911
6.19578
2.04137
4.93854
6.9498
-1.04237
-7.70201
1.08938
9.10717
7.90834
6.55871
3.36185
.671742
4.36812
7.5212
3.62502
.215538
3.3125
6.03107
3.53352
1.06877
-.929268
-2.44353
3.15099
8.26426
6.06642
4.11948
6.11752
7.79776
4.30119
1.05024
1.94936
2.77845
2.37884
1.8858
-.312045
-2.08531
4.20852
9.81126
1.71919
-5.72379
.270337
6.01322
6.31293
6.37255
.97784
-4.03935
-.0432688
3.89933
6.49678
8.66291
-.627986
-9.34627
-1.95351
5.22586
6.02508
6.78785
6.38824
5.84372
.349101
-4.92327
-2.02611
.7657
-.632929
-1.94364
.553907
2.93413
-.262736
-3.40745
-3.80706
-4.15499
-1.45764
1.16616
-1.13158
-3.41658
-4.71531
-5.98273
-4.38429
-2.75935
1.83615
6.40963
7.80826
9.17785
4.68226
.195554
-1.30298
-2.8004
-3.20001
-3.59962
