3.39905
1.30111
-.796836
-2.89478
-4.99272
-2.312
.385359
2.884
5.38155
6.98662
8.58506
2.6619
-3.33222
-2.70859
-2.00928
.562996
3.16045
3.59352
3.99313
2.91996
1.82104
-1.62963
-5.1262
-2.26619
.730872
-3.20151
-7.2975
-5.93897
-4.44044
-1.3866
1.71036
.15082
-1.54751
-6.34392
-11.2391
-8.40481
-5.30785
-3.5608
-1.86247
-.933953
-.0348341
2.01666
4.11461
.654072
-3.0423
-.0438772
3.25289
1.77745
.0791107
-1.71447
-3.51271
-2.17421
-.675677
-4.29942
-8.1956
-6.12813
-3.73048
-.29371
3.20286
.194832
-3.20184
3.18517
10.1783
.367287
-10.522
-3.98646
3.706
3.82605
3.42644
3.02684
2.62723
-.56523
-3.9619
-.391133
3.70485
-3.13816
-10.8306
-5.387
1.10663
-3.8464
-9.74062
-8.26556
-6.16762
-5.90808
-5.80818
-1.76412
2.63157
-1.11879
-5.61439
-3.16868
-.0717121
.2
.2
.109058
.00915643
1.17969
2.47842
2.50945
2.40955
3.93602
5.63435
3.27557
.478308
-4.74794
-10.2425
-10.1716
-9.47232
-8.32515
-7.12632
-1.90561
3.78881
1.27872
-2.21785
-2.6
-2.6
-3.22151
-3.92083
-3.64563
-3.24602
-2.93481
-2.6351
-2.6882
-2.7881
-3.24002
-3.73953
-2.74629
-1.54747
-2.80181
-4.40024
-3.63841
-2.53948
-2.4
-2.4
2.12534
7.32025
1.48774
-6.00491
-4.66087
-1.96352
-4.27959
-7.37656
-7.54127
-7.24156
-4.01626
-.319883
-1.94628
-4.44383
-.00329582
5.59122
2.72523
-1.57056
-4.75792
-7.75498
-4.62714
-.431251
-3.87387
-8.66917
-6.18229
-2.38601
1.66371
5.7597
3.0286
-.967484
-3.19769
-5.09583
-4.89664
-4.29723
-2.69344
-.895204
-1.18451
-1.88383
-1.08363
.0152902
2.94264
6.23941
.664323
-6.72843
-2.54056
4.05298
2.88935
.0920969
.999563
2.6979
-2.99559
-10.2884
-5.78257
1.31048
2.68174
2.78164
2.31073
1.71132
-2.14202
-6.73752
-3.21776
2.17695
4.90009
6.99804
3.36195
-1.63315
-3.96961
-5.66794
-5.91963
-5.81973
-2.19218
2.30341
.240818
-3.45556
-1.80654
1.19053
1.8
1.8
.529751
-1.06868
-2.27114
-3.37007
-1.86202
.335824
-.618458
-2.4167
-2.87861
-2.97851
-1.98065
-.681921
-3.99793
-8.59343
-7.57148
-4.97402
.0359868
5.73041
2.88569
-2.40912
-4.45176
-5.55068
-2.2471
2.3484
-1.99288
-8.98603
-6.91142
-2.11612
.609643
2.70759
1.67092
-.32712
.953936
3.25168
3.49575
3.09614
.648137
-2.44883
-2.06494
-.566407
-1.18117
-2.4799
-5.96173
-10.1576
-6.09433
.699017
.752471
-1.44537
-.655546
1.14269
.408062
-1.19037
-2.7145
-4.21304
-1.78403
2.01225
.339284
-3.25719
-4.71599
-5.41531
-5.67352
-5.77342
.359001
8.75078
5.51557
-1.97708
-1.52038
1.87629
-2.29139
-9.28454
-2.64048
9.14797
8.34882
2.7543
-.170789
-2.06893
-3.75122
-5.34965
-3.0733
.722978
1.37064
.77123
-1.61227
-4.70924
-1.75693
3.63778
5.83875
6.73787
8.4863
10.5842
5.62413
-2.26813
-1.15114
3.74406
.286769
-6.70638
-5.79029
-1.4945
-.828177
-1.7273
-.538365
1.55958
2.96346
4.06239
4.74605
5.24556
3.12253
-.174243
2.79148
8.5858
4.70431
-3.58757
-1.47854
5.41471
3.77905
-1.81547
-1.69501
1.10225
4.30655
7.70322
7.1089
4.61135
3.59765
3.29795
.711663
-2.98471
-2.92592
-1.02778
1.20466
3.60231
2.80004
.402389
-.00118476
.598228
5.10777
11.6014
9.90142
4.00719
2.06588
2.16578
3.90784
6.50529
2.81567
-4.17747
-4.83705
-2.13969
.167074
2.26502
1.05291
-1.94415
-1.83527
-.0370319
-1.91595
-5.81213
-5.1419
-1.94503
1.38008
4.77675
3.05949
-1.53601
-.650866
3.34522
6.32478
8.72243
7.63656
4.53959
4.41025
6.00869
4.45986
1.06319
2.56097
6.95667
5.03444
-.65998
-.617474
2.8791
3.32973
1.9311
.0987064
-1.99924
-1.93521
-.536582
-.369449
-.968862
-.708968
.0902486
3.58153
8.77644
8.78741
5.49064
2.43704
-.46012
.945027
5.14092
4.62559
1.02912
.262248
1.36117
1.31993
.520714
1.45607
3.55401
1.83647
-2.45932
-2.2391
1.05767
3.99909
6.69644
5.97008
2.87311
.129152
-2.3684
-2.1686
-.0706552
.741557
.641655
1.41545
2.81408
1.13602
-2.76016
-3.18504
-1.0871
-1.06489
-2.56342
-2.22312
-.524785
1.28808
3.18623
8.45161
16.244
14.993
6.90096
6.23402
11.2291
11.9314
9.33394
7.01793
4.91999
2.3733
-.523859
.435889
4.43197
7.64824
10.2457
8.40269
3.00798
3.25487
8.05018
11.6881
14.3854
12.4696
6.77523
3.32444
1.726
1.27263
1.77214
2.32599
2.9254
3.41654
3.81615
1.35697
-3.53824
-.318144
9.87187
9.78069
.789498
1.82851
11.6189
14.499
11.3021
8.10526
4.90839
2.39747
.499328
.493673
2.19201
2.89525
2.69545
-.269761
-5.76438
-7.15244
-4.75479
-.958919
4.13609
9.747
15.841
17.1554
13.9585
10.2496
6.05377
1.65387
-2.94163
-2.86288
1.73262
4.15183
4.45154
4.19668
3.39746
2.84934
2.54963
2.50005
2.69985
6.08866
12.6822
15.8015
15.4019
13.5191
10.1225
8.6462
9.14571
8.37005
6.27211
3.09948
-1.19631
-.0429108
6.85033
8.75244
5.35577
6.44745
12.3417
13.4773
9.48127
5.48518
1.4891
2.30815
8.40218
11.3626
10.8631
10.7891
11.1887
10.6466
9.04817
7.44974
5.8513
5.88722
7.78536
7.5445
4.84714
5.57629
10.2717
10.1257
4.33139
3.72519
9.21981
10.1885
5.79277
5.17532
9.0715
8.57113
2.77681
2.12725
7.72177
9.36212
6.16525
3.90788
2.80896
5.49612
12.8889
14.6496
9.35483
8.43093
13.0264
15.7758
16.1754
15.306
12.8085
11.1386
10.5392
8.37856
4.18268
2.7066
4.80455
9.91081
19.0019
21.6332
15.6391
11.8593
11.0601
11.2782
12.8766
13.2937
12.0949
10.5181
8.42012
8.45404
11.4511
10.9949
5.7001
4.83612
10.2308
13.4
13.4
12.0874
8.89055
8.06138
10.6588
10.5749
6.57885
4.76603
6.16466
7.9254
10.2231
10.9594
9.36094
9.83436
13.4308
14.0537
10.1575
8.19452
9.19354
8.74008
6.04273
6.78268
12.8767
16.2502
15.3511
13.6013
10.5043
10.1389
14.135
13.8058
6.51291
3.14244
6.13951
8.45463
9.65345
9.42006
6.82261
7.07471
12.0698
13.0367
7.24237
5.49223
10.5872
13.3571
12.1583
9.85814
5.66225
2.96348
2.86358
2.21889
.620454
2.05641
8.84975
12.6611
11.1625
10.3787
10.8782
10.5959
8.89754
8.96624
12.263
12.7833
8.18784
5.96888
8.16672
10.6078
13.505
16.2294
18.627
19.5471
17.649
14.9992
10.9032
7.04501
3.64834
4.0344
11.8268
16.6642
15.6652
15.1669
15.6664
15.8009
15.2015
14.3051
12.8066
12.0624
12.8616
14.2802
16.9775
16.8234
10.7293
6.63221
6.73211
7.88842
11.2851
12.8046
10.307
7.77786
5.1804
5.09695
10.4917
12.0452
5.15193
2.38614
8.77988
14.4952
18.6911
20.405
16.5088
12.369
7.67363
5.64026
9.73625
12.059
10.2608
9.44788
10.9464
11.1398
8.24261
5.28651
2.18955
3.10278
13.6924
18.2343
8.04426
2.27288
7.36788
11.6597
13.9575
14.1186
8.92369
5.45463
6.35375
8.7701
15.0639
17.6748
10.7816
7.24067
12.4356
14.4944
8.30048
5.6027
12.1962
15.2373
8.7437
6.12685
14.0191
19.0249
16.1278
13.6816
12.4828
11.1523
9.45397
8.82734
11.225
14.1934
18.7889
20.7581
15.1636
11.0766
11.3764
12.5889
16.4851
18.6703
15.7732
13.7997
14.5989
14.0854
9.58982
6.69146
8.6895
10.785
13.1827
14.202
10.9052
8.59188
9.3911
11.7128
18.9058
22.9372
16.7432
12.1404
12.7398
13.1768
13.0769
13.6672
16.5643
18.1613
15.364
11.8657
5.97149
3.77644
14.3661
21.3555
15.761
10.3867
5.79123
4.14304
13.0343
19.286
15.9892
12.4995
8.30361
6.61459
14.2071
19.1686
14.2734
10.5043
11.0038
11.1934
10.1944
9.78877
11.6869
13.3824
14.2815
15
15
15.4173
17.5153
18.7277
16.3301
15.5689
21.5631
24.9535
17.4608
11.1327
9.73409
8.61889
8.7188
8.42601
6.42797
5.3181
8.11536
10.2718
9.57253
9.4528
11.9503
13.4087
10.112
7.32912
6.92951
6.9505
8.94854
11.969
19.8613
25.2521
18.5586
12.5596
9.96217
8.18506
10.4828
12.5489
13.448
13.8893
11.9912
10.5131
11.2124
11.3851
8.78762
6.22169
3.82404
2.65619
8.1508
12.9691
14.068
13.9681
7.17472
2.08907
6.68456
10.5261
10.0266
9.08941
5.59284
3.29083
8.08613
11.5469
6.95146
3.92405
10.5176
16.2552
16.6548
16.4964
12.8001
9.19759
6.20053
3.86435
5.8624
7.65209
8.05169
8.1563
6.25816
4.4737
3.47467
3.06008
6.75646
9.96328
9.66358
9.70108
12.1986
13.8195
8.92428
4.71651
5.71554
6.72601
7.82493
8.5185
6.02095
3.82213
4.02193
4.48258
7.08003
9.89094
14.4864
17.7933
10.1008
4.10473
12.8961
19.9629
11.671
4.60547
8.70145
12.5163
13.7151
14.7525
14.253
13.8093
13.9092
13.9454
13.3459
12.6663
11.1678
10.166
14.3619
17.8677
13.9716
10.4499
11.0493
11.3724
8.57517
6.38865
11.2838
15.3977
10.2028
5.52064
7.11908
8.68079
9.77971
10.2924
3.1994
-2.60042
8.88832
19.0054
10.214
2.17715
4.87451
7.28542
5.48718
3.76915
3.26964
3.00311
6.39978
9.60578
9.70568
9.62694
6.52998
3.57845
3.17884
2.93496
5.53242
7.91508
6.21675
4.90235
11.1962
17.0481
13.7513
10.1945
1.00349
-7.42514
1.46615
9.83132
5.63543
1.76046
5.95634
10.0616
11.7599
13.1771
6.68349
.328872
-1.86897
-3.86636
.529333
4.76874
3.66982
2.58942
2.18981
1.71915
-1.57762
-4.58811
4.80269
13.8436
6.251
-1.09197
4.70235
10.3433
6.94665
3.64266
6.53982
9.29032
.698743
-7.72227
-.529323
6.54609
.452063
-5.58142
-2.88407
-.2
-.2
-.205335
-2.00357
-3.79628
-.099899
3.59648
