3.3977
-1.69731
-6.79231
-3.00945
.786834
.600888
.401084
.698079
.997786
6.15653
11.3514
9.91547
8.41694
4.05401
-.341684
3.44449
7.34067
3.95666
.460091
2.26552
4.16366
1.75026
-.747288
-4.12498
-7.52166
-8.38078
-9.18
-8.22598
-7.22696
-3.99219
-.695422
-1.95815
-3.35678
-1.75415
-.0558132
-1.44928
-2.94782
.374812
3.87139
-2.63969
-9.53294
-5.67064
-1.37485
-.145805
.953118
-.912802
-2.91084
-.232115
2.66505
1.46652
.0678909
2.85158
5.84865
2.68
-.816568
-1.56797
-2.16738
-.499623
1.29861
1.30573
1.20583
2.61111
4.10964
-1.62044
-7.81437
.793502
10.3841
.99694
-9.69258
-6.10862
-1.51313
-2.13095
-3.12997
-2.36391
-1.46479
1.65921
4.95598
.48211
-4.6129
-.476718
4.41848
1.48382
-2.11265
-2.21616
-2.01635
.660011
3.55717
4.25764
4.75715
.142017
-4.95299
-8.49866
-11.8953
-10.8359
-9.33735
-1.94035
6.05182
2.36305
-2.53215
1.337
6.1323
5.5181
4.31927
1.77101
-.926346
.685102
2.78305
3
3
1.12312
-.974824
-3.34031
-5.73796
1.02971
8.92197
2.96333
-4.72913
-2.58787
.808803
1.1116
1.0117
2.76401
4.76205
.687766
-4.20744
-3.8341
-2.73518
4.0586
11.6512
8.40396
3.60866
3.87222
4.87124
-.569656
-6.96339
-5.28193
-2.38476
.59903
3.59609
7.54398
11.64
8.49156
4.19577
3.77209
3.9719
2.71223
1.2137
4.68318
8.97897
6.77983
3.48306
3.9379
5.03682
3.41357
1.31562
2.5277
4.32594
4.09194
3.49253
4.66721
6.16574
1.93289
-3.36192
-3.52729
-2.72807
.168483
3.46525
1.99126
-.406395
-3.30506
-6.30212
.281019
8.7727
5.79515
.500341
.0974871
.6969
-2.75691
-7.0527
-3.09619
2.59823
1.70647
-.591274
1.79247
5.18914
2.68644
-1.10983
1.14263
4.73911
5.07382
4.67421
3.86786
2.96874
2.39424
1.89473
.828518
-.370307
-.438478
-.238674
6.16465
14.0569
11.26
5.86533
2.47496
-.422197
-1.39989
-1.8994
-.00544728
2.4921
2.84083
2.64102
-2.32221
-8.51614
-5.04831
.945813
2.358
2.5578
-.000506312
-3.29727
-.698487
3.4974
2.43971
-.0578448
-.912864
-1.31247
-2.88238
-4.78052
-.452716
5.64131
6.53423
5.93481
6.34203
7.04134
3.0292
-2.36551
-1.90509
.292753
.0315453
-.967476
-2.04315
-3.14207
-2.86482
-2.16551
.0589688
2.75632
.737818
-2.75875
-3.06893
-2.36962
.145794
3.24276
2.26407
-.0336739
-2.25614
-4.45399
-4.47442
-3.7751
.593709
6.18823
8.34692
9.34594
7.21612
4.01926
-1.18372
-7.07794
-4.52425
.970366
-.704169
-4.90006
-3.27262
.423759
.297241
-1.20129
-.206893
1.69125
3.88189
6.17964
3.44522
-1.15027
-1.67266
-.673638
-3.22899
-7.12518
-2.12322
6.26855
5.42554
1.02985
-1.20731
-2.60594
.444251
5.23955
1.08992
-6.60254
-2.80545
5.58632
8.71168
9.7107
9.92903
9.82912
3.43013
-5.56106
-7.8471
-7.34759
-1.78037
5.91209
3.7079
-2.68583
.859471
8.65184
4.02025
-5.96996
-6.42474
-2.72836
-3.68218
-6.67924
-4.9008
-1.00462
-2.56057
-6.55666
-4.90962
-.713732
-.0862279
-1.08525
.447529
3.14489
3.24946
2.15053
3.84106
6.83813
3.8653
-1.92902
.19099
6.08521
3.34608
-3.54717
-4.32045
-2.1226
2.154
7.44881
7.06045
3.86359
2.93333
3.13313
1.67121
-.626541
-2.85802
-5.05586
-2.69435
2.00105
5.11528
7.41303
4.25883
-1.73529
1.04628
8.43904
7.21291
1.41859
2.00395
6.00003
4.21975
-.675451
.382411
4.6782
6.65158
7.35089
3.54811
-2.74572
-1.85812
3.03708
2.9462
.0490392
4.99046
14.3813
12.4633
4.07149
5.75026
13.2429
11.075
3.28264
.651781
1.05139
.196008
-1.40242
-1.37446
-.375442
2.12017
5.51684
5.12162
2.42426
3.63079
7.22726
8.22938
7.62996
5.30646
1.90978
.538621
.438718
-.640115
-2.33845
.59826
6.49248
3.87587
-4.2162
-8.36953
-9.96797
-7.88199
-3.3864
1.35001
6.24522
4.23943
-2.3541
-3.26543
-.368268
1.69425
3.19279
3.44347
2.84406
4.02141
6.41906
4.74366
.248069
.81219
4.90818
4.66494
1.36817
.935077
2.53351
4.59792
6.99557
10.264
14.1602
10.4773
1.28634
.859554
6.85368
8.71044
7.51161
7
7
7.68486
8.88369
8.94499
8.14577
5.36274
1.06695
2.98447
9.67791
9.61669
4.32188
2.11218
2.31199
4.85948
9.25517
8.74913
4.35344
2.4555
2.55541
3.37434
4.77297
1.70735
-4.98609
-3.60653
4.38564
6.96027
5.06213
6.54465
10.8404
10.3551
5.85951
2.33835
-.359009
2.01394
8.70738
8.73661
3.04219
4.41609
11.9087
13.8528
10.9556
6.83587
1.64096
1.53026
5.92596
6.83917
4.64133
6.75414
12.7483
12.6147
6.9203
4.72177
5.72079
7.6035
10.3009
10.0982
7.20105
3.63321
-.562674
1.30597
8.89853
11.1664
8.36918
6.33696
5.03823
2.57095
-1.02553
-.0669929
5.32772
7.54626
6.64714
3.78945
-1.00585
-1.0989
3.4966
4.25533
1.15836
2.8261
9.31974
9.58437
3.49034
3.50217
9.796
9.41971
2.12686
1.96599
9.25885
12.3188
10.9202
7.53483
2.04021
.261762
2.45961
1.19669
-3.79841
-3.24056
3.35298
6.84767
6.94758
6.3353
4.93667
4.01087
3.61126
5.42475
9.72054
10.9215
8.62375
6.93304
5.93402
5.772
6.57122
8.57434
11.971
15.4138
18.9104
17.127
9.13482
5.53147
7.1299
7.59031
6.69119
5.24817
3.15022
3.71492
7.5112
10.4088
12.207
12.0815
9.584
7.39824
5.6
6.4182
10.5142
13.2856
14.3846
13.066
8.67029
6.37503
6.77464
6.73862
6.13921
6.84082
9.23847
9.95242
8.45389
9.36201
13.458
15.0299
13.2317
13.3924
16.1896
14.5785
6.98591
2.68438
2.88419
6.27577
14.0681
15.9665
9.67269
4.75183
1.75477
1.07665
3.67411
7.83769
14.2314
16.2362
11.9404
9.44082
9.54072
8.74684
6.6489
8.31102
15.504
19.2769
17.9782
17.2801
17.4799
15.6477
10.7525
6.57092
3.47395
1.28438
.485168
2.15909
7.6537
10.9609
10.861
9.05109
4.5555
2.57337
4.57142
4.29955
.403369
1.25357
9.74525
12.7151
6.72098
3.90926
6.30691
8.06383
8.76314
7.40028
2.60498
.457862
2.75561
3.30954
.911887
.0643223
1.86256
3.51395
4.91258
7.40667
11.8024
13.3288
9.83224
6.33567
2.8391
3.36645
11.0589
13.5702
6.77687
3.28841
5.78596
7.29398
6.99427
7.92463
11.1215
12.7107
11.3121
10.1915
9.59207
7.88681
4.09053
3.24936
8.04466
10.5508
8.65271
8.04543
9.94357
9.03844
2.6447
.414715
6.40884
9.26498
5.86831
4.33011
6.52796
8.26393
9.06315
9.40323
8.80381
7.8132
6.01497
5.44808
7.44612
8.18804
6.2899
4.67988
3.68085
3.28635
4.18547
5.24269
6.64132
8.1028
9.70123
8.9887
3.19438
1.65164
9.54391
12.9647
6.37117
2.53541
4.93306
7.26981
9.46766
10.8185
10.2191
9.89016
10.1899
10.609
11.3083
11.7703
11.6704
11.8652
12.7643
12.756
10.5582
8.24403
5.64658
4.9552
8.95128
12.1442
13.343
12.0919
4.6991
.559996
4.65598
8.21813
10.416
11.0793
7.78249
5.84328
7.44172
7.4446
3.24871
2.13927
9.23232
13.2068
8.81112
5.41154
4.71223
4.94834
7.7456
11.8959
19.7882
22.3345
9.94662
1.95012
6.34581
10.0151
11.6135
13.2377
14.936
15.8678
14.5691
13.7775
14.4768
14.9748
14.8749
14.5254
13.4265
11.9065
9.10922
7.95834
11.8545
12.9961
5.60334
1.1607
5.956
9.19225
7.49391
7.22296
11.5187
14.3045
12.2066
11.0212
12.8194
14.3624
15.0617
14.6797
10.6836
8.28432
11.2814
13.6678
13.9675
13.7516
11.7536
10.2667
10.5664
11.3507
13.8482
14.4464
8.25249
3.85436
5.9523
8.09313
10.3909
12.4974
13.896
14.6001
12.7019
11.5336
13.1321
13.553
9.45706
6.11815
5.71854
5.58239
6.48151
7.24014
7.43994
7.10314
4.60559
4.15459
12.0468
17.8545
15.0572
13.0893
14.5878
15.2463
12.3492
10.3779
12.3759
13.7756
12.5768
12.3216
16.2178
18.3931
12.8984
7.91097
5.21361
3.48374
6.1811
9.55184
16.0455
20.5588
15.7635
11.4014
9.10368
7.73113
10.8281
13.1121
11.4137
9.22988
4.63438
1.08128
2.77962
5.03386
10.1289
13.6407
8.94534
5.6543
9.75029
13.2473
13.547
12.7881
6.2945
1.9221
9.21496
14.6564
9.7612
5.64494
5.94464
6.1113
5.51188
5.02918
5.22898
5.67345
7.57159
9.38455
10.6833
10.6659
2.57386
-3.66833
1.62648
6.51301
8.81076
10.2366
6.04074
2.38678
2.28688
2.36928
3.66801
4.64608
3.44726
2.89258
6.78877
9.36688
2.67344
-2.61254
2.18276
6.83355
10.43
13.2209
10.024
6.8388
3.74184
1.46968
5.56567
8.77212
4.97584
1.71064
2.70966
3.81737
5.81541
7.80278
9.70092
10.7399
4.44613
-.942974
1.55458
4.01179
6.10973
8.01978
8.21958
8.23521
6.53687
5.4654
10.3606
14.4651
10.8686
7.91872
11.4153
14.0208
7.52717
2.38433
11.3755
19.0803
12.9863
7.32509
6.42597
5.41307
3.11532
1.10311
2.40184
3.6
3.6
3.69802
4.99675
6.14124
5.34203
4.74297
6.74101
8.73906
10.7371
12.127
5.13386
-1.08506
3.71024
8.10452
6.60598
5.08894
3.29071
1.7613
4.45865
7.06934
8.26816
9.67354
14.5687
18.6398
8.24997
-1.34046
3.65465
8.32008
6.72164
4.98403
.488437
-3.51919
2.57484
8.36474
7.56552
6.77473
6.17531
5.49156
2.79421
.131233
-1.667
-3.31301
-.915359
1.60573
7.59986
13.2189
7.62443
2.21822
2.81764
3.42273
4.22195
5.04498
6.74331
8.3069
4.51062
.81127
1.31078
1.84117
3.83921
5.79814
5.69823
5.63834
7.93608
10.1147
4.32035
-1.41658
-2.71531
-3.95358
.34221
4.5726
1.47564
-1.58555
.512391
2.60984
4.60788
6.59644
5.39762
4.19809
2.29995
.401807
