106.02
36.6764
86.3326
84.4873
98.5823
85.392
97.1902
92.9339
96.6391
91.6657
91.7617
102.206
96.6068
92.1803
91.7788
95.5327
95.235
86.3145
84.4154
88.0691
90.7675
95.4281
92.0295
97.5867
87.1862
81.4192
87.62
99.6974
86.7973
96.8693
98.9682
91.5747
86.0772
90.7108
90.5081
90.5372
97.4382
81.386
83.1911
92.2548
88.7484
90.7682
94.5675
92.3125
96.0128
86.4866
104.084
94.1371
85.7443
89.7337
102.23
93.9742
83.4757
90.7794
89.179
89.7558
92.4532
89.8605
74.9633
88.4968
93.2951
95.4
82.4
95.9306
94.4311
87.8684
93.3679
103.278
91.0793
86.7872
90.4885
80.424
91.523
94.2722
100.07
96.4189
83.4218
98.6625
84.162
82.7693
93.4676
100.258
94.0563
103.075
84.678
93.2524
102.448
91.0541
97.0571
80.2473
90.549
83.9468
82.5462
91.6014
102.997
94.7702
85.7741
83.5732
89.9708
92.8508
88.2533
83.8197
92.6199
86.3093
87.2074
95.3102
98.2103
101.768
99.8631
103.327
99.1287
94.5541
99.0546
100.313
101.911
102.228
89.6333
103.442
107.833
111.209
103.411
108.611
97.2096
113.008
122.104
118.815
128.61
129.061
125.762
121.114
117.415
123.48
138.673
136.817
136.918
136.974
142.173
145.123
156.413
147.936
149.936
163.732
157.129
152.956
169.852
168.92
177.016
180.138
193.929
194.276
200.873
210.128
210.325
214.541
208.632
232.79
239.782
245.98
246.675
247.891
253.385
259.35
276.846
279.22
274.511
296.067
310.055
312.528
320.321
335.36
342.054
350.58
358.87
371.581
374.973
384.98
380.68
399.351
411.133
430.458
439.845
458.174
457.063
488.938
485.026
508.079
540.658
530.165
548.656
570.726
599.403
624.208
631.587
651.747
668.931
686.196
704.48
728.474
768.244
775.218
796.601
826.592
830.973
866.186
910.049
932.515
963.396
968.963
981.946
998.158
1018.94
1042.51
1073.29
1088.86
1114.64
1140
1176.37
1196
1207.49
1212.28
1211.18
1232.66
1261.23
1299.11
1327.17
1366.41
1372.28
1418.81
1458.07
1469.01
1489.7
1524.52
1563.48
1583.26
1585.65
1619.85
1659.81
1701.77
1716.94
1759.43
1783.1
1810.96
1827.34
1840.37
1855.06
1887.61
1916.88
1936.9
1950.09
1958.19
1985.88
1993.75
1999.74
2018.02
2030.7
2046.06
2064.65
2077.91
2081.4
2113.16
2132.73
2171.22
2208.39
2235.41
2254.29
2267.43
2294.61
2329.13
2353
2400.86
2451.22
2492.11
2536.46
2583
2637.05
2685.35
2714.81
2752.27
2809.83
2857.91
2935.04
2985.28
3017.74
3056.51
3108.07
3169.58
3243.01
3305.98
3371.22
3418.6
3460.75
3525.3
3599.53
3639.99
3706.74
3754.12
3813.56
3879.72
3955.65
4017.36
4070.81
4122.18
4185.02
4222.37
4253.53
4306.81
4349.67
4378.46
4412.22
4471.23
4485.19
4534.16
4596.91
4646.61
4706.06
4753.97
4800.42
4838.8
4879.46
4945.6
5002.64
5053.03
5118.47
5171.63
5235.87
5274.41
5295.08
5364.42
5475.81
5536.92
5594.87
5652.21
5718.55
5794.68
5869.9
5934.02
5990.47
6044.85
6101.08
6169.59
6248.73
6294.93
6350.67
6375.45
6402.14
6421.61
6485.67
6493.25
6512.83
6542.68
6584.44
6614.96
6626.54
6629.22
6647.21
6651.34
6648.54
6658.72
6681.7
6673.59
6650.41
6647.8
6653.2
6653.72
6648.12
6638.47
6630.58
6629.71
6621.51
6612.4
6623.9
6634.5
6655.38
6676.99
6712.16
6734.41
6720.02
6731.78
6769.45
6801.33
6827.1
6880.66
6941.81
6974.87
6996.95
7030.64
7081.3
7140.76
7241.76
7312.65
7362.4
7450.9
7517.42
7600.84
7682.06
7773.11
7893.6
7973.9
8045.64
8146.59
8265.48
8368.25
8472.96
8545.42
8613.06
8677.33
8729.19
8777.6
8829.05
8860.34
8907.21
8947.92
8989.88
8987.75
8978.27
9006.96
9072.71
9099.54
9132.51
9125.94
9101.07
9135.32
9180.57
9219.79
9259.56
9300.14
9362.69
9391.59
9412.87
9442.99
9476.16
9511.62
9568.36
9596.05
9595.05
9606.43
9639.9
9687.58
9731.33
9754.79
9760.79
9795.72
9828.98
9874.6
9904.96
9961.35
10010.9
10034.4
10031.2
10046
10080.4
10110.7
10135.8
10160.3
10203.6
10231.9
10263.5
10282.6
10291.8
10289.8
10288.2
10318.2
10349.2
10379.9
10411.8
10437.6
10443.3
10469.5
10528.4
10566.3
10594.2
10621
10637.3
10679.1
10765.6
10785.5
10775.7
10772.8
10785
10802.9
10810
10857.3
10910.6
10941.9
10981.4
11001
11009.9
11000.7
10959.7
10966.1
11002.2
11019.4
11021
11013.1
11015.7
11027.4
11013.4
11005.5
10987.8
11005.2
11023
11036.9
11059.7
11099.1
11116.3
11127
11093.2
11132
11251.2
11331.3
11345.9
11389.5
11559.9
11501.5
11557.1
11609.1
11685.7
11757.8
11875
11967.9
12052.9
12117.4
12184.2
12279.9
12374.1
12467.3
12564.5
12685.6
12819.4
12908.6
12967.6
13082.6
13253.6
13389.6
13474.2
13581.3
13689.4
13774.3
13838.7
13925.4
14006.3
14102.9
14184.3
14241.3
14279.5
14323.4
14363.1
14399.1
14433.2
14440.6
14457.1
14463.6
14450.2
14465.2
14502.7
14512.9
14502.6
14460.2
14425.5
14418.7
14469.2
14497.8
14505.4
14504.7
14511.6
14532.8
14542.7
14549.5
14554.3
14564.2
14568.5
14588.4
14588.8
14592.2
14585.5
14618.3
14652.4
14678.4
14713.7
14771.6
14829.2
14863.2
14863.5
14862.6
14902.4
14946.8
15012.6
15062
15087.3
15128.2
15126.4
15147.5
15195.5
15219.1
15201.4
15208.7
15195.8
15190.2
15166.8
15124
15091.5
15002.1
14892.6
14804
14777.6
14716.2
14596
14478.4
14382
14261.2
14111.2
13966.4
13820.8
13676.7
13550.6
13423.4
13327.1
13206.7
13031.1
12873.5
12743.9
12617
12470.4
12339
12241.8
12124.3
11984.2
11859.4
11737.4
11640
11548.7
11467.1
11378.2
11315.7
11262.5
11225.9
11168.5
11110.5
11086
11069.6
11070.3
11072.1
11078.4
11074.6
11058.3
11068.8
11145.1
11194.6
11204.5
11210.1
11234.2
11241.5
11248.7
11268.9
11276.9
11301.6
11373.7
11408.8
11418.9
11418.5
11425.4
11433.8
11468.5
11505.6
11532.8
11548.9
11535.5
11566.2
11604.4
11640.6
11664.5
11689.7
11723.2
11751.7
11776.5
11788.9
11808
11841.4
11847.6
11856.6
11893
11919.8
11901.7
11886.4
11879.6
11888.3
11907.2
11921.3
11886
11871.2
11872.3
11870.1
11826.8
11790.6
11727
11698.3
11639.4
11624.5
11668.7
11654.4
11617.9
11579.6
11558.4
11528.6
11467.5
11412.1
11329.9
11261.9
11226.6
11181.7
11141.7
11076
11018.8
10963.6
10870.5
10803.6
10765.3
10702.5
10610.9
10515.5
10473.3
10426.8
10371.6
10325.8
10305.3
10266.9
10234
10200.8
10195.4
10196.2
10219.6
10249
10280.3
10319.2
10369.4
10422.6
10459.7
10519.7
10565.5
10643.2
10713.3
10780.4
10880.7
10961.8
11008.8
11076.1
11171.9
11281.7
11404
11531.4
11626.1
11745.6
11832.8
11922.7
11985.1
12051.5
12129.9
12202.9
12236.8
12285.6
12358.3
12392.6
12362.1
12344
12403.7
12459.6
12473.4
12484.3
12483.6
12471.7
12417.9
12395.9
12411.7
12418.1
12349.4
12284.9
12231.6
12182.8
12172.3
12149.9
12090.7
12043.4
11979.6
11914.6
11875.7
11830.9
11779.7
11740.2
11717.3
11682.1
11607.5
11516.7
11497.3
11467
11394.4
11332.6
11322.4
11299.7
11266.2
11225.8
11186.4
11153.8
11153.6
11150.5
11111.6
11058.1
11079.2
11066.7
11021.5
10980.1
10976.8
10971.2
10950.8
10913.6
10851.2
10804.1
10843.3
10874.5
10797.4
10718.5
10693.9
10698.2
10655
10635.6
10623.9
10591.3
10550.5
10510.3
10499.6
10476
10410.6
10361.9
10334.3
10304.9
10277.4
10225.9
10159.7
10099.4
10052.1
9996.56
9950.81
9889.95
9837.91
9772.2
9689.59
9608.85
9561.38
9517.75
9425.14
9328.27
9266.22
9208.48
9127.47
9024.02
8960.58
8898.45
8855.91
8778.8
8720.38
8628.69
8569.15
8499.84
8418.72
8347.18
8294.82
8238.52
8180.49
8110.84
8047.5
7990.67
7956.11
7914.87
7863.02
7815.93
7772.28
7724.93
7657.59
7595.37
7567.99
7542.8
7497.44
7446.15
7390.32
7322.4
7298.32
7266.98
7213.74
7175.1
7149.21
7125.9
7106.02
7077.62
7044.45
7027.81
7021.82
7003.19
6952.94
6912.77
6921.97
6900.29
6890.1
6875.01
6868.51
6892.15
6896.44
6911.56
6898.27
6877.12
6889.71
6887.68
6888.58
6887.61
6885.71
6879.69
6866.91
6845.28
6874.65
6906.54
6885.67
6862.56
6866.16
6859.07
6884.95
6899.9
6887.51
6864.89
6864.49
6863.33
6892.91
6893.05
6873.87
6855.55
6883.62
6915.78
6872.52
6836.76
6826.17
6807.77
6817.47
6806.76
6751.21
6704.94
6697.66
6672.65
6635.19
6601.86
6542.72
6481.43
6453.46
6420.75
6336.42
6262.59
6238.52
6221.72
6151.38
6096.94
6055.58
6031.94
5991.38
5951.78
5891.44
5834.39
5804.72
5773.96
5723.41
5665.16
5640.89
5606.79
5566.03
5519.25
5449.81
5381.54
5381.45
5390.58
5329.94
5266.56
5207.61
5159.52
5102.38
5042.08
4991.44
4932.97
4902.5
4872.77
4803.23
4732.68
4683.64
4612.62
4551.08
4482.77
4395.25
4311.76
4248.02
4205.25
4150.7
4086.03
4035.89
3975.66
3909.82
3850.12
3786.58
3736.02
3682.98
3627.72
3561.29
3484.3
3442.64
3413.81
3351.47
3297.31
3249.64
3224.76
3169.02
3100.41
3046.45
3011.42
2945.17
2903.78
2818.16
2727.57
2648.14
2580.7
2477
2381.29
2
3302.29
