135.798
131.802
127.806
128.398
128.998
129
129
128.106
127.207
132.257
137.352
131.264
125.07
132.013
139.106
135.158
131.062
125.687
120.293
128.349
136.641
133.174
129.478
125.684
121.887
122.19
122.59
120.749
118.851
124.729
130.824
129.254
127.455
124.592
121.695
121.793
121.993
122.482
122.981
126.56
130.257
121.661
112.57
119.675
127.467
134.303
141.097
127.274
112.489
120.277
129.168
122.566
115.173
116.128
117.526
118.546
119.545
120.356
121.155
117.806
114.21
108.073
101.779
109.004
117.096
120.504
123.601
123.052
122.253
123.972
125.871
121.345
116.35
117.579
119.277
124.128
129.223
124.049
118.055
120.092
122.79
123.737
124.536
122.761
120.763
116.381
111.785
118.539
126.332
123.255
119.159
117.98
117.081
114.272
111.275
109.094
106.996
112.776
119.37
116.476
112.58
114.634
117.332
113.012
107.917
108.477
109.676
109.442
109.042
101.224
92.5328
103.55
116.937
120.624
123.122
119.671
115.475
111.013
106.518
107.945
110.142
114.369
118.864
110.599
100.609
103.176
107.471
107.474
106.875
110.209
114.105
109.803
104.308
106.124
109.021
105.319
100.623
108.317
117.907
111.075
101.684
107.731
116.222
113.27
108.474
109.774
112.072
114.456
116.853
109.252
99.9613
101.243
104.34
107.692
111.089
109.902
107.904
111.749
116.644
107.178
95.0896
103.145
114.934
115.454
113.856
118.298
123.892
119.443
113.049
113.92
116.218
120.515
125.211
122.011
117.215
114.742
112.744
111.738
110.939
112.698
114.996
117.376
119.773
124.306
129.302
126.841
122.745
123.144
124.543
127.491
130.788
134.491
138.287
134.78
129.585
131.757
135.653
136.804
137.303
140.784
144.98
149.256
153.552
149.83
144.136
152.757
164.945
165.724
163.626
160.335
156.738
153.301
149.904
155.852
164.244
167.817
170.115
170.836
171.136
170.885
170.486
172.36
174.858
173.444
170.947
175.393
181.787
187.325
192.619
188.288
181.195
190.131
203.717
206.723
206.623
205.29
203.592
209.117
216.809
217.45
215.952
217.511
220.009
224.489
229.584
230.496
230.096
233.49
238.085
238.292
237.093
243.668
252.759
252.29
248.693
249.827
252.524
260.764
270.854
274.296
275.495
278.78
282.776
288.704
295.297
298.778
301.176
311.038
323.526
323.188
318.293
339.055
369.026
379.933
383.929
395.091
408.878
427.623
448.203
465.51
481.594
504.28
529.455
545.804
558.792
594.361
638.618
672.441
702.212
741.239
783.898
821.976
858.24
905.638
957.487
1013.53
1071.28
1114.83
1152.59
1214.35
1285.98
1355.06
1423.1
1504.72
1592.03
1666.29
1735.02
1818.8
1909.01
2000.83
2093.34
2182.93
2271.24
2375.79
2487.49
2606.24
2728.12
2829.78
2922.38
3035.09
3156.87
3270.48
3380.38
3511.62
3652.68
3772.73
3883.02
4012.5
4150.96
4265.27
4368.17
4473.37
4579.67
4696.01
4817.19
4920.89
5016.1
5126.26
5243.74
5327.06
5393.5
5456.66
5518.2
5604.27
5702.67
5753.63
5780.5
5842.86
5923.38
5973.99
6009.15
6033.15
6051.34
6091.98
6144.43
6161.36
6159.46
6185.42
6226.28
6245.34
6252.63
6248.47
6238.08
6246.01
6263.99
6266.09
6259.4
6257.26
6257.66
6251.41
6241.42
6259.28
6292.94
6304.82
6304.22
6307.93
6314.12
6306.99
6292.11
6288.68
6291.97
6304.74
6323.13
6321.62
6308.23
6291.79
6273.51
6270.83
6277.62
6278.09
6274.7
6288.53
6313.01
6309.35
6288.17
6293.38
6315.16
6319.56
6312.97
6314
6319.89
6315.33
6304.04
6265.36
6208.92
6156.94
6107.89
6067.39
6032.52
5976.35
5906.02
5845.32
5791.07
5725.08
5651.15
5592.97
5545.52
5502.39
5462.23
5423.19
5384.93
5348.61
5313.64
5292.69
5281.6
5274.72
5270.82
5251.9
5222.23
5207.77
5204.27
5185.73
5156.26
5154.93
5174.21
5168.84
5145.26
5125.41
5108.32
5104.99
5111.99
5108.57
5097.28
5098.07
5108.06
5090.99
5053.13
5054.22
5085.49
5088.37
5069.09
5063.79
5069.48
5054.56
5023.3
5003.02
4991.53
4983.91
4979.41
4944.28
4884.23
4830.07
4780.72
4748.38
4730.1
4699.55
4658.79
4612.38
4561.23
4505.1
4444.76
4392.13
4346.08
4317.27
4303.29
4270.24
4220.69
4169
4115.45
4084.76
4074.17
4036.84
3975.8
3942.67
3934.48
3919.35
3897.97
3871.2
3839.53
3816.52
3801.43
3785.88
3769.9
3756.55
3745.66
3734.72
3723.73
3710.12
3694.04
3681.03
3670.94
3665.54
3664.64
3672.43
3688.61
3680.66
3649.19
3637.13
3644.12
3645.69
3641.89
3629.04
3607.17
3585.39
3563.71
3536.72
3504.35
3465.65
3420.5
3377.85
3337.79
3294
3246.35
3207.3
3177.22
3143.31
3105.35
3069.76
3036.69
3001.84
2965.07
2935.18
2912.71
2889.22
2864.65
2829.53
2782.88
2754.27
2745.58
2726.72
2696.55
2663.41
2626.95
2581.57
2526.13
2474.79
2428.14
2373.53
2309.79
2236.8
2153.08
2072.63
1996.01
1934.76
1891.61
1833.09
1756.36
1692.16
1642.91
1589.67
1531.62
1477.69
1428.73
1381.67
1336.91
1300.12
1273.15
1243.99
1212.12
1184.2
1161.22
1140.94
1124.05
1105.63
1085.25
1071.3
1065.61
1065.45
1072.44
1071.54
1060.35
1057.54
1065.73
1078.05
1095.83
1112.29
1126.97
1148.47
1179.14
1211.72
1246.89
1297.03
1367.66
1438.37
1509.21
1595.8
1704.29
1827.55
1971.51
2130.5
2310.73
2502.08
2709.27
2940.75
3207.09
3479.76
3761.58
4048.32
4342.23
4665.82
5033.06
5380.55
5698.74
6042.59
6424.81
6796.04
7150.7
7498.81
7836.98
8179.44
8528.5
8876.26
9222.03
9542.94
9825.17
10098.9
10359.2
10635.6
10937.6
11235.2
11526.1
11796.5
12033.8
12300.6
12615.4
12920.2
13208.9
13511.3
13836.7
14177.2
14542.9
14914.4
15295.8
15672.6
16041.4
16418.2
16808.5
17191.6
17562.2
17958.3
18398.6
18796
19118.4
19462.4
19844.6
20226.6
20608
20996.8
21398.9
21789.6
22159.7
22526.7
22888.4
23272.4
23697.5
24104.5
24477.5
24832.4
25153.3
25477.7
25808.8
26121.6
26399.6
26680.2
26965.6
27255
27552.1
27848.9
28145
28416
28637.5
28841.8
29011.8
29158.2
29256.9
29386.7
29579.7
29717.2
29741.1
29779.1
29846.1
29914.8
29986.9
30043.8
30068.7
30079.8
30061.7
30050.2
30052.8
30075.2
30140.2
30161.3
30086.4
30034
30030.8
29997.8
29898.8
29794.8
29679.6
29543.6
29360.2
29186.1
29033
28861.8
28649.2
28440.3
28239.8
28057.7
27919
27759.6
27551.5
27368.1
27243.6
27170.6
27221.9
27233
27146.4
27102
27161.5
27229
27316.2
27397.4
27463.3
27557.2
27721.9
27891.5
28074
28270
28500.4
28733.9
28975
29224.8
29497.4
29742.8
29916
30118.5
30399.8
30683.8
30975.5
31262.5
31536.4
31782.3
31950.8
32130.9
32343.7
32553.5
32754.8
32947.8
33117.1
33267.1
33361.4
33452.3
33533.2
33615.4
33701.2
33751.9
33698.1
33662
33678.8
33652
33493.3
33378.5
33398.2
33382.6
33257.5
33130.6
32998.3
32877.2
32791.5
32684.6
32509.9
32348.1
32228.2
32096.1
31924.3
31760.1
31621.2
31481.5
31339.8
31214.1
31142.9
31062.4
30950.3
30847.8
30778.1
30697.9
30580.6
30460
30327.9
30199.5
30084.8
29984.7
29937.3
29901.8
29910.3
29894.9
29790.8
29712.4
29730.4
29741.4
29725.9
29685.3
29548.5
29429.3
29377.8
29322.4
29251.7
29190.6
29167.7
29128.2
29021.6
28922.2
28852.4
28785.8
28732.7
28669.9
28566.9
28465.2
28369.1
28267.6
28143.2
28015.6
27874.8
27750.5
27699.1
27621.9
27429.2
27251.6
27142.3
27019
26831.9
26651.2
26500.3
26338.9
26128.8
25924.4
25746.9
25567.3
25378
25179.1
24933.2
24700.4
24532.5
24366.5
24210.5
24048.9
23858.9
23666.6
23462.5
23266.5
23113
22949.8
22734.5
22533.5
22409.6
22269.9
22043.1
21831.4
21704.1
21571.4
21408.8
21254.3
21146.8
21039.9
20936.5
20826.7
20678.6
20527.3
20356.3
20204.1
20167.8
20123.6
20029.3
19931.1
19809
19685.9
19556.8
19432.2
19336.9
19243.4
19162.4
19092.2
19095.6
19086.5
18990.7
18901.7
18861.2
18823
18802.3
18783.6
18780.7
18770.5
18706.1
18652.6
18681.4
18710.2
18738.2
18762.2
18755
18752.1
18784
18816.1
18850.1
18876.5
18839.7
18805.7
18795.5
18780.7
18724.9
18675.8
18685.3
18696
18716.4
18733.8
18723.1
18720.4
18794.3
18857.9
18820.3
18787.4
18800.9
18813.1
18812
18807.4
18766.6
18723.6
18658.5
18594.6
18544.8
18490.5
18386.3
18279.9
18147.5
18016.7
17904.2
17791
17668.8
17543
17372
17206.2
17108.3
17008.7
16886.5
16762.1
16607.5
16458.1
16382.9
16305.1
16187.7
16068.2
15915.6
15766
15662.2
15557.7
15442.6
15327.7
15216.1
15105.3
15010.6
14914.6
14794.7
14674
14539.2
14406.2
14310.2
14211.6
14060.2
13909.3
13770.8
13630.8
13454.9
13279.5
13113.7
12948
12786.9
12625.3
12450.8
12276.5
12105
11933.8
11774.8
11615.3
11442.3
11269.8
11117.1
10963.1
10764
10566.4
10427.7
10288.6
10129.4
9969.68
9788.95
9609.78
9511.97
9413.57
9279.7
9145.29
8975.16
8805.75
8692.06
8578.15
8444.38
8310.32
8143.69
7976.91
7789.39
7601.69
7377.41
7152.94
6863.52
6574.12
6299.89
6025.66
