24.4137
54.7839
85.1542
82.9057
80.608
82.392
84.1902
79.4307
74.6354
66.0719
57.4803
67.3958
77.4859
72.1675
66.6729
66.4028
66.203
66.5935
66.9931
63.0726
59.0765
64.3894
69.884
68.0441
66.0461
62.1937
58.2975
57.5182
56.8189
57.7721
58.7711
61.2253
63.7228
63.4127
63.0131
62.9034
62.8035
63.9571
65.1559
62.1207
58.9238
59.7603
60.7593
63.9626
67.2593
62.7136
57.8184
59.8907
62.2883
70.3056
78.5975
71.9661
64.5733
62.3977
60.4996
54.1523
47.5588
52.2067
57.5015
58.2713
58.7708
54.0963
49.1012
53.8694
59.2641
60.0684
60.5679
56.2996
51.7041
54.3853
57.5822
56.3105
54.712
52.8349
50.9368
53.9519
57.3486
58.0625
58.562
62.2002
66.0963
67.5975
68.8962
66.5181
63.8208
64.2421
64.9414
61.2473
57.1513
58.6266
60.6247
58.795
56.5971
55.8543
55.2549
56.6519
58.2504
61.6598
65.2563
60.7209
55.3262
58.4965
62.5925
59.4015
55.4054
53.6535
52.155
55.8515
60.1473
60.5106
60.4107
58.7056
56.8074
57.2229
57.9222
52.5839
46.4899
57.7599
71.2467
68.115
62.8202
55.4967
47.9042
55.0964
64.2874
62.5023
59.2055
57.0477
55.0497
56.9854
59.483
58.5789
57.1803
57.174
57.3738
58.6156
60.0142
55.9549
51.0597
50.1407
49.841
53.4222
57.6181
57.9418
57.6421
57.1707
56.6712
59.6836
63.2801
58.5015
52.3076
53.7874
56.5846
54.533
51.6359
57.7352
65.4276
61.5194
55.5253
57.0499
59.9471
64.1928
68.6884
62.1683
53.5767
57.737
64.3305
65.0652
64.6656
58.8384
51.9451
58.3808
67.4719
64.512
59.1173
64.6673
72.4597
68.4233
61.9296
60.4699
60.0703
67.5741
76.7651
75.7718
72.5749
66.92
60.726
62.4609
65.9575
66.8446
67.1443
67.9321
68.8312
66.9712
64.4736
67.2383
71.2343
71.8385
71.6387
71.8417
72.1414
76.8614
82.6557
78.4284
71.7349
75.7585
82.4519
80.5289
76.4329
81.2506
88.3437
87.8946
85.497
88.9597
93.9548
96.106
97.5046
96.5391
94.9407
97.0368
100.134
102.525
104.723
102.932
100.034
96.3572
92.461
91.2887
90.8891
91.5763
92.5753
99.3818
107.873
113.353
117.948
109.678
97.5898
101.87
111.061
114.886
117.084
117.141
116.542
116.934
117.633
116.507
114.809
113.034
111.236
113.146
116.243
119.642
123.138
125.204
126.803
127.2
127.2
126.301
125.102
131.672
140.863
139.103
133.608
136.286
141.781
134.826
123.537
121.413
122.512
126.117
130.613
134.152
137.349
145.752
156.042
156.167
152.571
158.091
166.982
169.545
169.745
174.442
180.836
176.957
169.165
175.008
186.097
194.812
202.604
205.015
205.315
215.204
228.89
234.227
236.225
237.013
237.313
243.22
251.412
262.222
274.111
281.694
287.488
290.326
291.924
296.611
302.605
313.149
325.637
333.029
338.224
348.361
360.649
371.618
382.008
390.321
397.714
406.97
417.06
425.568
433.36
445.338
459.225
468.595
475.888
487.206
500.393
508.206
513.501
532.295
557.471
572.703
583.192
590.714
596.808
611.376
630.058
634.658
632.36
645.774
666.954
671.733
668.337
674.046
684.336
692.572
699.765
706.825
713.818
721.668
729.96
730.501
727.004
733.135
744.324
741.736
731.845
740.378
758.76
761.111
754.817
751.953
750.954
747.89
743.695
743.036
744.335
744.543
744.144
749.817
758.908
755.827
745.837
740.866
738.768
746.17
759.058
758.559
750.267
748.836
751.434
748.698
742.803
744.416
750.51
752.114
751.015
754.64
761.134
756.908
746.118
741.259
740.06
749.698
766.082
764.421
751.433
757.046
774.429
778.943
775.247
769.727
763.033
766.399
776.289
779.052
777.154
767.068
751.583
751.941
762.83
759.305
746.118
742.648
745.745
740.345
729.156
728.509
735.102
731.189
720
714.517
713.019
710.699
707.802
701.983
694.091
690.8
690.8
694.747
701.541
701.102
695.408
684.755
670.469
667.905
673.999
677.573
679.272
680.742
682.041
682.259
681.659
677.772
671.379
670.916
675.012
678.207
680.705
680.566
678.368
678.127
679.425
685.403
695.093
693.017
681.528
671.809
663.517
668.673
684.758
682.883
666.3
661.974
667.768
665.383
656.192
653.575
656.473
652.657
643.166
639.771
641.569
642.561
642.861
639.359
632.565
630.84
633.538
631.504
625.31
618.746
611.852
609.497
611.195
613.84
617.336
618.005
616.107
610.817
602.425
591.59
578.503
576.084
583.576
584.517
579.322
575.309
572.412
570.795
570.395
569.537
568.238
567.803
568.203
567.489
565.691
567.724
573.518
575.697
574.298
575.051
577.948
573.819
562.63
558.092
560.29
561.894
562.893
558.624
548.933
548.463
557.554
556.826
545.837
544.141
552.233
552.039
543.048
540.668
545.364
544.82
538.626
541.144
553.133
558.875
557.777
556.82
556.021
554.276
551.479
552.119
556.614
555.999
549.605
546.76
547.959
546.321
541.426
534.818
526.226
519.433
514.737
510.639
507.242
504.988
504.089
499.958
491.966
486.92
485.421
480.809
472.417
465.104
459.11
459.737
468.528
469.391
460.4
454.69
453.092
450.699
447.302
447.114
451.01
453.069
452.769
451.511
449.013
449.508
453.904
455.882
454.683
456.879
463.573
467.571
467.971
468.413
468.912
470.811
474.607
478.319
481.915
486.94
493.933
497.958
497.858
504.124
519.309
532.051
541.342
551.704
563.593
577.45
594.134
605.796
610.192
619.219
635.003
649.171
660.959
678.582
704.856
727.246
743.83
761.49
780.771
798.109
812.495
825.579
836.668
850.466
868.448
890.298
918.17
938.892
948.383
960.464
976.648
997.065
1024.24
1047.16
1063.25
1079.33
1095.41
1113.81
1135.99
1160.35
1188.32
1217.76
1249.63
1276.13
1293.61
1319.25
1358.72
1388.43
1401.52
1424.92
1466.08
1503.15
1533.12
1564.51
1598.38
1629.14
1654.41
1678.68
1701.16
1727.71
1761.58
1792.96
1819.83
1853.42
1899.28
1938.94
1967.22
1991.19
2007.18
2038.35
2097.99
2142.15
2157.03
2173.33
2192.31
2215.8
2247.97
2271.03
2276.43
2291.38
2325.05
2352.07
2365.95
2384.05
2410.52
2435.2
2456.28
2467.53
2458.84
2453.29
2454.19
2461.09
2480.37
2497.71
2511
2517.16
2508.37
2505.76
2516.25
2520.57
2511.68
2506.42
2509.02
2512.43
2517.63
2517.11
2504.02
2493.63
2489.24
2478.06
2451.68
2432.48
2429.48
2427.46
2427.66
2419.72
2393.05
2370.76
2358.67
2341.21
2311.14
2287.27
2278.08
2265.88
2246.5
2232.36
2230.86
2231.95
2239.34
2242.92
2237.13
2231.11
2224.51
2222.76
2233.15
2239.3
2234.7
2238.34
2263.01
2284.87
2299.46
2314.1
2328.88
2338.17
2332.97
2335.04
2356.42
2376.42
2392.7
2408.96
2425.14
2442.5
2463.08
2483.48
2503.36
2520.53
2530.12
2541.07
2555.85
2571.86
2591.34
2606.03
2606.93
2606.65
2602.96
2595.36
2576.27
2566.55
2584.64
2598.77
2601.07
2603.76
2607.66
2603.82
2576.24
2552.72
2541.73
2531.68
2524.59
2517.33
2509.54
2498.58
2477.5
2462.34
2466.34
2463.39
2437.71
2417.6
2415.91
2407.56
2376.99
2355.02
2362.11
2361.49
2334.52
2313.55
2313.35
2312.09
2307.09
2299.1
2280.52
2266.94
2271.23
2271.14
2255.15
2243.31
2246.6
2245.86
2230.18
2218.41
2221.31
2220.47
2205.49
2194.2
2197.1
2192.22
2157.15
2131.33
2141.82
2150.52
2152.12
2151.67
2142.98
2132.71
2116.03
2104.18
2112.27
2116.77
2106.28
2099.23
2106.72
2108.17
2083.69
2061.59
2049.8
2038.98
2032.38
2024.78
2012.7
2000.7
1989.11
1976.25
1957.57
1942.45
1943.85
1940.81
1916.93
1892.19
1863.32
1835.9
1815.52
1796.14
1781.66
1767.54
1755.25
1742.57
1727.88
1716.3
1720.6
1719.55
1690.77
1665.99
1662.2
1655.53
1633.55
1611.61
1589.83
1570.15
1562.06
1554.05
1546.45
1537.63
1521.85
1507.9
1504.5
1498.26
1475.38
1454.98
1449.28
1443.86
1440.06
1434.57
1418.69
1403.11
1389.42
1377.05
1373.06
1369.69
1370.39
1369.16
1355.28
1340.87
1322.99
1307.04
1304.24
1301.39
1298.2
1295.13
1292.93
1289.8
1280.01
1271.42
1271.62
1271.98
1273.48
1274
1267.1
1261.63
1267.12
1271.63
1268.33
1265.21
1263.51
1262.41
1266.21
1269.75
1271.15
1271.82
1266.33
1260.55
1252.25
1245.9
1256.79
1265.93
1259.13
1253.29
1256.29
1258.69
1255.39
1252.08
1248.69
1246.8
1259.99
1271.2
1262.21
1253.52
1248.03
1242.5
1236.71
1230.98
1225.99
1221.24
1219.35
1217.46
1215.77
1212.78
1194.39
1177.08
1172.89
1167.94
1153.56
1139.17
1124.78
1111.19
1108.19
1104.55
1092.07
1079.97
1073.48
1067.02
1061.02
1054.88
1046.49
1037.8
1024.41
1011.55
1007.25
1002.94
998.348
993.844
990.947
986.871
961.296
937.055
938.154
938.773
929.881
920.866
909.277
898.173
897.574
896.212
877.531
858.961
843.077
827.987
832.882
837.201
826.212
814.979
796.897
778.896
763.311
748.2
748.2
747.771
732.686
717.672
705.284
692.847
678.461
664.463
667.26
669.469
643.694
618.195
607.206
596.262
587.97
579.722
574.427
569.15
565.254
561.167
539.588
518.21
519.309
520.325
509.436
498.504
479.023
459.604
461.103
462.576
439.199
415.822
