78.2008
80.099
81.9971
76.7132
71.4183
73.9884
76.5859
70.539
64.445
69.7548
75.1496
75.7938
76.3932
79.1656
81.9629
78.747
75.4502
76.2854
77.1845
73.7635
70.2669
73.1397
76.1367
76.8845
77.5839
77.3072
77.0075
72.7143
68.3186
71.6022
75.0988
73.4538
71.6556
73.0522
74.5507
75.4696
76.3687
76.7857
77.1853
74.6981
72.1006
75.9373
80.0333
76.3666
72.3705
76.982
81.9771
80.2911
78.2931
73.0566
67.6619
63.6929
59.7967
62.0663
64.6637
67.4505
70.2478
70.7778
71.1775
70.0687
68.8699
73.1274
77.7229
70.8653
63.2727
68.8893
75.383
73.8368
71.7388
69.1744
66.577
69.0066
71.8039
72.6503
73.3496
70.3408
67.044
68.8352
71.033
72.677
74.2754
70.0705
65.3751
70.3314
76.1257
70.3627
63.5694
67.7595
72.9544
71.1167
68.6191
69.767
71.2656
72.946
74.6443
70.5349
65.8395
64.2228
62.9241
66.2334
70.0297
68.7771
66.9789
63.7413
60.3446
65.2962
71.1905
72.0687
72.3684
67.5737
62.179
64.097
66.8943
64.4415
61.3445
64.1964
67.7928
70.7692
73.6663
68.2542
61.7606
62.2348
63.6334
65.4721
67.3702
67.3366
67.0369
62.1813
56.6866
60.8954
66.4899
66.6767
66.0772
63.8243
61.3268
59.437
57.6388
62.0782
67.473
65.9526
63.3551
60.3265
57.2295
58.693
60.8909
60.2556
59.1567
60.9701
63.2678
65.9074
68.6048
66.9537
64.556
59.6063
54.2116
53.0605
52.6609
57.4265
63.121
60.6208
56.6247
59.0342
62.6307
64.7977
66.6958
68.0906
69.3893
68.2608
66.6624
67.903
69.7013
67.2509
63.9541
63.4
63.4
63.1512
62.8515
63.0481
63.3478
61.7495
59.7515
62.9401
67.2358
66.1931
63.9952
63.1084
62.509
64.3617
66.7594
61.5734
54.6802
60.5586
69.35
67.4293
63.0336
68.7575
76.8496
77.9962
77.4967
70.8742
62.7821
62.4055
63.9041
65.3224
66.721
68.3596
70.0579
69.2033
67.7047
68.753
70.4513
73.4199
76.7166
79.2215
81.5192
79.235
75.7385
74.3696
73.5703
75.2866
77.6842
76.0829
73.3855
75.6158
79.2122
75.3188
69.3247
71.2686
75.4645
76.7881
77.2876
80.3424
84.1387
83.4552
81.4572
82.849
85.2466
83.802
81.2045
78.0705
74.7738
81.5689
91.4592
91.2072
87.8105
92.5525
99.8454
98.7171
94.9208
92.3352
90.1374
87.1093
83.8125
86.237
90.5328
86.4943
79.701
81.5197
86.2151
88.6697
90.3681
91.6939
92.8928
100.333
109.923
111.066
109.268
111.756
115.752
115.178
112.98
114.605
117.602
122.139
127.234
125.163
120.468
124.451
131.644
142.91
155.697
158.475
157.475
159.515
162.712
172.979
185.966
197.874
209.363
219.201
228.392
235.508
241.802
251.593
262.782
279.379
298.161
309.349
317.441
332.681
350.863
363.258
373.248
390.136
409.917
427.802
444.885
466.658
490.435
510.792
529.673
553.914
580.488
600.954
618.737
645.032
675.103
699.721
721.899
742.426
762.207
791.663
825.53
852.075
875.252
901.909
930.182
959.338
988.909
1007.35
1020.54
1047.32
1080.59
1102.66
1119.35
1148.2
1182.97
1202.71
1215.1
1224.75
1233.04
1242.47
1252.46
1277.34
1309.7
1325.77
1333.56
1342.01
1350.81
1355.78
1358.77
1368.14
1380.83
1383.76
1381.56
1388.5
1400.29
1409.74
1417.93
1417.49
1412.39
1408.98
1406.48
1411.02
1419.41
1416.1
1406.31
1407.22
1414.12
1419.16
1423.15
1428.61
1434.91
1436.37
1435.07
1419.59
1395.91
1399.83
1419.81
1424.74
1420.85
1422.66
1427.86
1420.6
1405.92
1399.84
1398.94
1396.92
1394.22
1401.75
1415.54
1410.92
1394.93
1393.29
1400.59
1402.42
1400.82
1394.2
1384.41
1382.98
1386.87
1391.32
1396.11
1387.76
1370.87
1349.28
1324.6
1311.55
1306.15
1295.48
1281.29
1268.36
1256.27
1245.74
1236.24
1227.41
1219.02
1217.43
1220.53
1205.45
1177.77
1165.4
1163.7
1164.46
1166.96
1163.56
1155.96
1150.7
1147.11
1146.01
1146.7
1149.54
1153.94
1146.23
1129.64
1115.93
1104.34
1101.12
1104.11
1103.8
1101
1099.63
1099.33
1099.43
1099.83
1103.95
1110.95
1115.29
1117.59
1114.11
1106.12
1099.8
1094.81
1085.19
1071.9
1073.94
1088.22
1083.81
1064.33
1047.33
1032.35
1020.6
1011.51
1003.51
996.422
980.877
958.299
951.423
957.717
958.11
953.514
944.442
931.554
922.966
918.071
914.247
911.35
902.691
889.004
878.347
870.355
865.594
863.696
857.893
848.602
844.252
844.352
840.262
832.37
827.869
826.471
827.255
830.053
825.548
814.259
810.864
814.86
813.408
806.814
805.443
809.04
811.922
814.12
808.544
795.457
787.33
784.033
787.089
796.379
799.845
797.547
789.897
776.91
769.603
768.004
763.577
756.284
745.184
730.199
724.274
727.671
717.972
694.695
678.501
669.71
664.324
662.526
657.045
647.654
637.732
627.243
622.136
622.836
619.083
610.491
601.948
593.456
589.57
590.768
589.036
584.041
578.857
573.462
563.519
548.434
530.64
509.761
497.995
496.697
485.257
462.08
446.28
439.087
426.293
406.912
394.205
389.41
382.703
373.712
362.409
348.323
335.952
325.662
316.989
310.296
304.676
300.38
296.307
292.511
290.178
289.679
284.058
271.97
263.661
260.165
259.688
263.084
265.087
265.287
265.313
265.113
262.884
257.989
257.392
262.487
269.892
280.382
289.849
297.941
308.068
320.955
336.923
357.103
374.595
388.382
409.107
439.478
471.845
507.011
546.483
592.038
637.429
682.584
726.222
767.682
818.979
884.515
953.382
1027.11
1104.92
1188.74
1262.3
1320.64
1389.11
1472.73
1550.01
1617.75
1688.3
1763.12
1834.36
1900.09
1962.53
2019.88
2086.36
2167.08
2227.32
2255.39
2299.4
2368.63
2430.05
2479
2538.94
2616.56
2686.88
2745.32
2804.9
2866.34
2928.46
2991.69
3061.31
3141.53
3231.71
3338.6
3428.47
3489.51
3555.57
3630.2
3712.9
3809.5
3894.5
3959.33
4025.26
4093.09
4161.07
4229.3
4303.07
4386.69
4469.06
4549.18
4625.92
4696.55
4770.37
4849.99
4923.74
4986.68
5058.67
5147.48
5234.9
5319.72
5386.81
5420.38
5466.59
5536.92
5600.69
5651.84
5704.96
5761.91
5813.31
5853.87
5888.42
5911.1
5943.36
5994.71
6037.69
6063.87
6090.08
6116.35
6144.99
6178.45
6195.46
6178.47
6169.69
6177.98
6176.77
6155.59
6147.03
6165.21
6176.36
6172.46
6172.04
6179.14
6174.57
6144.6
6127.37
6138.16
6143.71
6137.61
6116.59
6062.15
6015.57
5986.8
5952.34
5904.88
5854.25
5796.31
5748.59
5724.61
5698.57
5667.7
5639.12
5615.94
5595.65
5582.26
5565.74
5541.67
5531.34
5554.52
5576.95
5597.53
5616.07
5629.56
5650
5687.86
5724.42
5757.69
5790.98
5824.35
5862.01
5910.77
5959.96
6010.31
6058.71
6101.97
6143.97
6182.63
6227.8
6290.44
6357.84
6438.17
6507.07
6544.74
6588.21
6647.75
6704.58
6753.83
6796.79
6821.96
6846.7
6870.17
6900.5
6950.55
6986.88
6983.28
6980.98
6982.48
6982.54
6978.35
6975.85
6978.45
6978.67
6971.67
6964.58
6957.19
6942.14
6903.38
6876.15
6885.04
6878.54
6823.29
6775.23
6750.15
6725.95
6704.57
6675.07
6619.03
6575.6
6573.91
6561.39
6512.74
6471.07
6452.99
6437.87
6432.87
6424.43
6404.05
6388.6
6390.4
6382.31
6339.25
6303.72
6295.13
6285.48
6271.99
6255.63
6228.76
6208.02
6210.02
6208.67
6194.79
6178.36
6152.28
6129.33
6118.34
6111.19
6118.99
6118.27
6084.1
6053.89
6039.4
6027.08
6023.49
6014.48
5983.41
5960.06
5968.55
5970.27
5943.69
5921.53
5918.03
5912.93
5900.94
5886.52
5861.55
5834.63
5799.16
5764.89
5735.92
5707.13
5679.15
5649.5
5612.13
5572.36
5521.41
5474.79
5448.52
5415.81
5352.47
5292.19
5246.63
5205.33
5184.85
5160.11
5114.26
5066.52
5009.27
4956.92
4929.55
4899.93
4858.67
4816.71
4771.05
4728.94
4705.76
4676.16
4611.72
4559.97
4577.95
4588.69
4559.02
4526.16
4475.21
4427.69
4399.92
4375.25
4368.76
4358.68
4327.31
4294.2
4250.54
4212.59
4209.7
4203.02
4172.75
4144.54
4129.46
4114.75
4102.46
4089.53
4072.34
4054.65
4033.57
4011.44
3982.17
3954.58
3938.59
3926
3937.29
3945.47
3931.39
3919.83
3926.72
3934.47
3948.56
3958.55
3937.57
3918.67
3915.77
3911.3
3894.41
3880.87
3894.16
3903.85
3884.07
3868.46
3887.74
3904.64
3901.25
3899.55
3912.63
3922.94
3908.45
3894.38
3884.09
3876.36
3892.44
3907.87
3917.06
3924.96
3920.27
3915.8
3913.6
3909.13
3881.46
3856.99
3866.08
3872.85
3854.67
3835.82
3809.64
3783.5
3757.73
3733.32
3724.83
3714.96
3688.58
3661.63
3627.56
3594.05
3567.47
3541.57
3524.39
3505.9
3469.93
3435.51
3422.32
3409.71
3405.31
3397.44
3338.5
3282.26
3266.97
3252.16
3244.76
3235.61
3197.85
3160.5
3130.13
3099.1
3056.44
3016.18
3019.57
3019.73
2958.29
2898.72
2876.24
2853.68
2829.51
2804.98
2772.71
2739.88
2694.32
2649.71
2627.53
2604.51
2560.46
2516.9
2486.63
2455.93
2413.17
2370.48
2329.82
2289.38
2255.91
2222.92
2206.24
2188.82
2144.16
2099.36
2049.01
1999.65
1992.95
1985.53
1943.47
1901.66
1872.48
1843.68
1836.38
1828.57
1785.61
1742.97
1724.68
1706.28
1676.3
1646.1
1589.45
1532.93
1494.47
1455.92
1398.47
1340.99
1270.26
1199.54
1140.2
1080.86
