144.001
145.399
146.798
141.413
136.019
143.168
150.361
144.041
137.647
138.393
139.192
132.767
126.273
127.286
128.385
127.808
127.209
128.479
129.778
132.549
135.346
130.892
126.297
129.818
133.515
130.574
127.477
123.796
120.1
125.735
131.629
128.113
124.317
124.974
125.774
126.476
127.176
124.596
121.899
124.975
128.272
130.705
133.102
128.408
123.413
123.2
123.2
119.287
115.191
122.429
130.222
122.425
113.834
111.977
110.479
119.677
129.467
126.221
122.225
117.004
111.709
119.867
128.858
123.673
117.579
119.074
121.072
117.647
113.851
120.224
127.317
127.8
127.8
127.893
127.993
128.556
129.156
121.152
112.46
109.123
106.226
116.87
128.658
118.478
106.389
109.161
113.257
119.732
126.426
121.429
115.335
116.349
118.048
115.653
112.856
113.961
115.46
115.69
115.79
119.053
122.649
121.557
119.959
115.302
110.307
113.391
117.387
114.307
110.41
113.486
117.382
119.227
120.825
122.335
123.833
121.691
119.094
120.572
122.57
118.557
113.762
119.021
125.615
119.448
111.555
109.283
107.784
117.675
129.164
123.781
115.989
117.617
120.614
123.35
126.047
120.322
113.329
111.793
111.094
112.21
113.609
110.436
106.54
112.97
121.062
121.427
120.528
120.914
121.513
125.616
130.312
125.372
118.779
119.331
121.129
121.909
122.509
120.906
118.908
116.657
114.359
118.214
123.209
127.111
130.808
128.128
124.232
120.252
116.256
119.357
123.853
125.933
127.531
128.714
129.813
133.565
137.861
132.975
126.182
127.558
130.655
131.776
132.475
129.397
125.501
131.109
138.801
136.113
131.118
135.989
143.083
144.888
145.487
152.741
161.533
160.447
157.051
162.78
170.672
171.314
170.215
176.188
183.881
184.919
184.319
190.518
198.41
205.026
211.32
207.506
201.113
211.867
227.052
221.013
209.425
213.162
220.954
221.891
220.992
223.787
227.583
234.751
242.843
238.577
230.885
233.959
240.053
242.1
242.999
246.46
250.656
256.478
262.772
266.131
268.628
280.448
295.034
297.862
297.163
299.606
303.003
306.705
310.501
318.339
327.43
327.394
324.497
327.441
332.237
328.103
321.11
326.495
335.885
339.329
340.828
346.531
353.624
366.259
380.744
380.665
375.67
379.689
386.782
396.699
407.588
424.332
443.113
451.252
455.648
471.321
491.002
503.552
513.542
536.51
564.183
582.861
598.246
624.935
655.805
686.966
718.235
747.763
776.635
811.367
848.33
887.964
928.624
972.234
1016.99
1073.08
1133.62
1197.89
1263.62
1320.86
1374.71
1451.47
1537.49
1619.39
1699.61
1776.29
1851.52
1937.12
2027.03
2118.07
2209.58
2310.29
2414.88
2528.37
2645.66
2752.82
2855.62
2988.97
3135.63
3267.23
3392.2
3525.83
3663.3
3799.18
3934.34
4073.5
4214.46
4357.69
4501.95
4654.42
4810.67
4957.91
5100.97
5267.36
5444.69
5602.14
5750.19
5872
5981.29
6107.99
6243.06
6377.38
6511.35
6633.39
6749.57
6843.96
6927.58
7020.53
7118.14
7187.76
7243.3
7309.58
7381.31
7456.21
7532.74
7597.47
7656.11
7686.91
7703.19
7738.47
7783.72
7804.56
7812.45
7832.58
7859.25
7857.44
7840.25
7835.43
7837.33
7849.22
7866.61
7882.32
7897.1
7906.82
7913.72
7913.39
7908.99
7930.34
7966.31
7966.25
7945.57
7934.77
7929.67
7947.44
7978.51
7972.56
7944.89
7931.4
7926.3
7928.03
7933.82
7935.38
7934.38
7939.97
7949.56
7943.04
7926.65
7933.31
7954.19
7975.07
7995.95
8014.99
8032.87
8035.33
8028.04
8039.71
8063.49
8040.52
7987.47
7951.21
7925.83
7868.63
7790.6
7722.33
7660.49
7592.71
7520.98
7445.66
7367.94
7304.17
7249.82
7200.88
7155.63
7092.78
7017.85
6971.91
6946.04
6928.16
6915.87
6903.82
6891.93
6866.89
6832.53
6811.5
6800.01
6781.09
6756.82
6750.07
6756.06
6736.28
6697.62
6682.18
6683.87
6680.42
6673.13
6678.22
6692.6
6708.13
6724.51
6743.45
6764.32
6760.97
6738.99
6737.05
6750.64
6743.14
6719.16
6698.43
6680.24
6642.34
6588.8
6550.73
6525.06
6508.79
6500.1
6468.37
6417.92
6360.44
6297.2
6241.62
6192.37
6141.26
6088.61
6042.7
6002.44
5940.58
5860.46
5797.98
5750.52
5699.95
5646.71
5608.02
5581.95
5545.95
5501.29
5455.04
5407.39
5384.1
5382.4
5361.65
5323.89
5289.86
5259.19
5222.6
5180.64
5150.89
5132.31
5113.57
5094.69
5092.54
5105.93
5090.37
5047.71
5025.2
5021.7
5026.45
5039.04
5040.4
5031.01
5032.55
5044.63
5047.92
5042.62
5041.41
5044.21
5039.12
5026.23
4984.63
4914.4
4864.2
4834.13
4802.02
4767.86
4745.41
4734.92
4702.91
4648.76
4598.83
4553.28
4509.19
4466.63
4409.87
4338.14
4279.34
4234.29
4201.78
4182.7
4150.45
4103.99
4062.95
4027.78
3999.72
3979.44
3949
3907.34
3879.58
3867.3
3823.13
3743.21
3675.43
3621.38
3554.22
3472.1
3388.35
3302.73
3211.05
3112.35
3019.13
2932.32
2838.71
2737.11
2642.87
2557.35
2480.8
2414.97
2348.09
2279.95
2211.14
2141.51
2085.63
2046.57
2005.18
1960.92
1920.45
1884.69
1849.99
1816.62
1788.95
1768.47
1748.56
1729.38
1711.6
1695.61
1688.56
1693.05
1692.65
1685.86
1689.64
1707.32
1721.35
1730.54
1747.52
1774.89
1814.83
1871.67
1937.17
2014.39
2093.09
2173.81
2272.21
2394.99
2543.9
2729.12
2918.04
3112.15
3328.87
3577.52
3848.19
4150.19
4463.03
4791.4
5152.52
5561.02
5959.85
6344.57
6747.49
7177.17
7597.39
8003.6
8425.25
8870.02
9298.65
9702.95
10096.1
10472.5
10848.8
11225
11590.6
11939.6
12261.7
12541.8
12844.9
13184
13509.1
13812.1
14108.3
14393.7
14697.1
15029.4
15368
15717.1
16060.9
16395.9
16756.1
17157.6
17581.9
18044.1
18499.3
18942.5
19376.2
19793.7
20222
20668.7
21092.1
21475.5
21874.8
22301.6
22743.1
23210.3
23633.3
23978
24361.1
24812.3
25224.9
25568.1
25958.3
26433.6
26896.1
27335.3
27780.2
28235.7
28660.9
29030.1
29407.3
29799.9
30189.4
30573.2
30931.5
31241.1
31565.7
31919.4
32256.6
32561.8
32855.8
33128.1
33363.9
33527.8
33714.6
33946.9
34141.6
34261
34371.1
34462.2
34548
34622.9
34671.8
34666.9
34673.1
34702.2
34744.6
34814.6
34880.6
34938.2
34982
34996.6
34988.1
34929.8
34873.1
34820.2
34728.7
34552.6
34416.9
34370.8
34281.3
34094.2
33909.4
33729.3
33537.9
33320.6
33111.5
32921.8
32708.6
32440.9
32195
32000.3
31827.7
31707.5
31600.2
31523.7
31441.3
31344.5
31276.7
31279.2
31312.1
31419.8
31522.6
31613.3
31699.8
31775.5
31892.7
32114.8
32354.1
32637.7
32904.7
33129
33374
33672.6
33984.2
34330
34654.4
34922.1
35219
35594.2
35956.7
36285.3
36602.3
36887.4
37161.4
37404.8
37651.4
37907
38154.1
38376.7
38573.2
38694.7
38812.8
38920.8
39010.7
39047.9
39121.9
39304.2
39413.4
39305.4
39206.5
39135
39063
38989.8
38923.1
38876.3
38820.7
38737.7
38643.9
38516.1
38371.7
38174.7
37989.6
37842.5
37697.1
37557
37395.8
37165.1
36951.2
36792.9
36654.8
36584.6
36510.6
36424.1
36321.4
36163.4
36007.4
35858.5
35731.3
35679.9
35612.1
35486.3
35379.7
35341.5
35296.4
35226.1
35160.1
35109.1
35052.2
34973.3
34894.7
34817.5
34736.6
34641.6
34553
34489
34424.7
34358.9
34293.7
34231.3
34172.8
34130
34078
33988.4
33894.8
33785.2
33685.9
33629.1
33559.1
33434.3
33315.4
33221.2
33132.4
33067.1
32966.8
32714.6
32489.7
32384.2
32267.3
32100
31934.4
31776.9
31609.7
31398.6
31175
30893.4
30628.4
30441.4
30248.9
30030.6
29819
29639.5
29453.9
29238.5
29004.3
28676.7
28366.2
28141.6
27911.5
27653
27410.3
27249.3
27081.2
26875.7
26668.7
26454.1
26256.4
26150
26032.8
25856.4
25677.8
25487
25303.3
25160.3
25022.5
24915
24795.9
24609
24422.1
24235.4
24052.2
23890.1
23733.7
23611.8
23492.9
23392.2
23285.7
23142.9
23004.2
22892.4
22777.7
22644
22522.7
22483.3
22437.1
22344.3
22259.1
22227.1
22197.4
22184.7
22170.6
22146.1
22124.1
22119.7
22116.7
22123.9
22135.1
22175.7
22205.2
22149.5
22104.6
22145.8
22179.6
22154.2
22132.4
22140.1
22146.4
22141.2
22134.4
22113.1
22093.6
22089.6
22084.3
22067.2
22055.2
22089.9
22121.3
22122
22125.2
22152.1
22182.7
22248.7
22305.1
22267.3
22231.5
22217.1
22200
22154.1
22104.9
22018.9
21926.1
21756.6
21595.8
21531.9
21460.4
21301.6
21143.9
20998.7
20858.1
20774.8
20685.6
20522.3
20355.7
20144.4
19941.9
19857.7
19768.5
19610.7
19452.1
19283.1
19116.1
18979.4
18843.8
18724.5
18603.3
18450.6
18299.4
18170.9
18041.4
17895.4
17750.5
17625.7
17499.1
17339.7
17181.4
17046.6
16909.1
16719.4
16530.1
16350.1
16170.4
15998.3
15825.3
15633.9
15440.7
15204.5
14969.9
14774.4
14578.4
14368.3
14158.8
13966.5
13773.7
13565.9
13359.3
13192.3
13023.2
12785.4
12548.3
12340.9
12134
11944.8
11756.8
11614.4
11471.3
11293.8
11116.9
10975.2
10833.1
10670.2
10507.8
10373.3
10238.2
10054.3
9870.67
9710.83
9550.92
9383.58
9215.6
8954.56
8693.34
8397.33
8101.16
7749.6
7398
7005.29
6612.57
