107.799
106.8
105.801
104.603
103.404
102.305
101.206
98.8153
96.4177
98.7799
101.177
103.674
106.172
104.521
102.822
99.1526
95.4563
102.778
110.271
109.713
109.013
110.47
111.968
111.413
110.814
102.016
93.025
96.5987
100.495
107.988
115.58
109.397
102.804
103.762
104.961
101.135
97.1391
100.085
103.282
99.4547
95.3587
97.6008
100.098
107.292
114.685
106.488
97.5967
100.063
103.06
109.296
115.69
108.301
100.209
100.843
101.942
99.2548
96.3576
100.923
105.918
102.052
97.6564
102.95
108.844
102.159
94.6665
95.7926
97.4909
95.5433
93.3454
95.439
97.8366
102.934
108.229
99.1243
88.9342
89.127
90.126
94.8254
99.8205
98.1691
95.9713
97.0896
98.4882
99.2434
99.9427
96.331
92.3349
90.2609
88.3628
93.4973
99.2916
98.5241
97.1254
95.363
93.5648
92.674
91.8748
97.4141
103.608
100.315
96.019
97.0425
98.6409
103.208
108.103
97.5587
85.2707
93.2258
103.516
95.3943
85.1044
87.6563
91.7523
90.5093
88.6112
91.33
94.6267
96.5946
98.3929
91.8819
84.2893
88.5156
94.3099
98.2562
101.952
101.61
100.71
98.322
95.7246
91.3788
86.7833
87.8572
89.7553
91.0443
92.2431
93.6156
95.0142
93.8138
92.2154
92.0864
92.1863
92.545
92.9446
91.193
89.095
90.6887
92.8866
94.7418
96.54
93.3816
89.3855
90.761
93.0588
93.3149
93.215
91.3328
89.1349
88.5459
88.2462
91.3258
95.0221
96.9485
98.547
101.827
105.424
105.077
103.978
98.1922
91.4988
95.1596
100.854
98.801
95.2045
94.1013
93.5019
97.214
101.809
100.532
98.0344
102.799
109.093
105.507
99.8129
96.2539
93.1569
97.4342
103.328
105.626
107.125
106.911
106.311
110.105
114.9
117.179
118.878
114.423
108.529
114.265
122.756
123.916
123.317
127.781
133.475
138.368
143.063
141.281
137.884
136.881
136.481
138.549
141.246
146.087
151.482
152.204
151.704
151.758
151.958
155.704
160.399
165.252
170.147
169.24
166.742
169.876
174.571
174.196
172.397
178.304
186.396
186.259
183.762
186.452
190.648
191.214
190.714
192.603
195.2
200.411
206.405
209.869
212.567
210.6
207.204
215.78
228.068
231.304
231.704
232.027
232.327
239.74
249.43
246.215
238.822
244.302
253.992
260.755
266.549
265.529
262.232
264.985
269.78
280.312
292.8
296.148
296.348
305.737
318.325
321.896
322.295
338.322
359.901
376.186
390.572
402.099
412.588
428.709
446.891
467.553
489.132
511.292
533.67
566.059
602.223
628.983
652.161
695.972
747.721
786.375
819.943
863.986
912.139
962.295
1013.24
1069.4
1127.65
1187.31
1247.55
1317.16
1390.59
1461.33
1530.96
1608.92
1690.34
1775.63
1862.55
1967.08
2079.07
2171.18
2254.8
2361.03
2477.02
2585.49
2690.69
2803.52
2919.7
3042.05
3167.13
3280.06
3387.55
3510.53
3640.5
3772.54
3905.51
4042.17
4180.53
4317.6
4454.07
4576.04
4691.23
4814.02
4940.39
5065.69
5190.46
5305.46
5415.75
5528
5641.18
5744.85
5843.86
5930.89
6012.01
6076.13
6131.78
6189.02
6247.06
6300.27
6351.02
6416.04
6488.37
6535.33
6569.2
6587.43
6597.52
6631.52
6678.07
6712.15
6739.63
6753.3
6759.59
6765.63
6771.52
6780.2
6790.39
6784.77
6770.49
6760.38
6752.59
6772.63
6808.19
6815.5
6806.91
6809.22
6817.71
6813.43
6801.84
6809.7
6828.78
6825
6807.92
6804.81
6809.9
6800.06
6781.38
6784.47
6800.55
6785.4
6751.43
6739.84
6741.84
6742.85
6743.25
6745.81
6749.7
6752.8
6755.4
6762.78
6773.17
6764.78
6744.5
6739.59
6744.48
6727.98
6697.71
6650.9
6593.35
6533.45
6472.01
6423.22
6382.76
6323.21
6250.98
6194.19
6147.73
6102.35
6057.69
6010.24
5960.89
5907.46
5851.21
5809.31
5777.34
5759.2
5750.71
5718.47
5669.51
5641.31
5627.82
5616.14
5605.75
5577.19
5535.53
5508.34
5491.65
5478.43
5467.74
5460.44
5455.65
5457.09
5463.19
5464.26
5461.56
5474.56
5499.44
5491.78
5459.31
5439.78
5430.19
5445.87
5481.13
5485.27
5465.09
5444.8
5424.42
5398.58
5368.41
5323.03
5265.48
5227.74
5205.96
5170.13
5122.88
5081.5
5044.93
5006.62
4966.86
4914.39
4851.35
4797.5
4751.34
4701.18
4647.63
4596.35
4547
4497.86
4448.91
4394.45
4335.2
4302.42
4292.73
4269.43
4234.17
4202.56
4174.19
4151.04
4132.56
4096.52
4044.67
4028.69
4045.28
4046.16
4032.67
4008.42
3974.25
3954.85
3949.15
3948.72
3953.22
3941.73
3915.15
3895.65
3882.86
3877.52
3879.32
3876.64
3869.65
3870.25
3878.24
3878.06
3869.87
3851.99
3824.52
3796.99
3769.42
3747.93
3732.54
3702.56
3657.81
3608.85
3555.6
3511.91
3478.04
3431.37
3371.43
3321.65
3282.49
3240.94
3196.89
3156.56
3120.2
3087.21
3057.84
3022.22
2979.86
2946.26
2922.19
2895.11
2864.74
2831.42
2794.86
2761.65
2732.18
2694.84
2648.69
2600.99
2551.54
2488.17
2408.95
2330.98
2254.46
2177
2098.48
2014.7
1924.79
1845.53
1778.79
1711.19
1642.56
1577.61
1517.07
1462.61
1415.45
1363.47
1305.63
1256.32
1217.46
1184.32
1158.25
1128.74
1094.98
1069.01
1052.83
1036.6
1020.32
1001.22
978.544
964.925
962.927
960.537
957.639
954.048
949.553
949.547
955.441
966.965
985.947
1006.34
1028.62
1052.13
1077.31
1116.17
1173.62
1242.96
1328.57
1417.09
1509.6
1621.96
1761.93
1910.38
2070.72
2254.04
2469.83
2703.18
2961.53
3231.56
3518.38
3810.92
4111.72
4438.2
4802.15
5168.03
5536.77
5903.62
6267.66
6622.29
6962.86
7315.54
7686.47
8034.45
8347.55
8651.45
8941.27
9244.31
9567.79
9867.53
10130.3
10395.5
10664.6
10931
11192.9
11433.6
11640.1
11873.4
12149.4
12419.7
12680.9
12971.1
13309
13639.6
13958.3
14284.4
14622.8
14963.4
15307.7
15653.6
16002.2
16348.6
16691.2
17046
17421.4
17764.1
18050
18345.2
18656.6
18981.8
19331.2
19664
19967.2
20293.9
20662.6
21029.3
21392.2
21750.6
22100.5
22440.6
22762.5
23094.9
23446.9
23781.4
24083.2
24375.1
24648.2
24902.1
25119.3
25346
25591.2
25812.4
25987.1
26190.2
26448.9
26668.7
26812
26950.5
27079.3
27218.8
27379.5
27500.5
27540.9
27582.7
27627.4
27663.8
27682.8
27721
27799.3
27865.9
27907.7
27930.3
27911.9
27896.4
27887.1
27885.2
27899.3
27892.5
27839.9
27771.6
27668.5
27547.2
27385.8
27229.4
27084.2
26949
26836.3
26685.3
26446.8
26219.9
26019.4
25813.7
25596.1
25416.1
25324.3
25221.1
25091
24971
24875.6
24810.5
24818.3
24812.7
24774.5
24766.7
24833.3
24916
25038.6
25151.6
25240.7
25385.9
25672.9
25911.6
26026.6
26169.2
26382.8
26588.7
26774.5
26978.5
27230.4
27469.6
27675.3
27894.6
28150.4
28427.4
28762.3
29065.3
29280.9
29487.6
29669.8
29862.2
30082.8
30290.2
30459.8
30628.2
30793
30941
31040.4
31149.7
31287.6
31378.7
31331.7
31289.5
31261.6
31231.9
31197.3
31149.1
31060.1
30979.8
30926.4
30851.2
30708.5
30573.4
30461.7
30346.6
30220.8
30089.4
29940.2
29805.7
29719
29607.9
29417
29255.4
29191.1
29111.6
28981.3
28855.6
28745.1
28642.9
28568.9
28484.8
28365.2
28262.1
28216.5
28158.2
28054.8
27952.9
27856.6
27787.2
27815.1
27813.6
27704.4
27597.8
27500.9
27427.4
27441.8
27447.4
27419.5
27381.2
27303.1
27224.2
27142.2
27071.6
27046
27006.9
26913.9
26830.5
26786.1
26744.7
26716
26667.1
26535.2
26411.6
26322.6
26250.4
26249.5
26236
26168.4
26077.1
25882.9
25714
25656
25585.5
25459.5
25319.4
25115.3
24910.2
24700.5
24499.3
24337.8
24180.3
24042
23884.7
23637.4
23395
23175.8
22958.4
22749.9
22550
22392.7
22234
22068.3
21907.2
21768.9
21632.7
21507.2
21368.4
21159.4
20963.4
20837
20708.9
20572.3
20430.6
20260.1
20102.9
20019.7
19922.5
19745.6
19584.6
19514.1
19435.2
19306.2
19182
19086.3
18988
18874.1
18761.8
18659
18562.5
18505.7
18443.2
18344.6
18244.2
18133
18024.7
17936.5
17854.3
17811.9
17764.3
17680.6
17603.8
17573.4
17539.2
17477.8
17425.2
17435.1
17446.1
17464.8
17480.7
17475.2
17467.6
17443.3
17425.3
17455.5
17486.8
17526.3
17560.1
17548.4
17531.5
17471.4
17422.7
17468.8
17505.7
17465.1
17428.7
17429.7
17424.5
17364.7
17314.3
17349.7
17382.2
17388.7
17398.6
17440.2
17478
17478.5
17477.6
17462.3
17447
17431.4
17409.1
17316.7
17228
17178.6
17127.5
17057.3
16984.8
16886.8
16785.3
16642.9
16506.9
16446
16381
16264.2
16146.7
16020.6
15895.2
15777.4
15656.8
15498.3
15347.4
15299.9
15246.3
15104.5
14965.2
14862.4
14758.2
14631.9
14507.7
14415.3
14323.3
14238.8
14150.4
13997.4
13849.6
13795
13735
13577.5
13421.1
13287.5
13153.7
13014.4
12877.6
12790.1
12699.3
12535
12369.9
12188.7
12008.9
11863
11716.3
11551.4
11386.6
11221.4
11055.6
10874.7
10694.2
10528.4
10363.5
10230.2
10096.3
9943.71
9790.34
9607.02
9425.26
9305.38
9185.81
9080.02
8973.05
8810.51
8648.43
8510.56
8373.04
8255.55
8138.12
8024.44
7910.82
7803.13
7695.11
7557.04
7418.67
7245.94
7073.19
6898.17
6722.79
6477.23
6231.53
5940.32
5649.09
5345.39
5041.69
