140.199
139.2
138.201
141.292
144.389
136.236
128.044
131.08
134.177
133.109
132.01
136.552
141.148
135.866
130.471
132.273
134.171
133.511
132.812
131.229
129.63
133.715
137.911
131.448
124.754
130.651
136.845
133.006
128.91
127.925
127.026
122.052
116.957
118.543
120.341
124.071
127.868
121.443
114.65
126.813
139.701
133.286
126.093
130.4
135.195
132.435
129.338
126.146
122.949
118.799
114.604
122.955
131.946
133.254
134.153
132.875
131.476
125.354
118.96
118.034
117.435
115.142
112.744
118.984
125.777
121.797
117.101
117.454
118.154
118.666
119.166
113.987
108.392
113.667
119.761
118.16
115.963
114.412
112.914
116.492
120.488
123.195
125.792
124.805
123.506
121.841
120.142
121.19
122.488
118.399
113.803
116.407
119.704
123.91
128.206
127.783
126.884
125.804
124.705
119.45
113.755
113.38
113.58
110.721
107.524
107.379
107.579
112.795
118.589
119.825
120.525
117.122
113.226
112.355
111.855
115.795
120.291
118.585
116.088
115.623
115.423
115.488
115.588
115.6
115.6
117.532
119.73
115.181
109.687
115.207
122.3
111.774
98.6868
107.704
119.992
120.124
118.425
111.962
104.769
105.615
107.713
109.121
110.42
114.3
118.596
118.599
117.9
117.629
117.429
115.947
114.249
116.387
119.185
117.813
115.716
116.418
117.617
113.312
108.017
108.045
109.044
109.116
109.016
110.598
112.496
116.911
121.806
123.437
124.436
121.51
117.814
119.532
122.33
113.99
103.401
112.462
125.549
123.085
117.39
117.06
117.859
124.668
132.76
131.325
127.829
125.643
123.745
132.064
142.654
137.587
128.996
124.553
121.056
130.3
142.489
143.019
140.821
143.55
147.446
146.427
144.23
150.229
158.222
156.593
152.597
158.438
166.73
164.491
159.595
165.365
173.856
171.869
167.173
169.843
174.438
177.849
180.946
175.611
168.018
171.195
177.289
176.718
174.32
178.727
185.021
194.046
203.836
201.564
195.869
202.673
213.063
214.393
213.095
214.731
217.228
222.191
227.886
228.355
227.256
225.237
222.939
227.675
234.568
234.37
231.972
243.113
258.498
258.558
253.763
256.686
262.081
263.4
263.4
268.594
275.487
280.954
285.949
287.499
287.899
285.162
281.365
287.849
297.84
305.378
312.071
316.838
320.934
327.321
334.514
345.835
358.623
374.939
392.522
410.251
428.034
441.794
454.082
468.121
482.806
502.438
523.917
555.986
592.051
609.813
620.602
657.076
703.431
735.899
762.972
802.89
847.846
898.025
950.274
1001.74
1052.89
1110.3
1170.24
1228.83
1286.88
1354.47
1426
1508.97
1596.68
1664.9
1724.94
1822.53
1936.02
2027.46
2109.48
2203.3
2302.2
2419.27
2544.25
2651.74
2751.54
2860.13
2972.62
3090.56
3210.94
3326.44
3439.73
3580.81
3734.56
3856.69
3964.29
4107.43
4267.08
4392.84
4502.73
4627.34
4758.91
4891.64
5024.91
5147.72
5265.5
5386.18
5508.26
5614.32
5712.52
5806.98
5899.59
5984.66
6065.98
6140.06
6210.49
6273.96
6333.9
6385.45
6432.71
6497.35
6570.98
6600.8
6607.79
6646.74
6702.49
6724.87
6729.56
6754.96
6791.42
6805.89
6808.48
6813.02
6818.62
6830.15
6844.93
6849.36
6848.06
6835.93
6817.75
6823.66
6843.15
6846.95
6841.85
6850.8
6867.78
6873.56
6872.86
6864.2
6850.91
6849.4
6854.79
6856.8
6856.8
6864.18
6875.97
6885.82
6894.52
6891.15
6880.46
6875.47
6873.97
6874.82
6877.12
6874.24
6868.15
6891.03
6932.09
6929.09
6898.22
6893.94
6906.63
6895.37
6868.69
6839.05
6807.48
6751.87
6680.54
6632.69
6600.32
6554.27
6499.13
6419.52
6323.51
6270.07
6245.4
6215.08
6180.91
6124.65
6053.22
6021.46
6017.16
5983.63
5929.68
5901.71
5892.02
5869.41
5837.65
5813.74
5795.46
5771.02
5742.15
5729.88
5729.68
5725.1
5717.31
5691.7
5652.94
5630.73
5620.84
5617.11
5618.01
5613.96
5606.17
5621.33
5654
5656.79
5636.61
5632.19
5639.98
5644.3
5645.89
5638.89
5625.1
5612.43
5600.64
5568.37
5519.72
5493.41
5485.12
5453.51
5402.96
5367.57
5344.59
5298.68
5233.85
5186.19
5152.82
5110.16
5059.71
5014.02
4972.37
4919.92
4858.28
4811.63
4777.87
4733.71
4680.56
4631.31
4585.46
4550.34
4524.66
4486.28
4436.63
4402.59
4382.51
4357.18
4327.11
4296.72
4266.05
4240.08
4218.4
4203.74
4195.54
4179.12
4155.04
4144.48
4146.58
4146.93
4145.63
4132.71
4108.73
4104.6
4119.48
4125.68
4123.48
4112.53
4093.05
4084.36
4086.26
4080.62
4067.53
4041.89
4003.73
3981.71
3975.91
3944.71
3887.76
3846.15
3820.17
3782.87
3733.92
3691.59
3656.12
3614.89
3567.64
3530.21
3503.14
3464.44
3413.39
3370.93
3337.66
3305.45
3274.38
3234.79
3185.94
3145.72
3114.95
3084.65
3054.88
3028.51
3005.94
2974.79
2934.03
2881.83
2816.69
2751.32
2685.68
2626.37
2574.32
2498.24
2394.34
2313.82
2260.58
2192.96
2108.44
2030.96
1961.83
1890.56
1816.73
1746.98
1682.15
1629.36
1591.2
1536.81
1462.59
1412.11
1390.94
1358.93
1313.48
1279.06
1258.48
1241.83
1230.14
1218.19
1205.9
1194.32
1183.63
1173.37
1163.68
1156.51
1152.61
1153.38
1160.27
1170.69
1185.77
1209.59
1245.05
1276.09
1301.16
1327.59
1355.87
1412.96
1509.46
1597.44
1673.67
1772.42
1902.5
2047.88
2214.72
2382.01
2549.94
2749.86
2995.32
3259.53
3550.64
3852.86
4171.15
4486.55
4797.75
5142.38
5536.19
5918.26
6282.9
6659.35
7053.47
7452.56
7859.16
8240.03
8581.8
8938.28
9317.31
9679.26
10014.8
10352.7
10694
11001.7
11256.4
11535.9
11854.4
12155
12427
12704.6
12991.1
13293.3
13621.1
13921.2
14176.1
14481.4
14870.2
15256.1
15637.6
16012.7
16377.2
16745.4
17119.6
17511.3
17932.9
18331.5
18690.4
19092
19567.4
19999.9
20357.4
20732.3
21138
21536.3
21921.4
22306.4
22691
23095.6
23536.3
23930.9
24241
24576.6
24959.4
25329.9
25677.9
26039.9
26428.2
26781.4
27068.4
27367.6
27690.3
28001.3
28290
28575.1
28852.9
29130.9
29409.3
29670.1
29896.1
30111.1
30304
30479.7
30621
30759.4
30892.1
31020.4
31139.9
31225.2
31240.1
31281
31376.1
31451.9
31486.8
31502.5
31477.2
31452.4
31428.8
31424.8
31463.4
31486.1
31474.3
31440.6
31358.8
31271.4
31171.6
31076.2
30990.5
30881.4
30719.1
30551.2
30370.8
30178
29957
29732.8
29501.5
29280.2
29082.2
28904.4
28774.4
28665.2
28605.4
28528.4
28409.9
28327.1
28331.5
28331.2
28319.4
28326.1
28378.6
28474.9
28680.8
28849.4
28923.5
29037.8
29254.5
29460.9
29640.2
29838.8
30087.8
30342.5
30612.2
30869.5
31093.8
31329.5
31595.7
31886.6
32244.5
32566.3
32789.4
33029.8
33318.3
33588.6
33808
33994.7
34089.4
34206.7
34388.9
34551.7
34658.6
34769.4
34891.5
34998.8
35062.9
35101.8
35065.9
35029.1
34989.5
34940.9
34864.5
34794.4
34743.1
34685.9
34610.1
34526.2
34417.2
34304
34177.7
34039.9
33865.9
33683
33471.3
33272.5
33115.9
32966.8
32842.9
32717.4
32586.2
32469.4
32400.9
32319.2
32192.1
32065.1
31938
31810.9
31683.5
31571.9
31515.9
31469.8
31458.9
31419.4
31276.5
31160.9
31145.4
31117.2
31042.2
30957.2
30835.1
30738.7
30740
30726
30653.5
30580.9
30507.9
30439.2
30387.1
30330
30253.4
30176.3
30097.4
30022.2
29962.2
29893
29785.7
29684.5
29609.4
29521.8
29381.8
29258.7
29208.4
29149.1
29050.1
28945.9
28819.3
28681.3
28493.3
28320.8
28218.4
28096.1
27882.6
27673.8
27486.9
27295.7
27084.1
26877.5
26694.5
26500.8
26254.5
26018
25829.5
25630
25376.1
25142.9
25014.4
24872.7
24663.4
24459.1
24280.1
24105.6
23954.1
23785.7
23526.2
23283.6
23132.5
22980
22820.4
22662.6
22515
22365.8
22207.5
22056.9
21951
21835.6
21664.8
21507.3
21429
21339.2
21180.1
21024.8
20892
20764.2
20667.4
20570.4
20472
20371.6
20258.7
20143.7
20014.4
19898
19867.8
19834.9
19784.7
19734.8
19687.1
19635.8
19558.3
19491.8
19503.1
19512
19503.9
19489.6
19429.2
19384.6
19460.2
19525.7
19512.4
19499.2
19487
19471.6
19429.9
19396.8
19434.1
19464.2
19434.7
19409.4
19421.3
19425.2
19359.2
19302.3
19327.4
19353.4
19388.2
19414.8
19365.2
19323.7
19358.4
19391.1
19404.8
19416.2
19404.8
19397.5
19432.6
19457.1
19371.8
19289.1
19234.7
19181.7
19144.3
19102.1
19005.3
18907.8
18802.1
18694
18556.6
18420.2
18295.8
18168.4
18003.3
17840.9
17714.6
17586
17427.9
17274.6
17185.7
17094.3
16968.9
16842.9
16709.7
16578.2
16472.2
16365.3
16243.5
16119.9
15966
15814.2
15695.5
15576.3
15448.4
15321.3
15207.1
15092.3
14966.6
14841.5
14726.7
14610
14454.1
14299.4
14172.6
14044.5
13886.5
13727.3
13542.1
13358.5
13216.2
13072.6
12895.5
12719
12555.4
12391.1
12201.6
12013.1
11853
11691.9
11498.7
11306.2
11141
10975.2
10787.5
10599.7
10410.8
10223.1
10091.9
9960.89
9837.32
9713.13
9553.29
9394.06
9276.18
9157.87
9007.02
8856.2
8708.25
8560.17
8399.03
8237.43
8009.55
7781.81
7580.1
7378.21
7113.87
6849.48
6529.09
6208.7
