673.602263
704.628902
731.155938
746.873865
783.661085
834.753156
855.047441
905.022677
940.876716
997.087182
1057.144868
1109.865902
1171.216211
1242.027006
1305.709331
1368.357333
1451.104947
1542.549763
1621.678985
1694.408820
1785.625766
1860.000226
1939.129563
2027.909716
2113.581130
2180.326229
2248.339921
2321.838532
2382.381286
2465.308652
2572.128440
2662.713183
2748.951842
2836.863729
2963.118929
3061.210526
3128.605424
3232.887237
3316.004444
3416.412143
3497.870094
3582.036504
3698.275714
3790.554887
3852.148759
3893.188493
3939.848496
4000.197646
4043.596842
4087.272015
4154.074436
4235.313571
4344.747062
4438.284887
4601.662298
4734.956880
4868.403992
5034.332256
5202.862368
5393.069831
5577.649361
5764.058814
5970.987387
6157.838722
6325.196316
6548.000056
6775.003271
6953.918120
7181.813089
7401.925545
7605.762373
7833.948872
8004.908023
8179.000395
8325.721015
8486.915075
8659.606635
8779.190734
8936.493008
9103.845226
9259.368192
9482.579737
9657.321316
9862.625677
10080.736648
10289.808271
10547.133008
10790.784436
11017.049925
11244.913008
11470.064173
11677.338644
11844.849398
12039.351092
12230.572350
12337.140489
12439.030377
12567.680921
12619.526786
12700.674135
12733.688927
12727.679286
12732.094173
12726.495564
12700.093929
12674.339379
12662.408120
12703.612256
12698.706429
12764.436949
12842.931955
12867.201203
12903.078289
13019.497368
13171.819398
13293.430207
13460.482900
13666.604850
13870.592712
14088.945263
14382.998496
14696.745631
15030.647970
15390.494680
15692.342744
16048.988267
16377.621466
16625.523233
16850.850000
16996.588289
17008.810904
17057.962556
17204.837175
17294.100150
17391.254444
17505.348195
17526.118308
17694.428136
17798.333346
17963.507669
18077.985451
18187.753390
18292.386241
18358.497932
18470.795989
18582.936579
18655.812542
18757.148346
18851.511695
19033.255038
19136.366692
19277.198722
19364.603120
19516.269605
19533.042801
19625.038421
19652.949699
19733.749266
19794.806128
19848.770188
19944.220998
20063.302105
20195.270245
20330.357143
20414.857331
20456.524286
20510.972857
20586.983872
20639.098102
20741.176704
20776.649173
20820.269643
20789.819925
20798.941055
20870.715338
20906.400865
20845.057119
20812.766316
20839.020452
20889.128158
20993.591729
21145.323120
21399.338346
21539.923534
21740.117669
21933.299322
22170.606992
22438.603383
22746.068083
23011.975883
23325.529511
23689.843609
24100.942105
24477.274737
24844.834350
25234.953459
25585.592199
25900.893797
26195.826648
26453.257895
26745.870564
26865.499548
27025.471429
27109.706780
27224.934211
27286.330075
27305.510923
27340.191165
27238.194737
27142.742105
27149.557439
27173.187406
27172.581203
27177.702256
27218.562218
27326.703008
27355.340602
27340.815443
27443.190414
27579.759322
27735.700000
27823.911842
27917.944068
28094.171805
28145.376316
28283.550000
28464.716384
28459.626316
28355.742857
28301.889286
28175.995865
27961.223729
27756.914098
27453.110169
27155.542857
26692.730942
26220.216992
25742.501429
25245.874444
24823.940075
24376.217895
23812.651053
23307.505085
22867.881410
22438.335789
21992.064652
21566.167406
21290.834143
21026.538647
20817.684444
20700.112030
20583.377519
20557.360338
20533.022914
20578.372881
20660.862857
20742.588158
20787.910263
20845.473371
20884.428571
20932.489981
20977.207966
21004.808421
21090.212957
21154.544398
21193.615631
21317.030150
21414.290338
21599.583102
21725.790977
21719.368588
21807.626165
21937.009021
22030.365526
21990.097194
21918.029041
21895.905263
21892.521504
21851.674267
21793.155593
21728.522744
21548.547350
21497.427086
21415.632180
21295.817143
21145.840207
21063.979454
20871.181429
20695.612989
20489.288816
20288.110000
20018.287293
19704.012650
19433.304501
19216.467669
18992.761864
18802.689568
18767.586090
18699.055876
18687.195883
18722.327500
18774.597632
18921.633917
19132.015846
19375.683910
19660.768421
19896.333947
20162.993233
20497.919135
20797.201638
21084.180357
21393.729849
21651.225338
21910.494060
22223.174331
22343.634887
22488.579624
22530.163064
22600.227627
22705.782857
22619.316165
22546.587500
22523.051053
22401.970169
22259.417801
22086.472957
21886.787895
21735.263898
21611.813045
21420.329323
21175.638832
21038.414023
20930.452575
20745.167143
20636.570923
20495.109248
20321.761165
20171.794474
20138.785000
20052.653465
19957.046617
19877.661017
19872.691447
19822.260452
19677.765263
19584.497538
19510.810847
19472.196842
19454.164614
19238.641786
19116.405499
19086.650263
18917.138230
18761.635263
18680.168421
18549.182712
18316.045376
18103.957514
17957.789323
17763.907382
17531.157632
17308.791880
17017.343534
16744.444962
16630.197740
16279.581090
16063.890282
15756.882312
15552.153578
15321.032632
15112.636579
14903.631601
14701.562256
14515.689153
14306.902049
14096.619661
13941.583308
13781.623045
13624.926974
13546.510977
13329.161883
13155.835564
12978.851880
12859.574436
12789.173390
12673.594868
12571.909211
12522.035687
12429.945677
12311.214068
12281.271880
12316.754953
12336.632462
12338.869586
12323.470639
12304.164605
12344.545518
12337.901053
12294.688872
12293.821789
12268.498195
12292.714737
12227.255658
12297.453559
12297.589398
12254.182820
12292.545771
12354.706654
12306.779286
12242.127425
12198.030245
12093.827143
11989.253051
11834.973083
11711.244286
11563.162750
11407.933102
11198.402763
11065.293158
10972.061921
10759.248571
10591.261391
10481.252820
10363.776861
10211.245782
10076.784436
9944.623578
9772.996372
9619.598569
9492.707481
9319.130639
9128.256441
8997.395940
8803.628421
8671.221711
8441.639190
8222.300489
8030.329305
7834.783515
7619.927218
7416.198701
7184.288271
6975.702825
6789.252030
6570.780885
6390.666109
6194.103459
6026.524011
5845.128553
5699.961073
