95.217011
94.484818
96.966468
98.745771
106.077424
105.713133
104.077898
102.387820
100.696913
105.505534
109.767996
116.331505
124.373291
126.569034
127.655602
132.637576
131.499500
132.347895
146.819278
153.061120
152.193168
154.748677
161.463578
163.215397
174.427831
170.776718
175.339996
181.290370
183.426361
187.384379
194.528449
198.782708
199.972105
206.887661
209.243684
216.659496
223.999429
224.990201
234.672023
251.355357
250.266137
259.943058
261.204143
262.944030
264.782459
271.274872
277.299008
282.399482
296.548013
301.045718
299.300120
311.308350
330.041271
358.058699
371.534522
395.268598
418.236034
438.955511
465.808821
505.370352
549.435350
587.125288
645.101904
714.205805
766.929684
835.814721
923.496929
1023.043199
1119.819812
1232.427801
1346.562203
1475.697143
1595.366667
1720.018252
1873.830075
2034.443534
2207.295602
2374.097006
2561.199323
2774.760959
2978.534124
3157.395000
3339.549098
3576.412143
3798.352881
4019.913985
4228.414887
4424.630959
4622.250226
4828.018383
4975.226184
5151.026102
5292.069173
5401.659623
5506.742387
5622.536391
5718.340791
5771.950658
5835.928571
5911.616992
5947.749266
5956.866429
5984.596504
6019.757744
6020.242857
6047.360452
5983.768421
6002.753684
6052.836316
6041.109153
6029.988459
6046.270808
6048.220132
6010.261579
5974.164286
5992.681598
5986.903503
5988.273233
6002.090847
6004.104117
6007.833910
6019.169040
6055.369981
6060.907857
6054.247744
6018.735876
5964.121335
5895.999398
5814.623158
5736.099342
5637.280565
5505.893346
5425.065480
5344.630338
5298.495254
5226.140301
5176.342632
5145.209718
5104.990902
5070.710150
5059.352519
5045.699360
5006.790752
4986.682556
4976.316196
4961.700789
4962.468644
4970.494624
4971.968305
4986.344135
5005.474323
4972.662763
4930.737519
4866.489699
4845.334492
4780.845489
4730.784586
4662.505311
4574.580207
4507.394398
4431.677307
4340.481974
4269.454501
4205.694286
4134.272180
4095.994568
4034.672857
3973.547331
3934.192368
3892.500716
3831.229850
3819.823665
3803.683214
3784.744463
3754.533233
3732.577876
3727.950508
3715.013684
3722.164953
3751.985940
3749.080489
3728.521278
3695.434568
3668.521880
3630.756466
3595.838023
3529.846635
3468.432744
3418.404023
3356.751466
3267.453665
3216.545263
3156.103684
3076.045921
3028.804802
3006.340376
2965.431936
2906.995526
2838.385612
2785.989098
2713.559380
2648.807646
2549.261391
2424.142881
2333.953684
2211.068496
2069.874237
1942.610320
1817.304868
1739.567368
1674.580395
1606.256053
1547.953233
1482.288647
1426.520056
1372.025207
1348.719286
1334.782674
1312.813177
1308.688738
1322.912406
1340.422519
1377.482712
1418.123383
1484.592105
1569.102500
1685.764426
1840.791429
2035.455714
2287.164793
2602.219248
2962.463559
3357.892068
3830.664237
4334.079925
4846.555273
5383.367500
5961.373308
6510.418362
7047.482989
7564.692895
8034.559474
8529.066441
8975.175677
9367.703421
9774.033672
10164.203383
10553.232392
10992.169173
11461.833333
11951.644549
12483.976316
12945.627820
13532.268609
14185.510358
14737.298496
15264.777632
15792.892105
16318.834652
16835.825188
17377.947932
17959.269492
18529.354887
19091.595292
19684.214850
20167.203578
20691.131955
21245.505075
21660.190977
22073.972932
22401.496610
22732.957143
23116.021469
23500.457895
23775.848023
23951.444737
24127.604511
24250.336842
24301.138534
24385.384181
24469.263910
24517.690977
24484.947932
24433.055639
24505.185714
24345.887782
24259.764218
24031.328571
23843.354323
23626.140789
23279.300000
22915.806767
22578.225376
22291.978343
22100.386842
21933.493597
21772.821429
21779.766165
21841.266667
21949.680075
22062.508459
22303.651880
22579.738230
22881.022744
23268.029323
23579.326316
23950.035526
24323.841541
24748.808647
25282.738418
25755.636278
26082.999058
26442.637594
26834.411466
27021.061959
27250.607519
27408.547368
27592.242105
27594.898305
27554.690977
27501.312406
27420.215789
27284.473684
27145.432392
26896.710526
26709.844633
26552.462406
26360.879661
26144.590226
25896.613158
25817.260829
25632.480263
25491.191353
25237.472180
25187.655744
25048.046805
24917.299248
24745.492105
24720.435526
24696.001130
24602.866917
24501.035593
24427.255075
24336.678154
24170.050000
24020.030639
23996.549153
23893.898496
23691.358945
23618.646429
23513.663277
23408.042857
23296.205273
23227.951316
23015.994737
22795.112994
22679.890414
22462.735028
22145.386466
21893.703578
21665.757143
21355.973684
20997.872932
20630.837218
20303.183616
19993.669173
19742.701695
19433.635902
19230.607910
18890.957895
18661.444737
18454.127495
18251.767669
18022.679661
17785.079135
17571.750847
17402.612782
17220.527068
17010.171429
16856.039850
16684.527119
16542.333647
16350.196992
16221.096992
16041.270621
15921.380263
15850.634211
15768.178531
15703.126692
15705.163465
15695.864662
15690.414501
15745.737782
15772.286842
15753.587218
15764.909586
15717.573446
15708.521053
15697.448308
15673.882863
15652.431579
15555.523684
15584.459211
15704.879661
15783.278195
15730.305263
15679.492857
15674.946241
15613.264286
15477.350000
15349.620527
15239.142857
15074.868362
14869.372744
14741.135714
14552.237476
14299.432895
14155.115789
13978.015789
13773.258569
13569.100376
13411.701128
13225.784962
13061.881767
12916.619962
12746.884211
12570.660264
12393.870113
12174.400188
11938.644737
11746.621805
11471.855932
11210.721053
11022.163158
10690.513158
10406.225800
10113.557519
9797.989906
9555.355545
9286.716391
9016.873277
8772.392613
8546.683955
8327.977218
8094.124953
7850.151541
7621.553233
7432.338569
7219.425019
7046.002429
