106.279895
106.501648
102.410523
101.675729
102.315119
109.425707
104.620051
104.540872
110.881488
111.342611
110.400000
108.339437
108.816244
114.566881
120.978263
121.411650
118.557434
123.355105
121.343429
128.415750
131.167015
137.057429
140.230115
134.889714
138.585644
144.922940
144.589244
144.805273
147.026361
149.899746
155.022759
159.445778
161.155632
163.417831
163.807258
173.301654
178.725158
180.485434
179.064098
188.934714
187.338075
194.384724
198.598286
207.665737
207.754130
207.552776
212.622992
217.811164
222.113211
219.813729
232.477489
241.139109
250.182876
264.642259
271.659859
289.496656
311.800143
332.555511
353.692987
372.948386
399.119083
436.069475
479.423885
522.012165
569.933053
635.288034
707.476658
783.850756
855.190719
935.670474
1025.781186
1141.669774
1253.847006
1355.181485
1486.714474
1636.836917
1773.005827
1928.865612
2109.557519
2290.348797
2455.090113
2625.292105
2842.035188
3044.185489
3213.674011
3424.526015
3628.380132
3795.204248
3995.829211
4210.362744
4351.780714
4528.863729
4670.063158
4775.162768
4923.378195
5042.435263
5110.517043
5203.968289
5258.259643
5275.384361
5343.259096
5388.881786
5420.814361
5450.633045
5450.187857
5483.273729
5509.024812
5488.160376
5474.046165
5445.842542
5467.605714
5479.070789
5492.198421
5529.772105
5517.021805
5515.497199
5511.138964
5516.320977
5474.581186
5501.593045
5532.788045
5512.174520
5523.660620
5522.518045
5502.008609
5484.899925
5450.451955
5378.253383
5293.025789
5218.662763
5137.393371
5045.140526
4970.824878
4881.589511
4800.061036
4737.017744
4690.738590
4673.581638
4655.948872
4617.413346
4589.046523
4530.577891
4524.224962
4533.439511
4505.400339
4494.509474
4484.743729
4438.602538
4452.711864
4449.084361
4444.229079
4455.352049
4440.374962
4434.506158
4380.214060
4309.085789
4286.479023
4226.987062
4163.467274
4117.604211
4041.947326
3946.237105
3880.502768
3819.884286
3726.402444
3654.121861
3604.947857
3565.117368
3523.677801
3450.299736
3431.439173
3398.810338
3378.231410
3322.990546
3304.475414
3295.715320
3274.397458
3261.303158
3260.800000
3257.683158
3253.211504
3247.565639
3224.050808
3206.187838
3159.787669
3108.956893
3069.308120
3006.474173
2917.620451
2866.579944
2795.226429
2731.583308
2646.752632
2578.893158
2527.108983
2471.308308
2427.103571
2378.977425
2325.418305
2286.729023
2233.868083
2143.775424
2059.129248
1960.896102
1855.062049
1737.561429
1623.419793
1516.642256
1417.336184
1328.601579
1245.865970
1176.948064
1115.412481
1050.554135
1006.295265
970.609539
940.527669
920.452371
913.484389
903.121512
892.041068
898.413023
921.565384
958.800256
1007.301447
1068.445000
1163.140113
1297.200376
1467.808571
1680.264323
1932.199699
2231.431864
2621.938421
3050.416271
3532.369774
4042.756855
4618.187462
5174.140150
5764.937495
6343.759117
6901.148289
7449.845789
8009.065480
8524.449361
8981.138609
9439.430132
9892.058759
10300.844633
10755.676692
11236.288889
11757.250940
12255.007895
12818.254511
13424.783083
13979.446893
14598.652632
15181.896805
15774.931579
16355.072693
16982.232331
17611.521429
18215.169492
18824.602256
19390.301318
19952.383271
20491.851789
21053.651504
21598.641541
22060.671992
22543.488722
23048.992655
23516.216917
23832.366102
24219.439474
24568.909228
24831.809398
25012.105263
25179.183459
25318.632895
25380.345198
25456.657143
25422.888346
25406.383271
25425.302256
25376.300000
25359.709774
25328.895104
25184.035714
24984.655263
24710.089474
24487.200000
24196.312782
23802.764662
23500.172316
23282.537594
23073.553484
22949.327256
22827.556391
22797.212994
22895.151880
22960.810526
23091.767669
23380.753672
23691.585338
24009.329323
24357.289474
24755.818421
25132.579511
25532.398120
25972.096045
26376.832519
26771.418644
27142.381955
27357.900940
27609.347834
27935.986466
28006.852632
28159.164098
28282.503390
28296.900752
28276.217105
28077.831579
28034.068421
27847.877589
27688.695113
27575.531450
27380.556391
27145.367797
26905.980075
26657.372932
26453.461205
26277.799812
26078.104699
25880.287970
25767.329190
25550.502068
25391.504887
25312.578947
25207.778947
25104.996610
24965.075188
24855.552919
24798.746617
24688.646704
24569.706015
24531.890414
24446.500000
24322.723308
24261.567608
24125.178571
23996.246516
23880.708647
23669.669115
23580.861842
23436.373684
23212.478531
22999.689098
22810.373446
22624.871429
22344.409793
22000.060526
21716.955639
21451.954135
21098.113722
20671.310169
20404.232707
20115.239548
19826.025376
19506.587382
19281.947368
19010.400000
18733.653861
18482.930075
18267.001695
18035.860150
17838.747458
17627.436842
17408.671992
17257.178759
17082.646241
16929.015443
16706.145489
16515.633083
16370.612030
16266.467232
16168.923684
16001.865789
15908.532957
15887.234023
15818.702637
15790.545865
15765.525424
15755.543797
15748.691729
15745.210150
15817.233647
15833.751224
15806.056391
15753.743045
15764.370056
15731.890977
15657.344737
15706.746053
15785.259322
15791.108271
15787.103947
15808.758835
15795.410150
15770.021429
15745.957707
15667.550471
15557.800000
15442.248023
15206.213346
14977.357143
14807.253861
14596.341729
14383.853947
14207.873684
13991.378719
13770.218045
13594.480075
13392.135714
13220.498496
13079.929755
12916.918045
12740.380038
12557.485150
12352.004896
12141.438722
11895.781391
11712.152542
11454.857143
11235.200000
10929.032895
10673.530508
10411.109398
10186.672744
9921.418816
9646.090000
9376.594859
9107.665038
8835.306215
8579.091654
8344.341111
8113.414737
7915.907970
7691.991996
7478.452726
7307.017910
