122.103316
130.266895
129.544423
126.690244
127.105915
130.260566
129.585356
142.264805
141.021599
143.046836
147.653105
154.280320
160.905645
164.693695
166.842120
168.924480
172.314803
179.447711
190.413481
191.620462
208.302149
213.809331
210.190868
222.325744
224.595712
237.318643
236.782712
238.360165
239.942158
243.136388
248.972498
254.773680
266.671553
270.855458
284.185498
288.998985
298.641723
305.449376
310.426768
319.270214
319.383996
324.371374
331.592857
337.223466
349.654991
355.304659
353.862579
357.265574
363.175724
372.746520
377.724165
390.371673
404.790254
412.972338
434.760823
446.108919
468.799618
495.407203
515.923306
550.061056
575.759541
599.900525
630.640075
663.428729
705.806368
756.958369
803.190927
851.610398
912.670964
969.343489
1061.584633
1119.871353
1177.444463
1257.925150
1335.857594
1412.656992
1499.746485
1588.788588
1692.807820
1795.051955
1885.136271
1996.221842
2113.946955
2232.673459
2371.537062
2488.571203
2614.292256
2699.252594
2833.727970
2950.925489
3035.003158
3166.135254
3261.632180
3321.074256
3406.049586
3486.698271
3537.266290
3588.802500
3633.784643
3675.748722
3717.035819
3733.818571
3736.959060
3768.203647
3767.445714
3745.429247
3769.586391
3783.096241
3781.717068
3786.211977
3786.578684
3795.226541
3806.371579
3817.337368
3838.565263
3829.358026
3818.746629
3854.066353
3850.703051
3854.322143
3867.524436
3895.730753
3917.912744
3897.124774
3905.883609
3897.881186
3900.186955
3893.236241
3861.891579
3827.048026
3785.542768
3720.356992
3660.046460
3645.074323
3595.832222
3585.510150
3541.084793
3524.283333
3529.334474
3502.522669
3484.638553
3489.734444
3469.425940
3453.912820
3461.845217
3461.832895
3446.862542
3445.606560
3461.958983
3467.765940
3451.321147
3443.499568
3481.980451
3471.063427
3461.823365
3442.076767
3393.471504
3363.922260
3353.028346
3322.991278
3276.791205
3253.982368
3241.906347
3207.795714
3158.386654
3103.013947
3101.017143
3073.712218
3032.805545
2987.008738
2992.717519
2965.658289
2963.690583
2949.292599
2930.129286
2920.728985
2914.148475
2904.287895
2894.974369
2889.740564
2893.700940
2903.216729
2883.328985
2855.969868
2851.652256
2822.440282
2802.447801
2811.323383
2774.093985
2769.384793
2753.776523
2714.385564
2689.754737
2685.752368
2687.263164
2675.555113
2661.167556
2660.230752
2639.862674
2634.921805
2604.988929
2555.421846
2523.124361
2495.346610
2426.699944
2375.955188
2338.127834
2266.239793
2207.426842
2155.777105
2088.730264
2037.961372
2007.450977
1976.149098
1963.644060
1931.810752
1918.622744
1918.494878
1917.429004
1929.951638
1935.084962
1946.520357
2007.007458
2036.353459
2077.181316
2151.447500
2230.435593
2346.512632
2484.406071
2611.011165
2760.624098
2914.653898
3141.790508
3374.737288
3619.294511
3879.849529
4136.894511
4401.140639
4695.983051
5001.282876
5323.589079
5588.597895
5848.845254
6123.451391
6399.143459
6666.194331
6928.378327
7225.797985
7525.037895
7817.875556
8090.919492
8462.375075
8806.196767
9178.480865
9577.110019
10025.283459
10491.959398
10893.746053
11331.259322
11764.960902
12197.020301
12668.515254
13103.919549
13476.351977
13883.638346
14304.672316
14760.465789
15128.715977
15544.288534
15942.264662
16300.858757
16636.776692
16972.651977
17216.126316
17448.009981
17639.016353
17826.925564
17980.233083
18060.655075
18138.144633
18194.736090
18225.645677
18247.320677
18253.685714
18251.000000
18259.266353
18243.768550
18114.185714
17948.175752
17804.825000
17657.100000
17473.348120
17295.819737
17090.696798
16877.271805
16748.531827
16664.934586
16571.938346
16559.091525
16534.154511
16596.010338
16729.882707
16831.992467
16972.259774
17209.939098
17420.189474
17672.448684
17942.635714
18224.613158
18502.198305
18782.577068
19054.322787
19288.057143
19532.680075
19777.407533
19960.618797
20046.235714
20046.907331
20224.532203
20211.288722
20132.286654
20084.960526
20069.415789
19991.666667
19826.501880
19666.262712
19537.700000
19417.669492
19266.496053
19057.604135
18875.199435
18748.384398
18668.688722
18451.996241
18315.897928
18194.238722
18088.532331
18074.436842
17982.452632
17870.540678
17785.836090
17698.929944
17649.645301
17592.620904
17482.903383
17396.731015
17355.757627
17320.462406
17264.840866
17160.132143
16996.192279
16953.141729
16894.865160
16751.953947
16609.321053
16482.550282
16313.791165
16134.904331
16001.305263
15821.139925
15614.919737
15417.991729
15163.633835
14979.220489
14797.305650
14480.239098
14224.528249
14040.785526
13868.712994
13662.752632
13473.257895
13229.308098
13016.239474
12886.386441
12757.170301
12598.783051
12428.111278
12296.631015
12202.237594
12056.675940
11914.067608
11715.638722
11603.863158
11484.084211
11383.244633
11321.338158
11286.015789
11188.041243
11105.634211
11027.148399
11012.662406
11020.673258
11013.154135
11003.389098
11005.109774
11012.691165
11010.098682
11058.911278
10966.148308
10944.618832
10962.639474
10965.802632
10987.753947
10930.784746
10936.718045
10965.170113
10988.655075
10964.492481
10917.228571
10914.589098
10891.414878
10793.728571
10717.131073
10607.726880
10433.278571
10291.147834
10127.194173
10037.777632
9870.586842
9746.820960
9609.740113
9500.290188
9338.888534
9221.393271
9103.890151
8974.174511
8869.967571
8749.955188
8589.004143
8433.501466
8327.370414
8192.307288
7973.751278
7822.236842
7662.562500
7476.707985
7293.282368
7101.054492
6927.667425
6769.679323
6591.856441
6406.514079
6216.109774
6030.635564
5864.427439
5681.717368
5501.181654
5363.800169
5187.528553
5042.778927
