114.683211
108.997640
119.532979
120.210000
122.007458
125.440891
119.713593
121.580797
123.992134
130.170662
132.637835
139.558100
144.829203
142.064085
146.526940
158.732299
161.666921
168.941289
181.233947
188.139028
197.799791
205.968008
211.509849
215.952199
222.238181
227.194617
232.279600
241.623688
245.768519
248.398733
262.408534
273.454548
272.478211
283.631576
290.099265
302.147729
311.058561
323.164500
328.558478
333.235571
349.577851
356.268055
365.988000
374.511481
373.714669
372.927748
381.888729
393.002529
402.391303
417.028390
425.693880
438.549733
470.936435
486.544707
509.585420
544.460195
560.036151
605.257429
651.901474
692.169940
736.023643
790.262441
850.116900
919.124699
1003.057947
1088.233766
1174.661278
1281.937068
1397.927439
1505.845996
1633.520339
1783.472481
1897.766554
2062.770771
2247.932782
2393.489023
2555.334154
2734.104557
2918.169925
3140.043966
3373.989718
3565.762368
3762.902744
3982.680583
4212.905857
4424.944361
4648.301485
4864.091729
5091.176090
5298.289248
5488.685338
5621.495254
5771.013684
5910.241431
6026.964737
6130.131015
6229.532580
6325.343158
6389.874643
6437.539549
6495.692034
6544.160357
6563.365226
6557.993797
6582.000000
6543.745461
6509.527218
6491.415714
6506.622331
6539.108475
6565.755602
6585.952801
6599.618158
6587.971579
6573.691429
6603.015282
6598.335424
6566.164474
6604.601864
6664.065846
6665.575338
6720.205235
6759.885771
6744.465752
6720.290489
6733.503710
6702.316165
6645.095639
6567.583158
6458.315263
6350.516158
6238.320977
6140.997947
6118.160470
6074.618154
6034.607293
6006.113872
5940.856215
5894.996241
5858.524455
5859.243496
5825.027232
5789.559173
5767.357688
5772.421525
5770.598947
5760.112373
5792.274173
5817.918136
5810.407143
5793.580132
5770.072951
5753.256391
5742.599623
5692.777086
5627.741278
5542.566090
5473.784407
5405.045244
5329.954511
5251.019642
5190.716447
5145.692109
5085.271429
5018.730508
4968.562312
4919.944286
4877.018008
4814.810827
4800.660207
4765.341429
4734.477876
4654.749793
4661.817834
4627.842218
4632.634962
4625.166271
4630.330000
4646.555217
4629.271109
4619.163120
4615.755226
4606.392801
4575.292895
4552.800376
4512.999548
4509.249305
4408.621466
4340.047293
4310.452068
4287.647162
4262.977143
4181.325263
4114.807368
4075.150847
4029.736842
4000.289944
3981.550244
3959.491224
3925.642256
3865.529699
3802.692881
3691.809549
3588.897458
3465.968158
3329.822406
3222.060113
3100.968947
2963.072500
2849.250000
2744.543522
2656.543966
2581.344361
2490.382481
2418.372030
2352.390620
2334.437519
2332.955348
2297.550414
2291.119341
2296.841353
2314.153327
2356.447288
2408.938910
2505.916842
2611.157500
2748.151394
2944.565414
3195.988929
3474.079361
3781.145150
4186.020508
4614.131541
5070.032034
5602.953835
6124.159492
6696.335695
7269.494887
7790.447156
8290.854305
8749.000658
9189.254737
9625.676836
10045.661128
10434.270677
10804.223540
11174.405827
11537.245198
11919.993233
12349.277778
12799.443045
13254.212406
13811.395865
14386.629699
15009.727119
15597.574436
16140.432331
16654.109211
17115.630320
17613.826316
18164.357895
18682.693220
19191.317293
19787.315819
20407.120301
20895.018456
21348.169925
21870.111090
22344.252444
22713.739850
23044.094915
23366.961842
23792.548399
24068.410526
24280.691149
24495.465414
24616.926316
24719.853383
24791.483271
24762.588136
24841.640226
24931.250940
24884.110902
24944.248872
24933.200000
24850.400000
24718.528625
24495.621429
24292.870301
24062.226316
23742.200000
23412.262406
23082.228008
22765.011864
22553.784586
22422.640678
22280.896805
22243.493985
22302.301130
22367.206955
22481.502256
22688.168045
23038.204708
23315.061278
23628.195489
23959.047368
24405.014474
24786.068797
25185.304135
25664.593785
26116.032143
26519.564218
26865.845113
27126.821805
27496.627119
27778.739474
27812.067669
28013.188534
27975.252542
27977.598496
27960.638534
27835.782895
27711.450000
27577.183616
27358.520677
27111.770621
26920.694737
26694.926554
26445.870677
26313.176316
26170.093220
26055.774624
25881.186278
25688.992481
25537.244256
25407.681391
25275.195113
25209.057895
25124.201316
25039.753672
24947.338346
24896.896422
24799.620489
24662.512241
24578.483459
24498.557519
24399.632203
24340.250376
24193.473446
24093.221429
23940.921657
23848.021805
23712.541996
23512.623684
23352.631579
23203.709605
23072.516541
22830.632203
22529.380451
22277.350847
22000.736842
21658.680451
21331.153383
21007.780639
20710.959887
20351.333835
20058.558757
19832.662030
19572.628249
19267.210526
18962.506579
18688.667420
18416.777068
18279.264407
18070.511654
17831.491525
17651.354887
17459.211466
17294.871992
17169.386466
16985.183616
16868.722368
16625.269925
16541.566917
16365.857062
16253.089474
16153.194737
16074.646893
16032.986842
15973.148399
15918.597744
15974.180979
16007.563910
15980.375188
16026.804511
16087.638158
16056.607721
16000.846617
16026.839662
16084.022222
16007.903383
15966.786842
16001.138158
16061.066102
16090.222556
16118.674060
16139.203383
16123.356391
16037.864286
15918.244173
15759.947458
15575.314286
15415.445198
15147.485150
14987.928571
14811.789831
14675.422932
14428.477632
14166.236842
13995.986629
13864.378383
13693.606015
13483.406015
13294.195301
13158.825989
12988.705263
12788.506780
12600.477820
12374.198117
12152.493609
11939.429699
11710.928814
11430.242105
11206.536842
10855.089474
10588.535593
10288.847368
10045.557914
9781.576297
9487.337143
9204.074463
8940.789004
8705.459096
8477.485977
8239.625066
8021.591410
7802.538722
7613.323653
7403.573327
7166.382599
