127.783789
120.167625
126.779340
128.666534
127.338966
134.769632
134.077898
136.624105
144.205105
148.922011
149.396778
151.928232
158.158541
164.724661
170.511887
175.625751
182.530224
193.979447
195.916019
200.638276
205.869548
217.648842
222.131789
228.636579
237.855486
246.928410
248.911953
250.005273
254.484203
266.282977
276.172498
279.561554
287.589605
289.533949
296.356733
309.565895
320.657401
325.961921
336.451433
337.968929
360.029573
361.934801
359.068143
368.195526
375.797645
377.283403
385.674214
396.709315
399.431118
407.217420
416.035105
418.798605
434.447565
455.267677
467.091382
488.498103
499.781847
518.106707
558.950524
592.731669
612.183560
640.021644
678.641128
727.986053
779.530158
820.597927
884.911664
944.929297
996.415704
1068.177688
1127.645989
1204.134511
1269.012599
1351.700470
1450.157857
1541.394398
1611.785996
1701.451657
1817.000677
1937.677932
2054.598870
2176.647368
2312.723045
2442.185733
2581.692486
2693.399624
2848.083872
2960.854041
3096.839474
3241.180677
3361.072444
3456.775085
3537.121053
3635.402260
3697.801786
3762.309474
3853.734576
3909.838947
3951.581429
3992.740451
4019.441977
4065.425000
4050.307782
4072.235150
4063.185000
4084.884407
4097.437293
4078.668797
4080.510996
4076.544181
4076.593647
4083.933158
4088.340395
4101.860000
4109.890226
4091.496598
4098.426478
4081.563947
4105.305932
4101.500376
4116.078421
4171.905970
4181.174624
4178.614850
4168.742594
4169.155537
4157.681410
4111.209925
4065.854211
4034.621316
3981.316855
3919.089662
3885.423390
3837.201504
3762.354162
3728.128496
3708.750639
3707.876893
3713.536278
3731.928421
3697.095038
3673.994539
3664.910000
3660.588985
3627.129605
3599.077632
3617.593729
3646.956842
3658.406441
3642.782256
3677.787519
3644.394774
3618.192669
3637.998663
3613.117274
3587.588872
3559.308421
3515.499831
3484.133365
3451.316241
3424.906629
3375.531316
3327.800000
3311.337143
3276.263402
3259.137613
3224.932857
3195.691654
3168.797256
3138.890716
3118.338947
3115.993271
3101.919154
3092.015574
3085.822744
3057.162162
3026.566610
3030.472632
3035.027119
3029.360207
3036.291090
3019.471165
3019.775620
3007.504286
2978.966767
2971.976610
2958.064455
2939.450451
2928.669474
2899.802387
2885.384380
2870.945188
2860.697368
2830.743289
2798.757910
2794.466654
2790.127068
2787.237049
2816.264369
2772.235489
2744.310282
2701.126648
2662.161391
2604.967627
2542.303910
2487.906165
2425.689736
2388.734643
2325.352632
2275.431053
2227.577156
2173.365752
2140.704060
2111.405038
2080.506842
2076.273214
2055.523195
2059.940584
2056.266090
2053.700508
2084.693609
2129.640132
2175.680734
2217.350000
2267.053158
2329.515000
2397.076629
2514.873008
2656.872143
2786.636335
2954.564135
3126.167288
3336.459812
3571.274068
3795.410977
4048.140716
4344.930846
4650.959474
4934.032260
5214.696165
5493.621711
5804.692632
6106.007684
6394.167312
6663.310977
6928.946102
7219.674812
7490.664068
7779.557444
8100.735556
8424.308459
8781.511165
9139.046391
9530.746485
10025.828550
10434.100752
10900.409398
11363.313158
11778.573823
12240.781579
12679.866541
13092.842373
13553.830075
13981.130132
14386.709586
14811.934840
15327.221805
15767.971241
16069.513722
16360.969173
16770.463277
17085.098872
17402.183051
17684.023684
17929.680603
18091.516729
18245.089474
18363.909023
18447.298308
18542.540113
18528.086090
18557.927820
18652.115602
18643.555639
18606.657143
18576.179135
18546.410923
18429.321429
18310.617293
18175.326316
17951.600000
17727.584211
17457.716917
17205.600753
17034.875564
16889.577213
16789.155639
16772.393233
16806.429944
16741.386090
16814.019549
16975.542105
17146.567608
17364.137218
17607.134586
17861.326316
18142.177632
18402.945865
18679.346617
19000.137853
19286.782331
19504.237288
19747.321053
20013.120301
20163.187194
20385.288346
20562.585714
20549.482519
20698.132203
20645.996992
20594.972180
20557.221053
20406.710526
20314.299247
20252.040414
20121.466478
19945.962406
19749.183051
19553.337406
19418.451504
19308.497363
19132.920865
19032.360150
18841.692481
18682.102448
18542.798120
18454.047368
18362.136842
18255.150000
18212.952731
18194.651880
18129.548964
18066.581767
17991.569492
17883.952632
17829.087218
17813.332203
17708.381203
17597.483616
17548.782143
17386.299623
17340.754887
17203.794162
17075.215789
16984.242105
16806.375706
16658.821429
16511.268550
16354.392857
16149.774200
15922.213722
15722.506767
15490.082707
15245.661842
15016.864972
14789.825940
14601.800565
14325.882707
14130.301695
13938.157895
13722.676316
13553.273823
13421.408647
13219.832203
12991.542105
12811.552542
12694.594737
12587.102632
12465.769925
12351.237970
12164.527872
12073.248120
12005.720301
11864.057895
11739.702260
11689.623684
11596.100000
11523.846328
11464.336090
11449.623729
11446.809023
11432.241808
11409.222180
11422.039098
11453.144361
11425.044173
11390.776271
11392.881955
11404.165414
11359.639360
11302.763158
11316.747368
11374.760526
11401.428814
11398.848120
11381.385526
11417.803195
11425.205639
11388.392857
11319.208835
11243.538795
11180.900000
11080.407345
10983.753759
10823.850000
10671.611488
10512.145301
10406.651316
10215.826316
10039.033145
9879.188477
9773.214173
9665.217857
9522.230320
9373.935424
9270.725789
9166.345104
9008.966147
8855.492599
8721.707481
8559.083271
8419.361864
8287.070000
8079.465789
7868.066053
7721.188437
7466.805038
7306.251222
7103.900113
6912.697820
6743.696328
6543.493346
6347.161751
6173.251504
6003.959228
5863.186898
5694.407293
5542.674011
5415.152895
5264.315819
