84.904463
85.383691
86.890477
86.944682
86.513178
87.848980
88.676303
94.761617
91.187541
89.863167
90.923698
93.243759
95.281874
97.904245
100.905068
99.655220
97.201436
100.476745
105.453079
103.612861
113.771111
115.145038
114.673994
111.663034
110.093492
111.605470
121.535773
124.391771
125.679083
130.137655
132.783878
134.181107
134.108921
135.863119
143.967273
145.471188
143.788315
145.334445
151.782855
153.786000
152.269038
161.236194
165.199429
169.995481
174.306915
178.688902
175.934169
172.205476
182.854461
187.530405
187.166293
196.199656
211.032085
212.663256
229.197544
234.306816
247.527149
267.967075
285.171023
307.131531
334.075808
363.798017
397.167974
434.412165
478.857158
531.550098
579.441767
629.509838
705.754382
781.783508
865.615520
946.034481
1051.599831
1155.782199
1274.855714
1393.342857
1513.168365
1644.334426
1796.536165
1945.764850
2086.584294
2251.560000
2432.488571
2611.354718
2766.371149
2948.835564
3135.034568
3286.380564
3470.365865
3631.894436
3760.562519
3895.444068
4031.050677
4146.398870
4245.863853
4334.245188
4418.641092
4500.120000
4551.120000
4579.222180
4627.582599
4672.917500
4705.373195
4715.377707
4718.845357
4699.447156
4731.495639
4726.944662
4707.134831
4718.641751
4735.647068
4757.482688
4792.924474
4793.635789
4761.965489
4774.604229
4766.473936
4739.791992
4736.720847
4761.655602
4762.363609
4761.286968
4790.178158
4770.389342
4759.272180
4706.938983
4647.115733
4630.940150
4584.865263
4491.314474
4401.133766
4305.503496
4253.061751
4194.300150
4125.031149
4061.290075
4037.997331
3979.189040
3957.635789
3917.680357
3902.655451
3912.963992
3883.711504
3854.786109
3837.236667
3811.957632
3796.602034
3813.020545
3831.305254
3802.016917
3804.556880
3787.491805
3776.464060
3766.689981
3727.941692
3672.179549
3641.059248
3597.346610
3529.732932
3467.678008
3424.592693
3365.484211
3296.334181
3253.565714
3204.115395
3118.861898
3057.855000
3033.336917
2975.428308
2937.223955
2920.524662
2864.210677
2834.396992
2807.908663
2806.677218
2793.177162
2769.655254
2749.347895
2742.048362
2751.967838
2758.979023
2742.772820
2714.821823
2695.396861
2656.082556
2604.477571
2544.418628
2525.256241
2468.235414
2410.856579
2336.497068
2279.705414
2219.611579
2162.486842
2107.729944
2052.463383
2018.198966
1986.412707
1924.459944
1896.471278
1848.621259
1762.840169
1675.209925
1597.607797
1515.527444
1435.667820
1345.842712
1243.025301
1149.905921
1079.616053
1015.782915
953.590555
902.177098
857.671639
813.160175
771.945291
756.820643
745.054755
727.977064
728.287670
723.801203
721.518064
726.810328
761.089850
822.209105
872.284000
939.379023
1048.247895
1189.922500
1363.163722
1580.137331
1850.231186
2170.820940
2543.863898
2976.125564
3426.793597
3914.268289
4437.826842
4973.759567
5497.896429
5976.036579
6472.982105
6977.189096
7440.773816
7849.100451
8249.011846
8662.763590
9045.096328
9460.193534
9915.375556
10356.021053
10808.987594
11301.130827
11860.819925
12404.775330
12939.075940
13481.986654
14005.359211
14567.475141
15118.741729
15630.492481
16169.579661
16730.108271
17243.735970
17773.601128
18349.608663
18824.654887
19241.063346
19739.122932
20117.748872
20532.170056
20957.508459
21317.410169
21648.321053
21937.368738
22121.577632
22324.592481
22548.102256
22710.677820
22791.799435
22764.287970
22793.614098
22799.244173
22845.593985
22755.071429
22694.643797
22658.858569
22544.435714
22391.259586
22216.827632
21981.200000
21722.145113
21391.376692
21125.187571
20932.959398
20712.576648
20583.620301
20547.879699
20546.967797
20540.118233
20663.680075
20759.274812
20998.657062
21284.920677
21522.145113
21885.231579
22261.505263
22639.940977
22994.654135
23396.118644
23784.544925
24123.669303
24456.521805
24708.630639
25000.299812
25126.513534
25296.392857
25326.675376
25401.377966
25388.778195
25294.850188
25216.832895
25189.223684
25094.267232
24930.500376
24762.805650
24586.149624
24392.038983
24190.362030
23979.639850
23779.094539
23589.247368
23450.747180
23228.509774
23064.659699
22957.406391
22843.972556
22816.428947
22747.335526
22591.347834
22459.454135
22384.169868
22325.995301
22248.207910
22153.292857
22063.741165
22010.316949
22009.308271
21861.348588
21772.392857
21710.080791
21458.137594
21366.096987
21196.125000
21060.968421
20878.928249
20689.278571
20514.156497
20290.074060
20007.173446
19770.445489
19534.087218
19220.097744
18985.582143
18615.846328
18345.607519
18148.848023
17814.934398
17588.633710
17340.715789
17091.121053
16901.231262
16699.360526
16451.491525
16191.007519
16013.664407
15868.257143
15676.274812
15465.356955
15277.501504
15188.406215
15039.449812
14816.410526
14684.299248
14615.480791
14494.547368
14415.913158
14378.626930
14290.772180
14225.859322
14215.432331
14167.818079
14182.011842
14232.618797
14225.476692
14265.954135
14295.644821
14263.819549
14226.106203
14195.240301
14141.601880
14200.994737
14221.348684
14221.237288
14245.708271
14285.509398
14285.742293
14259.991353
14235.800000
14171.090977
14081.289077
13982.300000
13818.936723
13692.475000
13562.700000
13400.718079
13170.866541
12982.860526
12761.036842
12639.535028
12467.887218
12286.338722
12103.030827
11935.884774
11778.457815
11623.468421
11478.544821
11332.767857
11160.189831
10962.437218
10760.345865
10539.930508
10332.184962
10151.905263
9875.759342
9640.298814
9415.194474
9205.344474
8938.722650
8717.674962
8496.090621
8217.658835
7977.936102
7758.138008
7496.610960
7315.833214
7162.602556
6952.893710
6785.854248
6584.852260
