58.143753
54.227552
53.980997
55.013718
55.965897
56.905650
56.830946
52.250312
52.737432
50.614420
56.919656
59.830868
59.252952
59.421592
57.085402
56.095705
58.688417
63.706424
62.228501
59.861172
63.368005
63.189781
61.271098
62.794676
64.559617
63.055235
66.006532
68.085334
65.741806
66.856276
70.878388
69.343578
71.017450
78.423807
71.642597
74.746065
79.019860
79.453073
75.538946
75.338829
70.994066
75.897340
77.134814
79.502424
79.330689
81.469394
82.890549
79.878601
83.529361
90.329132
93.507018
92.829258
100.424887
98.111131
100.038535
102.924669
115.309015
121.331737
123.933224
136.948386
148.951992
155.793847
166.256451
178.987474
193.181789
210.606949
220.405895
243.441376
273.527846
293.948077
318.657661
345.088211
379.314328
417.013940
455.026797
495.362102
528.458389
558.543876
605.869910
660.781662
707.260576
752.153763
797.649267
853.405893
903.584605
957.678068
998.855716
1044.628722
1092.904962
1138.225414
1187.214568
1218.881695
1245.005038
1276.469623
1313.621880
1337.274624
1351.858795
1373.307763
1392.756071
1415.759474
1426.458023
1438.272143
1444.537368
1422.880000
1452.436071
1460.760188
1452.700226
1435.072932
1435.024737
1454.003729
1453.536805
1446.652368
1454.611053
1457.254211
1450.783308
1449.302763
1437.845763
1452.144361
1455.108983
1440.879079
1444.122256
1445.864708
1454.020207
1444.015883
1458.006128
1442.018211
1410.469812
1389.507293
1377.444737
1365.860921
1340.253503
1302.327669
1287.029718
1275.544511
1264.231846
1259.783684
1239.336015
1230.273672
1207.917932
1199.767218
1190.792105
1184.033861
1189.415038
1184.738440
1177.200000
1171.440526
1162.474915
1157.301466
1155.151864
1165.551203
1161.690376
1153.044417
1157.226579
1152.912806
1135.600489
1132.960752
1110.719398
1082.151356
1067.673496
1059.124586
1038.810226
1013.185658
1001.038531
997.727286
979.289880
953.368083
949.189143
918.204688
921.474737
908.744371
909.683113
893.291585
892.876477
894.787463
889.203767
882.471438
881.548915
889.006368
883.220866
876.410714
888.388759
879.557011
876.706346
872.504539
857.692932
834.531299
811.013513
799.699094
779.310177
774.003329
751.043797
734.103211
720.270684
706.703500
690.237220
675.986312
665.257588
648.654393
644.203561
640.247534
621.807801
595.189552
564.847718
550.110254
515.516805
490.299376
467.251968
435.976718
413.738526
396.872500
376.034701
355.387216
343.928323
335.480248
320.892220
316.641805
307.927752
304.041893
302.762592
301.095461
302.693917
302.553075
312.442938
321.095444
334.711132
357.658500
392.968947
437.003045
486.785143
546.937758
619.459365
703.862271
808.369812
926.363915
1063.865714
1196.097250
1339.862669
1487.703910
1660.625612
1803.390207
1935.416184
2064.364737
2199.202034
2332.452180
2459.075526
2570.954991
2673.131635
2795.997552
2922.252481
3079.602222
3198.860959
3320.839586
3491.158684
3610.775602
3787.315367
3953.389925
4130.251579
4273.445395
4399.493013
4539.146617
4698.780395
4874.370169
5035.709699
5164.846403
5311.346898
5484.386328
5657.184962
5784.919417
5940.391372
6031.105639
6131.160621
6241.891034
6357.516309
6440.885789
6529.303220
6579.134192
6607.769248
6639.050827
6654.013083
6679.711864
6715.553910
6683.857481
6707.592425
6702.596015
6686.567143
6687.229643
6675.112335
6593.393571
6554.263289
6504.925789
6437.510000
6340.013008
6245.200000
6173.517646
6116.596241
6071.284482
6034.292406
6011.395038
6024.987006
6086.196560
6119.652350
6134.610338
6217.099680
6304.687613
6417.289398
6484.941579
6585.725263
6743.189079
6853.017481
6972.964576
7095.556955
7209.241676
7340.453008
7391.640921
7465.295405
7570.787030
7655.738684
7676.030827
7662.438475
7686.370150
7646.474492
7640.255132
7580.710263
7519.891638
7510.298966
7485.838004
7427.492481
7378.876893
7329.037105
7237.923872
7151.824162
7121.157782
7058.708195
7047.319925
7003.732806
7008.767274
6978.035564
6927.841842
6910.413947
6897.098927
6857.067895
6835.151582
6789.400808
6757.441017
6758.004135
6722.304229
6684.163220
6647.067895
6670.043409
6607.681786
6587.157043
6579.410113
6536.328569
6512.148158
6477.300526
6391.741808
6336.920019
6252.467759
6186.560714
6151.516008
6074.012199
5981.451278
5910.492406
5795.078139
5709.524011
5650.560639
5524.967401
5423.248985
5367.380395
5319.310526
5193.936184
5126.216648
5079.249662
5034.178814
4973.902500
4936.352373
4883.740677
4797.540169
4752.462218
4734.548609
4697.117778
4643.391635
4618.906617
4598.062782
4527.320734
4491.276184
4421.185526
4422.701977
4419.622350
4386.847382
4375.098797
4372.920471
4374.575959
4391.834774
4400.524023
4382.475658
4373.218870
4394.303459
4357.191861
4405.376064
4401.037180
4389.403947
4379.860395
4376.090169
4411.371654
4405.202575
4397.136992
4385.572444
4374.478571
4334.844925
4282.322674
4257.707143
4220.782486
4192.211786
4101.727143
4088.288908
4021.024586
3931.507105
3872.553684
3835.533107
3795.596447
3752.530752
3693.020038
3656.266429
3614.972279
3546.382256
3477.488964
3415.479436
3343.165141
3270.575902
3212.947650
3151.237288
3091.674737
3014.912632
2966.214342
2900.059284
2815.679098
2719.606729
2638.858026
2556.856391
2482.759379
2421.092951
2340.545424
2258.815188
2209.873616
2156.719079
2095.835113
2039.546252
2007.069342
1935.581864
