90.9999
90.9
90.8001
88.8049
86.8069
86.5013
86.2016
82.9211
79.6243
82.8724
86.1692
88.5752
90.9729
85.9626
80.8676
82.9687
85.1665
88.3482
91.545
88.6544
85.6574
85.306
85.0063
83.5331
82.0346
85.2207
88.5175
87.0415
85.4431
87.3441
89.3421
91.8252
94.3228
93.6254
92.8262
89.8048
86.7078
90.1676
93.864
86.6867
79.0941
84.946
91.3397
90.9291
90.2298
84.079
77.6853
78.8316
80.3302
78.3998
76.3018
81.4279
86.9225
85.872
84.4733
87.9971
91.7934
90.2996
88.5014
91.2281
94.2251
84.5222
74.0325
79.9714
86.9646
91.1473
95.1433
89.2299
82.6363
80.8939
79.4953
84.7064
90.4008
85.9692
80.7743
79.1948
77.8961
80.8527
84.1495
82.7384
80.9401
80.9842
81.184
79.9131
78.5145
80.9683
83.7655
84.0915
84.1914
84.2
84.2
85.6582
87.2566
85.6721
83.7739
82.511
81.3122
78.3929
75.296
78.072
81.4687
77.1117
71.9168
73.0193
74.8175
75
75
80.2847
86.1789
80.6331
73.7398
76.2996
79.996
81.1119
81.9111
80.8457
79.547
78.4255
77.3265
82.1502
87.7447
78.8743
68.0849
71.9043
77.6986
81.3855
84.7822
83.2725
81.0746
80.9748
81.1746
77.1006
72.4052
71.1038
70.3046
69.5053
68.7061
73.5381
79.2326
75.6781
70.6829
75.6058
82.0994
85.4093
88.2065
85.4235
81.7271
81.4569
81.7566
78.2107
74.0148
78.0042
83.3989
83.009
81.6104
84.6251
88.4214
82.5646
74.972
75.5741
77.672
78.3371
78.7367
78.8841
78.984
83.8658
89.6601
90.3489
90.0492
87.7454
85.0481
84.1001
83.5007
81.904
80.1057
79.2196
78.5203
83.1149
88.8094
85.4263
80.1314
77.1418
74.6442
75.3498
76.7484
79.1303
81.7278
85.8783
90.3739
86.3889
80.4946
81.7591
84.6562
90.3937
96.7875
99.7001
101.798
97.7581
92.2635
91.8445
92.6437
94.2466
96.0449
99.1259
102.522
105.519
108.416
111.792
115.289
112.419
107.923
111.922
118.116
116.232
112.236
110.61
109.611
112.946
117.442
117.299
115.901
120.618
127.012
123.003
116.11
122.012
131.502
136.557
140.353
138.638
135.341
131.812
128.216
130.335
134.131
139.083
144.378
145.216
144.716
150.272
157.665
156.112
151.817
153.698
157.494
155.662
152.065
151.579
152.079
156.362
161.856
168.181
174.775
175.647
174.648
171.697
168.1
175.138
185.728
185.263
181.067
187.524
197.614
196.633
191.838
202.975
219.659
221.709
218.612
221.486
226.481
241.106
259.189
260.554
255.858
276.464
306.335
322.641
333.93
349.801
367.384
379.236
388.927
406.358
426.738
448.922
471.799
500.433
531.302
560.378
588.751
618.769
649.439
683.605
719.171
762.137
808.092
853.976
899.831
953.401
1010.14
1056.65
1098.91
1160.32
1229.75
1293.5
1354.83
1419.11
1484.65
1542.93
1598.07
1678.14
1769.05
1849.89
1926.32
2012.85
2103.86
2172.44
2230.98
2320.56
2424.16
2517.6
2606.42
2697.42
2789.43
2888.47
2990.77
3083.27
3171.18
3258.28
3345
3433.54
3522.95
3607.31
3689.23
3766.91
3842.53
3917.29
3991.62
4059.66
4124.59
4183.53
4239.48
4304.53
4374.16
4415.69
4442.96
4476.85
4514.11
4545.58
4574.05
4597.13
4617.41
4657.41
4707.76
4727.61
4731.31
4741.84
4756.03
4775.99
4799.07
4810.43
4815.43
4807.46
4792.37
4796.77
4811.96
4816.82
4815.92
4812.85
4808.55
4817.26
4833.34
4840.6
4842.79
4864.82
4898.28
4902.01
4888.43
4875.28
4862.39
4863.06
4871.75
4880.44
4889.13
4894.21
4897.1
4885.77
4865.79
4850.21
4837.32
4834.56
4838.06
4868.83
4916.58
4919.1
4893.23
4877.88
4869.18
4868.54
4873.04
4868.84
4859.05
4839.5
4813.63
4793.49
4777.11
4734.42
4674.38
4635.16
4609.78
4572.14
4526.29
4492.3
4466.32
4422.7
4367.06
4337.82
4326.74
4300.12
4262.76
4232.51
4207.24
4195.68
4193.79
4171.02
4133.46
4124.15
4135.04
4133.16
4122.07
4101.14
4073.07
4049.67
4029.69
4016.26
4007.67
3991.69
3970.21
3966.59
3976.38
3983.39
3988.28
3992.38
3995.88
3993.16
3985.67
3986.85
3994.74
3995.39
3990.4
3981.83
3970.44
3963.45
3959.95
3947.74
3928.56
3909.88
3891.6
3860.25
3818.29
3784.9
3758.53
3732.64
3707.17
3677.66
3644.79
3611.27
3577.21
3544.98
3514.31
3489.79
3470.51
3434.3
3383.55
3350.47
3332.68
3305.46
3269.99
3224.22
3169.37
3140.74
3135.34
3111.69
3071.73
3048.02
3038.92
3023.6
3002.62
2988.11
2979.52
2971.86
2965.07
2946.94
2918.26
2897.49
2884.1
2880.94
2887.43
2897.46
2910.85
2909.19
2893.1
2881.69
2874.8
2863.15
2846.87
2841.22
2846.01
2847.5
2845.7
2834.74
2814.66
2792.44
2768.06
2743.49
2718.71
2690.77
2659.61
2630.7
2604.13
2577.31
2550.23
2521.7
2491.62
2469.68
2456.29
2423.52
2370.17
2335.94
2322.15
2296.83
2259.07
2223.79
2191.23
2163.14
2139.96
2117.16
2094.79
2074.2
2055.62
2029.13
1993.76
1957.51
1920.24
1885.78
1854.51
1808.27
1744.83
1686.35
1633.6
1574.95
1509.42
1454.95
1413.49
1359.82
1291.69
1233.57
1187.41
1146.52
1111.95
1072.51
1027.15
991.955
969.177
940.002
902.938
873.981
855.1
840.254
830.464
815.949
795.469
774.813
753.934
740.931
738.034
732.479
723.488
719.137
720.835
726.678
737.967
743.54
741.542
752.122
779.495
798.862
807.454
827.617
863.482
912.258
978.693
1042.78
1103.62
1181.39
1282.69
1387.44
1497.03
1621.7
1767.66
1926.8
2104.73
2286.84
2474.95
2687.07
2933.93
3178.15
3418.51
3664.58
3919.03
4175.93
4436.48
4710.87
5005.99
5294.64
5573.57
5839.37
6085.23
6330.14
6573.6
6815.34
7054.4
7292.61
7529.48
7757.68
7972.27
8171.74
8347.27
8532.11
8731.81
8938.41
9156.09
9376.33
9600.71
9823.35
10043.1
10261.6
10478
10710.9
10971.4
11235.9
11507.1
11769.7
12017.8
12277.2
12556
12821.8
13065.2
13331.3
13636.9
13922
14171.4
14415.7
14650.9
14899.8
15172.8
15428.1
15651.3
15894.7
16174.6
16441.5
16685
16910.9
17104.6
17337.1
17641.6
17918.3
18142.8
18352.3
18533.5
18728.9
18951.5
19147.2
19291.2
19448.6
19632
19817.5
20007.1
20191.1
20363.9
20513.2
20615.6
20708.6
20782.6
20862.6
20954.7
21043.6
21125.9
21181.7
21182.6
21180
21170.1
21180.4
21233
21258.8
21227.8
21205.6
21202.6
21203.3
21211.8
21197.8
21135
21081.9
21050.4
21005.2
20929.7
20864.8
20823.2
20746.9
20591.9
20456.3
20364.8
20260.7
20127.8
19994.5
19860.4
19728.3
19600.8
19472.8
19343.5
19253.9
19259.1
19228.7
19112.3
19022.5
18997.3
18993.5
19042.5
19100.9
19182.7
19249
19276.2
19318.1
19396.8
19498
19656.4
19801.7
19913.1
20052.1
20263.1
20459.4
20617.2
20779.5
20953.9
21128.4
21303.1
21471.7
21623.7
21792.3
22006.5
22206.1
22365.6
22520.9
22664.8
22805
22935.1
23044.1
23092.9
23147.2
23217
23287
23357.3
23422.9
23474.7
23510
23496.8
23500
23553
23557.5
23415
23305.7
23298.1
23290
23280.2
23236
23084.2
22945.9
22850.7
22759.2
22679.5
22605.2
22548.4
22482.7
22387.5
22283.7
22151.4
22025.6
21921.5
21830.6
21784
21733.1
21667.4
21594.2
21495.5
21403.3
21333.7
21256.5
21152.7
21053.9
20972.7
20910
20913.9
20910.2
20878.4
20845.6
20808.9
20762.5
20679.7
20612.8
20605.9
20592
20551.3
20513.1
20484.3
20447.7
20380.3
20323.8
20310.8
20293.7
20260.1
20213.6
20114.4
20027.4
19990.5
19947.8
19880.3
19811.6
19737.4
19666.6
19610.8
19544.7
19434
19330
19255.8
19183.3
19118.4
19046.5
18943.4
18840.9
18741.2
18629.4
18461.5
18305.5
18205.7
18099.3
17961.3
17820.7
17667.2
17520.2
17404.4
17286
17155
17020.7
16870.6
16716.8
16544.5
16382.8
16276.4
16171
16070.9
15961.6
15802.9
15653.1
15551.3
15450.8
15356.9
15268.8
15212.5
15147.3
15032.4
14920.2
14824.6
14727.7
14623
14523.9
14458.4
14390.6
14308.9
14224.5
14124.3
14028.2
13957.3
13885.8
13810.9
13732.8
13634.7
13541.3
13478.8
13420.1
13387.2
13356.4
13339
13317.8
13270
13223.9
13189.7
13158.5
13149.2
13138.9
13121.6
13106.1
13103.6
13105.6
13141.8
13172.1
13157.6
13144.8
13145
13144.6
13139.5
13134.4
13129.5
13121
13083.5
13050.2
13052.6
13052.4
13029.6
13007
12987.1
12974.6
13029.6
13080.7
13095.8
13109.4
13106.9
13105.6
13116.7
13125.1
13106.6
13091.2
13106.9
13121.8
13129.3
13129.6
13051.9
12979.3
12961.9
12940.2
12871.2
12801.3
12718.9
12634.8
12528.6
12424.6
12348.2
12269.6
12163.1
12060
12001.9
11939.9
11826.3
11714.4
11625.5
11537.9
11469.9
11400.6
11312.4
11224.1
11134.5
11046.8
10986.9
10925.2
10835.3
10745.4
10655.9
10569.8
10543.2
10512.4
10404
10296.3
10202.9
10110.6
10040
9967.84
9864.64
9761.13
9650.84
9540.1
9419.12
9298.46
9185.47
9071.88
8943.31
8815.91
8719.7
8622.5
8497.22
8372.18
8254.3
8136.4
8018.12
7900.13
7792.13
7683.77
7561.89
7440.05
7319.97
7199.75
7073.58
6948.5
6875.98
6802.6
6684.41
6566.92
6490.19
6412.96
6301.77
6191.21
6129.57
6067.3
5947.32
5827.65
5742.83
5657.62
5514.86
5371.77
5162.37
4953.11
4789.87
4626.59
4420.59
4214.6
