71.0002
71.4997
71.9992
72.2992
72.5989
68.3191
64.0233
63.2051
62.4059
68.8456
75.3393
73.2227
71.0248
70.111
69.2119
65.947
62.6502
64.2725
65.9708
66.8836
67.7828
66.7221
65.6232
65.8934
66.1931
66.5904
66.99
69.0454
71.1434
71.7832
72.3826
69.1016
65.7049
65.6968
65.7967
64.5439
63.2452
65.3213
67.5191
71.6415
75.8374
61.7873
47.0018
63.5546
81.4371
71.7752
60.8859
66.413
72.7068
68.428
63.6327
69.1982
75.2922
73.1337
70.5362
66.5189
62.4229
58.7047
55.0084
62.7186
71.1104
66.4259
60.9313
67.547
74.9397
74.5568
73.6577
71.3563
68.9586
66.3744
63.777
69.8373
76.5308
74.7704
72.3727
69.6043
66.807
67.525
68.5241
64.9075
60.9114
66.4033
72.6971
68.7878
63.9925
64.5172
65.5162
65.783
65.9828
66.3653
66.7649
71.8125
77.3071
72.5254
66.7311
64.0221
61.6244
59.7701
57.9718
67.5582
78.3476
75.3429
70.8472
73.8186
77.6148
73.7809
69.0855
71.6454
75.0421
73.7018
71.8037
78.0209
85.2139
78.8813
70.8891
78.346
87.7368
84.5476
79.7523
77.3437
75.2457
82.2324
90.4244
89.7279
87.8297
91.5514
96.047
89.6785
81.7863
91.2901
103.278
103.579
102.18
102.696
103.495
105.51
107.708
114.931
122.923
127.803
132.199
131.765
130.566
133.153
136.35
143.239
150.731
157.282
163.676
170.668
177.761
176.754
174.356
186.25
200.636
209.335
217.028
220.401
222.999
230.158
238.151
251.2
265.186
263.532
258.936
270.868
285.953
287.144
285.646
298.092
313.277
314.217
312.319
326.544
344.027
356.784
368.572
382.429
396.715
404.729
411.422
426.842
444.126
462.23
480.512
501.006
521.986
536.835
550.322
565.113
580.198
602.686
626.862
650.958
675.034
700.082
725.357
744.898
763.081
779.571
795.655
826.206
860.272
883.275
903.555
919.357
934.042
961.254
991.624
1005.6
1015.39
1033.99
1054.87
1078.84
1103.62
1127.21
1150.48
1172.03
1193.11
1214.58
1236.16
1266.36
1298.93
1325.47
1350.35
1383.65
1419.32
1443.85
1465.23
1492.43
1521.31
1546.85
1571.42
1599.01
1627.48
1657.11
1687.08
1711.37
1733.94
1756.83
1779.81
1812.34
1847.81
1868.55
1884.74
1905.03
1926.61
1946.44
1965.72
1961.7
1950.21
1972.08
2004.75
2027.85
2047.84
2054.53
2056.82
2069.38
2085.37
2128.69
2181.24
2212.25
2235.93
2252.03
2265.52
2300.12
2342.08
2397.42
2457.46
2506.89
2552.54
2598.71
2645.07
2707.84
2776.58
2840.85
2903.49
2955.77
3004.22
3055.29
3107.34
3179.12
3258.34
3324.83
3386.47
3468.53
3558.44
3650.95
3744.45
3810.91
3866.76
3974.91
4103.78
4201.12
4285.83
4367.99
4449.11
4541.65
4638.86
4726.44
4810.06
4886.97
4961.1
5042.76
5127.57
5205.79
5281.22
5378.9
5486.1
5569.98
5643.81
5750.49
5871.47
5976.9
6075.51
6184.7
6298.59
6400.47
6496.97
6621.42
6758.48
6885.67
7008.35
7148.41
7296.46
7408.01
7502.62
7631.79
7777.15
7924.41
8072.56
8193.79
8302.19
8421.03
8544.91
8658.3
8766.59
8880.32
8996.71
9112.09
9226.98
9305.86
9366.8
9416.98
9461.73
9518.62
9581.66
9624.08
9655.95
9706.66
9767.1
9807.44
9837.31
9844.59
9839.99
9836.18
9832.78
9852.04
9883.41
9900.05
9908.74
9899.25
9879.86
9872.93
9872.83
9833.89
9773.45
9781.87
9828.73
9848.41
9852.81
9851.15
9846.05
9855.95
9874.43
9903.18
9937.84
9970.49
10001.9
10023.8
10040
10063.6
10091.7
10138.8
10197.2
10242.9
10280.8
10340.3
10412.7
10495.3
10584.1
10677.3
10773.2
10859.1
10938.8
11019.5
11100.7
11197.6
11304.4
11390.4
11463.3
11542.1
11624.8
11649
11635.1
11644.5
11669.2
11651.2
11605.2
11582.5
11575.3
11563.2
11548
11512.5
11463.3
11431.7
11412.2
11397.1
11385.1
11395.2
11420.7
11451.2
11485.2
11520.2
11555.9
11579.5
11594.4
11607.5
11619.4
11613.8
11595.5
11603.8
11631.5
11637.5
11627.6
11617.4
11606.9
11618.1
11645.6
11675.9
11708.4
11743
11779.1
11811.5
11840.8
11854.6
11856.2
11885.4
11935.9
11972.3
11997.8
11991.6
11960.5
11947.2
11947.9
11944.7
11938.4
11937
11939.6
11921.9
11887.8
11891.1
11925.2
11905
11840.1
11823.2
11846.4
11840.6
11810.4
11805.8
11822.8
11831.2
11832.4
11847.6
11874.8
11898.4
11918.8
11923.4
11914
11915.7
11927.2
11962.1
12017.7
12047.8
12055
12073.5
12102.1
12096.5
12059.8
12029.4
12004.9
12009.9
12041.9
12049.7
12034.8
12025.1
12020.3
12003.1
11974.1
11998.8
12074.7
12122.3
12143
12163.8
12184.5
12217.2
12261.3
12312
12369
12389.1
12372.6
12351.8
12326.8
12351.9
12427.5
12472.8
12487.4
12490.5
12481.9
12519.9
12605.9
12678.8
12738.2
12801.4
12868.4
12927.3
12977.5
13052.1
13152.5
13224.8
13266.9
13311.4
13358.3
13428.3
13523.2
13588.1
13620.3
13666.5
13728.3
13788.8
13847.9
13886.7
13902.6
13905.9
13895.1
13867
13819.2
13785
13766.5
13730.8
13675.2
13627.2
13588.2
13553.6
13524
13487.4
13442.3
13402.6
13369.4
13324
13264.2
13226.8
13216.7
13189.9
13142.5
13095.9
13050
13013.8
12989.5
12976.4
12977.4
12964.2
12933
12922.7
12938.8
12957.9
12981.1
13013.8
13058.9
13084
13083.2
13119.2
13203.5
13263.9
13292.5
13346.8
13435.5
13516
13585.4
13678.3
13803
13905.4
13977.4
14067.9
14183.8
14256.4
14268.9
14318.4
14419.7
14515.3
14602.9
14677.9
14735
14791.1
14845.8
14906.8
14977
15026.3
15045.3
15097.5
15198.7
15297.9
15394.1
15462.4
15488.7
15518.7
15554.2
15589.7
15625.4
15667
15717.5
15762.5
15799
15818.4
15811.2
15835.7
15909.9
15977.2
16033.7
16115.3
16236.9
16359.6
16483.9
16604.1
16717.5
16851.9
17020.3
17202
17405.7
17598
17771.2
17969.2
18208.8
18440.2
18657.9
18885.7
19130.6
19366.6
19587
19807
20026.5
20236.1
20428.4
20640.1
20885.8
21135.3
21391.5
21638.2
21867.9
22095
22317.2
22529.5
22723.6
22929.6
23157.7
23385.1
23611.4
23810.1
23957.2
24149
24425.3
24672.8
24865.2
25018
25094.6
25218.6
25434.6
25607.5
25695.9
25777.6
25846
25914.9
25984.6
26044.9
26086.2
26125.4
26160.7
26187.3
26196.3
26204.4
26210.6
26207.8
26186.1
26173.3
26179.3
26159.3
26084.2
26029.5
26018.4
25984.2
25900.2
25834.1
25807.3
25760.2
25668.8
25544.2
25345.8
25157.2
24990.5
24818.1
24632.8
24434.5
24206.7
23990.7
23802.2
23615.5
23433.1
23275.4
23175.7
23044.3
22838
22683.5
22652.9
22624.3
22600.6
22582.5
22578.2
22595.9
22667.4
22737.9
22806
22888.3
23006.3
23149.1
23354.4
23538.5
23668.4
23798.3
23928.4
24083.3
24303.1
24519.7
24727.9
24950.7
25212.4
25467.7
25706.2
25922.5
26078.7
26269.8
26556.1
26812.4
26985.9
27151.9
27297
27457.1
27659.3
27845.2
27984.8
28111.7
28202
28297.5
28408.1
28473.6
28406.7
28350.3
28325.4
28306.7
28306.3
28283.8
28194.4
28099.2
27986.3
27874.9
27767.8
27663.6
27568.5
27471
27366
27271.1
27208.6
27132.3
27011.6
26890.1
26765.9
26647.1
26546
26445.6
26347.5
26239.1
26095.7
25964.9
25876.9
25785.3
25681.5
25580.7
25490.6
25406.6
25343.8
25296.6
25305.1
25289
25183.9
25082.4
24993.6
24925.4
24933.1
24914.7
24798.5
24694
24633.5
24580.2
24553.9
24525.8
24490.9
24458.1
24434.3
24390.1
24265.3
24160.8
24137.8
24102.7
24017.7
23927.9
23817.8
23719.2
23668.4
23608.8
23511.3
23415.4
23326.9
23246.6
23201.6
23125.1
22909.8
22714.5
22608.5
22494.3
22343.9
22189.3
22016.1
21859.6
21780.9
21682.7
21492.9
21303.4
21115.5
20928.9
20749
20567.3
20377.1
20188
20004.3
19817.6
19616
19427.5
19306.1
19176.9
19006.7
18840.3
18693.1
18543.5
18380.9
18226.6
18117.3
18003.6
17865.7
17731.1
17614.5
17505.4
17438.5
17364.9
17251.9
17138.7
17024.3
16908.6
16785.4
16668.7
16591.8
16514.3
16432.5
16354.1
16296.8
16232.5
16123.2
16012.1
15888.9
15769.5
15675
15588.2
15552.7
15510.3
15420.6
15335.7
15284
15237.8
15229.5
15221.2
15213.3
15206.6
15208.5
15205.7
15167.7
15136.1
15152
15169.7
15200
15223.8
15195.4
15171.9
15187.7
15196.8
15150.9
15114.8
15159.7
15196.4
15162.6
15129.1
15099.6
15072.6
15068.4
15066.4
15084.8
15104.2
15133.6
15159.7
15154.2
15149.1
15148
15145.3
15126.8
15109.6
15105.4
15092
14982.4
14878.3
14832.6
14787.2
14743.8
14697.1
14612.4
14522.4
14371.9
14225.5
14129.2
14034
13951.6
13869
13785
13695.7
13537.4
13387.2
13344
13298.1
13214.5
13128.2
13003.2
12882.8
12829.9
12776.2
12711
12641
12494
12351.2
12275.3
12198
12098.1
11996
11855.2
11716.2
11608.9
11501.7
11396.6
11290.9
11172.7
11054.6
10937.5
10817.6
10635.3
10456.2
10347.3
10237.8
10113.6
9987.79
9820.15
9653.21
9504.65
9355.2
9180.37
9006.73
8868.56
8730.87
8608.09
8484.88
8347.12
8209.86
8091.27
7971.71
7812.96
7655.38
7548.08
7441.22
7355.01
7268.4
7161.21
7054.19
6957.58
6861.22
6781.3
6701.19
6606.18
6510.65
6367.09
6223.74
6103.96
5983.68
5792.57
5601.37
5392.78
5184.05
4930.7
4677.37
4451.99
4226.61
