27.5976
22.2028
16.8081
24.4808
32.1733
30.2089
28.2108
28.4981
28.7978
27.7092
26.6103
28.5794
30.5774
27.538
24.4411
28.1459
31.9422
34.066
36.1639
36.8873
37.5866
31.9166
26.1223
27.3691
28.7677
28.8976
28.9975
27.0519
25.0539
28.4022
31.8988
28.7986
25.5019
25.0127
24.6131
23.6338
22.6348
22.4071
22.2073
27.685
33.3794
29.5667
25.3708
24.8166
24.417
27.4605
30.6573
31.5635
32.3628
29.8283
27.1309
25.5742
24.0757
22.9566
21.8576
20.7587
19.6598
19.4111
19.2113
23.1593
27.3552
32.1155
36.9108
34.0081
30.6115
24.7791
18.7849
25.131
32.324
29.6281
26.2314
24.2312
22.333
18.1124
13.7167
16.9227
20.719
18.3173
15.4201
19.1694
23.4652
21.405
18.8075
20.2546
22.0528
20.2738
18.1758
20.1967
22.5943
26.91
31.4056
24.6913
16.8989
24.5666
33.7576
34.8722
35.1719
27.4127
18.8211
17.3675
16.6682
22.6406
29.334
26.4015
22.4054
20.0251
17.8273
22.7055
28.4
24.2631
18.9683
20.5403
22.9379
27.3822
32.0776
31.6233
30.5244
29.957
29.4575
30.1072
30.9064
30.0298
28.9309
26.0718
22.9749
26.1123
30.1084
32.6151
34.9128
25.8463
15.1568
20.6033
28.3956
28.9649
28.4653
27.5317
26.5327
21.2019
15.2078
20.8829
28.3755
25.7778
21.5819
23.9256
27.3223
28.4009
29.1003
26.8016
24.0044
21.549
19.1513
21.699
25.0956
28.8326
32.6289
27.4287
20.6353
16.5516
12.9552
17.0464
22.541
25.0014
26.8995
23.5842
19.2884
23.0463
28.3412
23.1738
15.9808
22.1482
30.9395
27.8182
22.3235
22.6466
24.1452
23.9025
23.3031
20.3875
16.9909
18.2155
20.4133
20.8823
20.9822
29.5417
39.9315
34.9993
26.7075
28.4696
32.4657
34.3416
35.7402
35.1052
34.0062
25.0355
14.2461
16.0859
20.8812
23.9805
26.6779
28.3279
29.7265
29.6785
29.2789
28.0776
26.6789
28.6394
31.4366
31.0426
29.8438
30.2367
31.0359
30.5649
29.7656
30.0752
30.6746
29.062
26.8642
30.1037
34.7991
36.6647
37.7636
38.0784
38.1783
38.5129
38.9125
35.9572
32.061
27.1531
21.9582
25.7682
32.162
36.3101
39.8067
36.6609
31.5659
31.9408
33.9389
36.0906
38.2884
34.5843
29.0896
30.4759
33.9724
32.2072
28.8105
27.4676
26.7682
27.8897
29.5881
32.7241
36.3206
44.0682
53.1593
45.0867
31.4001
35.8087
46.1985
44.3816
38.4874
35.5808
33.6827
37.7443
43.8383
40.2733
33.38
32.1187
32.818
40.317
50.2073
48.9669
43.772
44.0909
46.3886
48.2465
49.9448
49.8881
49.1888
54.8344
62.8265
65.9455
67.2443
65.4964
62.5992
65.0554
69.551
70.5114
70.1118
76.6914
85.9823
89.9633
91.8615
99.2697
108.86
116.167
122.561
129.88
137.572
134.264
126.472
132.905
145.193
151.553
155.449
160.753
166.647
177.665
190.852
200.329
208.222
214.369
219.764
227.038
235.13
245.651
257.24
270.351
284.137
295.577
305.967
313.329
319.323
332.523
349.007
362.274
374.063
385.783
397.471
404.942
410.436
419.934
431.322
442.576
453.765
461.312
467.106
477.675
490.563
502.377
513.666
521.946
528.74
539.4
551.987
553.009
548.214
550.377
556.072
561.502
566.797
568.402
568.103
578.378
594.163
596.129
590.834
590.24
592.139
593.321
594.12
596.801
600.498
602.576
603.775
603.942
603.542
605.201
607.998
605.537
600.143
601.396
606.391
606.288
603.291
604.36
607.757
607.29
604.592
596.907
586.317
591.212
605.199
606.635
600.641
602.591
609.284
604.255
592.166
592.324
599.917
600.073
595.678
593.629
593.03
592.615
592.315
597.847
607.038
607.724
603.029
599.37
596.373
603.285
616.572
612.65
597.565
584.956
573.967
565.386
558.392
557.64
561.037
559.589
554.893
548.767
541.674
540.761
544.058
539.3
529.01
524.21
523.211
520.741
517.244
514.393
511.995
508.078
503.083
503.854
508.749
512.658
515.854
516.968
516.569
511.499
503.007
500.492
502.39
503.143
503.043
499.347
492.954
492.759
497.255
497.159
493.563
493.468
496.066
494.329
489.234
490.422
496.516
497.523
494.526
490.248
484.953
484.376
487.573
485.681
479.687
471.103
460.413
459.774
467.366
461.388
444.204
440.653
448.445
449.283
444.288
444.165
448.161
441.208
424.924
417.077
416.478
411.113
401.622
399.921
405.016
405.114
400.818
396.417
391.921
391.33
394.227
394.549
392.55
389.505
385.509
381.148
376.452
374.668
375.567
376.777
378.275
378.381
377.182
377.679
379.777
375.168
364.179
361.656
367.251
372.591
377.686
377.264
371.47
369.407
371.005
370.946
369.248
362.897
351.908
349.639
356.132
354.486
344.596
340.638
342.736
340.402
333.509
326.616
319.723
316.981
318.58
319.254
318.954
317.637
315.239
312.214
308.518
300.832
288.844
283.557
285.555
288.841
293.536
294.955
292.758
288.337
281.444
275.493
270.597
265.655
260.66
259.121
261.518
258.336
248.745
241.516
237.021
230.957
223.065
214.989
206.697
199.777
194.482
190.234
187.237
181.521
172.529
167.69
167.89
165.304
159.31
151.839
142.548
137.667
138.267
138.423
138.023
135.637
130.741
129.45
132.747
134.556
134.456
133.529
131.531
132.612
137.707
140.255
139.455
141.235
146.43
150.683
153.68
157.742
163.237
165.595
163.696
167.368
178.657
187.216
192.011
200.401
213.788
231.294
254.571
271.016
277.809
291.155
313.833
337.085
361.162
386.299
412.973
443.913
481.077
517.149
551.615
584.914
616.483
642.647
660.729
686.063
722.328
754.35
779.925
805.381
830.656
861.663
901.524
930.409
942.197
960.204
987.977
1014.55
1039.23
1056.05
1060.35
1077.09
1113.85
1147.45
1175.92
1202.12
1224.6
1253.22
1291.98
1323.25
1342.03
1365.88
1398.25
1436.74
1485.59
1520.61
1532
1554.47
1596.03
1630.21
1651.59
1676.97
1709.33
1739.14
1764.41
1789.51
1814.28
1841.78
1874.14
1903.99
1929.26
1957.12
1989.69
2026.09
2069.54
2102.55
2116.14
2130
2144.39
2162.13
2186.2
2213.89
2248.45
2278.75
2300.83
2318.63
2328.12
2346.52
2382.39
2407.98
2413.27
2422.24
2438.52
2449.63
2450.33
2451.79
2454.79
2454.4
2447.11
2449.24
2470.82
2490.36
2505.64
2509.72
2490.24
2476.81
2476.21
2472.39
2461.71
2458.29
2470.58
2474.91
2461.93
2452.47
2450.77
2452.76
2462.95
2465.1
2449.21
2427.78
2393.81
2363.17
2340.09
2320.52
2309.03
2298.5
2290.21
2281.38
2271.29
2258.5
2239.32
2230.43
2246.11
2251.02
2229.94
2216.77
2222.87
2223.33
2209.94
2208.43
2236.4
2260.7
2275.79
2291.01
2306.6
2319.09
2323.69
2335.68
2366.75
2390.17
2393.67
2404.04
2432.51
2458.8
2479.28
2501.98
2530.65
2557.12
2577.6
2596.53
2611.21
2630.09
2660.56
2684.82
2691.71
2703.44
2728.81
2748.51
2752
2762.43
2792.8
2814.79
2812.39
2807.71
2796.32
2784.68
2772.29
2765.35
2774.74
2779.97
2772.57
2767.59
2769.99
2769.24
2758.75
2747.37
2733.18
2720.26
2711.37
2701.34
2687.65
2678.73
2685.23
2683.74
2656.17
2632.15
2619.86
2608.37
2599.58
2592.07
2588.87
2582.31
2564.22
2549.62
2547.02
2546.04
2550.74
2550.68
2533.79
2521.21
2524.01
2522.24
2503.96
2486.6
2472.61
2463.68
2473.47
2478.8
2467.41
2461.96
2479.05
2487.52
2462.94
2444.81
2451.7
2455.96
2449.87
2441.51
2424.12
2411.97
2420.86
2425.4
2412.21
2397.68
2377.6
2359.61
2350.31
2344.73
2354.82
2360.58
2347.79
2338.17
2342.26
2340.7
2314.22
2293.24
2296.74
2298.06
2289.57
2279.39
2261.51
2243.41
2224.33
2206.11
2191.92
2178.66
2169.77
2156.69
2123.43
2092.72
2074.53
2054.91
2028.14
2001.86
1978.08
1957.86
1955.76
1952.82
1945.53
1935.17
1908.7
1885.5
1879.81
1873.22
1861.84
1846.62
1810.35
1781.75
1795.94
1804.22
1779.05
1758.32
1763.22
1766.79
1762.59
1756.31
1737.63
1719.02
1700.83
1685.55
1688.05
1687.33
1666.55
1649.35
1654.84
1656.63
1634.56
1615.28
1614.38
1612.4
1603.21
1596.21
1604.1
1609.75
1599.86
1590.88
1588.28
1585.09
1577.7
1570.3
1562.8
1555.88
1553.18
1551.79
1560.28
1567.11
1561.12
1555.84
1556.24
1556.69
1557.49
1557.78
1553.88
1550.85
1555.04
1557.73
1547.54
1539.45
1549.64
1558.64
1557.04
1555.72
1556.92
1558.2
1560.3
1563.6
1578.28
1591.3
1588.1
1584.62
1578.22
1572.32
1571.42
1569.66
1558.87
1548.66
1544.66
1540.17
1530.28
1520.71
1514.72
1507.63
1487.85
1469.06
1462.06
1455.27
1450.87
1445.41
1426.53
1408.44
1400.65
1392.75
1383.35
1374.31
1370.01
1365.43
1356.84
1348.54
1344.44
1339.3
1318.32
1298.1
1289.81
1281.84
1279.04
1276.01
1269.02
1261.27
1240.29
1220.36
1219.66
1218.04
1198.86
1180.15
1170.76
1160.86
1140.58
1120.09
1095.02
1071.14
1074.43
1076.98
1061.49
1045.85
1026.37
1007.08
992.796
978.393
960.71
942.934
922.354
902.148
893.856
885.433
872.546
859.857
854.462
848.972
839.681
830.196
812.314
794.39
774.51
754.694
738.31
722.208
722.708
723.125
718.03
712.88
703.489
694.006
676.023
658.112
648.121
638.04
614.863
591.65
561.28
530.942
511.561
492.169
461.699
431.229
