89.8002
90.2997
90.7992
82.6204
74.4284
77.5858
80.7826
84.1782
87.5749
83.7326
79.8364
84.1546
88.5503
89.6865
90.7854
88.0398
85.2426
83.134
81.036
81.3927
81.7923
76.1166
70.3223
84.0867
98.2728
87.669
76.48
83.3103
90.6032
86.0369
81.1417
82.4551
83.9537
85.9363
87.9343
84.0386
79.9426
83.6569
87.653
82.5075
77.0129
78.5285
80.3268
84.8084
89.4039
89.8869
90.1866
86.6685
82.9722
85.0859
87.4836
88.8357
90.1344
82.8011
75.0088
76.6825
78.8804
79.6612
80.3606
85.5848
91.0794
83.2156
74.5241
77.098
80.3947
84.6283
88.9241
91.0697
93.0678
85.0837
76.3922
79.8962
84.2918
83.9497
83.2504
85.5176
88.0151
82.8345
77.0402
79.8309
83.3275
85.4423
87.4403
84.4747
81.078
78.782
76.5842
87.1088
98.7974
92.8587
85.2661
80.1343
75.239
80.984
87.7773
83.3182
77.7237
77.0189
76.8191
78.4264
80.2246
82.9244
85.7217
85.4602
84.8608
83.7228
82.5239
83.3853
84.4842
86.2087
88.007
91.0537
94.2506
92.1084
89.3112
92.9066
97.3023
95.408
92.7106
93.1955
94.0947
96.7578
99.655
100.176
100.376
98.9072
97.2089
96.7371
96.4374
108.201
121.688
124.621
126.02
124.459
122.461
125.934
130.229
133.572
136.769
139.793
142.79
146.908
151.204
151.628
151.428
155.091
159.387
163.255
167.051
172.471
178.166
189.743
202.331
206.156
208.454
213.383
218.778
223.072
227.168
233.714
240.707
245.424
249.72
257.716
266.407
276.776
287.466
291.46
294.157
301.531
309.822
321.53
333.918
331.927
327.032
338.803
353.988
375.212
397.69
406.881
413.275
422.962
433.352
444.563
455.952
474.223
494.004
507.49
519.579
530.28
540.67
569.282
602.05
616.721
627.211
655.268
687.436
710.237
730.816
747.207
762.592
775.325
787.413
815.455
847.424
857.239
861.535
888.648
921.516
945.47
967.149
979.539
989.529
1007.12
1026.7
1048.81
1071.59
1092.95
1113.93
1134.04
1153.92
1177.33
1201.71
1229.13
1257.41
1271.95
1282.64
1316.75
1357.51
1376.69
1389.68
1421.25
1458.21
1486.22
1511.59
1531.11
1548.89
1570.21
1592.59
1618.8
1646.17
1670.18
1693.16
1715.38
1737.35
1751.12
1762.31
1773.42
1784.51
1807.25
1833.73
1845.26
1851.95
1851.87
1849.57
1871.67
1901.84
1920.78
1935.97
1957.43
1981
2009.65
2040.02
2079.67
2122.53
2150.64
2173.62
2207.24
2244.6
2294.5
2348.85
2389.74
2425.8
2473.45
2525.3
2590.24
2659.97
2703.38
2737.04
2810.35
2898.46
2954.15
2997.61
3060.89
3131.72
3208.39
3287.32
3372
3458.91
3536.64
3610.77
3686.54
3762.97
3831.9
3897.83
3987.04
4085.65
4176.87
4265.08
4336.87
4401.91
4497.44
4605.63
4674.9
4727.85
4818.63
4925.43
5015.49
5098.41
5183.49
5269.51
5360.89
5454.59
5577.04
5712.1
5804.75
5878.57
5990.77
6120.15
6227.43
6324.73
6445.85
6577.82
6690.29
6793.79
6922.4
7062.66
7194.28
7321.86
7450.92
7580.7
7681.52
7768.53
7885.43
8016.7
8118.31
8205.52
8316.41
8438.89
8514.5
8566.95
8644.73
8735.14
8806.94
8869.38
8929.9
8989.44
9020.63
9037.32
9072.58
9117.44
9163.87
9211.12
9242.4
9265.27
9276.66
9281.95
9285.62
9288.42
9283.36
9274.07
9270.6
9270.31
9278.97
9292.56
9266.4
9218.25
9229.85
9274.81
9277.57
9256.6
9261.36
9280.74
9301.78
9323.75
9332.18
9332.78
9336.53
9342.13
9351.37
9362.76
9391.6
9430.76
9456.97
9475.45
9518.75
9577
9624.3
9664.96
9746.46
9852.95
9915.47
9950.83
10005.8
10072.9
10131.8
10185.4
10276.1
10390.3
10442.2
10454.4
10506.8
10585
10601.8
10578.7
10580.9
10599.7
10588
10556.1
10517.7
10474.9
10448.7
10433.5
10424.7
10420.2
10396
10358.5
10352
10366.9
10356.5
10328.5
10338.6
10375.4
10399.7
10415.2
10423.3
10426.2
10430
10434.5
10439.2
10444.1
10437.4
10422.2
10422.2
10433.4
10435.4
10430.6
10426.6
10423.2
10439.5
10470.6
10502.1
10533.8
10582.6
10644.2
10659.4
10638.8
10650.7
10687.9
10706.6
10710.9
10730.4
10761.9
10765
10745.6
10716.5
10679.6
10674.9
10695.9
10702
10695.9
10674.8
10641.3
10631.9
10642.3
10639.7
10626.5
10597.2
10554.7
10530.2
10520.9
10520.8
10528.6
10510.2
10469.2
10456.8
10469.2
10478.7
10485.6
10489.4
10490.5
10493.6
10498.5
10501.6
10503.2
10490
10463.3
10454.4
10461.7
10471.4
10483.3
10472.3
10440.1
10417.7
10404.3
10417.9
10456.9
10462.1
10435.5
10423.1
10423.9
10456.5
10519.3
10546.9
10540.4
10533.2
10525.4
10573.4
10676
10714.8
10690.7
10693.2
10722.5
10736.7
10735.7
10762.4
10817.3
10849.4
10858.3
10888
10939
10984.8
11025
11080.7
11152.4
11184.9
11176
11208.5
11284.9
11338.8
11368.5
11403.9
11445.4
11489.7
11537.2
11592.8
11657.5
11693.5
11698
11719.5
11760
11794
11820.8
11823.4
11798.6
11779.6
11767.1
11765.5
11776.3
11746.4
11669.2
11615.8
11590.4
11555.2
11508.6
11467.3
11432.1
11382.4
11315.1
11292.8
11324.4
11330.1
11304.2
11273.2
11235.8
11208.2
11192.6
11173.1
11148.7
11109.7
11052.4
11012.1
10993.3
10995.1
11023.1
11044.6
11057.9
11068.8
11076.6
11092.3
11118.4
11140.3
11156.7
11210.5
11314
11397.4
11453.8
11519.3
11597
11673.6
11748.5
11828.9
11916.8
12010.8
12113.2
12176.2
12184.3
12210.2
12261.2
12329.3
12421.7
12509.9
12592.1
12659.1
12704.1
12788.1
12928.2
13054.8
13161.5
13249.7
13310.9
13389.2
13492.9
13580.8
13645.1
13694.9
13722.8
13777
13871.3
13953.7
14017.7
14100.5
14212.3
14276.5
14266.5
14299.5
14400.1
14498.1
14591.9
14697
14819.9
14965.3
15146.6
15321.7
15486.7
15645.8
15795
15972.4
16196.1
16410
16607.6
16822.4
17066.3
17321.6
17596.2
17834.2
18009.5
18201.5
18422.2
18651.3
18895.2
19141.7
19392.7
19627.5
19833.5
20041.2
20252
20474.6
20718.5
20959.8
21196.7
21433.3
21669.4
21908.6
22153.7
22422.7
22736.2
22997.1
23159.4
23314.6
23456.4
23618.5
23819.4
24004.3
24158.3
24320.2
24497.3
24663.1
24806.5
24920.3
24975.5
25041
25127.3
25193.3
25218.4
25257.9
25326.8
25375.9
25384.7
25393.9
25404
25410
25407.7
25416.7
25449.3
25456.9
25411.5
25376.8
25365
25349.7
25326.7
25288.6
25217.4
25134.9
25027.7
24909.4
24766.7
24623.4
24479.1
24323.6
24143
23965.6
23795.8
23629.7
23472.4
23311
23140.3
22979.1
22840.5
22705
22577.1
22476.1
22439.4
22415.9
22424.5
22427
22414.9
22421.9
22476.2
22538.2
22619
22713
22840
22968.6
23101.6
23255.8
23464.3
23662.9
23835.9
24021.8
24241.2
24449.7
24629.4
24820.4
25041.5
25275.6
25544.4
25796.3
26002.3
26226.7
26501.4
26726.9
26816.2
26926
27093.1
27269.6
27472.8
27660.1
27802
27932.3
28029.1
28109.8
28143.6
28169.5
28172.3
28174.4
28174.3
28159.6
28101
28044.8
27995.8
27914.3
27733.2
27584.3
27534.5
27475.8
27388.8
27305.9
27235.3
27148
27006.9
26874.4
26769.5
26654.2
26504.6
26368.7
26277.6
26188.9
26107.8
26022.7
25924.1
25822.5
25710.6
25615.5
25578.3
25538.9
25491.9
25429.4
25312.5
25219.5
25211.7
25199.7
25172.4
25127.1
25015.6
24916.5
24863.5
24814.6
24781.2
24743
24686.3
24629
24568.9
24514.9
24484.2
24464.8
24489.5
24482.8
24351.7
24242.3
24220.7
24192.8
24139.2
24074.3
23962.9
23858.2
23781.7
23713.6
23681.4
23629
23490.3
23360.9
23271.8
23172.2
23026.6
22889
22787.7
22675.6
22514.8
22357.9
22218.8
22088.8
22001.1
21885.5
21638.5
21405.3
21237.7
21059.2
20828.1
20610
20455.6
20293.7
20095.2
19900.2
19722.8
19550.3
19403.2
19255.7
19106.5
18959.8
18826.2
18697.5
18595.8
18484.8
18322.8
18167.4
18047.6
17929.6
17821.5
17711.7
17592.5
17480.5
17409.9
17322.7
17138.5
16968.4
16882.7
16794
16687.4
16593.2
16574.9
16543.5
16429.8
16319
16226.5
16132
16024.6
15921.2
15844.2
15764.9
15670.6
15588.6
15590
15582.1
15510.5
15450.2
15469.1
15487.6
15502.1
15513.1
15499
15485.6
15477
15470.9
15483.6
15496.1
15507.2
15509.7
15444.7
15390
15417
15438.6
15416.6
15396.9
15395.8
15391.8
15363.6
15333.8
15291.1
15255
15276.5
15297.9
15317
15335.8
15352.9
15366.9
15350.8
15335.9
15333.4
15329.7
15315.4
15301.5
15292.1
15275.1
15180.3
15085.3
14988
14897.5
14882.7
14857.9
14721.2
14588.8
14505.5
14417.7
14276.5
14135.7
13999.2
13868.6
13812
13750.1
13619.9
13495.5
13448.8
13396.6
13269.9
13146.9
13075.1
13003.5
12933.2
12860.2
12746.3
12633.5
12538.1
12441.3
12323
12206.9
12129.5
12052.2
11973.6
11892.3
11759.3
11626.1
11488.9
11352.5
11233.2
11114.7
11013.4
10909.3
10744.1
10579.8
10438.9
10298.6
10173.9
10048.9
9915.94
9781.57
9609.84
9440.27
9331.57
9221.07
9056.43
8892.53
8751.96
8611.68
8480.8
8349.57
8205.01
8061.09
7942.4
7823.96
7715.87
7607.79
7500.39
7392.82
7275.93
7159.28
7056.18
6953.21
6859
6764.77
6668.46
6571.7
6433.14
6294.78
6179.79
6064.09
5845.31
5626.58
5419.68
5212.63
4954.99
4697.35
4448.39
4199.44
