16.7971
10.5033
4.20949
10.4843
16.7782
23.8684
30.9615
23.9454
16.8524
26.8156
36.9057
30.666
24.2723
16.8908
9.49807
16.4975
23.6905
18.389
12.8944
17.8074
22.9024
25.5477
28.1452
26.1463
24.0484
22.048
20.05
20.7792
21.5784
21.3084
21.0087
21
21
20.6127
20.2131
18.3642
16.4661
17.075
17.7743
14.1433
10.3471
12.6968
15.2943
19.0418
22.838
21.3741
19.6758
17.6911
15.6931
18.0765
20.6739
23.0813
25.4789
18.7703
11.5773
12.9039
14.7021
11.7771
8.58024
15.0931
22.1862
20.06
17.3626
20.5796
24.1761
16.2496
7.55815
11.6743
16.6694
16.9067
16.8068
16.1483
15.449
20.6023
26.1969
24.9313
23.1331
19.2997
15.3036
17.1232
19.4209
15.2705
10.5751
16.3587
23.0521
19.1972
14.4019
15.9221
18.02
21.9446
26.0406
25.3975
24.2986
21.3808
18.2838
16.3666
14.5683
13.6756
12.8764
10.5411
8.04359
13.9308
20.7241
17.3517
12.8561
19.4018
27.1942
23.1632
17.7684
12.2844
6.78975
14.0478
22.8392
17.6601
10.7669
14.4394
19.4345
13.5328
6.23992
9.90821
15.0032
13.4832
11.0855
10.888
10.9879
13.6343
16.6313
19.6284
22.6254
21.7761
20.3775
21.5083
23.0068
21.1984
18.9006
21.4654
24.7622
19.6554
13.2617
14.9931
17.9902
17.4513
16.3524
18.3512
20.8487
22.4878
23.9863
24.457
24.7567
22.3217
19.4245
17.4652
15.667
15.1448
14.8451
13.6966
12.3979
15.079
18.4757
19.3379
19.7375
17.6929
15.1953
17.8272
21.4237
23.4262
25.1245
19.3738
12.1808
13.8391
17.2357
18.5497
19.4489
15.7769
11.1814
15.209
21.0034
20.6765
19.0781
20.533
22.6309
17.978
11.884
16.1385
22.6322
21.0961
17.7993
17.9356
18.8348
15.9013
12.105
12.3762
13.575
12.6639
11.2652
11.8096
12.8086
15.2613
18.0586
17.4721
16.0734
16.9252
18.3238
15.7137
12.1173
16.1987
22.1928
20.0491
15.8533
17.3876
20.3846
18.8564
16.1591
10.6107
4.31689
11.1369
21.4268
25.2549
27.3528
27.1711
26.3719
25.1806
23.8819
18.3595
11.6661
12.2285
14.826
11.1197
5.62504
11.93
21.6205
22.3288
20.4306
14.5934
7.60026
11.4699
18.563
20.5842
21.0837
15.6812
8.48827
13.0692
21.2612
18.6245
12.6304
16.5244
23.5175
21.1032
15.7085
8.57335
.880887
4.66062
12.1533
17.9145
23.1094
22.0724
18.9754
15.8785
12.7815
14.9877
18.9837
20.8939
22.0928
22.9944
23.7936
25.408
27.3061
21.5177
13.0261
16.3285
23.8211
25.7265
25.6266
24.7935
23.6945
22.7419
21.8427
18.2452
13.6497
16.6186
22.4129
24.1451
24.3449
23.9659
23.3665
26.158
30.254
27.5866
22.2918
22.2351
24.2331
21.5798
17.0842
20.7954
27.7886
27.7361
24.839
24.7807
25.8796
28.4648
31.6617
35.0703
38.5669
32.9134
23.4227
22.0038
24.0018
28.8696
34.9636
36.8
36.8
37.4264
38.3255
34.0886
27.595
27.8147
31.0116
37.038
44.3309
48.114
50.3118
53.4704
57.0669
53.9575
47.7636
49.1433
54.0385
51.722
46.0275
47.6598
52.7548
55.0764
56.0754
55.1859
53.3877
59.3907
69.1811
67.5719
60.379
57.7325
57.3329
60.9999
66.6943
67.7359
66.4372
65.5361
64.8368
66.5162
69.4134
70.0706
69.5711
68.152
66.2538
63.4388
60.142
63.0483
69.2422
70.1631
68.265
65.9774
63.4799
63.1176
63.9169
64.071
63.8712
64.4431
65.4422
70.0319
76.6254
77.5297
75.232
73.7627
72.7637
71.1293
69.1313
66.4365
63.3396
63.6522
65.95
67.8071
69.4055
70.0627
70.1626
69.5119
68.413
67.5635
66.8642
64.7973
61.9001
62.3491
64.8467
67.2825
69.6801
74.0482
79.6427
79.6517
76.1551
75.1059
75.6054
72.5677
67.2728
67.0845
70.1815
72.4907
74.289
75.0604
75.1603
72.3102
67.5149
65.0599
64.1608
66.3121
70.508
69.4576
64.8621
64.0696
65.8678
66.6592
66.7591
68.2757
70.7733
67.6228
60.5297
61.0596
66.9539
69.5753
69.875
69.534
68.7348
69.2708
70.7693
72.3257
73.9241
70.9675
64.6736
65.3903
71.2846
71.5665
67.6704
65.3151
64.1163
63.4862
63.2864
65.9773
70.8725
72.1527
70.6542
69.0431
67.3447
67.834
70.0319
71.2236
71.6232
72.1899
72.8892
71.6458
68.8486
68.9827
71.4803
71.4977
69.4997
66.7328
63.3361
62.2378
63.037
65.7992
70.1949
68.8858
62.7918
60.3248
60.9242
62.3867
64.5845
67.6422
71.4385
69.5587
62.7654
60.2402
61.439
63.9136
67.5101
65.8105
59.4168
61.2016
70.2927
72.3395
68.0437
64.7954
62.4977
59.939
57.1418
56.8396
58.8377
56.9518
51.4571
52.9788
61.0709
64.2805
62.8818
63.5824
66.2797
65.3559
60.9602
60.8323
64.8284
67.6604
69.3587
68.2338
64.3376
63.1031
64.5017
62.3987
56.8041
57.0893
63.2833
65.7548
64.456
62.1191
58.7225
59.3635
64.1588
67.8261
70.3237
67.399
58.8074
55.0325
56.3312
56.9515
56.8516
58.1031
60.8004
61.7193
60.7203
59.6255
58.4267
57.9907
58.3903
61.3063
67.0007
65.8864
57.1949
54.766
59.3615
61.5655
61.066
58.4652
53.4701
54.1015
61.1945
62.7311
57.8359
56.4449
59.1423
58.3503
53.4551
52.3544
55.751
57.0993
56.0003
55.4906
55.6904
55.8902
56.0901
56.1551
56.0552
52.5999
45.0073
42.938
47.7333
52.8834
58.4779
60.4521
57.8546
56.7956
57.6947
55.7495
50.155
45.6931
42.696
40.9566
40.8567
44.4696
52.9613
56.7686
54.3709
54.4117
57.7085
55.9803
47.4886
43.7869
46.5841
51.1113
58.0045
61.832
61.4324
61.2836
61.4834
59.2701
53.6756
51.5181
54.2154
59.6329
68.9238
74.318
74.1181
72.2855
68.0896
67.0625
70.659
73.0426
73.642
75.891
80.5864
84.5611
87.4583
89.8375
91.4359
92.2018
91.7022
91.3211
91.1213
93.2376
98.932
103.259
105.457
106.761
106.661
107.103
108.401
111.701
118.194
121.09
118.193
114.991
111.295
110.553
114.649
118.444
121.74
124.812
127.51
130.841
135.237
137.555
136.356
138.7
147.092
152.914
154.312
156.186
158.883
161.581
164.278
163.218
155.526
154.516
165.405
174.187
179.182
182.009
180.91
180.836
182.634
183.624
183.125
185.002
191.296
196.164
198.362
200.318
201.817
202.628
202.129
201.048
198.85
199.506
205.7
208.348
204.052
202.241
205.338
207.3
207
206.601
206.001
204.973
203.075
205.44
216.529
222.533
218.037
217.171
223.864
227.337
224.04
223.08
227.076
229.577
228.878
230.677
237.87
239.752
230.061
223.056
221.957
219.959
215.962
213.693
215.292
216.676
217.575
217.347
214.55
211.511
207.914
205.851
207.349
207.026
202.431
198.34
195.443
195.109
200.903
204.736
203.837
202.269
199.073
197.233
198.732
201.894
209.187
212.178
204.385
199.903
203.799
208.876
216.968
221.126
215.132
211.631
214.628
218.258
223.553
227.673
228.672
229.996
232.194
234.042
234.941
236.402
239.399
241.812
242.611
242.621
240.423
239.741
243.337
247.245
252.04
255.806
256.605
255.028
246.536
240.961
243.958
246.678
248.576
249.226
246.129
245.459
252.153
256.364
252.968
250.839
252.637
254.338
255.737
253.922
241.933
232.372
230.573
230.781
237.474
241.547
237.051
234.203
236.801
238.317
236.219
233.505
228.71
226.606
233.699
238.864
237.365
234.778
228.384
225.272
233.764
238.653
230.661
224.097
222.698
221.964
223.663
223.916
218.821
216.042
221.936
226.371
225.272
222.293
212.103
205.535
213.027
218.128
213.833
210.019
208.12
207.812
213.906
217.6
211.505
206.912
208.51
208.72
203.125
200.089
207.881
214.143
213.844
211.88
202.689
196.532
203.725
209.106
206.408
204.381
205.38
204.516
195.125
188.41
194.104
197.941
193.046
189.641
193.337
194.498
183.409
174.606
177.004
178.38
174.684
171.368
169.97
169.634
174.729
178.176
173.081
168.385
165.788
163.6
163.6
164.223
168.219
170.078
160.188
152.801
159.395
165.255
166.953
167.291
159.798
153.327
152.827
152.472
152.971
153.272
152.373
150.536
142.943
137.256
143.45
148.677
147.778
147.362
150.059
152.017
149.119
146.938
149.536
150.735
142.443
135.377
136.775
138.236
140.134
141.482
138.884
136.805
138.503
140.012
140.112
139.617
134.622
130.658
134.654
138.234
138.533
138.645
137.246
135.337
129.243
125.273
139.059
150.824
145.329
140.482
141.281
141.929
141.23
140.204
136.208
132.697
133.696
134.514
133.615
133.023
135.421
137.081
131.386
126.547
130.444
133.895
132.696
131.89
135.286
137.867
131.473
125.283
121.387
117.61
115.212
113.34
117.736
121.913
123.412
124.756
124.156
123.528
122.529
121.51
120.211
118.527
111.534
105.564
114.156
122.162
121.562
120.266
108.377
97.8392
108.529
118.271
112.576
107.412
111.208
114.52
109.325
104.462
105.661
106.765
106.066
105.395
105.295
104.901
98.4071
92.103
89.9052
87.8927
90.0905
92.461
98.9547
104.623
89.5379
75.3371
84.628
93.5143
91.0167
88.558
87.2592
85.8056
79.4119
73.4699
82.9606
92.036
85.842
79.7289
76.8318
73.9932
73.6935
73.3279
69.8314
66.4372
68.4353
70.3767
68.978
67.4676
58.4764
49.7199
59.1107
68.3611
64.7647
61.2026
61.5023
61.7649
56.6699
51.6088
53.4071
55.1887
51.3924
47.5972
44.7999
42.0027
