24.999
22.9011
20.8032
22.0968
23.3955
16.6302
9.83687
12.9795
16.1764
19.5716
22.9682
16.567
10.0734
15.0374
20.1324
19.7071
19.2076
18.9048
18.6051
18.5018
18.4019
19.4779
20.5768
19.1331
17.6345
18.9664
20.365
22.348
24.3461
20.1229
15.7272
13.9508
12.2525
16.0726
20.0687
21.8425
23.5408
16.6575
9.46457
10.3547
11.5535
16.9778
22.5723
23.95
25.1488
23.7654
22.2669
22.2954
22.3953
19.2568
15.96
13.0435
10.1463
11.328
12.7266
19.0476
25.6412
19.5763
12.783
14.7567
17.2543
18.717
20.1156
19.9184
19.6186
22.5041
25.6011
24.3977
22.8992
19.0684
15.0723
19.4547
24.4498
20.8053
16.5095
20.8352
25.8303
23.9798
21.5822
19.4614
17.3635
18.3054
19.5042
19.5081
19.4082
21.1428
23.0409
18.0744
12.4799
18.4846
25.5777
23.4659
20.4688
20.109
20.0091
19.0925
18.0935
20.5354
23.3326
24.7746
26.0733
19.1676
11.3753
17.707
25.5993
24.9637
23.3653
26.962
31.1579
26.8631
21.5683
22.4269
24.0253
23.3991
22.5
22.4
22.4
22.3114
22.2115
18.7525
14.8563
17.2224
20.4193
26.0803
32.0744
31.2194
29.4212
26.7468
23.9496
24.0371
24.5366
24.1639
23.6644
27.6902
32.3856
33.7815
34.6806
35.6663
36.6654
35.1577
33.2595
34.8973
37.0952
38.2605
39.2595
41.0312
42.9293
41.7438
40.0455
42.4492
45.5462
46.8526
47.8516
47.5746
47.0751
48.2731
49.7716
51.1008
52.3995
55.2189
58.3159
58.9686
59.1684
62.5636
66.5596
64.4315
61.1347
67.4632
75.6552
78.7535
80.8515
81.5332
81.9328
83.9946
86.3923
85.5563
84.0577
82.5592
81.0607
81.8728
83.1715
91.2211
100.712
106.671
111.866
113.865
115.164
115.318
115.218
120.419
126.812
134.915
143.406
149.463
154.958
157.457
159.255
167.595
177.486
178.272
176.873
181.422
187.416
191.887
195.983
202.078
208.672
215.345
222.039
217.67
210.477
217.415
228.005
238.278
248.468
255.498
261.692
259.848
255.852
264.433
276.421
280.568
282.566
286.832
291.728
292.098
291.199
295.825
302.019
315.044
330.029
330.07
325.774
335.768
349.954
356.05
359.747
362.828
365.726
369.236
372.932
379.305
386.498
390.793
394.189
395.076
395.176
402.711
412.601
414.395
413.595
416.57
420.766
422.101
422.501
426.729
432.224
436.221
439.718
446.127
453.52
457.858
461.155
465.566
470.362
478.714
488.305
493.608
497.405
507.245
519.234
536.442
555.523
566.832
575.324
583.742
592.134
599.505
606.498
623.456
644.136
656.328
665.32
685.669
710.344
720.879
725.974
740.711
759.193
775.307
790.492
811.831
835.608
849.75
860.04
881.931
908.505
932.949
956.526
963.329
963.229
975.693
993.375
1015.21
1038.79
1055.41
1069.1
1082.23
1095.12
1115.26
1138.54
1160.35
1181.53
1198.06
1212.55
1231.67
1252.85
1281
1312.27
1328.4
1337.69
1370.24
1413.4
1439.73
1458.31
1472.18
1483.87
1511.34
1546.21
1563.44
1572.33
1591.97
1616.75
1642.74
1669.31
1695.69
1721.96
1747.9
1773.67
1783.47
1785.37
1810.2
1846.46
1859.06
1859.76
1864.44
1871.13
1877.23
1883.03
1891.72
1901.91
1902.57
1898.28
1899.35
1903.25
1905.19
1906.09
1902.49
1896.5
1902.71
1915.49
1912.62
1901.23
1899.71
1903.61
1902.23
1897.94
1894.92
1892.63
1893.01
1894.91
1903.82
1916.71
1931.88
1948.37
1946.86
1934.97
1932.49
1935.49
1942.26
1951.26
1959.31
1966.8
1976.79
1988.28
1998.02
2006.72
2029.27
2060.24
2077.7
2086.89
2097.63
2109.31
2125.74
2145.13
2167.27
2191.15
2215.57
2240.35
2260.55
2277.83
2296.94
2317.22
2326.65
2329.05
2334.11
2340.9
2340.41
2335.11
2325.2
2312.21
2298.21
2283.52
2281.65
2288.45
2293.52
2297.41
2292.78
2282.29
2272.04
2261.95
2263.21
2272.4
2270.16
2259.87
2258.11
2262.41
2272.35
2286.34
2288.08
2280.98
2276.9
2275
2281.64
2294.52
2300.75
2302.04
2302.77
2303.07
2308.11
2316.7
2325.46
2334.35
2347.04
2362.63
2363.13
2352.04
2354.69
2367.97
2373.57
2373.18
2375.23
2379.23
2387.85
2400.14
2402.49
2396.9
2389.37
2380.27
2379.51
2385.5
2386.99
2384.79
2377.89
2367.1
2364.6
2368.99
2366.05
2356.96
2356.7
2363.89
2368.44
2370.74
2366.64
2357.05
2366.41
2392.19
2399.61
2391.02
2392.16
2401.85
2399.3
2385.92
2382.98
2389.37
2401.6
2419.08
2427.98
2429.07
2430.23
2431.42
2424.31
2409.52
2400.02
2395.42
2391.29
2387.59
2381.33
2372.64
2371.93
2378.82
2384.75
2389.74
2394.28
2398.38
2410.72
2431.1
2442.86
2446.16
2451.47
2458.76
2466.7
2475.29
2482.39
2487.98
2496.21
2507.1
2519.17
2532.46
2535.01
2526.52
2530.98
2548.86
2570.9
2597.27
2609.39
2606.49
2618.81
2647.28
2670.11
2686.89
2702.71
2717.5
2725.29
2725.49
2731.7
2744.49
2757.56
2770.95
2779.61
2783
2784.42
2783.62
2789.01
2801.4
2811.5
2818.99
2820.81
2816.12
2807.39
2794.01
2781.54
2770.15
2757.85
2744.46
2745.79
2764.58
2763.56
2738.88
2727.53
2732.22
2738.45
2746.55
2752.84
2756.94
2746.58
2718.41
2705.65
2712.04
2712.23
2704.64
2688.96
2663.09
2656.55
2674.64
2678.59
2664.4
2658.49
2663.29
2672.72
2688.21
2703.13
2717.32
2719.9
2707.11
2709.72
2732.9
2752.84
2768.43
2789.9
2819.37
2831.46
2819.77
2823.75
2849.33
2868.67
2879.36
2899.54
2933
2963.41
2989.48
3017.62
3048.69
3064.66
3058.97
3064.91
3087.68
3103.6
3109.49
3114.01
3116.51
3126.93
3149.11
3161.48
3159.18
3156.88
3154.58
3156.17
3163.67
3173.41
3186.59
3192.68
3187.78
3182.92
3178.13
3182.47
3201.15
3212.41
3211.91
3211.95
3212.84
3224.81
3254.58
3286.86
3323.23
3347.92
3353.52
3378.71
3436.25
3497.21
3563.84
3616.49
3645.66
3688.75
3755.38
3817.29
3871.14
3917.57
3951.24
3986.51
4024.57
4057.37
4080.95
4114.17
4164.42
4210
4247.26
4282.45
4313.92
4346.99
4382.96
4421.04
4463
4505.38
4548.54
4593.86
4643.22
4685.65
4715.12
4738.48
4750.27
4778.65
4838.69
4884.52
4903
4926.65
4960.31
4994.08
5028.05
5057.99
5079.96
5098.94
5111.93
5128.4
5151.87
5167.14
5165.74
5151.98
5112.91
5088.72
5095.21
5098.82
5096.42
5096.15
5100.35
5098.43
5083.54
5069.42
5056.93
5043.34
5027.36
5023.31
5045.29
5057.62
5048.73
5034.28
5007.51
4985.36
4973.57
4964.14
4960.05
4938.17
4875.73
4817.38
4768.42
4730.68
4718.99
4698.86
4658.89
4625.79
4608.9
4594.02
4583.93
4579.35
4588.04
4598.07
4611.35
4622.39
4627.88
4637.28
4656.36
4671.31
4675.9
4694.22
4747.27
4793.8
4823.67
4853.57
4883.54
4909.47
4924.85
4946.51
4984.67
5028.84
5088.98
5139.85
5165.82
5195.57
5235.53
5280.38
5338.62
5392.01
5431.97
5465.38
5480.46
5508.98
5575.42
5629.53
5648.51
5667.83
5688.11
5700.75
5691.16
5684.61
5687.01
5688.14
5685.55
5682.2
5676.61
5672.87
5674.77
5676.1
5675.7
5669.94
5647.56
5628.57
5620.18
5602.41
5554.95
5518.89
5519.29
5517
5506.01
5489.74
5456.17
5430.61
5431.51
5425.44
5396.06
5370.21
5356.22
5337.21
5301.05
5271.72
5266.03
5261.09
5258.79
5257.26
5258.46
5254.86
5234.08
5219.49
5227.28
5232.13
5226.24
5219.96
5212.27
5202.77
5186.48
5172.79
5168.89
5169.99
5190.27
5200.63
5172.46
5147.38
5134.5
5128.88
5152.15
5162.51
5120.85
5085.02
5072.93
5059.32
5039.44
5019.23
4997.65
4977.11
4960.92
4942.68
4915.6
4895.94
4908.42
4909.25
4858.8
4814.38
4796.79
4777.58
4751.01
4719.34
4664.4
4612.78
4576.62
4545.62
4538.93
4520.11
4443.48
4377.6
4363.61
4346.71
4315.55
4281.85
4235.59
4188.92
4140.17
4093.82
4059.76
4030.5
4026.21
4016.87
3981.01
3946.42
3918.64
3893.28
3881
3866.77
3841.9
3820.4
3817.81
3809.41
3768.15
3732.94
3732.54
3728.32
3701.74
3674.68
3644.71
3616.81
3601.43
3584.28
3556.31
3532.27
3532.77
3528.67
3495.4
3463.67
3441.9
3420.17
3398.79
3379.76
3376.36
3372.05
3361.56
3350.72
3337.43
3322.4
3295.13
3274.21
3298.79
3317.44
3292.86
3271.32
3272.32
3274.54
3286.03
3294.4
3278.72
3264.12
3258.13
3256.64
3291.3
3320.01
3299.93
3281.26
3274.37
3267.14
3257.05
3249.01
3258.8
3268.26
3274.86
3280.15
3273.55
3268.22
3274.61
3279.31
3267.82
3259.75
3285.03
3307.24
3298.95
3291.27
3289.77
3285.25
3249.19
3216.18
3215.98
3214.94
3204.65
3193.51
3172.73
3152.07
3132.79
3113.14
3089.17
3067.2
3069.79
3071.52
3062.23
3051.63
3024.05
2995.31
2950.96
2908.63
2894.35
2878.89
2846.82
2814.7
2781.73
2749.31
2725.24
2701.97
2691.48
2680.87
2668.18
2654.69
2627.72
2601.38
2586.2
2570.56
2546.68
2522.47
2491.8
2462.2
2453.8
2444.55
2417.48
2390.03
2354.36
2318.37
2275.01
2231.78
2191.42
2151.72
2128.74
2105.99
2089.1
2071.72
2040.15
2008.15
1963.29
1919.25
1901.17
1882.95
1860.07
1837.11
1811.03
1784.94
1757.86
1730.71
1700.04
1669.6
1650.12
1630.63
1610.75
1590.67
1558.7
1526.92
1508.14
1489.25
1462.08
1434.99
1415.91
1396.75
1368.68
1340.46
1290.5
1240.51
1181.37
1122.29
1084.22
1046.14
990.698
935.253
