59.0049
69.7943
80.5837
75.4129
70.218
70.2
70.2
61.7544
53.2627
61.5298
69.9215
65.3485
60.6531
62.5754
64.5735
67.6559
70.7528
68.2421
65.6446
68.0546
70.5522
66.9744
63.278
62.711
62.2115
61.0288
59.83
64.5727
69.4679
65.1285
60.533
59.8179
59.2185
63.7503
68.4457
65.798
62.9009
62.6071
62.4073
54.5093
46.3174
54.3547
63.0462
58.8957
54.2003
57.7299
61.6261
60.941
60.0419
62.0002
64.0981
64.2
64.2
64.7691
65.3685
63.9801
62.4815
65.8952
69.5916
59.4303
48.4411
55.0437
62.7361
61.6979
60.0995
56.3464
52.4502
56.1264
60.3223
60.8798
61.1796
61.5724
61.972
57.7266
53.1311
55.0248
57.4225
58.2475
58.9468
62.2309
65.7275
61.3942
56.3991
56.5515
57.1509
58.6676
60.266
60.4915
60.5914
62.9746
65.5721
62.2456
58.3494
55.0898
51.893
55.502
59.7978
56.8496
53.1532
52.8903
52.9902
55.6146
58.5117
59.5197
60.3189
60.0409
59.6413
54.584
48.9895
55.7287
63.9207
64.7108
64.6109
59.172
53.0779
54.6197
57.1172
58.0201
58.7194
55.8829
52.5861
55.5516
59.3479
58.8319
57.733
54.4388
50.8424
50.3124
50.2125
56.2318
63.125
56.15
47.1588
47.0443
48.2431
51.6995
55.4958
50.2821
43.6886
49.4557
57.1482
61.391
65.0873
56.565
46.0753
50.1803
56.6739
54.0024
49.8066
47.8326
46.2342
47.4495
49.1478
50.676
52.1745
53.7579
55.3564
55.5153
55.4154
59.8775
65.1723
58.6672
49.9757
54.0658
60.5594
59.1671
56.2699
56.3859
57.0852
55.7804
54.0821
56.0492
58.7466
54.5458
48.9513
46.9221
45.6234
48.626
52.5222
53.9427
54.8418
56.7289
58.8268
57.4752
55.3773
57.4581
60.4551
61
61
59.7768
58.2783
60.6845
63.9812
65.4115
66.4105
66.2761
65.8765
63.1349
59.8381
65.6452
73.6374
75.6018
76.1013
76.681
77.2804
76.5202
75.4213
77.3541
80.0514
80.202
79.7025
76.5831
72.7869
74.1382
76.8356
78.19
79.189
77.5875
75.2898
76.4507
78.5487
77.667
75.9686
78.2593
81.656
86.379
91.474
92.4443
92.2445
93.8302
95.9281
95.5482
94.4493
96.2854
98.9827
98.0591
96.0611
99.058
103.554
106.286
108.484
112.364
116.76
115.97
113.572
113.076
113.176
115.021
117.418
120.119
122.916
123.977
124.477
127.084
130.381
127.971
123.675
124.996
128.193
130.344
132.143
133.792
135.39
143.007
152.698
154.681
153.982
159.713
167.705
170.316
171.015
176.934
184.727
195.378
207.067
217.439
227.33
234.74
241.234
255.292
272.175
285.432
297.32
311.162
325.748
342.209
359.392
378.446
398.227
416.859
435.042
465.46
500.726
529.569
555.843
595.497
640.552
682.769
723.829
758.802
791.27
836.867
887.917
932.702
974.861
1018
1061.56
1119.81
1184.35
1249.31
1314.44
1367.47
1415.22
1488.1
1572.02
1638.36
1696.9
1775.25
1862.46
1935.71
2002.64
2073.01
2144.94
2227.06
2313.88
2387.73
2455.56
2540.54
2633.55
2715.97
2793.4
2854.52
2907.87
2983.74
3070.46
3133.84
3185.89
3251.95
3324.88
3396.54
3467.57
3527.8
3582.64
3620.28
3649.25
3684.58
3723.14
3769.77
3820.52
3844.78
3855.37
3861.63
3865.62
3890.18
3925.55
3948.12
3963.9
3990.17
4022.03
4042.09
4055.78
4052.45
4039.86
4031.72
4026.03
4030.82
4041.41
4041.16
4034.87
4049.28
4075.36
4083.14
4080.54
4088.68
4102.97
4092.62
4068.04
4062.66
4068.46
4076.89
4086.88
4087.09
4081.49
4081.34
4084.44
4097.14
4115.62
4118.93
4113.04
4110.86
4110.96
4116.68
4125.87
4129.58
4129.88
4142.77
4163.55
4157.83
4135.35
4136.48
4152.66
4144.83
4121.56
4098.83
4076.45
4057.21
4040.03
4007.97
3966.11
3925.04
3884.48
3847.32
3812.46
3773.24
3731.08
3696.41
3666.84
3652.55
3648.75
3619.93
3573.77
3549.8
3541.31
3522.08
3495.31
3484.49
3484.99
3486.07
3487.57
3469.51
3437.34
3433.81
3451.09
3450.33
3436.34
3416.38
3392
3387.73
3398.42
3391.7
3371.92
3358.05
3348.66
3359.9
3386.88
3391.37
3378.58
3370.18
3365.19
3361.71
3359.41
3353.59
3345
3341.25
3341.35
3330.91
3312.03
3290.1
3265.73
3251.05
3244.26
3227.74
3203.27
3179.5
3156.33
3125.79
3089.12
3062.08
3043.09
3016.7
2984.03
2952.44
2921.77
2879.38
2826.93
2791.94
2772.06
2753.57
2736.29
2707.15
2667.59
2650.75
2654.04
2645.47
2626.29
2603.16
2576.49
2566.73
2572.33
2548.18
2496.83
2480.62
2496.8
2499.21
2488.82
2483.59
2483.19
2472.62
2452.44
2444.24
2447.43
2445.53
2438.74
2440.73
2451.22
2443.49
2418.02
2404.49
2402.69
2399.39
2394.59
2380.44
2356.97
2341.76
2334.87
2318.2
2291.62
2263.32
2233.25
2202.14
2169.97
2142.56
2120.09
2094.73
2066.35
2039.05
2012.88
1989.56
1969.28
1947.17
1923.09
1891.13
1850.67
1826.49
1819.99
1806.83
1786.35
1765.53
1744.35
1720.39
1693.31
1676.74
1671.94
1647.13
1599.67
1550.68
1499.93
1459.59
1431.22
1393.59
1345.24
1290.8
1229.26
1179.42
1143.36
1100.8
1050.55
1005.86
967.794
932.949
901.979
867.264
828.002
791.931
759.763
735.2
720.015
703.003
683.722
666.437
651.651
636.424
620.64
608.327
600.435
593.243
586.949
586.536
593.729
592.119
579.032
575.097
583.189
589.906
594.801
602.52
614.008
632.268
659.641
688.54
719.51
752.505
788.27
838.482
908.613
983.593
1065.31
1151.65
1244.46
1354.95
1490.42
1635.24
1793.39
1962.28
2146.6
2339.94
2546.34
2756.88
2973.47
3204.93
3458.28
3704.84
3941.3
4181.42
4426.97
4678.59
4939.33
5182.52
5399
5626.89
5872.25
6109.21
6333.19
6554.4
6771.29
6976.24
7162.46
7342.1
7511.34
7694.61
7900.31
8098.13
8283.25
8467.49
8650.31
8839.65
9039.65
9236.68
9428.79
9642.2
9891.05
10137.2
10378.9
10624.1
10875.5
11117.7
11344.1
11582.8
11842.4
12093.4
12329.3
12581.6
12862.9
13119.9
13334.2
13558.7
13801.5
14027.2
14222.4
14432.2
14668.4
14906.7
15149
15370.7
15554.5
15749.9
15967
16195.2
16444
16658.8
16809
16975.2
17172
17371.5
17576.6
17752.3
17871
18018.1
18220.8
18394.2
18509.6
18621.2
18725.4
18831.6
18941.7
19035.5
19096.6
19148.7
19182.6
19214.4
19242.1
19252.8
19228
19231.7
19295.5
19320.4
19262.9
19238
19282.5
19299.9
19258.5
19233.8
19245.3
19232.2
19165.2
19103.1
19052.1
18994.2
18921.2
18841.8
18747.7
18648.3
18536.3
18426.2
18320.4
18203.4
18060.3
17923.3
17800.4
17684
17583.1
17505.7
17484.4
17453.6
17399.9
17353.1
17323.1
17309.1
17334.2
17372.6
17443.6
17506.7
17549.9
17604.2
17687.1
17768.7
17847.2
17959.7
18160
18349.1
18508.8
18662.4
18799.7
18935.4
19066.9
19206.6
19367.8
19538.8
19736.2
19921.8
20075.2
20224.2
20361.1
20498
20634.6
20762.1
20864.1
20970.9
21091.2
21202.5
21287.5
21352.5
21359.3
21384.4
21463.2
21520.5
21513.6
21500.3
21467.9
21436.8
21409.4
21373.4
21310.9
21247.8
21182.9
21126.4
21095.7
21061
21013.8
20953.4
20850.8
20749.9
20654.8
20562.5
20479.4
20389.1
20275.3
20170.1
20094.2
20017.6
19938.6
19867.2
19821.1
19752.4
19605.5
19494.3
19508.4
19498.6
19404.5
19318
19258.8
19201.2
19149.4
19098
19048
19011.5
19025.1
19018.3
18935.2
18867.8
18860
18842.4
18787.2
18741.1
18730
18713.5
18675.5
18641.4
18622.6
18598.4
18552.5
18508.1
18470.1
18422
18332
18259.8
18261.7
18239.3
18114.1
18009.2
17991.1
17957.1
17853.9
17756.9
17687.5
17606.4
17473.2
17367.6
17386.7
17375.3
17224
17078.8
16961.9
16843
16715.6
16588.8
16465.4
16337
16184.1
16036.1
15911.5
15789.6
15680.9
15574.4
15479.3
15380
15259.4
15140.7
15032.3
14921.4
14797.6
14674
14551.4
14431.4
14326.4
14226.6
14155.2
14081
13991.7
13900.5
13798.6
13697.8
13603.3
13509.7
13421.6
13338
13281.5
13217.9
13111.4
13010
12939.9
12870
12800.4
12732.1
12671.6
12613.3
12569.3
12518.3
12421.2
12339.1
12356.4
12365
12313.8
12264.1
12225
12188.2
12167.6
12144.3
12101.5
12062.6
12052.7
12044.6
12050.1
12054
12045.4
12036.4
12024.5
12017.3
12046.7
12073.1
12075.5
12076.8
12069.3
12065.5
12092.2
12114.4
12097.4
12075.8
12013.2
11959.7
11986.2
12010.4
12012.6
12015.4
12023.6
12031.4
12035.3
12040.1
12054.1
12065
12045.6
12031.6
12072.4
12108.1
12091.1
12070.6
12011.9
11958.3
11959.1
11952.5
11863.5
11776.5
11712.9
11648.6
11575.7
11501.1
11404.1
11308.5
11231.4
11153.3
11063.3
10972.8
10875.6
10779.6
10700
10620.8
10548.5
10475.3
10388.4
10303.5
10247.3
10189.3
10104.1
10020.1
9957.01
9893.8
9829.36
9765.25
9706.81
9647.57
9573.84
9498.46
9391.66
9286.44
9212.42
9136.98
9032.38
8928.36
8836.75
8744.74
8643.84
8543.2
8448.59
8352.78
8226.8
8102.15
8012.54
7922.44
7818.74
7714.87
7605.78
7496.94
7396.44
7295.33
7173.35
7051.68
6941.59
6831.43
6718.54
6606.22
6518.51
6430.37
6322.38
6214.88
6133.26
6051.45
5958.54
5865.93
5793.3
5720.58
5640.86
5560.98
5467.08
5373.06
5266.56
5159.96
5038.38
4916.72
4778.55
4640.21
4440.9
4241.61
4058.09
3874.57
