75.202
79.6976
84.1932
79.0129
73.818
76.488
79.1853
79.6968
80.1963
81.5883
82.9869
80.9216
78.8237
81.0717
83.3695
86.8502
90.3467
84.7923
79.0978
81.9455
84.9426
87.1558
89.3536
82.261
74.9682
78.1183
81.515
82.087
82.5865
82.0167
81.4173
80.3329
79.2339
79.1032
79.0033
77.8406
76.6417
81.9997
87.5942
82.4112
76.8167
82.746
89.1397
82.979
76.2855
74.9479
73.849
78.954
84.3487
76.9801
68.9879
70.3109
72.1092
73.528
74.9266
80.2063
85.701
81.3712
76.476
73.1833
69.9865
72.8103
76.0072
79.9551
83.9512
81.6706
78.9732
79.9218
81.1206
76.8153
72.1199
75.1514
78.7479
77.4207
75.7224
75.0438
74.4443
71.0697
67.4732
73.2926
79.8861
76.8996
73.1033
72.2484
71.649
70.2241
68.7256
69.6983
70.8971
73.1006
75.3984
75.6911
75.791
75.2543
74.6549
71.5146
68.1179
66.7134
65.5145
68.2009
71.2979
75.2965
79.3924
76.0216
71.8257
70.8614
70.262
74.3202
78.9157
72.965
65.772
72.1343
80.1265
80.822
80.6222
77.0485
73.0524
76.0551
79.9513
78.0133
75.3159
75.7938
76.6929
78.5601
80.5581
74.3021
66.9094
68.3655
71.0629
71.8371
72.3366
71.1789
69.7802
66.9022
63.8052
64.4419
65.6408
71.6911
78.4845
73.5221
66.7288
69.3359
73.4319
73.6558
73.2562
68.2206
62.4263
65.1975
69.3934
71.7092
73.7072
72.5505
70.8521
73.4923
76.889
80.2008
83.4975
80.6129
76.6168
75.831
75.6312
73.3243
70.6269
77.2635
85.6552
78.7784
68.988
70.3294
73.826
77.573
81.3693
78.5011
74.3052
76.7582
80.5544
76.8884
71.6935
71.2963
71.8957
73.3203
74.9188
72.8125
69.9153
70.7962
72.4945
73.4555
74.2547
74.7269
75.1265
76.26
77.5588
78.044
78.3437
77.1827
75.6842
80.6622
87.1558
90.3382
92.7359
88.0438
81.6501
82.1681
84.3659
91.4544
99.7463
100.28
98.8817
98.0415
97.3422
97.4387
97.7384
100.817
104.613
107.934
111.131
115.197
119.493
116.696
112.001
112.336
114.035
112.753
110.655
119.508
131.396
132.674
130.975
130.678
130.778
127.307
122.811
126.678
132.972
132.778
130.68
134.36
139.755
137.542
133.046
135.832
140.827
142.076
142.176
142.505
142.905
144.521
146.519
147.91
149.109
150.913
152.911
153.626
153.926
153.925
153.825
155.377
157.475
161.52
166.215
173.823
182.415
183.035
180.938
186.641
195.033
204.166
213.557
213.413
209.917
216.297
226.188
233.799
240.592
252.152
265.439
275.947
285.438
302.44
322.221
338.437
353.323
369.151
385.335
412.226
443.196
459.736
470.725
494.81
523.981
556.453
590.22
625.561
661.526
699.275
737.737
781.964
828.519
873.653
918.21
978.62
1045.55
1103.74
1158.28
1210.3
1261.25
1322.44
1387.98
1457.43
1528.56
1608.21
1691.53
1775.61
1860.03
1932.72
2000.25
2077.41
2158.83
2257.36
2363.56
2453.99
2537.31
2624.4
2713.22
2808.53
2906.83
3019.88
3139.76
3234.4
3317.22
3403.09
3490.41
3586.51
3686.82
3776.93
3862.15
3949.38
4037.6
4113.47
4183.3
4253.54
4323.97
4373.8
4413.36
4463.82
4519.77
4573.53
4626.17
4673.14
4717.2
4750.91
4779.28
4815.67
4856.23
4886.05
4910.22
4918.73
4918.93
4933.84
4956.62
4962.72
4959.82
4969.93
4987.11
4992.88
4992.38
4997.28
5005.17
5001.52
4991.43
4988.37
4989.27
4991.13
4993.53
5018.29
5055.85
5071.44
5074.33
5077.74
5081.43
5069.2
5047.62
5043.24
5049.03
5047.01
5040.31
5055.95
5085.02
5089.29
5078.5
5077.56
5082.65
5076.63
5063.74
5067.11
5080.6
5094.58
5108.86
5120.76
5131.15
5131.05
5124.26
5117.1
5109.71
5097.29
5081.6
5040.25
4982.1
4934.62
4894.16
4854.48
4815.31
4785.42
4761.75
4704.74
4625.22
4570.42
4532.46
4504.03
4482.15
4454.25
4422.18
4400.29
4385.51
4365.44
4341.67
4310.94
4275.27
4264.88
4272.58
4266.57
4250.68
4234.22
4217.34
4213.49
4219.18
4206.26
4179.58
4169.97
4173.07
4168.75
4158.86
4156.48
4159.77
4162.84
4165.74
4174.17
4186.86
4190.49
4187.09
4182.12
4175.93
4167.27
4156.68
4148.66
4142.66
4116.3
4073.64
4048.96
4038.77
4013.75
3976.69
3938.58
3899.62
3875.38
3863.29
3838.28
3802.51
3774.57
3753.19
3714.98
3662.53
3618.77
3582.4
3547.59
3514.13
3475.73
3433.08
3403.86
3386.38
3355.55
3313
3280.02
3255.55
3224.21
3186.75
3171.1
3175.1
3164.17
3139.69
3118.35
3099.86
3079.72
3058.04
3049.98
3054.58
3040.29
3008.32
2999.99
3013.98
3016.09
3006.9
3001.07
2998.48
2998.93
3002.32
3004.3
3004.9
2996.23
2978.44
2964.43
2954.14
2935.79
2909.42
2884.49
2861.01
2832.08
2797.61
2776.59
2769.3
2751.22
2722.05
2683.31
2634.66
2601.89
2585.7
2554.19
2506.54
2459.9
2414.35
2382.02
2363.83
2342.53
2317.85
2290.4
2259.93
2227.93
2194.27
2172.42
2163.63
2141.27
2103.8
2075.01
2055.92
2023.71
1976.66
1931.33
1887.98
1839.41
1784.86
1729.34
1672.7
1607.99
1533.86
1467.31
1409.66
1354.44
1302.09
1251.02
1201.47
1157.45
1120.08
1080.15
1037.09
1001.63
975.453
951.023
928.745
903.928
875.955
849.845
826.069
809.356
801.564
795.354
791.158
782.236
767.251
757.624
754.926
752.359
749.961
750.931
756.326
760.302
762.4
771.685
790.567
812.472
838.446
873.45
920.703
966.818
1011.37
1066.6
1136.53
1224.48
1337.47
1452.91
1571.79
1708.9
1871.74
2047.97
2243.28
2457.05
2697.31
2946.97
3210.21
3473.29
3736.13
4012.48
4308.69
4595.56
4868.59
5157.88
5471.47
5784.99
6098.38
6390.56
6650.51
6920.79
7206.91
7497.5
7795.01
8071.47
8315.13
8545.5
8754.99
8968.05
9186.73
9413.23
9652.19
9878.6
10084.8
10294.9
10511.3
10742.3
10997.4
11260.5
11537
11806.4
12063.7
12343.6
12661.3
12963.9
13241
13514.8
13782.7
14077.4
14418.3
14735.9
15013.1
15304.1
15619
15905.2
16141
16390.1
16662.8
16948
17255.6
17562.7
17868.8
18172.2
18470.7
18759.5
19030.3
19291.3
19534.1
19771.2
19997.8
20233.2
20485.4
20726.9
20948.3
21175.9
21415.5
21647.8
21866.2
22047.7
22157
22295.5
22491.5
22662.1
22782.1
22895.5
22995.7
23085.5
23154.2
23226
23304
23373.8
23426.7
23452.8
23423.1
23411
23435.8
23459.4
23480.8
23486.7
23459.6
23446.7
23464.7
23466.6
23433.5
23401.5
23371.7
23321.2
23224.8
23114.8
22974.2
22839.7
22718.8
22587.4
22432
22289.4
22176.6
22029.6
21803
21617.6
21528.6
21443
21365.7
21282.2
21183.9
21090.4
21008.7
20957.5
20980.6
20995.2
20989.1
20997
21039.7
21103.8
21221.7
21350.1
21505.1
21649.7
21767.4
21916.1
22145
22362.9
22552.1
22739.8
22923.6
23107.9
23293.3
23493.7
23734.5
23966.5
24174.6
24384.5
24599.4
24797
24946.8
25100.6
25265.2
25419.5
25544.3
25670.5
25800.5
25919.3
26005.7
26075.1
26095
26136.2
26240.3
26309.2
26273.3
26238.2
26205.2
26173.4
26145
26111.8
26063.7
26006.5
25920.9
25829.2
25718.8
25610.2
25507.6
25404
25297.4
25189.5
25077.3
24966.6
24860.9
24737.6
24555.7
24401.2
24337.6
24267.1
24172.9
24089.3
24041.9
23981.5
23876
23784.2
23740.4
23691.9
23627.1
23561.2
23491.4
23431.6
23407.5
23369.7
23281.9
23202.1
23152.1
23109.9
23097.1
23079.4
23043.3
23008.5
22978.8
22932.8
22823.3
22731.6
22709.8
22685.9
22653.9
22619.9
22578.1
22530.3
22457.5
22389.8
22342.4
22289
22210.3
22139.6
22102.9
22064.1
22016
21953.8
21830.2
21712.6
21622.1
21522.7
21383.8
21253.3
21160.9
21049.8
20852.5
20674.5
20586.2
20482.4
20305.9
20134
19984.4
19839
19714.6
19575.4
19364.1
19162
19005.6
18857.5
18750.7
18637.1
18488.4
18337.4
18173.9
18006.5
17818.4
17641.5
17524.3
17410.1
17312.3
17215.2
17121.5
17021.4
16886.2
16755.5
16650.9
16544.7
16429.2
16314.8
16206.8
16101.1
16008.6
15913.6
15803.9
15697.5
15610.8
15522.6
15423.8
15330
15267.3
15201.2
15113.6
15028.1
14956.4
14885
14816.3
14753.3
14729.4
14702.4
14653.3
14605
14562
14524.8
14529.6
14534.6
14541.1
14549.3
14570.9
14590
14590.2
14589.9
14585.2
14582.1
14591.6
14603.3
14633.5
14652.9
14584.4
14523.9
14530.2
14536.7
14545.6
14552.7
14543.9
14534.4
14518.2
14501.2
14477.3
14457.9
14479.8
14504.7
14558.7
14604.7
14573.2
14547.3
14576.5
14600.6
14571.9
14542.5
14506.6
14467.1
14388.6
14313.4
14275.7
14232.3
14125.3
14019.5
13927.2
13836.4
13764.8
13691.4
13595.9
13498
13370
13246.1
13174.3
13101.4
13012.6
12920.9
12789.1
12659.7
12564.5
12471.9
12416.3
12359.7
12287.2
12213.2
12116.2
12021.3
11960.6
11897.5
11791.6
11686.6
11598.1
11508.6
11401.1
11293.3
11179.8
11067.5
10978.3
10888.3
10781.1
10672.5
10533.7
10395.4
10267.4
10140.7
10043.6
9943.89
9778.95
9616.64
9524.13
9428.49
9244.77
9063.14
8943.75
8824.25
8701.07
8577.66
8446.29
8314.62
8171.86
8029.62
7908.04
7786.76
7678.87
7570.9
7459.21
7347.85
7254.14
7160.19
7051.8
6943.33
6829.94
6716.62
6608.22
6500.02
6409.51
6318.93
6220.32
6121.29
5960.15
5798.99
5634.15
5469.14
5246.56
5023.93
4755.99
4488.05
