83.3997
82.8003
82.2009
78.0104
73.8145
72.4062
71.0076
75.6699
80.3653
77.1276
73.8308
66.8722
59.879
74.3195
89.0051
76.1878
63.0008
71.5559
80.4472
79.6181
78.6191
78.6
78.6
82.9029
87.2986
80.4705
73.3775
77.9727
82.8679
77.362
71.5677
71.0119
70.6123
75.6343
80.8293
79.2608
77.4626
75.4715
73.4735
77.9227
82.6181
76.4619
69.8684
72.6667
75.8636
78.7735
81.6707
73.3054
64.4141
69.5244
75.3187
69.3265
62.733
68.7554
75.4488
74.2854
72.687
69.6715
66.5746
69.7937
73.3902
76.4222
79.4193
78.1918
76.6933
80.8157
85.3113
80.0843
74.19
75.4792
77.2774
72.0936
66.3991
71.481
77.3752
72.6086
67.0141
70.0228
73.7191
74.4615
74.961
74.1709
73.2718
69.5232
65.5271
66.1172
67.1162
66.1932
65.0942
63.7213
62.3227
68.7619
75.9548
76.1453
75.6458
71.8794
67.7834
69.0299
70.8281
70.7289
70.4292
70.4901
70.59
66.2818
61.4865
64.7702
68.9661
66.9816
64.2842
68.0219
72.5175
70.0571
66.7603
67.2898
68.2888
67.3345
66.1357
67.3289
68.8274
67.9392
66.7404
65.6298
64.5308
63.1679
61.7693
60.8975
60.0983
62.4531
65.2504
70.5828
76.2772
73.075
68.5794
69.1313
70.43
67.3873
63.6909
64.153
65.2519
66.9559
68.7541
68.5688
68.0693
68.9465
70.0454
70.9726
71.8718
73.0279
74.2267
68.9306
62.5368
64.1579
67.155
69.3864
71.4843
68.0656
63.6699
62.5766
62.0771
67.4912
73.9849
75.6743
76.4735
71.7228
65.9285
69.7819
75.4763
75.3956
74.1968
70.7434
66.8472
73.3643
81.9559
82.2364
80.8378
80.2683
79.8687
72.1071
62.8162
65.5737
70.8685
75.34
79.6358
79.4144
78.2156
79.8026
82.0004
80.6834
78.5855
80.157
82.5547
83.6508
84.45
81.5973
77.901
85.9433
96.7327
95.085
90.4895
88.9554
88.1562
95.0725
103.864
102.794
99.2973
100.279
102.377
103.358
104.058
102.688
100.79
103.099
106.496
106.487
105.588
110.298
116.492
113.466
107.971
115.132
125.722
123.687
118.193
120.832
125.728
129.062
131.96
130.11
126.913
128.063
130.461
132.549
134.547
140.484
147.577
148.738
148.138
148.461
149.06
151.883
155.379
158.57
161.667
161.332
159.934
160.056
160.656
162.014
163.612
165.513
167.511
173.132
179.926
181.148
180.549
177.021
172.526
180.686
193.074
194.855
193.057
195.058
198.355
202.543
207.039
212.127
217.422
225.156
233.748
243.961
254.75
262.893
270.086
282.485
296.771
309.082
320.671
332.77
345.058
355.091
364.282
379.639
397.322
424.192
454.562
481.325
506.7
530.564
553.842
585.586
620.652
654.572
688.04
728.001
770.559
820.448
873.296
912.447
946.014
992.887
1045.23
1105.56
1169.2
1232.62
1295.96
1346.81
1392.36
1463.32
1545.14
1615.87
1681.8
1763.81
1852.83
1917.83
1972.27
2060.77
2164.37
2248.5
2323.93
2402.87
2483.39
2573.04
2666.84
2755.79
2842.51
2923.9
3002.82
3102.63
3212.23
3295.7
3366.83
3454.2
3549.3
3626.54
3695.17
3772.75
3854.67
3931.02
4004.65
4058.08
4101.54
4156.86
4218.1
4264.72
4303.98
4338.87
4371.54
4406.12
4441.69
4466.51
4485.8
4518.94
4559.3
4581.71
4594.7
4614.54
4638.02
4636.82
4622.44
4631.29
4652.67
4660.78
4661.68
4676.06
4697.84
4696.08
4681.29
4670.16
4661.07
4657.35
4656.65
4658.82
4662.62
4659.81
4653.21
4661.57
4678.55
4692.57
4704.85
4698.95
4682.37
4694.21
4722.88
4720.28
4699
4675.97
4651.89
4647.09
4653.98
4663.48
4674.57
4683.43
4690.92
4699.34
4708.33
4709.04
4704.54
4695.33
4683.15
4683.16
4690.95
4679.71
4656.24
4634.03
4612.65
4577.44
4533.19
4486.4
4437.95
4390.09
4342.64
4301.05
4263.39
4228.88
4196.51
4162.72
4127.95
4090.35
4050.78
4023.09
4003.61
3994.95
3993.85
3984.6
3969.62
3944.35
3911.78
3896.22
3892.82
3883.91
3871.02
3861.49
3854.4
3834.27
3804.6
3787.92
3780.83
3778.37
3779.37
3776.6
3771.01
3779.75
3799.33
3807.52
3807.02
3794.94
3773.96
3773.52
3789.01
3796.75
3798.45
3787.46
3766.48
3753.19
3746
3721.93
3684.37
3655.32
3633.14
3613.06
3594.68
3561.91
3517.35
3487.24
3469.06
3437.95
3396.09
3351.52
3304.66
3263.76
3227.9
3199.21
3176.63
3156.26
3137.77
3096.37
3035.13
3003.4
2997.4
2979.24
2950.37
2938.71
2942.3
2929.44
2901.86
2871.24
2837.87
2814.56
2800.38
2790.68
2785.08
2777.77
2768.88
2756.73
2741.54
2741.42
2755.41
2755.06
2741.17
2736.4
2740.29
2739.6
2734.5
2731.8
2731.4
2723.81
2709.22
2700.08
2696.29
2689.23
2678.94
2653.84
2613.98
2584.03
2564.05
2555.04
2557.14
2530.76
2475.32
2436.71
2415.43
2394.69
2374.51
2347.39
2313.03
2281.09
2251.72
2221.48
2190.31
2170.77
2163.68
2145.1
2114.13
2090.91
2076.13
2059.01
2039.33
2017.13
1992.15
1970.39
1952.21
1921.36
1876.31
1836.41
1802.34
1763.47
1719.11
1668.89
1611.95
1550.33
1483.29
1428.43
1387.77
1340.18
1284.43
1241.67
1214.3
1176.37
1125.81
1079.75
1039.09
998.071
956.612
923.016
899.039
879.805
866.418
848.711
825.633
803.354
782.075
767.109
760.116
751.497
740.807
732.787
728.191
721.461
711.971
706.383
705.884
710.349
721.338
728.846
731.743
743.795
768.072
789.665
807.647
839.364
889.714
938.968
986.721
1042.91
1110.75
1186.73
1274.05
1376.59
1500.47
1636.81
1790.76
1954.31
2131.54
2315.08
2507.69
2707.69
2918.39
3144.52
3393.17
3638.76
3879.82
4119.56
4357.33
4597.13
4840
5087.92
5343.47
5573.76
5765.67
5963.7
6171.1
6373.98
6569.89
6763.18
6952.39
7126.68
7277.54
7439.29
7618.32
7792.03
7957.27
8127.91
8307.23
8491.47
8683.68
8887.22
9109.3
9321.96
9519.07
9725.29
9946.67
10166.4
10383.5
10599.9
10815.1
11044.2
11297.2
11550.6
11804.9
12031.7
12210.8
12414.4
12660.8
12885.8
13072.8
13270.8
13488.3
13705.5
13922
14142.2
14368.8
14598.7
14834.9
15047
15214.9
15378.1
15532.6
15713
15941.9
16153.3
16331.6
16494.1
16626.4
16774.8
16954.2
17119.3
17256.7
17391.7
17522
17628.6
17688
17761.5
17863.1
17966.9
18074.9
18158.2
18191.7
18224.1
18254.4
18277.8
18286.8
18301.7
18328.6
18340.7
18322
18307.3
18301.5
18306.2
18333.2
18348.4
18338.2
18316.1
18268
18211.8
18137.7
18068.1
18008.7
17942.3
17860.4
17760.8
17621.5
17489.3
17373.4
17245.6
17090.6
16955.8
16868
16762.5
16615.5
16481
16375.9
16309.2
16334.5
16333.4
16268.4
16230.6
16258.6
16280.1
16285.2
16314.1
16402.5
16491.2
16580.9
16676.9
16789
16910
17053.7
17180.7
17264.8
17366.2
17512.5
17658
17800.9
17948.7
18109.1
18268.8
18426.3
18605.2
18842.1
19043.8
19149.1
19266.7
19418.4
19574.4
19741.9
19881.8
19943.7
20018
20127.5
20211.1
20220
20244.2
20313.3
20368.1
20380.9
20380.6
20341.1
20304.5
20277.2
20248.4
20215.6
20187.5
20174.4
20141.9
20049.9
19944.1
19794.8
19676.1
19654.3
19617.4
19532.5
19441.7
19332.1
19245.4
19233.5
19207.5
19135
19059.2
18972.1
18886.1
18803.6
18726.8
18669.2
18601.3
18497.7
18407.9
18366.4
18327.2
18296.2
18255.3
18178.7
18111.5
18077.6
18050.1
18045.9
18029
17965.2
17911
17892.9
17874.6
17855.3
17827.1
17765
17702.9
17640.7
17584.2
17550
17513.8
17470
17428.3
17394.4
17368
17372.3
17368.4
17330.5
17288.1
17226.8
17162.2
17083.8
17011.7
16967.1
16914.9
16829.9
16745.1
16661.6
16580
16506.7
16427.9
16323.5
16208.5
16045.2
15901.7
15850.6
15780.8
15623.8
15474.6
15362.7
15246.9
15112.6
14981
14863.1
14750.3
14662.9
14569.9
14448.4
14330
14227.7
14124.6
14016.9
13911.8
13820.7
13725.9
13611.3
13500.8
13412.3
13326.1
13252.5
13177.6
13094.7
13010.2
12916.8
12825.3
12745.2
12665.4
12587.1
12509
12431
12356.3
12300.9
12245.3
12189.1
12130.4
12056.4
11983.7
11918.2
11852.2
11782.4
11718.8
11696.3
11669.2
11611.2
11556.4
11523.8
11488
11429.1
11375.9
11362.5
11354
11379.9
11400.9
11384.9
11368.4
11347.9
11331.1
11342.5
11356.7
11393
11422.6
11399.3
11377.4
11366.7
11354.4
11328.3
11304.8
11302.6
11299.3
11286.8
11275.9
11278.7
11278.3
11250.2
11227.5
11254.4
11279.4
11285.9
11295.5
11334.7
11368.8
11353.8
11338.3
11317.6
11301
11325.2
11343.7
11301.9
11258.8
11202.9
11145.3
11069.8
10994.8
10926.4
10859.6
10812.2
10762
10678.8
10595.7
10511.8
10430.2
10375.2
10318
10231.1
10143
10039.8
9939.48
9878.64
9818.73
9771.97
9722.44
9632.03
9542.93
9473.8
9403.88
9321.66
9241.19
9189.25
9137.23
9084.08
9028.91
8938.3
8848.44
8772.21
8696.34
8627.21
8557.15
8468.74
8380.67
8299.75
8216.5
8082.83
7951.37
7870.05
7787.52
7676.23
7566.04
7483.52
7399.41
7272.93
7147.31
7045.71
6943.85
6834.16
6725.47
6648.84
6570.99
6451.11
6332.18
6248.57
6164.82
6076.11
5987.27
5893.07
5798.85
5704.34
5610.07
5528.15
5446.37
5372.64
5298.83
5219.1
5139.45
5065.22
4991.06
4922.63
4853.71
4730.23
4606.77
4485.89
4364.85
4213.5
4062.02
3865.51
3669.01
3477.99
3286.98
