124.594
112.306
100.018
108.978
117.969
108.243
98.4531
97.7045
97.0051
105.33
113.721
116.967
120.164
115.656
111.061
105.677
100.282
107.185
114.278
108.705
102.911
104.27
105.768
108.538
111.335
107.789
104.092
107.312
110.708
107.786
104.69
105.376
106.175
105.329
104.429
103.627
102.828
101.257
99.6588
103.353
107.249
105.191
102.893
105.1
107.498
103.009
98.2139
98.9544
99.9535
100.667
101.366
106.818
112.512
106.35
99.5564
102.892
106.788
102.654
98.0591
99.1197
100.518
100.318
100.018
106.477
113.371
108.741
103.346
96.8299
90.2363
99.5955
110.085
105.307
99.4132
101.973
105.17
97.2421
88.4507
89.3726
91.0709
97.5695
104.463
107.211
109.608
106.215
102.319
100.349
98.5507
96.2948
93.9971
90.8773
87.6805
90.3164
93.5132
96.892
100.289
102.687
104.985
102.212
98.9151
93.7208
88.3261
93.4799
99.7738
99.0505
97.552
97.759
98.1587
102.231
106.726
101.212
94.5184
95.316
97.0144
97.2
97.2
95.0691
92.6714
97.1839
102.579
99.5757
95.4797
97.8224
101.019
100.08
98.5814
100.683
103.28
104.301
105.1
101.441
97.1452
99.4783
102.775
107.725
112.92
107.869
101.276
104.992
110.286
113.247
115.845
114.648
112.849
108.986
104.79
109.093
114.788
115.514
115.414
113.52
111.322
112.535
114.333
120.98
128.473
124.168
117.774
117.647
118.646
121.081
123.778
129.173
135.067
142.979
151.271
146.727
139.734
137.679
136.58
135.899
135.299
137.866
141.063
146.503
152.398
153.732
154.131
154.117
154.017
160.519
168.411
170.047
170.347
169.004
167.305
176.341
187.729
184.242
177.448
179.788
184.184
196.47
210.556
217.826
223.52
223.628
222.43
228.257
235.75
240.422
244.419
249.299
254.394
259.088
263.683
269.239
275.033
280.029
284.825
296.226
309.313
312.873
313.972
320.298
327.99
328.178
326.38
329.861
334.756
344.368
355.257
356.267
354.569
359.362
365.956
376.918
389.106
393.668
396.065
409.797
426.78
424.715
417.122
424.205
435.594
436.582
434.484
436.228
439.126
452.754
469.637
477.881
483.476
486.02
487.618
497.812
510.699
506.289
496.399
500.054
508.046
516.34
524.732
525.445
523.647
531.384
542.273
545.299
545.699
553.568
563.958
574.571
585.261
592.904
599.497
603.942
607.638
627.151
652.226
671.773
689.356
700.249
708.741
729.037
753.613
773.874
792.556
801.684
807.278
835.493
872.157
902.293
929.966
952.141
972.221
1005.86
1044.73
1071.36
1093.23
1134.06
1182.31
1230.06
1277.61
1311.04
1338.81
1387.08
1443.62
1480.65
1509.72
1554.65
1606.1
1666.02
1729.46
1776.92
1817.68
1871.07
1929.81
1983.59
2035.23
2105.38
2183.5
2246.45
2302.8
2365.46
2430.9
2520.28
2620.28
2690.26
2746.81
2817.66
2894.99
2972.59
3050.31
3143.98
3244.98
3314.8
3370.14
3465.77
3580.26
3665.03
3735.76
3820.29
3911.4
3983.42
4046.26
4124.64
4210.55
4276.42
4332.46
4390.18
4448.72
4497.06
4540.32
4586.31
4633.66
4672.6
4707.26
4744.84
4783.9
4822.96
4862.02
4885.12
4899.91
4914.17
4928.15
4935.02
4938.12
4940.18
4941.67
4944.47
4947.97
4952.24
4956.94
4962.47
4968.46
4970.08
4969.29
4965.15
4959.16
4981.48
5019.74
5025.44
5012.65
5024.2
5049.67
5056.28
5051.98
5047.05
5041.76
5026.27
5004.79
5012.67
5037.95
5049.78
5053.57
5037.6
5009.73
5030.84
5081.69
5099.26
5096.47
5120.29
5160.55
5181.85
5191.34
5200.65
5209.84
5213.15
5212.75
5225.04
5245.42
5253.1
5252.6
5239.55
5218.37
5209.09
5207.59
5181.59
5139.43
5081.37
5012.74
4979.22
4969.23
4951.67
4928.99
4908.39
4889.21
4858.36
4819.5
4800.77
4795.97
4793.94
4793.84
4785.94
4772.55
4764.78
4760.98
4768.49
4784.07
4778.41
4757.43
4746.75
4743.55
4736.49
4726.6
4704.82
4674.25
4674.26
4697.03
4704.74
4701.15
4717.17
4748.04
4752.44
4736.66
4728.39
4725.89
4737.3
4759.47
4767.91
4765.61
4769.52
4778.31
4762.59
4727.43
4697.09
4670.62
4661.79
4667.18
4659.13
4640.15
4609.85
4570.29
4547.26
4537.86
4521.98
4500.71
4476.87
4450.9
4426.17
4402.49
4388.96
4384.06
4365.94
4336.47
4315.89
4303
4286.49
4266.81
4240.06
4207.09
4183.34
4167.75
4160.03
4159.33
4154.37
4145.58
4137.84
4131.04
4124.04
4116.85
4106.17
4092.29
4078.14
4063.76
4063.87
4077.55
4069.09
4039.72
4033.64
4049.73
4066.47
4083.86
4082.14
4061.96
4046.53
4035.74
4037
4050.09
4063.88
4078.37
4067.19
4030.43
4013.39
4016.19
4012.39
4001.9
3980.09
3946.72
3929.95
3930.25
3929.66
3928.16
3933.85
3947.03
3941.2
3915.32
3899.04
3892.95
3888.3
3885.21
3880.19
3873.09
3883.14
3911.81
3913.64
3886.07
3866.38
3855.39
3872.67
3921.43
3924.74
3877.09
3840.4
3816.13
3790.73
3764.06
3733.15
3697.39
3653.66
3600.71
3542.97
3479.63
3432.91
3405.74
3368.78
3320.23
3280.1
3250.03
3219.23
3187.56
3158.83
3133.65
3104.88
3071.71
3040.11
3010.44
2980.55
2950.38
2941.18
2958.27
2964.18
2955.99
2948.01
2940.32
2941.69
2954.67
2960.04
2955.54
2963.8
2988.67
3018.47
3054.73
3079.44
3088.83
3106.48
3135.15
3172.12
3220.28
3265.93
3308.19
3360.87
3427.8
3495.7
3564.94
3643.15
3733.87
3825.82
3919.53
4032.7
4173.37
4312.79
4450.46
4584.27
4712.54
4853.8
5013.84
5185.83
5375.24
5547.51
5694.57
5858.2
6046.42
6220.06
6371.91
6546.23
6754.43
6941.57
7096.72
7255.89
7421.23
7575.85
7713.92
7858.11
8011.86
8164.72
8316.17
8454.86
8573.34
8713.91
8889.74
9059.98
9221.22
9377.74
9526.59
9705.72
9934.4
10149.6
10342.8
10551.4
10785.9
11019.1
11250.4
11487.1
11733
11961.7
12161.1
12371.6
12601.3
12839.7
13093.5
13337.1
13563.1
13785
13999.7
14218.4
14444.3
14674.8
14913.7
15145.6
15364.9
15592.6
15835.6
16092
16372.9
16622.6
16814
17008.6
17209.2
17399.7
17571
17749.9
17943.3
18119.1
18261.1
18403.3
18545.8
18708.8
18911.8
19080
19179.5
19282.4
19391.9
19481.3
19530.5
19581.2
19635.2
19691
19750.9
19793.6
19800.9
19799.5
19780
19768.1
19772.1
19780.3
19797.3
19797.2
19760
19740.8
19760.5
19759.3
19712.8
19667.3
19624
19581.3
19540
19477.1
19365.9
19254.9
19144.4
19022.7
18875.5
18729.6
18587.1
18430
18239.4
18081.3
17999.3
17915.7
17828.6
17760.5
17737.8
17707.1
17657.1
17622.2
17624.4
17631.4
17650.2
17684.6
17758
17823.6
17870.1
17922.7
17990.8
18083.5
18239
18403.5
18591.4
18762
18887.5
19028.3
19209.4
19393.1
19583.6
19779.1
19988
20174.1
20298.5
20448.7
20669.7
20870.2
21014.3
21151
21267.3
21391.4
21537.5
21649.8
21666.1
21708.9
21828.1
21921.4
21939.5
21960.7
21990.9
22007.3
21982.4
21966.2
21975.9
21978
21956.9
21923.6
21853.1
21765.8
21626.5
21515.1
21491
21446.8
21339.5
21243.6
21184.1
21111
20994.1
20887.7
20815.8
20739.5
20648.6
20561.4
20486.8
20412.6
20340
20255.1
20128.6
20020.1
19974.4
19932.4
19903.7
19862
19774.2
19705.4
19704.6
19684.8
19596.3
19533.8
19566.2
19572.4
19480.9
19397.8
19345.4
19301.3
19288.2
19266.9
19214.4
19162.2
19111.6
19072.8
19080.6
19074.8
19015
18950.3
18865.3
18802.3
18829.3
18840.1
18784.1
18721.9
18633.5
18548.4
18477.3
18409.3
18355
18290.4
18181.6
18079.5
18006.4
17934.7
17868.5
17787.9
17641.5
17508.8
17438.7
17354.9
17208.1
17064.8
16938.2
16815.7
16712.4
16605.2
16479.6
16347.6
16185.1
16028.2
15899.7
15773
15656
15535.5
15397.1
15261.7
15142.1
15024.1
14915
14803.7
14681.2
14566.7
14495.8
14421.6
14329.3
14238.5
14155.9
14068.4
13952.8
13844.8
13781.4
13716.1
13640.3
13562.9
13476
13392.7
13331.4
13263
13150.2
13043.7
12976.2
12909.2
12844.5
12782.4
12736
12686.9
12619.9
12554.1
12496.7
12444.8
12430.9
12416.3
12396.6
12375.4
12343.2
12314.3
12308.6
12304
12306.9
12313.8
12349.5
12377.5
12347.3
12319.5
12309.6
12298.2
12275.1
12263.2
12340.5
12406.6
12380.9
12355.7
12334.5
12312.6
12284.4
12256.5
12231.8
12209
12203.7
12201.9
12233.5
12259.8
12237.1
12219.7
12252.1
12282.9
12297.5
12311.9
12324.1
12334.7
12328.7
12319.6
12278.3
12235.3
12173.6
12113.3
12069.5
12021.1
11921.5
11826.2
11781.2
11733.1
11648.7
11563.2
11462.5
11361.8
11261.7
11166.8
11138.7
11105.5
11003.4
10902.1
10812.7
10722.9
10626.6
10533
10480.4
10425.5
10337.4
10251.2
10194.2
10136.8
10070.8
10003.8
9917.25
9833.73
9802.76
9767.33
9650.44
9534.02
9426.42
9319.73
9230.92
9140.85
9024.87
8909.6
8810
8710.81
8621
8529.68
8402.3
8276
8176.6
8076.75
7965.16
7853.55
7741.36
7629.43
7525.33
7420.16
7280.59
7141.91
7033.21
6924.9
6830.39
6735.27
6615.68
6497.35
6433.01
6367.92
6267.02
6166.5
6086.08
6005.49
5914.98
5824.73
5752.3
5679.51
5578.81
5478.29
5394.27
5310.21
5221.1
5131.67
4997.31
4862.79
4699.15
4535.39
4329.39
4123.37
3893.59
3663.82
