-0.825900
-1.261868
-4.474081
-3.686170
1.181989
-1.641409
-0.309251
-3.294612
-2.317738
-1.600000
-1.961859
-1.874632
-2.081895
-4.367574
-2.408475
3.613736
1.133971
-0.518244
-2.907557
-4.319355
-0.142747
-0.760340
-2.904283
1.205080
-1.878935
-1.255249
-1.288192
-1.570657
-0.989424
-2.047244
-2.780749
-1.371036
-1.648930
-1.792073
-0.622353
2.825593
-0.592078
-0.845731
1.051106
-2.496565
-4.458833
-2.477194
-0.801107
-2.214029
-3.617818
-4.477140
-5.200000
-2.782911
0.575987
-0.451890
-0.170221
-0.702943
0.234575
-2.354784
0.604233
-3.296259
-3.345453
-1.382717
-0.521172
2.146045
3.139301
1.254742
0.436532
-0.062514
-0.204195
1.825962
-0.826588
-1.505446
-1.843762
3.481965
0.744792
-0.958907
3.017875
0.961305
2.967899
1.330700
-0.242877
-1.820888
1.179522
3.130009
0.894479
2.192718
0.726391
0.887166
2.935072
0.548690
4.308250
3.157402
1.554305
3.659548
2.224729
4.397329
2.790520
2.355812
3.406926
2.137008
1.588708
3.534389
3.909963
4.184474
4.542331
4.589625
0.178053
-0.135554
4.681252
5.691392
2.635823
0.778037
3.883174
3.406457
2.658365
0.855163
0.537188
3.032690
2.773632
3.841121
4.086411
2.779486
2.151184
0.155179
4.749068
2.267660
5.537163
2.641254
3.783962
2.877812
3.887864
6.127762
6.341240
5.959454
6.402581
6.337785
5.351657
4.809733
2.683813
3.880701
4.061794
6.606623
6.836845
6.003814
3.895525
6.022983
5.688393
4.600000
4.894280
6.317878
6.692872
5.602753
5.834738
3.117565
6.474001
5.472849
4.542889
2.639500
3.041866
7.422718
8.447233
5.445089
4.328518
4.865982
6.452514
5.939393
6.642996
9.239686
5.984117
4.786746
5.353988
4.176593
5.592878
11.660907
6.398744
4.371623
6.804651
7.893986
9.347873
5.826122
6.298432
6.928111
6.986576
7.594432
6.129874
10.042659
8.160810
6.151344
9.652846
10.969993
8.864372
8.153073
7.327167
8.360385
8.800000
9.187080
7.647820
6.085643
5.151414
7.299622
10.024078
7.225214
7.747802
8.368066
11.094974
11.563572
13.183180
12.571864
9.314301
7.006711
8.608419
11.158738
13.230739
12.112132
10.006365
9.486805
11.619148
15.875979
16.132099
11.639825
12.612318
12.034054
11.829670
16.107934
13.629534
10.659686
10.050516
11.557106
12.070645
13.525100
10.917298
8.065369
10.626218
13.737657
12.977434
11.782583
15.394243
11.141358
10.464780
12.890490
10.881948
9.833965
12.222208
14.504247
11.538576
10.788611
7.831939
6.490094
9.309701
11.000000
10.243107
8.396468
9.663965
16.597778
14.395684
11.349535
6.769011
7.230926
3.884581
10.716668
11.867120
8.922477
8.977833
9.483185
8.825688
8.888696
9.738675
9.371185
8.160781
10.110293
12.841247
9.940103
8.744367
9.498074
7.729280
6.969589
10.133655
10.252966
10.344388
11.023761
14.295129
14.683498
9.763543
8.605488
11.354061
11.839323
11.632942
9.920267
11.289557
13.881916
11.948573
16.537686
14.697765
12.019468
11.660700
10.973026
9.551141
9.928151
8.989577
7.334038
10.430520
10.908750
9.998922
7.864835
12.169295
11.393229
13.612148
10.616421
10.004181
11.623468
13.429512
15.119549
14.226758
14.504467
16.528790
16.363874
14.808331
12.636586
8.393543
12.152458
15.494977
15.828746
15.143229
17.987111
15.929492
13.910009
14.118908
15.168597
15.125483
14.160551
13.033593
15.362539
16.372799
11.504456
14.062142
13.396625
12.583558
13.998999
14.355063
11.432612
14.899635
13.521024
13.911616
17.858839
16.694026
14.348559
12.892719
11.711383
11.982095
11.956012
12.323981
16.196089
11.752653
9.590765
14.341135
13.871584
15.040526
12.384284
13.251232
15.209593
16.364178
12.763108
11.176195
12.294836
12.482660
12.176020
11.458412
12.667681
14.659235
8.087182
14.654953
11.017037
9.617892
14.687037
14.649266
12.170082
13.140302
11.594420
9.434040
7.280622
8.090641
10.969206
10.276433
10.232203
11.149066
7.487113
5.961200
9.767807
9.111403
9.394358
10.295961
9.208918
11.417879
8.806997
7.193715
7.707423
7.704787
6.518530
7.697085
9.298821
3.084909
9.085920
11.150436
9.220936
9.677075
11.490026
10.251751
13.054093
12.635248
10.459184
10.451682
9.645883
9.817770
9.747624
8.200000
8.004357
9.033297
12.508318
9.934221
6.536044
12.208940
9.163288
7.194096
10.887640
11.028403
10.485855
8.685723
6.398767
9.167890
12.974312
10.839475
6.213729
5.690510
8.508584
10.976042
11.293237
7.619446
11.177331
5.548086
6.284318
11.332004
9.456983
7.007881
4.039479
6.922750
10.505910
10.620134
9.933540
9.528246
10.574480
10.604542
7.356998
10.324210
7.384907
