3.80058
5.09931
6.39804
11.3876
16.3827
14.7075
13.0092
12.3045
11.6052
9.41839
7.22054
8.38762
9.58644
9.79754
9.99735
7.23985
4.44259
8.04009
11.7365
7.47985
3.08416
5.05777
7.15572
15.3169
23.6087
16.0898
8.1975
8.0974
8.1973
9.94971
11.7479
9.27772
6.68027
6.79363
6.99343
7.09662
7.19652
13.2746
19.5685
17.683
15.4851
15.9762
16.5756
9.02896
1.1367
3.09536
5.49301
7.03166
8.53019
8.88574
9.18545
9.3901
9.58991
11.6868
13.8847
11.9174
9.7196
14.5122
19.7071
12.647
4.8546
11.9259
19.9181
14.1102
7.41672
7.56209
8.1615
7.73256
7.23305
7.66645
8.16596
9.68952
11.2879
7.31243
2.91674
10.7579
19.5493
12.8919
4.99963
-1.23102
-7.32506
3.62239
16.0102
16.0808
15.0818
12.0648
8.86794
13.0849
17.9801
13.6507
8.45577
12.2834
16.9788
12.1254
6.33107
9.15759
12.854
10.7551
8.05779
7.70964
7.60974
10.5752
13.872
9.52194
4.32703
6.67253
9.8694
8.319
6.22106
2.87187
-.624706
4.43994
10.534
8.61947
5.72231
10.1945
15.5892
16.9973
17.8964
13.757
8.96167
13.3392
18.9337
13.0876
5.69489
7.25865
10.0559
12.9408
15.8379
11.6543
6.45938
9.89941
14.5948
13.6335
11.8353
8.90826
5.8113
5.6599
5.95961
12.3964
19.7892
14.5043
7.21142
14.0303
23.1214
17.1885
8.79672
14.1098
21.7024
21.3472
19.6488
19.1442
18.8445
16.1629
13.0659
11.6664
10.5675
12.5169
15.0145
16.2448
17.2438
17.99
18.6893
18.8841
18.984
18.6644
18.2648
17.2793
16.1804
22.1791
29.5719
25.4684
19.0747
14.7587
10.8625
15.1749
21.169
23.9371
26.035
26.1524
25.8527
27.8582
30.3557
29.7323
28.4335
25.2503
21.6538
28.1114
36.8028
35.6275
32.2308
33.3083
35.4062
36.6115
37.6105
45.6528
55.3433
55.504
53.4061
48.2466
42.3524
45.4596
50.7544
50.0362
47.8383
51.9587
57.6531
56.7257
54.1282
59.7281
67.4206
66.1419
62.5455
57.0483
51.0542
52.8019
56.5982
62.4434
68.8371
72.3224
75.0197
72.3067
68.1108
73.4573
81.4494
83.5121
83.9117
82.4435
80.4455
79.9224
79.8225
81.8132
84.4107
90.2521
97.0454
96.2117
93.1147
90.2483
87.4511
89.7127
93.509
99.5989
106.392
110.288
113.285
110.577
106.081
107.883
111.679
107.076
99.7832
106.378
117.467
120.2
120.2
119.524
118.625
113.682
107.388
109.385
114.18
114.878
114.179
122.544
134.033
138.778
141.176
143.648
146.145
146.136
145.237
145.809
146.908
153.359
161.751
162.026
159.328
166.841
178.13
185.2
190.695
197.423
204.616
209.06
212.456
220.254
229.745
235.278
239.274
249.369
261.857
267.404
270.201
277.209
285.9
298.221
312.008
324.091
335.48
336.535
333.338
339.034
348.425
360.561
373.848
381.66
387.155
403.358
424.138
435.844
443.636
450.106
456.001
470.362
488.445
503.759
517.845
524.684
528.281
544.265
565.844
582.276
596.362
609.627
622.514
639.018
657.2
669.259
678.45
690.151
703.039
719.646
738.028
757.894
778.474
789.571
796.065
800.279
803.376
805.737
807.735
817.2
830.387
839.12
845.614
859.066
876.05
883.782
886.779
893.268
901.56
905.911
908.208
909.982
911.481
912.065
912.165
917.082
924.575
927.654
928.354
924.523
918.23
921.483
929.975
928.369
921.176
920.844
924.341
927.262
929.859
929.653
927.855
929.868
934.064
931.293
924.5
921.81
921.511
929.142
941.43
945.059
943.56
945.565
949.661
948.02
942.925
951.692
968.875
976.577
978.475
978.335
976.936
977.447
979.145
982.807
987.703
991.497
994.594
1001.84
1011.73
1021.43
1031.03
1027.41
1015.22
1007.26
1002.06
1003.13
1008.32
1005.96
998.567
990.815
982.823
976.261
970.667
966.201
962.505
950.221
932.039
934.045
950.029
952.717
946.123
944.573
946.571
953.01
962.601
962.464
955.371
953.735
956.033
950.809
940.12
942.98
955.768
957.465
950.971
948.085
947.886
953.45
963.34
958.329
942.045
937.607
942.203
947.194
952.488
961.048
972.137
963.93
940.653
935.319
944.11
947.777
947.377
952.195
961.187
956.627
941.142
936.956
941.951
940.905
934.911
929.081
923.386
918.946
915.549
908.621
898.731
896.528
900.824
900.696
896.8
894.892
894.693
888.442
876.953
875.548
882.941
881.616
872.625
879.363
900.042
903.943
892.854
886.601
884.703
884.585
886.084
887.374
888.473
885.413
878.52
876.598
879.295
884.056
890.75
886.805
872.818
868.201
872.497
872.203
867.507
867.334
871.53
875.675
879.771
876.658
866.468
867.025
878.214
888.052
896.544
898.807
894.811
894.239
897.136
894.843
887.25
879.805
872.512
868.555
868.055
873.711
885.799
887.572
878.481
871.91
868.014
869.861
877.853
888.056
900.644
903.61
896.117
895.585
902.678
902.032
892.841
893.012
903.602
907.834
904.937
904.15
905.749
897.167
876.987
867.641
870.738
862.63
841.55
834.119
842.611
842.976
833.785
826.926
822.83
811.86
792.679
781.067
778.569
774.718
769.223
764.492
760.696
753.858
743.268
738.825
742.022
739.587
730.096
724.667
724.368
725.299
727.796
724.78
714.69
714.14
725.929
732.773
733.173
737.113
745.704
752.706
757.601
765.919
778.806
784.922
781.925
789.398
811.077
827.819
837.809
849.018
861.905
876.464
893.348
914.017
939.992
959.796
970.886
983.788
999.273
1015.5
1032.78
1055.33
1085.5
1114.45
1141.62
1161.03
1169.03
1188.93
1226.49
1263.73
1300.5
1331.21
1352.78
1372.62
1389.8
1406.75
1423.33
1440.74
1459.42
1485.8
1524.16
1549.66
1554.95
1562.53
1573.72
1594.3
1629.86
1659.72
1680.4
1698.72
1713.21
1729.78
1749.76
1783.53
1840.08
1885.3
1911.67
1942.19
1979.65
2014.07
2043.34
2072.28
2100.65
2132.95
2172.01
2206.18
2231.86
2261.96
2299.83
2334.44
2363.31
2391.21
2417.39
2447.06
2483.03
2510.14
2521.23
2550.52
2613.06
2665.06
2697.62
2726.21
2747.39
2770.41
2796.88
2825.33
2857.49
2888.36
2916.73
2943.77
2968.25
2986.03
2990.82
3006.87
3044.93
3075.4
3090.89
3102.23
3105.33
3112.21
3126.7
3137.12
3139.32
3140.5
3139.6
3138.15
3135.55
3139.96
3158.94
3167.06
3152.38
3138.85
3127.76
3123.38
3133.37
3134.6
3116.92
3109.51
3124.5
3124.77
3092.71
3071.22
3073.22
3068.96
3050.67
3035.82
3028.73
3015.67
2989
2961.72
2933.05
2905.85
2882.07
2861.46
2848.27
2838.29
2835.89
2824.12
2789.95
2770.13
2784.92
2792.58
2782.89
2783.22
2808.19
2826.69
2829.09
2832.82
2839.91
2850.63
2870.51
2892.3
2918.97
2940.65
2949.45
2960.76
2978.64
3004.31
3050.46
3088.75
3106.13
3127.42
3159.19
3192.87
3231.73
3260.23
3260.33
3273.64
3323.49
3362.44
3370.93
3383.76
3408.84
3440.29
3489.94
3521.42
3500.54
3486.1
3490.39
3493.75
3494.35
3499.08
3516.06
3522.81
3498.83
3484.74
3500.62
3505.82
3478.24
3454.94
3444.85
3434.35
3422.56
3408.8
3388.82
3375.69
3384.48
3386.32
3365.64
3347.72
3338.83
3328.87
3315.38
3305.25
3306.35
3295.06
3241.92
3202.25
3208.64
3213.42
3212.62
3212.6
3215.3
3213.1
3193.62
3177.68
3174.38
3168.25
3151.87
3133.94
3110.36
3093.54
3101.73
3109.19
3113.88
3114.6
3100.21
3089.73
3094.22
3095.79
3086
3075.83
3064.14
3052.67
3042.08
3033.86
3035.16
3035.67
3032.97
3026.81
3006.33
2989.41
2987.42
2982.92
2967.83
2952.65
2937.07
2924.94
2927.84
2924.22
2891.95
2864.43
2858.03
2854.36
2862.95
2864.44
2833.48
2806.1
2795.41
2782.78
2761
2738.29
2711.11
2685.31
2666.13
2642.85
2599.49
2562.06
2554.07
2544.78
2529
2511.86
2487.78
2464.21
2443.23
2420.16
2386.09
2354.47
2335.89
2317.23
2298.14
2282.09
2282.69
2282.55
2278.25
2271.26
2248.98
2229.97
2229.77
2228.77
2223.07
2216.54
2205.06
2190.85
2160.28
2132.86
2124.77
2115.47
2098.58
2084.45
2087.74
2088.82
2075.53
2063.06
2055.97
2046.75
2023.37
2003.37
2006.27
2006.77
1990.68
1978.24
1991.43
2000.99
1984.61
1970.24
1970.53
1971.36
1976.05
1981.47
1992.36
2000.32
1985.63
1973.85
1984.94
1993.45
1981.26
1970.03
1966.63
1964.03
1968.02
1971.8
1973.7
1976.17
1983.66
1989.04
1975.55
1964.14
1971.63
1978.82
1983.11
1986.12
1976.82
1969.58
1982.27
1992.8
1981.81
1972
1974.19
1974.06
1949.48
1927.67
1935.56
1941.62
1927.43
1913.55
1903.06
1892.3
1878.52
1865.08
1855.79
1846.13
1831.94
1817.73
1803.14
1788.66
1775.47
1762.72
1755.83
1747.55
1720.28
1695.35
1703.74
1710.14
1687.26
1665.12
1654.13
1642.69
1624.11
1606.41
1603.11
1598.87
1578.69
1558.38
1535.8
1514.41
1514.61
1513.58
1489.2
1465.81
1461.92
1457.26
1436.98
1416.88
1400.7
1384.02
1355.94
1328.87
1325.57
1321.14
1288.27
1255.61
1228.23
1201.51
1193.02
1183.83
1153.76
1124.36
1116.36
1108.18
1093.39
1078.87
1074.18
1068.86
1038.59
1009.01
1009.31
1009.03
981.459
954.221
944.63
934.987
922.199
909.344
891.961
874.684
865.593
856.494
846.704
836.746
808.074
779.391
749.021
718.665
691.191
663.725
638.349
612.963
575.899
538.835
