69.4022
74.2974
79.1926
75.0104
70.8145
73.5875
76.3848
77.1949
77.9941
73.5376
69.042
70.6824
72.3808
66.8687
61.2742
63.2701
65.368
68.6466
71.9433
71.5091
71.0095
68.9422
66.8443
66.8978
66.9977
69.6351
72.3325
75.7117
79.1083
76.6726
74.0752
73.0299
72.0309
68.9019
65.705
63.2811
60.8835
70.7316
81.0215
75.8188
70.0245
68.5516
67.2528
70.3626
73.6593
70.2613
66.5649
66.2091
66.0093
63.1425
60.1455
65.513
71.3074
71.6
71.6
66.015
60.1208
70.4746
81.7635
74.2928
65.7012
67.9281
70.8253
68.0898
64.9928
64.7063
64.6064
72.5463
81.038
73.3904
64.599
61.114
58.0171
61.0515
64.548
59.794
54.3993
57.6078
61.504
61.8923
61.9922
64.2108
66.6084
64.3181
61.6208
61.3083
61.2084
65.3188
69.8144
68.6473
66.949
61.514
55.7197
60.2018
65.6964
69.9206
74.0165
67.156
59.1638
59.3939
60.4928
65.1981
70.2931
66.3918
61.4966
61.8079
62.707
63.0687
63.3684
60.3612
56.9646
61.5049
66.9995
59.0576
49.467
57.2788
67.269
69.1087
69.9079
65.6686
60.7734
58.7006
57.0022
58.3841
60.1823
59.1707
57.772
60.4036
63.6005
65.8358
67.9337
66.1067
63.709
59.8319
55.7359
55.8078
56.5071
62.9243
70.2171
69.3848
67.2868
62.3429
56.9482
64.7186
74.6089
70.6772
64.4833
57.1758
49.6832
54.4112
61.2046
60.4094
58.3115
61.5728
65.7687
66.9941
67.6934
69.6629
71.8607
70.1724
67.7748
63.4386
58.7432
58
58
60.4329
63.3301
63.6326
63.4328
60.8114
57.7145
65.7805
76.0704
69.5721
59.6818
60.9849
64.5814
62.1394
58.443
57.1398
56.3406
60.0694
64.7648
66.9962
68.6946
70.3929
72.0912
71.0104
69.3121
72.0987
75.8949
71.8818
66.0875
66.2984
67.8969
65.2855
61.6891
62.2114
63.7099
64.8056
65.8047
69.9381
74.8333
75.1586
74.3594
76.0395
78.3372
73.295
66.4018
68.4222
72.718
72.2503
70.552
75.9812
83.2741
81.719
77.8228
77.394
77.8935
80.1224
82.8197
81.2045
78.4072
78.895
80.2936
79.1176
77.2195
80.3021
84.7977
86.421
87.2202
86.1611
84.5626
80.6471
76.0516
78.0046
81.9008
89.8698
99.0608
95.9112
89.0179
89.7701
92.867
92.3036
90.6053
90.3521
90.5519
91.0552
91.6546
92.708
93.9069
92.6905
90.6924
94.7167
100.711
97.3946
91.0009
92.3955
96.3916
99.7901
102.987
101.64
98.7424
102.978
109.671
113.919
117.316
114.578
109.683
114.887
123.678
126.294
126.694
133.912
143.603
144.591
142.393
146.978
154.071
155.345
154.446
160.511
169.202
177.749
186.241
189.61
191.009
204.639
223.021
233.582
241.074
252.216
264.804
274.965
284.156
296.194
309.381
326.685
345.666
359.976
372.364
387.857
404.641
424.803
446.382
466.978
487.158
500.409
510.699
526.084
543.667
560.415
576.799
594.085
611.767
636.717
664.89
695.892
728.16
755.473
780.549
797.527
810.814
826.906
844.289
873.135
907.301
924.935
934.826
962.761
999.226
1012.83
1015.52
1031.57
1054.05
1084.94
1119.9
1141.59
1156.78
1169.89
1181.98
1198.87
1218.15
1224.67
1224.77
1232.69
1244.57
1255.07
1264.87
1280.39
1298.87
1311.9
1322.09
1325.34
1324.94
1327.61
1331.9
1336.52
1341.32
1340.6
1336.9
1336.83
1338.73
1344.62
1352.72
1349.55
1340.16
1334.94
1332.04
1338.86
1351.15
1349.29
1339.4
1339.1
1344.3
1342.46
1336.57
1344.31
1360
1365.42
1364.82
1354.56
1338.57
1331.29
1329.19
1335.51
1346.9
1357.85
1368.54
1367.89
1360.3
1358.39
1359.99
1359.98
1358.98
1363.57
1371.66
1374.62
1374.32
1370.84
1365.35
1365.69
1369.79
1365.46
1355.67
1345.22
1334.33
1324.52
1315.43
1312.4
1313.4
1303.75
1286.97
1273.7
1262.81
1253.53
1245.33
1235.01
1223.22
1214.5
1207.91
1211.67
1222.66
1214.77
1193.59
1186.2
1188.6
1186.1
1180.11
1179.86
1183.76
1183.2
1179.4
1173.13
1165.04
1167.12
1176.71
1182.29
1184.89
1183.37
1178.78
1175.43
1173.04
1165.54
1154.15
1152.81
1159.21
1168.92
1181.21
1182.84
1176.15
1168.56
1160.27
1157.1
1158
1156.84
1154.05
1140.85
1119.27
1110.1
1110.99
1107.83
1101.34
1090.96
1077.37
1065.91
1056.22
1047.34
1039.15
1034.97
1034.17
1026.46
1012.88
1008.16
1011.05
1000.35
977.874
968.574
970.771
966.803
957.412
951.782
949.484
942.332
930.843
928.081
933.176
930.782
921.591
918.452
920.85
919.245
913.95
913.316
917.012
917.149
913.952
911.526
909.828
910.382
913.08
912.309
908.213
908.588
913.283
913.626
909.73
910.522
915.917
915.386
908.992
905.4
904.6
895.829
879.045
869.012
865.815
859.207
849.117
844.542
845.64
840.658
829.369
820.767
814.972
806.843
796.253
789.492
786.794
779.753
768.065
761.615
760.816
754.991
743.702
738.706
740.604
737.089
727.599
718.817
710.825
704.811
701.014
691.497
675.513
661.35
649.262
636.522
623.036
603.529
577.055
556.437
542.65
525.191
503.412
487.668
479.077
468.118
454.332
442.131
431.841
422.229
413.437
403.433
391.944
381.931
373.739
367.106
362.411
357.006
350.712
344.109
337.116
334.914
338.81
340.694
339.994
337.03
331.135
326.629
323.932
325.81
333.703
339.876
343.772
347.326
350.423
357.778
370.866
385.055
400.74
421.319
448.592
469.314
481.002
499.922
528.894
563.565
606.224
645.735
680.8
729.549
797.782
854.817
895.777
949.637
1022.16
1087.54
1142.49
1202.65
1270.49
1330.59
1379.25
1441.07
1522.59
1584.27
1616.04
1666.76
1746.28
1815.62
1869.37
1922.8
1975.75
2022.33
2059
2101.65
2153.7
2197.2
2227.17
2261.76
2303.72
2346.98
2392.33
2439.36
2489.11
2541.82
2599.36
2645.49
2672.76
2717.73
2792.16
2854.17
2895.33
2945.69
3011.62
3077.71
3144.04
3203
3249.25
3302.95
3369.59
3420.97
3445.65
3486.18
3554.71
3621.13
3683.76
3737.86
3776.63
3824.88
3890.31
3947.48
3989.54
4042.07
4113.9
4173.46
4210.22
4249.14
4292.1
4336.1
4382.05
4425.81
4465.37
4499.36
4522.64
4547.95
4577.22
4606.33
4635.1
4660.95
4681.03
4706.18
4741.45
4766.33
4770.32
4785.3
4822.57
4841.27
4821.99
4810.4
4814.7
4813.09
4799.21
4790.89
4794.29
4802.3
4820.08
4828.54
4817.05
4811.35
4818.14
4815.98
4794.3
4773
4752.52
4735.89
4727.79
4714.55
4689.78
4665.34
4641.66
4613.72
4576.06
4535.61
4488.76
4447.82
4420.65
4394.37
4370.2
4347.98
4330.4
4310.87
4286.69
4269.45
4268.95
4272.58
4286.27
4300.33
4315.32
4327.09
4330.89
4344.4
4382.26
4414.04
4430.42
4448.32
4470.1
4499.81
4549.96
4588.44
4596.54
4620.61
4686.75
4738.08
4750.06
4773.14
4825.99
4881.94
4946.27
5003.53
5041.39
5081.77
5129.13
5172.29
5203.76
5230.87
5245.65
5265.86
5301.53
5333.74
5356.02
5376.48
5391.67
5403.86
5407.26
5408.14
5401.54
5397.95
5403.34
5399.3
5366.63
5344.95
5356.94
5354.96
5309.7
5272.86
5262.37
5251.59
5239.9
5224.89
5199.21
5172.69
5143.41
5118.38
5107.19
5093.29
5070.41
5049.85
5037.07
5016.43
4969.28
4937.34
4957.42
4966.72
4938.75
4908.07
4867.9
4835.59
4830.99
4828.1
4831.29
4830.58
4815.69
4801.66
4790.77
4782.96
4786.56
4785.8
4768.72
4749.61
4722.84
4700.9
4697.5
4692.47
4681.08
4669.2
4655.42
4644.9
4647.4
4650.51
4656.11
4653.4
4616.83
4587.18
4586.09
4585.12
4584.72
4578.54
4547.87
4524.06
4529.65
4530.03
4507.75
4486.8
4471.72
4456.29
4439.3
4418.77
4382.21
4344.51
4301.65
4262.85
4242.87
4219.79
4182.13
4147.33
4126.15
4103.75
4075.48
4044.53
4000.47
3958.78
3928.81
3898.47
3866.3
3834.77
3806.5
3777.23
3742.76
3711.49
3697
3675.28
3614.94
3560.54
3538.36
3518.8
3513.6
3507.65
3497.46
3483.8
3450.43
3420
3406.52
3391.06
3364.09
3338.98
3325
3307.96
3272.49
3241.19
3235.39
3228.02
3210.84
3193.77
3177.38
3162.85
3160.25
3155.25
3134.47
3116.28
3115.38
3111.57
3088
3067.59
3069.09
3068.05
3049.17
3031.4
3021.61
3012.52
3008.52
3007.12
3025
3039.39
3027.3
3017.42
3024.62
3029.99
3020.99
3014.36
3026.65
3039.27
3054.66
3066.13
3044.85
3026.67
3034.96
3040.75
3024.77
3010.13
3007.43
3004.47
2999.18
2996.58
3019.06
3040.2
3048.59
3053.79
3027.92
3004.48
3005.38
3006.07
3004.57
3002.21
2990.82
2979.15
2964.46
2950.19
2940.5
2929.06
2897.79
2869.28
2872.77
2873.12
2835.96
2801.19
2795.8
2789.27
2768.49
2747.28
2720.51
2693.81
2668.03
2643.06
2629.17
2615.06
2597.78
2581.18
2574.59
2566.41
2534.24
2503.75
2499.55
2493.45
2456.29
2421.32
2423.52
2424.06
2395.59
2367.85
2353.47
2338.08
2303.71
2269.94
2247.86
2225.11
2188.55
2153.09
2141.6
2128.91
2088.75
2048.82
2014.56
1980.99
1965
1948.88
1929.2
1908.92
1871.66
1834.76
1808.89
1783.45
1772.06
1759.75
1715.69
1672.22
1650.24
1628.03
1596.66
1565.58
1547.1
1528.58
1508.1
1487.71
1472.12
1456.27
1424.3
1392.7
1385.91
1378.87
1353.3
1327.82
1311.64
1295.18
1247.83
1200.67
1181.28
1161.72
1104.87
1048.03
992.69
937.361
898.999
860.636
