72.7997
72.1004
71.401
72.3975
73.3965
77.0835
80.7799
81.2968
81.7963
77.7343
73.6383
76.0742
78.5717
73.365
68.0702
69.9715
71.9696
69.4421
66.8446
68.2728
69.7713
68.6241
67.4253
67.9867
68.5862
72.1135
75.71
72.9753
70.0782
63.5844
56.9908
63.2997
69.9931
71.8458
73.5442
67.513
61.2192
62.4463
63.9449
67.4642
71.0606
74.6571
78.2536
74.1832
69.7875
71.7041
73.9019
73.141
72.2419
66.8661
61.2716
64.612
68.4083
66.3234
63.9258
67.8704
72.1662
67.3933
62.0985
65.665
69.761
71.2229
72.5217
71.849
71.0497
70.5316
70.0321
67.3824
64.5851
67.945
71.7413
67.8107
63.3151
64.0219
65.1208
66.9614
68.8595
70.2951
71.6937
66.0767
59.8827
65.6639
72.4572
66.8413
60.1479
59.4165
59.2167
63.2273
67.6229
68.7306
69.5299
66.7747
63.6778
59.3986
55.0029
62.4949
71.1863
67.6536
62.8583
62.7614
63.161
67.2571
71.7527
68.8714
65.175
65.0693
65.369
58.4134
50.6211
58.38
67.9706
69.6242
70.3236
66.7517
62.6557
62.0224
61.8226
60.5597
59.1611
59
59
56.795
54.2974
58.9283
64.5228
69.327
74.0224
71.6211
68.2245
73.3947
79.7884
76.1517
71.0567
65.0044
58.8105
67.0303
77.4201
71.2628
62.5713
65.6355
70.5307
70.0788
68.7801
68.1698
67.6702
64.681
61.2844
67.9094
76.2013
74.4944
71.0977
69.321
67.8225
68.7059
70.0046
72.831
75.928
79.1096
82.3065
78.9984
74.5028
74.7271
75.826
75.5795
75.08
72.0637
68.5671
70.5946
73.6916
75.035
76.034
80.0321
84.6276
81.5769
76.9814
77.6095
79.3079
80.5099
81.6088
82.0476
82.3473
84.7051
87.5024
90.4639
93.461
89.7393
84.5444
86.0522
89.0492
91.7201
94.3176
95.6948
96.7937
102.762
109.855
111.767
112.466
112.115
111.516
112.608
114.107
119.061
124.856
116.299
104.211
112.997
126.983
127.247
124.05
132.154
143.144
144.447
143.248
144.346
146.045
143.714
140.317
145.668
153.36
149.183
141.79
149.766
161.954
163.896
162.997
163.424
164.223
167.202
170.798
168.728
165.031
173.337
185.125
191.43
196.125
196.352
195.254
193.079
190.581
190.536
191.236
197.516
205.508
208.391
209.69
205.512
199.618
199.565
201.364
204.524
208.121
210.66
212.858
215.734
218.831
218.474
216.975
221.168
227.262
229.024
229.324
231.784
234.981
234.537
232.838
239.218
248.409
257.304
266.095
267.22
265.622
269.243
274.738
282.286
290.577
306.182
324.464
330.056
330.955
337.237
345.529
355.271
365.561
376.792
388.38
397.444
405.536
413.268
420.861
442.015
468.489
487.378
503.262
517.862
531.948
546.96
562.345
579.078
596.361
607.557
616.249
635.245
658.522
680.744
702.522
715.387
724.478
742.598
764.577
783.554
801.237
823.444
847.62
880.749
917.813
937.228
948.817
973.38
1003.75
1032.47
1060.44
1082.72
1102.4
1134.4
1172.06
1195.46
1212.25
1237.19
1265.97
1294.26
1322.33
1350.81
1379.48
1413.69
1450.55
1472.49
1487.17
1505.01
1524.39
1542.7
1560.48
1579.33
1598.71
1614.44
1628.32
1638.96
1647.95
1655.76
1662.95
1680.49
1703.36
1711.53
1712.03
1720.25
1732.54
1730.4
1720.61
1731.59
1753.66
1755.43
1746.24
1736.72
1727.03
1725.86
1729.35
1732.01
1734.21
1729.23
1720.24
1725.37
1738.46
1742.56
1741.56
1753.65
1773.23
1774.51
1765.22
1764.83
1769.63
1763.4
1750.72
1758.67
1778.85
1780.71
1771.62
1769.45
1771.44
1769.15
1764.26
1777.52
1801.89
1817.31
1827.2
1833.77
1838.27
1839.14
1837.74
1841.24
1847.83
1850.76
1851.36
1856.34
1864.13
1864.47
1859.98
1853.73
1846.34
1836.05
1823.87
1816.6
1812.6
1801.43
1785.44
1777.99
1776.29
1766.21
1750.43
1744.83
1746.23
1738.95
1725.66
1719.14
1717.34
1721.88
1730.87
1733.84
1732.54
1728.27
1721.88
1720.3
1722.2
1725.26
1729.15
1722.09
1707.01
1709.05
1723.73
1725.53
1717.74
1709.89
1702
1703.38
1711.77
1713.93
1711.33
1712.68
1717.08
1720.46
1723.06
1722.29
1718.9
1713.65
1706.96
1708.46
1716.45
1712.28
1698.4
1692.14
1692.04
1687.53
1679.44
1666.3
1649.02
1640.93
1640.43
1634.91
1625.22
1617.16
1610.47
1595.49
1573.51
1567.39
1574.78
1576.37
1572.98
1568.35
1562.65
1555.41
1546.82
1543.6
1545.09
1542.36
1535.86
1533.27
1534.17
1524.61
1505.63
1503.93
1517.92
1515.73
1498.75
1500.68
1520.06
1523.29
1511.5
1509.15
1515.65
1508.62
1488.84
1489.85
1510.63
1517.43
1510.84
1509.83
1514.23
1513.56
1507.97
1511.75
1524.74
1521.61
1502.53
1498.25
1508.74
1514.45
1515.35
1511.73
1503.54
1496.53
1490.74
1488.29
1489.29
1484.6
1474.01
1471.24
1476.63
1479.79
1480.59
1478.53
1473.43
1472.05
1474.65
1474.7
1472
1469.21
1466.31
1466.47
1469.96
1468.19
1460.6
1461.8
1472.79
1470.88
1454.49
1445.8
1445.8
1437.72
1420.44
1411.34
1411.64
1401.29
1378.61
1355.24
1331.06
1313.09
1302.4
1295
1291.5
1275.62
1244.95
1223.98
1214.69
1205.22
1195.53
1184.76
1172.67
1164.79
1162.09
1158.91
1155.11
1145.55
1128.77
1120.41
1122.71
1121.45
1115.66
1115.72
1123.32
1126.55
1124.16
1126.05
1133.54
1141.38
1149.67
1159.64
1171.83
1181.79
1188.79
1201.06
1220.44
1244.53
1275
1299.98
1317.47
1340.7
1371.87
1408.64
1453.2
1492.6
1524.76
1557.43
1590.8
1628.49
1672.35
1721.87
1779.51
1833.68
1882.84
1928.53
1969.19
2017.33
2076.48
2135.54
2194.48
2254.7
2316.84
2378.38
2439.02
2489.16
2523.33
2561.83
2606.99
2652.38
2698.13
2744.08
2790.34
2839.62
2893.67
2933.14
2949.52
2980.18
3033.63
3087.5
3142.04
3197.16
3253.21
3314.41
3384.04
3446.88
3498.53
3555.62
3621.76
3694.34
3777.76
3850.61
3905.55
3971.09
4054.71
4132.31
4199.54
4263.27
4320.91
4378.45
4435.79
4495.88
4560.82
4635.45
4727.36
4807.37
4866.02
4925.55
4986.69
5049.42
5115.05
5187.61
5272.93
5353.98
5427.11
5492.42
5543.07
5590.99
5633.75
5678.05
5725.31
5768.19
5802.65
5840.58
5885.24
5928.34
5968.4
6005.07
6035.04
6070.92
6118.58
6152.82
6160.11
6177.07
6213.64
6231.71
6211.92
6202.45
6214.23
6227.06
6242.04
6246.21
6227.63
6215
6215
6215.51
6217.11
6226.26
6251.74
6255.81
6213.25
6180.88
6170.89
6160
6147.11
6120.65
6063.81
6012.57
5974.01
5930.06
5873.81
5831.15
5819.76
5797.61
5750.46
5697.6
5631.37
5578.78
5558.5
5541.55
5532.56
5533.02
5556.3
5562.36
5526.5
5507.96
5532.04
5549.72
5551.51
5565.19
5608.65
5649.39
5683.26
5724.01
5782.35
5828.92
5845.1
5871.34
5923.79
5982.29
6056.72
6126.64
6184.58
6236.62
6272.78
6318.26
6388.99
6455.07
6508.42
6562.32
6617.77
6671.79
6721.84
6772.65
6825.6
6868.25
6881.54
6894.41
6906.1
6919.5
6937.88
6958.65
6986.42
7003.17
6987.19
6974
6969.21
6959.85
6936.68
6917.97
6912.98
6898.55
6854.89
6819.21
6808.52
6795.55
6775.37
6752.43
6720.66
6690.85
6667.38
6641.3
6606.74
6574.44
6549.67
6521.42
6481.56
6452.3
6458.9
6458.12
6432.14
6405.59
6377.02
6354.22
6351.62
6340.44
6298.88
6266.46
6266.76
6260.14
6228.47
6204.63
6209.42
6214.92
6223.01
6219.19
6170.74
6125.89
6094.72
6071.75
6080.25
6080.55
6049.08
6024.06
6024.36
6020.04
5997.37
5982.9
6001.48
6006.64
5957.09
5918.31
5924
5927.48
5921.69
5914.4
5900.82
5884.3
5855.23
5825.78
5794.71
5763.03
5728.67
5696.39
5673.41
5649.53
5621.55
5594.3
5570.32
5537.7
5464.97
5399.6
5368.83
5339.93
5319.95
5290.84
5217.61
5155.24
5146.05
5130.88
5086.03
5041.19
4996.43
4949.11
4888.67
4834.4
4812.12
4784.72
4730.37
4678.47
4639.61
4602.5
4574.93
4548.68
4529.7
4510.41
4489.43
4465.4
4424.04
4386.29
4369.3
4351.72
4330.64
4307.91
4275.34
4242.63
4209.06
4180.83
4185.32
4183.75
4144.28
4108.2
4093.51
4079.31
4068.22
4056.75
4042.76
4026.3
3993.33
3964.33
3962.23
3961.27
3968.16
3970.24
3938.48
3908.9
3895.01
3881.57
3871.38
3862.52
3863.52
3866.41
3883.7
3899.93
3908.02
3913.74
3900.75
3888.62
3883.43
3877.6
3866.61
3855.89
3847.4
3840.51
3847.3
3850.91
3826.73
3809.13
3850.09
3886.27
3878.87
3872.14
3871.54
3870.57
3866.08
3863.28
3877.07
3888.54
3876.95
3866.76
3870.86
3873.57
3861.78
3849.95
3837.66
3824.56
3802.48
3779.74
3749.47
3719.97
3699.49
3679.61
3666.82
3651.84
3609.98
3569.08
3540.31
3512.13
3491.55
3471.61
3460.22
3445.88
3390.94
3338.49
3321.61
3304.98
3292.09
3277.82
3242.56
3209.61
3213.21
3213.78
3165.03
3118.58
3111.09
3102.26
3070.1
3038.83
3024.05
3007.9
2965.94
2923.63
2874.28
2826.46
2810.37
2792.46
2735.02
2678.55
2644.18
2611.34
2614.73
2615.9
2560.95
2506.63
2468.87
2431.38
2401.71
2371.4
2321.95
2273.05
2241.88
2210.41
2168.45
2126.54
2086.48
2046.87
2025.29
2004.01
1995.72
1986.94
1954.87
1922.55
1876.99
1831.91
1814.73
1797.4
1770.23
1743.02
1713.35
1683.52
1639.06
1594.72
1562.95
1531.1
1488.04
1444.9
1383.66
1322.43
1265.49
1208.54
1146.1
1083.66
