118.997
112.503
106.01
110.389
114.785
114.203
113.603
113.997
114.397
112.218
110.02
115.146
120.341
116.449
112.453
118.019
123.713
117.307
110.713
107.753
104.855
109.013
113.309
107.728
101.934
107.851
114.045
114.784
115.384
114.136
112.837
112.315
111.815
112.962
114.16
111.784
109.287
107.368
105.47
101.455
97.3587
101.905
106.801
99.4289
91.5367
102.868
115.056
112.927
110.13
111.048
112.147
106.307
100.113
107.294
115.186
109.352
102.759
102.211
102.011
104.262
106.66
105.107
103.308
108.739
114.633
113.407
111.709
110.478
109.279
106.308
103.211
103.838
104.737
105.171
105.571
102.726
99.6292
94.8671
89.9719
96.2464
103.439
106.026
108.224
112.169
116.265
111.096
105.102
111.373
118.766
113.646
107.352
109.078
111.576
110.618
109.319
104.481
99.2863
102.694
106.989
106.767
106.068
107.442
109.041
101.463
92.8716
99.6302
108.122
106.671
104.074
107.643
111.939
108.654
104.458
103.555
103.055
105.308
107.906
110.946
114.043
109.008
102.914
104.052
106.15
106.752
107.152
106.146
104.947
108.392
112.488
112.65
112.251
108.885
105.089
108.342
112.638
110.508
107.411
107.953
109.052
109.113
109.014
113.829
119.424
116.758
112.762
115.119
118.516
120.37
121.969
121.26
120.161
118.209
116.111
114.949
113.95
120.42
128.212
128.807
128.108
134.251
141.644
142.21
141.511
142.073
142.872
145.013
147.411
143.699
138.804
140.087
142.585
151.414
161.504
156.8
149.108
150.453
153.65
157.426
161.322
159.854
157.257
164.292
173.383
179.764
185.558
185.781
184.782
191.793
200.584
202.445
202.744
208.332
215.125
219.078
222.375
229.557
237.649
240.492
242.09
241.675
240.776
249.119
259.709
271.02
282.509
288.559
293.254
299.625
306.418
311.302
315.697
323.269
331.66
333.954
334.654
340.804
348.396
346.927
343.03
345.737
350.233
355.042
359.937
371.559
385.046
390.809
394.405
397.612
400.709
408.93
418.62
427.227
435.519
443.811
452.102
454.385
454.885
467.372
483.456
489.883
493.379
498.558
504.252
514.141
525.33
528.837
529.935
536.952
545.843
541.417
532.725
537.468
546.559
550.757
553.355
552.949
551.55
561.385
574.971
585.496
594.986
600.976
605.771
621.414
640.795
648.245
651.542
663.782
679.167
694.699
710.284
727.927
746.309
768.137
791.215
811.806
831.486
852.699
874.477
903.457
935.126
962.297
987.772
1018.6
1051.47
1086.43
1122.19
1161.27
1201.63
1243.14
1285.1
1330.63
1377.59
1421.54
1464.3
1511.4
1560.25
1610.24
1660.69
1714.68
1770.13
1827.69
1886.13
1947.11
2009.15
2081.43
2158.06
2234.05
2309.78
2385.78
2461.91
2531.77
2598.91
2690.54
2792.94
2855.89
2901.35
2981.51
3077.22
3189.1
3308.28
3404.13
3489.35
3577.24
3666.35
3757.51
3849.62
3946.42
4045.43
4151.55
4261.04
4347.88
4423.9
4511.8
4605.41
4703.45
4803.65
4886.89
4961.82
5042.16
5125.18
5183.66
5229.92
5293.12
5364.85
5419.55
5465.61
5499.57
5527.34
5564.86
5607.42
5644.07
5677.64
5703.08
5724.26
5745.77
5767.45
5784.18
5798.26
5801.19
5798.09
5792.86
5786.46
5777.3
5766.61
5786.15
5822.41
5827.19
5814.4
5812.16
5815.86
5806.56
5789.87
5820.84
5879.08
5881.97
5852.9
5861.52
5892.09
5895.03
5881.74
5884.45
5896.64
5896.32
5888.53
5891.02
5899.72
5927.12
5965.88
5990.82
6007.31
6008.72
6000.83
6027.35
6075.31
6103.19
6118.47
6122.44
6119.24
6136.05
6165.62
6191.49
6214.96
6228.74
6236.24
6211.84
6166.58
6129.21
6097.04
6061.52
6023.75
6000.05
5985.76
5960.33
5927.36
5879
5820.16
5789.39
5777.9
5749.53
5709.47
5678.47
5653.79
5652.86
5668.65
5667.78
5655.09
5649.8
5649.8
5644.98
5636.69
5638.35
5647.24
5647.31
5640.92
5640.9
5645.6
5624.41
5583.95
5572.76
5583.55
5597.36
5613.44
5611.05
5594.56
5606.43
5640.1
5659.86
5668.86
5674.43
5677.32
5669.04
5651.96
5645.07
5646.27
5632.03
5605.46
5589.62
5582.42
5557.32
5517.66
5491.51
5476.42
5459.97
5442.39
5408.99
5362.44
5326.26
5298.78
5271.2
5243.53
5224.06
5211.57
5190.64
5162.47
5132.1
5099.83
5080.16
5071.47
5046.88
5008.32
4979.98
4960.7
4944.48
4930.99
4911.3
4886.02
4876.2
4880.39
4868.42
4841.64
4813.26
4783.39
4773.66
4782.65
4785.97
4783.97
4775.14
4759.85
4748.35
4740.46
4736.14
4735.24
4734.44
4733.74
4732.94
4732.04
4739.46
4755.05
4762.25
4761.15
4759.85
4758.35
4746.29
4723.61
4706.84
4696.05
4693.96
4700.75
4696.67
4681.38
4660.41
4633.53
4628.05
4644.94
4650.05
4642.75
4626.79
4601.61
4581.75
4567.56
4564.33
4572.92
4570.03
4554.64
4552.65
4565.34
4557.9
4528.23
4504.37
4486.99
4468.9
4450.02
4426.49
4397.72
4369.42
4341.64
4297.5
4234.57
4174.87
4118.92
4065.61
4015.36
3964.65
3913.4
3858.17
3798.23
3743.38
3694.63
3646.61
3599.45
3556.31
3518.05
3478.94
3438.77
3398.97
3359.61
3326.98
3302.7
3280.33
3260.35
3237.81
3212.03
3193.34
3183.64
3174.09
3164.69
3171.16
3198.13
3217.69
3227.58
3242.7
3264.68
3281.37
3291.06
3318.07
3368.23
3413.73
3453
3508.15
3584.88
3657.64
3724.97
3796.67
3874.4
3968.67
4085.96
4203.04
4319.82
4450.85
4602
4744.21
4873.69
5022.4
5198.72
5387.62
5594.72
5797.35
5993.46
6196.92
6411.21
6630.57
6857.45
7078.76
7291.75
7505.74
7721.23
7928.39
8122.9
8326.68
8544.67
8767.8
8998.87
9207.84
9382.37
9549.59
9705.34
9871.56
10054.4
10220
10358
10521.6
10726.3
10928
11125
11309.2
11472.9
11672.8
11932.7
12184.8
12423.9
12674.4
12944
13196.5
13420.4
13677.4
13990.8
14291.4
14570.1
14830.2
15058
15289.8
15528.6
15780.1
16054.4
16315.5
16553.4
16794.9
17043
17290.8
17538.4
17783.5
18023.9
18272
18534
18779.4
18993.9
19226.1
19491.6
19724.5
19895.8
20057.5
20200.9
20389.2
20664.1
20906.2
21084.6
21252.4
21399.6
21549.3
21703.9
21836.8
21926.6
22007.5
22070.4
22137.3
22212.1
22281
22337.5
22377.8
22384.6
22403.9
22449.4
22474.4
22456.3
22440.8
22430.7
22427.7
22440.1
22451
22458.6
22433.7
22338.2
22272.9
22273.8
22243.7
22144.8
22049.7
21963.4
21871.8
21768.3
21644.4
21473.6
21314.4
21181.5
21033.7
20851.2
20702.2
20632
20530.1
20353.1
20217.7
20181.4
20133.1
20055.7
19998.9
19992.4
19995.8
20023.5
20061.2
20124.1
20188.1
20255.3
20326.3
20407.1
20505.1
20647.1
20784.9
20912.2
21055.5
21240.4
21422.5
21597.2
21773.2
21952.3
22138.4
22343.2
22539.5
22713
22887.6
23065.5
23240.2
23405.9
23569.3
23725.9
23878.8
24021.1
24157.3
24276.5
24371.5
24396.5
24417.4
24426
24458.2
24559.8
24631.5
24614.3
24594.5
24567.2
24537.3
24499.6
24449.8
24362.6
24294.9
24287
24260.3
24174.8
24085.8
23986
23883.6
23772.7
23662.6
23554.9
23448.6
23347.2
23243.8
23133.7
23025.1
22921.2
22823.6
22747.4
22673.1
22605.6
22530.2
22427.7
22329.5
22246.4
22161.6
22070.8
21996.3
21980.2
21949.3
21864.8
21792.9
21767.4
21736.4
21684.6
21635.9
21598.7
21563
21533.4
21503.6
21473
21443.5
21418.6
21386.9
21328.1
21275.1
21245.1
21208.8
21147.4
21086.2
21025.1
20968.4
20929.7
20882.2
20798.3
20724.5
20693.6
20650.8
20556.7
20460.2
20353.6
20258.3
20212.2
20150.1
20016.4
19886.1
19770.6
19647
19486.5
19332.7
19210.4
19091.2
18986.2
18867.5
18683.8
18510.4
18387.1
18262.3
18130.8
17994
17830.4
17670.1
17525.7
17387.2
17278.5
17165.5
17030.4
16892.5
16740.6
16588.5
16435.7
16291.7
16195
16096.3
15986.7
15877
15766.6
15657.8
15557.7
15457.9
15359.8
15257.7
15132.8
15015.5
14943.7
14867.9
14767.2
14670.7
14600.5
14530.4
14461.1
14392.6
14329.9
14265.1
14186.9
14108.6
14029.7
13952.3
13884.1
13820.5
13789
13757.3
13725.3
13691.6
13646.6
13610.4
13636.9
13657.6
13636.1
13615.4
13600.3
13585.9
13576.3
13568.8
13577.7
13588.7
13616.6
13640.3
13630.2
13619.2
13600.6
13582.7
13570.7
13556.4
13521.7
13493.4
13520.7
13539
13477.4
13429.4
13504
13570.4
13559.8
13547.2
13516.3
13493.3
13547.7
13597.7
13603.6
13609.4
13613.6
13612.9
13561.2
13511.9
13488
13463.8
13437.4
13406.1
13319.5
13231.5
13126.8
13023.3
12934.2
12841.4
12704.2
12574.9
12545.9
12513.8
12441.3
12364.4
12229.1
12097.1
12009.6
11920.6
11811.1
11703.4
11621.5
11540
11465.9
11391.9
11319.4
11245.5
11146.5
11049.8
10993.1
10935.3
10859.7
10782.1
10668.7
10557
10477.6
10396.9
10290.5
10185
10099.3
10012.3
9897.86
9783.51
9672.22
9560.8
9446.41
9331.27
9197.1
9063.93
8957.23
8850.84
8753.04
8654.51
8534.43
8413.44
8263.49
8114.72
8006.63
7897.3
7742.55
7589.26
7493.85
7398.03
7284.04
7170.33
7070.13
6970
6873.6
6776.98
6667.89
6559.2
6477.68
6396
6301.89
6207.69
6104.79
6001.72
5880.14
5758.54
5633.96
5509.11
5329.09
5149.1
4981.37
4813.56
4578.69
4343.82
