34.2118
60.2862
86.3607
82.2104
78.0145
80.0907
82.1886
75.5429
68.8494
68.8992
68.9991
68.5051
68.0056
64.1479
60.2517
66.3117
72.5057
68.8615
65.0652
64.4109
63.8115
61.1543
58.4569
61.6272
64.9239
65.2928
65.5925
64.9182
64.2189
63.4223
62.6231
65.2193
67.9166
66.3541
64.6558
66.0493
67.5478
64.418
61.1213
59.8453
58.6464
59.0801
59.5797
67.2669
75.259
71.5831
67.3872
65.7683
64.2698
62.0093
59.7115
53.1364
46.3431
49.6046
53.4008
59.185
65.0792
66.9114
68.5099
66.5261
64.3282
66.6459
69.2434
71.5592
73.8569
70.8148
67.4181
61.5908
55.5967
54.4537
53.6544
56.3928
59.3899
59.0426
58.4432
58.3073
58.2074
59.2176
60.3165
61.0462
61.7455
62.2606
62.7601
61.6969
60.4981
60.6752
60.9749
57.1558
52.9599
53.2393
53.9386
51.6304
49.033
52.1648
55.8612
57.3797
58.6784
59.5244
60.3236
59.135
57.7364
57.2394
56.8397
55.3606
53.7622
51.6251
49.4273
52.2454
55.6421
51.3525
46.1576
50.7724
56.5667
58.0898
59.0888
57.1579
54.8601
52.0308
49.1337
49.9491
51.2479
50.1652
48.7665
55.8164
64.0084
59.468
53.1742
55.7293
59.5256
59.3006
58.5014
59.3594
60.4583
60.2519
59.8523
62.5786
65.7754
60.9153
54.8213
51.3204
48.2234
51.1635
55.0596
51.6418
47.0463
47.2585
48.2575
48.8283
49.3278
54.5276
60.5217
61.0589
60.6593
58.7285
56.5306
54.0782
51.5806
54.7564
58.9523
60.2758
61.0751
56.8172
51.6223
52.5659
54.6638
51.3087
46.913
51.6403
58.134
61.705
64.7021
63.034
60.4366
60.4155
60.9151
56.9372
52.042
53.4334
56.1308
54.2893
51.4921
55.034
59.9292
55.9542
50.06
53.5065
59.0011
60.1635
60.3633
59.6661
58.767
63.1555
68.75
64.7685
58.5746
58.1286
59.0277
59.2807
59.3807
64.1533
70.0476
68.5478
65.251
62.5155
59.918
63.1589
67.8543
69.9169
71.3156
67.0636
61.3691
61.5496
63.248
61.3033
58.4062
62.8559
69.2497
68.1571
65.0601
65.3433
66.5421
63.1146
58.4192
58.6514
60.2499
63.4867
67.1831
65.5874
62.4905
61.8776
61.9775
67.73
75.1228
75.1008
72.9029
79.1796
87.971
81.3933
70.2043
68.903
70.6014
70.3119
69.4128
70.8777
73.0755
71.4702
68.673
71.7933
76.7884
74.5191
69.9236
76.423
86.5131
84.7844
79.1898
78.4007
79.1999
77.8273
75.7294
76.5444
78.3427
81.5563
85.2527
83.4509
79.7545
79.1705
79.67
82.239
85.5357
86.4
86.4
83.6063
79.8101
82.686
87.9808
95.9813
104.972
107.546
107.746
105.836
103.139
109.944
120.334
123.2
123.2
125.076
127.673
132.717
138.711
146.643
155.334
154.794
150.599
159.748
174.233
179.681
181.479
194.42
211.903
217.991
219.389
226.929
237.019
241.689
244.087
252.731
264.02
277.339
291.525
303.547
314.637
326.561
338.849
353.011
367.996
378.829
387.82
403.23
421.512
432.705
440.698
455.209
472.692
484.769
494.359
506.543
519.93
532.704
545.192
559.512
574.697
591.843
609.926
625.58
640.066
655.56
671.545
676.934
677.134
692.377
715.055
723.333
724.432
737.628
756.91
761.611
758.913
764.806
775.096
786.11
797.499
809.676
822.264
825.159
822.961
825.073
829.469
827.159
821.265
829.714
845.898
846.1
837.608
831.503
826.708
831.431
841.422
842.307
838.111
828.226
815.139
821.043
837.726
841.957
839.06
836.163
833.266
834.726
838.722
841.396
843.294
849.083
857.175
855.07
846.879
840.869
836.174
834.586
834.886
838.594
844.388
847.835
849.833
846.29
839.297
848.63
868.211
874.209
871.612
864.989
855.798
862.231
878.714
876.05
860.965
853.731
851.634
847.127
841.033
846.041
858.429
852.155
833.373
815.665
798.682
796.494
804.386
801.026
789.937
785.223
784.923
781.152
774.958
767.709
759.717
760.316
767.009
769.742
769.642
762.169
749.382
744.347
744.946
742.259
737.164
734.598
733.898
731.825
728.728
724.09
718.295
721.203
730.694
734.687
734.487
739.314
748.006
749.323
744.927
736.998
726.308
722.718
724.716
725.656
725.756
729.463
736.057
733.303
723.013
719.282
720.88
721.49
721.29
713.101
698.315
690.019
687.121
682.703
677.009
669.636
660.845
650.381
638.493
636.117
641.911
639.299
629.408
623.253
620.356
616.076
610.582
605.405
600.51
595.351
589.956
590.607
596.701
596.458
590.463
583.947
576.954
574.899
577.397
572.955
562.066
557.729
559.527
558.704
555.407
558.613
568.003
567.806
558.415
552.326
549.429
548.607
549.806
551.207
552.805
550.336
543.842
540.5
540.3
540.15
540.05
540.993
542.991
542.566
539.669
533.67
524.479
517.74
513.544
515.552
524.044
525.14
518.447
506.714
489.63
478.194
472.799
470
470
473.59
481.083
480.423
470.833
461.289
451.799
447.887
450.185
448.01
440.817
432.405
422.614
416.233
413.735
409.238
402.445
398.476
397.776
390.207
374.622
358.624
342.14
334.023
335.821
330.29
316.004
306.976
304.279
297.384
285.396
277.272
273.875
269.405
263.611
255.99
246.1
245.788
257.477
259.982
250.891
244.393
241.196
238.131
235.234
232.903
231.304
228.665
224.669
220.63
216.534
216.821
222.915
227.341
229.539
231.652
233.65
238.445
247.037
250.818
248.021
251.398
263.286
276.888
292.872
308.94
325.124
339.155
350.144
366.079
389.057
413.593
440.367
466.65
492.225
522.757
560.52
591.976
614.154
641.563
676.728
708.37
734.744
770.402
820.053
860.546
887.12
914.838
944.309
975.822
1010.49
1043.67
1074.54
1104.67
1133.64
1159.02
1178.7
1194.76
1205.05
1219.05
1239.03
1261.03
1286.31
1315.22
1350.09
1383.63
1415
1443.07
1465.65
1489.46
1515.33
1541.73
1569
1598.56
1632.03
1662.82
1688.99
1719.18
1756.35
1784.83
1798.12
1818.16
1850.13
1880.62
1908.5
1940.19
1978.75
2008.75
2023.24
2042.42
2070.2
2098.64
2128.31
2153.89
2171.87
2193.5
2221.98
2259.81
2315.36
2346.4
2330.72
2330.38
2359.55
2386.78
2410.26
2431.78
2449.46
2465.46
2478.15
2487.1
2488.6
2495.94
2515.02
2528.59
2530.99
2538.63
2557.02
2570.05
2572.05
2571.16
2564.27
2560.28
2562.37
2562.58
2558.79
2556.87
2558.97
2558.88
2554.09
2549.07
2543.58
2539.39
2538.09
2536.95
2536.15
2532.67
2523.18
2508.26
2481.09
2461.35
2458.55
2455.75
2452.95
2441.89
2411.62
2382.49
2356.01
2335.17
2327.68
2316.65
2297.17
2281.23
2273.84
2266.39
2258.8
2254.01
2256.1
2261.3
2274.19
2280.66
2271.07
2268.73
2284.71
2298.81
2308.1
2318.96
2333.84
2348.15
2360.93
2372.98
2383.07
2399.25
2431.62
2457.56
2466.25
2483.31
2523.08
2553.16
2556.76
2565.1
2586.58
2603.82
2609.22
2619.37
2642.94
2659.88
2657.88
2658.66
2667.46
2677.19
2689.68
2698.67
2697.37
2695.54
2692.15
2686.28
2672.99
2667.51
2685.69
2701.49
2709.98
2708.14
2674.27
2646.74
2639.04
2631.57
2624.77
2614.7
2594.12
2574.46
2557.78
2541.75
2527.86
2513.93
2499.84
2487.09
2478.8
2473.49
2478.29
2477
2454.92
2433.72
2415.54
2401.84
2403.84
2401.39
2383.21
2364.81
2345.63
2333.39
2346.28
2353.8
2341.72
2331.54
2328.44
2326.95
2331.44
2333.81
2328.12
2321.2
2309.61
2298.66
2290.17
2279.87
2262.49
2248.62
2248.72
2251.28
2263.77
2271.24
2258.25
2245.44
2233.35
2222.6
2217.4
2211.04
2199.75
2191.32
2195.11
2194.37
2173.89
2156.31
2151.52
2143.28
2119.7
2099.55
2094.85
2087.7
2069.32
2051.68
2037.5
2022.1
2001.02
1981.28
1967.89
1958.62
1969.2
1971.82
1935.35
1900.91
1876.54
1855.69
1852.59
1845.96
1821.28
1797.3
1776.92
1759.81
1759.91
1758.39
1748.2
1735.4
1708.42
1684.94
1680.64
1674.34
1656.86
1638.52
1615.35
1595.97
1598.47
1598.18
1581.59
1566.41
1559.51
1552.63
1545.84
1538.3
1526.22
1514.29
1503.4
1492.6
1482.31
1472.57
1466.37
1457.65
1432.38
1410.78
1413.67
1416.96
1422.85
1425.85
1408.87
1393.95
1393.55
1392.16
1383.67
1375.84
1372.84
1371.53
1382.71
1393.01
1396.5
1399.52
1398.82
1396.61
1382.53
1369.98
1369.78
1369.99
1373.59
1376.47
1373.37
1369.75
1361.66
1355.33
1364.43
1371.89
1364.9
1357.88
1350.58
1344.69
1351.78
1357.61
1351.42
1345.73
1345.03
1344.08
1340.58
1338.33
1348.72
1358.61
1363.3
1366.99
1359.9
1352.87
1346.47
1340.4
1338.01
1334.61
1319.62
1305
1294.71
1284.48
1274.99
1265.6
1257.51
1249.34
1240.15
1230.76
1218.78
1206.84
1195.55
1184.55
1177.76
1170.71
1159.92
1149.42
1143.33
1136.7
1121.72
1107.26
1101.36
1095.22
1084.83
1074.35
1062.26
1050.18
1038.19
1027
1031.1
1034.38
1021.6
1008.82
996.232
984.191
983.991
983.24
969.953
956.589
941.404
926.364
914.976
903.938
902.24
899.763
875.387
851.399
839.011
826.487
809.603
793.041
787.446
781.764
772.873
763.869
750.382
736.988
727.597
718.097
703.412
688.817
679.027
669.298
663.204
656.981
642.095
627.397
627.198
626.792
607.51
588.387
586.888
585.286
568.702
552.121
536.036
519.967
508.878
497.777
475.399
453.021
