125.197
119.203
113.209
114.596
115.995
114.009
112.011
110.41
108.812
111.081
113.378
116.171
118.968
115.444
111.848
117.912
124.106
116.034
107.742
112.804
118.099
113.202
108.107
107.902
107.802
113.363
119.057
111.505
103.613
109.621
116.015
104.074
91.5859
104.173
117.56
115.295
112.497
107.868
103.173
111.757
120.848
116.206
111.011
112.621
114.519
112.878
111.08
112.718
114.516
111.457
108.16
111.612
115.408
118.351
121.248
114.584
107.391
109.928
113.025
112.823
112.423
108.919
105.223
105
105
102.096
98.9989
101.885
105.182
106.799
108.298
110.913
113.611
108.412
102.617
102.663
103.163
102.552
101.853
104.754
107.951
106.081
103.783
108.104
112.999
105.328
96.5368
94.427
92.9285
96.9099
101.405
103.531
105.43
107.782
110.18
107.859
105.062
105.886
107.085
105.302
103.205
103.361
103.76
103.71
103.61
104.498
105.497
105.6
105.6
102.829
99.7324
100.47
101.669
103.046
104.444
102.824
100.826
102.017
103.616
103.446
103.047
101.941
100.743
102.712
105.11
102.327
98.8301
102.693
107.588
106.452
104.453
107.863
112.059
107.9
102.506
104.405
107.402
103.988
99.5924
103.063
107.758
106.244
103.746
100.905
98.0075
98.8019
100.2
98.6869
96.6888
101.1
106.595
108.764
110.363
106.517
101.721
104.395
108.391
113.064
117.86
113.024
106.431
107.928
110.925
111.484
111.584
108.496
104.799
103.698
103.098
106.173
109.969
110.933
111.333
108.242
104.445
99.8201
95.0248
102.058
111.549
119.967
128.159
119.144
106.457
107.896
112.391
115.166
117.564
116.365
114.367
116.202
118.899
118.017
116.319
117.785
119.983
126.876
134.869
129.858
121.766
132.043
146.729
143.411
135.719
144.222
156.709
158.08
156.682
159.511
163.408
161.971
159.174
162.569
167.565
166.382
163.585
169.399
177.491
176.678
173.481
178.302
185.296
184.526
181.629
185.145
190.44
190.976
190.177
199.183
210.972
206.38
197.09
203.13
213.62
213.683
210.686
213.775
218.67
226.485
235.177
237.966
238.965
235.53
230.735
237.149
247.04
247.803
245.705
252.18
261.371
260.119
255.524
262.853
274.042
270.251
261.559
264.956
272.349
280.191
288.183
295.727
303.12
306.49
308.488
313.607
319.8
335.332
354.113
371.786
389.069
399.571
407.663
422.812
440.495
459.424
478.805
500.819
523.796
545.242
566.122
590.565
616.34
649.949
686.513
714.107
738.283
783.598
837.046
885.889
932.943
984.015
1036.66
1087.16
1136.82
1190.32
1245.37
1313.22
1386.25
1461.62
1537.95
1613.49
1688.72
1746.87
1797.92
1884.44
1985.84
2076.43
2162.45
2255.39
2351.3
2458.58
2570.77
2672.59
2769.9
2876.15
2986.35
3095.85
3205.04
3319.34
3435.92
3545.97
3653.07
3773.96
3901.13
4009.01
4108.01
4236.9
4379.66
4490.58
4586.59
4716.04
4861.3
4971.51
5065.02
5167.37
5273.96
5377.4
5479.3
5557.39
5623.83
5706.58
5797.39
5855.73
5897.89
5954.34
6017.98
6087.25
6159.38
6194.5
6210.69
6242.29
6281.85
6315.17
6345.24
6371.97
6396.95
6419.18
6439.96
6459.76
6479.04
6481.58
6475.09
6466.2
6456.01
6462.46
6478.05
6480.58
6475.88
6469.13
6461.24
6473.8
6497.88
6522.02
6546.2
6545.85
6531.46
6535
6548.89
6539.1
6515.52
6511.77
6519.66
6528.62
6538.21
6558.25
6584.52
6584.73
6569.25
6558.8
6551.41
6559.57
6577.25
6598.64
6622.32
6635.71
6642.7
6655.65
6672.33
6666.62
6646.74
6645.1
6655.09
6648.85
6632.16
6601.12
6560.76
6514.96
6465.61
6421.44
6380.68
6328.75
6269.41
6219.58
6176.12
6119.97
6055.23
6012.24
5984.07
5938.25
5880.3
5856.72
5856.92
5840.53
5812.55
5792.09
5776.9
5752.77
5722.3
5711.7
5715.29
5716.45
5715.85
5695.93
5661.96
5641.54
5631.06
5631.02
5638.72
5622.3
5587.93
5576.57
5582.46
5591.82
5603.81
5609.68
5610.88
5601.12
5582.94
5570.44
5562.35
5573.5
5599.67
5587.78
5545.92
5515.26
5493.48
5464.43
5429.56
5390.22
5347.26
5308.87
5274.21
5237.84
5200.08
5146.99
5081.26
5028.23
4985.77
4938.96
4888.51
4847.86
4815.49
4779.19
4739.52
4688.63
4628.09
4584.9
4556.73
4538.1
4527.81
4507.21
4477.54
4452.64
4431.96
4412.17
4393.19
4366.96
4334.19
4308.07
4287.99
4276.21
4272.01
4256.8
4231.42
4220.8
4223.9
4220.76
4211.76
4204.68
4199.38
4199.36
4204.35
4206.34
4205.44
4191.69
4165.51
4155.89
4162.38
4150.93
4121.86
4115.94
4132.92
4124.19
4089.82
4044.55
3988.3
3961.14
3963.44
3943.29
3900.23
3863.87
3834.4
3789.33
3728.09
3678.72
3641.76
3612.87
3592.49
3573.81
3556.93
3510.55
3432.63
3382.3
3361.72
3329.7
3285.24
3257.09
3246.8
3223.74
3186.57
3139.91
3082.66
3029.8
2981.84
2926.06
2861.42
2800.29
2743.15
2664.24
2560.34
2470.24
2396.11
2313.18
2219.97
2131.9
2049.89
1969.42
1890.8
1813.04
1736.31
1666.48
1604.94
1543.4
1481.86
1436.36
1410.49
1367.16
1302.33
1260.39
1246.9
1230.53
1210.55
1190.79
1171.31
1154.16
1139.97
1125.96
1112.17
1103.4
1101.1
1101.88
1106.68
1119.67
1143.45
1162.03
1173.72
1191.48
1217.35
1261.07
1328.8
1396.54
1464.27
1546.06
1647.06
1758.73
1885.1
2018.42
2161.38
2327.76
2526.97
2739.67
2971.44
3215.62
3477.46
3745.21
4021.44
4309.18
4613.59
4924.45
5244.73
5561.79
5874.08
6190.88
6514.36
6834.84
7150.83
7466.66
7782.26
8079.09
8347.43
8613.79
8877.14
9126.5
9354.28
9571.39
9771.9
9985.81
10220.8
10440.9
10637.6
10839.7
11050.1
11255
11450.8
11664.3
11906.3
12153.4
12408.8
12668.1
12933.9
13202
13473.8
13758.7
14065.5
14361
14637.2
14915.9
15199
15481.2
15762
16037.1
16302.4
16545.8
16750.9
16959.5
17174.5
17424.6
17737.3
18031.9
18294
18557.6
18824.3
19072.5
19287.2
19513.9
19762.5
20003.7
20230.8
20443.6
20629.2
20822.8
21031.6
21209
21326.3
21470
21664.1
21859.7
22058.1
22228.2
22343.1
22452.5
22550.9
22644.2
22727.3
22811.7
22898.7
22975.2
23030.5
23071.2
23082.3
23081.5
23056.3
23041.4
23048.1
23079.4
23162.4
23188.2
23092.8
23020.2
22996.2
22988.9
23017.7
23019.9
22964.2
22918.5
22894.5
22833.7
22691.3
22549.5
22409.1
22239.4
22003.3
21803.9
21688.2
21549.8
21358.9
21175.5
21009.8
20852.4
20714.6
20575.1
20431.2
20331.3
20336.4
20331.2
20301.4
20279.5
20277
20281.3
20302.2
20353.5
20479.9
20584.9
20636.4
20723.6
20900.9
21070.2
21218.9
21375.4
21552.5
21732.3
21919.5
22116.6
22339.7
22556.6
22756.9
22946.5
23107.5
23304
23596.3
23859.9
24045
24214.3
24339.7
24476.3
24644.3
24810.1
24969.7
25116
25224.8
25327
25410.3
25484
25530
25562.5
25555
25546.8
25536.8
25517.7
25471.8
25423.8
25369.9
25312.6
25245
25172.8
25085.7
24995.4
24894.6
24793.1
24689.5
24572.8
24413.9
24262.9
24137.2
24012
23888
23770.2
23673
23583.3
23518.4
23456.4
23403.8
23345.8
23269
23191.7
23112.8
23032.5
22947.6
22875.5
22849
22812.2
22739.1
22677.8
22659.2
22626
22539.1
22469.9
22465.6
22450.7
22396.3
22340.3
22278.7
22229.6
22228.6
22211.8
22133.5
22063.3
22024.4
21975.5
21886.6
21818.2
21832.3
21823.9
21724
21630.2
21561.5
21497.4
21453.1
21402.5
21325.7
21250
21179.5
21106.6
21023.4
20930
20792.1
20659.3
20549.6
20437.3
20313.5
20187.7
20053.4
19920.9
19796.5
19666.6
19510.3
19351.4
19179.6
19003.5
18806.7
18625.9
18522.7
18407.8
18234.5
18057.2
17859.2
17671.9
17539.2
17405.5
17266.2
17125.3
16975.9
16832.6
16722.6
16615.1
16520.9
16431.3
16367.3
16294.1
16169.7
16051.6
15969.2
15883.3
15777
15678
15622
15558.2
15448.3
15342.2
15259.5
15176.7
15093.3
15006.5
14898.4
14792.6
14701.9
14614.9
14551.3
14483.2
14385.3
14294.5
14251.1
14206.1
14151.1
14098.3
14060.9
14023.6
13986.3
13951.1
13930.9
13915.1
13930.8
13945.8
13956
13965.6
13971.1
13978.3
13998.7
14007.9
13928.6
13863.8
13914
13954.2
13912.3
13876.3
13890.9
13904.1
13904.9
13900.9
13855.3
13812
13788.5
13767.9
13772.9
13778.6
13790.9
13806.4
13853.1
13893
13866.9
13839.6
13800.8
13762.2
13726.9
13688.5
13618.4
13550.7
13506.8
13461.4
13398.6
13334.8
13258.8
13181.9
13095.5
13008.2
12910.4
12813.6
12728.9
12643.1
12544.3
12445.8
12351.4
12256.7
12157.1
12058.3
11970.5
11884.6
11823.2
11758.6
11645.2
11535
11472.9
11408.2
11300.7
11195.5
11129.1
11060.7
10958
10855.6
10759.5
10664
10580.4
10496.5
10406
10314.3
10200.7
10086.7
9964.07
9841.28
9716.1
9591.33
9475.95
9359.26
9211.61
9064.3
8925.74
8788.47
8685.67
8580.93
8421.69
8263.41
8133.94
8004.36
7871.59
7738.93
7609.85
7481.3
7372.01
7262.69
7152.1
7041.55
6933.06
6824.8
6727.69
6630.03
6503.06
6377.36
6326.91
6275.52
6161.84
6048.65
5973.92
5898.9
5797.4
5695.54
5553.18
5410.69
5249.75
5088.65
4895.14
4701.51
4469.44
4237.38
4019.19
3801.01
