109.397
103.703
98.0086
97.3017
96.6024
101.578
106.573
106.898
107.198
102.539
97.8439
99.6804
101.578
101.6
101.6
104.064
106.562
101.582
96.4875
103.862
111.455
107.19
102.695
99.4706
96.2737
92.8816
89.485
93.0039
96.7002
100.591
104.487
104.794
104.994
99.2879
93.3937
97.8377
102.633
103.089
103.389
103.015
102.615
99.3349
95.9382
97.7167
99.7147
100.278
100.778
96.1232
91.228
103.096
115.784
107.275
97.6843
98.6228
100.121
95.4669
90.4718
92.4671
94.8648
99.0536
103.349
99.837
95.8409
95.3183
95.0186
96.2178
97.5166
94.4214
91.0248
91.453
92.1523
96.0169
100.113
99.0994
97.7007
100.844
104.341
96.0893
86.8983
91.0925
96.3873
91.273
85.2789
85.4434
86.1427
89.6855
93.4818
91.8779
89.7799
93.5273
97.8231
94.0988
89.6032
87.654
85.9556
89.8835
94.3791
91.6307
88.1341
90.9624
94.4589
90.2921
85.2969
88.4884
92.5844
92.4614
91.862
92.9644
94.2631
97.1706
100.267
99.2623
97.7637
96.7101
95.7111
95.0672
94.4678
89.7046
84.4098
84.1536
84.5532
84.7764
84.9762
90.3683
96.4623
95.2682
93.0703
90.6973
88.2996
94.294
101.487
100.394
98.0961
91.8822
85.0889
92.7093
102.5
98.0821
91.4886
89.217
87.6185
89.2111
91.309
95.6442
100.339
97.2225
92.8268
93.8274
95.7256
93.3507
90.2538
96.4506
104.243
100.126
93.9318
89.6899
85.7938
87.7403
90.7373
96.6067
103
103.326
102.526
102.484
102.584
99.9154
96.7185
102.561
110.153
107.726
103.33
101.267
99.6686
107.794
117.884
118.605
117.406
109.507
100.216
101.323
104.62
105.941
106.84
104.7
101.903
104.759
108.855
112.461
115.957
122.553
129.845
129.085
126.487
131.031
137.225
129.738
119.048
129.114
144.099
147.322
147.722
148.684
149.783
155.131
161.525
159.121
154.525
157.828
163.123
172.079
181.969
175.029
163.74
167.498
175.19
187.702
201.488
201.721
198.324
199.486
201.884
202.008
201.508
208.674
217.965
218.518
216.619
217.212
218.51
221.362
224.658
231.285
238.877
246.006
253
257.99
262.385
258.943
253.149
255.326
259.921
268.722
278.812
281.886
282.785
285.966
289.862
289.055
286.757
295.28
307.269
313.068
316.864
313.208
307.114
311.306
318.899
318.104
314.507
323.609
336.995
346.136
353.829
361.001
367.994
378.692
390.681
400.378
409.269
427.153
448.233
467.915
487.096
501.805
514.892
543.189
577.056
594.368
605.557
627.511
653.485
688.164
726.127
764.813
803.775
850.745
900.796
946.242
989.9
1048.7
1113.43
1172.02
1228.16
1286.59
1345.93
1413.88
1485.31
1561.57
1639.79
1725.02
1813.14
1897.72
1980.84
2064.38
2148.1
2243.19
2343.09
2446.28
2550.88
2659.04
2768.73
2896.45
3032.02
3152.66
3266.75
3387.9
3512.17
3635.28
3757.86
3889.18
4024.45
4167.06
4313.01
4464.92
4619.57
4744.95
4856.74
5005.13
5170.67
5312.94
5444.21
5570.27
5693.85
5820.87
5949.55
6061.41
6165.11
6272.02
6380.52
6466.88
6542.3
6618.6
6695.32
6765.53
6832.47
6896.42
6958.86
7035.04
7118.26
7169.2
7203.46
7255.07
7315.71
7336.8
7337.1
7363.45
7403.61
7416.69
7415.29
7398.83
7374.26
7383.85
7412.02
7438.64
7464.42
7480.48
7491.17
7475.31
7444.64
7459.17
7499.13
7512.77
7511.47
7494.93
7469.65
7468.57
7481.46
7487.9
7490.6
7506.89
7531.17
7548.54
7561.83
7573.24
7583.53
7582.35
7574.26
7575.24
7581.73
7600.19
7625.96
7645.44
7661.02
7686.15
7717.22
7749.95
7783.71
7816.44
7848.51
7832.33
7785.38
7769.07
7772.46
7749.74
7710.08
7666.68
7620.82
7569
7513.26
7450.37
7382.74
7312.23
7239.81
7180.85
7131
7081.98
7033.53
6983.95
6933.6
6896.53
6868.66
6834.67
6796.4
6785.99
6795.18
6788.89
6771.61
6761.31
6756.02
6739.23
6714.15
6686.82
6657.85
6637.18
6622.6
6605.77
6587.29
6594.69
6621.36
6632.57
6632.17
6617.44
6591.86
6590.77
6608.36
6632.1
6660.57
6667.82
6658.63
6628.85
6583
6566.99
6574.48
6564.6
6540.92
6508.09
6467.93
6444.8
6435.41
6411.85
6376.79
6332.39
6280.34
6223.2
6161.86
6093.49
6019.26
5964.26
5925.4
5879.94
5828.89
5790.84
5763.86
5709.48
5631.56
5574.62
5535.86
5494.22
5450.06
5407.87
5367.41
5341.73
5329.14
5300.88
5258.62
5230.5
5215.12
5184.02
5138.67
5124.83
5139.81
5128.65
5093.38
5070.39
5058.8
5043.19
5023.81
5017.43
5023.33
5023.02
5016.83
5018.03
5026.32
5028.21
5023.92
5023.06
5025.56
5027.1
5027.7
5015.49
4990.62
4965.64
4940.57
4925.11
4919.31
4893.82
4848.36
4809.68
4777.91
4742.3
4702.74
4663.28
4623.91
4585.43
4547.87
4504.71
4455.66
4410.77
4370.31
4330.67
4291.91
4253.58
4215.72
4169.24
4113.39
4076.86
4061.47
4047.99
4036.6
4000.95
3938.31
3878.12
3820.68
3753.95
3676.73
3591.89
3498.38
3404.78
3311.07
3211.67
3105.67
3002.08
2901.27
2804.93
2713.82
2614.34
2504.95
2413.22
2342.58
2267.38
2186.66
2105.66
2024.34
1963.74
1928.47
1886.18
1835.23
1787.18
1742.72
1709.31
1689.73
1660.87
1620.31
1595.27
1589.97
1573.87
1543.9
1531.53
1541.92
1540.47
1523.59
1520.86
1536.75
1554.78
1575.66
1600.73
1631.4
1673.4
1730.64
1792.72
1861.35
1937.12
2022.63
2135.66
2286.61
2447.89
2623.51
2806.51
2999.82
3222.24
3485.78
3766.59
4071.99
4386.87
4715.34
5054.19
5408.05
5776.08
6164.8
6554.57
6945.88
7353.41
7784.99
8190.54
8557.18
8937.45
9338.26
9701.16
10006.5
10329.2
10678.7
11011.4
11318.4
11613
11888.1
12143.8
12369.1
12603.7
12853.1
13094.3
13322.6
13577.8
13876.5
14156.1
14404.7
14689
15031.7
15352.1
15635.5
15964.6
16369.5
16740.8
17055.8
17380
17719.9
18074.6
18454.6
18807.7
19114.5
19431.4
19765.9
20098.9
20429.4
20741.5
21021.1
21344
21743.9
22088.3
22333.1
22610.5
22947.1
23285.6
23627.8
23953.1
24247.3
24546.1
24853.3
25148.3
25420.5
25690
25954.2
26204.9
26429.8
26663.5
26914
27181.6
27482.1
27722.5
27845.3
27971.4
28104.3
28256.4
28446.7
28609.6
28717.5
28798.9
28826.6
28873.4
28959.3
29007.8
28979
28963.7
28976.3
28993.8
29021.9
29040.3
29038.2
29016.2
28951.4
28892.9
28847.7
28781.3
28668.7
28602.7
28639.4
28626
28501.3
28377.8
28257.3
28115.2
27924.2
27730.3
27529.8
27327.7
27121.9
26928.1
26762.1
26588
26394.4
26222.9
26103.6
25987.5
25879.5
25788.4
25738.1
25699.6
25689.9
25695.2
25737.6
25810
25957.1
26078
26133.3
26205.4
26320
26473.8
26727.8
26956.8
27121.5
27313.2
27575.2
27829.8
28065
28304
28552.6
28818.8
29132.1
29418.8
29633.5
29865.6
30145.1
30412.8
30647.6
30891.2
31159.3
31408.3
31603.5
31751.8
31766.2
31820.4
31989
32123.6
32159.6
32206.2
32284.3
32319.1
32225.2
32154.4
32152.7
32142.7
32107.5
32056.6
31957.5
31852.7
31730
31614.5
31521.8
31427.1
31326
31214.6
31070.3
30938.3
30846.5
30743.4
30603.3
30463.1
30322.3
30190.8
30089.9
29981.2
29846.2
29719.7
29622.1
29524
29424.4
29335
29280.9
29209.8
29078.2
28982.4
29014.3
29008.8
28867.3
28744.6
28690.8
28624.7
28513.2
28425
28423.9
28414.3
28372.6
28320.7
28229.2
28145.1
28089.9
28039.7
28008.6
27974.2
27926.4
27873.8
27801.7
27734
27684.6
27630.4
27556.8
27486.6
27430.6
27360.6
27231.2
27122.6
27103.7
27058.5
26898.7
26750.2
26650.9
26534.8
26344
26170
26071.9
25963.2
25805.8
25641.4
25444.3
25245.2
25036.6
24825.2
24600.3
24386
24222.5
24053.9
23860.1
23665.3
23465.3
23271.2
23106.9
22942.5
22777.1
22602.6
22381.4
22168.9
22001.5
21842.3
21726.1
21607.8
21478
21340.6
21161
20990.7
20871.3
20743.2
20566.1
20402.1
20313.5
20218.4
20085.5
19960.8
19884.1
19804.1
19703.8
19598.9
19465.6
19337.2
19238.4
19133.1
18985.6
18850.7
18796.7
18740.4
18669.5
18602.9
18565.7
18523
18443.3
18364.1
18287.8
18216.6
18181.4
18148
18126.6
18107.3
18103.2
18104.7
18147.5
18185.5
18186.8
18188.1
18189.3
18190.6
18192.6
18197.6
18226.1
18251.1
18246.2
18238.5
18208
18180.4
18178.4
18176.5
18176
18176.4
18183.9
18192.3
18207.9
18222.2
18224.8
18228.4
18241.2
18253.3
18258.5
18261.7
18245.7
18228.8
18201.7
18173.7
18135.4
18094.7
18028.2
17959.3
17864.9
17771.3
17686.5
17603
17535.2
17458.7
17279.6
17105.4
16991
16873.1
16711.5
16552.2
16423.3
16294.3
16163.3
16037.2
15977.5
15913.2
15782.6
15652.7
15532.4
15415.8
15355
15289.4
15149.7
15011.5
14899.5
14788.5
14693.7
14596.9
14465.5
14334.4
14207.6
14082.7
13992.5
13898.1
13722.1
13548.4
13422
13294.7
13148.7
13000.7
12808.1
12617.6
12478.2
12337.2
12154.2
11971.6
11800.1
11629.5
11482.7
11334.7
11152.9
10972.2
10827.3
10681.8
10513.7
10345.6
10177.9
10010.9
9870.59
9730.71
9611.32
9490.9
9321.07
9152.32
9040.63
8928.4
8784.34
8640.67
8523.29
8405.59
8263.63
8121.97
8008.69
7895.02
7739.68
7583.9
7366.21
7148.48
6921
6693.31
6393.2
6093.09
5783.99
5474.89
