37.6231
88.7729
139.923
141.895
143.793
145.99
148.188
144.921
141.624
141.203
140.804
139.612
138.413
138.301
138.201
139.679
141.177
141.79
142.39
144.953
147.55
143.778
139.882
143.809
147.905
143.706
139.31
142.512
145.908
142.598
139.101
141.619
144.317
144.013
143.613
145.629
147.727
143.461
138.965
139.858
140.957
142.248
143.547
143.408
143.208
144.443
145.742
143.7
141.502
144.638
148.035
145.919
143.521
143.779
144.179
144.295
144.394
144.305
144.206
146.085
148.083
146.883
145.484
144.273
143.075
145.623
148.42
149.348
150.147
148.987
147.688
144.435
141.038
141.079
141.378
142.42
143.519
146.283
149.18
145.892
142.096
144.655
147.752
146.07
143.972
145.543
147.441
146.685
145.686
145.326
145.026
147.096
149.394
153.056
156.852
155.566
153.768
147.352
140.459
143.324
147.22
149.493
151.591
150.091
148.192
149.975
152.173
153.296
154.295
155.741
157.239
159.986
162.883
167.649
172.644
172.934
172.634
173.486
174.485
179.992
186.086
191.916
197.71
204.296
210.99
216.103
220.998
224.754
228.35
235.181
242.474
248.546
254.44
258.333
261.929
272.038
283.127
292.744
302.134
307.376
311.972
320.707
330.098
342.07
354.458
367.103
379.791
388.195
395.888
410.332
425.916
437.835
449.124
467.048
486.129
500.203
513.39
523.614
533.304
560.651
591.221
607.884
621.97
638.327
655.11
675.166
695.846
714.014
731.697
747.793
763.578
783.528
804.307
827.746
851.723
876.28
900.956
930.512
961.082
981.006
998.689
1033.99
1073.05
1109.65
1145.71
1184.24
1223.3
1263.09
1303.06
1345.95
1389.51
1442.83
1498.37
1559.19
1621.23
1677.04
1731.39
1784.28
1836.83
1893.32
1950.77
2013.36
2077.19
2123.87
2166.33
2225.74
2289.38
2340.65
2388.81
2437.52
2486.37
2522.92
2556.28
2618.95
2689.28
2728.25
2758.92
2821.11
2891.74
2945.71
2995.16
3044.06
3092.82
3157.52
3226.66
3301.48
3377.91
3431.77
3479.22
3551.51
3630.94
3705.87
3779.49
3846.02
3910.45
3978.97
4048.71
4121.2
4194.53
4239.81
4276.57
4344.68
4422.4
4476.79
4523.95
4572.17
4620.72
4656.15
4687.41
4702.72
4712.91
4733.29
4756.96
4790.65
4827.62
4859.02
4888.59
4930.15
4975.7
5025.74
5077.29
5149.1
5227.82
5306.47
5385.1
5451.57
5513.81
5611.74
5722.23
5815.48
5902.59
6000.44
6102.14
6217.92
6338.8
6447.03
6550.63
6642.41
6729.83
6860.74
7007.89
7149.9
7289.96
7406.87
7514.97
7650.77
7797.22
7922.02
8038.41
8193.47
8363.7
8500.3
8623.58
8784.54
8960.57
9080.3
9177.31
9274.81
9372.51
9494.92
9627.49
9719.33
9794.26
9892.84
10001.3
10113
10226
10313.5
10390.1
10480.2
10576.1
10673.8
10772.3
10883.5
11000.1
11145.7
11304
11414
11502.3
11616.8
11743.1
11882.6
12028.3
12168.1
12305.3
12451.6
12602.2
12749.7
12895.9
13014.4
13119.8
13281.4
13469.8
13651
13828.7
13973.3
14101.8
14236.4
14374.1
14468.3
14541
14648.8
14774.1
14837.9
14870.7
14934.8
15014.7
15091.7
15167.1
15193.8
15195.3
15226.3
15272.8
15296.8
15309
15293.6
15263.6
15239.8
15219.2
15201
15184.1
15183.2
15190.9
15184.4
15170.2
15120.1
15050.1
15039.1
15061.1
15076.7
15088.8
15116.4
15152.8
15190
15227.8
15288.5
15362.4
15402.1
15421.9
15458.3
15504.4
15590.4
15700
15796.9
15886.2
15988.7
16099.1
16228.1
16368.5
16541.8
16735.2
16957.3
17197.2
17412.7
17613.1
17835.4
18071.3
18289
18495.1
18695.5
18892.2
19085.4
19276.4
19423
19540.7
19637.3
19720.1
19770.5
19799.6
19806.5
19798.7
19820.9
19863.1
19871.3
19856.4
19894.5
19968.8
19985.2
19962.1
20021.4
20137.9
20215.7
20266.6
20320.4
20376.2
20443.6
20519.1
20577.9
20624.8
20709.6
20821.9
20880
20898.5
20912.8
20924
20927.9
20926.4
20966.2
21036.6
21078.1
21098
21157
21245.7
21327.5
21404.2
21463
21508
21602.6
21735.6
21823
21874.6
21910.1
21932.8
21948.7
21959.3
21964.7
21966
21999.8
22059.9
22087.9
22090
22092.4
22094.9
22144.9
22234.2
22281.3
22293.3
22322.5
22366
22400.9
22428.4
22470.3
22524.5
22572.1
22613.8
22673
22747.2
22818
22885.8
22940.1
22982.5
23037.7
23104.2
23149.4
23175.4
23175.6
23152.6
23177.8
23247
23266.8
23241.7
23225.7
23218.2
23205.8
23188.8
23178.7
23175
23160.5
23135.8
23116.8
23103.1
23157.8
23278.2
23379.9
23463.5
23525
23564.8
23634.9
23734.5
23865.2
24026.9
24138.5
24200.1
24297.8
24431.8
24568.4
24707.6
24843.9
24977.1
25148.3
25358.8
25537.3
25682.4
25907.7
26216.7
26473.4
26675.1
26861.3
27030.9
27255
27537.3
27766.4
27938
28161.9
28442.6
28645.5
28762.9
28914.5
29103.7
29307.6
29527.6
29666.1
29713.1
29754.3
29788.9
29865.7
29990.5
30084.8
30144
30157.9
30119.4
30103.2
30113.3
30120.4
30123.7
30120.6
30109.7
30061.6
29969
29945.7
30005.8
30002.5
29922
29896.3
29937.3
29938.3
29890
29875.3
29902.6
29880.2
29795.5
29780.9
29855.1
29924.4
29987.5
30006.1
29967.7
29966.2
30012.7
30096.4
30228.5
30334.3
30405.5
30505.8
30644.9
30756
30829.8
30893.3
30942.9
31009
31097.6
31144.3
31133.6
31125.6
31121.4
31064.5
30934.4
30790.6
30627.7
30455.1
30268.7
30066.3
29841.3
29638.8
29468.9
29247.3
28950.9
28670.9
28414.8
28140.7
27840
27551.4
27280.6
26983.7
26647.8
26355
26127.4
25833.6
25439
25079.7
24774.7
24513.5
24319.9
24080.2
23768.6
23506
23320.5
23128.6
22926.5
22722.7
22516.3
22334.3
22191.4
22086.8
22044.3
21995.6
21936.6
21902.3
21909
21922.5
21947.3
21987.2
22052.7
22104.7
22134.2
22162.3
22188.2
22208.4
22218.8
22228.6
22237.4
22238.3
22225.3
22247.7
22332.7
22380.7
22362.6
22364.8
22403.5
22470.4
22588.5
22683.6
22736.6
22787.3
22833.5
22897.5
22994.5
23045.9
23011.9
23025.8
23130.5
23208.5
23235.7
23259.6
23277.2
23303.6
23347.3
23389
23427
23437.4
23393.6
23369.6
23385.3
23387.1
23361.1
23331.9
23296.7
23263.6
23235
23193.7
23126
23058.2
22990.2
22928.2
22878.5
22824.5
22761.2
22715.1
22706.1
22682.7
22628
22570.5
22506.8
22433.9
22341
22227.1
22066.6
21915.3
21785
21642.6
21473.2
21299.7
21117
20933.9
20750.1
20578.2
20433.8
20292.8
20159.9
20026.6
19892.4
19787.1
19750.8
19714.4
19677.5
19652.7
19657.2
19669.9
19702.8
19740.9
19792.2
19855.5
19949.1
20061.7
20222.5
20368.4
20476.5
20604.4
20783.3
20957.7
21120.6
21292.6
21489
21675.8
21837.4
21994.8
22140.9
22336.9
22668.5
22946.9
23079.4
23226.5
23413.6
23596.4
23767.3
23925.9
24050.1
24182.1
24336.7
24453.5
24461.6
24490.4
24579.5
24645
24640.9
24631.9
24608.5
24589.8
24585
24569.3
24520.7
24456.5
24344.8
24250.1
24207.9
24140.4
23993.6
23852
23727.1
23609.6
23515.7
23428.8
23364.7
23284.6
23152.2
23031.8
22950.9
22879.8
22841.6
22786.5
22673.9
22562
22452.3
22359.4
22324.5
22281.9
22212.3
22144.9
22085.7
22026.6
21967.8
21921.7
21921.5
21908.7
21849.6
21786.8
21710.8
21651.7
21655.7
21649.8
21606
21554.5
21474
21409.5
21407.3
21393
21331
21264.7
21181.8
21106.1
21059.2
21021.3
21020
20993
20859.7
20747.3
20721.7
20690.3
20634.4
20574.9
20500.1
20419
20310
20215.7
20186
20151
20092
20016
19862.8
19710.2
19561
19416.5
19294.2
19159.7
18967.7
18783.6
18636.9
18486.9
18321
18164
18051
17928.1
17755.9
17591.7
17468.3
17345.2
17224.1
17104.9
16995.9
16885.1
16765.4
16639.2
16478
16322.7
16199
16074.7
15947.1
15830
15771.8
15707.5
15608.1
15508.9
15410.7
15311
15203.3
15101.9
15038.9
14978.5
14934.1
14881.8
14780.2
14684.6
14626.9
14561.1
14444.4
14336.3
14283.2
14235.4
14221.8
14192.1
14054.6
13933.2
13921.1
13906
13869.7
13836.9
13827.8
13815.1
13777
13742.9
13738.7
13735.6
13741
13745.5
13742.9
13743.8
13771.5
13799.3
13826.9
13845.3
13790.2
13739.9
13727.8
13715.9
13706.2
13699.4
13719
13735.8
13728.7
13722.3
13723.1
13724.8
13735.4
13748.2
13781.2
13809.1
13789.8
13774.1
13794.1
13807.1
13749.2
13696.5
13697.2
13693.5
13644.1
13594
13534.9
13476
13418.5
13361.9
13316.1
13263.8
13135.3
13010.6
12930.2
12849.1
12758.2
12669.2
12604
12536.7
12442.7
12347.2
12232.6
12119.6
12027.5
11937.3
11874.9
11809.5
11701.8
11596.7
11531.2
11465.8
11401.7
11337
11260.5
11181.9
11066.6
10955
10910.5
10862.7
10753.6
10643.8
10520.1
10398.2
10311.9
10224.3
10109.2
9994.09
9878.2
9762.06
9640.08
9517.84
9389.46
9261.4
9141.01
9019.8
8876.54
8733.89
8608.21
8482.61
8359.43
8236.76
8130.37
8023.63
7905.25
7786.88
7669.2
7551.88
7449.18
7345.93
7218.75
7091.88
6979.09
6866.74
6777.62
6688.46
6596.05
6503.78
6420.96
6338.19
6259.37
6180.23
6071.63
5963.01
5851.42
5739.37
5561.45
5383.37
5173.87
4964.32
4736.05
4507.77
4279.69
4051.62
