1019.157684
1062.397633
1105.468754
1185.279143
1234.649898
1291.406147
1367.534746
1438.288887
1547.586418
1658.542019
1780.024263
1890.437075
2000.914508
2128.625429
2269.528459
2418.841712
2571.499171
2743.285316
2903.226391
3078.803209
3223.352004
3390.282180
3551.227401
3655.407951
3819.075028
3954.065150
4097.219962
4255.560019
4411.947594
4554.226422
4730.448684
4940.055499
5116.239211
5312.772203
5488.307519
5693.994737
5891.013427
6026.669248
6225.174727
6425.894286
6567.762015
6720.067105
6877.715714
6947.748195
7039.988966
7124.971921
7189.008459
7292.368211
7405.599868
7543.456008
7698.461504
7895.091692
8092.969209
8357.047970
8618.650207
8896.523064
9159.961036
9479.502632
9795.836917
10078.733409
10402.027820
10754.911356
11109.718139
11496.733835
11888.702105
12248.535650
12642.293647
13010.639624
13391.641224
13812.289004
14188.343672
14482.809549
14727.773955
14994.014211
15229.287970
15514.118459
15800.134023
16077.450471
16409.952331
16762.185489
17105.573333
17457.767632
17758.899699
18129.407744
18594.978983
18973.268647
19450.207669
19892.760564
20316.366917
20755.101767
21120.460150
21488.357288
21795.053835
22050.817006
22289.855376
22523.121203
22709.700753
22790.820395
22812.805357
22899.390301
23004.879322
22994.376429
22935.498045
22881.403910
22817.885000
22790.615461
22747.167895
22723.871880
22698.302519
22808.285763
22924.988233
23012.465075
23222.326974
23473.123158
23602.108045
23842.259530
24280.484972
24666.544211
25072.882373
25660.749135
26186.077444
26751.553484
27489.712613
28124.274455
28687.923158
29155.879096
29537.476692
29861.154887
30034.326316
30112.238026
30193.216309
30220.124850
30291.645141
30356.599361
30568.402411
30683.847519
30861.916184
31026.280565
31241.310075
31472.145658
31592.394023
31643.796328
31714.452030
31826.688008
31977.476497
32167.036842
32353.940678
32571.432707
32856.752542
32963.530075
33096.260526
33290.712782
33376.957519
33441.200753
33515.024248
33630.904511
33713.754135
33678.053107
33814.779887
34014.128571
34153.303766
34269.160526
34382.364407
34546.100000
34789.047744
34957.506579
35150.514286
35313.204887
35445.251692
35616.819586
35756.626316
35772.238722
35842.786654
35848.777778
35750.637594
35765.680451
35806.420339
35901.478947
36114.215254
36312.515789
36490.069173
36795.003383
37095.339286
37425.848308
37721.941353
38125.429944
38489.844737
38977.407143
39490.293609
40121.803195
40852.418985
41433.845865
42077.610526
42745.888158
43413.975706
43998.184962
44517.849060
45097.020677
45425.000000
45923.175188
46229.207895
46599.332580
46825.421805
46941.596610
46940.923872
46963.133083
47032.046328
46955.919361
46857.771053
46895.155263
46899.207910
46891.603571
46899.199248
46821.094737
46844.953759
46866.920301
46849.166165
46848.900000
46865.922180
47004.912053
47307.112782
47699.625376
47960.964407
48328.831955
48544.792105
48716.225000
48751.751036
48653.948872
48425.985714
48001.261278
47533.007143
47048.571186
46400.459774
45550.198305
44851.621053
43989.612241
43149.605263
42425.232707
41527.676648
40526.766165
39630.931579
38874.052632
38070.983051
37160.450000
36436.593233
35899.572128
35316.500752
34901.123729
34636.720301
34556.200000
34364.884774
34385.872556
34435.154135
34619.696992
34675.733145
34734.584211
34820.614850
34897.532895
34832.503202
34832.268421
34920.258647
35051.845763
35255.660150
35426.829944
35596.545113
35778.314878
35967.854135
36052.510338
36185.514474
36340.934586
36384.955367
36516.117669
36595.359887
36491.013158
36435.749341
36376.073496
36270.157895
36132.868421
35990.860902
35902.867797
35802.234962
35622.127256
35418.614850
35193.504511
35098.500000
34904.885526
34716.321657
34222.071429
33757.484398
33347.271053
32821.300000
32371.227068
31902.709962
31433.837006
31091.585113
30821.710904
30648.489342
30671.159173
30727.744689
30898.663477
31005.022519
31267.522782
31671.963917
32053.062594
32464.106015
32964.284211
33583.839474
34248.396241
34816.697368
35334.653107
35890.506579
36404.021281
36888.363158
37438.669737
37788.149341
38135.154135
38411.393233
38428.252632
38485.169492
38442.721805
38295.639286
38157.148684
38020.300000
37764.966855
37565.706767
37281.729190
36936.281955
36623.868362
36287.434586
35987.643233
35753.076836
35517.625940
35197.243233
34981.842857
34842.857439
34677.264850
34471.263534
34330.313158
34185.630263
34007.832580
33924.445865
33801.343691
33582.705263
33397.277778
33296.406391
33222.661466
33104.066102
32912.801504
32810.555367
32682.164286
32498.623352
32378.814662
32186.755367
32023.789474
31708.175789
31485.241638
31137.304605
30807.460151
30434.381504
29993.574218
29587.993308
29192.312180
28757.938797
28283.076053
27841.751186
27467.996955
26949.760000
26497.803102
26133.618776
25829.780526
25470.149342
25074.959171
24726.403195
24451.551525
24181.492613
23934.474407
23660.799474
23345.908985
23078.658891
22868.800075
22737.198305
22513.873421
22247.685865
22073.023083
21786.588588
21684.466316
21508.225789
21415.802994
21307.348440
21233.228230
21234.073158
21302.531036
21354.698120
21339.954135
21294.652143
21266.318741
21267.356497
21228.600075
21186.980677
21290.116761
21127.420113
21160.241579
21186.007632
21136.463559
21109.176767
21085.039211
21116.189831
21113.981429
21013.120000
20851.366992
20648.569981
20446.177143
20260.998079
19960.688459
19706.656429
19458.746685
19174.115564
18791.123421
18532.378947
18361.580245
18149.704925
17920.972820
17664.806353
17386.269737
17150.332090
16914.398647
16676.496347
16413.562444
16064.181055
15767.136391
15471.472575
15127.122712
14787.177895
14447.330526
14064.866053
13709.858832
13333.346353
12935.460921
12586.552180
12228.964586
11851.740169
11509.128421
11185.447797
10881.581128
10616.203145
10316.413252
9992.298045
9725.073258
9508.161391
9232.065028
