99.130147
104.235162
110.543836
116.168462
108.817949
117.380731
103.859017
109.671827
105.049996
105.583523
109.853105
108.888252
106.985398
111.440452
113.153241
108.859107
113.934684
119.025763
124.748857
133.563357
133.210224
137.895925
139.452055
131.605498
131.914802
139.962056
138.251556
138.266838
142.349902
145.104407
146.983878
144.522235
140.430632
144.358983
142.672816
152.124820
161.063363
151.704398
171.299141
171.150429
168.397100
171.429244
173.732000
175.893128
177.326812
183.210211
186.913523
186.965375
193.013145
196.809864
200.146662
197.576720
208.954136
214.737759
226.725814
236.444707
249.544906
261.286038
288.597562
306.455994
329.488120
359.367237
383.857291
414.847338
457.993474
500.497388
552.939423
606.428955
670.732060
725.538748
797.145960
866.770308
966.753927
1062.606711
1149.062406
1266.291429
1384.490489
1501.715574
1628.629850
1762.208553
1911.035537
2073.156842
2209.366767
2336.109868
2501.977891
2666.077744
2820.067256
2967.176673
3128.311241
3275.067744
3403.035038
3526.270678
3632.774135
3732.869303
3852.588703
3950.987030
4022.409718
4097.414079
4143.327143
4175.318421
4212.924463
4267.632500
4289.275301
4300.535752
4310.666071
4331.995499
4346.597594
4361.078195
4365.400000
4377.947966
4372.719511
4376.550733
4393.882105
4402.714211
4401.190602
4379.042293
4399.525311
4429.808985
4427.299153
4422.569267
4422.141429
4418.902655
4415.033872
4405.722688
4385.331128
4355.120151
4349.592425
4310.510000
4238.402632
4172.422237
4095.039548
4015.966541
3972.357514
3931.362613
3864.526516
3810.823233
3780.805357
3735.311130
3736.725338
3695.141391
3692.324699
3654.795405
3633.822707
3626.914568
3620.427872
3602.744737
3599.058305
3627.071917
3616.095254
3602.285489
3601.158872
3587.962688
3565.705338
3568.054765
3535.477331
3522.755113
3456.159624
3423.739944
3358.208008
3301.452481
3251.915179
3184.417632
3120.334181
3068.860000
3014.550282
2968.126654
2925.882857
2879.696955
2834.981842
2789.569529
2751.178496
2711.703985
2650.203947
2662.491902
2665.113346
2638.858459
2623.030847
2612.040000
2613.343691
2605.340695
2566.003534
2569.322143
2584.780545
2573.949286
2530.040677
2498.302429
2455.360150
2419.657932
2366.803383
2317.348853
2238.268515
2201.280226
2165.175263
2121.216053
2069.171921
2008.241579
1960.103835
1920.123120
1877.535593
1845.981880
1797.198571
1720.931921
1676.668684
1609.841864
1523.992237
1415.995188
1334.786893
1262.298158
1179.524868
1101.290526
1038.211883
975.672690
919.538880
878.353789
828.504325
799.362692
785.379816
778.701625
770.998889
753.693998
754.879910
757.463165
763.842763
789.064462
830.947158
863.299000
924.726188
1026.445038
1140.447143
1293.167538
1513.995188
1755.386780
2048.080282
2389.274068
2774.975564
3196.431073
3630.338609
4102.723383
4604.913145
5103.718722
5614.467763
6127.638421
6634.244520
7108.227162
7552.663647
7975.927533
8389.488515
8826.405687
9247.592406
9681.807778
10105.413496
10578.663534
11100.701880
11617.039098
12186.426365
12752.191729
13309.402444
13884.065789
14467.424105
15024.709774
15572.973684
16112.589831
16640.295489
17182.254991
17736.682143
18339.605085
18800.945865
19365.428947
19875.228947
20352.406767
20772.585876
21224.480639
21550.456121
21934.447368
22265.825800
22508.906015
22777.447368
23023.641353
23136.795865
23202.954802
23326.109398
23379.066165
23405.319361
23373.627820
23345.157143
23354.911466
23349.240866
23221.057143
23113.720489
22933.306579
22728.600000
22465.420301
22253.118985
22019.358945
21768.384586
21626.911676
21497.997180
21378.972180
21373.585311
21395.941165
21506.676880
21638.290602
21801.542561
22055.738158
22312.529323
22647.578947
22988.557895
23365.443609
23717.324436
24068.328814
24434.242669
24812.993032
25225.559398
25585.859962
25853.008098
26089.136090
26237.956391
26404.775752
26447.338983
26527.936842
26461.711466
26379.459211
26288.150000
26173.219397
26012.614850
25885.875330
25701.678195
25474.477966
25306.980639
25101.183083
24863.661770
24657.178383
24539.146617
24325.137594
24108.859887
24024.834586
23883.112030
23766.313158
23664.046053
23535.428060
23524.378947
23488.561959
23408.755639
23320.149718
23223.071053
23139.292481
23020.964407
22932.765414
22875.978531
22754.925000
22577.875518
22463.372180
22350.016761
22172.443421
22021.631579
21915.994350
21682.996617
21426.398305
21220.867669
21015.752166
20763.048120
20478.715038
20182.711278
19866.646053
19646.583616
19311.533459
19087.393220
18742.474248
18485.053484
18242.331579
17946.884211
17698.307533
17454.053759
17248.232203
17043.296241
16819.444068
16598.249624
16400.615038
16231.396992
16076.995489
15939.065160
15737.412782
15553.833835
15445.604511
15282.581921
15153.119737
15079.436842
14991.452919
14888.932707
14779.198305
14776.902256
14750.935028
14763.966541
14786.859023
14736.563910
14743.915226
14722.549341
14761.633083
14779.956767
14727.075706
14704.835338
14717.068421
14666.507895
14738.035593
14740.512030
14776.672932
14802.133835
14780.093233
14753.350000
14709.002820
14630.142373
14514.485714
14338.577966
14189.432331
14076.707143
13878.517891
13687.792481
13467.959211
13334.963158
13109.722411
12926.017481
12796.227068
12632.997368
12439.837030
12283.287194
12126.996241
11956.134087
11813.347932
11673.449718
11498.715789
11279.837594
11024.179661
10838.771429
10659.063158
10425.532895
10157.717702
9929.411241
9657.442180
9394.053421
9154.701504
8917.118588
8671.266447
8414.860734
8170.206805
7956.918493
7743.271053
7501.061429
7242.863484
7081.608045
6880.186723
