100.597084
95.027705
90.486567
87.685559
102.383600
91.902216
93.136100
96.267048
99.895408
103.387139
92.176165
90.724199
99.002239
98.517338
101.079424
110.382147
107.466539
109.332132
107.421162
111.435927
102.326397
108.563571
108.873994
116.468045
113.667610
115.811342
124.125017
126.508989
126.529180
125.519149
125.509009
129.042697
128.798658
128.226153
128.039596
134.647774
129.517685
152.101801
134.075576
133.063500
142.368960
151.913814
159.127143
163.334902
164.164250
163.219529
164.632282
168.264350
171.293487
176.365299
183.188263
188.461250
187.108407
198.607756
205.821371
215.727977
233.036281
243.111496
253.006808
270.402831
289.686910
311.186119
338.422293
366.694120
394.396211
431.310791
477.528429
526.209447
581.468825
636.320915
687.440073
761.676977
817.976960
916.764699
1017.046335
1109.330940
1212.603722
1322.302976
1427.681504
1537.905977
1670.066497
1806.608684
1924.908459
2064.957650
2203.388475
2336.142782
2456.185977
2594.635959
2712.231353
2884.197744
2986.865940
3100.650847
3186.753158
3261.079529
3368.725865
3465.016278
3522.770847
3563.905921
3609.573214
3687.531053
3689.112316
3725.088214
3750.088045
3775.703835
3805.662857
3791.148588
3815.268421
3821.540451
3818.317744
3828.700621
3859.570000
3863.462876
3841.928421
3851.719474
3872.234662
3853.910583
3857.074049
3868.067444
3881.330169
3873.363665
3849.776842
3859.747119
3840.781635
3877.994793
3862.715263
3838.614105
3806.597293
3747.753534
3700.217895
3666.356053
3610.911130
3549.351165
3489.218851
3429.394229
3379.399793
3331.930226
3272.983346
3287.337966
3249.447594
3249.836147
3234.395056
3227.736648
3194.908947
3168.155846
3183.307684
3191.614474
3166.270847
3148.406842
3147.570847
3158.232406
3151.119737
3140.077970
3117.470714
3098.413352
3079.811071
3086.896541
3003.869474
2979.654181
2947.012162
2892.347406
2825.362655
2775.775921
2733.927363
2688.270000
2662.310602
2597.641316
2536.967143
2491.067707
2474.373120
2456.702203
2433.097444
2409.124023
2363.844699
2343.663917
2312.356165
2288.161673
2292.666271
2286.230000
2282.404200
2292.480789
2273.957444
2248.100301
2236.092030
2250.698741
2228.752857
2192.501864
2146.797481
2108.018910
2068.095602
2032.137143
1986.979925
1943.598195
1893.272632
1861.272632
1824.035311
1766.573008
1728.652049
1705.951165
1665.956987
1625.136541
1581.368064
1539.274124
1462.886654
1405.070678
1307.472180
1243.013459
1159.062166
1102.232368
1034.951842
958.045947
887.580742
834.211340
804.396564
774.918556
735.529737
724.340820
698.797297
673.522217
651.874199
658.650154
665.630895
671.012820
676.308492
694.977902
721.283789
766.090250
837.117171
920.153256
1010.966464
1140.867350
1326.443045
1540.970678
1808.217500
2104.282034
2443.238195
2814.553992
3229.726372
3633.307368
4073.049718
4502.573571
4946.902895
5412.491053
5846.291638
6248.504248
6670.316955
7048.066347
7383.370075
7820.861281
8190.050150
8575.376667
8952.689925
9405.133383
9879.234699
10298.498872
10743.827495
11268.439098
11803.290789
12289.784211
12818.766667
13320.186842
13770.761466
14257.715254
14782.881203
15287.924294
15789.331391
16290.611488
16804.648496
17224.693421
17698.576504
18101.487218
18506.497175
18918.921805
19273.117514
19540.313158
19833.011111
20087.401692
20298.918045
20467.494737
20583.614474
20674.912994
20736.134211
20810.249060
20803.609962
20887.703008
20837.042857
20816.365602
20717.561205
20634.292857
20522.532143
20414.100000
20282.600000
20046.590226
19847.600188
19702.136347
19514.647368
19328.938418
19193.813346
19073.854135
19070.071751
19081.391541
19132.181579
19284.792481
19475.843879
19619.829323
19908.403008
20204.847368
20480.159211
20698.569173
21084.763158
21475.741243
21793.476504
22139.092090
22466.781203
22765.001692
22958.567608
23160.550376
23406.629699
23519.892105
23597.308475
23617.036842
23599.790414
23569.856579
23513.739474
23394.581168
23167.518609
23011.242750
22888.691729
22722.499435
22580.483647
22402.596241
22172.577401
22087.993421
21933.632707
21692.104511
21552.983804
21471.390789
21335.698120
21319.797368
21195.796053
21085.935217
21026.741353
20978.764972
20943.834211
20851.481544
20745.722932
20710.079887
20611.766102
20491.138346
20464.708286
20360.942857
20223.057627
20100.150376
20022.510923
19934.648684
19791.436842
19541.518644
19376.435714
19152.155367
18953.677444
18785.368550
18584.239850
18393.245865
18151.851880
17844.427068
17596.471751
17353.738346
17111.228814
16834.383835
16591.380979
16321.063158
16110.701316
15861.526365
15640.922932
15422.883051
15238.083835
15064.262712
14895.109774
14740.353195
14565.994549
14383.333835
14229.222976
14131.948684
13922.963158
13800.909774
13666.400000
13556.860526
13491.102632
13421.667797
13309.814286
13266.459887
13243.027068
13241.802260
13266.890414
13269.350000
13251.367669
13238.593609
13216.833145
13222.976692
13273.061278
13215.846516
13163.469925
13133.555263
13167.768421
13175.828814
13235.441353
13226.514098
13200.596617
13225.194737
13214.092857
13176.869549
13123.620904
13014.928571
12906.076836
12741.016353
12596.142857
12469.985122
12287.475188
12095.206579
11909.200000
11789.167232
11602.404511
11411.145113
11287.433459
11148.563158
11003.080979
10888.000000
10754.149529
10594.190977
10458.116196
10315.375188
10148.321992
9924.248475
9752.114887
9536.601053
9391.914474
9094.841394
8905.987406
8660.052481
8420.738722
8183.778872
7986.420791
7786.101090
7557.791356
7319.373722
7083.782147
6880.752293
6691.938045
6528.324331
6370.747650
6192.980678
