4.485258
8.405042
6.800039
10.815387
-0.583232
0.735771
5.734091
7.070655
4.159417
3.663227
5.688675
3.437868
4.840683
4.349775
0.750044
2.695991
0.842364
12.580963
13.349795
10.455037
3.291097
2.760531
12.395349
8.252867
10.927857
13.311277
15.068844
13.162574
13.560830
16.161763
16.286349
14.294137
14.187689
17.893351
12.746796
13.097659
10.167051
19.568009
11.447498
17.623686
17.269119
18.542092
16.536986
17.134983
21.122735
23.109822
18.989881
15.951434
17.509514
16.301000
22.171444
21.361291
23.889571
28.852318
21.636283
27.476698
27.290864
31.997549
32.763478
48.949263
47.803995
53.804239
61.616809
56.346922
60.645200
68.732444
78.417740
89.448594
96.691267
107.168212
126.265311
134.897504
134.131209
161.083256
178.597184
185.469372
202.179746
222.820322
237.048865
254.523765
281.471672
307.957211
331.215132
354.176699
378.415369
404.435534
432.545600
450.253605
457.809357
481.411256
518.659603
525.303153
529.291361
545.691499
575.678859
591.857117
586.063682
591.741658
610.841893
613.200624
613.405169
613.806321
618.814008
624.890812
619.048607
614.677964
614.316030
616.735639
619.073539
622.846638
617.887079
613.275039
607.817421
604.730211
614.865699
616.279541
622.086476
629.430519
612.896475
609.143380
609.725398
603.179006
603.097355
618.578502
624.100823
612.226171
594.264682
587.759263
584.336895
578.520263
569.958844
546.978256
532.648362
531.496150
512.794992
502.326233
501.764175
498.133107
488.452534
493.545836
489.007519
496.144631
494.809165
491.991848
487.698996
481.539816
476.414593
469.167524
471.222305
476.846842
470.698953
473.676310
481.536252
473.935202
474.808889
456.484617
442.281459
459.380328
440.039122
411.552455
411.071996
412.465145
398.272847
391.452571
393.520724
382.854534
375.574714
380.446459
378.059699
369.878908
351.076669
342.534904
335.894455
340.320650
345.025827
339.570570
337.502525
342.549632
341.422311
329.977419
324.472895
331.835865
330.617124
332.484596
328.610120
326.769667
321.243346
316.178286
304.545410
289.077727
276.818607
279.334729
271.736000
262.323303
259.965751
259.241793
257.750071
250.427613
241.272825
241.615910
236.724626
225.288904
216.238850
206.365017
185.568282
177.143353
165.004258
147.947212
148.199961
137.652132
132.331849
128.643288
114.801699
111.422008
105.542485
103.101694
102.974312
110.291520
110.566925
109.800194
114.917023
110.443641
114.334107
114.335023
116.374632
117.530750
128.458531
138.506872
152.502036
177.536470
198.525241
240.189102
278.311803
309.151068
349.851812
407.509876
466.949598
518.729402
577.764243
656.580265
712.796171
768.704737
818.084153
858.260058
910.246692
969.869303
1019.219586
1061.988456
1093.088722
1136.293333
1202.441692
1256.284925
1322.236391
1380.878440
1438.334068
1506.576767
1568.585207
1637.360526
1686.434746
1736.041165
1800.970244
1861.506441
1921.754812
1993.545876
2054.013835
2110.073239
2147.191391
2199.287011
2261.124774
2300.127368
2353.528362
2398.491767
2421.265706
2449.030000
2492.955687
2510.873571
2527.171729
2552.999474
2562.093459
2559.074237
2559.449361
2570.711222
2572.751203
2570.645714
2580.087143
2568.981222
2553.008588
2526.600714
2513.873966
2485.404211
2445.840000
2408.825188
2371.000000
2327.023559
2301.964135
2290.506290
2272.843365
2287.998120
2264.063277
2268.374680
2286.500846
2328.649361
2352.005706
2362.604962
2402.319925
2431.284211
2461.000526
2498.445639
2533.615789
2581.198023
2632.546786
2681.302128
2720.000150
2727.804680
2758.530075
2758.035602
2786.370150
2794.074944
2807.150508
2787.802556
2792.096767
2768.118158
2766.955000
2768.667571
2731.018214
2693.222712
2676.063083
2656.444407
2639.108459
2622.837105
2576.789473
2564.246504
2539.516579
2539.036992
2511.217778
2503.469248
2467.954549
2480.803158
2472.127368
2444.059548
2434.481203
2427.024633
2424.325602
2416.685556
2399.373045
2387.843741
2373.043390
2366.214211
2342.872354
2352.137857
2322.553879
2312.272895
2287.064520
2274.757105
2253.940526
2231.918305
2224.684624
2206.166610
2174.277519
2137.686328
2102.085207
2072.104135
2044.843083
2017.090752
1975.044294
1943.266767
1917.343672
1880.712293
1861.328814
1837.299474
1792.086316
1770.142467
1778.051805
1745.357458
1685.315771
1688.039831
1684.509549
1630.580846
1614.152707
1608.671128
1570.384124
1565.401748
1557.883609
1541.336992
1534.224068
1517.778684
1499.957895
1506.256045
1491.983083
1481.360414
1477.094737
1482.305461
1477.366429
1466.328872
1476.577406
1484.491184
1464.191808
1452.225188
1440.450733
1452.349981
1461.315188
1451.575263
1444.431711
1445.110169
1467.793083
1459.533647
1450.849925
1452.494962
1446.693571
1432.618929
1422.991507
1421.265714
1413.250169
1387.706259
1366.155714
1330.318286
1303.994023
1314.638947
1290.322105
1271.392109
1242.685244
1230.102481
1196.477519
1185.706692
1179.832015
1157.016541
1128.199115
1114.004737
1120.266422
1100.145677
1053.395771
1038.018983
1012.056541
985.745895
967.590447
955.478612
918.742207
895.596397
863.485284
841.729654
818.509565
793.373224
765.201915
740.979211
728.181158
708.612414
692.120226
670.661134
643.435329
622.147424
