128.367737
127.571337
123.067686
143.782831
143.229915
139.577801
142.073763
143.698308
147.619838
146.346733
156.820865
158.743269
157.751241
163.346169
166.280128
173.071480
182.519237
187.283000
204.082372
198.161291
203.491889
213.222045
225.723765
221.199938
229.166282
230.810853
232.991553
248.589767
250.788113
248.698599
255.678188
261.930644
277.945553
284.107763
277.054624
299.701286
305.665827
306.388521
320.063443
310.340500
317.640898
327.168519
336.590429
335.404519
342.963929
360.602620
369.237508
367.033863
367.875987
376.862403
386.783609
394.019979
407.295684
424.668887
413.417571
437.700645
448.345678
476.301917
490.794541
514.150211
536.826410
559.325424
586.912389
612.358383
636.815632
679.213981
732.698397
766.236586
827.013154
853.430430
911.031853
958.995925
1025.410034
1096.055846
1146.086842
1201.511767
1278.784041
1356.533917
1437.554436
1521.466429
1611.537175
1718.755789
1806.335038
1882.679530
1992.525330
2087.147970
2182.866147
2300.088402
2384.486466
2480.008609
2575.883477
2649.575254
2720.220902
2817.316121
2900.704455
2960.842970
3009.747514
3038.394605
3051.775714
3073.688496
3145.373559
3174.547500
3163.201165
3177.078647
3174.975714
3179.301318
3202.421053
3179.926992
3196.598872
3183.435763
3174.739662
3200.556429
3213.221053
3205.725263
3208.457895
3214.334267
3227.268475
3210.193722
3216.888305
3231.555019
3250.069850
3235.284878
3248.864117
3266.393440
3267.375564
3245.878550
3242.254229
3231.477744
3207.500000
3181.614737
3134.566704
3074.046692
3032.490169
3018.487350
3026.620358
2982.196842
2966.928835
2942.701864
2927.987105
2944.628665
2931.395056
2903.091676
2887.339549
2885.539474
2894.352618
2895.149211
2886.606441
2879.165263
2860.715932
2869.603759
2890.070470
2889.695695
2894.825150
2885.769416
2866.305977
2860.530752
2858.061579
2815.610678
2778.723947
2747.610940
2707.426949
2694.329868
2687.497458
2656.617143
2638.833346
2605.570508
2596.167143
2578.548534
2554.502312
2503.483070
2483.990752
2498.947575
2488.321541
2457.349962
2459.995301
2458.390207
2450.171017
2441.784737
2441.873992
2435.186429
2416.151090
2434.160677
2450.264624
2444.319004
2436.722180
2428.398249
2420.437218
2418.729662
2403.643271
2377.980620
2354.775508
2351.612632
2362.946842
2354.614868
2345.816441
2343.104474
2327.986635
2325.528515
2328.242674
2314.285639
2317.168102
2314.049529
2286.225113
2274.275424
2243.162237
2200.101729
2152.485744
2112.684267
2058.846842
2005.791316
1983.698418
1972.718365
1944.068195
1920.020451
1916.043102
1903.200056
1912.038120
1910.389944
1907.562575
1918.753578
1933.496165
1952.344154
1955.710395
1987.291805
2036.765526
2076.960000
2132.216930
2215.429474
2289.501429
2352.023778
2453.281617
2577.863390
2702.349680
2889.017627
3039.868647
3231.089962
3408.041184
3605.809323
3829.763710
4061.723139
4291.158684
4512.007895
4749.609944
5009.065301
5249.326955
5461.717759
5705.369737
5976.541356
6185.176692
6429.224444
6700.419812
7050.267368
7350.909474
7702.689925
8082.025235
8433.933835
8861.844173
9243.955526
9640.984595
10014.149135
10378.265226
10769.964407
11163.831579
11560.221657
11947.655827
12396.906215
12755.634211
13149.213346
13525.738346
13891.075188
14179.196045
14484.607143
14779.341996
15092.207895
15327.027495
15474.048496
15641.211278
15773.682707
15856.595113
15961.456497
16007.642105
16062.638346
16088.128008
16116.548872
16122.185714
16129.484962
16099.718456
16056.364286
15950.345677
15839.181579
15674.500000
15526.699248
15386.418421
15191.712241
15011.625940
14919.321469
14821.892481
14690.739098
14702.469492
14704.735526
14767.924060
14798.771805
14977.980038
15146.013534
15327.681955
15519.689474
15745.611842
15967.136466
16197.442481
16437.736158
16724.506955
16972.873635
17163.009774
17464.423120
17627.575330
17705.318797
17799.022180
17851.218797
18002.591525
18067.608271
17919.757519
17909.094737
17868.205263
17718.173635
17634.961466
17563.108851
17412.681955
17265.897740
17147.856579
17013.760526
16919.448023
16770.351316
16610.688534
16460.149624
16273.764595
16241.351880
16177.453008
16100.557895
16023.214474
15977.095480
15903.109023
15815.182109
15782.514474
15750.078343
15663.696241
15592.187594
15553.098305
15472.888722
15393.866478
15267.971429
15192.518267
15053.728571
15057.639360
14922.023684
14811.642105
14705.387571
14574.713158
14417.158192
14250.372180
14077.066855
13899.918609
13726.379699
13536.451128
13346.626316
13211.968927
12917.974812
12766.163842
12538.660902
12368.836535
12186.463158
12009.878947
11830.535782
11687.774436
11516.418644
11396.098872
11267.238983
11089.269925
10952.195301
10854.582895
10738.067669
10636.438418
10525.008459
10377.030827
10296.160902
10195.883616
10103.896053
10049.421053
9983.117514
9885.872575
9855.270433
9824.415263
9805.214181
9819.100883
9827.005038
9814.283045
9799.742124
9807.944576
9823.057293
9801.446842
9792.666121
9767.023158
9710.425263
9707.394868
9762.590169
9753.048722
9777.445395
9800.228835
9790.273421
9755.237143
9721.111372
9684.336008
9611.178571
9512.153333
9404.022519
9259.480000
9180.635461
9033.513327
8903.397105
8804.801579
8664.825160
8563.452331
8439.918910
8346.260414
8211.744117
8091.790546
7975.993534
7848.979171
7741.234586
7626.418531
7530.074248
7435.206898
7278.040339
7131.446692
6958.511053
6820.539605
6647.958154
6504.045451
6345.087669
6176.054549
6012.143008
5854.599661
5677.534774
5502.052147
5350.848346
5189.413823
5028.181523
4913.138722
4735.268945
4598.727575
4441.536497
