103.077842
94.856448
96.773850
89.685368
99.800414
104.403508
98.882429
92.936514
98.694527
96.359442
98.745229
98.746316
100.144280
101.485585
99.698965
102.260650
102.410625
109.986868
109.700414
101.234406
106.340949
104.527263
105.602392
117.220408
119.044243
119.911195
117.227650
123.541547
127.342158
130.084245
132.471551
127.459473
128.093000
127.034017
124.141400
127.481624
131.233589
136.946318
139.835205
137.659000
144.437998
136.382867
144.583714
149.995436
144.916692
142.837906
144.122812
146.793778
150.772487
149.397345
154.760992
158.036626
176.687701
169.828609
176.893706
184.787494
190.872716
205.326947
211.551620
224.238684
235.722030
250.016339
270.020727
288.980180
301.978737
316.336944
346.521739
371.268395
392.451540
426.356096
461.176797
481.907045
515.933938
549.555726
577.686496
616.363872
664.831194
704.780821
747.415684
803.028942
853.063661
900.629526
967.229609
1024.989812
1078.895235
1126.850602
1174.035602
1250.430545
1292.909699
1324.985301
1368.224305
1437.342203
1461.361579
1486.660264
1522.676617
1555.439173
1582.251940
1605.698421
1639.133571
1654.061880
1642.709153
1658.302500
1670.587143
1687.876729
1693.546071
1682.302279
1683.550226
1705.473158
1711.325432
1704.428588
1705.758684
1724.164342
1748.058816
1749.837895
1726.888045
1730.740207
1766.254444
1765.049812
1776.270339
1790.329098
1788.287594
1805.933296
1810.585451
1818.520602
1816.511654
1808.705424
1805.284549
1784.199699
1756.907368
1753.498553
1741.400998
1695.570226
1686.822712
1691.248402
1671.301149
1667.910752
1665.190263
1644.845650
1663.270414
1668.150226
1641.780150
1639.458983
1630.042331
1637.013816
1648.613070
1650.981053
1657.264576
1654.928365
1649.024237
1666.565113
1668.567293
1673.068139
1653.122744
1651.368399
1637.124098
1628.644586
1616.191203
1612.454124
1590.033628
1562.452293
1552.751036
1527.967237
1498.601770
1501.367143
1500.813853
1484.408477
1464.445714
1466.750940
1448.094286
1429.204200
1426.893609
1428.859756
1426.221992
1414.576742
1417.743383
1418.499831
1404.517119
1410.953684
1423.131676
1415.510075
1420.590639
1428.231805
1404.263947
1406.948590
1393.532180
1383.470282
1372.910470
1351.375902
1350.495338
1329.663703
1322.000000
1309.996090
1286.581053
1277.321053
1270.068023
1255.737143
1250.442575
1247.080508
1235.920697
1215.891654
1212.953590
1194.686987
1152.613496
1126.512881
1109.561429
1060.420902
1022.588512
1002.368064
950.276987
918.645816
904.034701
874.705679
844.898962
827.683511
814.890555
800.409083
804.421673
802.460040
808.072299
815.737070
829.138955
831.107991
859.452401
874.954560
900.798316
939.961500
969.868708
1016.780338
1085.869643
1166.829774
1282.153308
1407.222034
1544.627124
1692.950847
1876.675489
2058.026516
2210.000940
2387.415301
2576.869040
2735.602613
2904.151842
3066.411053
3214.743446
3357.205150
3483.504211
3598.208795
3732.897632
3888.492185
4035.339098
4189.175556
4380.813421
4571.011165
4771.131353
4963.329098
5142.836723
5335.100526
5523.499643
5698.891842
5898.134652
6088.278684
6257.457914
6450.093051
6648.857293
6826.593070
7046.204023
7227.268531
7420.307256
7639.315658
7787.162744
7918.608496
8063.292260
8223.069887
8351.213070
8441.727368
8514.950923
8588.506053
8641.072331
8706.634962
8747.757237
8739.387345
8798.448308
8800.925583
8789.976767
8792.254361
8791.147143
8791.981880
8758.518945
8682.535000
8578.041259
8483.097895
8395.390000
8297.902556
8166.847368
8071.151186
8005.528383
7944.959341
7956.720545
7971.237519
7978.510282
8085.590075
8089.858534
8209.205188
8301.646460
8425.873947
8543.748195
8697.767368
8853.673158
9006.254586
9136.829850
9270.738644
9460.786015
9645.779209
9774.365188
9911.343026
9985.286629
10063.166917
10177.639098
10207.238910
10221.306780
10262.707519
10232.354699
10140.488158
10098.571053
10060.808098
10026.803195
9990.409379
9927.962707
9848.835537
9791.896598
9745.448534
9663.425669
9646.289680
9588.784117
9465.172932
9427.523691
9415.225075
9332.432293
9305.824474
9290.877237
9264.585273
9231.296617
9239.148230
9227.106786
9176.409303
9141.050038
9109.972312
9058.225593
9026.944962
9051.520829
9033.198571
8948.053145
8924.897707
8836.828079
8785.764079
8702.716842
8647.717966
8599.456034
8513.438832
8408.698797
8306.373691
8189.978026
8046.964586
7909.432857
7800.399154
7662.001186
7543.551504
7463.505593
7348.567425
7252.803597
7163.470526
7112.297105
7007.906893
6952.491767
6860.248136
6766.766654
6701.515424
6638.669549
6568.953665
6485.919680
6420.407331
6408.185273
6361.281805
6243.848571
6179.935639
6141.081695
6104.377368
6105.353421
6035.577815
6024.223177
6039.968418
6046.815714
6061.240339
6066.145808
6065.584398
6068.796955
6034.926278
5991.956780
6021.175940
6008.616842
5964.601638
5985.690865
5998.398158
6040.770658
6020.931017
6010.733609
6021.983026
6003.490996
6009.265113
6006.818571
5950.808120
5898.717269
5886.205714
5841.379266
5726.424023
5678.964286
5603.253070
5538.114041
5457.282237
5413.193158
5303.879849
5276.744305
5193.495038
5099.134699
5019.949323
4952.950377
4880.777068
4813.499416
4747.932838
4654.946365
4559.719436
4458.889812
4380.116610
4269.008647
4166.651053
4072.856842
4001.294407
3885.561992
3751.368797
3686.061880
3591.673684
3472.889266
3382.783346
3283.361017
3182.685827
3103.087495
3000.765075
2956.684211
2889.732900
2786.460733
2682.591864
