54.510068
51.178625
52.844973
40.740456
50.702437
53.954630
48.789578
45.132952
53.376946
54.147083
54.006170
50.244833
47.267413
47.610746
46.516525
46.656207
46.961530
47.761334
56.681248
52.192541
55.299862
61.516428
46.491831
38.489712
45.660033
46.316320
58.342205
58.461082
55.976671
65.312553
63.242751
50.191788
56.909684
61.864063
56.065255
58.722137
63.007424
71.831556
62.092285
53.853971
67.863298
64.015352
61.266271
58.739411
61.791979
68.315064
68.290639
67.695739
73.680538
72.048649
66.691045
77.722736
86.132020
82.024458
89.621341
85.393413
78.218149
89.218074
95.291205
99.764284
105.600605
114.066136
126.947060
134.658098
137.600579
151.901610
169.634301
187.827301
198.260970
226.596233
236.731305
251.904519
255.728921
291.168312
325.219455
347.879564
372.329756
408.391936
447.267429
476.679626
500.725802
532.097053
569.591293
608.036190
652.847962
689.548541
723.682186
753.582288
781.193154
809.686838
844.069036
870.403661
894.146180
907.560753
922.808476
948.738109
969.328145
986.360987
1001.249286
987.224120
996.916401
1005.564964
1029.192707
1028.688308
1025.013929
1033.580847
1035.436015
1033.504586
1032.399662
1026.835367
1030.531015
1029.754342
1009.380842
1003.665789
1027.297068
1030.607481
1023.650056
1024.201090
1035.312373
1013.137519
997.801038
1020.053766
1015.758797
997.765179
1005.839549
995.125755
988.203462
979.403459
961.358579
943.825776
925.376836
908.687387
898.854411
880.995423
850.219390
866.088015
840.060015
851.887712
842.545876
837.158143
825.612160
811.786840
813.601496
814.823457
811.615478
806.156289
800.073949
808.597566
821.207881
806.072699
801.237656
792.210487
801.580481
792.332488
784.126912
771.265030
752.759617
751.599068
746.645212
729.835425
709.231435
695.494145
681.869075
662.091000
651.792081
645.774357
628.510000
636.342195
625.319214
601.242079
602.690143
602.414160
594.760647
589.806934
597.965639
602.768009
582.638424
571.126053
580.777689
582.862874
582.549556
592.411756
579.093216
571.258417
560.819323
558.816977
545.033474
526.378023
511.519891
503.231577
496.380842
492.909293
482.504526
470.989355
460.035932
450.588519
448.063271
441.268248
423.454235
419.230038
416.917293
401.463141
379.701564
362.160153
332.501088
316.070308
308.045147
291.182419
273.169408
257.960263
246.450844
233.700299
222.427624
220.111684
217.387252
211.549070
201.416395
195.214646
201.174107
203.508026
209.836353
206.877466
216.059040
221.131989
221.600000
238.610500
263.752493
286.210436
307.720536
340.811459
394.899004
454.502017
524.425665
599.563661
692.017271
788.302548
878.880444
976.272560
1095.329115
1198.358985
1283.576711
1367.632105
1449.785537
1530.111353
1608.761579
1686.266158
1770.103477
1864.781224
1965.637594
2057.902222
2134.583139
2236.351541
2342.451241
2442.130414
2550.684652
2638.892406
2768.050226
2876.287368
2966.406648
3068.083910
3184.224774
3290.701017
3401.370451
3530.004727
3612.881617
3728.607721
3852.515902
3933.078440
4006.265000
4137.330000
4146.338588
4220.440639
4305.023974
4332.900263
4388.541883
4448.646504
4481.579549
4508.909549
4511.485583
4490.551525
4523.436278
4556.535226
4502.620244
4531.836917
4517.932857
4520.830357
4498.376102
4443.675000
4424.613383
4415.096184
4335.670000
4282.372857
4225.364756
4135.452411
4066.747068
4044.602900
4042.641861
4038.195263
4059.755537
4045.605658
4102.041917
4126.727143
4200.353145
4261.778459
4317.313835
4379.190000
4450.434342
4534.536485
4624.760414
4704.406102
4764.956241
4835.720527
4913.788647
4957.009492
5025.146441
5081.242293
5134.177519
5110.841184
5096.875424
5117.340075
5102.931842
5080.951842
5062.710789
5029.977514
5003.805508
4981.800169
4947.570526
4917.098192
4870.965714
4801.634248
4792.226798
4759.116823
4700.490639
4664.998271
4652.002298
4640.605545
4627.097444
4617.796579
4596.813816
4566.112768
4538.477068
4502.047589
4493.178816
4485.130942
4473.391353
4478.685056
4436.718644
4408.267068
4390.921036
4363.962857
4343.344030
4340.462180
4318.853051
4301.999605
4270.937895
4218.034294
4162.052462
4128.378719
4096.838195
4050.635857
3997.469831
3931.226917
3860.261579
3820.636898
3767.184802
3694.552444
3622.488588
3564.872575
3516.174237
3450.439474
3419.274737
3397.765970
3369.179699
3327.994068
3276.661786
3244.221356
3206.333008
3162.491015
3136.593477
3089.975714
3056.256441
3030.050883
2994.137970
2990.120000
2944.327288
2951.370921
2906.420263
2872.374463
2870.489041
2866.540000
2855.877519
2864.229002
2868.280282
2865.236504
2863.943496
2854.272237
2868.192392
2866.823083
2865.356485
2831.129605
2840.663797
2849.558158
2865.097763
2852.871186
2864.382932
2867.680169
2862.340789
2844.465940
2836.052857
2826.183947
2803.951525
2770.802857
2720.423616
2712.517180
2680.324286
2641.935104
2576.771767
2582.685000
2513.856842
2497.201186
2451.268590
2422.789511
2382.950564
2358.042632
2321.791996
2274.571805
2246.755443
2221.713759
2182.168701
2140.844173
2081.629586
2042.800339
1990.752105
1916.347895
1918.088158
1851.119435
1795.998459
1736.374868
1707.923741
1653.120902
1584.650960
1545.512387
1509.960508
1465.469586
1436.946629
1395.987218
1335.514662
1324.293107
1283.614004
1240.274915
