21.984321
14.109479
19.191229
11.200507
17.710873
14.252961
10.756624
18.671804
19.696851
13.894116
9.028849
20.289338
24.253451
18.935907
18.386337
14.899165
19.205509
20.775703
17.431364
17.139362
17.113003
9.059463
21.979268
21.389592
20.648920
22.266936
20.969850
19.456001
25.255977
31.723625
26.014126
18.495372
24.237184
27.659698
26.324320
21.794521
27.234973
21.647347
32.968595
26.837486
27.602957
23.989868
24.530371
25.720968
19.918947
21.094259
27.176655
24.625371
21.810143
22.306854
23.758141
30.639965
27.257966
19.776075
23.752614
25.358993
34.890873
41.543197
42.860613
46.619036
37.167404
41.065025
48.344251
47.103135
54.891300
60.743003
68.268497
74.208017
84.782261
92.148485
96.542621
103.538737
122.290915
119.133850
131.967835
146.341955
161.243353
177.836695
192.317602
204.706370
220.425633
239.010737
254.484861
270.974780
285.159879
299.532368
308.328383
329.224019
331.714132
348.180692
375.703096
386.836458
398.744211
414.424041
415.185357
411.120444
423.939582
434.758474
431.665429
451.486150
460.514684
450.365179
448.531929
451.557398
453.005857
457.709030
468.841429
460.650120
458.341765
462.124446
457.306098
451.897398
454.136763
460.746316
460.866759
453.271015
467.664322
464.252286
449.656627
451.167468
454.218947
452.666588
455.099246
456.713081
456.438707
455.687320
439.045154
431.358617
432.356000
420.070645
404.169266
400.546109
401.979121
396.662677
389.365143
390.444376
384.561938
389.001503
376.855680
372.175855
372.239602
367.157034
372.057481
366.548536
358.592465
364.416947
370.640831
369.493602
367.838593
362.043308
367.034045
367.158964
348.803914
344.698510
349.615831
343.521820
334.467158
333.606898
327.516340
328.809192
317.891424
308.013316
309.116674
302.827143
296.648466
290.353430
286.843429
281.848966
287.750427
280.664687
281.534135
271.598630
270.143464
270.158689
272.425827
263.656211
266.805627
265.631474
255.995520
257.205694
262.716774
268.800365
270.185177
259.489551
250.489150
250.559864
251.963378
253.868808
234.375662
229.675165
227.801861
221.381075
211.158000
220.983868
226.724232
220.016222
215.994318
199.992312
196.851817
196.487947
188.869425
184.404350
195.409335
167.223593
158.573103
152.250504
140.968426
136.047280
134.661211
124.427447
117.589068
112.436806
104.400000
103.523729
102.054765
103.162626
101.218628
95.547971
92.883002
96.144803
91.415120
95.861554
105.906503
112.338827
116.645789
118.083000
116.105669
133.107977
154.681286
165.676030
194.636805
221.867051
247.695551
271.115678
309.574970
354.393906
388.207378
441.496744
491.890092
540.829212
582.328434
611.712842
657.257192
700.201363
734.321492
770.876659
805.989361
849.169202
887.041774
927.868444
957.665126
1013.710038
1056.321391
1116.711560
1176.783898
1218.188271
1263.305094
1313.845921
1364.567552
1407.934962
1446.373759
1490.144915
1538.232030
1583.546685
1636.042143
1695.083766
1716.807331
1774.104981
1803.059774
1871.498496
1890.945763
1921.755226
1954.135518
1969.911842
1985.156591
1999.980244
2018.782556
2028.029850
2024.783947
2033.235650
2049.136241
2052.470470
2030.812707
2047.535639
2036.045714
2029.634380
2026.648606
2021.547143
2007.110395
1986.473947
1981.480000
1954.798722
1906.854455
1872.006139
1843.842256
1830.512561
1840.762218
1820.752632
1849.300847
1844.583891
1852.953083
1888.959737
1915.712505
1920.666241
1951.201654
1966.276842
2006.959737
2049.364586
2075.222669
2104.053898
2155.566711
2200.579153
2221.838722
2253.690789
2260.367288
2280.518722
2315.949662
2325.791635
2319.412881
2314.725188
2322.110019
2311.525395
2305.304211
2286.131394
2272.197180
2246.341130
2217.579549
2202.098192
2196.587444
2202.320827
2188.855104
2147.455263
2115.188440
2117.191203
2095.162335
2093.833139
2097.634737
2089.089737
2065.156447
2044.730697
2025.257368
2028.338625
2034.982707
2034.812825
2034.849060
2030.014962
2018.328136
1985.554662
1975.694539
1964.323929
1954.806384
1954.147970
1942.058380
1937.919474
1922.636316
1889.829661
1861.031410
1863.126422
1852.168421
1819.471544
1798.707105
1783.436090
1757.158797
1733.110000
1694.034124
1658.279248
1616.932938
1582.065038
1574.339849
1565.755263
1549.939474
1540.651318
1525.451015
1503.891864
1478.838365
1477.826271
1471.365414
1444.673985
1430.913741
1410.064812
1380.649021
1359.511241
1362.025489
1343.745038
1351.140791
1326.745000
1316.772105
1316.843164
1291.402594
1284.605461
1289.522030
1290.144218
1291.209286
1294.695301
1296.660451
1297.278985
1295.278249
1283.258120
1287.640583
1268.109228
1277.116917
1281.755789
1276.321711
1278.047458
1289.385639
1289.303365
1289.044511
1297.789549
1297.203571
1292.681316
1269.156365
1235.897143
1246.439548
1222.424023
1190.563571
1209.699887
1175.204737
1148.015526
1124.833158
1114.726798
1093.279004
1080.071353
1082.651955
1069.443102
1043.215367
1022.731429
1006.066874
989.553675
977.993738
965.062297
941.954812
912.435136
895.459429
889.360421
869.907342
835.915040
818.522846
786.156605
757.659305
730.741947
706.944350
695.874325
683.627893
661.648282
645.180122
631.081378
607.575211
598.576787
584.317485
557.702904
