124.325526
129.778463
133.991126
134.334188
140.620458
144.984816
156.727475
159.740872
168.976708
175.981214
184.675207
191.911015
201.813932
210.926045
217.497226
231.117582
248.444118
265.072184
264.424868
291.062160
304.167571
304.368820
316.075102
330.688391
344.174576
346.210853
352.832267
362.733318
380.240872
396.598733
411.862539
426.053750
434.333263
462.153847
469.510162
472.259496
487.567569
514.080368
523.256290
527.557214
544.879706
569.579252
583.457857
574.627346
578.126491
593.113718
602.470962
608.200347
616.033684
636.453635
659.034429
665.600444
668.790475
710.835086
734.484420
775.158224
818.763313
860.971391
890.760434
930.316638
961.099222
1013.660339
1085.387312
1143.231278
1202.298947
1272.429755
1343.657744
1445.664624
1527.761544
1625.496861
1723.330339
1824.726241
1925.338588
2027.029023
2148.332744
2260.141429
2379.692594
2499.475330
2671.342256
2851.579323
2992.025028
3162.020263
3347.236165
3531.335921
3691.285857
3867.710902
4061.953872
4201.374605
4350.881353
4531.490376
4659.427218
4779.930508
4914.847068
5036.728550
5097.472575
5151.707256
5232.765951
5309.858816
5392.145000
5431.057895
5423.527797
5457.796071
5483.393835
5514.817143
5472.377500
5509.070207
5443.874361
5440.186617
5480.694850
5458.724181
5462.879887
5461.197914
5428.755921
5425.681053
5441.087970
5448.452763
5434.908493
5453.201128
5436.134068
5476.869211
5515.650376
5543.527006
5518.402538
5522.369455
5514.921391
5521.348795
5475.520169
5411.392030
5364.794211
5283.585395
5184.118324
5141.690150
5096.277947
5028.997143
4985.469925
4965.116541
4946.981429
4915.635028
4893.794549
4878.210489
4861.078139
4828.169228
4811.543459
4828.780038
4814.578908
4793.575000
4819.789661
4848.297162
4856.571695
4840.799248
4835.741071
4830.969831
4800.239060
4761.403145
4760.921692
4721.682782
4673.655714
4642.095989
4605.141278
4532.232105
4466.037137
4420.565395
4396.279718
4376.147143
4323.574173
4296.635414
4279.593571
4274.542368
4253.791786
4203.095876
4177.331955
4170.574549
4142.773741
4144.577947
4138.829436
4112.959624
4125.936780
4144.541053
4139.901092
4128.705639
4123.645226
4141.006128
4123.376203
4107.025508
4113.348647
4071.181921
4064.172632
4066.696353
4040.323985
4017.638289
4052.848872
4065.996015
4046.043684
4051.633421
4066.252712
4056.108008
4054.199474
4075.361053
4087.433879
4097.342105
4053.335808
4001.924275
3961.975376
3908.293729
3849.085019
3782.223759
3719.563974
3658.766523
3627.339079
3582.155000
3530.420038
3505.119887
3479.758872
3436.874887
3410.531692
3408.296241
3452.678308
3425.154181
3429.388214
3454.930527
3473.711955
3524.305545
3594.899266
3643.696767
3739.875263
3850.792500
3946.159454
4058.089624
4178.272500
4307.970714
4495.412932
4700.583559
4928.769944
5174.356271
5449.861504
5766.652354
6097.130019
6413.525263
6793.085593
7116.572932
7458.110921
7853.827895
8201.201356
8485.358346
8801.443083
9163.283296
9506.491222
9874.614313
10338.270677
10808.044444
11297.728947
11841.641729
12350.342857
12908.883835
13491.998870
14084.766917
14649.937218
15203.598684
15736.488324
16316.684586
16897.929511
17463.759322
18064.536090
18689.757815
19363.527820
19943.426365
20561.478571
20982.770677
21478.808835
21961.651880
22357.596610
22747.163910
23143.250847
23477.615789
23661.458757
23858.628759
24043.168421
24157.884211
24281.241353
24379.476271
24409.504135
24525.555451
24518.912782
24521.984211
24506.242857
24422.457519
24302.270810
24126.942857
23816.837218
23518.906579
23256.400000
22970.540602
22620.109586
22304.330697
22086.107519
21937.876271
21861.816353
21869.502256
22024.253107
22095.741541
22161.000000
22406.266917
22696.886252
23002.533459
23261.118797
23639.042105
24069.500000
24565.709398
25020.041353
25441.717514
25885.865602
26290.254426
26591.477444
26851.424624
27160.109981
27358.302632
27519.158271
27544.340602
27536.133898
27471.007519
27411.366917
27302.346053
27205.718421
27051.410358
26829.204699
26627.466478
26444.720301
26189.817514
25916.893045
25724.736842
25519.209228
25378.083459
25147.956391
25057.098496
24859.900377
24770.024624
24659.444361
24473.536842
24326.992105
24229.435405
24203.769173
24140.710169
24009.648872
23895.770056
23823.110526
23739.340414
23607.033898
23455.181955
23407.303390
23297.132143
23213.572693
23100.485338
22925.078908
22756.186842
22641.615789
22428.161582
22215.718045
21935.576648
21641.488722
21348.962335
21039.596053
20718.687970
20358.157143
20035.226692
19744.711864
19384.030827
19119.242373
18767.856579
18535.110169
18255.684211
18042.130263
17817.503013
17599.001880
17400.249153
17218.764850
17040.238983
16851.165414
16641.248308
16417.706579
16243.927820
16159.202825
15998.866917
15752.075188
15626.224812
15431.562147
15346.714474
15203.910526
15168.594727
15073.373496
15079.878719
15088.997744
15101.051789
15095.942481
15067.307895
15034.890977
14981.544361
14990.086064
14942.646617
14958.812594
14937.705838
14846.189098
14809.297368
14895.761842
14931.911864
14925.933083
14912.043045
14892.359023
14870.710902
14811.892857
14659.217481
14488.654426
14387.771429
14254.367797
14037.573120
13833.707143
13704.940113
13463.005827
13294.555263
13081.826316
12904.539171
12796.548308
12609.592857
12409.708271
12252.298496
12066.180414
11880.070677
11703.456121
11484.852632
11272.327119
11070.969173
10797.678759
10595.861017
10323.678195
10094.915789
9849.117105
9550.757721
9312.409436
9068.803496
8809.050996
8541.193233
8272.596384
8016.506297
7761.412881
7526.624812
7338.314369
7147.615056
6952.083459
6807.293032
6591.790282
6369.612373
