-635.803
-757.196
-759.589
-769.892
-764.188
-774.322
-759.426
-756.81
-746.212
-764.521
-777.912
-757.598
-753.107
-765.815
-774.708
-769.194
-767.594
-769.599
-764.505
-770.255
-777.247
-771.89
-774.389
-766.759
-775.062
-778.926
-770.827
-753.93
-761.935
-754.841
-755.939
-758.575
-759.077
-759.517
-765.115
-771.35
-770.742
-778.047
-766.951
-762.741
-771.642
-767.143
-760.546
-765.371
-764.468
-777.269
-762.969
-763.232
-761.335
-760.962
-752.761
-763.887
-777.183
-769.736
-771.037
-770.917
-768.72
-763.971
-771.076
-770.018
-778.906
-769.133
-773.142
-759.445
-761.344
-768.587
-763.787
-754.109
-766.507
-768.667
-762.668
-773.786
-763.986
-757.612
-747.817
-760.544
-783.631
-764.419
-773.825
-773.723
-761.826
-760.929
-773.625
-761.081
-775.082
-776.329
-778.222
-772.148
-746.065
-770.103
-769.592
-771.858
-767.564
-766.092
-763.588
-761.468
-758.176
-761.581
-757.781
-750.36
-749.663
-756.826
-751.622
-760.54
-762.139
-752.315
-747.217
-751.672
-762.768
-759.557
-762.957
-759.063
-745.172
-749.649
-755.644
-741.7
-738.01
-730.774
-735.873
-730.674
-735.175
-728.53
-738.733
-722.88
-713.884
-719.556
-712.458
-702.789
-695.198
-694.64
-693.942
-689.064
-675.869
-671.804
-664.61
-657.809
-645.915
-643.723
-634.331
-637.014
-628.019
-616.2
-626.2
-628.349
-608.555
-602.899
-587.61
-579.522
-561.135
-552.261
-536.474
-516.151
-504.566
-497.127
-501.238
-472.057
-459.471
-446.831
-439.543
-435.366
-427.574
-408.607
-376.125
-356.664
-343.89
-319.7
-305.912
-305.397
-299.902
-269.291
-243.516
-222.822
-203.743
-185.977
-178.689
-145.218
-122.046
-109.899
-111.704
-79.3101
-51.2416
-15.8777
-.304718
55.892
77.9547
111.168
150.442
161.028
203.795
239.622
279.688
321.251
346.613
395.304
443.458
503.917
568.256
604.466
648.432
687.316
747.262
806.009
836.764
880.954
929.512
965.632
1012.4
1052.92
1105.66
1153.2
1203.15
1245.65
1292.72
1318.47
1352.84
1395.25
1450.9
1503.84
1552.39
1596.6
1635.56
1673.42
1711.88
1782.33
1849.26
1913.7
1940.96
2006.91
2065.06
2127.41
2208.83
2254.46
2289.72
2346.81
2398.56
2473.55
2551.78
2619.79
2657.34
2720.97
2765.43
2813.45
2849.81
2895.71
2947.26
3005.87
3057.82
3093.69
3120.57
3156.74
3217.09
3227.59
3226.48
3262.89
3301.95
3332.35
3362.22
3407.07
3448.92
3487.82
3504
3546.17
3589.43
3659.32
3733.75
3789.54
3854.88
3922.98
3978.82
4064.7
4155.21
4238.83
4326.85
4424.52
4532.42
4643.42
4738.81
4845.34
4973.13
5070.5
5189.09
5289.92
5376.43
5493.84
5633.41
5733.24
5825.85
5944.91
6080.58
6200.61
6316.29
6449.93
6591.5
6702.36
6840.74
6967.15
7108.61
7217.11
7319.21
7421.33
7521.03
7624.17
7741.05
7811.26
7866.4
7977.63
8092.81
8169.08
8239.71
8355.41
8434.61
8529.87
8630.69
8717.49
8813.59
8914.91
9022.21
9109.14
9192.86
9321.67
9450.24
9550.89
9656.9
9775.24
9916.01
10050
10175
10309.4
10467.4
10594
10726.3
10880.2
11053.7
11204.5
11338.8
11465.9
11587.1
11679.9
11761.6
11876.2
12011.4
12099.5
12189.9
12252.5
12318.6
12387.7
12506.5
12564.4
12632.1
12680.4
12725.3
12748.8
12748
12765.2
12811.9
12824.6
12819.8
12807.8
12797.8
12797.1
12803.1
12817.3
12832.8
12808.9
12759.8
12736.7
12732
12725.8
12707.4
12707.6
12739.5
12736.3
12723.9
12760.2
12837.5
12905.5
12938.8
12958.7
12981.4
13027.7
13085.1
13147.5
13204
13291.6
13403.6
13531
13677.8
13778.5
13887.5
14036.9
14208.3
14416.1
14600.3
14786.2
14960.4
15147.5
15366
15566.9
15773.5
15973.2
16167.8
16353
16544.3
16697.8
16842.8
16970
17075.2
17166.6
17254.2
17308.7
17370.1
17412.6
17447.8
17451.4
17456
17491
17557.9
17591.8
17636.1
17684.5
17745
17817.3
17867.7
17924.9
17991.9
18053.1
18131.8
18206.9
18295.9
18378.3
18452.6
18513
18583
18612.8
18605.8
18620.5
18664.1
18706.3
18732.9
18822.8
18957.9
19052.5
19092.9
19131.2
19143.1
19213.8
19302.7
19372.1
19419.7
19501
19614.1
19676.8
19697.8
19720.4
19763.5
19788.2
19813.5
19861.3
19927.3
19961
19978
20033.8
20096.5
20163
20234.2
20313.6
20384.7
20428.1
20463.8
20513
20581.4
20636.7
20671.2
20699
20743.8
20783.1
20845.7
20907.2
20976.8
21026.3
21042.3
21094.9
21150.1
21202.3
21279.6
21290.7
21249.1
21260.1
21303.2
21343.7
21367.9
21378.9
21379.5
21372.1
21376.5
21361
21292.9
21261.5
21249.3
21268.8
21285.3
21293.2
21305.2
21377
21468.3
21587.9
21696.7
21779
21844.3
21940.5
22040.5
22142.8
22345.4
22339.3
22467.7
22582.5
22711.7
22866.8
23097.9
23280.6
23430.9
23579.5
23750.1
23971
24212.8
24458
24711.8
24944.1
25141
25367.6
25643.6
25905.6
26148
26344.9
26478.8
26623.4
26756.3
26951.2
27220.1
27424.2
27525.8
27657.4
27789.8
27889.9
27962.1
28056.4
28165.1
28256.3
28330
28351.1
28351.5
28345.3
28323
28317.5
28320.7
28303.2
28273
28246.3
28269.9
28285.5
28315
28319.7
28299.7
28268.5
28241
28231.8
28216.6
28243.3
28324.3
28364.8
28342.5
28360
28388.4
28401.1
28380.1
28430.9
28524.3
28583.1
28616.8
28682.2
28759.1
28835.9
28910.1
28986
29106.3
29210.5
29308.1
29383.7
29427.3
29475.6
29466.4
29493.1
29564.3
29593
29555.5
29537.3
29491.2
29463.3
29433.2
29325
29144.5
28948.2
28790.7
28602.5
28402.6
28198.4
27979.7
27737.4
27478
27233.8
27018.3
26780.6
26501.6
26212.5
25924.3
25645.8
25414.5
25148.5
24811
24478.9
24155.2
23870.7
23622.6
23382.1
23163.8
22908.9
22605.9
22346
22132.8
21939.3
21743.9
21570.9
21411.1
21296.9
21223.4
21146.3
21015.4
20919.9
20917.2
20899.9
20862.1
20852.9
20894.7
20927.9
20951.3
20973.8
21015
21055.6
21102.1
21152.6
21236.2
21284.1
21299
21341.3
21396.7
21416.9
21391.8
21377.1
21422.1
21470.7
21551.8
21608.6
21644.3
21673.7
21676.8
21725.8
21851
21975.4
22023.2
22066.3
22091.5
22126.1
22184.7
22233.9
22271
22289
22300.7
22347.8
22409.1
22450.3
22473.9
22485.6
22447.6
22431.2
22461.2
22465.2
22395.3
22358.7
22350.4
22345
22318.9
22295.7
22244.7
22199.5
22124.6
22066.9
21942.1
21878.1
21909.3
21857.1
21729.2
21616.3
21557.3
21503.7
21449.3
21389.1
21276.6
21172
21085.9
20966.5
20798.6
20613.9
20458.3
20296.2
20077
19891
19750
19614.1
19518.4
19388.3
19239.4
19124.3
19091.6
19041.1
18949.8
18882
18920.5
18947.9
18976.6
18990.8
18975.9
18989.3
19060.9
19133
19198.4
19293.3
19439.8
19614
19786.6
19978.8
20131.4
20277.6
20448.7
20606
20743.7
20908.3
21119.1
21340.6
21565.9
21770.3
21870.7
22024.3
22224.2
22419.6
22567.2
22711.2
22845.7
22991.4
23144.8
23274.2
23315.1
23347.1
23400.4
23433.7
23449
23465.2
23453.4
23441
23424.1
23392.7
23309.5
23243.2
23168.5
23120.8
23110.8
23081.1
22988.2
22889.7
22798.3
22699.1
22575.9
22463.7
22331.9
22218.2
22193.5
22136.3
21984.1
21846.6
21735.1
21636.7
21584.5
21489.5
21374.8
21283.1
21266.3
21233.4
21157.5
21079.8
21029.4
20964.7
20874.7
20790.7
20736.4
20697.9
20691.6
20660.9
20668.9
20645.3
20596.4
20540.2
20479.8
20428.9
20408.3
20368
20290.7
20212.2
20153.9
20119.9
20105.3
20074.8
20041.8
20026.3
19916.6
19837.2
19792.6
19725.5
19643
19566.2
19540.2
19501.9
19424.3
19359.3
19297.1
19219.8
19085.7
18951.6
18909.9
18855.9
18732.2
18607.9
18529.7
18418.8
18235.4
18055.7
17940.5
17813.6
17655.5
17508.1
17345.4
17175.2
17024.5
16890.6
16795.9
16669.3
16534.8
16397.1
16256.1
16089.5
15988.5
15855.4
15760.4
15653.6
15524
15396
15243.9
15096
14992.1
14876.1
14764.6
14660.7
14585.1
14502.8
14409.9
14318.5
14211.5
14097
13939.8
13797.5
13748.5
13701.8
13634.8
13567.2
13527.9
13465.9
13381.1
13290.4
13186.7
13095.7
13004.5
12928.8
12941.8
12942.4
12911.9
12890.4
12827.6
12753.9
12661
12586.4
12620.4
12620.8
12613
12597.4
12568.6
12573.2
12583.2
12603
12586.4
12564.6
12597.7
12613.7
12613.2
12612.7
12626.3
12633.4
12613.9
12579.9
12548.9
12530.6
12549.7
12561.2
12551.5
12531.9
12552
12562.3
12556.3
12541.6
12563
12584.8
12647
12676.9
12658.2
12635.7
12611.5
12599
12590.7
12581.2
12503.4
12420.3
12393.8
12349
12283.8
12226.1
12185.1
12124.5
12028.7
11938.4
11839.5
11739
11677.7
11611
11483.4
11364.2
11268.6
11184.2
11101.1
11030.4
10923.8
10836.3
10751.3
10667.4
10565.3
10466.1
10389.1
10312.6
10242.7
10162.3
10069.3
9968.84
9903.11
9831.1
9731.9
9631.38
9552.06
9485.14
9411.21
9332.02
9205.04
9089.31
8972.92
8854.47
8770.26
8675.9
8554.12
8434.68
8315.69
8195.75
8099.06
7980.37
7870.88
7755.46
7646.17
7539.15
7395.98
7274.14
7152.66
7020.86
6896.29
6761.58
6619.12
6483.91
6392.99
6314.78
6220.88
6124.88
6023.98
5912.26
5820.05
5740.47
5614.09
5496.21
5409.79
5345.96
5234.37
5109.92
5001.12
4911.08
4767.21
4648.18
4481.04
4308.81
4109.61
3922.39
3711.09
3507.8
