-804.001
-919.499
-915.998
-915.219
-898.427
-919.075
-914.769
-908.931
-895.036
-908.066
-916.162
-904.804
-909.404
-915.301
-917.201
-910.313
-907.414
-916.384
-918.383
-919.542
-921.739
-908.059
-902.166
-899.738
-913.535
-921.918
-918.315
-908.543
-923.741
-906.829
-897.637
-905.989
-912.686
-914.672
-921.669
-913.167
-897.275
-913.303
-911.798
-913.908
-929.003
-918.117
-904.627
-911.088
-912.183
-921.148
-902.751
-902.259
-899.763
-900.124
-892.722
-906.359
-922.252
-913.039
-912.341
-908.804
-903.11
-910.357
-930.349
-916.066
-910.169
-907.718
-920.418
-906.306
-907.206
-915.511
-911.91
-903.431
-917.028
-919.36
-913.461
-923.934
-913.435
-907.198
-897.603
-896.068
-903.77
-894.243
-915.337
-918.985
-910.184
-906.674
-916.272
-905.779
-922.277
-910.154
-897.261
-907.522
-900.62
-915.983
-904.182
-909.924
-910.525
-907.673
-903.171
-909.035
-914.734
-924.505
-926.798
-915.533
-909.94
-909.143
-895.647
-909.677
-917.87
-902.7
-890.909
-896.016
-908.61
-906.004
-909.903
-914
-909
-914.983
-921.578
-911.961
-913.067
-906.02
-910.719
-901.231
-900.937
-899.552
-916.348
-901.72
-893.223
-905.278
-905.373
-899.042
-894.249
-898.76
-903.458
-899.7
-887.005
-889.009
-888.708
-885.674
-877.078
-885.459
-887.756
-893.224
-885.628
-873.051
-881.952
-885.756
-868.06
-876.778
-877.873
-879.917
-870.621
-868.018
-858.025
-856.627
-866.221
-859.546
-860.859
-843.139
-844.539
-841.991
-844.093
-849.307
-850.906
-842.847
-821.554
-823.289
-833.592
-821.909
-818.611
-818.457
-811.364
-805.041
-808.636
-803.069
-796.278
-795.953
-807.147
-792.655
-788.564
-782.015
-786.617
-775.918
-773.525
-756.015
-756.626
-732.464
-745.867
-732.305
-709.216
-728.955
-719.655
-708.733
-691.645
-684.692
-696.594
-678.024
-658.343
-648.133
-639.14
-632.916
-612.927
-621.383
-614.386
-596.37
-603.378
-590.297
-571.21
-569.04
-557.341
-562.339
-557.747
-552.633
-543.641
-531.22
-511.429
-506.768
-491.878
-485.384
-469.994
-461.496
-458.503
-453.005
-450.911
-444.189
-435.296
-417.179
-408.891
-380.546
-383.064
-362.519
-354.226
-359.349
-350.452
-336.707
-321.525
-304.05
-297.663
-285.435
-275.144
-253.779
-256.492
-232.961
-228.57
-222.212
-228.011
-231.132
-230.734
-208.058
-187.28
-174.386
-167.89
-170.26
-154.266
-160.649
-169.744
-167.527
-171.226
-156.107
-132.428
-122.978
-126.281
-120.065
-132.362
-118.962
-104.575
-94.7532
-91.1606
-81.0827
-52.7026
-30.4312
-23.5497
-2.32191
17.9631
27.1604
39.2495
58.2106
86.3879
112.397
120.88
131.227
159.414
165.183
195.159
219.855
234.936
254.154
285.328
303.741
325.321
340.758
360.139
376.946
394.528
422.615
455.693
460.915
494.794
501.621
517.408
544.092
582.256
601.957
611.649
620.116
640.398
656.299
674.879
698.018
703.314
700.559
705.346
740.064
731.752
749.527
777.212
791.575
815.555
829.935
843.72
864.89
895.261
923.516
930.202
942.044
974.325
985.348
1003.33
1030.75
1056.63
1076.18
1112.05
1129.92
1159.9
1185.07
1217.25
1226.1
1218.09
1253.47
1307.62
1329.8
1339.18
1355.62
1380.11
1379.93
1393.42
1401.79
1425.08
1419.03
1446.32
1434.9
1444.6
1454.28
1470.56
1491.83
1502.62
1494.8
1497.21
1489.15
1475.96
1476.4
1489.99
1479.04
1456.57
1451.29
1452.19
1446.67
1434.18
1426.71
1426.01
1428.6
1421.81
1416.14
1432.24
1432.71
1435.11
1443.12
1467.51
1478.85
1453.46
1456.2
1485.97
1492.84
1483.54
1491.62
1501.12
1518.5
1546.37
1575.19
1614.57
1622.14
1646.62
1670.17
1690.45
1729.46
1734.15
1770.32
1813.38
1845.52
1894.08
1920.26
1949.13
1987.04
2030
2054.3
2078.88
2095.64
2123.42
2154.6
2177.78
2187.29
2193.09
2182.98
2191.28
2198.7
2210.89
2200.39
2197
2194.29
2203.09
2195.14
2208.52
2211.41
2216.11
2237.34
2239.83
2243.1
2251.69
2259.7
2288.68
2298.05
2309.84
2322.4
2332.2
2333.06
2347.04
2349.32
2335.64
2325.59
2331.2
2348.48
2359.96
2364.4
2361.3
2377.42
2384.5
2403.04
2405.63
2424.02
2427.71
2447.99
2474.56
2485.57
2489.87
2494.28
2496.78
2485.65
2482.86
2486.56
2510.64
2515.94
2506.15
2493.31
2487.61
2503.91
2513.4
2531.93
2559.4
2568.97
2548.49
2538.97
2554.16
2558.73
2561.93
2571.6
2577.09
2585.61
2619.59
2623.7
2630
2630.13
2634.13
2639.11
2629.31
2646.81
2658.9
2653.81
2661.31
2654.82
2642.72
2652.82
2667.6
2678.21
2671.12
2669.57
2674.96
2655.48
2632.1
2636.43
2632.53
2633.54
2623.64
2639.66
2647.45
2643.57
2640.97
2653.55
2642.45
2669
2693.88
2705.99
2714.48
2734.47
2738.96
2762.11
2901.88
2801.2
2803.01
2808.59
2846.17
2863.1
2908.46
2942.37
2981.74
2999.19
3017.56
3048.94
3062.22
3088.61
3133.87
3191.63
3250.17
3273.43
3276.62
3303.53
3351.79
3394.41
3417.49
3451.47
3473.74
3496.26
3524.44
3547.36
3533.86
3553.85
3578.73
3602.62
3634.19
3652.73
3645.74
3632.14
3613.36
3603.79
3644.86
3657.99
3630.21
3630.78
3653.76
3653
3636.02
3621.66
3656.54
3662.18
3656.28
3639.89
3616.32
3601.33
3614.41
3627.02
3610.34
3602.56
3607.85
3610.8
3598.8
3605.72
3597.23
3602.91
3612.89
3635.16
3623.57
3617.48
3638.27
3664.36
3667.54
3670.05
3669.16
3661.68
3687.66
3696.86
3698.66
3712.45
3740.12
3771.46
3743.87
3742.71
3773.29
3785.51
3764.92
3762.41
3730.23
3719.21
3709.82
3686.27
3680.48
3643.16
3622.09
3582.51
3548.65
3524.55
3506.48
3467.34
3414.99
3361.65
3313.4
3267.81
3217.65
3168.46
3136.7
3085.99
3039.34
3009.37
2986.1
2944.74
2875.8
2823.08
2771.43
2730.22
2715.84
2688.58
2650.52
2607.74
2536.01
2505.16
2506.26
2494.8
2440.24
2409.32
2383.54
2377.86
2357.19
2340.02
2363.1
2376
2375.6
2373.11
2369.82
2370.19
2381.38
2378
2369.81
2369.58
2389.76
2396.72
2406.81
2401.86
2400.06
2412.62
2415.41
2416.32
2431.32
2424.78
2420.88
2415.06
2432.05
2440.85
2458.14
2477.12
2484.71
2481.69
2449.81
2460.19
2474.67
2486.8
2485.7
2486.21
2495.7
2505.28
2521.28
2514.83
2495.64
2502.17
2504.07
2503.37
2519.36
2537.8
2535.2
2524.27
2499.59
2500.44
2531.91
2559.05
2537.77
2524.35
2500.67
2486.62
2458.65
2452.81
2451.4
2470.85
2430.68
2416.67
2423.88
2397.59
2403.39
2397.61
2388.03
2378.25
2355.46
2342.41
2311.24
2288.8
2286.9
2275.42
2268.83
2229.59
2183.04
2157.41
2137.81
2124.21
2092.35
2059.69
2053.61
2025.95
2009.66
1992.34
1974.16
1960.76
1961.07
1949.65
1958.65
1957.04
1958.05
1952.99
1940.3
1939.1
1953.68
1976.08
2010.15
2042.03
2044.52
2067.28
2069.06
2105.52
2141.59
2160.72
2176.61
2183.97
2185.27
2203.55
2241.3
2279.45
2293.23
2322.93
2349.29
2398.64
2410.63
2436.27
2464.94
2487.63
2493.62
2507.79
2521.18
2543.78
2573.66
2583.82
2583.73
2570.12
2557.93
2559.4
2570.68
2572.29
2541.82
2519.37
2513.27
2517.29
2492.41
2485.5
2487.9
2485.18
2464.6
2439.36
2423.89
2408.57
2394.77
2394.03
2380.55
2360.43
2348.74
2333.87
2321.09
2311.36
2289.18
2270.23
2264.35
2231.5
2233.4
2233.63
2223.54
2210.11
2198.53
2183.85
2191.55
2186.78
2162.9
2145.88
2161.86
2174.74
2150.97
2106.49
2114.3
2095.64
2071.27
2050.96
2070.05
2088.87
2100.86
2094.72
2058.26
2021.65
2010.06
2014.51
2006.12
1983.11
1962.63
1973.54
1947.14
1944.47
1949.68
1938.1
1935.41
1925.97
1914.38
1904.72
1916.9
1931.39
1904.11
1878.31
1869.23
1843.4
1835.61
1827.25
1802.28
1772.57
1769.29
1751.52
1745.53
1728.64
1707.76
1678.48
1633.51
1608.34
1611.35
1596.63
1550.87
1520.77
1523.88
1494.89
1457.23
1426.04
1440.84
1420.14
1413.26
1372.09
1357.61
1336.14
1317.76
1302.68
1272.8
1245.25
1250.45
1239.93
1212.75
1191.85
1191.85
1185.09
1167.1
1152.97
1136.99
1120.5
1102.91
1085.03
1069.34
1059.03
1048.14
1036.28
1050.88
1041.59
1001.33
964.605
975.599
995.91
994.302
991.433
966.464
935.818
919.723
918.213
913.822
903.035
904.532
910.306
923.909
908.065
914.263
911.944
891.354
902.643
907.729
924.043
914.953
897.214
907.112
902.7
903.801
904.098
912.188
914.446
895.672
866.669
876.859
894.051
897.551
894.638
881.152
858.483
882.469
897.94
908.631
905.491
890.41
873.325
874.935
851.955
858.049
860.938
868.735
884.05
859.862
842.016
836.825
822.876
826.582
814.597
811.099
814.196
825.192
817.108
780.342
751.009
736.224
717.329
707.046
696.114
686.713
682.302
654.028
636.985
620.894
619.256
610.058
618.542
609.349
601.36
576.279
554.573
561.47
566.23
534.163
494.397
488.608
473.743
465.555
452.922
446.424
437.52
428.93
431.619
405.043
376.264
362.971
360.334
344.249
325.143
318.558
302.797
282.816
265.195
248.605
230.773
228.49
204.073
184.894
160.07
149.88
142.247
107.471
93.9993
79.9131
55.9381
55.0478
44.03
25.9448
13.8145
-10.2687
-21.0844
-21.1804
-23.4757
-36.2612
-60.0184
-73.1055
-73.2162
-96.9018
-112.571
-134.958
-134.337
-144.025
-166.702
-188.19
-190.698
-215.984
-216.309
-238.487
-265.693
-298.162
-318.625
-347.501
-368.376
