-794
-909.099
-905.198
-912.798
-904.398
-924.079
-918.774
-910.348
-893.855
-900.916
-903.018
-896.256
-905.551
-914.563
-919.56
-912.516
-909.417
-910.218
-903.925
-907.004
-911.299
-903.44
-903.442
-903.485
-919.68
-920.798
-909.702
-897.015
-909.416
-899.622
-897.823
-900.957
-902.059
-907.455
-918.147
-917.013
-908.614
-918.925
-911.226
-906.66
-915.062
-912.944
-908.845
-913.004
-911.302
-920.913
-903.316
-903.623
-901.926
-906.801
-904.094
-904.651
-906.558
-904.607
-912.301
-909.962
-905.066
-911.79
-931.183
-912.341
-901.649
-906.444
-927.136
-912.567
-912.468
-920.43
-916.529
-901.3
-907.704
-908.721
-901.922
-915.5
-908.397
-907.971
-904.371
-907.254
-919.252
-901.255
-912.858
-915.231
-905.831
-899.787
-906.688
-897.817
-916.314
-912.15
-907.75
-920.553
-915.649
-926.251
-909.056
-913.959
-914.161
-911.092
-906.389
-908.787
-910.69
-917.479
-916.875
-910.664
-910.966
-920.3
-917.394
-918.983
-912.19
-905.195
-904.193
-907.012
-915.81
-906.637
-903.643
-908.427
-905.025
-906.378
-907.578
-901.179
-906.581
-902.589
-910.186
-902.799
-904.503
-902.381
-918.079
-903.672
-895.575
-905.307
-902.705
-898.408
-896.312
-898.975
-901.175
-901.287
-893.387
-899.316
-902.812
-893.588
-877.299
-887.691
-893.484
-901.498
-896.3
-888.622
-902.818
-899.181
-871.995
-878.348
-878.244
-881.402
-873.604
-875.576
-870.678
-864.229
-867.03
-869.213
-882.116
-864.187
-863.289
-857.343
-855.848
-861.521
-864.319
-856.953
-836.259
-838.509
-849.312
-837.709
-834.411
-837.354
-833.958
-822.98
-820.282
-824.332
-830.328
-824.423
-826.327
-812.328
-810.734
-800.561
-800.269
-790.699
-790.703
-787.528
-805.023
-776.965
-781.976
-770.592
-751.999
-770.102
-757.806
-751.144
-739.95
-732.058
-741.462
-728.186
-715.598
-713.048
-711.847
-704.693
-681.707
-687.327
-677.533
-661.623
-671.927
-656.37
-633.387
-631.32
-620.719
-630.087
-630.691
-625.519
-615.128
-607.262
-593.566
-588.188
-570.801
-567.497
-556.803
-554.733
-558.634
-553.426
-549.833
-537.536
-521.949
-505.273
-500.682
-483.055
-498.26
-479.74
-470.449
-470.536
-455.445
-445.031
-435.942
-429.273
-435.074
-425.635
-415.344
-402.74
-416.842
-387.76
-372.679
-362.053
-365.555
-361.117
-351.527
-343.087
-343.888
-337.931
-333.733
-333.86
-314.169
-321.31
-332.602
-324.152
-318.86
-312.319
-303.026
-296.504
-298.907
-286.415
-290.619
-282.091
-276.994
-268.81
-264.218
-257.662
-234.377
-216.535
-213.85
-198.292
-184.201
-174.728
-160.041
-145.668
-124.684
-98.7017
-87.6214
-79.4904
-55.2994
-63.5631
-51.3702
-39.1617
-34.5701
-21.7187
4.66036
11.1352
18.0304
36.9853
66.9559
84.522
99.0069
124.64
155.521
150.195
170.189
182.059
210.533
222.723
235.313
247.133
256.225
261.905
278.49
290.273
304.557
319.61
315.215
313.689
324.37
347.533
320.139
335.677
368.457
389.928
421.899
431.122
433.917
440.855
455.541
481.807
492.688
495.551
512.846
532.834
570.798
588.452
590.748
600.128
632.105
642.28
662.768
675.676
694.262
708.343
714.625
737.723
766.702
769.198
761.598
778.237
811.418
810.733
819.123
814.421
820.632
824.334
875.001
868.003
872.404
870.332
871.531
882.446
885.337
875.523
879.034
874.355
865.757
866.171
877.265
865.511
843.132
842.288
849.983
856.677
859.371
852.033
843.142
843.574
837.976
831.847
846.547
842.501
838.6
839.56
856.449
875.877
867.575
862.389
869.689
873.717
873.108
890.134
908.721
909.236
904.739
916.59
948.275
948.778
966.565
984.477
999.753
1040.88
1052.06
1084.01
1116.18
1138.96
1179.13
1199.98
1225.45
1244.66
1259.15
1274
1301.38
1312.03
1327.92
1344.43
1351.13
1344.1
1333.31
1320.96
1336.55
1340.56
1342.16
1330.85
1333.25
1341.8
1365.59
1351.59
1344.5
1341.9
1351.5
1379.27
1389.45
1394.72
1401.32
1385.59
1375.41
1370.26
1385.14
1404.58
1423.96
1417.81
1412.71
1421.63
1433.42
1430.06
1428.47
1436.96
1438.45
1439.63
1438.33
1461.82
1480.49
1493.38
1477.19
1485.33
1485.33
1500.95
1522.12
1521.29
1508.7
1514.34
1532.33
1526.27
1520.28
1507.07
1503.28
1500.85
1499.54
1498.83
1508.22
1526.98
1528.57
1525.91
1521.21
1531.65
1539.54
1534.33
1533.64
1535.05
1545.84
1555.5
1554.49
1550.71
1567.41
1559.91
1559.52
1562.03
1576.31
1584.62
1572.02
1582.59
1584.09
1581.39
1602.88
1607.75
1604.65
1596.71
1568.93
1577.21
1604.59
1601.42
1571.96
1556.24
1572.52
1594.02
1586.22
1579.63
1558.64
1566.03
1567.53
1558.94
1553.14
1567.04
1561.64
1580.42
1584.42
1588.86
1602.65
1628.08
1638.17
1645.7
1748.7
1647.69
1685.76
1690.83
1690.64
1681.03
1711.31
1734.71
1768.29
1776.26
1781.35
1821.47
1866.52
1897.34
1918.22
1938.37
1945.27
1948.29
1964.88
1981.72
1994.61
2023.22
2055.48
2078.45
2067.55
2076.61
2113.08
2147.6
2149.38
2172.32
2186.31
2195.47
2207.95
2210.26
2190.28
2180.15
2183.76
2178.97
2204.45
2213.94
2196.45
2184.12
2166.94
2161.86
2183.05
2174.8
2177.51
2164.94
2157.65
2149.87
2147.09
2134
2125.9
2128.7
2116.21
2112.01
2120.1
2125.31
2114.91
2126.96
2128.06
2131.42
2123.91
2133.6
2115.72
2109.48
2138.06
2163.92
2156.41
2156.39
2163.69
2161.91
2190.29
2197.78
2192.39
2194.13
2203.21
2225.3
2201.11
2191.32
2196.83
2200.18
2193.08
2199.79
2170.9
2163.22
2157.23
2130.2
2111.23
2074.36
2073.17
2050.03
2027.65
2013.41
2002.83
1975.09
1939.82
1899.56
1858.51
1824.37
1792
1757.15
1734.58
1692.54
1653.78
1631.07
1614.09
1589.68
1554
1525.01
1482.35
1449.59
1442.8
1420.84
1384.48
1361.88
1339.6
1328.77
1302.89
1284.82
1256.45
1244.12
1224.63
1229.49
1226.3
1220.32
1244.2
1257.22
1255.82
1254.65
1256.55
1253.84
1247.96
1235.5
1231.91
1230.36
1239.05
1234.01
1231.22
1220.63
1225.93
1241.83
1241.32
1234.48
1233.79
1228
1254.38
1258.5
1248.62
1240.02
1257.2
1275.53
1281.42
1280.33
1257.14
1268.77
1270.57
1274.57
1273.97
1267.87
1257.18
1255.91
1279
1280.94
1272.63
1289.03
1298.83
1298
1298
1305.76
1303.07
1298.27
1292.28
1293.73
1289.13
1293.89
1278.2
1268.03
1242.75
1236.63
1236.43
1244.1
1226.2
1238.52
1211.03
1203.41
1203.52
1172.7
1179.51
1177.24
1176.64
1172.58
1148.29
1140.54
1129.75
1113.53
1086.16
1062.07
1071.97
1056.28
1049.39
1053.43
1040.53
1032.09
1001.82
968.712
957.333
925.239
906.554
889.31
877.123
870.976
881.575
877.163
885.159
884.491
891.189
893.633
892.929
897.763
903.454
912.182
920.476
936.355
947.84
973.316
961.608
984.972
1008.95
1020.53
1040.82
1056.15
1074.93
1097.19
1102.68
1114.55
1118.35
1136.64
1147.72
1183.08
1184.68
1200.75
1222.13
1242.46
1260.04
1282.74
1295.93
1310.43
1309.43
1298.59
1306.19
1298.4
1286.5
1283.16
1274.47
1270.42
1277.32
1278.76
1255.68
1248.66
1230.97
1231.84
1243.83
1248.34
1227.55
1203.63
1194.24
1180.55
1154.06
1148.12
1153.62
1148.45
1138.56
1127.04
1122.75
1120.44
1102.05
1089.73
1100.03
1078.73
1076.33
1071.03
1051.15
1033.91
1039.41
1032.28
1013.8
994.28
996.478
996.481
996.78
1003.56
1008.76
988.667
1003.86
994.832
988.44
976.548
967.758
961.828
961.03
948.569
930.888
910.916
907.518
919.156
913.962
894.171
876.98
891.816
871.915
876.696
893.292
889.898
882.008
867.661
852.374
839.641
851.43
865.441
837.361
811.558
805.976
784.965
787.864
788.724
766.345
742.126
757.518
752.868
734.195
708.343
696.059
679.981
670.179
670.185
650.113
619.717
594.535
582.462
590.868
572.597
572.995
571.58
573.795
544.025
546.34
512.808
497.828
480.182
488.675
497.852
478.065
458.755
462.066
450.45
426.667
408.861
410.264
405.825
395.534
388.266
374.281
361.37
356.771
350.994
342.104
337.9
328.905
317.992
327.597
315.915
289.735
263.448
261.354
270.799
272.887
274.053
255.378
233.078
239.262
256.202
243.819
225.873
226.071
229.091
229.506
202.27
210.166
210.943
203.841
225.971
221.866
231.521
235.318
228.766
236.466
229.547
225.653
221.204
226.597
229.136
235.536
227.193
219.501
220.754
225.253
223.944
217.451
200.332
216.724
223.295
212.906
193.588
208.978
220.251
229.653
212.854
209.058
203.83
221.616
245.03
209.154
182.098
194.29
195.71
192.622
173.755
162.365
158.474
172.966
170.189
160.296
155.409
135.33
111.948
107.359
101.507
89.2083
83.0475
68.3609
64.4851
55.7868
60.4586
42.1696
41.4669
21.6844
5.50592
8.69789
12.8444
7.55352
1.98527
-10.1009
-30.3553
-24.5561
-28.3979
-35.487
-47.7579
-67.3436
-88.6495
-96.6407
-92.0224
-90.326
-92.357
-110.445
-117.727
-135.211
-155.219
-151.414
-156.974
-171.26
-183.374
-199.165
-216.086
-214.472
-234.379
-231.78
-235.575
-247.164
-255.746
-277.135
-277.717
-295.899
-323.502
-310.806
-308.665
-330.647
-346.31
-358.206
-357.348
-370.231
-384.912
-388.906
-403.842
-406.339
-395.963
-416.052
-428.164
-450.052
-448.869
-452.263
-468.604
-479.104
-470.718
-498.801
-501.873
-516.658
-536.451
-554.834
-561.213
-578.2
-587.188
