-787.198
-897.002
-887.806
-899.588
-895.383
-907.413
-894.416
-899.958
-897.551
-900.65
-898.656
-890.668
-898.765
-902.726
-902.628
-897.389
-896.188
-902.036
-900.838
-898.113
-896.413
-890.694
-892.994
-892.107
-907.303
-915.23
-911.127
-899.103
-912.003
-894.349
-884.457
-897.543
-909.134
-900.042
-895.449
-898.451
-894.847
-910.435
-908.031
-896.539
-897.548
-899.273
-899.47
-901.408
-897.208
-908.626
-893.027
-897.432
-899.93
-899.476
-890.976
-897.239
-905.44
-902.858
-909.554
-906.404
-900.71
-902.478
-916.676
-901.406
-894.81
-893.164
-906.764
-895.804
-900.001
-905.42
-898.522
-886.839
-897.24
-897.774
-890.177
-906.865
-903.159
-905.387
-904.384
-897.813
-899.421
-893.698
-919.388
-916.369
-899.976
-890.715
-894.719
-886.904
-906.799
-899.081
-890.685
-899.766
-891.166
-907.935
-897.833
-900.99
-898.594
-898.565
-897.46
-904.906
-912.004
-911.944
-903.249
-896.716
-897.517
-902.121
-893.92
-905.598
-910.594
-900.486
-894.689
-896.027
-903.726
-900.336
-903.936
-903.006
-892.411
-892.088
-892.289
-891.462
-903.257
-893.965
-894.768
-890.842
-897.341
-895.076
-909.974
-895.472
-887.375
-895.351
-890.751
-885.945
-883.549
-891.158
-899.052
-895.352
-882.257
-883.948
-883.348
-882.879
-877.28
-879.648
-874.552
-888.273
-891.367
-882.407
-893.806
-895.288
-874.496
-881.061
-880.158
-884.658
-878.559
-884.109
-883.107
-872.625
-870.031
-871.158
-883.761
-864.599
-862.302
-863.086
-869.784
-873.257
-871.959
-867.661
-851.364
-855.57
-867.872
-858.019
-856.519
-853.226
-842.037
-835.96
-840.654
-843.849
-847.348
-840.275
-841.279
-830.527
-833.029
-829.931
-837.33
-826.788
-823.995
-810.613
-816.319
-795.939
-812.838
-807.033
-792.636
-809.459
-794.665
-797.819
-799.212
-783.571
-780.587
-779.107
-783.901
-774.69
-761.201
-759.769
-746.773
-756.422
-749.225
-735.993
-748.994
-747.52
-741.42
-732.323
-708.735
-713.094
-710.7
-711.365
-709.067
-704.609
-693.111
-693.811
-683.517
-684.225
-676.727
-670.762
-668.869
-666.828
-668.83
-664.166
-656.771
-645.862
-646.366
-629.699
-644.704
-629.098
-623.602
-620.266
-599.68
-596.626
-598.627
-592.928
-596.731
-588.53
-580.437
-563.114
-570.423
-550.874
-550.279
-543.13
-546.731
-546.968
-543.473
-533.977
-531.482
-523.138
-516.842
-526.07
-519.067
-523.272
-526.572
-524.583
-530.48
-520.712
-503.427
-497.6
-503.6
-485.292
-480.506
-473.713
-474.011
-467.433
-463.141
-459.923
-441.033
-435.274
-447.374
-432.522
-414.135
-408.748
-401.154
-394.901
-382.408
-366.38
-365.789
-359.688
-334.398
-348.691
-345.189
-330.211
-318.527
-309.144
-290.258
-280.598
-266.41
-259.877
-249.986
-239.585
-227.198
-204.378
-176.594
-190.44
-181.137
-175.401
-151.222
-142.477
-132.984
-126.172
-122.874
-117.625
-99.2408
-87.9127
-75.0272
-52.88
-46.5852
-55.1303
-59.0343
-25.5398
-31.8542
-22.7992
-8.50141
-11.2731
-6.07522
.0436325
10.2317
14.693
22.4863
45.5056
54.7887
58.0429
76.6374
82.1851
98.4711
109.866
113.061
122.66
154.537
161.491
177.284
186.917
202.905
216.817
224.098
231.853
237.555
245.742
258.023
271.342
289.737
283.666
291.357
292.005
306.607
309.224
353.997
343.484
345.586
349.056
359.847
364.193
352.099
338.302
343.611
347.717
351.606
346.801
343.21
340.784
340.683
351.118
364.107
363.065
350.874
346.465
350.362
348.641
332.553
323.478
339.476
335.391
330.691
328.628
341.221
360.28
353.876
352.231
364.026
372.298
375.784
389.941
401.535
400.062
396.563
403.49
426.683
427.77
451.651
466.362
472.746
506.957
512.442
534.638
554.519
560.841
581.928
588.281
602.169
623.388
648.562
667.905
695.785
690.577
679.987
702.282
735.852
747.686
750.483
740.98
752.278
750.372
744.978
733.413
740.112
738.7
742.807
731.692
742.981
748.614
759.407
777.083
769.279
764.017
765.319
764.693
784.084
786.601
793.494
802.497
809.695
807.085
816.973
821.733
815.34
816.613
836.5
845.11
830.813
825.457
824.557
838.548
840.24
849.753
840.555
850.6
848.6
859.633
874.213
877.107
876.312
883.231
894.222
890.699
894.799
900.446
922.529
924.235
909.544
896.326
893.929
908.42
911.915
906.5
895.205
907.397
923.979
920.068
914.482
922.795
950.468
961.91
949.816
947.04
975.127
968.899
961.008
956.721
964.813
970.377
958.08
972.396
980.688
988.583
1024.06
1032.87
1024.67
1023.1
1012.11
1018.08
1025.67
1019.94
1003.76
993.095
1006.78
1035.22
1043.3
1038.68
1006.5
1020.72
1046.2
1052.25
1052.14
1069.2
1064.49
1080.38
1077.99
1071.7
1070.5
1087.48
1095.56
1121.31
1262.68
1160.96
1159.07
1158.58
1187.66
1185.77
1201.76
1210.13
1227.92
1227.37
1231.46
1258.37
1277.45
1287.16
1292.05
1313.33
1339.5
1353.75
1372.93
1400.4
1432.57
1459.87
1468.46
1491.68
1507.25
1523.13
1544.72
1562.74
1546.25
1568.75
1602.32
1606.91
1587.52
1589.86
1606.24
1616.3
1621.5
1614.14
1632.23
1638.94
1624.04
1622.86
1626.86
1629.97
1643.96
1641.59
1665.78
1661.77
1647.48
1637.81
1639.32
1632.02
1631.51
1642.48
1638.88
1638.58
1644.38
1641.7
1616.41
1622.81
1629.91
1634.64
1622.64
1632.52
1620.83
1613.59
1631.88
1652.61
1646.71
1652.64
1671.63
1671.87
1689.46
1693.47
1694.38
1693.6
1688.3
1708.63
1699.82
1704.41
1722.9
1733.19
1724.69
1730.88
1702.69
1696.88
1694.39
1675.66
1671.77
1642.98
1639.89
1612.97
1584.09
1567.52
1560.64
1544.8
1533.41
1508.5
1470.24
1435.43
1397.27
1371.4
1379.9
1356.74
1318.47
1291.71
1263.74
1233.47
1199.79
1178.18
1151.2
1126.35
1115.37
1096.44
1074.46
1055.89
1021.21
1010.74
1005.54
1004.93
988.844
983.477
962.285
969.503
975.302
962.863
954.775
947.487
945.188
948.191
962.775
971.011
973.117
966.772
966.074
970.8
991.585
999.069
1009.56
995.958
969.687
970.092
982.47
991.89
1013.48
1015.61
1024.1
1016.7
1006.82
996.275
1007.97
1020.41
1019.71
1022.13
1021.21
1048.28
1052.67
1057.96
1056.16
1058.61
1075.1
1089.93
1107.83
1099.1
1069.51
1071.8
1081.49
1082.61
1088.61
1094.39
1073.81
1064.04
1079.02
1091.86
1079.17
1081.11
1073.42
1072.32
1058.32
1056.36
1045.47
1047.06
1032.76
1051.07
1034.67
1038.53
1050.93
1026.67
1027.68
1018.77
1009.68
1002.75
987.951
987.141
977.652
967.052
954.966
937.891
936.101
907.258
883.884
871.988
844.401
833.685
829.994
818.766
818.277
795.174
780.984
769.621
766.625
764.107
764.916
753.301
760.398
757.358
758.062
760.507
774.688
791.673
802.658
816.88
831.168
847.393
844.792
863.659
864.639
897.034
920.512
928.323
936.221
940.478
951.665
968.091
972.48
990.338
1019.31
1051.85
1047.23
1073.71
1085.2
1107.39
1124.37
1138.66
1145.56
1158.4
1164.09
1173.05
1172.16
1166.52
1194.2
1205
1207.29
1212.07
1193.49
1182.9
1193.29
1200.81
1191.61
1193.83
1171.15
1162.8
1152.51
1141.42
1125.93
1110.63
1120.43
1120.21
1088.93
1077.52
1075.43
1067.05
1068.25
1065.13
1060.33
1057.36
1037.77
1025.21
1038.51
1019.8
1018.6
1016.1
1004.5
992.844
994.448
985.143
970.56
954.08
956.278
956.324
956.823
962.706
963.016
939.535
956.93
949.632
943.24
931.723
924.732
918.514
909.423
895.566
903.261
901.53
888.341
891.553
883.362
864.451
863.744
891.482
869.882
869.341
865.656
848.579
854.576
854.057
852.357
845.444
829.761
825.125
816.725
807.162
802.679
782.089
782.39
780.381
753.906
724.964
732.764
724.633
721.544
708.175
693.793
673.278
647.891
640.554
652.949
648.62
618.143
598.448
587.672
552.04
544.246
537.779
550.982
529.407
525.428
489.385
491.788
485.267
471.481
461.525
439.64
418.079
418.292
404.748
385.56
372.275
377.774
377.047
368.254
363.52
358.128
351.605
340.313
329.831
328.233
329.166
312.079
294.482
306.185
299.037
292.838
284.733
289.233
300.037
269.158
246.068
261.26
265.13
245.24
241.196
242.999
236.441
228.347
226.759
248.953
240.894
248.99
248.877
232.783
244.046
214.866
203.077
213.468
213.126
224.024
221.562
232.254
238.489
222.603
207.31
224.7
226.487
221.591
224.614
221.919
215.375
221.069
213.518
215.624
210.933
217.428
212.229
215.431
216.516
235.209
225.825
210.74
195.016
210.405
233.164
214.871
203.294
208.393
203.967
208.772
197.065
184.576
178.873
183.275
170.485
151.501
139.189
132.097
121.38
125.383
126.721
103.433
88.0626
87.9617
97.1919
81.2007
79.0258
60.2373
60.6583
65.8513
72.0694
58.4778
45.9304
25.3545
5.83019
1.43646
-11.7284
-9.02614
-15.7925
-22.7818
-34.5114
-45.5056
-58.2549
-58.3539
-47.3023
-68.0839
-91.1841
-101.18
-100.304
-108.197
-119.449
-125.833
-141.006
-151.096
-159.396
-180.981
-202.851
-183.755
-187.489
-205.569
-229.385
-241.273
-249.921
-263.917
-257.306
-275.088
-302.527
-298.322
-304.323
-320.51
-330.531
-343.325
-343.22
-349.91
-358.629
-368.917
-390.14
-398.532
-393.898
-409.592
-417.191
-425.492
-411.011
-427.592
-457.066
-474.559
-473.082
-495.97
-493.898
-513.778
-538.677
-565.752
-580.805
-590
-591.195
