-687.201
-804.498
-802.795
-806.009
-793.213
-803.421
-788.626
-792.469
-788.364
-802.16
-810.955
-794.359
-793.664
-803.946
-810.342
-804.104
-801.804
-805.865
-802.869
-797.265
-792.669
-791.303
-798.099
-797.698
-813.294
-815.082
-804.685
-792.6
-805.6
-793.878
-790.081
-799.85
-807.846
-804.257
-805.459
-808.844
-805.44
-808.211
-792.52
-789.489
-799.788
-797.359
-792.861
-796.525
-794.323
-810.417
-799.613
-802.609
-803.409
-799.352
-787.155
-790.673
-796.176
-796.019
-805.412
-806.569
-805.271
-807.75
-822.448
-800.513
-786.824
-792.384
-814.076
-796.939
-794.042
-799.769
-793.67
-786.713
-802.109
-801.109
-791.513
-806.11
-800.306
-792.818
-781.525
-790.251
-809.142
-792.765
-805.567
-808.123
-798.823
-793.616
-801.416
-788.389
-802.29
-791.513
-780.319
-797.953
-798.943
-810.507
-793.812
-801.038
-803.737
-795.708
-785.311
-795.626
-806.82
-806.691
-797.496
-792
-794
-797.098
-787.099
-796.439
-799.038
-786.173
-777.578
-776.119
-781.021
-784.218
-795.51
-794.871
-783.677
-786.224
-789.722
-779.229
-779.735
-773.595
-779.393
-768.793
-767.101
-761.671
-774.071
-755.488
-743.095
-754.854
-755.149
-747.966
-742.174
-740.354
-737.958
-732.603
-719.108
-718.311
-714.914
-710.172
-700.077
-701.155
-695.26
-693.832
-679.543
-663.378
-669.182
-675.223
-660.625
-656.128
-641.339
-635.549
-619.76
-616.731
-607.337
-593.749
-588.957
-584.484
-590.892
-554.334
-532.656
-523.119
-521.125
-516.076
-506.287
-487.681
-455.999
-449.698
-452.409
-432.966
-421.875
-412.925
-396.84
-370.42
-351.737
-333.222
-315.341
-300.354
-296.163
-274.826
-265.64
-241.588
-226.11
-204.244
-192.559
-161.23
-147.056
-102.36
-93.9838
-67.738
-33.9594
-25.4345
16.0336
61.4888
113.643
140.775
145.656
176.383
207.154
253.145
303.697
332.744
371.115
403.357
456.409
512.684
542.04
586.275
635.232
664.474
702.547
728.471
765.131
801.041
840.503
874.026
912.498
942.019
983.382
1018.8
1063.76
1105.85
1143.51
1173.61
1197.58
1240.06
1288.51
1344.08
1389.23
1453.51
1486.65
1534.22
1567.09
1605.95
1664.4
1717.63
1769.38
1812.68
1841.75
1895.07
1951.91
2012.07
2045.82
2105.81
2146.67
2198.59
2241.14
2283.48
2328.43
2363.26
2386.04
2405.63
2420.32
2437.12
2475.79
2496.69
2516.36
2552.92
2585.39
2615.72
2647.69
2670.15
2681.44
2713.07
2729.84
2780.06
2833.91
2890.33
2942.97
2977.05
3020.72
3088.58
3151.7
3231.46
3311.09
3382.2
3457.13
3536.36
3623.88
3715.52
3791.94
3874.23
3975.84
4044.35
4133.07
4217.88
4293.61
4397.19
4521.78
4623.86
4725.36
4800.28
4871.21
4960.24
5058.14
5159.25
5262.46
5363.29
5502.96
5600.07
5699.88
5765.8
5824.94
5936.82
6067.99
6146.77
6216.1
6287.6
6364.53
6459.62
6542.64
6610.61
6683.13
6757.25
6776.11
6858.85
6967.96
7049.65
7134.77
7211.81
7288.94
7374.41
7469.52
7583.64
7685.73
7747.96
7810.11
7904.17
8029.65
8161.16
8289.53
8387.5
8490.51
8578.77
8680.68
8818.84
8983.58
9090.4
9163.72
9258.89
9362.4
9480.93
9609.7
9679.46
9724.63
9792.66
9898.06
9963.04
10025.2
10090.4
10205.4
10225.5
10238
10272.5
10325
10339.9
10322.2
10347.9
10416.3
10431.9
10419.8
10412.2
10412.9
10410.9
10409.2
10404.6
10395.2
10364.9
10319.6
10318.2
10345.1
10324.8
10267
10265.5
10316.9
10339.8
10357.4
10352.2
10347.2
10402.9
10464.3
10529.8
10608.3
10659.9
10692.8
10721.9
10739.8
10797.7
10885.3
10991.6
11119.1
11195.1
11276.1
11399
11544.7
11690.6
11790.6
11942.4
12113.7
12284.4
12478.1
12635.8
12787.6
12975.2
13184.9
13351.8
13503.5
13577.5
13617.3
13734.3
13891.7
13974.9
14014.6
14029.7
14057.6
14079.1
14101.7
14153.1
14246.4
14305.7
14352.9
14340.8
14320.9
14369.8
14475.4
14555.3
14586.8
14632.7
14693.4
14744.4
14809.9
14854.7
14901.3
14945.1
14983.5
15039.1
15126.7
15197.5
15248.5
15265.2
15269.4
15284.2
15292.5
15343
15422.9
15480.9
15498.7
15560.2
15630.4
15701.7
15746.8
15808
15875.2
15939.6
16007.5
16058.5
16094.4
16136.5
16202.6
16239.4
16267.9
16280.8
16281.2
16299.9
16343.2
16394.6
16427.8
16462.9
16501
16540.4
16565.9
16604
16668.1
16734.6
16810.8
16848.3
16843.3
16884.6
16988.5
17036.3
17063.5
17099.6
17152.7
17213.7
17265.9
17306.1
17305.9
17340.1
17433
17471.7
17468.5
17477.2
17481.1
17493.1
17498.4
17480.8
17443.9
17429
17453.8
17481.4
17477.4
17457.1
17405.8
17419.8
17463.1
17481.9
17489.7
17542.8
17601.3
17681.3
17743.8
17811.1
17892.1
17995.8
18095.2
18173.5
18328.9
18300.4
18431.4
18543.9
18665.8
18771.4
18909.8
19050.1
19209.6
19356.8
19514.9
19685.1
19836.3
20009.3
20210.3
20415.3
20612.1
20783.9
20946.8
21143.8
21373.5
21572.8
21725.8
21902.8
22082.7
22239.4
22375.9
22502.8
22588.3
22710.4
22840.7
22930.6
22983.3
23040.2
23091
23144.1
23202.3
23207.4
23191.1
23173.4
23145.6
23155.2
23197.9
23208
23191.5
23178.9
23217
23207.1
23163
23149.6
23179.1
23185.2
23180.2
23188.6
23184.8
23188.5
23203.5
23221.3
23230.7
23225.2
23161.7
23160.9
23226.5
23302.9
23343.6
23373
23407.5
23460.7
23508.6
23576.1
23666.9
23747.5
23856.7
23947.5
24028.8
24083
24098.4
24155.1
24203.9
24253.3
24299.1
24302.5
24240.2
24226.8
24226.7
24213.4
24153.7
24056
23942.4
23796.5
23665.7
23489.4
23279.8
23114.5
23005.2
22819.8
22540.7
22300.5
22124
21929.6
21700.2
21474.3
21269.5
21025.5
20755.1
20500.5
20251.2
20017.9
19809
19589.4
19329.3
19111.1
18968.4
18791.5
18570.1
18356.8
18134.9
17956.2
17813.2
17682.4
17548.7
17436.6
17326.5
17252.6
17190.2
17138.9
17140.4
17140.8
17143.2
17148.1
17159.9
17159.3
17142.3
17155
17238.5
17279
17252.4
17248.8
17311.3
17347.1
17365.9
17387.2
17377.8
17380.9
17423.8
17459
17521.7
17563
17591.8
17628.2
17702.1
17751.2
17740.3
17766.5
17852.3
17951.6
18001.3
18043.2
18061.8
18085.9
18126.3
18176.2
18250.6
18278.9
18248.6
18266.9
18325.5
18382
18456.6
18497.5
18445.7
18408.1
18402.1
18397.4
18374.2
18358.2
18317.2
18284.8
18243.5
18203
18129.8
18085.7
18060.4
18051.4
17973.2
17920.4
17887.1
17818.4
17777.4
17731
17693.9
17646.9
17565.3
17508.9
17468.5
17397.4
17259
17117.7
16996.5
16865.5
16779.3
16688.6
16545.5
16398.1
16208.4
16056.4
16021.2
15945.2
15834.8
15730
15640.3
15568.6
15542.3
15501
15472.2
15448.3
15465.5
15491.5
15546.9
15601.4
15641
15698.3
15792.6
15888
15962.2
16074.5
16211.5
16370.7
16497
16618.3
16767.6
16917.1
17083.3
17250.4
17393.8
17532
17630.9
17757.5
17913.1
18095.7
18251.6
18407.8
18529.5
18638.3
18711.1
18795.7
18889.7
18977.4
19027.6
19072
19146.8
19201.4
19237.5
19265.6
19238.8
19216.3
19203.5
19188.1
19157
19133
19071.4
19020.8
18958.1
18903
18870.1
18815
18713.8
18609.3
18495.1
18401.7
18320.9
18231.4
18143.8
18052.3
17960.4
17879.2
17811.3
17748.6
17705.9
17627.5
17554.5
17481.6
17404.6
17337.5
17318.5
17279.1
17201
17126.6
17090.8
17047.5
16985.3
16945.9
16964.7
16938.6
16875.6
16811.1
16834.7
16837
16782.7
16725.1
16649.3
16579.4
16572.5
16554
16515.6
16497.8
16485.2
16453.2
16404.8
16381.9
16297.6
16240.6
16206.6
16159
16134.4
16087.7
15974.1
15878.5
15873.5
15866.6
15799.9
15729.8
15655.1
15554.3
15429.2
15317.5
15251.8
15172.7
15080
14975.3
14893.6
14796.1
14672.2
14547.3
14442.6
14346.4
14223.6
14090.8
13964.5
13853.8
13775.9
13669
13569.2
13458.4
13304.1
13129
13043.4
12925.3
12843.6
12748.9
12624.8
12508.9
12404.8
12307.1
12264.3
12200.2
12087.9
11982.5
11901.4
11810.8
11693.7
11586.7
11513.8
11442.7
11383.6
11325.3
11276.3
11227.8
11148.6
11068.6
11016.3
10944.9
10873.5
10799.4
10733
10679.7
10629.9
10588.6
10591
10576.9
10503.6
10449.3
10421.7
10386.2
10352.2
10329.5
10363.9
10363
10340.5
10308.7
10252.3
10234
10255.6
10292
10329.4
10349.3
10326.1
10290.8
10278.1
10268.4
10297.9
10320.3
10311.9
10292.8
10309.8
10329.2
10295.1
10258.5
10245.4
10222
10235.3
10238.3
10220.1
10194.9
10222.2
10244.8
10259.8
10251.3
10282.9
10307.3
10294.7
10292
10274.9
10260.5
10221.7
10173.1
10132.1
10076.3
10039.2
10005.7
9944.64
9865.64
9771.13
9687.62
9662.45
9627.66
9532.16
9434.88
9324.38
9223.62
9162.58
9112.02
9052.07
9002.33
8884.64
8789.26
8744.2
8698.55
8608.53
8523.04
8484.18
8441.88
8341.58
8234.42
8175.38
8106.94
8039.31
7968.57
7928.41
7884.71
7819.87
7764.98
7654.39
7542.86
7473.02
7411
7273.93
7138.13
7112.26
7074.54
6968.65
6864.71
6751.82
6638.65
6566.94
6472.25
6359.06
6240.37
6140.57
6043.52
5925.73
5829.57
5744.05
5647.82
5544.23
5431.48
5350.26
5274.52
5166.62
5071.64
4970.74
4868.48
4799.95
4720.42
4649.79
4592.13
4510.6
4436.85
4338.04
4262.56
4206.52
4136.96
4009.17
3900.53
3792.83
3709.93
3573.36
3431.73
3272.48
3125.19
2912.29
2707.4
