60.8123
88.1855
115.559
119.889
124.185
119.72
115.224
113.61
112.012
110.81
109.611
103.86
98.0655
108.766
119.655
111.224
102.532
109.385
116.478
116.207
115.808
110.606
105.312
103.048
100.851
105.973
111.267
105.751
99.9563
103.494
107.29
106.818
106.218
110.847
115.642
110.293
104.598
103.436
102.437
102.496
102.596
98.9508
95.1545
100.654
106.548
103.644
100.347
101.918
103.716
105.133
106.532
108.596
110.694
107.764
104.568
99.8562
95.0609
99.2398
103.935
106.085
108.083
106.13
103.932
104.551
105.35
105.587
105.787
104.772
103.673
101.734
99.7361
99.9724
100.372
100.4
100.4
99.1021
97.7035
102.41
107.605
100.43
92.2384
97.8639
104.657
100.604
95.6089
100.061
105.356
102.413
98.717
95.4773
92.2805
92.2734
92.5731
96.5105
100.806
99.0221
96.6244
90.5142
84.0206
92.7968
103.187
104.11
104.01
101.391
98.4939
95.1479
91.7512
93.908
96.7052
101.916
107.41
103.541
98.5459
101.292
104.989
102.292
98.7958
99.8174
101.416
101.07
100.47
96.431
91.9354
87.5278
83.1321
92.9614
104.75
98.7529
90.2612
86.053
82.4565
85.4016
89.2978
95.9788
103.072
101.395
98.398
97.5668
97.0673
97.9508
99.0497
98.2513
97.1524
93.6442
89.748
94.4369
100.531
102.085
102.884
101.291
99.2927
98.3179
97.5187
99.0163
100.914
99.3328
97.1349
99.0016
101.599
99.4656
96.4685
98.4442
101.341
100.286
98.4881
93.6697
88.275
87.9859
88.6852
89.635
90.634
92.4661
94.4641
99.0386
104.134
96.3769
85.9871
88.1705
92.9658
97.2659
101.462
101.871
101.471
100.414
99.2156
100.884
103.182
99.2678
93.973
95.7725
99.1691
101.101
102.7
99.7539
95.7578
96.5382
98.4363
103.323
108.917
109.758
109.458
105.783
101.288
105.691
112.285
114.08
114.679
111.688
107.792
108.273
109.872
115.44
122.033
124.905
126.803
126.647
125.948
124.618
123.119
124.136
125.835
124.632
122.634
125.798
130.393
134.521
138.517
131.384
121.094
120.508
122.706
128.93
136.323
140.78
144.377
143.043
140.245
141.214
143.312
146.023
148.92
147
143.604
148.367
155.66
159.149
161.447
158.358
153.563
154.519
157.316
157.245
156.246
159.914
165.109
164.222
161.325
166.89
175.282
172.396
165.702
172.045
182.835
187.755
190.652
198.292
207.583
206.083
200.788
205.665
214.157
224.487
235.476
235.027
230.432
239.803
254.289
268.994
283.779
294.637
304.028
314.507
325.396
344.677
367.155
381.192
391.981
406.296
421.981
446.635
474.807
501.763
528.237
555.996
584.268
615.387
647.656
684.466
723.128
767.099
813.253
855.456
896.016
942.066
990.419
1048.25
1110.09
1156.67
1196.73
1251.1
1311.64
1379.21
1449.84
1512.7
1572.14
1645.56
1725.18
1807.08
1890
1956.54
2015.68
2093.15
2178.96
2251.57
2318.11
2396.24
2479.76
2556.41
2629.83
2711.67
2797.49
2890.41
2986.71
3067.78
3141.5
3216.31
3291.63
3353.95
3409.9
3461.29
3510.45
3552.53
3591.09
3648.87
3716.3
3759.68
3790.85
3824.53
3859.49
3888.92
3915.5
3939.18
3961.36
3987.66
4016.14
4033.77
4045.66
4070.5
4102.27
4115.15
4117.85
4119.45
4120.45
4133.25
4152.53
4159.08
4158.58
4168.53
4184.31
4186.74
4181.64
4184.07
4190.76
4197.9
4205.29
4205.21
4200.82
4202.8
4208.49
4205.63
4197.73
4204.71
4220.5
4217.08
4202.19
4201.84
4210.23
4211.29
4207.89
4206.54
4206.44
4211.34
4219.33
4222.34
4222.24
4222.32
4222.52
4218.07
4210.68
4198.35
4182.86
4173.82
4168.92
4154.76
4134.58
4104.31
4067.45
4028.72
3988.76
3968.12
3960.33
3926.1
3874.15
3834.72
3803.75
3770.34
3735.28
3703.76
3674.69
3651.88
3633.4
3611.68
3587.7
3565.9
3545.62
3528.2
3512.81
3499.99
3489
3479.12
3470.03
3461.28
3452.79
3446.6
3442.11
3439.51
3438.31
3426.69
3407.31
3404.08
3412.97
3410.49
3399.4
3401.46
3413.55
3416.48
3412.39
3398.1
3375.92
3373.49
3386.48
3385.1
3372.41
3359.67
3346.88
3330.82
3312.14
3302.69
3300.69
3277.59
3237.33
3207.78
3187
3168.62
3152.24
3126.26
3092.29
3063.22
3038.24
3009.8
2978.43
2950.78
2926.31
2903.28
2881.5
2849.66
2809.1
2768.86
2728.9
2702.76
2688.77
2671.87
2652.39
2632.12
2611.14
2593.47
2578.79
2558.34
2532.66
2507.88
2483.9
2462.99
2444.91
2439.2
2445
2452.13
2460.52
2454.06
2433.58
2424.32
2425.71
2421.5
2411.91
2403.9
2397.4
2400.78
2413.77
2418.54
2415.24
2401.24
2376.67
2363.9
2362.9
2350.39
2326.31
2302.39
2278.61
2258.15
2241.06
2223.54
2205.55
2184.78
2161.1
2133.9
2103.03
2072.75
2043.08
2006.19
1961.63
1931.94
1918.15
1900.76
1879.48
1856.67
1832.19
1808.29
1785.01
1762.64
1741.26
1723
1708.22
1685.38
1653.51
1627.97
1609.59
1584.3
1551.13
1512.15
1466.49
1422.97
1381.91
1335.18
1281.83
1233.07
1189.72
1149.15
1111.88
1074.67
1037.5
1000.16
962.594
927.468
895.3
869.242
850.66
825.681
792.813
768.097
753.511
739.812
727.225
714.725
702.337
688.543
672.958
664.637
665.636
663.238
656.444
653.814
656.611
653.106
641.317
640.445
654.031
670.014
689.195
707.524
724.708
742.23
760.212
790.009
835.964
883.682
933.833
994.936
1071.26
1153.83
1245.14
1342.62
1448.81
1567.79
1704.95
1859.63
2039.46
2224.71
2417.82
2612.68
2810.08
3028.68
3278.43
3524.77
3766.03
4015.3
4276.55
4528.94
4768.01
5025.31
5310.33
5577.4
5816.97
6065.01
6326.16
6578.63
6817.6
7055.28
7290.95
7506.97
7691.89
7898.59
8140.05
8374.32
8597
8819.23
9040.71
9268.52
9506.69
9746.13
9987.7
10230.6
10475.8
10736.1
11022.1
11303.7
11578.3
11853.6
12130.4
12420.9
12735.2
13035.1
13310.1
13597.9
13908
14198
14452.6
14736.5
15072.7
15371.9
15604.8
15858.8
16151.1
16439.4
16720.6
17011.5
17320.6
17621.8
17908.1
18181.2
18429.4
18686.5
18960.5
19210.2
19413.7
19637
19898.4
20169.7
20460.2
20690.1
20801.8
20943.2
21143.1
21324.9
21470.8
21604.3
21713.1
21837.2
21992.1
22125.6
22215.4
22300.5
22376.2
22417.3
22386.1
22380.8
22429.9
22475.7
22514.9
22546.1
22560.3
22569.5
22567.8
22559
22534.9
22514.9
22503.8
22483.4
22442.1
22387.7
22303.8
22199.7
22050.3
21916.4
21818.1
21730.1
21665.9
21585.9
21469.5
21351.4
21229.6
21106.5
20980.2
20861.6
20761.3
20679.8
20643.8
20606.6
20566.6
20554.1
20609.1
20643.9
20628.2
20642.3
20731
20822.3
20920.2
21025.9
21151.6
21279
21411
21555.8
21733.9
21913
22094.8
22260.5
22383.9
22535.8
22764.3
22983.6
23177.9
23372.3
23567.1
23757.3
23934.7
24104
24250.3
24409
24602.5
24775.6
24890.4
25003.7
25112.9
25214.4
25293.4
25351
25345.5
25348.2
25375.4
25392.7
25380.2
25360.8
25320.5
25288.6
25282.2
25260.1
25189.4
25113.3
25020.1
24930.5
24851.8
24767.3
24664.5
24551.4
24404.9
24263.8
24139.9
24021.9
23923.4
23837.2
23792
23731.3
23617.8
23510.6
23425.1
23328.8
23195.1
23077.1
23013.6
22955.6
22916.6
22878.5
22843.2
22810.7
22788
22753.1
22673.5
22605.2
22578.9
22547.6
22497.6
22455.3
22442.7
22420.2
22360.1
22288.6
22172.4
22085.3
22112.4
22118.5
22041.5
21970.3
21922.9
21884.5
21883.2
21857.6
21731.4
21632.1
21645.3
21629.2
21489.3
21365.9
21313.4
21254.4
21166.9
21087.3
21042.4
20977.1
20820.4
20678.8
20604.9
20529.9
20450.4
20349.8
20151.5
19967.3
19849.2
19737
19653.1
19542.6
19303.9
19095.7
19037.2
18956.1
18762.4
18573.6
18409.1
18254.9
18153.2
18044.7
17900.9
17754
17591.6
17428.3
17260.4
17104.6
17015.1
16922.7
16814.1
16703.8
16584.4
16465.4
16349.4
16234.8
16127.8
16015.6
15872.9
15733.8
15616.2
15506.7
15447.2
15390
15347.4
15295.1
15182.8
15074.9
14994.9
14914.2
14829.7
14750
14701.3
14649
14572.7
14498.3
14436.5
14376.5
14328.6
14282.2
14246.9
14214.3
14200.3
14190.5
14211.5
14224.3
14176.6
14137.8
14166.6
14191.6
14186.3
14178.3
14149.4
14121.9
14106.6
14096.9
14132.5
14165.5
14175.6
14181.8
14155.2
14129.2
14107.9
14089.3
14094.4
14096.9
14076.2
14062
14110
14152.4
14142.1
14134.7
14155.6
14172.3
14146.8
14123.9
14127.4
14130.6
14130.8
14127.8
14090.9
14053.4
14010.6
13969.7
13950.9
13924.5
13810.2
13699.3
13627.7
13553.7
13448.6
13345.1
13262.6
13177.1
13053.4
12932.4
12848.8
12761.7
12626.7
12496.1
12427.7
12357.7
12264.4
12172.9
12107.2
12038.5
11923.1
11809.7
11729.1
11650.2
11599.6
11545.6
11430
11316.8
11248.7
11179.8
11097
11014.1
10929.5
10842.1
10697.6
10555.7
10473
10388.9
10273
10157.6
10053.7
9949.21
9829.23
9708.55
9569.28
9430.62
9308.94
9187.21
9064.03
8940.73
8813.35
8685.06
8525.31
8366.5
8241.82
8117.79
8019.48
7920.07
7772.31
7625.61
7529
7432.17
7323.17
7213.73
7077.56
6942.32
6869.19
6795.7
6694.1
6592.21
6463.53
6335.19
6243.58
6151.8
6035.41
5918.77
5751.04
5583.24
5396.43
5209.6
5013.49
4817.39
