88.4034
95.996
103.588
101.306
99.008
96.312
93.6146
94.8917
96.1904
96.2
96.2
89.4701
82.6768
87.2423
91.9377
91.9014
91.8015
89.3404
86.8429
82.3816
77.886
83.2874
88.8819
91.1514
93.3493
94.6688
95.9675
90.4481
84.7536
91.4044
98.3976
93.4584
88.1636
93.4216
99.0161
90.311
81.12
83.8855
87.0824
84.6018
81.9045
87.946
94.3397
88.179
81.4855
86.2689
91.5637
85.8824
79.6885
84.2576
89.3527
88.8396
88.0403
84.8697
81.5729
83.1039
84.9021
82.5439
79.9464
78.1974
76.4991
82.5148
89.0084
86.4898
83.3928
82.2632
81.2641
84.9394
88.9355
85.4683
81.4723
83.155
85.2529
86.5148
87.7136
86.3167
84.7183
79.5121
74.0174
77.4771
81.673
87.0664
92.561
86.1979
78.8051
81.1352
84.332
84.6
84.6
84.4173
84.2175
85.567
87.0656
88.2913
89.4901
83.52
76.8266
78.9165
81.9135
79.5797
76.6825
78.113
80.0111
83.7985
87.7946
82.4549
76.0612
77.5497
79.9473
81.0044
81.9035
78.0761
73.6804
72.7551
72.2555
79.5694
87.8612
83.4844
77.4903
73.4409
69.6446
72.1988
75.5955
76.968
78.067
74.951
71.2547
75.7063
81.3008
83.7483
85.7464
83.4706
80.5734
78.4595
76.4614
73.5082
70.4113
76.6708
84.3633
84.3627
83.1639
82.655
82.2554
82.4581
82.7578
84.2595
85.9578
80.2041
73.211
76.5584
81.6534
81.8884
81.289
82.2208
83.4196
84.3638
85.2629
82.2669
78.5706
81.2102
85.0065
77.5929
68.1022
73.7476
82.2392
83.5161
83.4162
81.3075
78.81
79.3185
80.4174
79.1838
77.4854
74.0418
70.2455
78.6377
89.527
84.617
76.4251
80.1164
86.3103
88.8819
90.6801
92.8069
95.0047
89.8283
83.035
88.1757
95.9681
93.4859
88.6906
86.5797
85.0812
92.9152
102.905
102.452
99.5551
100.05
101.349
104.5
108.097
112.015
116.011
113.352
109.057
112.039
116.834
119.156
120.855
129.795
140.585
134.781
124.691
128.619
136.211
131.48
123.488
129.917
140.207
134.461
124.37
125.101
128.797
133.667
138.862
146.944
155.835
153.52
148.025
146.256
145.557
150.743
157.636
159.509
159.908
159.538
158.938
167.483
178.772
180.25
178.752
173.736
167.642
171.919
179.412
181.808
182.608
187.048
192.643
196.497
199.794
198.713
196.215
197.181
199.279
202.127
205.224
209.37
213.865
219.556
225.65
226.38
225.282
231.464
240.155
244.327
246.924
257.947
271.933
277.369
279.767
284.737
290.632
304.445
321.128
339.274
357.956
368.688
376.481
396.929
422.104
443.798
464.178
487.017
510.794
537.457
565.229
595.88
627.649
662.791
699.255
741.158
785.214
832.411
880.864
927.608
973.663
1028.59
1087.13
1153.32
1222.65
1281.89
1336.93
1401.48
1470.02
1544.66
1621.88
1712.26
1808.27
1876.98
1933.93
2026.37
2134.26
2229.18
2318.39
2426.22
2542.31
2642.31
2735.12
2843.42
2958.7
3063.15
3162.65
3264.34
3367.04
3487.96
3617.33
3739.22
3857.61
3970.02
4079.61
4181.15
4278.86
4381.22
4485.81
4587.52
4687.82
4769.41
4841.84
4909.93
4975.86
5038.4
5099.24
5166.46
5236.89
5276.5
5300.48
5327.63
5356.4
5406.06
5466.5
5521.29
5573.14
5602.72
5620.6
5632.94
5642.33
5656.08
5672.16
5684.29
5694.28
5702.78
5710.47
5714.17
5715.67
5715.81
5715.21
5689.61
5650.05
5665.59
5712.14
5730.78
5733.58
5743.56
5757.64
5750.64
5731.46
5737.47
5758.15
5753.78
5734.7
5736.2
5749.88
5731.92
5695.05
5690.68
5705.86
5710.73
5709.33
5706.63
5703.13
5717.86
5743.83
5738.41
5713.43
5711.59
5724.28
5739.66
5756.74
5735.95
5691
5677.9
5685.29
5656.39
5603.94
5555.66
5510.1
5467.74
5427.48
5369.45
5299.62
5254.31
5225.44
5163.54
5079.32
5034.92
5017.64
4981.52
4932.47
4897.23
4871.55
4841.82
4809.25
4788.29
4775.51
4773.12
4778.12
4764.06
4736.39
4706.63
4675.36
4650.92
4631.44
4626.49
4632.18
4623.39
4603.91
4599.89
4607.39
4609.57
4607.77
4602.05
4593.36
4592.26
4596.96
4591.99
4579.61
4572.74
4570.14
4573.21
4580.7
4581.87
4578.08
4555.51
4518.05
4492.35
4476.07
4456.58
4434.5
4400.73
4357.48
4323.56
4297.28
4262.36
4220.3
4178.62
4137.27
4089.6
4036.66
3989.99
3948.63
3922.1
3908.22
3869.39
3809.15
3768.78
3745.6
3717.3
3684.53
3648.1
3608.43
3574.55
3545.77
3515.79
3484.72
3471
3472.9
3460.13
3434.06
3409.96
3387.69
3368.37
3351.79
3336.45
3322.26
3322.26
3335.55
3336.09
3324.6
3330.16
3351.94
3349.85
3324.87
3326.32
3353.29
3351.47
3321.6
3300.6
3288.31
3282.35
3282.65
3271.04
3247.57
3216.81
3178.75
3138.8
3096.94
3061.96
3033.98
3005.17
2975.5
2944.75
2912.88
2878.38
2841.11
2801.32
2758.86
2715.53
2671.28
2641.5
2627.21
2593.94
2540.19
2502.29
2481.61
2466.51
2457.52
2427.92
2375.57
2345.68
2340.79
2311.97
2256.33
2211.61
2179.24
2138.42
2087.97
2029.8
1962.76
1901.61
1847.26
1792.5
1737.26
1669.7
1587.69
1518.28
1463.84
1413.08
1366.72
1323.36
1283.6
1237.65
1184.21
1145.36
1124.38
1097.63
1063.77
1034.04
1009.47
986.798
966.517
951.138
941.947
936.492
935.793
930.893
920.603
911.489
903.897
901.421
905.617
904.071
894.98
898.911
920.09
936.991
948.18
972.059
1013.02
1058.01
1108.46
1157.01
1202.96
1270.42
1367.52
1467.05
1569.95
1687.79
1826.55
1982.87
2164
2354.02
2556.72
2781.74
3038.79
3309.76
3600.87
3892.84
4186.05
4485.57
4794.37
5118.82
5466.48
5812.45
6155.92
6490.62
6812.1
7128.47
7437.07
7750.2
8070.29
8361.68
8608.74
8859.47
9115.92
9367.89
9612.85
9865.9
10131.7
10398.3
10665.9
10931.6
11194.3
11446.8
11683
11938.9
12227.1
12527.3
12847.2
13169.7
13496.6
13825.4
14157.6
14485.6
14806.4
15125.9
15443
15773.5
16127.2
16471
16797.8
17121.3
17439
17759.6
18085.2
18423.5
18784
19130.6
19452.2
19761
20046.7
20363.3
20736.1
21097.2
21436.5
21749.2
22012.4
22300.1
22633.9
22950.1
23233
23483.4
23671.9
23898.9
24199.8
24482.8
24731.1
24972.5
25200.6
25391.3
25508.3
25647.7
25832
25986.8
26082.8
26166.2
26224.5
26284.4
26347.7
26415
26490.3
26545
26556.8
26565.6
26568.1
26564.7
26548.7
26535.9
26530
26541.6
26591
26611
26567.1
26515.9
26448.5
26382.6
26320.2
26238
26111.7
25960.3
25752
25568.2
25440.5
25288.6
25081.1
24871.3
24656.5
24461.7
24314.3
24185.1
24099.4
23999.9
23867.2
23777.5
23791.3
23795.1
23774.1
23787.3
23884.4
23971.3
24033.1
24094.7
24156.3
24259.9
24469.9
24657.6
24788.5
24942.2
25155.1
25383.4
25651.6
25903.8
26113.7
26332.2
26573.7
26817.3
27066.8
27314.6
27558.2
27802.6
28049.4
28274.4
28439.2
28620.4
28847.4
29047.5
29171.8
29293.6
29408.3
29519.1
29618.9
29723.6
29842.4
29938.2
29966.7
29960.1
29849.2
29761.8
29745.1
29729.1
29714.9
29694
29652.5
29595.6
29490.8
29384.8
29275.1
29157.6
29015.1
28878.7
28761.5
28650.3
28558.3
28448.2
28279.2
28117
27977.3
27851
27769.6
27686.1
27595.2
27509.2
27439.2
27362.4
27261.7
27158.3
27045.8
26956.1
26947.3
26921.6
26835.8
26754.1
26687.4
26626
26584
26542.6
26503.3
26452.2
26357.4
26280.7
26272.4
26255.5
26205.5
26151.8
26083.3
26018.2
25966.1
25915.8
25873
25831.6
25795.2
25754.7
25697.1
25630.9
25528.7
25441.7
25418.5
25384.5
25304.2
25226.8
25161.5
25077.7
24913.9
24760
24649.9
24540.1
24431.5
24315.2
24164.2
24022.1
23921.1
23796.1
23559.7
23347.1
23246.4
23123.6
22895.2
22679.3
22523.4
22372
22242.2
22092.6
21844.6
21609.8
21441.8
21268.2
21065.4
20872.3
20729.8
20577.5
20374.2
20185.2
20072.8
19961.4
19855.9
19749.8
19640.5
19524.1
19368.3
19215.8
19082.8
18952.6
18839.3
18726.5
18616.5
18505.3
18386.8
18272.3
18181.7
18091.8
18006.4
17920.4
17830.6
17731.3
17571.8
17426.7
17373.5
17315.1
17222.5
17136.7
17096.5
17056.6
17019.5
16980.8
16932
16885.3
16853.7
16825.8
16824.2
16822.1
16816
16812
16823.8
16830.4
16797.5
16770.4
16788.2
16811.9
16882.1
16940.2
16900.3
16866.3
16879.9
16888.3
16853.5
16820.7
16805
16789
16771.9
16757.3
16764.4
16771.4
16777.4
16785
16808.2
16830.1
16839.7
16851.4
16883.4
16913.5
16923.7
16927.8
16870
16813.5
16770.7
16724.6
16642.8
16561.4
16485
16408.6
16332.1
16252
16128.2
16006.3
15907.2
15808.2
15710.7
15607.9
15438.6
15274.4
15177.3
15079
14964.9
14852.3
14762.7
14669.8
14529.7
14394.3
14327.4
14257.1
14136.5
14018.6
13945.9
13871
13760.5
13650.4
13546.8
13444.6
13367.7
13289.2
13180.9
13071.2
12934.7
12797.4
12642.8
12489.6
12364.9
12240.8
12131.7
12019.9
11847.6
11676.1
11525.5
11375.7
11248
11118.4
10936.6
10756.1
10613.4
10470.3
10314.5
10158.7
10004.5
9850.71
9713.84
9576.28
9413.34
9251.57
9136.08
9019.72
8865.67
8712.53
8602.64
8492.34
8360.27
8228.23
8098.26
7968.53
7855.04
7741.7
7639.6
7537.49
7434.69
7331.49
7183.84
7035.8
6832.8
6629.68
6402.6
6175.4
5905.36
5635.3
5343.09
5050.88
