122.997
116.303
109.61
108.104
106.605
107.994
109.392
106.518
103.621
102.509
101.41
99.8165
98.2181
104.62
111.114
102.427
93.5354
97.4336
101.529
104.938
108.335
107.322
106.223
101.31
96.3152
96.3952
96.595
97.6714
98.7703
105.604
112.597
109.502
106.105
104.838
103.639
103.6
103.6
103.696
103.796
107.553
111.449
101.901
91.8107
101.846
112.735
103.062
92.4725
95.7223
99.6185
99.8
99.8
98.089
96.2908
99.4251
102.822
102.527
102.027
102.756
103.555
103.506
103.406
95.6859
87.4939
93.6653
100.758
98.8579
96.3604
97.6958
99.2942
100.146
100.945
96.4383
91.5431
95.9378
101.033
95.6524
89.4584
93.1628
97.6584
94.3075
90.3114
90.0921
90.192
89.6485
89.049
93.5862
98.5813
95.2473
91.1513
93.4486
96.3458
95.4152
94.1165
92.5449
90.9465
87.0794
82.9834
88.2141
94.408
92.8315
90.4338
92.2736
94.5714
93.9903
93.0912
93.1795
93.3793
90.7129
87.7158
87.0425
86.6429
88.116
89.8144
86.5296
82.6334
88.1488
94.8422
91.3476
86.5523
89.5358
93.5319
94.6174
95.3167
92.0558
88.2595
90.8733
94.3699
96.8151
99.1128
95.9033
91.9072
96.7205
102.814
100.38
96.6836
90.7297
84.4358
84.1198
84.7192
86.8745
89.2721
89.4275
89.2277
92.3837
96.0801
97.5443
98.6433
90.6627
81.172
80.3127
80.9121
83.8137
87.1104
88.876
90.3745
87.5446
83.9481
83.7387
84.1383
85.2982
86.5969
86.8843
86.9842
85.7386
84.2401
83.9161
83.8162
86.1435
88.9408
90.1515
91.0506
91.1167
91.0168
92.7453
94.8432
96.7754
98.6735
93.3751
86.5818
90.1863
95.9806
94.5302
91.5331
93.6282
96.825
97.0722
96.6726
96.7635
96.9633
95.6953
94.0968
95.8337
98.3312
97.3392
95.541
95.2
95.2
99.238
104.233
108.825
113.321
111.226
107.53
115.459
126.248
121.522
112.93
113.912
117.309
126.834
137.923
131.07
119.581
128.921
143.706
142.534
137.139
130.878
124.384
133.219
146.206
140.61
129.92
137.22
149.508
150.327
147.93
150.824
155.22
155.656
154.957
157.975
162.071
164.699
166.897
161.391
153.598
155.488
160.284
161.093
160.694
162.053
163.951
169.128
175.322
180.527
185.422
184.476
181.678
182.438
184.336
186.234
188.132
193.869
200.863
203.651
205.05
211.69
220.082
216.075
207.883
218.762
236.145
237.256
232.761
232.489
233.688
243.312
255.9
260.084
261.283
274.024
290.908
297.819
301.116
313.846
330.03
348.038
366.719
381.401
394.588
410.314
426.997
449.396
473.972
502.444
532.415
553.104
570.187
607.29
652.246
693.838
734.099
765.582
793.554
836.97
886.622
951.958
1023.69
1081.9
1134.55
1180.35
1223.31
1291.53
1370.36
1445.74
1519.67
1596.11
1673.64
1751.37
1829.19
1925.32
2029.42
2128.11
2224.41
2329.85
2439.35
2525.99
2602.42
2719.04
2853.8
2950.62
3030.14
3153.73
3297.59
3406.11
3498.22
3604.14
3716.53
3831.43
3947.51
4062.65
4177.34
4283.06
4384.46
4478.53
4569.04
4652.18
4731.7
4819.58
4911.59
4991.13
5064.46
5126.82
5183.66
5237.26
5289.21
5342.48
5396.43
5419.34
5426.24
5450.41
5483.57
5534.95
5595.89
5633.91
5659.78
5665.22
5659.72
5673.96
5698.84
5710.51
5715.01
5726.53
5741.92
5738.2
5723.92
5724.38
5733.07
5724.44
5706.05
5714.82
5739
5774.67
5816.93
5808.58
5771.02
5765.34
5778.23
5780.92
5777.63
5758.45
5729.88
5734.71
5759.49
5754.39
5731.32
5727.26
5734.75
5746.34
5760.42
5770.12
5777.12
5775.86
5769.46
5771.42
5778.61
5766.65
5742.58
5719.6
5697.32
5670.18
5639.91
5627.94
5627.84
5595.73
5542.68
5498
5458.84
5402.69
5335.26
5284.75
5245.59
5198.86
5147.01
5103.72
5066.25
5032.46
5001.19
4963.49
4921.33
4889.82
4865.74
4835.86
4801.9
4784.94
4780.04
4774.85
4769.46
4741.54
4697.38
4678.34
4677.54
4676.51
4675.31
4660.72
4636.24
4618.35
4605.37
4593.98
4583.79
4580.14
4581.44
4578.65
4572.76
4572.63
4576.92
4575.76
4570.36
4576.58
4591.87
4581.66
4551.39
4539.11
4541.11
4518.69
4476.73
4439.03
4404.76
4374.08
4346.3
4321.5
4299.12
4276.91
4254.83
4216.28
4164.03
4126.13
4100.25
4052.07
3985.04
3935.54
3900.97
3858.02
3807.87
3768.11
3737.34
3711.69
3690.51
3666.09
3638.81
3598.72
3547.27
3508.44
3480.86
3461.07
3448.28
3432.77
3414.79
3394.72
3372.74
3347.44
3319.06
3305.71
3306.31
3299.43
3285.54
3279
3279.4
3270.43
3252.55
3248.9
3258.89
3261.26
3256.26
3252.89
3251.09
3240.57
3221.49
3205.32
3192.03
3179.5
3167.71
3146.7
3116.43
3093.06
3076.68
3049.22
3010.46
2966.92
2918.46
2882.42
2859.24
2826.34
2783.29
2744.02
2708.76
2664.09
2609.45
2573.04
2556.16
2528.32
2488.66
2461.35
2447.46
2427.8
2401.83
2367.69
2324.53
2286.48
2254.11
2219.67
2182.91
2148.53
2116.87
2069.23
2003.39
1946.48
1899.83
1844.61
1779.47
1712.95
1644.82
1580.96
1522.11
1462.77
1402.83
1345.53
1291.38
1243.44
1202.98
1163.92
1126.56
1089.73
1053.57
1015.12
973.864
943.65
927.167
908.244
886.265
869.541
859.451
848.965
837.976
827.293
817.003
811.113
810.913
809.586
806.788
810.51
822.798
828.725
826.228
831.217
846.202
863.487
883.867
916.201
964.753
1010.18
1051.34
1109.22
1190.14
1280.88
1385.28
1494.63
1610.91
1749.11
1918.24
2097.97
2292.78
2506.99
2749.05
2994.91
3246.26
3517.32
3817.13
4127.08
4451.96
4780.26
5113.64
5459.98
5825.72
6176.44
6504.52
6819.08
7113.09
7431.57
7787.52
8115.99
8402.01
8704.36
9032.13
9311.53
9514.93
9763.84
10084.8
10369.3
10595.6
10842.6
11122.8
11411.7
11714.6
12001.5
12262.2
12542.1
12853.7
13168.5
13488.6
13811.9
14140.7
14484.6
14853.9
15223.9
15595
15953.7
16290.7
16637.2
17000.2
17359.5
17712.6
18051.2
18364.4
18698.4
19069.5
19430.4
19773.2
20122
20481.8
20835.3
21177.2
21512.9
21837.3
22171.2
22522.9
22867.7
23199.8
23503
23751.5
24012.3
24296.6
24568
24815
25061.7
25308
25550.9
25787.3
26040.4
26326.6
26556.3
26673.3
26787.6
26896.7
27010.5
27133.8
27229.1
27267
27333.4
27458.3
27536.6
27517.5
27514.8
27546.5
27552.8
27505.3
27484.2
27519.5
27565.1
27633
27652.4
27566.1
27493.9
27452.6
27408.9
27359.8
27291.7
27181.2
27073.4
26971.7
26844.6
26659.5
26478.6
26307.7
26120.2
25894.1
25687.9
25528.5
25382
25266
25165.7
25103.1
25022.5
24898.7
24822.9
24863.7
24902.3
24935.3
24964.5
24984.5
25037.6
25173.8
25300
25400.9
25522.3
25696
25875.8
26071.6
26271
26480.1
26695.8
26928.8
27164.7
27408.1
27645.3
27866.2
28092.4
28333.1
28555.3
28727.1
28921.1
29176.9
29412.2
29590.4
29772.6
29965.9
30156.1
30337.7
30494.5
30580.2
30659.3
30719.1
30793.3
30909.6
30972.2
30875.3
30807.2
30825.6
30821.9
30751.5
30663.8
30523.1
30402.3
30343
30288.1
30247
30184.8
30056
29921.4
29768.5
29608.9
29427.4
29268.2
29182.2
29088.2
28967.8
28835.9
28665.1
28516.2
28441
28362.7
28274
28185.6
28098.4
28012.5
27931.1
27855.6
27801.3
27743.7
27674.6
27607.6
27548.3
27492.4
27448.5
27396.1
27312
27227.7
27142.7
27077.1
27085.2
27070.8
26970.1
26881
26836.9
26789.5
26729
26664.4
26584
26524.8
26550.7
26552.7
26456.7
26356.1
26236.5
26137.6
26125
26087.9
25947.1
25826.8
25793.8
25744.3
25623.1
25497
25349.3
25209.6
25105.8
25004.2
24912.9
24804
24614.6
24430.2
24269.1
24105.9
23933.5
23757.4
23564
23372.3
23188.8
23004.4
22816
22624.1
22414.6
22216.8
22078.2
21936.2
21777.6
21617.4
21449
21290.1
21180.6
21058.9
20871.6
20687
20516.7
20350.7
20208.8
20069
19941.4
19809.1
19649.8
19499
19397.4
19289.4
19144
19003.1
18888.8
18784
18736.5
18676.2
18537.6
18402.6
18289.9
18181.3
18098.6
18015.7
17931.8
17846.8
17754.9
17670
17631.6
17585.7
17488.8
17407.5
17433.3
17440.8
17318.7
17213.5
17229.4
17241.8
17228.9
17217.6
17217.5
17217.6
17219.4
17221.6
17226.4
17232.6
17249.1
17261.8
17243.6
17232.2
17276.2
17313.8
17297.5
17279.7
17249.8
17219.2
17182.2
17146.9
17126.2
17110.5
17139.4
17160.9
17112.8
17076.3
17151
17216.1
17187.3
17163.1
17184.1
17206
17237.9
17262.5
17211.2
17156.8
17070.2
16988.5
16961.6
16928.2
16822.3
16719
16645.6
16564.6
16392.3
16227.3
16151.2
16071.2
15940.5
15810.4
15688.1
15567.8
15475.8
15381.2
15251.3
15122
14999.6
14876.5
14742.9
14611.8
14517.2
14422.6
14326.5
14233.9
14198.4
14156.2
14002.6
13852.2
13759.3
13664.8
13541
13419
13330.7
13241.3
13130.2
13017.9
12882
12745.6
12599.6
12453.7
12309.4
12164.9
12012.6
11861.1
11728.8
11596.3
11462.7
11328.1
11168.3
11008
10833.9
10660.3
10500.7
10340.7
10170.5
10000.9
9854.46
9707.95
9559.3
9410.63
9261.48
9112.98
8995.49
8877.6
8738.34
8599.46
8482.97
8366.64
8260.64
8154.35
8024.97
7895.78
7783.19
7670.16
7507.02
7343.88
7180.74
7017.41
6816.41
6615.19
6344.16
6073.14
5813.19
5553.25
