55.5982
51.702
47.8059
50.8923
53.9892
49.8187
45.6228
47.4878
49.386
45.9292
42.4327
48.3381
54.3322
53.9061
53.4066
47.0911
40.6973
37.7469
34.8498
43.5385
52.4298
54.6578
56.7557
50.4434
43.9498
46.3375
48.935
48.8052
48.6054
48.6
48.6
46.4658
44.2679
43.0382
41.8394
45.7614
49.8574
50.8678
51.7669
52.2811
52.7806
52.0317
51.2325
47.6541
43.9577
48.9646
54.3593
50.9731
47.1768
46.7142
46.4145
45.7346
45.0353
46.8023
48.7004
45.5815
42.1848
45.5897
49.386
49.5057
49.4058
46.86
44.1626
42.1224
40.1244
44.4967
49.292
51.3762
53.2744
54.6128
55.9115
55.1621
54.263
47.1396
39.5471
43.7279
48.8229
47.6274
45.929
49.4002
53.2963
49.4548
44.9592
48.4606
52.6565
50.982
48.7842
43.932
38.837
45.1586
52.5514
49.4634
45.3674
46.6369
48.4352
45.5146
42.118
42.1622
42.5618
36.9077
30.6138
35.8603
42.3539
45.429
48.1263
41.6675
34.1748
44.3276
56.5157
54.7612
51.3646
46.7194
41.9241
41.6669
41.9666
42
42
40.1396
38.0416
33.2034
28.0085
34.2796
42.072
40.8879
38.4902
40.483
43.0805
38.406
32.7116
38.7311
46.4236
45.4811
43.2833
38.9968
34.4013
34.321
34.9204
37.0792
39.4769
37.2068
34.2098
38.1984
43.2934
49.0768
54.971
44.1242
30.5375
34.1676
40.6612
38.0961
34.0002
37.8337
43.0286
45.4163
47.3144
45.9874
44.0893
40.1589
35.8631
40.6068
47.0005
45.05
41.5534
38.8978
36.4002
36.1678
36.3676
37.9065
39.7048
38.497
36.6987
39.399
42.9955
39.4445
34.4494
32.5221
31.2234
33.647
36.8439
37.9777
38.677
37.6474
36.2488
37.3962
39.0946
42.1039
45.4006
46.7356
47.6348
43.7228
38.7277
37.3932
36.8937
32.7424
27.7473
31.0097
36.2047
40.7535
45.1492
45.5972
45.0977
47.7326
51.1292
45.2257
37.0338
39.1589
43.8543
45.8372
47.1359
46.2062
44.7077
44.8763
45.4757
46.2335
47.0328
46.805
46.3055
45.8848
45.4852
42.5701
38.9736
39.533
41.2313
40.6614
39.4626
36.6253
33.3286
32.4443
32.2445
33.1315
34.3304
36.3809
38.6787
37.578
35.4801
37.0801
39.7775
40.1695
39.8697
41.1797
42.9779
40.877
37.5802
36.495
36.0953
36
36
39.5657
44.2611
45.4
45.4
46.834
48.7322
46.4899
42.8935
40.7236
39.0252
37.252
35.4538
38.6599
43.5551
40.3302
34.3361
33.6173
34.7162
38.0383
42.1343
43.1261
43.0262
46.7594
51.8544
48.1273
41.2341
40.0599
40.959
42.1506
43.4494
46.2796
49.6763
45.5086
38.5155
39.2839
42.9803
46.2426
49.3396
48.9013
47.1031
47.4634
48.6622
52.8748
58.2695
59.3706
58.7712
54.1754
47.9815
47.5522
49.4503
56.0326
64.5243
58.3653
46.1772
50.4344
61.5236
62.055
58.1588
59.7374
63.6335
68.0197
72.6152
77.5597
82.6547
80.6503
75.5553
78.1643
84.1585
81.9166
76.0224
78.2028
83.9971
85.4559
84.9564
90.3584
98.4505
98.2629
94.2668
95.7292
99.7253
101.476
102.175
103.689
105.587
105.185
103.687
108.461
116.253
119.607
120.806
116.975
110.682
113.414
120.607
123.133
123.333
123.4
123.4
123.996
124.895
123.085
119.889
124.927
134.218
135.692
133.095
134.754
138.65
137.584
133.888
129.801
125.505
125.493
127.79
128.729
128.929
127.258
124.561
124.886
126.884
127.343
126.944
126.033
124.834
125.42
127.018
128.807
130.705
128.233
123.238
125.441
131.835
133.382
132.083
129.278
125.582
124.763
125.662
124.379
121.781
123.659
128.255
130.31
130.809
131.494
132.293
129.029
123.234
119.772
117.774
121.772
129.565
131.746
130.347
129.982
130.282
130.521
130.721
130.377
129.678
128.978
128.279
124.999
120.004
120.751
125.347
128.69
131.188
127.387
119.295
117.066
118.864
119.541
119.441
122.518
127.813
126.833
121.439
121.479
125.375
124.787
120.99
122.477
127.771
126.76
121.166
118.108
116.909
116.63
117.029
120.006
124.901
121.464
111.773
115.392
129.079
131.542
125.448
122.687
122.487
123.301
124.899
122.683
117.488
114.25
112.551
113.36
116.157
119.176
122.373
121.698
117.902
116.31
116.51
110.943
100.653
101.855
112.545
112.165
102.575
104.774
116.862
118.394
111.001
111.106
117.6
117.214
110.92
109.285
111.683
111.68
109.582
108.706
108.906
107.994
106.096
106.625
109.322
110.81
111.21
109.567
106.07
104.191
103.792
104.432
106.03
105.557
103.159
104.218
108.514
111.371
112.869
111.245
106.649
102.513
98.8165
101.014
108.906
110.725
106.629
101.525
95.4306
96.7189
105.31
109.65
109.75
105.614
97.2226
97.6158
106.907
108.387
101.893
96.8766
93.38
95.8669
104.558
105.58
98.5874
94.1729
92.4745
90.6308
88.6328
87.793
88.1926
93.5431
104.233
106.736
100.342
95.3314
91.8348
89.2878
87.7893
91.3027
100.394
102.61
97.1156
95.8881
99.4846
98.9251
93.6303
90.1955
88.8968
89.3576
91.8551
93.6611
94.6601
94.695
93.596
92.9086
92.7088
92.5089
92.3091
90.7949
87.6979
87.0831
89.4807
86.082
75.5922
69.9789
70.3785
71.8472
74.6444
75.8009
74.9018
74.6649
75.2643
74.8967
73.2983
75.8132
83.6056
85.3862
79.3921
78.7755
85.1692
88.4978
87.7985
87.1851
86.6856
85.7155
84.1171
82.4335
80.6352
82.7791
90.2718
91.3511
83.6587
81.0059
85.3017
89.8064
94.6018
95.1949
89.9001
90.5683
99.6594
105.041
105.141
104.913
104.213
102.575
99.5783
101.7
111.291
119.304
124.999
126.951
123.355
127.206
142.191
150.483
148.684
148.393
150.391
153.139
157.035
158.576
156.478
158.012
165.205
169.134
167.935
167.78
169.278
171.931
176.427
179.43
180.029
181.123
183.022
186.814
193.707
197.698
196.899
198.95
205.743
211.231
214.528
214.93
210.435
212.619
226.206
234.286
232.887
235.323
244.414
251.035
253.333
258.051
267.042
272.908
273.207
273.078
272.179
273.768
279.862
281.998
276.903
276.552
284.944
292.182
297.277
301.955
305.851
307.951
306.652
307.484
312.379
315.873
316.672
320.971
332.06
337.205
330.711
327.508
330.805
334.135
337.532
339.601
339.001
340.843
347.637
351.708
350.209
351.384
358.078
359.23
348.84
342.025
342.725
345.313
351.906
356.177
355.478
353.45
348.555
346.614
351.11
354.762
356.56
356
350.206
347.002
349.599
347.416
334.429
325.948
327.746
329.907
332.904
334.068
330.971
325.904
316.213
310.705
315.101
317.257
314.06
314.054
321.746
326.967
326.168
323.347
315.555
310.746
313.343
316.482
320.977
323.606
321.508
321.742
327.936
331.451
328.055
328.066
336.957
344.995
350.79
355.191
355.89
356.454
356.654
358.792
366.185
371.921
373.119
374.796
377.793
378.815
374.319
373.143
381.335
386.44
382.744
378.481
372.587
371.905
386.391
394.03
381.543
375.068
386.457
392.953
384.761
379.566
383.462
384.582
377.189
373.063
379.057
383.382
382.483
382.232
384.03
382.117
368.33
360.183
370.273
376.245
368.752
362.559
360.661
360.626
366.82
368.863
356.874
348.64
353.236
355.589
350.195
347.822
356.014
360.814
353.621
347.716
346.417
345.876
348.074
349.007
345.31
342.294
341.794
340.495
336.199
331.966
327.97
324.738
324.438
324.159
323.959
325.218
332.212
337.981
338.88
338.586
333.491
329.912
332.509
333.314
326.721
321.111
319.612
319.125
322.922
323.789
312.101
303.591
308.886
313.033
312.134
311.308
310.809
310.291
309.692
308.949
307.55
304.982
296.99
289.962
287.464
286.284
291.379
295.805
297.004
296.476
287.484
279.615
277.317
274.622
269.927
266.866
272.161
276.616
276.716
275.364
266.372
257.003
245.614
237.977
250.664
259.525
247.337
238.472
248.162
254.797
244.108
235.902
241.996
247.127
246.627
245.178
238.085
233.065
240.557
246.244
240.849
235.841
233.244
230.632
227.935
225.345
223.447
221.536
219.538
217.696
216.897
216.828
221.724
225.848
224.65
222.966
217.871
213.216
211.718
211.279
218.572
223.981
215.389
208.231
211.927
215.257
215.757
216.177
215.978
215.579
213.581
212.18
215.677
217.679
207.19
198.701
207.292
214.979
214.78
213.773
205.581
198.131
197.431
196.596
194.498
193.493
202.884
211.465
212.164
212.463
208.767
205.382
205.182
205.488
211.082
215.45
206.659
198.908
202.604
205.748
202.651
199.808
199.908
199.675
195.479
191.803
194.501
196.89
195.391
193.535
187.042
181.278
185.274
188.709
184.414
180.118
175.822
171.794
171.694
171.39
167.993
165.266
173.058
179.764
168.775
158.696
163.991
168.607
161.314
154.327
152.929
151.79
155.586
159.046
155.849
152.772
152.173
151.45
148.053
144.775
144.175
143.455
139.859
136.534
140.03
143.016
132.426
122.272
124.37
126.222
120.727
115.655
124.047
132.106
128.809
125.605
125.805
126.098
130.094
133.729
121.741
109.909
105.514
101.215
102.014
102.79
102.19
101.569
99.4712
97.4727
103.167
108.698
99.3077
90.0495
95.644
101.208
102.407
103.565
96.472
89.3864
84.7909
80.2029
83.1001
85.9972
