53.01
75.2882
97.5664
92.7122
87.817
92.3795
96.975
91.4358
85.8413
84.8083
83.8093
83.2062
82.6068
82.7975
82.9973
83.5914
84.1909
77.9036
71.5099
72.5782
73.777
74.8779
75.9768
74.0441
72.0461
74.4399
76.9375
74.6623
72.2647
75.4078
78.7046
81.7103
84.7074
82.5732
80.2755
76.5285
72.7322
78.0961
83.7905
77.5528
70.8593
72.8087
75.1065
68.2998
61.1069
68.2599
76.0523
74.1093
71.7117
73.886
76.2836
73.5484
70.5513
68.7874
67.0891
66.716
66.4163
68.6672
71.0648
75.065
79.161
78.8355
78.2361
78.0122
77.8124
77.8
77.8
75.4628
72.9653
71.6805
70.4817
67.6071
64.6101
70.9029
77.8961
75.5262
72.4292
73.2176
74.3165
74.0307
73.6311
71.9419
70.1437
69.0808
68.0818
71.0269
74.3237
72.3118
69.8142
70.696
71.8948
68.1722
63.9763
66.0554
68.7528
70.1797
71.4784
72.5055
73.5045
72.064
70.3656
72.4539
74.9515
75.2899
75.3899
72.1684
68.5719
67.573
66.8737
66.5319
66.2322
67.4485
68.8471
69.5339
70.1333
70.2888
70.3887
68.0966
65.4991
67.3215
69.7192
72.9988
76.3955
68.3515
58.7609
63.571
70.3643
69.5353
67.6372
69.9351
72.8323
72.415
71.5159
70.3557
69.1569
69.3473
69.7469
65.6415
60.8462
64.1762
68.7717
66.0365
62.1403
67.9675
75.3602
74.082
71.3846
69.2012
67.1033
70.6457
75.1413
72.3042
68.2082
69.2163
71.1144
68.2597
64.5633
68.3185
73.4135
72.3414
70.1436
69.1257
68.3265
72.1522
76.8476
72.9858
67.4912
67.1859
67.8852
72.1751
77.1702
79.083
80.3817
74.4498
67.0571
68.1216
70.9189
67.3468
62.4516
70.1824
80.5722
81.0828
79.4843
76.736
73.739
75.8219
79.0188
86.3027
94.4946
86.6224
75.1337
76.5793
80.975
80.4204
78.7221
82.205
86.9004
88.8499
90.1486
90.1583
89.8586
89.8804
89.9803
86.9534
83.1571
86.6388
91.9336
86.3781
78.0862
85.8708
97.7591
100.756
101.455
101.362
101.063
97.919
94.0228
96.6673
101.063
100.428
98.4298
101.607
106.202
107.747
108.447
110.238
112.336
111.321
109.423
109.31
109.71
115.452
122.745
121.156
116.96
117.31
119.008
116.787
113.39
116.739
122.134
122.635
121.636
123.078
125.275
130.592
136.886
136.124
133.127
130.432
127.835
125.917
124.218
129.822
137.814
141.151
142.95
140.629
136.933
136.224
136.524
136.749
136.949
137.297
137.697
136.17
133.972
139.091
146.783
147.252
145.154
152.76
163.849
164.087
160.391
170.222
185.008
183.457
175.865
173.145
172.246
180.414
192.003
196.43
198.128
198.528
198.428
202.717
208.711
213.772
218.468
231.393
247.577
252.485
252.885
252.715
252.316
265.614
284.495
292.619
296.315
302.129
308.822
324.032
342.814
353.945
361.837
365.11
366.409
380.341
399.722
410.472
417.465
429.317
443.303
456.874
470.261
484.131
498.217
508.449
516.941
530.099
545.384
564.091
584.371
599.261
611.648
628.186
646.668
657.417
664.51
678.299
695.283
712.401
729.584
749.457
770.637
784.909
795.798
800.002
800.901
817.133
841.009
850.329
852.327
866.586
887.066
893.141
891.842
895.023
900.518
909.691
920.78
929.184
936.177
932.07
922.08
925.5
936.09
935.192
928.099
934.594
948.481
944.626
931.04
924.27
921.273
922.765
926.761
929.926
932.623
939.335
948.327
951.219
950.619
944.193
934.402
938.44
950.528
946.313
932.527
932.671
941.063
941.885
938.189
937.922
939.721
939.343
937.645
940.718
946.712
947.147
944.15
941.399
938.801
943.999
954.089
960.019
963.316
953.927
936.444
936.53
947.919
942.826
927.041
925.511
933.303
932.186
925.192
919.76
915.364
909.533
902.739
892.727
880.539
874.293
872.095
869.364
866.267
859.215
849.425
848.989
855.083
850.505
838.417
834.803
837.2
833.715
826.022
818.562
811.269
809.01
810.408
809.847
807.849
806.483
805.584
808.75
814.944
813.32
805.827
807.946
817.337
821.683
822.183
822.174
821.774
818.617
813.322
811.841
813.34
815.845
819.141
814.751
804.262
802.486
807.681
806.515
800.222
797.675
798.175
797.796
796.697
792.424
785.531
778.91
772.516
770.252
771.451
767.994
760.601
752.993
745.2
744.932
751.126
751.269
746.174
736.971
724.183
717.668
716.669
717.365
719.563
717.856
712.661
703.892
691.903
683.686
678.891
677.852
680.25
679.113
674.717
670.632
666.836
665.155
665.454
664.469
662.271
662.275
664.373
660.657
651.366
649.086
653.582
652.156
644.963
644.929
651.922
655.952
657.051
656.149
653.252
648.81
642.816
640.495
641.893
637.557
627.367
623.973
627.569
629.498
629.698
628.286
625.189
621.946
618.549
615.928
614.129
617.35
625.942
623.382
608.797
605.03
613.022
612.385
602.295
596.763
596.263
597.797
601.593
603.364
602.865
600.443
595.847
585.929
569.944
562.795
565.792
566.937
565.938
567.29
571.386
568.182
556.394
543.782
530.196
521.07
517.274
512.344
506.051
500.298
495.203
491.501
489.503
485.402
478.709
474.822
474.422
471.45
465.256
462.462
463.961
465.152
465.951
461.805
451.315
449.756
459.746
464.359
461.961
462.543
467.038
469.17
468.171
469.782
474.877
480.057
485.352
493.232
504.621
516.052
527.541
533.36
531.362
534.714
545.504
559.788
578.969
592.436
597.831
610.149
632.328
655.326
679.503
702.168
722.648
744.957
769.932
793.573
815.252
843.972
883.134
913.607
931.09
952.995
981.567
1012.16
1045.83
1079.26
1112.33
1142.57
1168.44
1194.24
1219.91
1248.5
1281.67
1308.15
1324.03
1347.15
1381.82
1416.1
1449.77
1481.76
1511.03
1541.51
1573.98
1611.05
1655.7
1701.15
1747.9
1797.56
1852.11
1894.41
1915.99
1950.19
2005.94
2060.25
2112.1
2158.84
2196.7
2237.76
2284.41
2331.43
2379.08
2431.52
2492.46
2552.04
2609.18
2655.81
2683.38
2719.43
2770.98
2822.89
2875.43
2928.02
2980.67
3028.14
3065.9
3106.84
3153.8
3200.89
3248.24
3288.15
3313.72
3344.87
3386.83
3426.79
3462.86
3491.9
3507.09
3531.75
3575.31
3610.54
3629.02
3646.97
3663.86
3677.43
3684.22
3696.26
3719.14
3734.6
3734.6
3740.98
3760.76
3772.63
3767.74
3768.79
3782.58
3785.83
3766.35
3754.29
3758.38
3764.07
3773.26
3772.15
3748.17
3727.59
3714.6
3699.93
3681.45
3665.46
3655.17
3642.95
3626.26
3603.6
3567.03
3534.92
3513.24
3489.84
3462.37
3442.85
3442.35
3438.08
3424.69
3407.17
3379.6
3362.8
3372.49
3379.46
3379.66
3378.66
3374.66
3375.11
3386.8
3402.17
3426.94
3448.26
3460.65
3475.58
3497.16
3517.45
3534.33
3557.58
3597.74
3632.37
3652.15
3673.19
3697.67
3723.86
3754.73
3784.96
3813.43
3844.09
3880.85
3909.91
3917.2
3924.83
3933.42
3944.49
3962.67
3972.11
3956.13
3947.39
3959.98
3974.48
3994.66
4002.31
3972.34
3955.22
3977.1
3987.43
3962.36
3935.96
3905.49
3883.7
3889.1
3886.32
3857.64
3834.01
3826.52
3817.76
3804.87
3787.51
3755.54
3729.49
3723
3717.03
3712.84
3702
3668.74
3641.62
3635.53
3621.63
3580.77
3550.31
3556.2
3556.68
3538
3520.98
3509.89
3497.63
3481.15
3471.44
3486.52
3494.85
3478.17
3459.19
3431.62
3415.2
3441.07
3454.82
3422.06
3397.25
3403.34
3404.27
3384.89
3366.43
3351.64
3335.07
3311.29
3292.93
3296.62
3299.46
3298.76
3297.27
3292.48
3287.22
3280.03
3266.6
3226.44
3193.97
3194.87
3192.55
3176.06
3156.96
3126.19
3102.7
3112.09
3112.09
3069.14
3032.49
3025.09
3013.3
2980.84
2952.13
2941.34
2924.02
2875.17
2831.36
2812.28
2793.03
2772.95
2753.22
2735.24
2714.07
2676.6
2644.54
2640.44
2631.48
2596.91
2564.41
2542.93
2521.95
2503.67
2485.31
2466.53
2449.2
2440.01
2428.54
2404.17
2380.77
2362.98
2344.25
2319.98
2299.72
2303.31
2304.94
2294.65
2282.76
2261.08
2240.74
2228.75
2216.45
2202.17
2186.04
2158.07
2132.91
2126.22
2119.12
2109.33
2100.84
2101.14
2101.16
2099.26
2093.97
2064.8
2041.05
2056.13
2068.64
2062.35
2053.55
2026.18
2004.52
2026.09
2045.15
2044.75
2043.3
2033.51
2025.11
2027.91
2030.11
2027.41
2025.96
2034.95
2041.79
2030.31
2021
2030.69
2038.44
2028.95
2020.71
2023.8
2025.23
2011.15
1999.34
2009.23
2017.4
2008.81
2001.16
2002.96
2004.85
2007.65
2009.75
2004.66
2000.79
2010.08
2016.89
1996.41
1977.11
1971.12
1964.65
1952.66
1939.68
1914.9
1891.02
1878.03
1864.99
1851.31
1837.62
1823.93
1810.8
1805
1797.29
1763.12
1731.25
1732.05
1731.58
1712.5
1694.34
1690.14
1685.11
1666.93
1649.62
1646.52
1642.59
1624.61
1606.66
1589.17
1572.32
1566.92
1560.85
1541.97
1523.38
1510.49
1497.41
1480.33
1463.76
1458.37
1452.72
1441.33
1429.27
1401.3
1373.76
1357.08
1340.1
1315.43
1290.98
1273
1255.45
1250.85
1245.65
1221.08
1196.74
1180.66
1164.5
1145.82
1126.99
1102.01
1077.28
1063.09
1048.99
1038.7
1028.16
1004.48
981.077
973.684
966.079
944.301
922.758
919.461
916.002
897.72
879.493
867.405
855.218
828.844
802.546
791.557
780.514
751.542
722.571
693.399
664.228
