105.599
104.001
102.402
101.303
100.204
94.4258
88.6314
96.7475
104.939
103.512
102.014
102
102
101.506
101.007
105.534
110.13
102.526
94.7339
93.5199
92.421
91.4201
90.4211
98.3213
106.413
107.478
108.377
104.699
100.902
99.0503
97.252
99.4312
101.729
98.4115
94.9149
93.2541
91.6556
88.418
85.1213
88.5604
92.2568
98.2579
104.352
95.3039
85.6134
89.4081
93.8038
94
94
93.7142
93.4145
92.2593
91.0605
91.3794
91.779
93.7879
95.8858
94.6775
93.2788
94.0484
94.9475
93.5889
92.0903
95.098
98.3947
93.2601
87.5657
89.0697
91.0678
86.069
80.5744
85.2271
90.6218
91.7432
92.5424
88.7991
84.7031
83.3824
82.2835
83.7693
85.4676
86.2448
86.9441
91.3202
96.0156
92.4558
88.16
88.8983
90.0971
91.296
92.4948
93.3291
94.1283
93.8362
93.4366
88.1367
82.3424
85.8747
90.3703
90.8
90.8
90.6196
90.4199
88.0609
85.4635
85.6488
86.1483
88.1705
90.3684
91.8512
93.2499
96.4321
99.8288
94.2381
87.5446
85.557
84.1583
92.1505
101.341
95.7703
88.2776
88.9876
90.7858
87.8318
84.2353
83.4487
83.0491
85.5408
88.4379
86.5271
83.9297
84.1233
84.7227
86.7145
88.9124
89.2
89.2
91.4525
94.0499
86.8798
78.1883
82.6058
89.0994
87.5046
84.6075
85.2302
86.429
87.1139
87.7133
87.2872
86.6878
82.8484
78.4527
84.1801
91.6727
91.8664
90.7675
91.1927
91.892
90.9017
89.603
92.9399
97.1358
92.8387
86.9445
84.9933
83.7944
86.5294
90.026
88.0949
85.0979
88.682
93.5772
90.7431
86.3474
87.6728
90.1704
93.4951
96.9917
95.5369
93.0393
92.847
93.1467
95.9925
99.3891
99.2626
98.3634
98.4452
98.7449
93.5812
87.1874
93.24
102.131
109.724
117.017
114.433
109.538
107.227
105.529
104.716
104.117
111.153
120.044
122.602
123.601
128.359
134.053
138.391
142.387
136.276
127.584
132.707
141.398
143.517
143.916
141.314
137.917
140.273
144.169
149.087
154.282
153.832
151.834
154.372
158.168
163.915
170.209
167.475
162.18
161.621
162.42
168.562
176.255
178.927
180.126
183.327
187.124
186.617
184.818
186.163
188.461
193.205
198.699
199.771
199.471
203.964
209.958
215.421
220.716
218.822
214.626
216.166
219.563
220.927
221.626
226.305
232.299
235.897
238.694
245.525
253.717
259.972
265.566
264.399
260.903
269.263
281.751
289.878
296.471
311.837
330.319
337.626
340.923
352.285
366.571
389.705
416.079
431.076
441.866
460.874
482.952
506.482
530.558
561.869
595.935
625.962
654.434
691.396
731.657
774.07
817.328
853.286
886.354
940.402
1002.84
1067.91
1134.05
1199.61
1264.95
1327.24
1388.28
1452.64
1518.38
1603.96
1697.87
1770.3
1833.64
1928.4
2036.6
2129.16
2214.97
2314.78
2420.67
2521.02
2618.92
2734.47
2857.85
2979.37
3100.05
3209.1
3312.9
3425.21
3541.39
3658.54
3776.12
3887.09
3994.98
4121.11
4255.78
4372.27
4480.16
4588.73
4697.62
4807.73
4918.42
5014.92
5104.54
5189.72
5272.74
5359.57
5448.28
5511.8
5562.75
5623.14
5688.27
5735.71
5774.18
5816.93
5861.89
5902.63
5941.19
5978.18
6014.34
6049.39
6083.86
6107.36
6125.04
6134.52
6139.61
6138.02
6132.83
6144.52
6165.4
6172.02
6170.83
6176.83
6186.82
6178.6
6160.22
6146.38
6135.09
6162.86
6212.81
6213.72
6186.54
6181.86
6190.15
6186.7
6176.41
6172.28
6171.78
6165.89
6156.8
6159.47
6169.16
6153.53
6122.66
6119.7
6133.69
6131.44
6119.25
6119.11
6126.4
6135.11
6144.7
6153.31
6161.3
6158.22
6148.13
6139.5
6131.81
6112.14
6084.77
6059.94
6036.76
5988.64
5924.2
5867.65
5816.3
5754.81
5686.58
5612.9
5535.58
5482.94
5446.97
5401.74
5350.19
5308.41
5273.35
5243.36
5216.88
5194.35
5174.57
5162.12
5154.83
5128.31
5088.14
5055.91
5029.33
5013.44
5005.25
4999.43
4995.33
4980.11
4956.73
4944.04
4939.25
4936.23
4934.53
4920.9
4898.32
4888.71
4888.91
4893.02
4900.12
4908.45
4917.74
4906.09
4878.22
4869.14
4874.73
4864.17
4840.9
4826.76
4819.86
4803.81
4780.43
4749.64
4712.88
4673.8
4632.84
4595.01
4559.75
4519.45
4474.99
4414.83
4341.6
4294.56
4269.49
4226.87
4169.43
4125.09
4091.92
4061.23
4032.66
3993.59
3945.44
3906.78
3876.41
3839.08
3795.62
3758.15
3725.98
3705.52
3695.53
3673.71
3641.25
3623.81
3620.01
3597.43
3557.67
3542.76
3550.75
3547.4
3533.51
3522.21
3513.32
3510.49
3513.39
3519.87
3529.76
3533.43
3531.13
3528.78
3526.38
3518.37
3504.88
3489.58
3472.49
3453.35
3432.17
3409.34
3384.87
3355.16
3320.19
3297.44
3287.05
3247.93
3179.5
3133.82
3111.54
3083.18
3048.51
3018.29
2992.72
2946.51
2878.58
2833.23
2811.85
2782.36
2744.2
2702.53
2657.07
2622.44
2599.56
2576.2
2552.33
2527.03
2500.15
2472.52
2444.05
2407.9
2363.15
2319.28
2276.42
2222.31
2155.38
2077.05
1985.64
1909.46
1850.92
1788.83
1722.59
1657.6
1594.06
1533.04
1474.99
1418.32
1363.27
1303.19
1237.06
1184.96
1149.89
1118.15
1090.48
1059.27
1023.71
992.508
966.733
943.797
924.416
909.229
899.339
886.503
869.92
863.444
869.938
869.592
860.401
853.032
848.036
844.639
843.34
850.422
868.604
892.133
922.803
950.109
972.887
1006.6
1055.15
1107.38
1164.62
1240.05
1340.55
1442.51
1546.51
1676.85
1844.08
2018.44
2202.86
2400.22
2616.01
2856.86
3133.69
3413.62
3698.04
3989.82
4292.32
4597.86
4907.85
5232.13
5577.59
5909.76
6222.06
6543.95
6880.32
7195.64
7478.96
7773.96
8086.86
8380.75
8645.29
8900.65
9141.72
9373.26
9589.85
9820.93
10075
10324.5
10566.9
10800.1
11018.7
11250.5
11503.8
11769.1
12054.2
12340.5
12628.7
12908.7
13174.8
13469.5
13812.1
14167.1
14543.2
14895.3
15206.3
15513.4
15813.8
16096.4
16348.2
16619.9
16926.5
17222.5
17500.1
17797.6
18130.8
18459.4
18779.9
19081
19347.1
19649.9
20019.9
20353.9
20621.6
20893.1
21172
21466.2
21789.3
22059.1
22228.2
22417.6
22645.6
22874.3
23104.5
23321.5
23513
23711.2
23922.2
24109.5
24249.7
24380
24490.9
24606.9
24733.2
24824.1
24843.2
24890.6
24996.1
25071.8
25086
25109.7
25153.3
25193.9
25228.5
25240.8
25205.7
25193.5
25230.4
25243.4
25205
25155.3
25081.3
25017
24974.3
24925.3
24862.7
24776.9
24639.1
24499
24353.6
24190.7
23987.6
23787
23592.1
23397.6
23204.3
23024.1
22874.5
22749.3
22681.8
22599.7
22482.8
22410.3
22444.6
22484.9
22539.5
22586.6
22615
22660.8
22749.9
22840.2
22933.4
23031.8
23143.6
23270.5
23436
23604.9
23782.7
23956.3
24119.2
24313.1
24588.6
24828.7
24974.5
25153.1
25419.4
25700.1
26019.8
26312.3
26530.4
26749.1
26969.2
27188.6
27405.7
27597
27715.6
27831.6
27940.3
28029.9
28064.5
28116.3
28218.4
28302.2
28332
28319.3
28180.2
28080
28097
28100.1
28060.8
28014.3
27945.7
27873.9
27792.6
27695.4
27548.6
27417.2
27335
27240.6
27107.1
26992.6
26939.4
26854.6
26667
26495.6
26377.7
26264.1
26164.8
26069.1
25985.5
25903.2
25825.3
25747.7
25670.6
25595.6
25528.4
25456.6
25368.9
25290.8
25246.9
25214.9
25225.6
25218.8
25148.1
25074.5
24990.5
24913.9
24864.8
24810.6
24737.1
24668.7
24619.7
24572.7
24533.4
24499.2
24485.2
24462.7
24406.4
24346.5
24271.4
24195.1
24113.4
24036.7
23981
23933.1
23918
23886.4
23784.7
23678.1
23550.6
23442.8
23420.3
23380.6
23265.2
23143.7
22994.7
22848.2
22712.8
22571.1
22400.9
22236.7
22100
21949.6
21735.1
21533.3
21391.8
21244.2
21066.9
20896.5
20760.5
20618.1
20444.8
20269.1
20081.6
19907.9
19804.8
19690
19514.1
19340.5
19178.2
19022.1
18898.6
18777
18665.8
18552.6
18429.1
18313
18237.9
18151.2
17999.1
17852.5
17737
17627.1
17550.1
17462.7
17313.5
17180.2
17142.2
17097.3
17009.6
16919.6
16815.4
16710.4
16600.6
16491.2
16383.8
16283.5
16229.6
16168.7
16060.7
15962.9
15933.9
15901.1
15841.9
15790.2
15792.2
15789.2
15750
15716
15719.7
15727.5
15765.6
15793.2
15741.5
15704.8
15783.2
15852.8
15853
15851.1
15832.1
15812.9
15792
15769.2
15730.4
15695
15689.3
15684.4
15686.6
15687.4
15676.1
15665.2
15659.2
15657.3
15693.2
15724.4
15709.6
15699.3
15732.4
15760.6
15738.9
15718.8
15714.5
15705
15641
15574.2
15478.6
15386.1
15326.8
15268.4
15219.1
15164.1
15041.8
14920.9
14816.2
14710.2
14588.7
14471
14400.4
14325
14188.5
14052.8
13929.1
13808.3
13726.9
13646.3
13578.3
13509.1
13422.2
13334.9
13238.9
13140.2
12999.5
12862.9
12791.9
12718.7
12610.2
12504.8
12453.1
12397.4
12271.2
12145.2
12024.9
11902.3
11733.3
11567.9
11473.9
11379.8
11285.3
11188.8
11046.4
10902.6
10724.3
10546.7
10387.8
10229
10074.5
9920.41
9775.05
9629.13
9466.19
9304.91
9196.72
9087.91
8958.03
8827.5
8672.75
8519.4
8421.39
8322.45
8182.99
8043.57
7906.1
7768.9
7645.62
7522.98
7438.17
7353.25
7261.94
7170.11
7037.64
6905.3
6785.12
6664.94
6545.36
6425.29
6235.38
6045.35
5833.16
5620.85
5367.9
5114.92
4832.99
4551.07
