72.805805
86.129528
72.972567
72.400378
79.595154
85.071479
81.373144
93.778428
82.921011
91.991020
92.765892
92.412864
97.631176
102.882085
105.635496
103.723232
107.648658
114.651816
119.700041
127.885128
140.541226
135.538060
130.616156
135.057536
141.185644
140.994128
147.305335
150.253336
154.531805
161.842062
164.408060
161.951742
163.886316
176.136559
178.835000
181.306737
181.940499
193.629921
197.870831
192.300929
201.112836
214.252088
213.273429
212.129789
222.801367
226.453663
223.123985
228.118537
232.542816
233.578068
237.937271
239.325156
248.243644
256.752842
279.332053
291.731930
312.308620
319.477150
333.086186
352.602831
367.164880
381.374525
400.111523
424.545925
447.928737
466.934045
503.143284
544.520767
574.958215
604.030508
643.552684
680.241271
725.000153
765.044690
810.074278
865.774996
920.923902
972.729557
1021.112406
1078.393083
1152.809209
1223.947895
1283.182256
1354.272086
1426.268456
1491.242556
1548.821823
1632.291278
1724.106353
1772.230150
1834.348590
1889.924915
1951.222331
2004.222655
2055.856034
2093.882857
2114.740659
2137.317500
2153.067500
2173.652556
2212.221299
2217.039286
2187.910263
2217.176278
2207.229286
2212.749416
2222.627218
2233.415338
2235.659211
2237.762034
2215.807519
2223.363665
2241.080921
2228.390000
2228.868647
2226.054624
2227.819642
2232.280338
2261.356610
2261.704605
2256.541128
2239.071243
2272.995695
2301.490056
2293.714925
2298.693955
2291.920470
2278.336391
2254.395263
2228.248421
2203.739605
2152.445789
2120.985367
2106.540038
2101.813371
2101.254211
2060.231429
2060.600226
2062.510902
2038.660583
2031.267331
2031.536591
2034.981203
2026.414605
2003.578475
2007.376842
2018.193898
2003.240019
2024.611525
2031.146090
2031.962838
2033.823684
2022.271579
2019.761695
2006.193722
1987.362331
1958.233008
1943.302090
1924.333365
1912.489248
1900.586158
1864.659342
1834.164124
1828.461429
1813.313797
1796.694248
1760.318571
1762.725940
1743.001015
1745.806177
1738.181654
1723.550602
1689.544117
1673.880056
1678.743383
1679.866429
1675.189661
1658.608421
1650.675367
1639.216560
1622.583045
1660.349398
1661.544962
1663.869831
1649.245714
1635.013955
1630.335508
1626.980827
1611.132406
1613.433553
1597.576523
1578.448346
1579.323684
1568.262500
1564.258305
1579.414737
1581.888383
1568.637162
1542.151808
1538.913008
1538.231936
1513.532637
1489.511316
1461.164915
1405.847462
1365.367895
1322.162486
1294.255846
1270.459868
1222.684474
1186.764501
1168.879549
1149.408797
1136.263383
1120.977312
1119.502876
1126.750526
1103.761695
1109.131955
1125.166252
1122.388421
1111.932970
1127.905141
1163.888872
1195.408421
1219.287500
1259.842185
1305.762556
1360.275714
1438.425677
1522.248158
1616.847119
1707.172650
1823.275424
1940.177068
2064.874218
2219.381992
2342.079436
2496.909736
2650.995169
2786.912895
2924.280526
3069.464689
3204.068703
3306.734511
3418.291733
3565.840771
3693.448267
3833.973609
3976.005556
4106.658722
4269.791955
4448.855301
4640.263571
4822.510847
4996.845639
5194.486711
5427.318947
5587.228286
5749.793120
5964.318045
6132.490000
6267.370977
6477.936629
6687.579041
6857.860753
7062.364023
7204.974718
7321.006711
7478.403158
7601.166836
7776.093515
7905.374557
7981.186579
8090.577759
8163.477068
8207.155940
8269.410301
8308.368139
8302.908588
8307.129549
8308.999925
8289.096147
8324.495940
8269.481429
8280.065677
8247.308701
8215.253571
8150.035019
8061.378026
7994.580000
7898.602180
7789.029680
7692.452411
7613.839361
7552.722354
7491.788026
7441.731654
7434.255424
7493.419925
7474.394643
7499.501805
7584.320075
7659.746165
7776.885414
7885.830526
8011.053158
8150.923214
8248.792218
8352.105819
8454.044718
8576.738098
8738.109398
8823.187444
8908.675405
8898.194023
8961.322368
9046.271654
9052.280339
9062.233459
9068.729380
9026.802632
8972.255789
8927.311262
8872.261748
8794.506196
8742.478872
8699.663107
8622.562068
8535.482782
8446.394218
8414.955320
8364.275977
8290.760301
8207.538117
8188.857500
8111.108496
8027.629474
7996.426316
7979.437420
7948.771053
7950.102316
7941.460113
7858.814030
7793.826805
7807.542162
7784.189153
7740.465263
7683.812505
7665.227500
7597.492147
7506.676053
7466.821638
7467.993289
7392.268947
7341.894859
7255.299041
7157.001789
7094.822444
7032.712166
6933.488590
6813.971504
6719.478346
6653.174850
6537.062881
6420.231767
6357.848588
6245.303026
6187.007815
6075.919474
5939.918026
5868.910847
5822.465038
5743.281525
5658.499398
5581.418814
5533.798045
5493.102594
5424.881391
5363.149586
5275.209755
5232.644981
5169.797519
5111.541128
5070.676893
5027.304605
5025.105526
4980.728889
4970.355169
4944.681281
4956.983534
4961.067947
4928.051053
4918.344624
4934.568195
4928.938440
4913.000000
4916.780150
4931.034248
4900.143842
4875.068910
4871.520526
4901.422500
4885.696610
4888.669774
4873.388158
4889.350545
4910.036391
4905.475000
4878.076955
4845.298701
4818.804286
4769.098305
4678.839323
4583.667857
4556.693879
4500.239944
4409.190658
4337.558421
4265.636196
4249.321184
4188.611917
4105.090752
4085.194154
4036.903202
3956.974436
3898.555706
3848.056466
3794.289736
3721.288872
3660.838045
3574.406102
3508.058271
3424.210000
3370.211447
3270.969134
3187.574774
3121.503985
3037.763891
2941.896316
2854.012825
2769.272556
2698.601638
2619.956842
2524.505725
2476.308327
2438.588346
2360.783653
2285.573628
2228.044972
