3.780417
1.499534
7.859212
0.864094
0.746551
4.403658
5.476296
7.482632
2.353208
5.505834
4.098934
5.195945
7.147073
5.042461
7.042272
11.397256
9.504228
6.497085
3.958424
6.716886
1.876802
8.065398
-5.680700
-2.416013
2.425719
7.628411
6.354770
2.421265
2.031728
5.823127
8.529573
10.089405
12.089297
7.035420
5.902255
5.603326
-1.078168
7.645571
15.485335
7.959791
7.501476
4.751310
6.129831
13.567696
8.669473
5.553061
8.506624
4.674004
5.086317
8.997632
4.859150
7.014377
8.430935
6.124419
2.882434
0.563275
5.927265
3.565426
7.140075
7.163165
1.162705
6.150388
8.744001
3.620325
8.431921
11.747008
7.673397
4.201690
-1.005910
2.641639
8.367548
8.741721
9.959345
5.311141
6.185185
3.796841
4.871647
10.097561
11.542024
5.741401
5.764254
8.506958
-1.835686
7.086576
5.673356
2.071073
3.717278
5.480030
6.869508
4.576482
13.268553
10.325593
12.780413
11.207896
9.448484
11.805791
10.939583
11.831770
19.931911
18.062451
8.653732
2.195537
1.632248
11.128553
12.446639
12.282334
14.256683
12.610106
6.843175
8.908933
10.702710
10.386185
8.691833
7.069221
13.235354
18.395629
11.500718
12.136852
19.349446
16.542027
14.696226
16.448624
18.127472
20.531639
19.096461
11.536414
12.671674
19.319006
16.878321
16.978088
20.522564
10.121562
15.590212
22.094002
21.178685
16.881485
13.302591
15.356916
21.605072
13.466996
12.411487
9.773738
9.422573
9.759073
12.833290
14.680203
15.573802
17.850719
10.160294
8.151508
9.549922
11.580218
8.536562
13.977199
11.793380
12.600586
18.604969
16.882254
17.199276
15.986545
14.504344
17.367630
17.236138
13.696371
18.111711
17.393369
7.798131
17.991578
15.965279
14.020106
18.213383
16.167078
25.419718
15.770647
15.447971
18.336516
16.144195
15.182253
16.918217
16.560082
18.784230
25.327922
20.460169
24.076213
19.709981
21.307600
29.550435
19.656657
24.480114
19.684796
16.776797
20.857832
22.732789
18.627738
22.056467
24.200735
15.668544
15.124291
15.620238
23.818961
25.452416
15.622092
27.646628
24.256327
21.643143
22.329166
23.904494
21.423616
11.876962
16.683439
21.532936
21.091079
23.179113
24.804450
31.325538
23.290935
20.225803
27.181670
19.152502
19.178307
20.469658
24.490427
24.630905
24.907767
31.149729
28.416950
20.832986
25.804398
26.570954
15.507839
22.430984
31.637593
24.718716
24.499322
28.213943
21.312673
27.420583
24.112897
21.334736
26.824338
25.874229
23.334916
31.720170
28.866018
20.633551
23.977178
26.293794
26.782298
25.236792
28.385667
17.180102
16.510161
16.449189
16.700503
18.472528
24.843284
25.821962
17.739176
19.842505
17.863702
20.154128
22.928349
15.880123
19.971471
21.256806
24.176759
22.644177
15.650049
21.378312
28.511235
28.224158
18.764055
31.541722
28.713676
22.559296
30.302086
32.407216
30.165973
32.973194
31.521380
27.453653
22.242606
21.976654
23.151890
19.330257
20.708470
24.919088
22.650271
26.935787
27.102211
20.795000
23.706686
29.922134
31.800000
30.735704
26.271397
19.532188
17.904835
22.833024
22.743828
26.773960
24.978655
21.414823
23.978238
33.564829
28.678489
21.928566
20.946400
25.108335
24.088384
27.426847
35.155786
32.863856
28.435849
18.812243
32.489489
32.036841
33.373353
33.217322
35.784789
34.751708
34.225943
27.364637
32.597086
34.396739
33.265798
32.500821
30.270807
31.764363
37.783360
40.750496
29.742686
22.944858
25.847970
30.791559
30.429123
24.265936
29.366674
27.583925
26.308002
25.611834
25.677161
26.602629
29.391526
28.043980
21.579559
23.844824
25.916610
23.098857
27.440921
28.427471
27.477641
26.807753
27.844880
30.242474
31.145394
27.619637
23.349950
26.183955
28.766837
25.663568
24.613202
27.667596
28.196537
24.042979
14.842079
24.263879
21.315945
14.901619
17.970147
20.345008
20.794751
20.894793
28.893737
25.371026
24.971803
21.949039
16.323242
24.894013
20.945321
17.631242
26.716409
23.307462
18.299194
21.965199
24.528543
17.778695
18.255576
23.801696
20.288594
12.302183
18.682799
27.961704
20.980182
13.619767
20.376853
19.863922
18.361948
24.779226
16.559173
12.877356
20.744066
17.366053
18.192924
20.432438
18.709297
15.058221
18.480530
18.442200
16.836351
14.029336
9.830221
17.382758
12.988218
17.773643
17.962452
9.241097
17.430946
14.109016
11.934329
16.569852
10.227170
17.459017
15.915007
13.597691
15.329953
12.257718
8.428167
12.268142
23.185897
20.460522
16.976975
17.249873
24.306047
1.810863
16.086354
18.398067
12.518670
17.205745
14.133760
12.436440
10.328580
4.371755
5.753668
10.236615
6.898102
9.050525
2.831256
9.775916
7.309453
