125.437947
135.943535
133.431055
134.677395
130.448373
142.078697
143.568576
147.521669
145.414733
153.617498
153.334233
155.205546
156.612107
158.029226
172.059165
191.195633
202.834289
203.310868
213.987534
217.228947
227.859785
239.885835
244.331789
249.368432
266.413475
266.460139
281.329633
285.236878
282.544782
289.988652
298.254006
308.841375
327.294632
336.358949
344.872917
348.505466
355.091386
376.605756
385.874921
402.325214
418.102823
429.003784
432.465714
431.348549
440.963929
452.121309
460.950135
470.872339
481.653289
500.070561
509.444602
531.571902
552.406068
565.967560
611.805207
654.720395
690.636294
744.194947
786.524656
848.047763
929.494718
997.651458
1082.646955
1192.124511
1284.672632
1391.894953
1539.739398
1684.260602
1829.232448
1983.953008
2150.644520
2323.050301
2542.427627
2744.546316
2967.746241
3184.278609
3386.631147
3618.827401
3897.639173
4178.650526
4440.970056
4742.163158
5065.044925
5313.541165
5606.856949
5886.000226
6227.914305
6484.634004
6750.593383
6997.976203
7260.815338
7506.130169
7724.075414
7911.307834
8042.886034
8178.751504
8300.373484
8355.331579
8462.923214
8601.784361
8630.220000
8673.080714
8665.013947
8679.138797
8696.948929
8666.653936
8704.831353
8703.332481
8718.563120
8752.972599
8794.605150
8776.819962
8777.175132
8824.000526
8820.454586
8835.988383
8816.974181
8835.481917
8905.371186
8975.396861
9013.430150
9071.965235
9072.716335
9093.655902
9152.807180
9154.809228
9085.024906
9003.614060
8903.740000
8766.450263
8623.302542
8495.764662
8391.991375
8287.713722
8202.828588
8179.430301
8149.328759
8140.042712
8065.409398
8033.790169
7999.287068
7941.890452
7930.642406
7947.390019
7938.032486
7949.779211
8001.250169
8036.341203
8063.587966
8060.643459
8071.073026
8033.815019
7981.835789
7922.377100
7879.580075
7832.557895
7728.990977
7630.753220
7500.336203
7408.615526
7318.581582
7194.341711
7100.661582
7014.697143
6888.686880
6830.736992
6725.715000
6654.455602
6602.565150
6536.434972
6516.209850
6447.212650
6386.626071
6356.211977
6336.995451
6348.724004
6330.562203
6312.512632
6309.933861
6313.507556
6346.802143
6353.519624
6304.287669
6254.476015
6242.814286
6176.171130
6131.522782
6080.948083
6046.230263
6011.678233
5903.629530
5801.341504
5714.934211
5631.943684
5568.020000
5535.919211
5487.169774
5396.133026
5335.701243
5216.432256
5068.719117
4903.635970
4698.553383
4483.477458
4276.422180
4054.412932
3825.732448
3568.807669
3367.550526
3184.126316
3016.905198
2881.631335
2759.151955
2648.546617
2542.709248
2445.511917
2414.160301
2372.649718
2322.223665
2308.004953
2324.022030
2338.290902
2385.471130
2470.568759
2597.337632
2758.332500
2968.871412
3243.386842
3577.563214
3992.287368
4490.486128
5028.718644
5715.012218
6440.606949
7201.680075
7980.470132
8850.574041
9655.550789
10423.728060
11175.836466
11855.250000
12542.710526
13141.607345
13685.027256
14202.555639
14672.202448
15149.599436
15656.599812
16206.354887
16740.977778
17364.340038
18001.842105
18707.802256
19389.961466
20027.077778
20789.300752
21456.435526
22136.586842
22795.453107
23482.714286
24184.239662
24830.462712
25471.164662
26128.528249
26737.064662
27317.658192
27920.668045
28528.183459
28943.806391
29402.081955
29867.579661
30383.290789
30751.508098
31086.521053
31427.835970
31593.534962
31723.802256
31895.203008
31979.062218
31970.620339
31987.951880
32083.170489
31972.628759
31993.280451
31989.071429
31869.919361
31630.802072
31392.807143
31098.966917
30749.081579
30363.900000
29954.090977
29549.516729
29208.688889
28917.976692
28681.135217
28504.415977
28315.563158
28360.166667
28482.295113
28674.383835
28913.821429
29240.314689
29628.679323
30120.414286
30550.794737
31044.353947
31592.199248
32205.594737
32739.304520
33263.649248
33829.925800
34258.787970
34628.140414
35023.409793
35313.590977
35465.627068
35685.425752
35732.484746
35643.119549
35505.225188
35422.094737
35266.905263
35066.151789
34839.082895
34622.096045
34368.843609
34124.498870
33887.241729
33581.261278
33360.100753
33049.984023
32877.138910
32576.149624
32255.231638
32176.335338
32016.978947
31971.244737
31866.068421
31709.226554
31592.467669
31481.793220
31378.370865
31265.183616
31126.393609
31027.932895
30953.349153
30795.533835
30680.568550
30568.607143
30421.420904
30303.537970
30082.791337
29980.293421
29794.715789
29494.393220
29198.772744
28887.510546
28604.651128
28252.918456
27812.281767
27366.096241
26926.607519
26542.615602
26034.507910
25687.035338
25202.242373
24843.359398
24523.322787
24196.042105
23874.156579
23646.916196
23356.639098
23056.089831
22795.502632
22559.288136
22272.727820
21958.031767
21715.077444
21519.712030
21349.969680
21142.334586
20864.979699
20751.001504
20549.338983
20368.223684
20221.194737
20155.564972
20072.481203
20015.675706
19982.868421
20025.804331
20075.685526
20037.467293
20005.348496
20055.625376
20078.151789
20095.387970
20167.448684
20126.148776
20078.945489
20106.473684
20134.884211
20153.674576
20209.598496
20215.292669
20181.934023
20085.208647
20030.435714
19932.664286
19741.444821
19562.442857
19335.135593
19106.444737
18798.157143
18619.831073
18293.115226
18030.146053
17811.789474
17557.121657
17251.158835
17070.388346
16851.477444
16637.544549
16448.235217
16205.960150
15959.217137
15735.629699
15442.806968
15121.933459
14823.350000
14563.479661
14233.681203
13909.800000
13534.990789
13209.248211
12890.379699
12548.468985
12195.260338
11827.509774
11454.807910
11145.068609
10834.523729
10505.056767
10231.338606
9949.237970
9675.967368
9487.454878
9230.699812
8931.745141
