108.694737
103.453853
106.681190
112.218429
116.516186
118.248483
105.381119
114.452624
109.780855
118.074887
129.107211
132.708742
140.509930
146.695463
143.989699
147.905616
155.489224
156.926553
163.372293
177.894252
175.150177
170.836008
185.406847
201.467434
198.707847
214.163632
210.634269
217.158006
222.899677
224.175177
236.629398
244.805117
242.833105
246.704763
255.436195
265.274120
277.809785
283.436308
284.040774
302.236000
306.859024
314.748769
316.801143
318.334902
329.074887
334.194501
331.368797
336.212976
349.927947
364.051316
375.331143
394.599530
398.958469
410.572902
440.380452
456.824562
476.109145
505.138940
543.174043
565.238409
596.083962
633.233814
674.042508
722.599639
782.534000
853.341821
911.952175
982.437970
1040.081036
1133.477500
1223.300791
1302.863534
1380.576893
1509.699267
1606.990226
1696.065075
1802.879398
1929.343672
2048.240977
2162.549680
2295.708475
2435.944737
2570.549286
2705.473008
2830.035254
2973.441805
3104.805714
3228.677237
3327.040150
3442.613383
3580.470132
3689.531864
3787.208722
3857.859077
3919.035658
3998.314323
4063.763861
4097.246579
4133.373929
4156.402406
4177.214181
4209.629643
4222.748797
4220.837368
4227.125357
4242.179379
4231.206767
4218.346992
4223.440094
4250.143898
4256.917782
4248.254436
4260.587500
4273.642632
4273.053459
4305.057293
4327.173164
4323.358722
4311.449153
4354.789699
4372.578571
4413.361638
4450.958759
4455.156692
4472.573421
4464.379247
4435.217049
4419.771128
4363.673684
4298.479737
4273.074444
4212.883383
4168.148230
4106.191316
4069.171149
4058.354962
4053.795320
4052.370395
4069.364398
4044.632932
4018.142444
4026.049284
4016.083835
3985.907143
3981.869002
4006.125789
4022.641695
4019.880714
4008.214915
3999.669098
4004.695865
3999.595357
3985.970038
3982.077966
3934.435338
3921.916015
3884.897970
3853.441864
3831.700808
3780.045414
3734.722674
3708.265789
3661.086139
3604.120000
3583.849549
3568.373647
3519.268571
3503.334962
3456.091823
3444.569981
3460.179624
3455.987049
3435.395169
3425.386893
3409.920789
3394.357801
3380.387458
3406.798947
3415.430772
3394.797143
3410.575752
3397.725188
3399.543891
3392.206485
3376.296090
3383.004576
3350.759850
3329.220150
3319.107782
3299.916523
3271.130075
3250.560150
3251.023158
3251.300263
3239.983842
3228.657970
3212.610771
3180.754737
3156.383070
3140.356466
3096.598083
3038.194482
2956.224323
2879.615085
2780.855338
2698.161805
2605.477721
2510.293665
2447.971184
2383.335263
2321.272448
2264.668045
2216.374737
2195.900977
2172.457500
2142.462500
2122.984323
2108.677985
2086.391316
2085.916102
2109.797293
2135.400677
2147.311469
2189.069887
2256.380000
2326.152500
2408.612712
2548.418797
2707.361429
2869.327218
3093.453609
3321.529153
3608.112481
3885.122034
4201.786090
4526.400452
4847.936241
5175.153835
5461.781375
5754.504925
6086.930263
6356.317368
6613.753107
6846.217143
7045.996504
7261.123710
7487.233289
7726.663597
8003.964887
8279.361111
8588.147387
8915.875752
9202.723609
9578.588891
9928.254689
10244.736090
10598.008647
10880.685526
11175.179284
11506.196992
11841.548872
12166.728814
12510.529323
12865.797363
13144.360338
13489.380038
13795.988346
13997.107707
14225.175000
14436.684211
14673.290395
14908.435902
15107.744256
15215.984211
15341.088512
15398.885902
15479.577444
15583.339850
15630.053947
15634.736158
15587.585714
15651.463534
15676.991165
15653.382707
15621.685714
15578.383647
15489.632957
15366.257143
15126.915226
14943.835526
14736.700000
14539.643609
14333.258271
14129.319962
13974.927444
13843.697928
13776.334962
13846.303008
13857.642938
13936.570301
13991.255827
14128.238346
14313.252542
14508.220489
14679.132331
14959.789474
15258.407895
15503.856015
15748.681579
15987.672881
16240.350564
16501.397740
16702.857143
16869.208459
17051.414689
17251.156391
17310.838722
17387.988534
17392.338983
17448.132331
17459.156391
17342.418421
17271.842105
17205.615254
17084.986466
16914.085687
16718.146617
16570.680791
16476.445113
16327.872180
16158.230508
16105.788722
16010.561466
15936.753383
15832.276271
15684.350000
15557.193985
15537.997368
15509.519737
15450.807533
15408.546617
15339.370433
15220.043233
15131.238606
15072.328195
15038.372932
15046.010169
14888.668421
14882.401507
14805.439286
14698.314689
14666.439850
14588.258757
14554.911842
14443.668421
14291.225989
14092.142293
13915.535405
13756.070301
13591.542561
13434.750000
13261.183459
13042.887218
12804.505639
12559.175141
12361.011278
12158.949153
11941.892293
11837.331450
11676.715789
11534.914474
11356.386064
11202.509774
11028.628814
10902.303759
10826.515254
10717.644361
10595.144925
10473.829323
10332.757143
10298.089642
10194.523496
10111.897744
9935.847143
9838.935819
9819.479868
9745.987632
9685.072147
9653.686917
9667.141055
9659.177895
9646.182354
9653.388665
9664.523835
9677.412368
9680.486278
9640.130019
9584.712030
9596.505752
9551.530320
9569.420677
9542.057895
9521.769605
9530.788475
9536.629925
9515.547726
9511.877256
9527.307744
9484.243571
9391.573308
9300.638004
9195.111429
9086.001525
9004.072406
8867.440714
8784.302109
8645.212876
8534.439868
8403.497895
8291.617100
8186.699229
8078.018872
7963.526541
7843.794211
7692.264708
7574.902857
7502.868757
7364.980695
7186.106460
7095.919286
6969.263008
6818.748136
6687.656617
6553.490000
6346.042237
6217.281827
6031.874549
5855.459380
5674.704812
5507.138496
5347.978475
5223.702237
5085.747797
4907.493872
4758.943409
4640.935207
4510.546692
4388.021017
4269.244568
4140.252260
