21.167547
9.404916
16.137542
16.515572
11.315939
22.697686
19.434949
22.365254
19.201068
29.140162
24.506094
19.877547
23.245636
26.904251
35.737923
39.275829
30.694271
37.991445
31.300356
34.242527
47.646541
44.818644
37.936435
44.504980
56.170729
54.815956
53.688191
52.135906
48.957698
49.480436
59.761991
68.239330
63.816958
67.017622
66.568331
62.730862
71.723726
61.052546
77.727051
71.420907
74.677947
76.725880
79.796100
80.111591
83.102905
88.908561
87.227879
84.035845
87.066064
85.186007
91.410926
96.267031
97.828226
109.243365
103.304467
110.955812
107.163077
114.934842
120.169680
121.836584
136.827015
156.562492
165.727686
171.965677
179.214158
181.884569
193.596976
205.620782
222.033765
225.107338
259.134153
269.852376
284.612463
301.708487
321.770282
325.397662
341.929756
368.701525
383.149195
401.352633
432.593791
458.812868
483.182974
494.128464
516.489605
558.342398
577.636034
583.464415
627.382218
651.725226
680.926541
681.167288
697.338910
728.164557
741.254979
747.315023
757.743623
763.289526
770.191500
774.131511
774.563633
770.833964
778.811853
789.054195
780.052643
777.776620
775.427105
775.091910
766.090239
770.008181
780.776477
764.389344
758.585868
779.338368
773.075338
761.742494
762.838793
768.949248
769.856119
776.788335
775.670887
786.149013
793.599970
797.693231
791.728331
798.026518
797.516113
789.760992
782.271211
770.862158
760.796913
754.346357
738.738706
732.260782
723.288989
719.372624
706.364635
703.374480
706.852045
706.990143
698.888600
703.527680
708.544632
708.958722
705.264772
701.197658
700.400000
694.039763
686.369458
699.058812
689.786325
688.783135
681.051549
700.183815
695.303459
668.159556
657.122113
651.156678
653.441566
643.334985
644.211343
640.745645
627.321217
623.218857
615.806994
621.678143
608.761571
600.230989
600.326722
583.576301
572.974075
575.597092
572.374694
582.947092
574.999868
567.526825
571.358475
570.766316
564.731825
568.148085
577.635462
575.585068
565.509673
562.293679
566.134722
552.329508
543.257915
546.315143
556.212143
559.583861
541.862878
534.457902
550.836947
554.226368
539.387503
533.779842
540.735158
540.137929
530.618303
542.820902
536.401259
523.474731
514.330451
505.807898
490.649607
473.630684
472.410458
452.559466
438.338487
437.576974
426.534023
415.536508
415.780872
409.083511
400.637455
397.773820
400.060226
400.438399
392.217256
398.686695
400.297120
400.256840
393.431887
422.524338
423.265474
426.289000
448.445825
469.073624
477.767607
489.200280
514.512831
533.421186
564.616466
613.695780
643.766226
677.023947
716.656615
751.576932
788.207552
828.630415
856.736737
896.407474
933.928734
974.026959
1008.431654
1033.084313
1067.834286
1097.143597
1125.689398
1184.592222
1224.848120
1253.679549
1311.953496
1365.471786
1413.250169
1470.380827
1527.904586
1568.063158
1624.011846
1671.072669
1709.472500
1776.391186
1846.039323
1875.658041
1910.953383
1973.940998
2030.538609
2063.584474
2113.507707
2136.859624
2167.925706
2205.383365
2248.436516
2267.559737
2282.901224
2295.052857
2317.270677
2320.516165
2318.469173
2340.014633
2322.193308
2323.603872
2330.760169
2325.801729
2321.248571
2311.426880
2296.503710
2295.108571
2267.572500
2218.102368
2187.360000
2158.071278
2140.052932
2115.142618
2077.974925
2056.389209
2042.617011
2032.166241
2036.327175
2034.972199
2041.410094
2050.434962
2065.240301
2104.203759
2135.646541
2162.410526
2171.903816
2212.749117
2265.646165
2284.590395
2298.126015
2332.205819
2363.917744
2402.401184
2453.527552
2451.630714
2457.472895
2432.409211
2441.962881
2440.383459
2448.490282
2422.402500
2406.515526
2391.793032
2382.104474
2377.517797
2358.858421
2323.769040
2293.369492
2276.737030
2257.468456
2233.562481
2212.499624
2198.489925
2168.532542
2160.786880
2145.711504
2139.376842
2127.795526
2119.649416
2103.055940
2099.805424
2094.529267
2083.886121
2067.794211
2035.537838
2023.680678
2034.593008
2028.424802
2017.488929
1991.154388
1967.706391
1983.806083
1943.395658
1920.983684
1913.884972
1901.634586
1884.968192
1863.914398
1828.571601
1800.860263
1782.362632
1739.966466
1710.765075
1712.439209
1675.430827
1619.583559
1615.558365
1598.218945
1580.351053
1537.572105
1503.721733
1488.822669
1464.136780
1445.187820
1430.273051
1421.286842
1411.246410
1384.163571
1358.083158
1329.512806
1328.002105
1323.237218
1296.998045
1281.809774
1265.339211
1268.972105
1261.165085
1258.916598
1259.194953
1255.276692
1251.955989
1245.304981
1241.431353
1255.262669
1262.591767
1230.831695
1212.568045
1225.574192
1231.620377
1231.837669
1228.988421
1224.852763
1210.196780
1210.486992
1200.835207
1208.104492
1217.252857
1198.812857
1185.815977
1180.308983
1157.527143
1162.299322
1179.899981
1134.562143
1114.185951
1088.380113
1093.249342
1057.834737
1058.682505
1031.294549
1014.679135
992.970041
974.070325
968.844337
956.103827
933.452490
917.968071
917.182968
923.665613
887.275964
872.484492
842.071128
835.676000
793.955447
777.914906
759.227959
734.467919
719.996863
701.145008
677.394537
650.082141
626.215955
611.457135
600.586202
588.570630
570.652023
551.018143
528.672748
524.425554
