54.442053
45.714749
48.765553
49.057880
48.185066
53.777129
59.641281
51.500575
47.696851
52.107894
56.168080
55.898517
54.028922
52.105811
51.360270
53.136681
54.234947
53.304916
50.317227
47.936667
51.407869
46.103789
52.038938
50.715918
51.861776
48.649404
44.842965
51.512250
52.575680
53.969897
54.692514
46.672604
53.600505
59.400624
52.336410
52.616990
57.124959
54.477260
46.118232
46.524771
47.429393
49.777640
54.594471
54.906908
49.225796
52.848589
58.937240
55.607687
52.446416
49.171075
50.942232
50.638370
39.715785
52.946469
59.045615
57.678131
53.963644
57.743197
58.084704
60.655263
60.326861
63.744773
62.671185
54.932038
55.320311
59.846967
65.596273
70.318429
65.278163
75.869487
73.234768
77.860930
81.148734
80.496070
76.412327
87.946046
94.400000
104.018222
109.375707
105.322498
104.183599
106.828105
112.161417
117.656521
122.393870
130.521955
124.734803
131.427241
119.883925
140.175872
132.940278
140.329288
151.840872
154.328883
151.744259
151.205816
150.260331
152.174211
159.185536
153.903932
155.510774
154.794107
162.930150
156.335714
155.172857
157.666128
165.119564
165.978135
159.571430
163.302655
163.430244
165.959244
167.412487
160.779421
159.969271
160.769648
163.837635
161.823237
168.032949
172.730323
162.081549
170.844559
171.588932
169.372927
168.519353
163.402318
165.355278
167.136128
165.141105
165.716118
167.062394
162.979233
154.289908
153.920724
159.702573
166.160594
169.877466
159.661458
162.971538
157.513164
155.160398
159.033136
157.576414
163.887880
167.072307
159.932158
158.330610
164.420577
165.583966
161.417729
162.531205
156.265541
151.261748
160.961633
157.488737
153.273030
154.232955
148.749638
156.995615
157.641098
156.722134
153.864816
150.283326
156.164286
156.960353
151.281758
149.316071
145.504263
150.965741
151.870996
135.800383
143.738045
148.372293
143.413917
148.274064
149.144613
144.501763
136.285474
130.486405
136.393827
142.775722
138.123241
148.387857
152.149791
141.145549
138.099322
140.468716
144.982921
136.610056
135.686340
134.424818
138.632180
142.100842
142.809158
138.645045
130.056211
129.801660
137.822897
136.779205
144.331308
138.838502
138.637412
131.696857
127.610915
131.010966
123.281662
128.101056
120.105917
117.999868
111.448816
110.635267
118.883177
116.065842
105.986594
107.131402
114.654756
111.717207
111.865716
107.164509
103.685627
121.906271
108.070009
106.551893
113.661932
122.596605
123.853500
119.779857
118.530767
125.921536
134.855722
140.789274
156.374102
155.430086
166.468017
174.834451
188.474571
185.658498
201.461902
212.984797
226.357703
235.003750
250.469684
256.681435
266.225596
275.591556
275.856228
287.726810
299.383556
295.888729
325.223222
324.044705
340.717846
357.024346
369.964773
376.937488
392.729842
398.119887
415.908289
427.448804
440.955568
462.480810
475.621525
482.531053
501.288951
525.759135
535.147137
552.797395
565.474205
576.290786
600.647534
602.548045
617.564321
627.299546
636.540500
635.065337
636.610504
635.607316
639.825895
656.767620
660.333390
656.293064
675.629479
668.452496
668.651805
672.832000
670.549562
675.757648
669.380000
660.387534
665.516961
664.056000
658.601301
645.552064
635.787795
628.468184
620.598345
628.793120
636.522203
640.732887
643.774070
669.401868
668.186898
660.768301
674.790461
681.208316
694.666105
716.168079
734.401023
746.443327
757.820209
774.558915
794.268757
803.755120
804.171855
821.727780
837.323222
836.456211
841.130282
836.444695
839.620639
852.075983
856.258171
859.620632
845.154729
850.904459
838.378734
828.583662
842.339508
838.314425
825.955812
822.468367
805.751735
811.419878
813.442564
824.777038
804.462974
802.892331
810.429079
807.813408
800.868162
801.106962
792.842166
792.851611
806.623217
810.379049
809.351301
813.617237
796.365414
800.849516
794.364786
786.642075
776.484000
781.862079
776.118355
781.285053
775.564531
767.352759
767.885881
768.609620
767.304787
759.096417
744.349496
730.509669
715.670382
726.615763
710.468079
701.719565
668.380023
672.375085
677.255158
650.986395
672.381166
664.103966
656.395475
647.846562
643.645169
644.486714
633.138017
620.488303
620.633214
625.240742
622.811021
607.117962
606.287286
606.865559
605.360382
594.504526
594.431032
594.762034
596.392047
593.867549
598.612390
602.048464
599.216023
599.870774
599.586953
601.923343
610.751895
600.251171
595.237053
608.635902
592.473395
604.293132
608.947271
607.396353
625.930654
615.536459
609.122553
609.230357
603.794675
597.306682
592.578286
596.181412
583.932186
582.410429
563.075672
583.164703
578.743842
577.492789
553.802130
539.553288
534.253534
548.858004
548.525400
524.310857
516.066278
523.280013
511.420989
495.783994
499.784496
484.335408
471.256966
459.629970
463.258105
452.323408
456.425642
429.557560
422.483936
412.098305
398.433782
384.432955
374.434592
371.019859
369.011541
364.690243
355.768288
340.463797
341.006659
328.606836
319.747424
