-6.79752
-1.3029
4.19171
5.99552
7.79376
4.91289
2.01572
-.285277
-2.58302
-2.99666
-3.39626
-2.01444
-.615814
-1.88404
-3.18277
-3.79146
-4.39087
-7.84333
-11.3399
-6.88348
-2.28798
-5.04169
-7.93885
-4.18605
-.289866
-1.85916
-3.5575
-5.06103
-6.55956
-9.12736
-11.7248
-3.45709
5.13449
4.14141
2.84268
3.47633
4.17565
-.428314
-5.22361
-5.88114
-6.38065
-4.76746
-3.06913
1.02511
5.22099
2.62644
-.270724
3.41777
7.41386
7.219
6.8194
1.85726
-3.33765
2.37599
8.66982
3.03634
-3.25749
-4.26126
-4.96057
-.192248
4.90276
5.76444
6.36385
3.77141
.974154
2.20523
3.70377
1.74329
-.454551
-1.06645
-1.56596
-3.64809
-5.84594
-4.79231
-3.49358
-4.23433
-5.13345
-4.55245
-3.85313
-3.15382
-2.4545
.455599
3.55256
-.979857
-6.17477
-4.12344
-1.42608
-1.74917
-2.34858
-.299341
1.99841
1.65318
1.05376
1.18188
1.38169
-3.13728
-8.13239
-2.08041
5.11254
5.52894
5.22923
2.67557
-.121692
-.220075
-.0202707
-4.8474
-10.2421
.575515
13.2631
10.6675
6.2718
-2.22615
-11.2173
-6.772
-.677968
.710303
1.50952
-5.04441
-12.5371
-6.1515
2.04047
.794986
-1.70257
2.92827
8.52278
4.2827
-1.31182
-1.12387
-.124847
2.0106
4.30835
4.42556
4.22575
2.37246
.274512
-2.17075
-4.6683
1.58421
9.17677
5.10012
-.794099
1.15977
4.35663
-1.13724
-8.03049
-2.73286
4.55999
4.31517
2.81664
.463508
-2.03404
1.94846
7.04346
7.28959
6.69018
4.22357
1.42631
-1.03224
-3.42989
2.7895
10.5819
10.1143
8.11626
2.75465
-3.23948
-1.26373
2.23284
.791256
-1.60639
-2.2505
-2.55021
-3.01653
-3.51604
-.275587
3.7205
.668845
-3.82675
-3.11106
-1.31282
-1.41261
-1.91212
-1.25905
-.359936
-2.17115
-4.5688
-1.31289
3.1827
-.822653
-6.71688
-4.86441
-1.26794
-2.38966
-4.58751
-6.21729
-7.71582
-2.98068
3.21325
1.25032
-2.64586
-3.31943
-3.21953
-1.19076
1.30679
3.56382
5.76167
3.56073
.26396
.956296
2.65463
2.76124
2.46153
4.62293
7.42019
1.18925
-7.40233
-4.69706
.997363
1.17556
-.123169
-4.88062
-10.575
-8.34989
-3.95419
.597931
5.19343
4.01544
1.21818
-1.34561
-3.84316
-1.06197
3.23382
.250928
-4.84408
-2.98776
.908425
-3.28472
-9.87826
-9.86309
-7.86505
-4.79391
-1.39724
1.46425
4.16161
3.42735
1.62911
-1.08187
-4.07893
-5.17933
-5.67884
-1.94079
3.15422
7.19257
10.8889
6.30462
-.988238
-2.64983
-2.45003
-2.54977
-2.74958
-.633935
2.26323
1.73357
.0352301
-.994403
-1.79362
-2.66694
-3.56606
-3.13482
-2.2357
-3.17941
-4.77784
-5.56759
-6.0671
-4.95353
-3.2552
-3.45813
-4.35725
-1.97452
1.62195
3.18187
3.98109
3.40208
2.30315
-3.64272
-11.4351
-8.40543
-1.21248
.8
.8
2.73739
5.43475
-.526588
-9.91739
-7.03363
.758731
1.79014
.0918098
-.187084
.112622
-2.20639
-5.60307
-2.29459
3.79944
-.805015
-9.89611
-5.23015
5.25957
7.3501
5.85157
5.67919
6.0788
5.50398
4.50496
3.64475
2.84553
.662117
-2.13514
-1.82676
-.128421
-1.66456
-4.66162
-3.1982
.298371
.0314595
-1.96658
-4.71517
-7.81213
-6.01055
-1.91456
-1.75327
-3.45161
-2.64712
-.64908
3.57475
8.86956
5.89234
-1.10081
-2.86355
-2.06433
2.81339
9.70664
9.40006
5.50388
-.386377
-7.27962
-6.88279
-2.7868
-1.92862
-2.72784
-1.5506
.647248
-.0450949
-2.24294
-4.76824
-7.4656
-7.2247
-5.42646
-4.8
-4.8
-2.00917
2.28662
.499931
-4.59508
-3.75503
.340956
3.27926
5.57701
3.38636
-1.30903
-3.12785
-3.32765
2.59046
11.9813
7.2043
-5.68307
-3.17961
8.20923
8.42211
2.12828
-.137055
-.0371527
-2.32173
-6.01811
-5.02296
-1.22668
2.13309
5.23006
3.85135
-.244634
2.41371
9.20705
11.3058
10.5066
6.13606
-.457475
-3.30689
-3.8064
-3.38817
-2.38915
-2.42691
-3.12623
-2.79208
-1.79306
-1.88477
-2.68398
.986408
7.57995
6.28672
-.20692
-.879726
2.31714
2.16449
-.233158
-1.14038
-1.04048
1.49569
5.69158
3.43189
-3.26155
-3.28463
1.31086
-.212366
-6.00669
-4.99899
.795334
4.01819
5.41682
4.95156
3.15332
2.5161
2.7159
1.87432
.275886
.0612738
.860491
2.46419
4.66204
1.19039
-6.50207
-8.65856
-6.66052
-1.13616
7.05581
7.76598
2.77088
.204608
-.494707
4.04084
12.6324
12.1369
4.54437
1.1441
1.0442
-2.34209
-8.33621
-3.45123
10.1355
10.6137
.523586
-2.8426
-.744659
3.93445
10.7278
11.7205
7.92426
4.83683
2.33928
3.37324
7.36932
8.65865
7.65963
6.12121
4.12317
4.0599
5.65833
7.47096
9.469
7.51898
2.12427
-.453156
-.553059
3.00132
9.79466
9.78135
3.68732
3.21817
7.81367
9.89525
9.69545
7.35637
3.06058
2.4035
5.10086
4.89821
2.00105
.342049
-.157461
1.19322
4.29019
7.28476
10.1819
5.98969
-4.99954
-9.33305
-7.23511
-3.87188
.723614
1.58837
-1.20889
-2.49956
-2.29976
-3.30053
-5.49837
-4.35773
.137861
4.13713
7.6337
7.3731
3.27711
1.39696
1.79657
1.75477
1.25526
2.22123
4.71878
4.49174
1.39478
-1.07224
-2.87048
-1.48343
3.31187
3.97349
.177206
-.603241
1.89431
1.24534
-2.85064
-1.629
5.46404
5.8429
-1.25014
-1.28011
6.61216
8.54921
3.75391
2.18061
4.27855
4.191
1.59355
1.45021
4.14757
4.67783
2.67979
1.41635
1.01674
-.114336
-2.11238
-.0135284
6.97962
11.1626
11.9618
10.5046
6.30867
4.35947
5.15869
5.51052
5.31072
5.02183
4.62222
3.38003
1.08228
-.244151
-.344053
1.35819
5.35428
5.84964
1.85355
.297012
1.89544
3.88419
6.38174
6.15947
2.36319
1.01654
2.91468
3.91444
3.71463
4.53685
6.7347
10.077
14.9722
15.184
8.99011
5.19001
4.6905
4.27459
3.97489
3.92482
4.22452
4.11013
3.41082
2.25815
.459911
.343417
2.64116
3.87753
3.57783
3.44063
3.54053
4.44905
6.54699
6.75389
4.15643
3.12051
4.41924
4.44297
2.54483
4.29428
11.5871
12.5677
3.8762
-.732646
.96569
2.07812
2.27792
1.93362
.734799
2.01078
7.20569
7.78383
.99049
-1.66891
2.32717
1.41075
-7.48054
-9.85549
-1.56361
1.18784
-5.20589
-7.2878
-2.19279
2.49193
6.48802
7.6272
3.93082
4.3311
11.7239
15.0417
11.3453
7.68545
4.08897
4.74188
12.8339
14.7489
5.75768
2.65867
10.0514
11.9414
3.94926
-1.2
-1.2
-1.05864
-.659029
-.0134072
1.08551
1.90485
2.20455
4.06816
8.86346
10.7905
7.29391
4.10659
1.50914
.619982
3.01763
4.19236
2.99353
4.12514
9.81956
11.5853
5.59116
1.6
1.6
1.26813
.269108
2.2393
10.2315
13.7962
8.30163
5.0238
6.32252
6.77875
5.48002
2.79634
-2.79817
-3.33474
6.85528
12.0501
6.55547
2.0411
-.35655
-1.7486
-.949383
.411961
3.00941
3.34142
-1.35397
-2.78057
3.11365
7.53706
8.63598
8.33438
4.83781
3.06551
5.26335
5.89836
2.9013
2.26308
7.15828
8.04898
-.542603
-4.24262
3.74955
8.72675
6.42901
5.61412
8.41138
11.0353
13.2332
11.7595
1.16985
-5.28895
-1.39277
1.37171
1.2718
.947128
.0480093
-1.21382
-3.41167
-3.11604
3.6773
9.59034
13.1868
15.4176
14.019
11.4
5.50582
1.84613
4.24378
5.33184
2.83429
1.55714
3.65509
6.67475
12.2693
15.1192
10.224
5.76981
2.57295
.431727
1.33085
2.25552
3.25454
4.73532
7.63248
9.5484
8.54938
8.77361
12.6698
13.891
6.99772
3.61839
11.0111
14.6011
6.40911
1.16725
5.16333
7.40848
4.11171
2.86085
8.15567
10.9967
5.9017
1.48524
-.712606
-.54381
7.44836
13.3009
12.0022
10.7491
9.65016
7.55617
2.06156
.198861
10.8884
17.3777
9.1857
2.35944
.361403
.524723
8.41699
13.2585
7.06463
2.90753
6.2043
6.97296
-1.61862
-7.30546
-2.11055
2.37535
4.17359
6.28169
9.57846
11.136
5.94109
2.77275
7.56805
11.119
9.72039
8.08327
5.48582
3.53775
4.23706
4.42983
2.53169
2.50437
10.2967
14.7291
4.93867
-2.43314
.563921
2.28942
-1.50686
-3.80434
.49145
4.29293
5.89136
6.69286
3.8956
2.42415
7.01965
10.2152
6.91845
4.02475
3.02573
2.33863
3.13785
3.61153
2.51261
2.07425
4.87151
6.74797
4.05062
2.03164
3.43027
5.22131
9.01759
11.3761
6.28112
2.14363
3.04275
3.75271
3.453
3.2
3.2
2.95406
1.35562
-.789126
-5.98403
-9.09676
-.405281
6.45299
2.75661
.635759
7.72881
13.6273
12.4285
9.92355
-.466267
-8.05592
1.53468
9.05453
3.65981
.224835
9.21602
16.3025
11.1076
6.17703
2.98016
-.0604391
-2.05848
-3.19717
1.49823
5.15794
1.66136
-1.01453
2.08244
4.34716
.650785
-2.22666
.8703
3.67108
4.2705
4.78835
4.68845
4.46253
3.2637
2.16622
1.86651
2.23066
7.92508
12.6631
9.56611
6.36242
2.26644
-1.27428
-.0754527
1.24674
3.64439
5.86051
6.45992
6.86155
5.46292
4.2
4.2
3.77259
-.723003
-4.40931
-.21342
3.19932
-1.19637
-4.30894
5.68127
14.3642
9.36915
4.70629
3.60737
2.73317
4.33161
5.75123
5.15182
4.96486
9.56036
13.1966
5.40423
-1.15908
7.33259
14.9282
11.2319
7.50691
3.41092
-.386094
-.18629
.168926
2.66648
5.02624
5.42585
5.78727
5.58746
5.15321
1.15713
-2.58208
-2.28237
-1.6822
3.81241
8.74321
4.14771
-.00608204
3.59039
6.96366
6.26435
5.63996
6.43918
7.06562
4.26836
1.57698
1.07747
.564738
-.234479
-.759919
4.9345
10.2875
7.49029
4.73123
2.93299
1.27612
3.37406
5.21484
-.179872
-5.17368
1.81946
8.48762
4.79124
1.20852
1.50823
1.77354
.774521
-.21715
-.916465
-1.6
-1.6
-1.64528
-3.84313
-5.99441
-5.6947
-5.29665
.897275
6.88967
-.602988
-7.96174
-4.96468
-1.96222
1.53436
4.98498
3.28664
1.56904
-2.92655
-7.37736
-2.78186
1.79852
1.29901
.800805
1.60002
2.39924
