6.79788
2.10248
-2.59292
-5.19354
-7.79099
-5.41066
-3.01301
-3.19872
-3.39852
1.16155
5.75704
2.73198
-.364983
.0938626
.593373
.698576
.798478
5.52229
10.3176
5.58892
.693721
1.4819
2.38102
5.04043
7.73778
5.45765
3.06
2.80519
2.60539
4.73854
6.93638
3.41061
-.285768
-.980889
-1.5803
-.730429
.16869
2.99627
5.89343
-.447238
-7.14068
-1.15794
5.33569
2.91659
.119336
1.05204
2.15096
-.186108
-2.68366
-4.70497
-6.70301
-8.32084
-9.91928
-1.46287
7.52832
3.64558
-.949913
.0280502
1.32678
-.391124
-2.28926
-7.19777
-12.2928
-1.24075
10.8474
5.97906
-.0150658
-2.73716
-5.23472
-3.53418
-1.53614
4.83736
11.5308
5.03256
-2.4601
-1.51674
.0816885
3.43777
6.93434
2.49209
-2.60291
1.05311
5.4488
-.358662
-7.0521
1.48073
11.371
6.61674
.522716
-2.10066
-4.39841
-5.23796
-5.93727
-3.18081
-.0838503
4.64654
9.54174
7.73625
5.2387
1.47619
-2.41999
.896491
4.99248
1.53161
-2.76418
-1.13536
1.16238
1.04171
.642107
-1.45563
-3.75338
-3.82164
-3.62184
-5.64662
-7.94437
-6.60182
-4.80358
-3.35971
-1.96108
.321512
2.71916
1.41239
-.385848
-1.65606
-2.85488
-4.9318
-7.12964
-5.29728
-2.89963
-3.56159
-4.66051
-2.53224
.0652176
-1.42754
-3.52549
.194184
4.78968
2.71433
-.38263
-3.0474
-5.64486
-4.27514
-2.2771
-.106966
2.09088
-.175537
-3.1726
-2.31517
-.816637
3.67298
8.66809
8.29157
6.99284
3.22714
-.968749
.436935
2.83459
-.271738
-4.36772
-4.74656
-4.44685
-3.72572
-2.9265
2.91807
9.71141
8.2832
5.28613
5.88807
7.1868
2.72389
-2.87062
-2.05057
.0473722
3.6413
7.53748
3.30804
-2.58618
-3.6
-3.6
-3.6
-3.6
-1.37716
1.32019
-1.81378
-6.20948
-6.83613
-6.63632
-4.9652
-2.96716
1.55875
6.65376
2.47505
-3.81878
-2.40312
.793749
1.48096
1.58086
-2.92261
-8.51713
-5.33004
-.0352315
1.16074
1.36054
2.6026
4.10114
6.87931
9.97628
5.33438
-1.25916
-1.88372
-.984604
1.10537
3.50302
1.46577
-1.7311
-1.37301
-.0742858
.830425
1.62964
1.64278
1.44298
-4.08882
-11.082
-7.75061
-1.55668
-.12198
-.0220778
2.95732
6.7536
3.48569
-1.80912
-4.39379
-6.19203
-1.27065
5.6226
6.19846
4.89974
3.52416
2.12553
1.8
1.8
.500283
-1.19805
-.303612
1.39472
-.405808
-3.30297
-1.42054
1.97613
4.23774
6.13588
7.12832
7.82764
5.36523
1.86865
3.10234
5.89959
4.80269
2.40504
.903697
-.295128
2.15635
5.85273
2.63918
-2.95534
-1.2135
3.08229
1.90883
-1.18814
.653668
4.25014
4.61186
3.81264
3.30671
2.9071
-.563781
-5.15928
-4.35796
-1.5607
-.727266
-.627364
.197921
1.29684
-.93199
-4.42856
-3.16345
-.0664846
.296343
-.402972
-.0259584
.773259
1.14312
1.34292
-3.16727
-9.56101
-5.56423
2.62774
3.65153
1.75339
2.96941
5.46696
1.54168
-5.05186
-4.18461
-.188524
3.73737
7.63355
5.09036
-.204453
-2.28858
-2.9879
1.1849
7.47874
5.44386
-.250556
-1.65395
-1.15444
1.55353
5.24991
3.37198
-1.02371
-.890299
1.30755
.357752
-2.0399
-6.00687
-10.7023
-10.7712
-8.67331
-8.81408
-10.0129
-7.42367
-3.02797
1.09792
5.09401
2.36486
-3.62927
-2.5154
2.0801
3.13197
2.43266
2.06667
1.86686
-.459954
-3.85662
-4.46981
-3.67059
-1.28551
1.91135
-.0964492
-4.79185
-3.37844
1.21706
6.72942
12.7235
9.18467
.593086
.724742
5.52004
5.31781
2.42065
-.217681
-2.71523
2.0125
10.704
10.134
4.43958
2.59236
2.89206
5.10949
8.40626
4.62919
-3.16317
-3.01397
1.68143
5.49011
8.78688
5.58013
-1.41302
-5.63658
-8.23403
-6.94102
-3.34454
-.686373
1.41157
1.13991
-.55842
.664863
3.66193
8.76584
15.1596
11.0523
.462696
-.0902373
5.60418
7.12483
6.02591
2.41847
-2.77644
-1.20174
4.69248
7.79029
9.08902
6.44901
1.2541
-.377199
.322115
2.64695
6.04362
8.48015
10.2784
10.5215
9.72228
8.56536
7.16673
6.6
6.6
2.03964
-5.65282
-3.13315
6.45745
7.04647
1.35205
-.120428
1.3781
3.1104
5.00854
4.46033
2.16258
1.0839
.884094
.395014
-.3043
3.83976
11.5322
10.088
1.89602
-.798253
.600377
1.37121
1.67092
3.05127
5.24912
6.4834
6.98291
5.16655
1.57008
1.23835
3.4362
4.45609
4.55599
1.19027
-4.90376
-6.65307
-4.95474
-3.86697
-3.26755
-.345124
4.45018
5.11192
2.41456
2.79263
5.68979
5.68666
3.28901
1.54568
.346853
.451972
1.6508
4.09473
7.59131
8.01333
5.81548
3.72512
1.72708
-.270958
-2.269
-1.9729
.324847
.762123
-.436702
-2.7477
-6.04447
-3.22052
5.07135
7.31779
4.12092
2.39051
1.9909
4.14798
8.64358
11.9956
14.2933
10.791
1.89976
-.645936
2.75073
3.88606
2.88703
2.65599
3.1555
2.48195
.683711
-1.87663
-5.1734
-5.02861
-1.53203
1.35955
3.6573
1.2344
-5.85865
-3.79732
7.39171
10.7577
6.26214
4.59559
5.79441
4.52141
.725129
-.707592
.291429
1.19236
1.99158
1.42301
-.575027
-.286357
2.411
1.57094
-3.02455
-1.68383
6.00863
8.94254
6.7447
7.80204
12.3975
13.7988
11.7009
10.6475
10.7474
9.57064
6.97319
4.79952
3.10118
2.01243
1.61282
2.89426
6.09113
8.1255
8.82481
8.92217
8.32276
5.60236
.407455
2.87995
14.3687
13.5596
-1.82531
-6.05759
3.0335
6.77622
4.07886
1.96819
.569557
-.918939
-2.51737
-.626249
5.56768
8.37641
6.97778
5.35742
3.45928
4.03357
7.72995
8.96486
7.06672
6.43759
7.43661
5.99609
1.40059
.578066
4.67405
6.00705
3.7093
3.21654
5.11468
6.8417
8.34023
8.05022
5.35286
4.5206
6.21894
6.10299
3.50553
2.54596
3.84469
5.05981
6.15874
5.59344
2.69628
2.86344
7.35903
7.85688
2.66197
.666471
3.26393
5.65727
7.75521
9.12188
9.42159
8.91268
7.21434
5.3953
3.39726
3.92169
8.21748
9.8836
7.58585
6.1207
5.9209
7.61479
12.2103
12.095
4.70229
-.89369
-3.69095
-3.84542
.150668
3.37338
5.37142
7.44641
9.64425
10.2344
8.23641
6.16221
3.96436
1.95594
.257607
1.46139
7.45552
8.83787
2.54403
-2.07137
-3.86961
-2.06889
5.82337
9.69279
6.69573
3.99236
1.79451
-.403336
-2.60118
-3.16465
-.866903
-.339216
-2.93667
-1.33056
7.76053
12.0278
7.63209
4.62232
4.12281
1.14945
-6.3432
-7.61523
2.57479
9.86403
11.7622
11.8184
8.42172
6.64925
7.94797
7.49425
3.69797
1.50749
2.40661
3.71337
5.81132
5.64638
1.05088
.417659
7.61061
11.1314
7.33517
4.93275
5.33236
5.46803
5.06843
3.22582
-1.56948
-1.27923
9.51019
14.2401
6.34782
2.73924
8.13395
10.9357
8.23831
7.29086
10.0881
10.2608
4.76624
2.69695
8.09166
10.6445
6.94814
4.52413
4.92374
3.87398
-.421812
-.672868
8.21842
11.9339
3.84179
-2.13275
-3.23168
-2.64754
1.84805
4.31325
2.0155
.69663
1.69565
1.01504
-3.68036
-5.27298
.621242
4.65462
4.15511
4.03104
4.83025
5.74421
6.94303
6.46105
1.76565
-1.11903
.57931
1.85619
2.056
1.92099
.921968
3.19217
13.9816
18.7739
7.78472
2.03972
10.2317
13.6238
4.13309
-.161629
9.62878
14.1541
4.26378
-1.64694
3.44807
6.30461
2.90794
1.23645
4.43332
6.54057
5.54154
4.92874
5.42825
6.71986
10.3163
11.504
5.60977
2.15608
5.95236
8.101
5.30374
3.91829
6.81545
9.02457
9.12447
8.61495
6.2173
5.48816
9.98375
12.4885
8.69227
4.99115
1.59448
.274072
5.66879
10.034
11.033
11.2663
8.9686
7.79817
10.3956
11.4191
7.12334
3.25724
.859588
-.305003
2.79196
4.88887
3.49024
3.41327
8.00877
10.2901
4.29596
-.0105492
1.78769
3.71457
6.11222
8.33991
9.93835
10.6106
7.81337
6.32986
9.82643
12.6
12.6
12.0475
9.35018
7.40266
8.40168
8.03594
2.24162
-.670948
8.02053
14.5277
12.1301
9.51811
6.02153
4.02933
8.32512
11.3036
8.70618
6.67558
7.07519
7.99838
11.1952
13.4484
11.5503
9.41414
6.21728
3.85357
5.2522
6.14917
4.75054
3.93669
5.83483
7.38247
7.28257
6.17758
.283361
-3.70907
1.48584
5.91856
6.61788
7.14977
6.85007
6.93092
8.92896
10.2076
7.80994
6.7208
12.4152
15.5563
5.26634
-3.57339
-4.67231
-4.80608
.288927
4.20035
1.60289
-1.3436
-6.2388
-8.46762
4.41975
14.2025
6.11043
.0752897
6.06942
10.5235
5.82816
1.71482
1.11541
.782011
2.08074
3.7384
7.63458
10.6189
7.82168
5.06466
2.56711
.796531
3.79359
6.29582
5.49661
4.58195
2.88362
1.26106
.162142
-.538873
1.55907
3.51015
4.40927
5.01935
3.52082
2.4251
4.32324
6.13982
7.33864
8.31981
7.62049
7.47292
11.6688
15.3889
15.289
14.3957
7.00298
.218565
-1.47977
-1.91041
8.47941
17.3476
12.9519
8.80838
6.91024
4.81431
.918127
-2.32858
.468683
3.23745
5.735
7.83256
6.03432
4.27251
2.87388
1.83167
4.42913
6.73028
5.93106
5.00406
2.70631
.783112
2.98096
4.95936
4.45985
3.76205
.764985
-1.79886
.798589
3.21508
3.41488
4.01128
9.6058
14.221
6.12889
-1.33047
-.33145
.687842
1.98657
3.15407
2.45475
1.97187
4.66922
7.08277
5.18463
3.40597
3.50587
3.47866
1.38071
-.443693
2.35356
5.06464
6.26346
7.31175
5.61342
3.91009
2.11185
.644763
5.73977
10.4573
7.36032
4.32507
2.62673
.97894
.47943
.148598
3.84498
7.35033
6.05161
4.85074
6.24937
7.42513
2.33012
-2.47714
1.31914
4.91799
2.22064
-.326121
2.27133
4.80529
5.00509
5.21225
5.71176
6.19774
6.09784
5.96501
4.26667
2.72107
9.21471
15.5316
11.4357
7.34263
3.44644
-.401275
-.501178
-.615113
-2.01374
-3.41591
-5.21414
-6.96973
-2.57404
1.78573
-1.11143
-3.98577
.809528
5.5999
5.5
5.40009
