.60239
5.8972
11.192
2.52162
-6.16986
-2.11822
1.97777
-4.65711
-11.3505
-4.26018
2.93277
.0309506
-2.96611
-.530686
1.96687
.817079
-.381746
-1.97409
-3.57253
-5.26915
-6.96748
-2.19852
2.69668
4.95146
7.14931
3.78407
.2875
4.29089
8.48678
6.26705
3.8694
1.0837
-1.71355
-.831852
.167168
-1.15267
-2.55129
-2.11788
-1.61837
.132093
1.93033
.175398
-1.72274
.500061
2.89771
.513357
-2.0841
.567885
3.46505
4.26674
4.96605
8.51695
12.2133
5.47544
-1.81741
-2.10534
-2.00544
-3.60591
-5.30425
-1.62921
2.36687
3.25852
3.95783
-5.29393
-15.1842
-2.87184
10.9146
8.06054
4.06445
5.29265
6.89108
7.93095
8.92997
6.95622
4.75837
4.32189
4.02218
2.05734
-.0406053
-4.35403
-8.84963
-3.02822
3.66522
4.10808
4.00818
4
4
6.19669
8.59434
8.43467
8.03506
1.16471
-6.32795
-3.72611
-.129633
1.1982
2.29712
1.58505
.685932
-.303541
-1.30256
-2.75237
-4.25091
-6.28921
-8.38716
-6.62513
-4.42728
-3.84172
-3.44211
-.0931172
3.60326
1.94887
-.348876
-.422033
-.222229
-4.81697
-10.0119
-4.04418
3.34857
2.78566
1.18722
-.146607
-1.44533
-1.6
-1.6
1.12208
4.21904
1.18308
-2.7131
-4.24901
-5.44783
-6.90832
-8.40686
-3.46547
2.42875
-.273204
-4.26929
1.35104
8.44409
1.27478
-8.11602
-6.72647
-3.62951
-3.2
-3.2
-1.31127
.886573
3.17007
5.46782
4.60356
3.20493
-.0694998
-3.66597
-4.71041
-5.30982
-1.58074
2.91485
4.44676
5.44579
1.6294
-3.06599
-2.53572
-1.03719
-.715911
-.616009
2.08459
5.28146
4.79563
3.5968
2.81549
2.11617
4.24926
6.94662
2.82893
-2.66568
-2.35628
-.85775
-1.26175
-2.06097
-2.86018
-3.6594
-1.41251
1.48465
3.5605
5.45864
4.32516
2.52692
5.06089
8.55747
.964045
-9.12607
-4.81753
2.77503
1.44081
-1.95586
-1.22373
.474601
.880761
.980663
4.706
9.3015
6.503
1.90751
-1.40521
-4.40227
1.23827
9.03064
5.17482
-1.61853
1.0589
6.15391
5.61219
3.61415
3.75436
4.45368
2.78302
.485274
2.20649
5.00375
5.12835
4.52894
4.24318
4.04337
4.93859
6.13741
5.85386
5.15454
3.91046
2.51183
4.06308
6.46073
2.66376
-2.93075
-1.57394
1.82273
6.83727
12.3319
7.45236
-.539804
-2.4
-2.4
1.11688
5.71237
7.02877
7.32848
4.12932
-.166471
-.744801
-.145388
2.57281
5.96948
5.51692
3.81859
.991065
-2.2058
-.972747
1.72461
2.9991
3.79832
3.62654
3.12703
1.73357
.0352301
4.20662
10.4005
7.99835
2.60364
-.352084
-2.45003
3.19189
11.5837
7.33048
-1.4609
-1.89364
.703812
-2.03691
-6.7323
-1.94682
6.34506
8.96367
9.46318
5.32024
-.573987
-2.7064
-3.40571
-2.44565
-.847218
2.11828
5.61486
3.51452
-.781265
.647699
4.34408
1.475
-4.01962
-3.67847
-.98111
2.35499
5.95147
4.38127
.684897
.0940638
.793379
2.40769
4.40574
5.84227
7.04109
5.58017
2.98272
4.7825
8.47888
5.98071
.785803
-3.36802
-7.0644
-6.88501
-4.98687
-1.43238
2.86341
5.36991
7.06825
4.10024
-.99477
3.01101
11.203
9.02381
2.03066
2.65749
6.85338
7.38592
6.1871
4.04126
1.4438
.127863
-.571452
3.97491
11.068
11.5895
8.89211
6.72964
4.8315
.800084
-4.29492
-3.87298
-.676117
3.6474
8.5426
9.47314
8.37422
7.53883
6.83951
9.68725
14.3826
8.46861
-3.02013
.835348
12.8236
12.3129
5.11993
2.92451
3.42402
4.18236
5.08148
3.07759
-.518888
-2.31452
-3.11374
-1.66876
1.02859
2.70316
3.80209
3.56272
2.56369
-.976628
-5.97173
-6.46993
-4.37198
-3.03173
-2.13261
-1.8
-1.8
1.14922
5.84462
5.47317
2.0765
2.85781
6.15458
5.78378
3.18633
.898707
-1.19924
2.07686
8.6704
7.38236
1.18843
1.37792
5.57381
8.6684
11.066
9.01161
4.11641
3.96296
6.86012
6.72748
4.62954
4.2832
5.08242
6.72449
8.92234
7.81972
4.52295
.927114
-2.86917
-6.30774
-9.50461
-4.62019
5.76963
9.40774
8.40872
6.64232
4.34457
3.87067
4.66989
4.82408
4.52438
4.28311
4.08331
4.7572
6.05593
4.68432
1.38755
.80997
2.2086
2.45404
1.85463
4.70303
10.0977
9.53661
4.54151
3.99801
6.79527
8.2275
8.62711
5.0591
-1.53444
-2.47952
.917147
3.24433
4.74286
3.38065
-.215825
.379992
4.27617
5.38728
4.28836
4.7991
6.59734
8.06372
9.26254
7.31986
2.82427
1.51394
2.81266
4.71334
7.11099
9.72675
12.524
9.56218
1.76981
2.42255
10.2149
10.4557
4.26182
5.26954
12.4625
13.8723
10.2758
7.4796
5.38166
3.65581
2.25718
4.51283
10.0074
12.0196
10.9207
5.87906
-2.71252
-6.27627
-5.27725
-.46927
7.8226
10.5004
8.0029
6.02321
4.52468
6.79223
12.5865
11.9566
5.26314
1.8976
1.6978
2.56905
4.46719
5.24758
4.94787
7.53301
12.9277
12.0205
4.92745
3.25813
6.95451
7.7495
5.65155
5.49691
7.29514
7.80294
7.00372
5.75958
4.06124
3.15076
3.05086
6.23697
12.8305
13.5621
8.16743
4.86481
3.76589
6.54358
13.4368
14.3938
8.99914
5.38287
3.68454
3.85315
6.05099
4.72092
-.473988
.0285583
6.8219
9.64347
8.04504
8.80097
12.1976
11.9368
7.54108
5.10661
4.9068
5.637
7.43524
10.5763
15.2717
14.9874
8.89336
5.50817
5.30837
7.94301
13.9371
14.9695
10.0743
7.71728
8.41659
10.1539
13.1509
14.8449
14.9448
12.5841
7.18944
3.0419
.444449
1.52774
7.22216
10.4441
10.544
11.611
13.9087
15.9001
17.4986
14.7407
6.34891
4.80919
12.2019
15.6229
13.8247
11.8115
9.5138
8.4139
8.91341
10.4349
13.3321
13.474
9.87753
8.60166
10.4998
11.81
12.3095
13.1852
14.5838
15.1504
14.5509
13.4132
11.5151
9.49329
7.29545
5.01556
2.61791
1.64904
2.74797
6.12198
12.8154
15.7084
13.011
12.0438
13.6422
13.5189
10.8216
9.55859
10.4577
11.3568
12.2559
10.2356
3.74199
-.396281
-.895791
2.97946
13.669
19.4227
17.4247
15.6973
14.3986
11.484
5.98937
5.1263
11.7198
14.0102
9.31477
7.00617
8.6046
8.95927
7.26093
7.84974
12.2454
13.0232
7.72837
5.47597
8.37314
9.60949
8.01106
5.97209
3.17483
3.00667
7.40236
8.63826
4.34247
3.5868
9.08142
12.4922
12.1925
9.92753
4.13321
2.21235
7.30736
11.0241
12.2229
11.9105
8.81354
8.09311
11.7895
14.7213
16.2198
15.7486
11.5527
8.86872
9.06853
10.3958
13.8924
15.1129
11.9161
10.4417
12.3398
14.0029
15.2018
14.9317
11.7349
10.5624
13.4596
14.9051
13.4066
12.5968
13.1962
11.5136
5.11988
1.57769
3.97534
8.11223
15.9046
19.9835
16.1872
13.6318
13.7317
14.0213
14.7207
15.7028
17.3012
15.3708
5.68026
1.38958
9.08204
12.7348
7.34005
3.0178
1.11966
1.20052
5.79602
9.1815
9.78091
9.32842
6.43125
5.32562
8.42259
10.155
8.65652
7.24639
6.04757
4.73166
3.13322
3.1921
7.28809
10.3444
10.8439
10.2821
7.08524
5.51221
8.00976
9.31902
7.62069
8.02961
13.8239
18.2232
19.0224
18.0762
12.5816
7.33456
2.73907
2.34988
13.1393
19.3458
13.2518
9.66151
12.8584
14.6655
12.6674
11.0408
10.4414
12.4755
21.8663
27.3885
21.9938
17.533
15.7348
12.5977
5.60453
.911034
2.90908
6.14956
13.0428
17.7974
16.199
14.7753
13.8762
13.2743
13.574
13.6526
13.0531
12.7463
13.3457
13.7758
13.6759
13.648
13.8478
14.5472
16.8449
18.0101
15.5126
13.4362
12.7369
11.7127
9.6148
8.46013
10.4582
13.2318
18.6265
21.6014
16.3066
12.0879
11.5884
11.6889
13.8868
13.7717
5.47982
1.61983
13.6081
20.7066
10.1169
3.1293
9.32323
14.9648
18.5613
20.2213
14.6267
10.5962
12.4943
12.5953
5.80196
.891075
3.28873
6.03089
10.1269
12.3564
7.16145
4.6893
13.181
18.4651
10.6727
3.64018
-.256004
-1.2013
10.1875
19.8009
21.8988
21.786
12.1954
5.85856
13.6509
19.2968
15.5006
11.8691
8.97191
7.30637
11.2025
14.2925
13.6931
13.2886
13.7881
14.0773
13.378
12.4707
10.5726
7.88634
1.3927
-3.69512
-1.89689
.0855097
2.98267
5.33381
4.93421
5.04145
7.73881
10.4038
12.9014
14.7287
13.0304
11.1271
8.13005
5.98918
8.48673
10.9996
13.5971
14.7832
8.0898
2.99919
6.99527
10.533
11.4322
10.9016
2.01036
-4.40543
3.88644
9.62293
-.067576
-6.91591
3.67371
12.9242
13.8234
13.484
5.29207
-.391583
10.0981
17.8386
7.54866
-.774947
4.02035
7.80239
4.70542
2.22735
4.02558
5.61243
5.71234
5.7388
5.23929
4.70365
3.90444
3.31847
4.31749
5.2466
5.64621
6.57279
11.5679
14.4686
.88196
-10.5915
-5.09685
.0391043
2.23695
4.29605
5.19517
5.57045
1.47446
-1.6551
3.63971
8.3294
7.63009
7.02967
7.32937
7.53214
6.83283
6.32347
7.6222
8.66047
7.16193
5.58145
3.18379
1.23167
3.82913
5.89498
2.39841
-.714809
.284211
1.79095
8.884
15.3106
14.2117
13.6045
18.6995
22.8894
16.2959
10.2
10.2
9.70058
2.90724
-3.19984
-.40258
2.35296
4.55081
6.62027
6.91998
7.23281
7.73232
8.11725
6.81852
5.83445
9.63073
12.8834
7.58857
2.84268
7.03857
10.8548
8.2574
6.02624
10.2221
13.956
9.26063
4.9049
7.00284
8.74564
3.45082
-1.45269
1.74418
4.8573
6.15603
7.44212
8.44114
9.40401
9.50392
9.69169
12.0893
14.255
10.2589
6.46172
8.25996
10.0291
10.9282
11.4841
1.0943
-8.84087
-3.24636
2.26879
4.86624
7.36325
5.86472
4.38422
3.6849
2.98559
2.28628
1.63725
3.63529
5.565
3.46705
1.45737
5.35355
9.20765
9.80706
10.4119
11.5108
12.5496
6.85521
1.19037
-.208261
-1.56259
6.02996
13.5828
7.78849
1.99809
.0999479
-1.79819
