-9.59644
-1.70417
6.18809
5.50174
4.80242
1.81333
-1.18373
2.27759
5.77417
2.23009
-1.36638
2.26183
5.9582
1.35769
-3.33771
-2.80854
-2.20913
-2.49514
-2.79485
-2.30907
-1.80956
-.820106
.178915
1.47132
2.77004
4.26397
5.7625
3.75455
1.65661
2.18324
2.78265
.374736
-2.12282
-2.39363
-2.59343
-3.27633
-3.97565
.146198
4.44199
-1.55855
-7.95229
.730943
10.0218
5.22486
-.169851
-4.60816
-9.00386
-4.71412
-.0187181
5.34342
10.7381
9.00389
6.90595
-1.07313
-9.365
-5.35092
-.655524
-2.00591
-3.70425
-2.19742
-.49908
2.04592
4.64337
.0122169
-5.08279
2.09458
10.0867
8.63678
6.53884
3.50799
.411021
-.265475
-.764986
-6.00235
-11.5969
-6.7159
-1.02148
-1.8026
-3.10133
-2.73844
-2.23893
-.449794
1.44834
2.79496
4.09369
2.27378
.17584
2.10516
4.40291
.307349
-4.38805
-3.06839
-1.17025
.000355661
1.09928
5.01132
9.20721
-.0888369
-10.7784
-9.72185
-7.42411
-6.1181
-4.91927
-3.81041
-2.71149
-1.88187
-1.08265
-.10429
.894731
1.715
2.51422
1.35149
-.0471419
-1.08984
-2.08886
-1.75606
-1.25655
2.78664
7.28224
3.0266
-2.36811
-3.6174
-4.31672
-1.67185
1.42511
1.27314
.673733
2.26465
4.16279
2.30198
-.0956692
1.86776
4.46522
1.58004
-2.11634
.265393
3.56216
5.21288
6.61151
10.1711
14.0673
7.35561
-1.03617
-.0488255
2.44873
.482017
-2.21534
-2.51434
-2.41444
-1.37448
-.175659
-1.62001
-3.51815
-.567412
3.22887
8.29823
13.593
6.60976
-2.58124
-1.46558
1.53149
-.444265
-3.34143
-2.62275
-1.22412
.426188
2.12452
1.98151
1.482
-2.10708
-6.30297
-3.33453
1.06116
-.0284275
-2.22627
-2.68291
-2.78282
-2.88272
-2.98262
-3.82523
-4.82425
-3.60044
-1.9021
-1.51787
-1.41797
-.82645
-.127135
-3.18785
-7.08404
-2.82581
3.26822
2.77303
.774991
1.53613
2.93476
1.01417
-1.68319
1.1112
5.20719
7.04735
8.34607
2.33118
-5.46118
-.746454
7.04591
6.52057
3.92312
6.03281
9.32958
5.9411
.846089
.514515
1.41363
-1.09262
-4.48929
-1.32905
3.56615
5.30923
6.20835
2.2338
-3.06101
-5.76823
-7.76627
-3.50705
2.48708
-1.19329
-7.58702
-7.67699
-5.97865
-3.50403
-.806672
-.896895
-1.79601
-2.30895
-2.70856
.35869
4.45468
.558737
-5.7351
-4.21066
-.314481
1.36454
2.36356
.693547
-1.804
-1.41119
-.112462
2.0208
4.41845
5.07567
5.17557
3.9924
2.39397
1.24721
.248187
-1.95217
-4.54962
-4.22646
-2.92773
-1.47962
.0189096
2.03891
4.23676
4.3542
3.75478
.709922
-3.18626
-3.83046
-3.33094
-.25148
3.7446
2.2269
-1.26968
-.147
2.65026
-1.13379
-7.32772
-4.77007
1.02426
4.05468
6.05272
3.1907
-1.5047
-.050983
3.7453
2.56345
-.533516
1.26219
4.95856
4.49314
2.39519
2.44403
3.34315
2.60091
1.20228
2.50803
4.90568
1.48362
-4.3107
-4.15981
-1.56236
-2.70567
-5.40303
-2.25845
3.33607
-.544931
-8.4372
-6.95037
-1.45576
-1.33554
-3.53339
-3.92159
-3.52198
-3.81643
-4.41585
-5.08447
-5.78378
-4.27464
-1.77709
-.587089
.0123239
1.7097
3.90755
3.98416
3.08504
4.43755
6.8352
8.14428
8.9435
4.5869
-2.20644
-6.5646
-9.76147
-5.13436
3.25742
2.16662
-3.5278
-1.98011
3.11489
2.25929
-1.53699
-3.13332
-3.63283
-3.73353
-3.63363
-1.01533
2.88085
4.92685
6.02578
6.92705
7.72627
5.04412
.548529
.178826
1.97706
2.66529
2.7652
-.129446
-4.62504
-4.25291
-1.25585
.705901
2.10453
2.0194
1.12028
.156843
-.842178
2.32659
7.82121
7.9462
5.04904
4.50983
5.30904
6.36239
7.56122
7.55664
6.85733
5.96859
4.96957
1.07507
-4.51945
-1.51729
6.57478
5.65912
-.634715
-.443326
3.65266
5.44865
5.84826
4.94657
3.24824
.808653
-2.08851
-1.10646
2.29021
2.92483
1.82591
2.74603
4.94388
5.49506
4.99555
5.71187
7.21041
6.95166
5.55303
8.80521
15.099
16.0347
13.4372
10.9598
8.56214
7.42056
7.12085
7.53655
8.43567
6.30431
2.10842
2.88747
7.08336
8.97709
9.27679
8.10565
5.90781
5.11728
5.31708
5.22467
4.92497
6.02318
8.12112
7.89703
5.99889
3.98504
1.8871
2.72978
5.72684
8.37912
10.7768
9.10842
4.41302
5.08238
9.77778
8.55806
2.86364
3.23402
8.22912
9.94812
9.14891
8.34969
7.55047
6.13423
4.23609
4.62974
6.82758
6.85307
5.15474
6.3982
9.99468
9.55353
5.85715
2.76703
.169578
.263122
2.56087
3.54528
3.44537
3.67263
4.17214
2.49841
-.99816
-.00150867
4.79379
6.62242
5.92311
6.19118
7.2901
7.10388
5.80515
4.50642
3.20769
2.97209
3.67141
3.25855
1.85992
.98894
.589332
-1.1245
-4.02166
-.738781
8.15251
10.3129
6.31682
4.91982
5.91884
7.33215
9.13038
8.9682
6.97015
5.43466
4.33574
7.4351
14.5281
14.4298
7.43666
4.66049
5.95922
4.27188
-.323615
.223266
5.81778
8.49956
8.29976
7.74978
6.85066
7.54605
9.84379
6.73162
-1.85996
-2.93718
3.65635
5.57202
2.67485
1.83758
3.13631
5.02123
7.51878
7.68097
5.38322
4.78149
5.98032
5.68302
3.78488
3.0884
3.68781
5.62759
9.02426
12.2779
15.3749
13.2966
5.50429
3.66958
8.46489
10.5762
9.67709
6.94921
2.15391
1.18765
4.58432
6.5395
6.8392
4.40697
-1.18755
-.55744
7.33483
11.5541
11.4542
11.4
11.4
9.39707
5.00138
2.28272
1.58341
3.09544
7.29133
11.5321
15.8279
17.7526
16.7536
13.1711
6.37779
4.90601
10.1009
13.5739
14.8727
15.2044
14.3053
14.0625
14.662
14.5208
13.4219
11.8893
9.79134
10.0247
13.3214
13.6958
10.1993
9.82564
13.6219
14.6928
12.0953
11.2358
12.7344
12.9249
11.3265
10.778
11.6771
11.8238
10.9247
11.3985
13.7962
13.1295
8.13441
5.11757
4.91777
4.92305
5.22276
8.78825
17.0801
17.4904
6.40131
1.45766
5.55365
6.47107
2.67479
2.442
7.53701
10.8789
11.5782
11.7225
11.0231
9.25863
5.86196
6.46942
13.2628
16.4625
14.0649
12.9498
13.8489
14.8253
15.9243
15.5227
12.7255
9.77513
6.57826
4.37151
3.7721
4.68811
8.08478
8.35319
3.45799
.624964
1.22438
2.15947
3.65801
5.15654
6.65507
7.96907
8.96809
8.35182
4.95515
1.33939
-2.65669
-1.93125
7.05994
11.6802
8.5832
6.3485
5.64919
4.98561
4.38619
4.92394
7.5214
10.0482
12.4458
12.7699
9.27336
7.59413
9.29247
10.3305
10.1307
10.1382
10.5378
10.0784
7.98046
7.18082
8.87916
9.69427
8.79515
8.30132
8.60103
9.84094
12.9379
13.8984
10.6016
8.96418
10.6625
11.3381
9.93949
10.115
13.5117
15.148
13.15
11.6704
11.2708
10.4847
8.88623
8.44025
10.4383
13.2954
17.9908
17.5004
5.81182
-.000247538
6.9929
11.6126
11.0132
10.8793
11.7784
12.1225
11.2233
10.7226
11.1222
11.7045
12.7035
12.6437
10.1462
9.24153
12.0388
14.209
14.9083
14.2728
10.4765
6.56237
2.36648
.922117
6.11703
10.4978
12.8955
14.4267
13.8273
14.7768
19.5721
20.493
11.7016
6.27707
9.37403
10.7009
7.50403
6.37184
10.5677
14.1818
16.2797
16.7271
12.8309
8.96208
5.1658
4.16266
10.6563
15.5346
16.0341
15.7853
13.4875
11.5877
10.7885
10.7267
12.7247
14.4352
15.3344
16.441
18.1394
19.0395
17.6409
15.2713
10.0764
6.58034
8.07887
8.34455
4.94788
4.04765
10.6412
15.6248
15.7247
16.0457
17.0447
17.5075
16.3086
15.6902
16.889
17.1524
14.455
12.733
14.1317
14.4214
11.1246
8.6234
8.7233
8.91601
9.41552
10.6052
14.1018
16.8684
17.1681
17.3774
17.2775
16.9982
16.0991
15.1111
13.8124
11.6545
6.45965
3.73175
9.82578
13.0638
5.97078
1.23617
5.13236
8.07253
7.47312
7.08419
7.4838
10.2815
22.1699
29.5136
19.4235
9.55846
.567275
-4.89768
3.4941
9.53769
6.24092
5.03094
12.2239
16.5044
8.91188
4.04689
10.4406
14.4428
8.44866
3.88636
5.3849
8.16831
16.4602
21.7414
13.9491
7.13741
4.63985
2.85631
4.25494
6.12449
10.1206
13.9375
16.9345
18.7443
15.0479
11.3866
7.89006
5.45055
8.04801
9.60033
6.10376
4.30094
10.7946
15.2457
9.5513
5.46184
9.45792
11.8844
6.28987
2.35926
7.05465
10.5851
7.98762
6.39899
10.1953
13.0264
10.6287
8.84594
10.4444
10.6163
2.82395
-2.40689
6.88401
13.5581
5.16637
-.482831
9.90699
18.4977
16.3998
13.8334
8.43867
4.75206
11.5454
16.4751
9.78162
4.5852
8.88099
12.211
9.31385
7.94994
16.6414
23.3145
16.5212
10.5102
9.8109
9.46524
11.5632
13.1513
11.1533
9.97522
14.6706
18.1858
13.0908
8.32751
6.02976
4.17477
5.6733
6.38139
.986677
-3.30456
1.09113
5.19915
6.99739
8.26308
5.16611
2.62412
4.72207
7.26004
13.5539
18.8196
15.1232
11.3663
7.07054
3.8626
10.556
16.0087
9.91465
4.58996
6.588
8.21396
6.21591
4.50017
5.59909
6.90296
10.2996
13.4436
13.9431
14.3659
13.9663
13.3669
10.5697
8.25195
11.3489
14.3666
16.4645
17.8121
10.2195
3.59209
8.787
12.9757
4.48405
-2.76377
6.12751
14.4208
14.7206
14.9257
13.8267
12.5572
8.86085
5.61006
8.90683
11.6607
6.16605
1.1613
3.85865
6.35955
5.66024
5.0949
6.79324
8.25995
5.66249
3.18962
2.98981
3.08971
8.88403
14.1936
9.89784
5.90588
8.20363
10.4573
11.756
12.9621
12.063
11.1719
10.4726
9.91843
13.0154
15.6919
7.20023
-.962283
.13664
1.13534
-.862704
-2.65725
2.03815
6.63694
7.93567
9.05978
3.76496
-1.3118
2.28467
5.83832
7.53666
9.10943
4.71374
.44284
2.74059
5.04167
7.53922
9.93233
5.33683
.836983
3.73414
6.5104
-1.78147
-9.98851
-8.68978
-7.33946
1.45192
10.1769
5.48147
.795257
-.803176
-2.40272
-5.10007
-7.79743
