74.860605
75.278942
75.021905
75.516161
80.172676
80.600000
84.826842
82.305331
83.427054
79.424720
84.237162
87.806932
87.667413
87.337467
86.806623
90.145320
94.904124
98.770858
96.206568
97.210462
99.860131
95.538939
95.526019
107.672994
106.320864
106.389147
106.238406
107.978425
110.626361
113.589919
118.743573
124.495092
124.272132
120.478153
126.993297
120.758271
124.492294
133.737857
134.981708
135.168929
137.245921
140.993600
144.995857
147.729789
147.728835
148.160942
151.516680
154.531124
154.280461
156.278169
165.134143
172.372720
181.734616
183.996553
183.588105
201.564996
207.999753
226.518271
240.704575
258.530256
270.861105
296.457441
323.601079
342.241256
377.718368
422.003471
458.037782
501.687917
549.471264
609.199694
666.106831
739.015872
815.526718
882.681575
972.861568
1052.919248
1168.544004
1277.640979
1381.041203
1513.988703
1650.128418
1763.466316
1886.796579
2035.539004
2189.285970
2326.548195
2452.888684
2599.308515
2730.348835
2851.903233
2976.954305
3086.682542
3179.127293
3264.842241
3340.246015
3411.935865
3486.228192
3548.185000
3581.845714
3604.756090
3643.004124
3653.982857
3685.253797
3738.980301
3723.600714
3713.303842
3694.247143
3717.428947
3728.600677
3738.016215
3740.290301
3727.822387
3730.191184
3733.869474
3706.074211
3688.273233
3678.486780
3689.397180
3681.047119
3673.959079
3682.796316
3653.957288
3664.872500
3661.328233
3640.565902
3609.473051
3545.479135
3487.288872
3441.541053
3380.745132
3311.963804
3238.461015
3162.599435
3125.840432
3078.213729
3031.560150
3008.237500
2969.031864
2935.189060
2890.958759
2893.143590
2885.162768
2864.815714
2858.006391
2832.723164
2816.725789
2834.643729
2825.260752
2807.007458
2822.442481
2805.399981
2821.484398
2790.151541
2780.248418
2763.296128
2731.409323
2664.532632
2636.538418
2598.996391
2541.988947
2498.940885
2447.055000
2389.661318
2347.291429
2293.421541
2257.873778
2222.045000
2179.156391
2150.244342
2106.411375
2091.279774
2084.355263
2032.214229
2009.835235
1992.169962
1991.063271
1994.552712
1992.130000
1993.196441
2000.965470
1999.214398
1978.606128
1969.207989
1963.379267
1928.826541
1880.749153
1849.724737
1805.329398
1758.055038
1729.428684
1685.549342
1638.046466
1598.370000
1567.623684
1532.514859
1497.252218
1468.977293
1439.661579
1419.439981
1376.697820
1335.321034
1305.735292
1239.780977
1166.862373
1102.852820
1042.295263
984.319397
908.601103
835.322908
789.409632
751.551416
712.494517
681.732083
651.436767
619.231227
598.480455
587.835267
577.167998
567.239829
574.810475
568.307451
573.747160
579.346045
604.455568
627.475711
672.058000
735.952972
808.877466
894.280750
1013.285694
1184.495188
1385.528305
1630.746071
1903.097627
2229.828271
2604.773540
2958.146241
3370.777932
3784.273277
4239.814267
4639.254605
5043.458421
5443.861638
5824.076692
6204.767293
6564.312863
6892.882331
7249.787910
7633.461654
7997.182222
8418.186617
8855.473083
9342.490602
9803.425338
10322.582863
10841.013534
11379.403008
11901.097368
12346.180226
12794.745113
13308.465038
13831.052542
14322.269925
14819.940866
15334.849060
15831.114878
16298.432707
16807.251128
17233.561654
17676.670677
18088.620904
18499.176316
18800.098493
19145.847368
19397.450471
19585.800940
19786.942857
19964.224060
20068.632143
20124.922599
20164.213910
20155.468985
20290.426880
20232.956391
20276.500000
20346.117105
20171.059322
20073.357143
19952.023496
19764.528947
19504.500000
19347.936842
19116.135150
18803.406215
18585.965038
18449.171186
18335.533083
18277.983459
18285.307910
18332.084023
18416.132331
18567.465414
18754.538041
19031.003008
19313.811278
19559.926316
19911.225000
20258.771617
20536.438722
20860.011864
21223.700564
21538.052731
21824.400752
22108.827632
22321.551036
22458.203759
22677.132331
22684.046053
22715.811864
22815.491729
22762.569549
22630.194737
22529.347368
22439.898117
22282.501880
22155.309040
22022.592481
21827.641243
21623.919361
21448.174812
21312.119586
21086.601316
20978.424436
20884.364662
20694.922787
20635.189474
20510.141353
20411.657895
20300.042105
20162.227119
20062.703759
20057.050847
20067.169925
19975.466102
19827.247368
19750.236090
19691.761017
19545.701504
19474.530132
19413.778571
19301.362524
19259.439098
19109.802637
19024.698684
18819.826316
18680.322599
18580.708459
18404.221092
18142.900376
17882.451036
17634.853571
17432.835338
17280.980451
16984.422368
16653.126554
16352.192481
16134.415254
15911.932707
15705.892655
15397.931579
15212.589474
15047.915443
14825.330075
14630.928814
14455.047744
14275.245763
14103.026316
13949.683459
13800.410338
13645.103759
13536.605461
13371.114286
13230.813534
13122.434586
13053.175141
12872.482895
12831.042105
12811.716196
12733.912594
12685.423164
12648.375940
12626.677966
12640.785338
12678.233083
12679.784586
12640.289850
12670.922034
12695.606015
12667.360150
12658.861770
12623.669549
12645.531579
12676.319737
12648.306780
12659.043609
12679.487030
12678.012594
12663.496617
12627.142857
12557.003947
12448.922599
12318.757143
12189.379096
12043.134962
11929.871429
11766.570433
11562.326880
11412.219737
11285.684211
11124.168550
10922.857331
10748.995113
10651.565038
10532.390977
10399.159699
10268.672180
10113.611299
9958.899662
9812.576083
9626.824812
9466.787500
9289.007119
9040.417970
8835.645789
8643.776711
8415.988211
8204.972368
7983.669417
7796.850019
7604.228872
7363.742034
7130.426297
6916.625141
6718.018459
6542.788644
6369.038158
6233.707368
6045.009623
5840.748045
5718.466102
