8.075751
8.229505
7.935561
5.796195
9.163854
11.211298
12.752620
7.195209
5.600000
6.263227
9.615471
8.020958
8.180505
10.253247
9.386861
10.756389
9.172395
7.512741
11.875547
10.810861
11.167318
11.537374
15.959291
11.868590
10.346761
13.256023
12.442965
12.346664
13.405272
14.956810
15.188720
15.044409
17.757439
14.518971
11.514381
14.518498
13.422078
15.310213
19.559458
16.133964
12.252934
13.287277
16.396643
16.995317
15.837638
15.103241
17.032038
19.931939
21.281599
20.957059
16.409786
20.911155
22.328590
24.741386
26.546592
23.516789
23.000000
28.148966
34.261251
36.581914
36.224106
34.666812
37.419216
43.104649
48.460216
55.696251
57.612509
62.402038
71.738418
77.610930
82.685327
93.402171
106.974231
112.826716
125.017132
138.808989
155.257754
166.407107
176.981699
192.239645
209.004305
226.415211
242.369853
258.742083
276.401070
292.815579
320.517265
331.655062
349.652338
368.105109
382.084350
402.883424
406.951857
413.321996
423.745412
431.182947
439.162475
448.022211
453.738893
455.981519
458.025780
454.456714
460.677019
453.101925
469.646000
464.077962
464.847850
451.584526
458.322727
465.052763
466.258444
458.397481
454.130408
455.718526
450.876677
454.368494
450.012827
453.575605
444.167746
430.689972
444.608541
448.510051
449.829509
444.718692
447.066996
439.701902
435.295707
427.586376
415.320053
404.218803
394.584171
390.001128
380.460695
368.983212
366.244906
354.649744
358.675652
359.858870
352.227989
352.243352
345.767803
342.527761
342.933323
341.856583
333.537488
329.037395
334.349593
339.779130
344.340576
338.975316
334.579833
333.251885
324.652098
329.265853
333.136410
323.437752
311.070459
308.421768
299.988735
296.714150
295.086055
283.927592
275.321840
273.859000
266.039588
263.149137
258.752143
256.223387
246.861429
246.919887
248.095910
237.927348
238.472220
243.368895
239.812432
235.190094
235.459644
240.642474
241.922510
236.394306
233.622425
233.943120
232.425872
234.232914
223.632729
222.199209
216.096158
211.090120
209.229256
202.933868
203.056769
199.742331
188.989474
185.514763
185.205621
181.958207
179.612551
173.435301
169.392750
171.105346
156.787380
160.342239
158.195425
143.180322
135.614553
125.593632
122.729593
119.417252
113.861118
108.734368
104.819047
101.437327
98.801739
96.360877
93.250497
91.733655
86.808664
89.733891
87.248899
89.808511
80.069181
82.588161
89.595574
95.505125
98.622708
105.617250
111.999420
115.847789
126.710071
141.264852
153.210150
178.038203
200.703214
234.945949
268.752143
309.010192
349.844742
395.123229
439.073151
495.807964
538.822500
570.819632
617.542751
668.243972
709.986526
748.383731
787.664994
824.916023
858.774165
918.788889
947.927671
1005.584541
1049.654774
1106.337124
1163.325593
1215.760677
1262.017274
1317.080132
1374.936968
1442.369474
1491.262801
1531.988983
1590.307368
1646.953315
1723.735395
1780.209529
1825.697669
1858.481241
1919.791429
1954.034436
1988.702938
2052.056955
2077.157194
2087.811842
2114.381450
2162.990545
2178.717368
2164.543158
2166.688853
2179.587740
2185.669060
2175.346184
2169.618139
2183.135489
2207.244286
2172.919398
2155.416516
2156.652143
2136.065301
2109.216842
2085.690000
2052.357970
2035.424511
2021.417420
1990.299925
1958.830942
1938.643647
1933.796090
1934.204802
1955.477481
1974.315263
1984.736053
2002.694331
2015.675789
2058.862632
2103.641579
2116.777763
2150.930094
2205.769887
2243.535876
2276.526372
2311.804200
2333.060301
2361.108759
2392.251318
2389.145263
2400.075902
2414.008571
2426.210000
2413.222256
2411.554774
2397.409342
2387.188684
2385.861940
2373.788177
2347.304350
2313.583534
2296.490282
2275.523590
2227.300451
2225.963804
2227.168910
2221.067049
2178.359774
2188.166836
2173.056071
2178.550639
2160.271842
2140.293684
2138.754369
2124.457444
2112.077665
2111.299211
2104.911205
2091.490714
2075.120451
2056.104407
2056.440301
2059.755518
2074.632500
2035.672109
2020.718910
2010.379812
2012.879737
1988.777368
1956.758079
1915.224004
1904.486780
1914.727782
1900.222881
1858.526654
1812.454135
1772.857068
1748.043233
1725.784633
1666.644323
1650.659605
1639.226316
1611.299379
1597.467368
1582.459868
1568.734011
1536.618571
1530.444576
1513.758008
1492.352373
1485.463609
1470.950508
1440.657331
1416.866880
1421.457571
1401.035019
1383.263534
1357.573759
1344.715819
1322.012763
1321.262895
1331.836798
1314.971109
1322.502844
1316.376541
1307.987815
1315.162331
1326.389925
1325.007105
1311.977726
1321.623145
1316.841805
1322.142049
1324.718493
1323.398759
1324.355263
1300.353289
1309.865593
1321.747519
1303.968534
1319.151316
1317.683271
1298.618571
1286.956917
1284.104670
1280.460000
1251.316328
1235.260545
1218.506429
1177.896497
1178.508289
1165.358026
1142.685789
1142.588870
1109.694756
1100.592632
1087.541880
1072.413515
1061.379379
1052.089850
1042.798983
1022.464361
994.372015
982.287203
960.941842
933.787220
919.578774
888.926895
882.553263
864.353838
830.811917
795.632126
775.637494
754.859188
733.520311
706.956461
687.392079
674.870398
653.831977
640.264600
637.182459
625.136908
589.483263
572.887006
