56.128411
53.817144
52.430936
52.542309
56.928151
52.347313
52.814425
54.725753
55.489522
55.600000
54.876302
56.677547
57.925357
55.264090
55.296811
58.632883
57.296887
59.461729
61.664013
60.561852
61.405577
56.811613
58.304275
61.536717
58.876376
59.327961
60.634422
64.440091
68.334369
65.891420
64.300948
68.843244
68.536192
68.687132
73.139252
72.957733
69.112446
69.850298
76.604877
73.533964
75.474971
75.474120
73.602171
72.437197
73.506882
77.018383
80.785347
80.926557
80.457905
81.699000
77.711658
83.904772
83.204041
93.312867
97.502655
94.036829
95.199986
97.114373
102.897774
110.164422
113.921425
113.157492
129.350006
150.242466
151.229789
158.864375
176.130506
193.794947
208.313198
229.652938
239.433525
267.397188
297.926565
323.932043
346.061410
373.420714
411.809517
447.397194
479.690150
521.396596
570.713706
611.935105
649.616274
702.212239
745.504347
790.268842
855.409464
888.270951
936.778274
970.598805
1018.641252
1057.592712
1096.182707
1126.017702
1157.195639
1187.845602
1214.034275
1239.709737
1256.975714
1269.156692
1277.035706
1306.146786
1304.826391
1294.426429
1305.980714
1312.617232
1310.276316
1324.291203
1309.837218
1316.572486
1325.885113
1332.224286
1338.457368
1338.233158
1339.219098
1333.595639
1328.128023
1320.743045
1323.324576
1317.934023
1316.624586
1323.193315
1317.587086
1317.775150
1309.423308
1296.499925
1286.411147
1278.018346
1263.692632
1244.108026
1222.208023
1199.184436
1181.781751
1152.121523
1131.019812
1123.930226
1098.137011
1087.888644
1083.631466
1077.488064
1069.990113
1070.083013
1068.756767
1063.782594
1060.899134
1050.222368
1039.597966
1051.021335
1062.856780
1055.247143
1039.143064
1051.582350
1046.935301
1047.934557
1027.546917
1016.691429
1008.521504
992.469469
976.575141
967.854429
959.441450
943.651829
911.216311
885.977286
887.561220
863.716286
857.271143
843.162357
828.569412
813.354866
801.904549
795.196124
786.489855
789.144772
784.799519
775.661532
768.922814
771.920053
770.922111
758.165889
756.291669
765.924959
756.963346
745.282211
739.345932
737.940842
729.115590
711.488688
709.367816
690.379898
673.080098
660.471406
648.290316
632.216184
621.209955
611.303474
598.725750
593.188517
578.522812
569.748947
558.332233
542.093239
525.831865
511.602475
492.274045
472.738293
450.364202
422.829893
401.230618
378.008526
359.560637
347.896558
340.424226
333.729887
315.621957
306.585442
299.508575
295.460085
301.392684
299.189247
295.670669
305.920898
310.069006
312.464966
320.255289
331.742750
345.617034
372.838744
408.935036
449.932305
501.334124
550.317271
634.794739
711.803237
820.951203
943.544092
1052.729474
1187.145677
1326.118230
1484.728327
1629.502763
1776.225789
1913.575254
2054.758835
2200.672820
2340.629322
2472.950940
2591.347006
2737.438571
2872.476667
3008.983741
3151.280827
3314.171316
3477.383609
3632.571977
3814.548421
4004.117744
4203.269342
4386.313861
4547.922180
4715.538853
4900.919492
5081.756842
5248.820245
5435.767387
5630.357966
5771.675564
5949.392500
6119.226974
6272.761504
6376.100565
6529.032143
6700.710546
6844.164737
6932.050697
7010.977538
7080.550602
7127.205338
7186.709211
7258.173107
7286.805827
7296.925658
7309.482989
7286.108271
7291.385714
7296.315940
7304.718286
7285.217857
7227.200545
7190.983026
7108.260000
7029.775714
6978.616165
6901.742919
6824.018045
6794.501130
6755.558929
6683.158421
6682.571977
6686.725658
6674.495432
6735.154737
6811.770734
6905.887049
6990.038195
7081.898947
7170.002632
7254.128252
7350.476917
7471.316497
7590.855395
7707.618343
7832.220075
7926.596805
8009.432335
8079.117744
8121.353797
8120.628759
8175.760508
8168.007068
8147.632838
8122.972500
8118.865000
8054.088362
8015.714549
7986.489397
7934.271053
7876.866497
7800.581447
7718.904474
7670.476629
7614.508929
7573.646579
7519.765714
7403.510621
7394.947932
7316.082406
7318.004474
7263.697895
7244.862090
7240.844586
7219.545292
7206.700338
7162.639435
7095.677256
7091.467632
7107.267627
7038.948045
6949.226083
6967.177857
6974.229303
6959.837744
6895.949322
6808.557500
6730.853158
6686.146215
6658.747049
6596.374633
6495.153910
6435.980339
6386.472876
6289.026917
6203.388421
6116.169868
6015.181921
5910.781955
5875.715706
5794.499060
5734.347571
5628.764737
5516.365526
5459.748154
5360.272970
5275.647458
5225.503684
5163.116610
5100.313534
5045.535263
4993.912049
4959.384662
4882.110414
4806.964286
4738.233308
4713.722105
4689.750226
4617.126711
4580.722105
4582.662316
4564.786955
4532.961507
4517.361353
4502.709341
4509.592481
4515.175789
4498.678947
4512.898139
4523.842316
4501.409850
4517.393665
4506.890056
4487.617932
4481.078947
4486.291842
4539.330678
4511.264812
4507.704023
4500.629229
4506.478571
4508.055000
4489.120508
4460.922354
4429.842857
4407.604350
4354.976335
4274.271429
4236.135179
4161.828872
4101.966447
4083.262105
4001.961770
3945.304267
3879.843647
3841.711842
3790.119831
3724.615499
3678.763083
3635.578795
3590.994004
3555.126930
3485.353571
3424.476842
3353.555763
3290.970376
3225.245263
3150.614211
3082.300075
3024.058647
2976.449398
2861.718722
2778.381955
2704.558249
2639.916353
2579.506215
2499.850714
2408.107608
2319.622782
2269.064436
2199.865273
2152.330000
2111.340113
