-72.7754
-18.2288
36.3177
42.8838
49.3775
44.5218
39.6266
41.2891
42.9874
43.8925
44.7916
42.6227
40.4248
42.7705
45.1682
45.3971
45.5969
41.6647
37.6687
40.6437
43.7407
42.3301
40.8316
40.4088
40.0092
43.2207
46.5175
45.626
44.6269
44.2112
43.8116
40.6956
37.4988
42.7248
48.2194
46.8541
45.2556
45.3928
45.5926
45.0226
44.4232
43.5357
42.6366
45.2834
48.0806
44.1831
39.9872
41.7089
43.7069
41.7045
39.5067
40.7307
42.1294
44.0971
46.0952
46.3893
46.5891
44.9941
43.2957
41.8802
40.4816
42.5637
44.8614
44.8122
44.6124
44.0379
43.4385
42.3716
41.2727
40.7335
40.234
40.6655
41.165
44.3586
47.7552
43.6429
38.9475
39.34
40.1393
40.2
40.2
38.4498
36.5516
41.0879
46.1829
42.8393
38.7433
39.4983
40.6972
42.0786
43.4773
42.2329
40.7344
44.5105
48.8063
45.9331
42.3367
45.5314
49.4276
46.6376
43.141
42.6197
42.4199
44.4691
46.7669
45.0251
42.8273
45.8245
49.421
46.94
43.7431
44.0242
44.7236
45.5119
46.3111
48.3533
50.5512
50.5342
50.2345
50.2
50.2
51.2584
52.4572
53.8321
55.2307
56.8049
58.4034
57.6362
56.5373
54.4768
52.279
55.0527
58.5493
58.3908
57.6915
58.8156
60.2142
65.4248
71.2191
66.9866
61.1922
64.3672
68.9627
74.1605
79.4553
78.3113
76.1134
78.1983
80.9956
80.0326
78.4342
84.5095
91.9023
93.4253
93.9248
94.7638
95.663
100.372
105.767
107.36
108.259
115.058
122.951
119.995
115
116.549
119.346
125.408
132.101
131.864
130.265
130.75
131.649
137.036
143.33
145.146
146.045
152.9
160.992
168.507
175.899
177.694
178.293
185.71
194.601
204.393
214.384
215.056
213.657
218.293
224.287
230.199
236.094
249.292
264.177
265.947
264.649
270.457
277.95
292.049
307.733
313.291
316.388
326.14
337.529
344.599
350.593
361.454
373.542
376.239
376.538
383.983
393.274
401.06
408.453
415.372
422.165
426.594
430.391
435.13
440.125
454.216
470.8
476.825
479.922
489.572
501.061
508.892
515.685
529.155
544.54
551.33
555.625
565.559
577.148
586.271
594.663
600.98
606.675
617.964
630.952
638.511
644.405
655.485
668.172
675.383
680.878
683.186
684.485
685.708
686.907
694.596
704.387
700.175
691.384
691.903
695.499
708.457
724.541
730.99
734.187
741.183
749.475
754.2
757.697
765.343
774.435
786.704
800.091
820.628
843.705
863.327
881.709
896.938
911.024
924.745
938.332
954.179
970.863
981.291
989.383
998.491
1007.98
1032.37
1062.44
1084.51
1103.49
1117
1128.39
1146.38
1166.96
1183.82
1199.2
1218.51
1239.39
1256.29
1271.57
1287.28
1303.17
1325.14
1349.62
1366.68
1380.67
1398.74
1418.52
1427
1430.69
1440.13
1452.02
1465.58
1479.87
1494.36
1508.95
1525.41
1542.69
1548.83
1550.03
1571.79
1602.76
1621
1633.49
1643.78
1653.07
1666.88
1682.76
1700.22
1718.4
1749.03
1785.5
1805.2
1816.99
1835.88
1858.16
1884.89
1913.76
1931.13
1942.92
1962.09
1984.87
1990.06
1986.56
2001.67
2026.04
2039.72
2048.01
2055.57
2062.76
2065.93
2067.02
2073.86
2083.65
2090.81
2096.6
2103.31
2110.51
2104.64
2091.85
2086.62
2085.42
2090.97
2100.16
2093.24
2077.56
2073.81
2076.6
2078.56
2080.06
2078.93
2076.33
2073.03
2069.34
2070.29
2073.89
2067.89
2056.4
2065.25
2085.83
2090.87
2086.88
2099.37
2121.55
2126.35
2120.85
2131.06
2150.64
2166.85
2181.04
2202.19
2227.56
2239.62
2243.51
2267.36
2303.52
2332.42
2356.8
2387.01
2420.87
2450.7
2477.98
2504.58
2530.75
2563.49
2600.46
2623.91
2638.59
2653.52
2668.6
2685.5
2703.58
2700.12
2682.33
2672.27
2667.37
2665.28
2665.08
2680.51
2706.58
2722.77
2732.16
2733.22
2728.53
2729.42
2734.22
2735.14
2733.35
2741.31
2756.19
2763.04
2764.14
2766.05
2768.55
2778.39
2793.58
2801.15
2803.15
2810.61
2822.1
2819.84
2807.35
2808.16
2818.95
2825.25
2828.15
2843.97
2869.64
2886.84
2897.53
2900.34
2897.04
2912.48
2942.55
2951.33
2943.34
2942.14
2946.33
2944.2
2937.01
2938.5
2946.99
2940.6
2922.12
2925.72
2947.4
2965.24
2979.93
2982.02
2973.63
2984.14
3010.52
3016.81
3006.12
2998.93
2994.74
2999.09
3010.78
3027.02
3047.2
3051.96
3043.27
3049.56
3069.05
3077.3
3075.6
3072.27
3067.47
3060.78
3052.39
3055.05
3067.74
3071.82
3068.02
3066.2
3066.2
3063.61
3058.61
3057.28
3059.38
3047.09
3021.21
3017.56
3035.04
3053.09
3071.67
3076.89
3069.19
3069.25
3076.84
3088.01
3102.7
3117.13
3131.32
3133.9
3124.91
3129.37
3147.35
3174.71
3211.58
3232.32
3236.62
3247.22
3264.3
3285.36
3310.53
3347.97
3398.22
3423.71
3423.11
3446.79
3496.24
3537.19
3569.06
3593.05
3608.53
3627.13
3649.11
3679.1
3717.86
3749.4
3772.98
3783.7
3780.1
3786.44
3803.92
3822.16
3841.24
3854.99
3862.69
3871.45
3881.44
3885.13
3881.54
3873.88
3861.49
3843.6
3819.22
3809.88
3818.38
3820.18
3813.98
3817.22
3831.8
3832.22
3815.43
3810.38
3819.67
3814.51
3791.53
3788.29
3809.57
3810.98
3787.5
3776.12
3780.02
3781.5
3779.9
3783.24
3792.93
3807.68
3828.96
3843.6
3849.6
3850.88
3845.99
3849.52
3864.2
3869.6
3862.61
3870.99
3900.06
3926.68
3949.95
3956.82
3941.23
3934.26
3939.15
3928.92
3897.65
3870.12
3847.84
3829.04
3815.16
3798.96
3779.48
3760.9
3743.62
3718.09
3680.63
3645.89
3615.12
3576.7
3527.05
3482.83
3446.67
3411.55
3377.98
3344.05
3309.59
3278.93
3254.05
3223.26
3183.4
3143.22
3102.56
3064.25
3029.58
2995.11
2960.94
2935.4
2923.51
2901.89
2864.72
2836.63
2823.14
2801.05
2764.99
2747.9
2761.89
2769.17
2765.37
2758.16
2745.27
2738.5
2742
2746.83
2753.93
2761.79
2770.99
2776.29
2774.89
2772.65
2768.95
2767.4
2769.6
2773.46
2780.25
2790.13
2805.52
2812.9
2805.9
2799.84
2795.44
2803.02
2832.5
2849.56
2843.77
2842.93
2851.33
2853.81
2845.22
2843.37
2854.26
2862.95
2867.44
2871.01
2872.81
2878.25
2890.73
2902.14
2911.43
2917.3
2916.4
2913.4
2906.2
2900.5
2897.81
2895.17
2892.68
2890.44
2888.74
2888.71
2892.1
2883.87
2851.4
2829.08
2828.08
2822.12
2805.63
2792.55
2786.76
2787.48
2802.26
2807.03
2789.94
2772.14
2752.76
2734.4
2718.32
2705.23
2698.83
2687.32
2664.24
2639.64
2611.57
2590.15
2584.06
2574.36
2556.28
2533.42
2499.35
2469.97
2451.69
2437.62
2433.62
2429.07
2423.18
2415.92
2405.33
2399.73
2406.43
2409.22
2402.33
2401.53
2416.02
2434.63
2463.7
2488.59
2502.77
2516.01
2526.8
2540.22
2560.5
2578.94
2592.53
2611.14
2643.11
2671.42
2689.9
2711.07
2739.54
2762.83
2771.92
2784.06
2804.64
2825.38
2846.56
2868.16
2890.94
2906.03
2899.24
2897.39
2909.78
2924.47
2945.85
2958.2
2944.01
2934.83
2940.53
2948.74
2964.53
2972.19
2955.2
2935.89
2909.41
2890.62
2895.61
2896.79
2886
2875.28
2864.79
2852.49
2834.41
2818.9
2811.71
2803.72
2793.13
2778.6
2751.02
2727.34
2716.65
2705.48
2692.69
2680.13
2668.34
2659.27
2659.57
2657.44
2646.85
2637.3
2631.41
2624.42
2613.53
2600.15
2577.77
2562.06
2570.76
2577.39
2576.39
2574.97
2571.97
2567.31
2556.32
2548.01
2550.01
2549.9
2541.61
2530.28
2507
2488.8
2490.8
2489.32
2473.83
2462.8
2469.89
2472.99
2459.6
2449.63
2453.92
2454.29
2438
2423.36
2415.77
2406.64
2390.86
2378.11
2378.71
2376.67
2362.89
2346.44
2317.96
2292.52
2280.93
2268.58
2252.7
2237.43
2225.04
2213.12
2203.43
2194.85
2191.65
2180.89
2133.03
2092.38
2087.48
2080.34
2061.86
2043.31
2024.43
2009.39
2014.29
2014.41
1989.43
1964.43
1939.25
1918
1918
1914.02
1888.14
1864.3
1851.81
1838.65
1821.67
1806.64
1802.84
1796.58
1775.9
1755.46
1736.48
1721.51
1730.7
1733.96
1700.9
1672.32
1671.72
1669.67
1658.49
1650.57
1663.76
1672.63
1653.25
1635.89
1631.99
1627.18
1616.09
1605.45
1597.96
1592.12
1597.91
1602.57
1599.07
1595.12
1587.83
1580.2
1570.11
1562.2
1570.79
1578.91
1583.41
1588.19
1595.18
1600.04
1587.75
1577.06
1579.46
1581.43
1579.83
1577.82
1572.33
1568.7
1581.39
1591.15
1574.76
1560.15
1561.65
1563.13
1564.42
1565.97
1569.87
1573.14
1570.34
1567.61
1565.51
1564.53
1575.02
1583.92
1576.13
1568.13
1557.94
1548.02
1541.13
1533.77
1521.19
1509.42
1507.12
1504.33
1495.63
1486.03
1465.25
1445.37
1436.88
1428.56
1422.36
1416.48
1414.78
1412.02
1394.64
1377.68
1366.79
1356.34
1352.35
1348.33
1344.04
1338.69
1316.81
1295.88
1290.39
1284.67
1275.28
1266.15
1261.56
1256.5
1243.01
1229.39
1213.31
1197.56
1188.37
1178.99
1165.8
1152.77
1143.08
1133.18
1118.39
1103.29
1080.71
1058.57
1047.49
1036.38
1024.89
1013.82
1014.52
1014.34
987.663
961.159
940.08
919.6
919.6
919.251
906.064
892.7
872.32
852.032
835.748
819.438
801.855
784.497
779.003
773.552
770.654
767.648
757.358
746.954
727.673
708.457
695.27
682.135
674.843
667.522
656.233
644.856
615.584
586.346
568.164
549.975
525.099
500.224
