2.22073
48.1757
94.1307
103.577
112.967
113.597
114.197
109.729
105.233
105.497
105.797
106.493
107.192
107.397
107.597
105.924
104.226
102.232
100.234
103.047
105.944
111.487
117.082
112.31
107.315
110.811
114.507
108.171
101.578
102.178
102.977
101.836
100.637
104.376
108.272
105.598
102.701
105.878
109.275
106.994
104.497
105.072
105.771
107.142
108.54
108.6
108.6
108.886
109.186
109.009
108.81
105.853
102.756
103.928
105.327
108.05
110.848
110.055
109.056
106.643
104.146
105.129
106.328
106.494
106.594
105.663
104.664
106.283
108.081
106.427
104.529
106.355
108.453
109.993
111.492
109.746
107.748
104.547
101.25
103.677
106.574
108.182
109.68
112.833
116.13
113.556
110.459
109.925
109.626
107.682
105.584
104.124
102.725
106.965
111.76
111.837
111.437
111.672
111.971
109.831
107.434
110.626
114.422
114.26
113.661
114.318
115.117
116.543
118.042
120.166
122.364
125.364
128.461
127.732
126.533
131.194
136.589
136.668
136.069
139.978
144.473
147.205
149.702
153.608
157.704
164.786
172.278
173.901
174.7
181.968
190.16
197.044
203.737
204.6
204.6
212.415
221.406
223.899
225.398
232.256
239.948
246.864
253.658
268.281
284.166
287.945
289.743
295.824
302.618
318.726
336.409
348.89
360.479
365.432
369.229
390.254
414.331
427.992
439.78
451.738
463.726
481.783
500.964
513.502
524.791
539.184
554.169
566.56
578.448
601.776
627.351
642.93
656.516
670.269
684.056
702.402
721.684
742.205
762.985
782.692
802.173
835.073
870.838
891.326
908.51
936.181
966.151
1005.19
1046.25
1081.69
1115.85
1154.9
1195.06
1238.22
1282.08
1326.51
1371.06
1415.94
1460.9
1514.15
1569.4
1611.14
1649.6
1688.31
1727.07
1766.71
1806.57
1852.1
1899.05
1953.88
2010.73
2040.66
2063.64
2101.66
2143.62
2191.11
2240.06
2283.58
2325.63
2370.21
2415.46
2458.92
2501.87
2553.44
2607.38
2660.47
2713.32
2778.7
2847.63
2909.19
2968.63
3010.49
3047.26
3100.86
3159.4
3208.31
3254.37
3329.55
3413.47
3454.92
3483.49
3521.7
3562.86
3604.86
3647.11
3688.61
3729.87
3763.55
3794.81
3819.42
3841.9
3851.25
3856.34
3879.2
3907.88
3926.04
3940.72
3976.3
4018.86
4059.55
4099.61
4142.5
4186.36
4241.21
4299.86
4360.2
4421.14
4512.83
4615.33
4677.95
4726.4
4813.16
4913.66
5011.52
5108.43
5218.93
5334.42
5414.53
5481.57
5574.72
5677.61
5777.68
5876.69
5969.18
6059.19
6184.34
6323
6441.52
6552.21
6661.61
6770.51
6876.32
6980.92
7096.22
7215.8
7332.47
7447.96
7550.81
7648.51
7734.89
7816.61
7927.2
8049.78
8120.49
8169.44
8235.31
8308.34
8390.95
8477.67
8552.31
8621.74
8692.63
8764.16
8843.05
8925.17
9043.49
9177.85
9294
9402
9473.17
9527.72
9648.97
9800.62
9947.96
10093.3
10202.7
10295.4
10408.5
10531.2
10668.8
10813.5
10942.7
11064.6
11170.7
11269.2
11402.5
11552.8
11658.9
11743.4
11843.4
11951
12019.9
12069.4
12163.2
12279.1
12328
12342.8
12371.9
12408.4
12448.2
12489.8
12496.8
12485.9
12533.1
12610.9
12630.2
12618.6
12619.5
12627
12604.7
12566.3
12530
12494.8
12444.7
12386.2
12391.1
12430.9
12438.5
12428.1
12425.8
12428
12457.8
12503.2
12542.4
12578
12608.7
12636.7
12670.5
12707.6
12763.4
12830
12881.8
12924.9
13009.5
13118.9
13221.2
13319.3
13458.2
13621.9
13728.7
13800.9
13939.4
14118.9
14314.8
14520.9
14725.4
14928.9
15138.8
15352.8
15526.8
15675.3
15827.9
15983.3
16121
16247.3
16342.6
16417.6
16475.4
16522
16539.6
16537.9
16532.5
16524.6
16520.7
16519.5
16580.2
16683.1
16751.2
16795.5
16814.9
16817.1
16845.5
16892.3
16964.8
17055.4
17126.6
17184
17248.5
17318.1
17381.9
17441.6
17492.9
17538.1
17555.2
17551.8
17568.3
17599.3
17656.4
17732.8
17771.2
17781.1
17829.4
17906.6
17984.3
18062.4
18145.9
18233.4
18289.5
18321.4
18353.1
18384.7
18426.1
18475.4
18503.8
18515.6
18527.1
18538.4
18603.1
18711
18753.2
18742
18720.7
18691.2
18697.8
18734.4
18808.3
18913.3
18979.4
19013
19054.1
19101.4
19132.1
19148.7
19199.5
19279.6
19347.2
19403.9
19443.1
19466.9
19497
19532.8
19577.2
19629.2
19700.6
19789.4
19831.5
19831.7
19835.6
19842.8
19846.4
19846.8
19831.8
19802.5
19783.2
19773.2
19760.5
19745.2
19745.7
19761.1
19782.6
19809.8
19829.7
19842.4
19890.8
19973.7
20061.5
20154
20234.6
20303.5
20390
20493.8
20578.4
20643.8
20717.6
20800
20902.7
21026.1
21159.3
21302.5
21457.8
21625.3
21826.4
22062.4
22265.3
22433.8
22606.7
22784.3
22984.8
23209.6
23427.9
23639.2
23847.5
24052.6
24229.6
24376.2
24514.6
24644.2
24765.9
24878.9
25042.8
25263.5
25422.8
25513.1
25609.9
25714.1
25794.5
25847.7
25883.1
25898
25905.7
25905.1
25906.4
25910
25917.4
25929.2
25883.8
25770.6
25726.9
25766.1
25782.7
25772.1
25761.7
25751.8
25761.8
25796.2
25807.4
25790
25773.7
25758.6
25766.7
25804
25803.6
25755.5
25755.2
25815.6
25844
25831.2
25858.1
25936.5
26024.2
26124.2
26202.3
26251.5
26326.7
26436.2
26520.1
26569.7
26626.6
26693.1
26749.2
26791.2
26825.9
26850.8
26864.4
26862.4
26814.9
26704.2
26580.4
26438.4
26302.5
26175.4
26041.4
25897.6
25740.6
25564.9
25361.6
25118.3
24880.5
24650.8
24409.4
24150.8
23900
23660.8
23398.4
23101.6
22836
22617.3
22367.2
22069.5
21808.6
21603.9
21375.1
21109.2
20875
20690.5
20471.5
20198.4
19972.2
19820.4
19658
19478.7
19334.9
19248.1
19172.5
19114.9
19067.3
19035.9
19004.4
18972.6
18953
18953.5
18979
19046.7
19097.8
19121.1
19131
19117.9
19127.9
19177.9
19223.5
19261.4
19272.7
19237.2
19220.2
19235.7
19263.2
19312.3
19343.7
19343.5
19366.8
19432.8
19489.6
19529.8
19579.9
19648.6
19733
19846.9
19927.2
19944.5
19960.8
19975.3
19993.1
20017.1
20044.2
20077.1
20123
20194.4
20230.4
20197.5
20188.9
20228.3
20252.5
20246.2
20240.6
20236.5
20233.2
20231.5
20216.5
20174
20127.6
20073.2
20017.5
19959.4
19899.7
19836.8
19784.3
19754
19713.6
19651.6
19593.6
19544.2
19491.1
19429.9
19356.5
19256.3
19169.7
19113.5
19050.3
18971.7
18856.5
18658.7
18485.1
18366.6
18239.8
18094
17956.2
17837.2
17711.7
17570.8
17437.9
17323.7
17224
17159.1
17096.4
17039.3
17010.1
17049
17089.7
17135.2
17166
17160.5
17177.1
17249
17328.1
17425.5
17538.2
17690.5
17829.6
17934.9
18044.7
18166
18307.1
18500.1
18685.4
18850
19017.2
19191
19369.9
19562.4
19751.7
19932.3
20098.7
20225.7
20359.2
20511.1
20648.1
20743.4
20832.3
20903
20975.1
21051.6
21127.9
21203.2
21265.5
21289.7
21307.8
21307.9
21289.2
21213.8
21154.8
21145.3
21124.6
21069.5
21010.9
20941.5
20866.6
20774.3
20680.7
20582.7
20479.6
20360.3
20274.6
20297.5
20276.2
20110.6
19969.8
19911.4
19847.5
19765.7
19685.8
19612.4
19535
19443.9
19365.1
19329.2
19289
19234.1
19174.3
19096.9
19026.9
18983.4
18951.8
18962.8
18953.4
18869.8
18797.4
18766.7
18741.7
18738.4
18725.4
18675.8
18630.8
18603.6
18576.8
18551.5
18524.2
18488.7
18451
18404
18347
18249.6
18170.6
18166.5
18156.7
18123.2
18075.7
17969.8
17881.8
17869.4
17849.8
17799.4
17736.1
17617
17512.3
17470.7
17414.4
17292.2
17183.3
17134.5
17083.9
17025.2
16945
16764.4
16593.5
16467.9
16341.4
16211.4
16084.6
15973.6
15852.9
15684.6
15525.1
15408.8
15289.2
15152.5
15028.7
14970.4
14895
14730.8
14581.4
14510.2
14428.7
14292.3
14165.9
14093.5
14016.7
13915.8
13813.6
13704.3
13607.9
13584.6
13551.9
13464.6
13374.1
13265.1
13163.9
13109
13048.3
12951.7
12857.6
12779.1
12705
12658.7
12605.6
12508.6
12421.4
12397.7
12370.1
12316.2
12263.3
12216.8
12170.6
12126.8
12080.1
12012.9
11958.1
11991.5
12015
11967.6
11927.5
11940.2
11951.4
11951.1
11952
11962.3
11972.7
11983.9
11993.4
11990.3
11988.2
11993.9
12002.8
12038.1
12064.9
12021.3
11981.9
11979.2
11977.5
11984.5
11988.7
11967.6
11951.1
11976.7
12000.8
12011.2
12018
11991.2
11969.3
11996.6
12022.4
12033.4
12043
12038.1
12027.7
11960.5
11896.3
11864.3
11829.8
11767.8
11707.5
11667
11626.4
11584.2
11536.3
11421.1
11308.7
11230
11152.6
11090.6
11022.2
10871.6
10728.6
10687.8
10645.7
10585.8
10523.1
10421.9
10323.7
10268.5
10211.7
10129.2
10047
9970.18
9894.67
9840.63
9785.78
9717.45
9647.89
9556.78
9466.12
9383.7
9301.21
9217.5
9134.95
9075.71
9014.58
8914.28
8813.66
8706.16
8598.89
8496.69
8393.47
8266
8139.69
8042.58
7944.7
7826.11
7708.09
7605.79
7503.88
7413.77
7322.34
7188.87
7056.24
6952.35
6849.06
6768.14
6685.9
6551.23
6418.31
6361.37
6303.84
6218.32
6132.82
6048
5963.11
5873.69
5784.5
5709.87
5635.05
5545.14
5455.3
5371.78
5287.89
5162.61
5037.49
4934.29
4830.75
4658.22
4485.66
4302.43
4119.2
3922.59
3725.99
