244.622158
252.080371
257.318096
267.276406
278.131407
302.614453
315.682136
336.426398
348.405105
361.346445
380.591470
414.094324
449.442615
475.920768
502.813451
531.863164
557.669566
591.150289
633.290519
676.860818
696.828768
731.468654
770.625262
800.925032
821.706966
842.713259
872.005009
897.069592
932.887383
981.174260
1021.700414
1056.768983
1098.654737
1136.108644
1167.477274
1205.186692
1257.700188
1294.928553
1325.029548
1368.430000
1418.441092
1456.709436
1473.324286
1515.542782
1545.031015
1548.298719
1560.222707
1585.956591
1609.108158
1631.699774
1666.129699
1718.898026
1752.108927
1794.304850
1835.990866
1906.552951
1966.476328
2031.207744
2099.425432
2175.833540
2246.073346
2317.135763
2406.360752
2489.237744
2554.273684
2647.347100
2751.583759
2825.453083
2912.181243
3011.420639
3078.803390
3154.035338
3197.387119
3276.572688
3337.567481
3412.924925
3471.823985
3534.099171
3609.761429
3673.405432
3737.161130
3813.215263
3871.520564
3958.719135
4076.537815
4157.992481
4237.707857
4336.991692
4444.450865
4529.706466
4642.290000
4721.949322
4799.700150
4865.899755
4901.761485
4945.193158
4997.912053
5025.054079
5059.511786
5112.487218
5118.904859
5097.832500
5105.512669
5099.343571
5083.757500
5098.267232
5104.215789
5051.073383
5060.540677
5095.105876
5121.604586
5148.723515
5169.676184
5194.574211
5240.307895
5292.070902
5369.773898
5444.564023
5540.967119
5635.234586
5773.183459
5929.121186
6066.168891
6159.855357
6313.301165
6436.489510
6522.140038
6605.029925
6682.612105
6742.288421
6782.176158
6797.574774
6809.699812
6859.760564
6892.356516
6954.152256
6953.560695
6994.589661
7063.263158
7158.470620
7137.779079
7179.671262
7227.851579
7283.147218
7312.503220
7319.296579
7358.843898
7412.741203
7445.935424
7480.657820
7563.562387
7571.285451
7641.980977
7674.157458
7672.714718
7686.163383
7739.017519
7807.849379
7841.768496
7881.868083
7910.594143
7903.081579
7936.095499
8011.302857
8037.335921
8077.368853
8088.461429
8117.176880
8143.097068
8196.184369
8209.486541
8235.068383
8274.924436
8239.029379
8191.205150
8173.450226
8201.916441
8233.193684
8251.599906
8264.220470
8305.022820
8406.427143
8425.129549
8488.622838
8589.807895
8642.983107
8784.162049
8906.741128
9008.036165
9078.800752
9261.345714
9407.936541
9550.757895
9733.348553
9896.434972
10045.869549
10193.302820
10299.237594
10418.975895
10484.060902
10573.696805
10675.864972
10693.315414
10750.635593
10733.946053
10738.773684
10737.053484
10673.962594
10675.685526
10707.997368
10695.819774
10666.072368
10703.586466
10765.833083
10733.168233
10737.213534
10754.003008
10790.332768
10812.933459
10843.584369
10869.781955
10930.646805
10990.714689
11071.360902
11101.215789
11154.875000
11195.871186
11194.743609
11191.164286
11157.590789
11063.648872
10955.783051
10782.969925
10668.598305
10519.992481
10338.440301
10184.330827
9972.518609
9809.501469
9637.302519
9422.025000
9234.526316
9027.042316
8858.681654
8704.226504
8518.409868
8359.965883
8212.380282
8137.708647
8108.307778
8041.623064
8036.571090
8026.754398
8017.357180
8050.615179
8080.929023
8136.747331
8145.179868
8153.380621
8179.817180
8207.074004
8234.211017
8248.901955
8263.289868
8313.976523
8333.715028
8384.868609
8428.553947
8458.936541
8480.373910
8524.205085
8525.532669
8540.500264
8537.793421
8582.046403
8575.883026
8551.488421
8585.031429
8605.289944
8541.064011
8452.859135
8424.040150
8408.406711
8363.602406
8286.888571
8258.737669
8237.141450
8165.947857
8072.175207
7960.862105
7895.880000
7782.129699
7667.681617
7584.245838
7491.552594
7414.891412
7375.591128
7335.441429
7327.101243
7349.004906
7379.155056
7428.624737
7512.730471
7581.706523
7634.948647
7750.959474
7870.196447
7996.343440
8119.545188
8261.763898
8412.486485
8531.628531
8628.037444
8723.888346
8813.939303
8859.700414
8955.682256
8993.697256
9004.782881
8989.085113
8973.465827
8917.312368
8886.606579
8851.354087
8822.612763
8779.097213
8695.691805
8601.269153
8545.248120
8499.995038
8388.929284
8335.810883
8390.449812
8250.229624
8167.642222
8123.000000
8132.407256
8060.660263
8009.322500
7977.149322
7944.243308
7917.732354
7898.238703
7852.131431
7822.432030
7835.729211
7792.859492
7743.692331
7714.382222
7699.500714
7658.982599
7597.122143
7527.088324
7534.011842
7439.995263
7380.664463
7327.702481
7268.028832
7181.477669
7088.124783
7005.160019
6904.470301
6794.546917
6701.993778
6609.092260
6538.427556
6415.996610
6338.243102
6220.175951
6174.036316
6083.191711
5963.790885
5871.580865
5813.482542
5775.239117
5728.034915
5666.332932
5579.335883
5483.893064
5435.836466
5382.858776
5329.616429
5329.828421
5225.676917
5196.321582
5173.735395
5099.267895
5098.399793
5092.194774
5086.581977
5079.236692
5048.724350
5039.070977
5067.106015
5082.939511
5081.030508
5091.068531
5073.650526
5053.042030
5060.690772
5049.925000
5012.469211
5027.481579
5039.745424
5033.371278
5084.134887
5082.581128
5093.790827
5064.529286
5022.098327
5020.996591
4981.597143
4917.014181
4851.430639
4815.139286
4752.479906
4664.189211
4592.694605
4543.982632
4482.918719
4416.047218
4356.847895
4291.050789
4231.860432
4186.324256
4135.393534
4094.622072
4044.239323
3965.851394
3920.678233
3804.274060
3765.703220
3706.721805
3630.067368
3551.526579
3471.291412
3361.955301
3287.482951
3192.099436
3098.334511
3020.269379
2939.573064
2862.685593
2781.608496
2692.269793
2634.422575
2574.325038
2478.470339
2437.469361
2378.423164
