411.897158
427.489237
450.896549
482.496808
507.706644
536.112419
557.090644
585.972173
631.948576
663.512985
711.804417
758.389682
804.031481
849.918616
896.163925
961.237785
1016.288026
1058.709474
1136.876128
1198.711936
1249.539077
1306.638496
1372.629303
1413.541654
1480.473107
1520.081090
1586.095583
1644.115414
1703.552256
1768.789887
1829.297801
1898.394972
1968.874474
2037.831186
2106.260583
2174.853233
2241.604275
2313.020075
2394.380546
2458.224286
2504.861977
2551.383515
2603.275714
2640.177068
2676.082707
2713.714972
2741.085902
2771.963597
2817.310789
2856.122486
2908.596692
2999.330019
3056.413672
3125.470338
3231.950056
3337.722707
3434.039510
3542.054812
3664.346673
3792.582166
3909.628571
4041.000339
4186.669568
4325.213609
4455.804737
4581.479642
4722.105583
4882.969286
5010.979153
5144.410094
5298.878927
5395.753910
5507.302881
5567.114154
5686.295526
5778.652782
5864.103102
5993.099906
6115.827669
6214.919511
6324.306554
6463.523421
6628.454699
6750.882406
6910.380885
7065.603233
7213.935395
7358.011109
7482.551504
7660.192669
7759.612256
7922.817627
8036.755564
8159.441921
8237.535244
8289.607519
8341.865518
8361.198553
8407.322143
8440.628045
8441.886836
8447.912857
8494.995150
8419.354211
8417.381429
8402.708795
8350.880902
8347.430827
8396.146974
8422.173955
8436.226880
8478.135583
8539.011711
8606.419474
8684.438872
8764.202274
8883.259718
9073.452744
9242.898475
9379.023421
9574.993684
9812.635104
10046.719173
10238.274624
10485.470301
10662.837853
10807.427256
10931.666917
10994.694737
11015.513158
11015.610169
11010.120301
11053.758945
11074.702256
11137.903578
11203.618045
11315.524436
11327.380791
11406.384586
11444.595113
11524.063722
11507.436158
11510.303008
11576.855451
11674.393785
11732.628947
11766.044068
11821.478195
11841.013559
11929.668421
12026.176316
12061.707519
12109.093609
12167.312618
12108.561466
12189.463910
12177.997744
12182.662712
12219.912218
12266.641729
12290.301883
12338.340789
12436.880603
12509.885714
12538.428195
12583.503195
12611.807143
12686.078571
12769.187406
12832.081356
12879.000000
12851.117857
12859.898308
12840.176460
12873.437218
12905.211654
12877.750847
12882.773684
12932.002072
12984.961842
13075.203008
13189.255639
13306.437594
13388.644549
13573.256391
13688.306215
13819.991353
13990.292481
14120.147368
14365.449812
14649.578195
14846.476692
15092.468421
15339.401316
15532.092090
15716.304887
15901.888346
16082.190038
16271.151224
16466.380451
16587.689286
16662.583992
16706.178947
16774.640678
16801.587970
16779.279699
16780.781921
16769.468233
16764.985526
16755.786842
16746.792279
16769.524248
16773.814286
16739.726316
16769.153008
16784.709774
16748.230075
16792.915443
16790.782519
16882.790019
16916.565414
17049.606579
17133.468927
17225.168421
17342.594737
17407.175000
17403.468927
17394.574436
17303.860714
17093.925564
16940.393985
16815.367797
16568.776880
16297.272881
16024.980451
15764.381168
15461.300564
15124.071805
14803.864218
14476.445301
14175.531579
13870.368421
13608.792655
13284.257331
13010.356767
12840.012618
12610.653383
12447.758757
12344.125564
12312.611111
12242.810714
12258.614286
12280.572556
12346.367293
12371.622222
12384.381955
12441.372180
12431.089474
12417.024859
12461.445865
12496.965226
12517.618644
12585.930827
12690.862712
12770.868421
12759.334275
12872.244361
12929.318233
12974.187970
13008.309774
13034.984746
13074.490226
13039.635782
13021.528947
13008.370433
12995.485902
12980.403759
12967.751128
12911.190977
12823.377966
12820.250376
12780.499248
12730.409774
12645.491729
12553.257143
12474.859211
12402.151789
12228.864286
12075.006203
11934.969737
11784.400000
11618.695489
11422.714286
11256.991902
11132.284962
11029.642561
10999.944925
11010.446617
11024.206215
11071.260526
11089.602068
11205.101880
11359.947834
11475.112594
11667.972932
11815.463158
12010.206579
12228.319549
12453.846241
12697.518079
12916.722180
13089.553107
13261.373684
13437.200940
13556.822222
13676.777068
13773.342481
13794.678759
13811.657627
13761.713534
13725.717293
13709.459211
13614.189474
13507.105838
13439.271805
13323.512053
13224.448872
13113.233333
12947.867857
12851.977068
12770.587947
12756.879135
12643.769549
12530.609023
12473.874200
12475.626316
12406.632331
12327.926316
12266.747368
12243.477589
12206.468421
12143.220527
12090.422556
12058.182109
12010.853759
11951.390038
11922.454237
11879.466917
11838.328814
11816.435714
11733.288136
11634.206015
11561.915254
11503.422368
11385.321053
11277.445198
11191.979887
11063.829755
10920.431579
10786.497928
10638.714662
10477.924812
10324.840602
10168.875564
9987.038305
9845.140489
9704.575593
9537.489023
9413.559793
9270.958947
9127.592895
9029.802486
8909.705827
8799.977458
8694.457406
8602.346949
8509.223083
8402.285771
8309.893083
8230.602406
8173.213465
8121.483553
7997.326241
7924.642256
7867.347175
7773.219605
7744.216842
7713.800245
7670.653402
7659.211488
7661.604211
7658.252938
7671.383195
7680.383083
7671.333421
7681.820132
7683.135160
7650.752857
7641.929718
7648.090056
7628.075827
7605.883684
7574.193947
7575.750508
7584.216015
7603.001898
7602.521992
7583.486128
7551.482857
7475.230301
7418.637665
7399.705714
7295.153333
7190.706880
7063.170714
7001.067213
6866.239060
6819.982237
6740.664211
6634.964765
6555.275959
6507.158759
6374.107669
6256.115282
6196.101281
6109.928872
6008.487947
5928.496823
5826.932147
5725.592895
5622.432368
5470.729661
5331.608421
5194.878947
5057.099079
4928.017985
4795.771391
4675.525301
4568.631297
4441.262331
4288.361073
4147.090714
4018.473446
3911.621842
3834.767966
3734.770244
3625.839098
3541.623051
3393.435602
3300.163503
