317.599684
336.599911
353.313643
377.863650
394.007085
412.512979
430.124203
451.982835
478.628731
504.574485
536.999673
574.633493
611.133658
652.757328
697.669195
737.391345
782.839474
831.099132
887.538387
942.541218
976.515595
1017.031805
1068.849831
1118.057744
1148.295593
1192.920489
1237.894530
1277.818684
1310.898271
1354.451205
1420.765113
1486.087288
1543.150789
1603.283898
1644.880470
1728.770301
1760.604633
1832.401842
1872.981168
1947.261429
1975.144934
2021.301842
2056.504286
2094.862707
2136.686729
2163.154765
2169.360226
2192.900565
2244.574211
2275.014859
2316.791203
2372.230545
2439.743729
2510.645940
2591.511168
2649.965883
2730.758531
2833.522331
2926.722914
3021.394105
3129.223083
3236.117797
3346.034173
3455.954812
3563.523684
3684.269812
3804.993459
3947.230752
4057.893540
4158.737049
4278.670960
4376.901504
4471.127232
4535.561861
4616.102744
4674.697932
4756.490921
4858.166441
4957.174060
5067.429098
5182.023729
5274.484211
5375.286805
5497.173045
5602.645461
5726.206165
5903.421410
6002.487162
6167.923947
6284.894060
6420.171203
6513.523559
6617.434662
6713.601563
6774.274361
6837.788308
6896.357006
6917.251974
6948.917857
7001.931203
7042.643503
7054.680714
7016.600150
6967.115150
6941.124286
6953.470471
6929.321504
6933.042331
6942.424398
6984.723164
7004.055150
7008.870808
7054.673947
7127.175789
7179.771053
7237.441992
7353.840019
7458.929662
7586.539153
7722.502707
7897.413684
8163.145687
8352.006071
8536.420075
8745.664549
8909.870678
9021.975094
9110.456992
9169.517895
9194.180921
9214.690829
9253.398233
9289.297476
9315.524662
9374.847533
9378.502180
9472.646523
9559.176384
9603.265677
9675.090695
9723.764398
9756.642637
9744.948045
9817.552011
9897.320565
9935.006053
9982.289492
10033.842105
10120.932203
10168.779699
10229.203195
10276.312406
10353.616165
10360.163089
10363.382707
10420.169173
10438.161654
10466.445763
10489.796241
10546.248872
10602.368362
10644.353947
10674.137665
10740.514286
10856.887406
10865.578571
10918.728571
10910.019925
10963.156015
10999.159134
11054.567669
11086.887218
11086.683647
11061.503013
11043.384211
11006.777444
11005.106780
11048.342105
11086.959134
11141.692857
11239.976316
11317.649248
11379.915602
11433.521805
11557.678947
11692.849718
11794.660338
11906.662030
12069.177820
12288.696053
12517.574812
12724.232331
12953.389474
13154.240789
13333.018079
13529.111278
13695.481391
13834.211654
14017.103202
14151.103759
14276.381955
14372.209040
14379.469173
14450.598305
14477.904699
14490.679699
14417.728060
14344.749624
14370.422368
14403.039474
14351.953672
14346.534774
14398.997744
14348.810526
14313.372180
14389.429699
14369.745865
14434.205650
14447.078383
14456.240113
14507.697744
14626.301128
14718.111864
14795.535338
14874.334211
14900.975000
14923.751977
14957.030827
14951.339286
14843.720113
14634.864662
14477.137288
14363.760902
14150.642373
13937.060902
13668.973070
13407.261654
13161.258647
12912.134652
12617.840414
12328.001316
12068.342105
11818.846893
11580.971617
11349.491729
11135.326554
10969.846053
10830.857250
10687.196241
10588.077778
10595.262406
10562.641729
10591.319549
10630.338722
10673.633145
10692.014286
10762.473872
10747.001316
10731.086629
10761.170301
10771.048308
10805.413559
10875.212030
10888.257439
10938.448684
11032.082674
11069.465038
11119.409211
11176.790038
11197.510526
11194.554802
11283.037406
11343.305085
11334.397368
11278.695857
11263.063534
11263.109023
11239.108271
11199.547368
11141.875706
11081.524436
11038.811278
10999.903571
10978.304511
10870.414286
10842.727820
10771.006968
10683.278571
10592.425752
10456.252632
10294.300000
10161.026316
9977.493139
9814.259266
9727.660677
9631.663446
9548.509398
9534.626767
9497.170282
9533.776898
9645.314699
9673.619474
9795.436704
9929.900301
10049.866165
10197.526316
10382.755263
10554.631579
10712.157519
10887.027684
11087.879699
11256.241996
11372.946617
11543.288158
11734.722411
11745.630827
11781.409023
11836.614286
11887.972881
11843.384211
11810.136278
11800.384211
11769.850000
11670.574953
11578.216917
11537.149906
11439.146617
11336.062147
11290.221429
11161.090602
11014.004708
10960.395865
10899.099812
10851.406015
10810.058380
10701.579323
10625.658271
10590.115789
10587.705263
10492.996798
10481.228571
10498.107345
10446.330639
10385.934652
10333.257519
10283.441165
10267.140678
10188.487970
10133.518456
10098.467857
10103.416949
10027.314662
9991.537476
9970.045789
9894.908421
9775.905254
9672.911147
9565.738286
9448.302857
9349.333315
9219.841729
9066.940526
8961.699699
8831.197744
8708.860847
8531.688383
8436.016441
8302.500545
8135.407081
8039.875789
7954.866974
7865.589002
7745.639699
7658.180339
7568.432049
7497.566271
7435.079323
7334.537068
7231.226748
7157.404248
7093.694539
7014.420038
6942.349774
6888.992331
6831.157910
6755.307105
6744.032632
6712.019548
6716.304060
6696.545970
6686.671278
6702.425744
6702.992763
6700.104248
6718.221692
6726.338139
6713.186893
6707.052782
6706.186222
6684.931959
6722.930902
6690.921053
6738.237763
6721.355254
6726.193308
6761.760432
6741.057105
6736.743759
6710.804286
6671.400000
6619.712731
6518.100000
6455.792599
6370.222707
6271.186429
6264.453861
6125.366034
6030.523421
5956.830000
5888.881544
5819.999511
5745.765489
5655.612143
5567.741015
5516.665744
5476.122782
5396.378041
5289.702406
5197.652034
5105.193383
4989.868102
4925.377458
4802.909925
4708.100000
4570.654737
4465.065330
4344.979586
4243.106786
4120.629041
4008.136617
3906.643164
3804.309812
3707.318701
3600.331729
3478.761469
3383.730902
3303.702932
3210.247571
3164.685865
3046.393390
