10.4223
59.9738
109.525
115.286
120.98
118.113
115.216
112.02
108.824
110.486
112.184
109.726
107.228
110.262
113.359
110.738
108.041
108.393
108.793
107.033
105.234
105.298
105.398
107.062
108.761
113.485
118.28
114.893
111.297
110.811
110.411
110.594
110.794
110.897
110.997
113.802
116.699
113.522
110.125
108.941
107.842
106.359
104.861
107.387
110.085
111.061
111.96
108.182
104.186
106.953
110.05
112.196
114.294
111.459
108.362
110.093
112.091
110.5
108.701
109.354
110.153
108.507
106.708
105.379
104.081
105.218
106.516
108.75
111.048
109.427
107.529
106.748
106.049
106.279
106.578
109.474
112.571
112.892
112.992
107.461
101.467
102.29
103.688
102.421
100.923
103.185
105.782
107.464
109.063
109.748
110.347
110.309
110.209
109.563
108.864
106.894
104.796
103.332
101.934
103.336
105.034
104.388
103.489
105.469
107.767
105.666
103.069
104.412
106.21
102.021
97.1254
100.524
104.919
107.269
109.366
108.534
107.336
105.694
103.995
103.888
103.988
102.765
101.366
103.048
105.146
106.893
108.591
107.31
105.612
105.575
105.775
108.853
112.349
111.756
110.557
109.792
109.093
110.733
112.731
109.888
106.292
109.422
113.618
115.663
117.361
118.716
120.015
120.457
120.757
118.578
115.98
114.577
113.378
118.814
125.408
124.363
121.965
121.939
122.338
123.752
125.35
127.117
128.915
130.966
133.064
131.554
129.356
133.017
137.813
139.101
139.7
138.717
137.418
142.02
147.815
150.209
151.908
149.801
146.904
147.473
148.771
151.881
155.378
161.503
168.196
171.94
175.037
176.499
177.598
182.693
188.687
193.623
198.319
197.983
196.484
198.548
201.445
207.249
213.743
220.881
228.174
231.207
233.205
240.575
249.266
253.719
257.116
259.794
262.292
264.71
267.108
270.061
273.158
281.244
290.635
294.575
297.072
299.018
300.817
300.65
299.95
307.171
316.561
321.337
324.834
333.948
344.638
344.899
342.201
350.45
361.838
365.561
367.06
368.404
369.703
381.402
396.188
398.831
397.832
403.655
411.547
411.565
409.167
416.76
427.449
436.389
444.781
444.676
441.878
445.513
451.208
453.732
455.231
459.514
464.709
466.375
466.875
468.573
470.67
478.669
488.659
491.498
491.897
501.213
513.601
527.323
541.509
554.734
567.621
570.779
570.479
587.456
610.633
631.684
651.964
667.345
680.932
699.623
720.203
740.419
760.5
779.927
799.108
821.256
844.533
871.273
899.346
927.634
956.006
982.8
1008.97
1035.93
1063.21
1098.12
1136.08
1174.33
1212.69
1241.97
1267.54
1306.35
1350.61
1393.67
1436.22
1468.37
1496.14
1528.26
1562.23
1608.31
1659.56
1699.92
1735.58
1789
1850.14
1903.29
1952.95
1999.21
2043.96
2095
2148.84
2198.22
2245.57
2299.03
2355.28
2432.39
2519.11
2569.73
2603.6
2658.15
2722.38
2776.78
2826.53
2879.67
2934.41
2995.16
3058.8
3104.75
3142.11
3183.17
3226.02
3273.7
3323.75
3349.07
3362.05
3398.17
3445.92
3477.37
3500.55
3516.2
3527.98
3540.83
3554.21
3568.26
3582.64
3587.01
3586.11
3602.64
3628.42
3634.93
3631.13
3626.94
3622.55
3613.3
3601.41
3603.91
3614.3
3626.55
3639.84
3628.31
3602.94
3590.47
3585.28
3587.03
3592.73
3602.49
3614.57
3623.88
3631.57
3631.81
3627.71
3623.3
3618.71
3627.1
3643.19
3640.88
3627.59
3630.95
3644.34
3666.49
3693.97
3712.76
3726.25
3733.81
3737.7
3749.54
3766.33
3775.44
3779.73
3791.8
3808.78
3831.01
3856.59
3865.26
3863.06
3864.8
3869.1
3856.24
3832.17
3805.44
3776.97
3763.68
3760.48
3748.55
3730.77
3707.14
3679.57
3650.22
3619.65
3618.04
3636.32
3623.85
3590.08
3580.38
3587.47
3591.69
3593.89
3578.61
3550.94
3537.77
3534.97
3544.77
3563.65
3563.44
3549.36
3542.3
3540.41
3535.81
3529.21
3530.69
3538.19
3543.68
3547.68
3553.44
3560.53
3561.33
3557.34
3563.17
3576.55
3590.62
3605.2
3605.26
3593.97
3587.71
3585.42
3579.5
3570.71
3551.92
3525.15
3518.56
3528.25
3524.06
3508.57
3484.79
3454.22
3438.26
3434.37
3420.49
3398.32
3376.74
3355.66
3353.04
3366.02
3363.15
3346.77
3333.61
3323.22
3315.51
3310.11
3296.23
3274.96
3262.02
3256.43
3244.8
3227.81
3223.23
3229.72
3229.59
3223.5
3213.42
3199.74
3187.82
3177.53
3170.1
3165.31
3164.86
3168.46
3163.29
3149.9
3143.6
3144
3144.81
3146.01
3138.29
3122
3127.26
3153.33
3167.77
3170.86
3163.37
3145.49
3138.86
3143.35
3147.35
3150.85
3138.7
3110.82
3099.83
3105.92
3104.55
3095.56
3087.4
3080.11
3074.09
3069.4
3066.51
3065.51
3075.8
3097.98
3106.64
3100.94
3100.17
3104.67
3099.21
3083.03
3081.54
3096.03
3103.41
3103.01
3100.47
3095.58
3098.06
3108.75
3102.2
3076.33
3053.41
3033.83
3016.39
3001.41
2969.73
2918.88
2880.02
2855.05
2823.48
2784.22
2750.97
2724.8
2689.43
2643.18
2601.34
2564.77
2531.56
2502.39
2472.05
2440.28
2415.74
2400.06
2383.12
2364.64
2345.49
2325.51
2312.49
2308.2
2295.56
2272.38
2265.38
2278.96
2283.75
2277.26
2275.86
2281.06
2289.85
2303.34
2312.98
2317.58
2331.63
2358.2
2390.9
2431.76
2473.85
2517.61
2563.23
2611.38
2654.09
2689.36
2746.38
2833.39
2916.39
2993.82
3073.41
3156.03
3237.07
3315.89
3400.61
3493.72
3592.57
3699.67
3799
3887.12
3988.11
4107.89
4216.35
4308.16
4402.27
4499.77
4602.96
4714.65
4823.24
4927.13
5017.75
5088.18
5166.38
5256.5
5333.89
5391.63
5461.68
5550.89
5646.25
5751.24
5842.94
5913.57
5985.12
6058.15
6144.31
6251.6
6348.39
6428.11
6538.22
6698.06
6840.98
6955.97
7072.04
7189.93
7329.03
7503.76
7659.83
7784.31
7915.35
8057.61
8197.86
8334.62
8477.96
8632.71
8788.95
8947.79
9103.28
9252.83
9397.14
9532.11
9675.01
9832.15
9987.73
10140.5
10289.3
10431.1
10584.5
10759.2
10914.8
11034.7
11148.9
11252
11373
11528.1
11670.7
11789.8
11921.7
12078.1
12219.7
12332.4
12428.4
12491.9
12563.3
12650.5
12732.9
12805.5
12862.4
12887.5
12917.5
12957
13001.8
13057.4
13090.5
13077.4
13072.4
13084.3
13086.6
13068.7
13060
13070.4
13078.3
13080.4
13082.2
13083.5
13078.9
13061.4
13042.8
13021.9
12985.3
12914.3
12857.4
12832.1
12779.3
12664.2
12562.4
12491
12408.4
12300
12193.6
12092
12003.4
11945.3
11884
11815.2
11754.6
11713.1
11679
11662.9
11649.8
11644.6
11647.9
11672.5
11706
11761.7
11816.2
11867.6
11922.5
11986.3
12057.3
12146.4
12229.1
12295.3
12376.2
12495.3
12610
12713.1
12826.9
12969
13108.3
13239.7
13370.5
13499.5
13611.6
13677.3
13767.5
13925.1
14048.3
14075.1
14118.5
14208.6
14286
14327.5
14370.1
14415.7
14463.2
14516.5
14557
14560.3
14562.9
14563.4
14551
14499.9
14459.7
14453
14438.7
14401.1
14354.4
14280
14214.4
14176.3
14133.3
14074.4
14015.1
13954.3
13896.4
13848
13799.4
13749.8
13700.2
13650.2
13601.9
13559.2
13508.6
13431.3
13360.1
13309.5
13259.6
13212.5
13167.9
13132.3
13097.1
13063.3
13033.4
13018.2
13005.8
13004.1
12985.5
12904.9
12844
12856.2
12858.1
12821.5
12790.8
12782.3
12774.6
12769.6
12746.5
12653.4
12579.3
12579.7
12579.6
12577.8
12564.6
12505.6
12450.8
12413.2
12383.9
12388.6
12377.1
12297.9
12228.7
12201.9
12178
12166.2
12142.2
12065.3
11991.2
11929.9
11867.4
11799.5
11728.4
11642.7
11562.3
11506.2
11450.6
11397.8
11338.6
11249.6
11159
11061.2
10968.5
10900.1
10821
10688.9
10568.2
10504
10440.9
10383.7
10317.8
10207.9
10103.2
10025.6
9949.64
9882.31
9809.3
9706
9610.5
9557.25
9508.37
9483.5
9450.97
9375.75
9301.7
9234.37
9171.81
9136.74
9097.43
9033.3
8966.74
8885.82
8812.89
8788.22
8760.49
8714.03
8666.67
8613.62
8560.3
8505.25
8454.29
8429.61
8401.18
8348.13
8298.9
8275.12
8253.98
8250.68
8243.64
8210.78
8177.2
8138.64
8106.65
8121.73
8136.93
8152.91
8168.41
8180.3
8189.11
8174.62
8160.66
8150.77
8144.55
8167.23
8189.12
8204.71
8213.25
8164.1
8120.96
8128.05
8134.15
8131.75
8126.67
8098.2
8076.14
8111.2
8144.24
8158.83
8171.55
8166.96
8160.84
8140.26
8124.99
8161.46
8193.72
8184.03
8175.2
8175.2
8172.16
8137.29
8103.11
8076.23
8045.67
7974.54
7907.88
7891.7
7872.21
7814.47
7758.87
7728.8
7696.98
7643.73
7588.95
7514.82
7441.44
7377.7
7315.75
7277.69
7237.14
7162.42
7088.34
7023.5
6962.79
6962.69
6957.79
6879.86
6803.3
6748.16
6694.11
6658.05
6621.45
6575.79
6529.37
6469.43
6410.85
6377.18
6341.99
6277.86
6213.1
6136.18
6060.23
6004.48
5948.03
5876.2
5804.44
5734.31
5663.94
5587.92
5512.27
5446.13
5380.41
5325.46
5269.61
5188.39
5106.52
5005.32
4905.22
4839.98
4774.85
4713.31
4651.16
4566.44
4482.45
4427.61
4372.47
4304.84
4237.09
4163.66
4090.68
4041.23
3991.82
3945.17
3898.41
3844.76
3790.89
3719.66
3648.62
3594.87
3540.98
3471.45
3401.79
3312.97
3224.03
3107.64
2991.16
2844.31
2697.49
2591
2484.5
