-72.978
-24.2258
24.5264
33.3781
42.1695
39.1138
36.0168
36.8942
37.7933
38.395
38.9944
37.9113
36.8124
36.8
36.8
36.8
36.8
38.866
40.9639
39.5272
38.0287
36.6281
35.2295
35.0044
34.8046
34.0192
33.22
33.2
33.2
34.2693
35.3682
33.6538
31.8556
32.3809
32.9803
34.1594
35.3582
35.2071
35.0073
34.5188
34.0193
32.6555
31.2569
31.8708
32.5701
36.7125
41.0083
36.2369
31.042
30.6095
30.4097
32.3961
34.494
37.256
40.0532
39.5374
38.838
36.155
33.3577
34.614
36.1126
33.4718
30.5747
29.8367
29.2373
30.5115
31.9102
35.7394
39.7355
38.414
36.7157
35.3898
34.091
37.716
41.712
38.1064
33.9106
36.4677
39.5647
34.8151
29.4204
30.2896
31.6882
32.2596
32.7591
31.4241
29.9256
32.5458
35.5429
34.8867
33.8876
32.6152
31.3165
31.8366
32.5359
33.7797
35.0784
35.3811
35.5809
34.064
32.3656
31.3886
30.4894
31.6595
33.0581
33.3795
33.5793
32.346
30.9474
28.655
26.2573
27.8728
29.9707
31.4458
32.8444
32.1121
31.1131
34.4551
38.3513
35.2641
31.268
28.7714
26.4736
26.288
26.3879
29.9123
33.9084
32.4725
30.2746
32.9722
36.3688
33.7472
30.2506
30.0611
30.3608
29.358
28.1592
29.2995
30.798
32.0372
33.2361
31.9339
30.2355
31.4628
33.1611
31.9405
30.2422
30.8565
31.8556
31.8291
31.6293
27.7631
23.2675
28.1294
34.6231
35.8546
36.1543
34.2524
31.9547
31.0931
30.4937
28.8828
27.0846
29.2386
32.1357
32.0966
31.4972
33.7435
36.5408
34.4949
31.4979
31
31
33.5764
36.6734
35.7904
34.0921
33.4691
33.0695
33.8252
34.8242
34.5884
34.0888
33.9179
33.8179
31.9974
29.7996
30.6261
32.1246
33.5416
34.9402
35.444
35.7437
36.0434
36.3431
36.1571
35.8574
36.2846
36.884
39.3364
42.2335
40.63
37.9326
37.9612
38.6605
40.1596
41.8579
39.8065
36.8095
38.2692
40.8667
38.8595
35.6626
36.1087
37.5073
40.012
42.8092
44.3456
45.5444
43.9134
41.5158
39.4318
37.4337
40.3633
44.6591
45.678
45.7779
47.3565
49.3545
48.0145
45.7168
45.742
46.4413
48.3764
50.6742
52.7408
54.7389
54.7389
54.1395
54.2299
54.5296
54.4471
54.2473
53.2086
51.9099
51.3718
51.0721
53.2001
56.0973
56.2703
55.571
57.5133
60.3105
62.1292
63.6277
62.198
59.8003
61.6713
64.968
64.829
63.5303
64.4664
66.1648
66.3771
66.0774
66.5928
67.392
70.1129
73.5095
74.4
74.4
78.0023
82.8975
88.6726
94.7666
97.0581
97.9572
103.013
109.607
111.182
110.882
117.401
126.492
132.255
136.751
143.988
152.28
160.14
167.833
179.041
191.629
204.431
217.318
229.064
240.353
255.556
272.34
286.497
299.584
315.432
332.415
350.457
368.939
392.418
417.993
436.479
451.964
474.168
499.244
523.83
548.207
573.557
599.332
632.394
668.659
694.611
715.99
751.793
794.052
824.336
849.211
885.821
927.78
962.965
995.034
1021.64
1045.72
1083.27
1127.12
1160.6
1189.17
1226.27
1267.43
1299.28
1326.65
1356.65
1387.92
1415.16
1440.44
1464.51
1487.99
1507.4
1524.78
1545.42
1567.7
1584.01
1597.3
1607.15
1615.24
1632.16
1653.64
1661.46
1662.16
1666.79
1673.48
1673.84
1670.84
1687.57
1714.84
1720.57
1714.68
1709.62
1705.03
1708.88
1717.37
1717.95
1714.16
1708.76
1702.47
1704.67
1711.67
1713.88
1713.38
1714.91
1717.61
1719.61
1721.21
1722.37
1723.27
1725.11
1727.51
1719.49
1705.3
1697.56
1693.66
1693.95
1696.74
1694.82
1690.02
1679.83
1666.35
1666.33
1674.62
1678.6
1679.9
1679.36
1677.66
1674.8
1671.2
1668.21
1665.62
1662.23
1658.33
1644.2
1623.42
1602.03
1580.25
1562.63
1547.74
1531.3
1513.81
1491.07
1464.79
1450.5
1444.31
1435.44
1424.75
1405.41
1380.14
1371.81
1375.2
1365.07
1345.49
1334.7
1330.11
1328.37
1328.67
1333.63
1341.93
1337.56
1324.08
1309.37
1293.79
1283.97
1278.38
1279.96
1286.86
1288.02
1284.93
1281.32
1277.32
1274.06
1271.37
1275.47
1284.76
1286.71
1283.01
1276.73
1268.44
1265.81
1267.61
1266.11
1262.01
1256.08
1248.68
1239.24
1228.15
1223.03
1222.73
1210.8
1189.43
1175.84
1168.65
1164.58
1163.08
1151.55
1131.67
1118.04
1109.64
1096.49
1079.3
1068.22
1062.32
1047.24
1024.26
1008.83
999.943
995.426
994.727
989.51
980.319
970.651
960.561
954.217
951.22
943.597
931.808
928.452
932.748
931.513
925.219
918.561
911.568
906.077
901.981
897.472
892.577
890.303
890.502
892.853
897.248
890.882
874.199
877.482
900.06
904.216
890.429
882.844
881.345
873.318
858.832
851.75
852.05
848.064
839.772
829.991
818.702
807.611
796.722
789.28
785.383
779.329
771.037
758.154
740.471
726.583
716.693
705.737
693.648
686
683.103
673.957
658.073
648.316
645.219
640.549
634.155
627.192
619.599
610.304
599.115
589.621
582.029
575.702
570.807
561.009
545.624
527.03
504.752
490.022
484.028
465.953
433.785
416.997
418.295
406.611
379.537
362.433
357.238
347.193
331.309
318.99
310.997
305.477
302.979
296.589
285.4
276.884
271.689
269.243
270.242
267.268
259.276
256.162
259.259
259.25
255.253
251.519
248.122
247.458
250.355
249.323
243.129
243.64
253.03
259.641
262.538
269.225
281.013
290.174
295.768
307.481
327.561
346.045
362.329
382.668
408.643
441.815
485.073
529.241
574.697
628.107
692.843
757.539
822.175
891.915
969.039
1054.78
1153.08
1248.67
1340.28
1438.01
1544.81
1651.8
1759.1
1861.65
1957.06
2062.18
2182.06
2287.15
2369.57
2457.13
2552.63
2651.81
2756.71
2842.14
2896.98
2972.28
3079.98
3178.02
3260.64
3339.73
3413.16
3494.43
3588.44
3692.3
3812.28
3931.74
4050.32
4166.88
4280.07
4404.04
4546.1
4674.21
4778.71
4887.82
5004.8
5126.01
5254.48
5384.2
5516.07
5637.95
5742.35
5850.47
5965.16
6077.19
6184.48
6300.57
6432.44
6558.16
6672.75
6798.57
6944.93
7076.7
7181.6
7291.14
7409.33
7522.33
7625.63
7735.01
7855.9
7957.29
8021.53
8093.11
8178.83
8279.42
8408.9
8520.88
8598.6
8663.33
8702.39
8753.24
8827.56
8884.8
8907.68
8944.11
9008.05
9059.03
9083.51
9103
9112.19
9120.96
9128.85
9140.45
9159.83
9178.44
9195.42
9203.12
9190.93
9193.26
9226.92
9241.29
9213.62
9181.33
9138.87
9114.19
9128.98
9119.12
9054.09
8980.35
8886.94
8808.27
8763.21
8718.52
8674.66
8628.46
8576.81
8527.79
8484.93
8434.36
8365.53
8308.31
8278.84
8259.81
8266.01
8265.43
8248.34
8248.16
8289.51
8328.12
8359.89
8393.71
8432.67
8467.79
8493.16
8538.57
8635.17
8723.24
8789.28
8848.88
8891.74
8948.49
9041.8
9135.19
9228.8
9323.44
9420.84
9504.11
9549.07
9614.12
9734.21
9837.79
9895.73
9965.79
10069.7
10151.7
10172.1
10193.9
10219.8
10243.7
10262.1
10291.8
10354.2
10403.6
10414.4
10421.1
10415.2
10411.5
10414.4
10411.8
10392.4
10365.9
10317.7
10281
10280.4
10270.3
10230.1
10187.9
10139.4
10092.5
10051.1
10010.5
9972.84
9930.45
9872.61
9825.25
9812.56
9789.18
9730.04
9672.93
9622.67
9585.88
9595.07
9593.43
9554.37
9519.18
9497.5
9473.57
9441.7
9407.8
9366.64
9334.1
9332.7
9327.35
9307.57
9288.96
9274.68
9255.46
9217.8
9189.02
9193.92
9193.67
9173.69
9154.26
9136.98
9114.18
9069.72
9036.87
9050.16
9058.08
9044.39
9026.43
8991.07
8957.18
8929.41
8906.23
8902.23
8890.03
8843.07
8806.57
8814.86
8816.49
8789.22
8753.57
8681.04
8614.77
8576.41
8541.03
8519.15
8489.25
8422.61
8357.4
8298.75
8239.11
8174.78
8108.58
8033.56
7960.55
7897.32
7834.87
7776.33
7715.38
7642.45
7572.68
7518.83
7464.87
7410.33
7351.84
7272.91
7201.78
7171.61
7142.75
7120.87
7093.37
7035.43
6978.77
6929.22
6879.06
6825.52
6775.34
6744.27
6710.95
6664.7
6621.09
6592.91
6564.42
6534.05
6499.28
6437.94
6384.54
6379.85
6367.68
6308.94
6253.65
6220.29
6189.66
6176.67
6163.89
6152.5
6134.9
6075.86
6024.85
6028.34
6027.04
5992.58
5965.15
5987.23
6005.17
5993.48
5981.31
5965.62
5954.18
5974.26
5992.6
5997.8
6000.1
5980.02
5964.73
5987.21
6006.44
5999.54
5994.97
6009.46
6021.97
6017.98
6015.12
6022.02
6026.05
6005.17
5986.22
5984.42
5982.85
5983.35
5985.87
6007.25
6026.27
6022.77
6020.04
6024.73
6030.14
6042.63
6052.74
6038.66
6023.83
6001.25
5977.84
5945.47
5915.29
5909.2
5899.34
5846.99
5798.49
5794.59
5785.11
5709.09
5636.82
5610.65
5582.07
5523.12
5465.93
5431.36
5396.49
5357.63
5319.94
5298.36
5275.36
5232.1
5189.15
5150.69
5111.26
5057.21
5006.03
4999.83
4991.79
4953.52
4914.31
4859.07
4805.76
4786.58
4766.15
4722.89
4679.45
4632.5
4585.69
4541.73
4497.34
4443.89
4390.88
4347.32
4303
4241.46
4180.27
4127.43
4075.27
4040.61
4005.72
3965.06
3922.87
3837.66
3753.23
3692.49
3632.82
3607.04
3579.63
3496.41
3414.17
3367.71
3321.57
3287.7
3253.34
3197.39
3141.55
3090.4
3039.55
3004.89
2970.17
2932.3
2894.33
2848.57
2802.78
2754.53
2706.41
2670.65
2634.77
2586.32
2537.79
2478.05
2418.08
2313.29
2208.54
2122.23
2035.89
1929.4
1822.9
