-77.7802
-33.9232
9.93384
11.4963
12.9948
12.8009
12.6011
13.4942
14.3933
16.9783
19.5757
15.7402
11.844
12.4914
13.1907
14.4815
15.7802
13.3405
10.8429
14.7274
18.7235
14.0965
9.3012
12.6228
16.1193
15.6144
15.015
13.2467
11.4485
11.886
12.3855
13.5641
14.7629
12.4764
10.0788
12.5121
15.1095
12.9823
10.6845
11.2736
11.9729
15.169
18.4658
16.4916
14.2937
13.2436
12.2446
12.5818
12.9814
13.0952
13.1951
12.8198
12.4202
12.9691
13.5685
14.168
14.7674
13.8553
12.8563
13.4599
14.1592
12.1304
9.93252
11.302
12.9005
14.2179
15.5166
15.6
15.6
13.5476
11.3497
9.1519
6.95406
10.516
14.512
13.5948
12.2961
12.6625
13.162
13.7539
14.3533
13.7552
13.0559
16.1253
19.522
16.3145
12.5182
12.5661
12.9657
13.7306
14.5299
14.0532
13.4537
14.1275
14.9267
15.9982
17.0971
14.9362
12.4387
10.1218
7.8241
10.2146
13.1117
13.7598
14.1594
13.3023
12.3033
12.0208
11.821
11.2637
10.6643
12.2944
14.1925
14.489
14.5889
14.7776
14.9774
12.608
9.91065
9.15802
8.6585
9.482
10.481
11.392
12.2911
13.3659
14.4648
11.6211
8.22447
9.89801
12.2957
11.5533
10.3545
12.0275
14.1255
15.4419
16.6408
17.4931
18.2923
13.8187
8.52394
11.5947
15.9904
15.3953
13.9967
14.9161
16.2148
14.7725
12.8744
11.2326
9.63421
10.6789
12.1775
14.6118
17.2092
16.921
16.1218
14.1371
11.9393
10.4173
9.01864
11.16
13.9572
11.3728
7.77631
10.0524
13.449
11.7402
9.0428
10.103
11.9013
12.7831
13.4824
12.3533
10.8548
12.0924
13.8907
11.7184
8.72137
10.2631
12.7606
11.7181
9.91987
10.0928
10.6922
11.5374
12.4365
12.6
12.6
14.557
16.9547
13.658
9.06247
11.6895
15.9853
15.8285
14.6297
15.1268
16.026
16.2
16.2
14.1907
11.6932
14.0061
17.5026
17.1603
15.8615
17.2754
19.3734
18.3674
16.5692
17.0733
18.1722
19.5879
21.0864
19.741
17.6431
18.4608
20.0593
20.5572
20.757
19.3102
17.412
19.5029
22.6998
22.1517
20.5532
20.1222
20.0223
20.0776
20.1775
18.6513
16.6533
18.0537
20.4513
21.5393
22.2386
22.4
22.4
20.9436
19.0455
18.7529
18.9527
22.2028
26.3987
25.1942
22.297
23.1173
25.1154
23.5569
20.8595
19.8981
19.4985
21.2067
23.6043
25.9269
28.2247
27.452
25.6538
25.3494
25.5492
25.6745
25.7744
24.9084
23.7096
25.1044
27.4021
30.5868
34.0834
31.6092
27.0137
28.7407
32.7368
34.0933
34.4929
36.0625
38.0605
38.9646
39.4641
41.7093
44.6064
45.4725
45.5724
48.4937
52.4898
54.4657
55.6646
59.8134
65.1082
67.6763
69.1748
74.3945
81.0879
85.0695
87.9667
91.4332
95.1296
99.9615
105.256
113.807
123.697
129.917
134.613
137.689
140.087
152.241
168.525
175.08
177.477
186.366
198.055
206.542
213.635
226.627
242.212
252.26
259.852
269.999
281.287
295.604
311.289
322.582
331.873
345.68
361.564
371.854
379.546
393.09
409.374
424.844
439.929
450.82
459.711
472.11
486.196
494.633
500.328
512.46
527.745
541.559
554.646
560.8
563.497
568.72
575.214
580.117
584.213
593.794
606.181
614.155
619.85
624.756
629.251
631.848
633.446
634.653
635.652
639.255
644.25
648.856
653.251
652.729
649.532
647.303
645.605
648.151
653.047
654.351
653.652
651.099
647.502
649.004
653.4
658.113
663.008
660.81
654.516
655.231
660.026
656.261
647.469
644.953
646.152
652.042
660.734
659.697
652.804
652.438
656.034
657.772
658.371
651.743
640.654
642.065
651.256
655.721
657.219
651.559
641.369
636.302
634.504
631.125
626.729
619.001
609.111
606.227
607.925
609.142
610.041
602.959
590.571
584.463
582.565
575.182
564.093
556.332
550.837
548.659
548.759
543.251
533.86
530.529
531.429
531.859
531.958
524.636
512.048
511.809
520.401
525.045
526.843
521.641
511.351
508.672
511.569
506.939
496.749
495.779
501.673
502.602
499.805
498.543
498.443
498.74
499.339
502.368
507.263
507.261
503.465
503.371
506.168
503.711
497.117
492.362
489.065
487.489
487.289
484.158
478.663
474.491
471.394
469.67
469.071
466.064
461.069
455.528
449.534
447.615
449.113
445.361
437.169
432.051
429.554
425.39
419.796
414.148
408.453
403.773
399.976
398.04
397.741
393.575
385.982
381.767
380.568
377.266
372.071
370.176
371.275
370.287
367.39
363.661
359.165
357.777
359.275
358.297
355.001
354.479
356.577
355.808
352.311
354.272
361.465
363.781
361.383
357.669
352.674
350.301
350.501
348.591
344.595
341.099
338.102
338.294
341.691
338.188
327.699
322.894
323.893
323.366
321.268
315.001
304.412
299.488
300.487
298.373
292.978
288.504
285.007
282.235
280.237
275.835
268.842
265.87
267.269
266.474
263.277
258.656
252.462
249.625
250.525
248.504
243.209
239.509
237.611
233.611
227.218
223.428
222.629
217.801
208.31
199.419
191.227
186.203
184.904
180.771
173.278
167.06
162.365
156.627
149.634
144.717
142.319
138.708
133.613
130.576
130.077
130.334
131.533
130.337
126.141
121.46
116.165
115.793
121.687
121.937
114.944
111.348
112.148
112.86
113.46
114.361
115.66
117.603
120.4
121.658
120.858
123.253
129.946
134.309
135.507
138.647
144.441
150.32
156.314
164.273
174.962
184.612
192.804
206.047
226.428
243.758
256.745
277.239
308.508
337.94
364.714
395.063
430.628
464.616
496.285
531.374
571.535
613.658
658.713
703.211
746.869
785.253
815.623
851.398
895.455
938.53
980.09
1021.8
1063.76
1102.03
1134.5
1171.14
1214.4
1252.08
1280.85
1315.52
1359.67
1399.03
1430.6
1464.29
1501.46
1542.28
1589.13
1635.72
1681.88
1730.53
1783.38
1835.86
1887.7
1937.93
1985.38
2036.73
2094.77
2146.61
2187.67
2233.63
2288.18
2339.9
2386.66
2437.37
2495.11
2547.1
2588.76
2636.14
2693.88
2750.21
2803.96
2851.42
2887.28
2930.17
2986.12
3035.53
3072.69
3114.14
3163.69
3212.25
3258.9
3304.91
3349.66
3388.95
3417.62
3448.99
3485.66
3519.84
3549.11
3581.55
3620.31
3650.31
3662.7
3681.79
3714.46
3737.51
3740.91
3745.84
3753.93
3758.78
3756.89
3761.98
3781.76
3792.77
3785.17
3785.73
3803.71
3817.01
3820.21
3818.47
3805.98
3794.65
3785.86
3780.39
3782.29
3777.83
3759.15
3745.13
3741.63
3733.96
3716.78
3699.05
3680.07
3659.2
3633.92
3607.12
3576.75
3550.39
3533.5
3517.65
3504.26
3493.51
3489.12
3484.4
3478.91
3478.87
3492.26
3497.04
3480.45
3475.92
3501.6
3523.39
3535.38
3550.97
3575.74
3598.17
3614.56
3635.1
3666.47
3697.89
3729.46
3757.23
3774.92
3797.89
3835.05
3870.49
3901.26
3934.97
3976.73
4018.7
4061.26
4095.23
4105.22
4119.24
4144.61
4173.08
4210.34
4239.21
4243.9
4250.16
4260.95
4270.19
4274.89
4280.49
4288.78
4290.66
4273.27
4257.55
4246.86
4239.12
4240.42
4240.18
4235.19
4230.31
4225.82
4218.2
4200.72
4179.81
4147.94
4115.98
4083.71
4058.58
4056.78
4053.22
4043.83
4034.48
4025.29
4011.95
3984.58
3962.63
3959.23
3951.22
3927.24
3903.8
3882.22
3865.33
3865.03
3863.64
3858.35
3851.04
3836.45
3825.17
3825.97
3823.58
3809.4
3798.05
3797.35
3793.96
3780.38
3766.62
3752.24
3741.68
3745.97
3748.43
3743.63
3739.26
3736.56
3731.58
3717.39
3704.11
3694.52
3683.64
3667.46
3647.34
3610.78
3581.64
3583.94
3585.12
3581.52
3576.54
3565.55
3553.34
3535.76
3516.93
3492.56
3468.74
3447.46
3426.06
3404.08
3383.52
3369.53
3355.35
3340.27
3321.27
3283.6
3250.63
3240.34
3229.66
3217.08
3199.3
3155.74
3117.96
3109.27
3095.62
3056.66
3022.06
3010.07
2995.28
2965.7
2937.38
2915.7
2893.26
2866.68
2841.29
2822.41
2804.9
2795.01
2782.76
2757.19
2733.68
2722.1
2709.11
2687.93
2667.02
2647.74
2628.42
2608.84
2589.58
2572.29
2558.43
2565.93
2569.46
2547.88
2527.64
2516.05
2502.65
2477.38
2455.45
2455.85
2456.43
2458.23
2456.65
2431.78
2408.58
2397.19
2386.26
2378.56
2372.43
2377.62
2383.08
2390.47
2395.36
2381.27
2369.89
2379.38
2387.35
2383.35
2381.41
2396
2408.29
2401.8
2396.88
2405.18
2411.96
2405.87
2400.15
2397.75
2393.69
2374.81
2357.8
2357.8
2358.75
2368.54
2377.77
2381.67
2384.54
2377.45
2371.7
2379.39
2387.31
2397.5
2405.78
2394.09
2382.67
2374.18
2365.04
2348.76
2333.72
2332.72
2331.32
2325.22
2318.07
2298.29
2278.8
2262.92
2247.32
2235.33
2222.2
2194.22
2167.93
2164.03
2159.42
2144.93
2129.99
2108.62
2087.56
2071.17
2055.23
2046.04
2036.23
2016.75
1997.5
1982.02
1966.17
1944.09
1923.04
1920.15
1916.81
1905.52
1893.26
1862.39
1832.67
1825.77
1818.08
1793.7
1770.13
1764.04
1757.16
1732.59
1708.06
1684.68
1661.86
1653.07
1643.72
1619.44
1594.73
1557.87
1521.78
1508.69
1495.36
1474.18
1453.18
1438.6
1423.54
1391.07
1359.1
1346.81
1334.39
1316.41
1298.37
1277.8
1257.23
1237.65
1218.03
1195.75
1173.69
1165.99
1158.04
1130.27
1102.57
1081.39
1060.38
1057.78
1054.99
1024.22
993.401
952.94
912.521
885.847
859.175
834.399
809.623
