-116.175
-60.9292
-5.68333
-2.80696
-.00970125
-1.19467
-2.39349
.183356
2.78081
2.10585
1.40654
-1.37111
-4.16837
-2.71841
-1.21988
.0814972
1.38022
1.59676
1.79656
1.40726
1.00765
-.959789
-2.95783
-2.11986
-1.22074
-.907207
-.6075
.958433
2.55687
1.23911
-.159519
-1.55815
-2.95678
-2.90318
-2.80328
-.964239
.9339
-1.507
-4.10446
-2.75659
-1.25806
-.62381
-.0243978
-1.43754
-2.93607
-1.46976
.128675
.772665
1.37208
-.60022
-2.69816
-4.98621
-7.28396
-5.408
-3.31006
-2.63203
-2.03262
1.02289
4.21976
3.26876
2.06994
-.445921
-3.04337
-1.13468
1.06316
1.57473
1.97434
.410728
-1.28761
-2.4262
-3.52512
-4.62404
-5.72297
-3.10592
-.208762
-1.39055
-2.88908
-.964832
1.23301
.661504
-.137712
-2.22655
-4.4244
-2.02623
.771028
-.100695
-1.29952
-.576241
.322877
-1.06133
-2.65976
-5.07843
-7.57598
-5.25364
-2.45638
-2.10925
-2.00935
-1.4567
-.857288
-2.33602
-4.03436
-3.38857
-2.48946
-.600749
1.39729
.702332
-.296689
-1.65399
-3.05262
-2.21687
-1.11795
-1.89179
-2.89081
-.33049
2.66657
.691515
-1.90594
-1.57985
-.880541
-1.06519
-1.36489
-1.6646
-1.96431
.904157
4.20093
3.98534
3.28602
2.06103
.7623
-.886097
-2.58443
-3.41055
-4.10987
-2.11138
.286271
2.77075
5.2683
2.5678
-.928776
-.967808
-.468297
-3.50474
-7.10122
-4.76045
-1.46368
-1.1717
-1.37151
-.971723
-.472213
-2.36557
-4.66332
-2.61261
.184647
-2.80272
-6.79881
-4.00511
-.00902271
.0919404
-.507472
-.51552
-.415617
-.23143
-.0316262
-.0840897
-.183992
.722827
1.82175
3.84135
6.03919
3.47743
-.0191402
-2.34943
-4.44737
-1.39248
2.70351
1.82462
-.0735168
-1.30991
-2.40883
-2.02234
-1.32302
-1.03535
-.835542
-.389343
.110167
-.209679
-.709189
.916537
3.01448
.219779
-3.6764
-3.09843
-1.49999
.179593
1.87793
1.0666
-.332025
.288371
1.38729
-.0918698
-2.18981
-2.76074
-2.96054
-.755138
2.04212
1.1604
-.63784
-1.31913
-1.71874
-1.08372
-.184604
-1.19086
-2.68939
-.228183
3.26839
2.89401
1.49538
1.75162
2.45094
2.83582
3.13553
2.10224
.703607
1.02573
1.82494
.673658
-1.02468
-.933054
-.333642
-.588143
-1.08765
.116357
1.81469
1.50487
.605747
.862247
1.46166
1.29262
.893009
.340102
-.259311
-3.30525
-7.10153
-4.49213
.10337
1.96062
2.95964
1.6068
-.491142
-.470305
.22901
.0980997
-.301509
.0516748
.651087
.649833
.450028
-.0493264
-.648739
-.501233
-.101624
-.446977
-1.04639
-.828499
-.328988
.615149
1.71407
1.77827
1.47857
2.13713
3.13615
2.37076
.972129
2.28639
4.58414
5.27312
5.37303
3.28503
.387872
2.00022
5.29699
3.95131
.854346
1.37451
3.27265
4.30503
5.00434
4.55244
3.65332
2.46718
1.16845
1.51559
2.51461
5.01227
8.10924
6.50912
3.01255
1.71611
1.3165
.98767
.687964
.247097
-.252414
1.21885
3.5166
6.0951
8.79246
8.20013
6.20209
4.20405
2.20601
1.4608
1.26099
3.49039
6.78716
8.21526
8.81467
8.65493
8.15542
6.21072
3.61326
3.48623
4.48525
4.66314
4.46334
4.80939
5.4088
5.32786
4.92825
6.22463
8.32258
5.82074
1.12534
2.02813
5.62461
6.53099
6.13138
5.93294
5.83304
5.26511
4.4659
5.86662
8.36418
9.59881
10.1982
10.4
10.4
9.34276
7.74432
7.79294
8.69205
8.27745
7.17853
4.70431
1.50744
3.59943
8.49464
8.96312
7.06498
7.37354
8.87208
7.91173
5.61398
5.76767
7.2662
7.60705
7.30735
7.5206
8.02011
8.77532
9.67443
8.78916
6.89102
7.34358
9.14182
8.5966
6.69846
7.89423
10.8913
9.85986
6.46319
6.32949
8.12773
8.54978
8.15018
8
8
8.87027
10.2689
8.19741
4.00152
2.70885
3.20836
4.56992
6.46806
7.99793
9.29665
9.00462
7.70589
8.29777
10.096
9.76654
8.0682
10.7328
16.2274
15.8028
11.507
8.83673
7.2383
7.80017
9.79821
10.8991
11.3986
11.0038
10.0048
10.4913
11.9898
13.133
14.0321
12.9833
10.5856
9.07049
8.17137
7.62408
7.32438
9.36237
13.0587
13.1438
10.6463
10.1805
11.1795
12.6414
14.4396
13.1819
9.68535
9.46419
11.662
11.7982
10.3996
9.97121
10.2709
11.765
14.1627
13.7263
11.1288
12.0334
15.6299
15.0047
11.1085
9.51218
9.71199
9.52051
9.021
9.13421
9.73362
12.3867
16.6825
16.0557
11.4602
10.6676
12.9654
12.7918
10.5939
10.8586
13.1564
13.4366
12.038
12.3779
14.1762
15.2165
15.6161
15.3145
14.4154
13.4088
12.3099
12.389
13.4879
13.8399
13.5402
11.38
7.58378
7.44178
10.5387
12.0528
12.1527
12.936
14.3346
15.5761
16.675
16.7826
15.9834
15.1841
14.3849
14.9839
16.8821
16.8198
14.9216
15.2335
17.6311
17.1616
13.9648
12.604
13.0036
15.1307
18.9269
19.4841
16.8866
16.2554
17.5541
17.4467
15.9482
14.0995
11.9016
12.9924
17.3881
18.5081
16.3102
15.9415
17.4401
17.9538
17.4543
16.7586
15.8595
15.9862
17.185
18.4811
19.8798
20.6
20.6
19.49
17.1922
16.4326
17.3317
16.9383
15.1401
15.6779
18.7749
20.5899
20.9895
21.6728
22.6718
21.8345
18.9373
18.1971
19.8955
21.8273
24.0251
24.921
24.3216
23.6296
22.8303
22.5844
22.984
23.0163
22.6167
21.9428
20.9438
18.7157
15.0193
14.2238
16.9211
19.1221
20.7205
21.7348
22.0345
21.7526
20.7536
20.3782
20.7778
22.1973
24.8947
24.5898
20.4938
19.6065
22.8034
23.1997
20.0028
19.1148
21.2128
22.6168
23.1163
22.9251
21.8262
21.243
21.3429
20.9722
19.9732
20.0388
21.5373
22.5695
22.9692
22.7359
21.6369
21.7559
23.5542
24.0148
22.6161
20.7599
18.2623
18.2079
21.6046
23.1054
21.9066
21.6922
22.891
22.3753
19.3783
18.8188
21.8159
23.034
21.6353
21.2023
22.2014
22.84
22.9399
22.243
20.3448
20.4291
23.526
22.6778
15.7846
12.6206
15.2181
17.1906
18.1896
18.9554
19.3551
19.136
17.9371
17.5462
18.4454
18.5407
17.3418
16.4477
16.0481
16.4819
18.2802
19.6261
20.2255
19.5127
16.6155
15.6579
17.9556
19.4
19.4
18.9202
17.6215
17.3139
18.7126
20.3668
22.4648
22.8557
20.2582
18.9612
19.9602
20.9593
21.9583
21.9568
20.1586
19.8173
22.1151
22.5751
19.678
18.9949
22.3916
23.901
21.903
20.6
20.6
21.2911
23.2892
23.4661
20.1693
19.0933
22.2902
24.0603
23.0613
23.6159
27.2123
27.2831
20.3898
16.501
18.599
20.2323
20.9316
22.6537
26.4499
28.3441
26.346
25.3586
26.4575
26.5195
24.4216
23.3543
24.4532
25.104
24.8042
24.2818
23.2828
22.7265
23.1261
22.8972
21.2988
21.6678
26.3632
29.6
29.6
28.5515
25.1548
23.4435
25.5414
25.6908
21.395
18.9445
20.7427
21.8497
21.3502
21.5972
23.5952
23.9321
20.3356
18.1241
19.2231
19.8244
19.2249
19.2361
20.7347
22.2332
23.7317
24.5131
23.5141
22.2017
20.1038
19.1658
21.1639
22.7967
23.496
24
24
23.7229
22.7239
21.89
21.4903
21.3912
22.0905
22.7898
23.4891
24.5923
26.7901
27.9724
26.3739
25.1469
24.9471
25.2477
26.946
28.0954
27.6958
28.0486
30.5461
31.2928
26.9971
24.541
27.4382
30.1832
32.4809
34.0239
33.3246
32.1509
29.5535
27.7486
28.348
28.7508
28.551
29.497
33.9926
35.7798
29.0864
24.4077
26.1061
26.9004
24.8025
24.1673
28.2633
31.5404
32.1398
32.1359
30.1379
28.3009
27.0022
26.114
26.6136
27.0904
27.4901
28.1363
29.6348
30.1111
27.0141
24.7982
25.6974
26.6838
27.9825
28.3076
25.1108
23.0502
25.1482
27.4798
30.6767
32.2738
27.8781
24.4417
24.6415
24.8413
25.0411
24.7908
22.7927
21.7674
24.5647
26.5792
25.4803
24.7192
25.3186
25.7016
25.2021
25.0338
26.2326
26.8143
24.8162
23.6773
26.1748
27.841
25.9428
24.4561
24.7558
25.2775
26.7761
27.4508
24.4537
21.9638
21.764
22.3704
26.6662
29.7215
27.0242
24.7124
24.2129
23.7133
23.2138
23.057
24.5555
25.9863
27.0852
27.5814
25.0839
23.364
25.5618
27.073
25.0749
23.2546
22.3555
21.6798
22.1793
22.3478
20.7494
19.5401
20.4392
21.2
21.2
20.851
18.5532
16.8546
18.553
19.8965
19.1972
18.775
19.9739
21.2303
22.8287
24.0864
23.2872
22.642
22.9417
22.6202
18.4243
15.3171
19.1134
22.1988
20.7003
19.2414
18.0426
16.9739
16.7741
16.3563
14.4582
13.141
15.8384
18.3119
19.211
20.1591
21.4578
22.3832
20.585
18.9171
18.2177
17.7631
19.1617
20.1823
18.2842
16.6675
17.267
17.7336
17.1342
16.437
14.9384
14.0589
18.3547
21.98
19.882
17.8458
16.3472
15.2017
17.1997
19.0297
19.3294
19.6775
20.4768
21.01
19.012
17.3209
18.6196
19.6634
18.1649
16.7376
16.0383
15.4
15.4
15.4511
16.0505
16.6915
17.7905
18.8325
19.2321
19.5286
18.6295
17.9779
20.2757
22.2718
20.5735
18.9926
18.8927
18.7357
17.8365
17.0765
18.1754
19.3959
22.2931
24.7441
20.8479
17.2509
18.0501
18.7198
17.4211
16.188
15.9882
15.7249
14.4261
13.2558
14.2548
15.27
16.5687
17.7325
16.4338
15.16
14.3608
13.72
16.2175
18.4619
15.4648
12.7234
15.5207
18.1705
17.4712
16.7197
14.7216
12.7885
12.4888
12.171
11.3718
10.7234
14.3199
17.6707
13.6746
9.81215
10.2117
10.6227
11.4219
12.2
12.2
12.1632
10.6647
9.2293
10.528
11.7279
8.23138
4.86892
8.56529
12.1767
10.778
9.40882
10.0082
10.6076
11.2071
11.7849
10.3862
8.9947
8.39528
7.81169
9.51003
11.1961
10.3968
9.59555
8.09702
6.60211
8.70006
10.798
