34.2208
80.2756
126.33
132.983
139.577
141.292
142.991
140.118
137.221
136.803
136.404
132.045
127.65
128.489
129.388
129.597
129.797
129.603
129.403
130.676
131.975
131.51
131.01
131.293
131.593
131.21
130.81
130.605
130.405
130.594
130.794
131.77
132.769
131.541
130.243
133.871
137.668
131.629
125.235
124.326
123.627
127.441
131.437
128.916
126.119
130.112
134.408
133.455
132.256
128.58
124.784
126.026
127.524
129.687
131.885
131.053
130.054
130.189
130.389
128.514
126.516
128.281
130.279
128.616
126.718
128.567
130.665
129.865
128.866
131.412
134.209
132.91
131.312
130.643
130.043
128.331
126.533
126.215
126.015
126.923
127.922
126.158
124.16
125.746
127.645
125.782
123.584
121.478
119.38
122.397
125.893
125.744
125.245
125.018
124.818
125.254
125.753
124.261
122.562
125.382
128.678
126.385
123.488
126.439
130.035
128.066
125.469
125.737
126.337
126.132
125.832
130.437
135.632
129.17
121.278
125.461
131.155
130.294
128.595
126.897
125.199
122.618
119.921
125.496
132.19
127.644
121.55
121.326
121.925
121.213
120.314
122.817
125.814
128.027
130.125
131.181
132.08
129.687
126.79
125.19
123.791
125.325
127.323
132.505
138.199
134.707
129.712
130.028
131.227
134.306
137.702
136.836
135.237
137.637
140.734
141.2
141.2
142.47
143.969
141.243
137.746
137.537
137.937
142.457
147.751
148.18
147.681
143.164
137.869
141.509
146.904
148.633
149.632
149.634
149.434
149.234
149.034
149.496
150.096
152.758
155.855
156.071
155.671
156.339
157.238
161.005
165.401
166.282
166.382
170.396
175.291
181.162
187.256
189.861
191.659
193.781
195.979
202.861
210.853
211.997
211.498
214.695
218.791
222.566
226.263
225.96
224.661
232.378
242.368
243.365
242.067
241.482
241.083
246.781
254.074
256.943
258.641
262.152
266.148
269.594
272.891
272.973
272.173
279.821
289.812
293.638
295.736
300.013
304.908
305.845
305.645
306.529
307.728
316.496
327.485
328.074
325.576
328.151
332.247
338.949
346.441
348.276
348.376
347.409
346.11
347.245
349.143
354.683
361.376
365.8
369.496
372.891
376.187
379.032
381.73
383.902
385.9
389.545
393.741
398.684
403.879
407.137
409.734
416.641
425.033
433.351
441.642
451.412
461.702
471.771
481.761
490.575
498.967
511.905
526.491
534.349
539.743
553.671
570.754
590.456
611.136
625.65
637.838
660.66
687.534
704.74
718.226
741.355
768.228
793.165
817.341
842.09
867.065
893.325
920.099
947.656
975.528
1009.29
1045.46
1079.57
1112.83
1145.26
1177.32
1211.43
1246.4
1278
1308.17
1340.72
1374.28
1415.53
1460.08
1501.86
1542.42
1585.27
1629.13
1676.37
1725.13
1777.12
1830.57
1880.99
1930.04
1975.8
2020.06
2072.32
2128.26
2187.35
2247.89
2300.6
2349.66
2382.9
2408.68
2471.66
2552.38
2600.05
2631.82
2681.07
2738.81
2782.41
2819.07
2863.69
2912.25
2939.53
2956.22
2983.8
3016.87
3044.04
3068.21
3103.23
3143.79
3155.62
3152.63
3154.55
3159.05
3162.96
3166.55
3174.59
3184.98
3190.55
3193.55
3201.22
3211.41
3218.88
3224.88
3229.9
3234.4
3227.96
3215.47
3215.94
3223.63
3206.01
3174.14
3176.17
3197.45
3201.77
3196.37
3206.18
3224.76
3219.85
3201.27
3202.02
3214.1
3214.14
3207.05
3216.22
3235.1
3245.19
3249.99
3247.2
3239.81
3243.63
3254.32
3257.35
3255.65
3268.11
3289.39
3301.04
3306.63
3325.38
3352.45
3352.81
3336.13
3335.92
3346.31
3342.82
3330.34
3320.08
3311.29
3298.59
3283.3
3265.92
3247.14
3214.18
3171.72
3153.59
3151.89
3140.56
3122.68
3110.48
3102.19
3078.49
3044.13
3032.82
3037.62
3045.4
3055.29
3053.96
3044.67
3036.14
3028.15
3029.62
3037.91
3035.27
3024.68
3026.02
3036.11
3026.03
3001.06
3000.42
3017.9
3008.79
2979.72
2981.65
3007.02
3011.76
3000.77
3009.78
3034.16
3037.37
3024.18
3024.57
3035.56
3030.06
3011.58
2996.44
2983.95
2980.01
2982.91
2971.42
2948.35
2938.16
2938.46
2935.14
2928.85
2921.95
2914.56
2905.69
2895.6
2877.8
2853.52
2838.66
2831.77
2821.05
2807.06
2792.05
2776.17
2774.96
2786.45
2772.91
2737.55
2723.6
2728.5
2717.93
2693.65
2681.2
2679.3
2669.36
2652.17
2640.12
2632.73
2635.83
2648.51
2639.68
2611.01
2593.37
2585.97
2583.28
2584.97
2577.94
2562.65
2557.86
2563.06
2570.34
2579.63
2583.89
2583.29
2586.29
2592.78
2596.5
2597.5
2589.21
2571.73
2561.95
2559.85
2557.25
2554.16
2544.31
2527.63
2523.7
2532.79
2532.87
2523.68
2511
2494.72
2489.23
2495.03
2492.11
2480.02
2469.44
2460.45
2461.59
2473.58
2476.43
2469.44
2464.17
2460.77
2462.43
2469.62
2471.12
2466.32
2466.16
2471.16
2459.44
2428.97
2406.47
2392.98
2382.34
2374.95
2354.35
2318.59
2285.37
2255.1
2225.1
2195.43
2167.83
2142.65
2112.91
2077.74
2042.67
2007.7
1977.54
1953.16
1927.57
1900.5
1883.26
1878.07
1860.21
1826.74
1804.81
1797.22
1783.91
1763.43
1747.32
1736.73
1729.74
1727.35
1722.15
1713.36
1716.02
1733.51
1744.09
1745.69
1754.8
1773.78
1791.95
1809.03
1830.48
1857.75
1883.07
1905.74
1936.22
1977.28
2024.16
2079.01
2128.35
2170.11
2225.16
2298.69
2372.01
2445.04
2516.33
2585.16
2668.38
2772.08
2870.81
2962.42
3063.26
3177.45
3283.92
3379.12
3477.24
3579.64
3685.66
3797.05
3903.32
4001.92
4103.67
4210.17
4314.6
4415.9
4519.81
4627.7
4725.31
4807.03
4896.45
4997.85
5092.41
5176.22
5266.5
5367
5464.93
5558.73
5643.62
5714.15
5811.49
5952.36
6081.32
6190.81
6300.19
6409.39
6545.16
6725.19
6901.7
7072.34
7228.72
7360.99
7509.28
7684.91
7846.88
7985.34
8136.3
8308.93
8460.71
8576
8708.91
8872.95
9042.67
9222.49
9390.17
9536.03
9687.18
9847.92
10004.9
10154.9
10319.7
10511.5
10693.4
10856.9
11015.7
11165.6
11310.1
11444.4
11588.1
11749.4
11879.4
11949.2
12050.3
12212.3
12348.8
12435.4
12527.7
12631.5
12732.3
12827.1
12909.3
12966.1
13011.9
13035.4
13068.5
13121.4
13168.7
13204.4
13231.1
13238.8
13239
13223.6
13208.3
13193.1
13193.4
13226.9
13239.4
13206.5
13194.5
13228.1
13231.7
13169.2
13116
13083.1
13053.7
13032
12986.7
12888
12799.7
12734.9
12652.8
12530.5
12431.3
12385.6
12314.3
12182.7
12077.7
12035.5
11986.3
11920.4
11870.8
11860.7
11863.4
11897.3
11923
11928.7
11937.6
11954.1
11974.1
12002.5
12039.9
12100.2
12171.2
12269.2
12367.7
12467.7
12565.1
12655.9
12750
12853.1
12961
13081.7
13204.8
13334.7
13449.4
13523.1
13604.7
13708.3
13807.7
13895.7
13992.9
14116
14229.2
14314
14396.3
14471.6
14527.5
14528.1
14531.7
14543.8
14558.1
14579.1
14601.6
14628.6
14650.2
14655.8
14645.2
14585.4
14538.9
14532.9
14526
14516.2
14481.2
14367.3
14271.6
14233.1
14193.6
14151
14096
14000.9
13902
13790.2
13707.5
13720.9
13704.4
13588
13489.6
13451.9
13410.2
13354.8
13313.1
13319
13302.5
13207.7
13135.2
13141.8
13131.4
13060.2
13000.8
12984
12963.5
12929.3
12894.4
12856.6
12829.8
12844.1
12853.6
12845.1
12827.1
12772.7
12724.6
12701.1
12679.1
12662.9
12635.7
12564.3
12507.7
12510.1
12508.3
12489.4
12455.7
12360.7
12280
12259.4
12240.3
12227
12201.7
12125.2
12053.3
12001.3
11949.6
11898.8
11847.5
11793.8
11744.1
11712.9
11672.1
11588.1
11502.7
11410.8
11323.2
11255.8
11182.5
11080.5
10980.1
10887.5
10793.1
10690
10592.5
10522.7
10452.7
10381.9
10303.2
10183.2
10075
10028.3
9978.69
9914.15
9843.31
9738.81
9642.99
9594.13
9539.26
9451.24
9369.41
9322.05
9274.35
9224.7
9174.76
9123.11
9068.42
8995.99
8925.05
8862.91
8802.44
8752.09
8700.17
8638.63
8579.32
8533.86
8487.96
8439.21
8393.55
8367.88
8340.91
8305.44
8269.09
8226.83
8188.38
8175.8
8158.6
8109.55
8067.93
8078.62
8083.95
8050.88
8022.32
8026.61
8028.46
8012.07
7998.32
8004.52
8007.14
7982.16
7963.66
7996.13
8024.9
8024
8022.72
8018.33
8014.87
8019.26
8021.89
8009.4
7997.99
7996
7994.03
7992.33
7991.62
7999.91
8005.92
7990.63
7977.18
7981.17
7986.29
8002.27
8014.32
7987.15
7962.08
7958.48
7954.29
7943.9
7930.4
7883.44
7838.83
7819.94
7800.27
7771.59
7740.84
7685.89
7631.45
7582.99
7534.56
7486.3
7437.1
7375.86
7315.83
7271.47
7224.36
7140.44
7059.68
7022.42
6983.43
6919.89
6856.85
6801.21
6746.81
6711.34
6674.87
6622.63
6571.46
6537.89
6503.25
6450.4
6396.66
6327.22
6260.43
6241.75
6220.59
6152.35
6084.88
6032.54
5978.62
5892.31
5807.87
5764.22
5718.87
5635.05
5552.57
5502.22
5451.11
5380.88
5310.1
5224.58
5139.45
5065.22
4991.83
4943.38
4893.8
4808.39
4723.56
4659.03
4594.47
4529.24
4463.44
4375.22
4287.71
4230.67
4173.24
4097.51
4022.16
3966.52
3911.14
3871.48
3831.55
3774.21
3716.67
3643.84
3571.33
3528.38
3485.29
3427.24
3368.98
3278.56
3188.12
3091.12
2994.07
2883.08
2772.05
2620.59
2469.14
