2.8009
4.79894
6.79698
5.40348
4.00485
3.90044
3.80054
-.174395
-4.17048
1.74984
7.74397
4.63301
1.43615
3.1779
4.97614
5.19715
5.39696
-.306097
-6.10042
-4.82541
-3.42678
-.656296
2.14096
5.3294
8.52626
1.96334
-4.83
-3.63637
-2.23774
-5.50501
-8.90169
-3.76143
1.63328
4.414
7.11135
4.78452
2.28697
2.00715
1.80735
-2.14532
-6.24131
-2.07857
2.41702
-1.42511
-5.62099
-2.4526
1.04398
.150112
-.948811
.333479
1.73211
-3.2378
-8.53261
-6.61829
-4.32054
-3.06406
-1.86524
1.31736
4.61413
3.00888
1.11074
-1.91629
-5.01325
.338807
6.23303
5.28845
3.88982
4.54789
5.34711
3.06773
.570178
3.00666
5.80392
-3.75442
-14.2441
-3.87559
8.11266
4.09709
-1.19772
-1.6
-1.6
1.90041
5.69669
2.59895
-1.09743
2.81933
7.41482
2.94897
-2.34584
-3.71333
-4.71235
-3.88863
-2.88961
-2.70906
-2.60916
2.66325
8.45757
5.0158
.620112
.109646
.00974378
-3.60633
-7.60242
-.802996
7.18917
1.62656
-5.46649
-.288315
6.30522
2.17374
-3.22097
-5.40523
-7.20347
-3.66269
.533202
2.86454
4.96249
4.49126
3.69205
2.27405
.775523
2.27581
4.17395
-4.57649
-14.7665
-12.0486
-7.553
-4.80967
-2.31212
2.0212
6.6167
4.14724
.650668
.287026
.386928
1.00781
1.70712
1.28019
.680781
.513561
.413659
2.72855
5.42591
3.90696
1.70912
-1.00383
-3.80109
1.53891
8.23235
7.06351
4.56595
.192597
-4.5028
-2.30768
1.08899
2.36385
3.26297
1.02906
-1.7682
-1.86208
-1.46247
-6.20424
-11.8987
-7.16602
-.472581
1.60672
2.80555
4.08807
5.3868
4.43097
3.03234
7.29853
12.6932
8.19783
1.70419
3.75075
7.54703
1.66522
-6.22705
-3.55637
1.33883
-1.66938
-6.36478
-3.50408
.991509
4.17613
7.07329
3.34952
-1.84538
-3.94162
-5.34025
.175731
7.26878
2.67586
-4.61699
-6.97148
-8.17031
-7.35011
-6.05138
-6.44452
-7.24374
-4.02448
.171405
1.56121
2.26053
-1.199
-5.6946
.101697
8.49347
6.85737
2.66148
1.32366
.724244
2.18389
4.18194
-1.56192
-9.35429
-6.193
-.0989749
4.4229
8.51889
7.51812
5.12047
-.71868
-7.51202
-2.29027
6.30131
3.37489
-2.81904
-2.88031
-1.18198
-.0256724
.973349
4.59843
8.99412
4.83824
-1.8552
-6.08959
-9.58616
-6.49087
-1.39586
.488085
1.3872
2.05755
2.65696
1.20269
-.895253
-3.82773
-7.0246
-6.58927
-4.99083
-2.03385
1.36282
-.886448
-4.98243
-3.37208
.124494
1
1
1.14938
1.34919
2.96442
5.06236
3.22239
.0255215
-2.4303
-4.62815
-2.61319
.883381
-1.51708
-6.01268
-4.84745
-1.65058
-.506714
-.107106
-.731257
-1.73028
-2.21879
-2.5185
1.90951
8.10344
9.14715
8.24803
3.15305
-3.54039
-2.36983
1.82605
1.34513
-.952622
-1.38473
-1.08503
1.50458
5.00115
6.35682
6.85633
8.49452
10.5925
4.52862
-4.86218
-4.20274
.592565
4.68206
8.47834
4.46191
-2.83094
-4.3683
-3.46918
-5.92974
-9.82592
-6.39337
.200171
2.0608
1.86099
-4.16891
-12.7605
-12.0087
-7.1135
-1.18308
5.21065
9.8151
13.6114
8.4867
-.704291
2.42158
11.213
11.2025
7.10653
1.85394
-3.94038
-1.05122
5.94192
7.65885
6.85963
2.75546
-2.93896
-2.51342
.883251
.122416
-2.67484
-1.66104
1.23612
2.93331
4.03224
.411846
-5.58228
-3.62359
2.37053
4.73039
5.2299
8.16704
12.3629
9.79315
3.69912
.879606
-.219317
-1.57942
-3.07795
-5.87846
-9.37503
-4.30441
5.3861
5.75876
1.06336
-3.11595
-7.01213
-2.93317
5.55851
6.48404
3.18727
4.49304
8.38922
8.01561
5.21835
3.62821
2.72909
2.46334
2.56324
3.16827
4.06739
-.00616674
-6.99931
-4.51729
3.57478
6.85021
7.24982
5.59162
2.69446
3.71351
7.11018
7.59444
6.29571
5.92354
6.12334
1.33559
-6.55667
-7.69725
-4.60028
-2.23752
-.339379
.339012
.23911
1.17267
2.7711
5.09668
7.89394
8.5772
7.87788
6.39591
4.39787
4.62014
6.31848
8.49532
10.9929
11.1654
9.76673
9.31884
9.51865
5.33577
-1.85718
-2.26172
2.03407
5.38851
8.08587
12.2492
17.4441
15.8012
9.30761
4.8526
1.85554
1.70296
3.6011
8.91269
16.705
13.1962
1.40776
-1.64624
1.75043
5.26164
8.85811
8.80199
6.00473
7.24567
11.5415
9.20565
1.8129
.181568
2.97883
4.7066
5.60572
6.67312
7.87194
5.77283
1.07743
1.72937
6.62457
5.80269
.407979
.876115
6.07102
9.72274
12.1204
11.3328
7.9361
7.76806
10.2656
9.00082
4.60513
5.5882
11.0828
10.4601
4.66583
2.48545
3.38457
7.56206
14.5552
13.5162
5.524
2.01341
2.41302
4.08838
6.88564
7.03487
4.83702
4.64424
6.24267
5.6332
3.03575
6.25172
14.7434
15.0954
8.00235
4.54802
4.44811
4.96964
6.06857
6.80636
7.20597
7.60558
8.00518
7.32962
5.63129
7.29914
12.1943
11.704
6.00958
2.13716
.0392195
-1.05041
-1.15032
1.16032
5.85572
9.15045
11.0486
12
12
10.7592
8.26164
9.62014
14.9149
14.8917
9.39714
9.68984
15.9837
14.022
3.43236
1.89228
9.88445
12.0617
8.06561
7.49612
10.5931
11.1906
9.09267
9.10102
11.3988
9.88255
4.18813
4.00125
9.89547
12.5272
11.5281
9.25777
5.56139
7.06997
14.4627
14.5242
6.23238
5.75249
14.2442
16.6237
11.9283
9.07724
8.37793
9.65285
13.2493
13.9199
11.1227
9.96417
10.7634
9.02439
4.22909
2.05129
3.05031
4.99294
8.08991
9.84474
9.94464
9.37641
7.97778
8.353
10.9504
11.4287
9.23084
7.73627
7.13686
6.88752
7.08732
6.02379
3.32643
4.09847
9.39329
12.8317
13.8307
14.7868
15.6859
13.5476
7.3537
6.22731
11.9217
12.4871
6.09339
4.93157
10.9257
15.9539
19.6503
18.9993
12.3059
8.4
8.4
7.61321
5.71507
5.75399
8.55125
11.2665
13.8639
14.9918
13.9927
13.3594
13.2595
12.917
12.2177
11.0355
9.13739
9.92188
14.7172
15.0899
8.79603
7.85463
15.0476
17.7036
13.4078
10.4074
9.40842
7.90161
5.60386
8.5917
19.8806
24.3639
18.07
13.469
11.5709
9.06029
5.56372
4.69477
8.09144
9.89691
9.0977
8.18541
7.08649
5.46264
2.96509
3.11572
7.71122
10.6
10.6
11.4488
13.7466
15.2734
15.4732
16.2573
18.0555
17.2751
11.9802
8.6
8.6
8.27665
7.37753
7.9077
11.0047
12.1471
9.74948
8.62409
9.82291
11.9003
15.5967
17.336
15.4378
13.8525
12.8534
10.7831
6.68716
5.99298
11.7873
16.01
17.2088
16.1316
10.637
7.47284
8.87147
10.4044
12.2026
13.1663
12.467
12.5642
14.2625
16.1918
18.5894
17.5436
9.45149
6.44498
13.9376
16.9261
10.5324
8.10028
13.9945
19.1844
22.8808
24.4137
21.3167
16.8917
9.59883
6.76833
13.6616
17.1196
13.0236
12.4034
19.4964
21.7479
13.1564
7.93541
10.333
10.5081
5.61293
3.80327
9.09808
11.8984
8.9013
7.39718
9.39522
10.8
10.8
10.5937
9.89441
8.22914
4.23305
4.22034
13.9108
19.6159
15.5199
10.1618
1.67017
-2.80465
2.78987
6.82829
6.92819
6.29758
3.80003
5.15282
16.4417
22.7437
16.0503
12.1353
15.532
16.9894
13.293
11.4949
14.7917
16.0423
11.7465
9.32161
12.019
12.6469
7.55193
5.27475
10.8693
15.2875
16.3864
16.266
12.6696
10.4892
12.3873
13.9533
14.5527
14.5689
12.8706
12.0026
13.601
14.4755
13.1767
12.3981
13.1974
13.8491
14.0489
15.0776
18.674
19.1753
9.98433
4.34319
9.9377
14.3665
15.0658
15.2461
13.7475
13.6763
18.2718
20.9879
17.4913
14.4549
12.9564
12.3246
14.6224
14.93
8.43638
4.25193
8.04821
11.8889
15.885
17.1937
9.00175
3.45144
7.34763
11.2005
14.8969
17.3069
15.0091
12.074
6.77922
2.85258
4.05141
5.45877
7.65661
10.5155
15.9102
18.8291
12.1356
8.05647
14.2504
18.5979
15.6008
13.1602
12.9604
13.1936
15.1916
16.4298
14.5317
13.6365
16.9332
19.1227
16.6252
14.2977
12.6992
11.4748
11.8744
12.7921
15.989
17.2635
9.97067
4.67015
8.36653
11.2208
10.2218
9.3114
8.81189
8.96079
12.1577
13.9509
9.05567
5.68533
9.68141
12.1701
7.27486
4.08731
9.38212
12.559
5.06639
-.284391
5.31013
10.5169
13.7138
16.5915
17.7903
17.602
10.0095
3.56886
3.36906
3.79948
7.69566
10.9696
10.7698
10.9595
13.3572
15.0008
12.3035
9.62071
7.02325
5.66354
11.6577
16.658
15.659
14.0859
8.99095
4.65522
5.05483
5.46804
5.96756
6.68168
8.77963
9.87302
4.37841
.381316
6.37544
10.7663
4.27266
-.326417
8.16526
14.5928
6.50072
.195524
6.68916
11.9183
7.92219
4.87389
8.86997
12.0854
9.38805
7.88209
15.5745
21.6794
15.2856
9.71064
10.7097
11.5348
10.9354
10.7308
13.8278
16.1181
11.5226
7.90377
12.799
16.4839
9.39089
3.31646
6.51333
9.07041
5.67374
3.14138
8.8358
14.1209
15.4196
15.8077
7.11626
-.8
-.8
-.198676
6.69457
13.2982
16.7947
19.9334
19.1342
17.9367
12.2423
6.91275
5.81383
4.86189
5.6611
6.3623
5.86279
5.61299
8.51015
10.9283
7.13207
3.51656
2.31774
1.63921
8.13284
13.8391
8.34451
3.48645
7.98204
12.0272
9.22999
6.61195
6.81175
7.06934
8.26816
9.44466
10.2439
10.9677
10.3683
9.81038
10.0102
10.235
10.9343
11.8448
16.9398
21.243
9.15482
-2.1179
4.27583
10.4463
11.5452
12.5357
10.9373
9.34651
7.94788
6.6145
7.01411
7.49258
10.1899
12.5801
5.78681
-.605614
5.78812
11.8323
5.93813
.289955
3.68663
6.9902
6.59059
6.14815
3.8504
1.62882
3.02745
4.39069
3.89117
3.43834
5.73608
7.90585
1.51212
-4.72476
1.16947
6.94602
1.95092
-2.94521
3.24872
9.38349
6.98584
4.62067
8.81656
12.9884
9.09226
5.19678
1.99991
-1.19695
