-6.39738
-.603062
5.19126
5.99801
6.79723
4.60977
2.41193
.114723
-2.18302
2.65904
7.55424
4.92785
2.2305
3.58281
4.98144
3.52135
2.02282
1.31133
.612018
-.480037
-1.57896
-3.16783
-4.76626
-4.40882
-4.00922
-6.53754
-9.135
-3.35587
2.63825
1.53632
.23759
-2.03124
-4.32899
-6.72355
-9.1212
-5.72172
-2.12524
.0248872
2.12283
2.2
2.2
1.43175
.63253
-.741702
-2.14033
.573562
3.47072
.259449
-3.23712
1.17193
5.96723
3.91873
1.52108
1.02057
.620963
2.68255
4.88039
1.12692
-2.96907
3.77595
11.1687
3.50965
-5.08193
.126563
6.22059
.885378
-5.20865
-.551727
4.84299
2.30799
-.788979
.8619
2.85994
2.4426
1.84319
-2.27895
-6.67464
-.154434
7.23832
8.44618
9.1455
.541086
-8.84971
-2.06253
6.12944
-.171065
-7.76362
-4.83038
-.934196
.221996
1.12111
-2.53662
-6.63261
-6.90906
-6.80916
-4.89434
-2.7964
-6.31254
-10.4085
-5.10769
1.18614
3.15237
4.65091
2.73086
.433113
2.17487
4.37271
2.18158
-.515774
-2.23
-3.82844
-3.19738
-2.29827
2.96105
8.75537
2.74091
-4.75175
-3.11942
-.322162
.618774
1.31809
3.60501
6.10257
2.7918
-1.30418
.746461
3.64362
5.92749
8.12534
3.4172
-2.27721
1.36108
6.35619
2.56168
-2.53333
.186374
4.08256
2.86731
.869271
-.696578
-2.19511
.359768
3.55664
1.93487
-.462779
-2.08777
-3.5863
-3.0291
-2.12998
-.205347
1.8926
.23893
-2.05882
1.25793
5.55372
2.88998
-1.0062
.855619
3.75278
3.35519
2.35617
1.61
.91069
-.209071
-1.4079
-4.03291
-6.93007
-2.12705
4.16678
.106385
-5.98764
-3.08461
1.61078
6.88796
12.2827
7.47889
.58565
1.79884
4.696
1.81656
-2.27943
-.941819
1.55573
3.80689
6.00474
5.90838
5.30897
.949526
-4.24538
-.307354
5.68677
6.71865
6.61875
3.3539
-.642186
3.53836
9.63239
8.45793
5.56077
4.51661
3.91719
4.04111
4.34081
.631837
-4.06356
-3.88031
-2.48168
.353027
3.54989
5.23462
6.53335
4.81523
2.31768
4.01745
6.81471
11.1919
15.9872
8.01643
-3.37241
-2.97013
.626343
2.65459
4.25302
3.03568
1.03764
-1.89664
-5.09351
-5.56653
-5.26682
-1.78434
2.61135
3.21284
2.71332
-3.42448
-11.2168
-5.21884
4.87128
4.51041
1.01383
-2.32944
-5.62621
-5.17674
-3.5783
-3.04748
-2.84768
-.746317
1.95104
1.99307
1.19385
2.36207
4.16031
2.1848
-1.01207
2.1898
7.48461
5.87174
1.97556
.0264602
-1.27227
-3.91545
-7.01241
-5.7886
-3.09125
-1.5084
-.309571
-1.25978
-2.95811
-.591466
3.20481
.588063
-4.30714
-.159726
7.23303
7.00036
4.00329
6.56378
11.1593
4.5965
-6.09302
-5.65423
-1.05873
-.960613
-2.55905
1.19587
6.99019
3.9826
-2.41113
1.69998
9.89195
5.81378
-3.0775
-.590839
6.40231
6.18772
3.09076
2.84051
3.73963
1.87084
-1.12623
-1.57534
-.975929
3.01135
8.40606
.709209
-12.4779
-7.55618
5.03148
9.56992
10.6688
7.16114
1.66652
1.11363
2.71206
-.894948
-6.78917
-4.17055
2.22318
4.95916
6.05808
5.64299
4.54407
4.13138
4.03147
2.69989
.801746
3.95272
9.44733
6.50555
-.387692
2.08094
8.97418
6.19435
-1.1984
-3.26276
-2.76325
-4.48306
-7.28032
-3.30487
3.98798
4.59476
1.8974
6.26653
14.1588
11.7483
4.15578
4.25094
8.24702
5.96573
.471112
1.16939
5.06558
7.05686
8.05588
7.7451
6.74607
6.46529
6.5652
7.05569
7.75501
9.29806
11.2961
12.8412
14.1399
9.05201
.460433
.294205
4.7898
4.1558
.659229
3.74684
10.5402
7.77427
-.417697
-2.51054
-1.11191
-.6
-.6
1.54679
4.94346
4.94109
2.94305
3.01574
4.31447
7.61491
12.1105
11.9293
8.9322
6.61892
4.72078
2.82264
.924499
1.2501
2.94843
3.41527
3.11557
5.3324
9.12868
7.90794
3.51224
1.73901
1.63911
2.02554
2.72486
2.51523
1.71601
1.5208
1.7206
2.34184
3.24096
3.41997
3.12027
5.3327
9.22888
7.04413
.750295
-.433312
1.86444
.0756286
-4.51987
-6.16388
-5.76427
-2.01113
4.0829
9.00416
13.1001
12.287
7.99119
5.73403
4.93481
3.72924
2.23071
4.5506
9.64561
10.4738
8.17609
8.52166
10.8194
8.30667
2.21264
2.22531
6.8208
6.97996
3.78309
.019425
-4.17646
-4.87031
-2.87227
.476707
4.8724
6.85609
6.95599
7.11179
7.3116
5.89606
3.1987
.223818
-2.97305
-1.6345
3.3606
4.33237
2.03463
2.09837
4.09641
6.64168
9.63874
10.8909
10.6911
10.4913
10.2915
7.76391
3.26832
3.46546
7.66135
10.5136
12.212
11.6077
9.0103
10.2008
14.6964
16.6937
16.4939
10.3625
-1.02635
-1.28181
8.40869
9.79329
3.69926
3.15679
7.65239
9.22605
8.12712
7.18415
6.38493
5.84464
5.54493
4.67774
3.27911
4.24462
7.44149
8.18082
6.58239
4.21891
1.12195
1.32744
4.72411
5.59022
3.99179
4.10748
5.90572
5.89604
4.09781
5.00086
8.59734
8.55636
4.85998
4.63787
7.93464
7.67197
3.77579
1.99696
2.39657
4.16944
7.36631
10.9051
14.8013
15.5837
13.0861
12.7207
14.6188
13.5247
9.22895
9.8359
15.7301
19.2308
20.1299
18.1686
13.0736
8.31093
3.91524
2.64023
4.83807
5.90582
5.70602
7.38187
11.1781
12.4996
11.001
11.5485
14.4456
12.7587
5.76556
3.42936
6.52632
8.10817
7.90837
7.06853
5.4701
4.23583
3.43661
3.67988
5.17841
4.69124
1.79408
1.27841
3.67606
4.6421
3.84288
4.95897
8.45555
11.2869
13.285
13.2079
10.5106
7.50554
4.10886
3.1627
5.36054
7.12276
8.32158
8.34949
6.85096
8.41761
14.0121
16.3834
14.4853
11.8599
8.26344
5.47606
3.77773
3.35105
4.64978
3.67009
-.425892
.769747
9.26143
12.1935
7.39824
7.34596
13.9395
15.6881
10.5931
9.78434
15.0791
17.7488
16.6499
13.3465
6.85291
3.44689
4.54581
4.87655
4.07734
4.5254
6.82315
8.76055
10.1592
9.48595
5.68967
3.12246
2.42315
4.32766
10.2219
12.9756
10.8777
8.19383
4.59735
4.22663
8.92203
9.90523
5.01002
3.26961
6.56638
9.13588
10.5345
11.1715
10.5721
8.79823
5.10185
3.28997
4.5887
3.75026
-.645435
-.117744
8.67364
12.2336
6.93875
3.0833
1.68467
3.77359
11.8657
17.0365
17.1364
14.0402
5.34872
.305731
1.70436
3.71376
6.81073
7.29925
3.10336
1.39502
4.19228
6.60079
8.29912
8.83768
7.23925
4.94183
1.34536
.876676
6.27139
9.21252
7.51419
7.63702
11.2335
11.4817
5.28778
3.27218
9.36621
12.5894
10.1918
7.22328
3.12729
2.83694
10.1298
13.0088
7.01465
4.15469
7.65127
10.2951
11.1943
10.0722
4.7774
3.53308
10.726
14.4083
10.7119
7.78384
6.48511
5.94998
7.0489
7.42055
6.22172
5.55712
6.05663
7.74286
12.0386
12.9518
6.35825
3.55775
9.25217
13.2919
13.5916
12.4604
8.06468
6.57302
11.7679
14.2279
10.3317
8.22703
10.325
12.4526
14.6504
15.699
14.0007
11.1901
5.69545
3.89345
11.0864
14.5538
8.85942
5.68921
8.78617
11.2279
12.0271
12.1756
10.6771
9.85287
10.752
10.7862
8.58833
7.44328
9.04172
11.8781
17.9721
19.9964
11.205
6.67114
13.5644
17.2808
12.3856
9.73542
13.232
13.9428
6.94971
3.11674
8.11185
12.5319
15.3291
16.5698
13.3729
11.6179
14.0156
16.2599
18.0582
18.4872
14.8907
12.5774
14.0759
13.9518
8.95667
5.32384
5.82335
6.93718
9.93425
11.3955
8.09879
6.51889
10.3152
12.5524
9.85503
7.75242
7.55262
8.155
11.3519
12.0217
4.42918
-1.49281
-1.89242
-.451498
7.14106
12.5666
10.6684
8.7477
6.74966
6.50032
12.2946
16.4222
14.7239
12.8052
10.1079
7.62886
5.93052
4.40527
3.50615
3.29313
5.59088
7.7824
9.58064
11.021
11.1209
11.1374
10.8377
10.6
10.6
10.7432
11.4425
12.1621
12.9613
12.6567
7.96131
4.35899
5.15821
7.17749
14.1706
19.6441
18.8449
16.7921
9.49921
5.0891
12.8815
18.3686
13.9729
9.98861
7.79076
6.27755
7.77609
9.4577
11.9552
13.5472
11.0496
9.89582
14.8909
18.7519
17.3533
15.9546
14.556
12.7935
9.29691
6.57133
7.57035
8.65406
10.1526
11.3832
11.2833
10.2403
4.44601
.793562
8.08641
13.5861
9.78985
7.20643
11.0027
13.6641
10.2674
7.47783
7.97734
9.3069
15.2011
19.1832
12.4898
6.14089
1.7452
-.817284
7.17488
13.4602
9.76386
5.93795
1.34245
-2.37285
-.774421
.6
.6
.889906
2.98785
4.54142
2.64328
1.37558
4.17284
6.70574
7.50496
8.13489
7.63538
7.30261
8.10182
9.02735
10.8256
12.6238
14.4221
15.743
13.645
11.2581
6.76247
3.08433
5.48198
7.09898
2.80319
-.438669
4.45653
8.43968
5.24281
3.11917
9.61281
14.4544
5.76297
-1.44502
3.74988
8.2638
6.96507
5.82056
6.02037
6.86563
13.4592
18.1144
5.12709
-6.4449
-4.84647
-2.62117
5.5708
12.4512
6.55695
1.87387
9.26663
15.2871
7.29498
.0784335
.977552
2.03001
4.72737
7.60784
12.503
17.0731
17.9723
18.3241
12.33
7.04755
10.2444
12.9964
10.299
7.94689
9.94493
11.1781
2.48659
-5.18283
.811296
6.25134
4.0535
2.1181
3.91634
5.67002
6.76894
7.55938
3.6632
.125453
2.2234
4.1191
2.72047
1.29393
-.604206
-2.10912
3.28559
8.44672
9.34584
10.1301
8.73144
7.27522
4.67776
2.26445
3.66308
4.86777
1.8707
-1.00421
-1.10411
-1.15181
.0470192
1.28405
3.48189
5.57825
4.97884
4.38628
3.98667
3.51917
1.02162
-1.28458
2.5117
6.18011
5.48079
4.77619
3.87707
3.0441
4.84234
6.52561
3.22884
.123504
6.11763
11.8771
5.28353
-1.17
.628241
2.44266
5.33982
8.16939
5.77174
3.37733
1.27938
-.779674
1.51807
3.78074
.983478
-1.79065
.107491
1.99585
.597221
-.804427
-5.20012
-9.59581
