4.39946
3.20063
2.00181
-2.38906
-6.78475
-3.11644
.579937
1.5936
2.59262
-.176595
-2.97385
-.921665
1.17628
-.0840431
-1.38277
1.26157
3.95893
-2.59152
-9.28497
-2.33066
4.86229
5.09799
5.19789
6.37352
7.57235
1.45133
-4.8425
-6.46103
-7.95956
.359743
8.95132
-.792085
-11.082
-2.2026
7.2881
-1.86866
-11.6591
-12.7714
-13.5706
-4.65085
4.64005
3.65556
2.25693
1.33748
.438358
-2.9474
-6.44398
-7.17267
-7.77208
-7.6095
-7.4097
-5.49894
-3.5009
-6.53028
-9.82705
-5.64558
-1.05009
-.327673
.171837
-.459888
-1.1592
.775551
2.87349
1.77958
.480857
1.4305
2.52943
-4.318
-11.7108
-2.68434
7.50567
2.05573
-4.53781
5.21891
16.2081
5.87559
-6.11266
-5.7974
-4.49867
-5.50774
-6.70657
-2.83901
1.45678
2.16768
2.56729
.306886
-2.19067
-2.21694
-2.01714
.100659
2.39841
3.60251
4.70143
1.52611
-2.07037
-1.67403
-.874818
3.63694
8.53215
5.38584
1.38975
.819683
.619879
-1.82899
-4.52634
-.221895
4.87311
3.33987
1.04212
3.39188
6.28904
3.30036
-.396017
-2.75764
-4.95549
1.63667
9.32913
1.42938
-8.46093
-5.97575
-1.87976
-2.72301
-4.22154
-2.37589
-.0781419
1.51713
3.01567
.0459242
-3.55055
-.678137
3.11814
2.55334
1.35451
1.11297
1.01307
-2.21271
-5.90909
-3.71434
-.617371
-.545754
-.945363
-.223815
.675304
.713953
.614051
1.88777
3.3863
3.68565
3.78556
1.32167
-1.57549
-.721042
.77749
1.93575
3.03467
2.18153
.982706
-1.57094
-4.3682
-3.44831
-1.84987
-2.52713
-3.62606
-3.0432
-2.14408
1.27184
5.16803
4.12605
2.128
.46397
-1.13446
6.8473
16.7376
11.6681
3.57599
1.86834
1.46873
2.06175
2.86097
6.05335
9.74973
4.71942
-2.17382
1.61002
7.70405
2.40902
-5.38335
-2.95822
1.73717
5.12787
8.22483
5.05798
.46248
-1.29268
-2.3916
.0715733
3.36834
-2.94544
-11.537
-6.99648
.695984
3.96813
6.16597
-1.25702
-11.0474
-5.64203
3.54896
2.44806
-1.24832
-1.36331
-.564092
-.082438
.31717
1.03356
1.83277
-.922963
-4.61934
-.435397
5.85843
5.62785
3.62981
-.642172
-5.53737
-5.27033
-3.57199
-6.3208
-10.3169
-10.0326
-8.5341
-6.18166
-3.5842
-2.14824
-1.04932
1.59435
4.69131
2.93468
-.262187
-1.61476
-2.41398
.772585
5.16828
1.99503
-3.49958
-3.50361
-1.80528
-2.617
-4.21543
-1.71707
2.07921
3.07567
3.17557
4.4076
6.00603
5.79776
4.99855
5.701
6.89983
5.55247
3.35462
2.65061
2.45081
2.4
2.4
4.25751
6.75506
6.43664
5.13791
4.57827
4.27857
2.35717
-.140378
.155724
1.45445
.626857
-.971577
2.62191
8.11653
8.43312
6.83469
4.07251
.875641
2.53884
6.03541
3.67224
-.923255
2.34525
8.63908
5.57928
-1.11416
-5.0809
-7.97806
-4.14864
2.345
6.34091
9.33797
6.14343
.449009
-1.55486
-2.05437
-.784473
1.21357
2.36464
3.16386
1.85153
-.346312
-1.49132
-2.19064
.819688
5.41518
7.42818
8.32729
6.58155
3.68439
4.0493
5.84754
2.80107
-2.39383
1.03805
8.3309
7.91607
4.01989
3.00587
3.30557
2.37359
.875063
2.31047
5.10773
6.34018
6.83969
-1.47996
-13.9677
-8.66514
5.12135
6.83463
2.73864
3.68658
7.08325
6.38947
3.69211
5.47443
9.47051
8.73338
5.63642
4.40059
4.10088
3.33726
2.33824
1.20707
.00824247
-1.91528
-4.21303
1.56861
11.5588
13.4937
11.196
7.65763
3.46174
.567827
-1.63002
-2.4649
-2.5648
-1.88822
-.789297
-.270977
-.0711729
2.70126
6.89715
7.63056
6.43173
6.63924
7.63826
4.30375
-1.49057
.402551
6.69638
5.8965
1.00129
-.042308
1.15652
5.12493
10.7194
7.46629
-1.02538
-2.76126
-.463517
-.660084
-2.35842
-.886488
2.51018
6.27865
10.2747
8.89678
4.20138
1.35323
-.345107
1.14826
4.64484
7.59076
10.1882
5.58915
-3.60184
-3.18775
3.40579
4.5457
2.14805
1.3208
1.5206
5.45308
11.8468
10.5594
4.16572
3.27476
6.07202
6.60383
5.60481
4.78405
4.08474
-.345782
-7.33893
-6.65822
-.664093
2.85901
4.65725
4.93089
4.13168
3.97533
4.27503
4.80772
5.50704
3.47797
-.518116
-1.27432
.324114
2.90275
6.19952
5.30146
1.30538
.630818
2.42906
4.51265
6.8104
5.80933
2.31276
3.01053
6.90671
9.3343
10.633
7.54123
1.04759
3.19228
12.0836
13.4287
8.83323
5.79737
3.99913
3.92157
5.2203
7.18275
9.6803
7.87895
2.58414
2.0123
5.30907
6.58111
6.1815
5.01852
3.22028
3.05197
4.2508
3.50075
1.1031
.809092
2.30762
1.22646
-2.07031
.0948054
6.98805
7.6391
2.8438
3.78938
9.78351
8.99868
2.20534
.00253108
1.90067
4.95533
9.05132
12.3617
14.9591
12.391
5.09819
3.83521
8.131
10.0446
9.74493
9.49682
9.29701
7.86375
5.26629
3.48801
2.48899
4.70315
9.99796
8.07817
-.813113
-3.02372
1.27207
4.15623
5.65476
4.89341
1.89634
1.50052
3.69837
5.54742
7.04595
7.5022
6.90279
4.82028
1.22381
1.07419
4.47086
5.51337
4.11474
4.03504
5.33377
5.90269
5.70289
4.24318
1.44592
1.0135
3.11144
6.07458
9.97076
11.4255
10.2267
11.8407
16.5361
14.3945
4.70405
-.258151
.0415552
1.80097
5.19764
8.35985
11.257
13.7339
15.7319
13.545
6.55186
3.67978
5.57792
7.89103
10.6883
11.5113
10.0128
8.46853
6.8701
6.54625
7.74508
9.26118
11.1593
11.4779
9.87949
6.07931
-.414327
-3.86579
-3.56608
-1.03927
4.25554
6.80088
5.90176
7.60753
12.6026
13.0264
7.63173
6.26284
10.0591
11.8515
11.0523
9.77602
7.87788
5.50485
2.50778
3.03475
8.22966
10.3016
8.20367
5.50955
2.01297
.974937
3.27268
4.64219
4.74209
4.33803
3.23911
4.52286
9.11835
10.5518
7.55477
5.46872
4.6695
6.21948
11.1147
12.6464
9.34963
8.46138
11.0588
12.3969
11.8973
10.3466
7.24968
5.92305
7.22178
8.16016
8.55976
10.4336
14.5296
15.3744
11.2784
8.01096
6.01292
4.76074
4.66084
5.81087
8.90784
9.86725
7.4696
6.46402
7.66285
8.20763
7.70812
8.08899
9.88723
9.47674
5.48066
3
3
2.66079
1.76167
4.31201
12.6039
15.5621
9.56797
5.35477
4.15594
5.54059
11.3349
10.8884
-.300672
-4.88045
2.0128
4.51139
-.683523
-1.03786
7.15412
10.4958
5.20101
4.37271
11.5657
13.8901
7.3965
4.3309
7.52777
10.338
12.436
13.4156
12.3166
10.2794
6.48309
5.52053
9.91622
12.3876
11.1888
10.8783
12.2769
12.2488
9.45158
8.61323
11.6103
11.7196
6.12508
2.50015
2.79985
2.83406
2.33455
2.06598
2.26579
3.74461
7.8406
10.1762
8.87748
7.64356
6.54463
3.8353
-2.25873
-4.57529
1.11912
6.1454
9.74187
11.8205
10.6217
9.51717
8.61805
7.62525
6.42642
6.37584
8.87339
8.56471
1.97117
-.669559
5.62427
8.50814
3.61293
2.07552
8.26945
11.9989
10.0009
10.4214
16.5154
19.6728
15.8765
11.4909
5.69658
1.30728
.308264
.879331
5.27502
7.99568
6.59705
6.51789
9.71476
12.057
12.2568
11.4946
8.29777
4.98851
1.39204
1.4785
11.0691
17.3351
14.9374
11.5769
5.68271
2.11016
4.70761
6.38306
5.58384
5.67305
8.17061
10.294
11.3929
10.4224
3.72901
1.51249
11.8024
16.9691
7.67817
1.86367
5.95966
9.51495
11.513
11.9268
7.73094
5.61424
9.61032
11.4678
6.9722
4.34893
7.34599
11.1356
17.3296
20.2553
13.1623
8.67757
12.274
16.1123
20.7078
22.1372
13.5457
7.16653
7.86584
8.28203
7.78252
7.23621
6.5369
6.13921
6.73863
9.10955
17.4014
21.3364
10.547
2.96891
6.36558
7.45307
.559825
-1.7776
11.8091
19.9549
8.86579
1.96839
10.0604
15.2533
9.95847
6.42177
9.31893
11.6425
11.8423
12.0421
12.2419
10.9194
3.82638
-.932395
3.26349
7.74584
13.3404
16.8678
12.2723
8.27888
6.68045
6.35396
11.1493
14.1145
9.61888
5.84414
5.04492
5.22933
9.52512
12.6945
11.0961
9.97006
10.8692
10.6837
5.78852
3.11376
10.2068
15.5057
12.8083
10.6181
10.718
10.2983
7.50108
5.78478
9.08155
12.0278
13.3265
14.7986
17.0963
17.7493
10.4564
4.28144
3.58212
3.78686
8.48226
13.3927
19.3869
22.3562
9.86846
.563115
7.75607
12.6191
5.22631
-.795083
.503644
1.94247
4.14032
5.92314
5.42363
5.45526
8.45233
10.2061
4.91126
.429567
.629372
1.32517
4.92165
7.68337
5.48552
3.14571
-.0511592
-1.95995
4.03418
9.14478
8.74517
8.18225
6.58382
6.00481
11.9989
16.1029
7.81105
1.1339
5.22989
8.42804
5.53088
3.07578
3.67519
4.28704
4.98636
5.58776
5.48786
5.71312
8.31057
10.4578
9.25901
8.47963
10.8773
12.7823
10.8842
9.0311
7.53257
6.44341
8.64126
11.0673
15.3631
18.9012
16.1039
13.0552
7.86029
3.72433
8.81934
12.6738
5.48091
-.80221
1.19583
2.8449
1.24647
.607325
9.099
16.4186
12.3226
8.96425
12.9603
16.2347
12.1387
8.2257
6.22766
4.3574
3.85789
3.58311
5.78096
7.79187
7.69197
7.29066
3.39448
-.0684891
1.62985
3.62225
9.21677
14.1503
10.7536
7.45703
5.45898
3.78077
6.37823
8.58377
5.38691
2.46561
3.46463
4.27269
2.27465
.84422
8.03717
14.2683
5.37703
-2.72842
1.96697
6.7796
13.5729
19.4075
8.41824
-1.55878
6.9329
14.5704
5.97884
-2.06562
.731639
3.41841
3.81802
4.03251
.236226
-3.28206
-.484806
2.30442
4.90187
7.44584
8.64467
9.742
8.14357
6.53142
4.53338
2.68083
5.17838
7.58785
7.18824
6.8341
8.03292
9.24762
11.0459
12.6113
4.91889
-2.42192
5.47035
13.1403
10.2431
7.34412
4.34706
1.33833
-2.35805
-5.94557
-2.24919
1.40382
1.70353
1.99784
1.79804
1.63888
6.03458
10.3587
4.36459
-1.59016
.407885
2.40771
5.00516
7.59557
3.19988
-1.19581
