-.000450894
-.999472
-1.99849
3.68583
9.38025
4.42222
-.572888
.989758
2.58819
-1.06907
-4.76545
-4.89897
-4.99887
3.49444
12.086
5.29963
-1.69352
-3.76762
-5.76566
-4.52359
-3.22486
-5.35577
-7.55361
-.950032
5.84331
2.48648
-1.11
-6.45971
-11.8544
-8.30616
-4.50988
-1.19865
2.09812
-1.47896
-5.27524
-5.30338
-5.20348
-4.91073
-4.61102
-1.71318
1.28388
-5.03412
-11.7276
-5.00398
2.28887
.304637
-2.09301
-1.15011
-.0511893
1.90497
3.90301
-1.98832
-8.28216
-3.38287
2.11175
1.26406
.0652402
-.850189
-1.74931
-2.93124
-4.13006
-2.50667
-.708433
.33878
1.3378
.182129
-1.1166
-2.22835
-3.32727
-2.3738
-1.27488
-.175955
.922968
-2.34437
-5.94085
-4.06782
-1.77007
-1.50749
-1.40759
-3.98473
-6.78199
-1.47303
4.52109
3.80503
2.50631
.38206
-1.81579
-2.09153
-2.19143
-4.48332
-6.98088
1.54917
11.1398
7.81669
3.2212
4.16118
5.65972
6.61495
7.51407
4.34725
.750776
2.11301
4.01115
5.27955
6.47837
1.84236
-3.45245
-2.92515
-1.72632
-2.76188
-4.0606
-4.46754
-4.76724
-1.32964
2.56654
-2.1497
-7.94402
-4.87913
-.683243
-1.17236
-2.27128
-5.13422
-8.23118
-2.08765
5.30511
2.77545
-1.12073
1.20362
4.40049
4.53775
4.23804
.0133603
-4.78194
-5.66108
-5.96078
-5.39219
-4.69287
-2.43414
.0634105
1.17795
2.07706
2.8037
3.50301
2.30929
.810763
-.344363
-1.44329
-.315169
1.18336
-1.67655
-5.27302
-1.45154
3.64346
5.50588
6.80461
1.82279
-4.27124
-5.70806
-6.30747
-4.71038
-2.71234
-1.05144
.546993
-2.81584
-7.11163
.421557
10.212
4.6857
-3.80598
.979139
8.37189
4.43502
-1.75891
-2.96622
-3.16602
-3.11708
-3.01718
-8.21128
-14.5051
-8.83311
-.641142
-.434908
-1.93344
-.721634
1.0766
1.23613
1.03632
-1.86089
-5.35747
-.944265
5.24966
4.20359
1.50624
-.379593
-2.07793
-2.48096
-2.58086
-.257931
2.63923
3.68339
4.2828
2.06928
-.827875
.123299
2.02144
.720464
-1.37748
-2.43826
-3.23747
-2.2062
-.707673
1.98172
4.97878
3.06577
-.1311
-.326006
.273406
-1.25487
-3.35281
-3.64278
-3.44298
-4.02729
-4.82651
-3.98319
-2.68447
-2.86812
-3.46753
-.0979054
4.39769
.587029
-5.6069
-5.45134
-3.4533
.398428
4.79412
2.94947
-.746904
.0905994
2.28844
3.79644
5.09517
2.4183
-1.47788
-.417289
2.18016
1.50694
-.191396
-.3724
-.072694
-5.97799
-13.8702
-6.743
5.24525
.295681
-10.194
-9.04583
-4.05072
-2.57534
-2.27563
-.0339354
2.86322
.769148
-3.02713
.53232
6.62635
.419021
-10.0707
-7.7742
-.98086
.284009
-.415306
4.17862
10.6722
5.65443
-3.53657
.288807
8.88039
10.3248
9.12601
3.41767
-3.97508
-2.30054
2.79446
4.85108
5.7502
5.56712
4.96771
4.6561
4.45629
5.26106
6.45989
2.29175
-4.00208
-3.23091
.365568
-.30803
-2.70568
-1.69667
.700981
2.6032
4.30153
5.78813
7.18676
7.88154
8.28115
8.82113
9.42055
4.21052
-3.48194
.20258
8.79416
8.05912
3.26382
1.73059
1.63069
1.6
1.6
4.29156
8.18774
6.16553
1.47013
1.78419
4.38165
2.80505
-.691519
.110474
2.90773
2.6434
.945061
-1.97439
-5.47096
-3.69131
.604478
.583589
-1.51435
-1.86374
-1.36423
-2.40702
-4.20526
-1.85812
2.53757
5.1333
6.83164
2.14893
-5.74334
-5.81533
-1.91915
.655475
2.55361
5.63763
9.33401
11.2569
12.2559
5.789
-4.60081
-6.89411
-4.89607
-2.89802
-.899982
4.53792
11.8308
10.0646
3.37117
1.5806
2.47972
2.73568
2.63578
3.81828
5.71642
4.8019
2.30434
3.43931
6.63617
4.62337
-.371734
-2.13666
-2.03676
-2
-2
1.96555
8.25938
9.9725
8.97348
9.03787
9.73719
7.06918
2.37378
1.71892
3.51716
4.3859
4.6856
2.6998
-.696871
2.12551
8.81895
7.22623
.432883
.492062
4.88775
4.95334
2.25598
2.84137
5.53873
4.17616
.180079
1.1972
5.49299
2.02242
-6.56915
-7.83969
-4.24321
.968206
7.26204
5.03064
-2.96153
-4.47678
-1.57962
2.26514
6.76074
6.77008
3.67311
6.34187
13.0353
13.2786
8.98277
4.39477
-.400534
-.710849
2.18631
6.12839
10.8238
10.3701
6.1742
5.26489
6.76342
6.88283
5.98371
5.02732
4.0283
3.08635
2.18723
2.19813
2.89745
2.51983
1.32101
-.838053
-3.73521
-3.19876
-.00189128
1.45609
1.55599
2.15897
3.15799
1.70615
-1.69052
.851915
8.14477
7.63892
.845582
-.271006
3.22557
6.8869
10.6832
8.95248
2.65864
4.16214
12.1543
9.44327
-2.24528
-4.51429
1.18013
3.31454
2.41542
-.0422602
-3.83854
-2.17293
4.2208
7.89358
9.1923
7.46112
3.06543
4.97204
12.4647
14.6281
12.0307
6.85732
-.635335
-.900486
5.39335
7.14774
4.75009
2.76829
1.16986
1.74643
4.34389
4.61979
2.72165
2.57091
4.06945
5.20959
6.0088
6.14498
5.64547
4.02821
1.33085
1.26528
3.76283
3.63878
.941425
2.26164
7.55645
9.19952
7.20148
6.79794
7.99676
5.47316
-.820671
-.638313
6.15503
7.92581
4.52914
4.17326
6.97052
8.35115
8.25125
8.88115
10.2798
9.06169
5.06561
2.66217
1.96285
.0618835
-3.13498
-2.11926
3.47526
2.63371
-5.25856
-5.17439
3.7169
9.62936
12.2268
10.351
3.45773
1.72255
5.81854
6.22556
2.42928
3.32949
9.62333
10.3143
4.52004
5.59586
14.6869
18.2685
15.3714
13.48
12.7807
10.6247
6.7285
5.1439
6.34273
7.49642
8.59535
9.6044
10.5035
11.1342
11.4339
11.4218
11.0222
9.46961
6.47254
5.41811
6.81674
8.34723
10.0456
10.0373
7.83945
8.95241
14.3471
13.627
4.93555
3.28105
10.8736
15.5438
16.343
15.2171
11.5207
10.8053
14.102
14.474
10.8775
6.39501
.700589
.171804
6.76534
12.5228
17.1183
17.1372
10.7435
7.57973
8.97836
10.6243
12.6223
12.3233
8.72687
7.62056
10.1181
12.6563
15.2537
15.4658
12.169
9.83788
8.93876
8.4
8.4
8.6789
9.37822
9.20528
7.70675
5.22192
1.22584
.802063
5.89707
9.3906
10.3896
10.8057
10.3062
8.68526
5.28859
3.96946
5.9675
9.03731
13.8326
17.5235
19.4217
17.4176
9.02582
5.72218
10.8172
13.8875
13.5878
13.9968
15.5952
15.2272
11.5308
7.94517
4.5485
3.79502
7.5913
7.58999
.996453
-.149164
8.24261
10.9991
3.80614
.24191
3.13907
6.39355
10.2897
11.3075
7.11158
6.27305
11.5679
13.067
7.57242
4.97857
7.77583
9.42623
8.92672
8.66911
8.86892
9.20617
9.80558
8.73086
4.43507
4.04585
11.2388
14.7503
11.054
7.69338
4.99602
5.43665
12.1301
15.2393
11.1433
7.67419
5.47634
2.85216
-.644416
.0643722
9.45517
13.5317
6.53858
2.70183
5.49909
7.88018
9.37872
9.4455
6.44844
4.77945
5.97827
5.10305
-.291666
-2.50099
2.2943
5.6931
5.99281
5.92246
5.02334
5.16605
7.6636
9.85669
11.3552
11.7042
9.40649
7.8
7.8
8.57633
11.1738
11.6652
7.16957
3.52852
1.93009
1.4147
3.51264
4.94185
4.74204
6.44831
12.842
15.0766
6.98451
1.57035
2.86908
3.43219
2.13347
2.66103
7.85594
11.0699
9.17174
8.18787
9.5865
11.8104
16.2061
17.133
8.84109
5.07791
13.4697
16.7732
6.28345
-.277492
3.9184
7.39796
8.89649
12.0014
19.594
23.2657
15.8729
11.5156
15.8113
17.4036
11.2097
6.93217
8.2309
10.0621
13.4588
15.4465
13.2486
11.3254
10.2265
9.96968
12.2674
12.7959
7.90073
5.17508
9.17117
12.1274
11.8277
11.6959
12.0955
11.2343
6.3391
3.87407
9.26879
12.5343
8.83789
7.80978
15.6021
19.8285
12.136
7.15805
11.3539
14.2834
12.8847
11.0602
7.76339
5.77781
8.37526
10.2017
9.30263
7.9887
5.19145
3.7789
7.37538
10.4573
11.6561
11.5802
6.78496
3.27363
4.57236
6.41327
10.3094
12.4704
7.97483
4.50231
5.00182
6.51461
12.0092
15.1557
8.96173
5.8483
15.1392
22.5016
22.0021
19.7686
10.3778
4.61296
14.0038
19.92
11.1286
4.88808
9.58348
13.5683
14.4674
15.2925
15.792
15.2297
9.93487
6.21581
9.61248
11.7192
7.9229
4.67595
3.97664
3.57525
4.57427
5.15739
3.75876
2.6514
2.9511
3.52181
5.41995
6.31359
2.2176
.140221
8.23229
15.1962
16.395
17.3515
17.0518
15.1882
5.09807
-2.46999
3.42423
7.23247
-.260188
-4.84767
6.54116
15.5626
11.3667
7.20081
3.20473
.923579
8.51614
14.3289
9.73345
6.07345
7.97159
9.23089
6.63343
4.52601
5.42513
5.78585
2.78878
1.13904
8.03228
13.1684
6.97443
1.99653
4.99359
7.6
7.6
7.52304
6.92363
6.1095
3.81175
2.23521
5.73178
8.40836
5.21149
3.02624
8.22115
12.3024
8.10652
5.00588
10.2008
15.2239
18.9202
21.5357
15.6414
10.4553
10.9548
10.9761
7.07995
3.61067
3.71057
4.21907
8.21516
11.471
8.27414
5.8135
9.90948
13.2637
9.86708
6.53827
3.84091
1.90339
7.1982
12.0093
12.1092
11.7447
6.74957
2.48514
5.68201
8.48671
7.18798
6.29817
9.79474
13.025
13.3247
13.4374
11.4394
9.33032
5.93365
3.13264
7.42844
11.023
6.02788
1.96552
9.65798
16.5784
13.4814
10.6765
11.7754
12.9284
14.8265
15.9045
5.31488
-3.99528
5.49542
13.7522
3.26246
-6.19974
.493696
6.74222
5.7432
4.91165
6.90969
8.52528
3.43027
-1.04702
5.74632
12.1301
10.7314
9.30881
7.41067
5.71048
8.10813
10.6336
15.9284
20.781
15.5861
10.3751
4.78057
-.577078
.0223348
.654369
2.1529
3.56914
2.67002
1.65774
-2.73795
-6.65982
4.52921
15.2949
11.5985
7.97619
7.07707
6.17795
5.27883
4.43607
6.0345
7.55677
5.45883
3.29197
-2.50235
-8.06999
-.277622
7.4
7.4
7.41275
8.41177
9.40216
9.60196
9.74874
3.95442
-1.74771
5.84484
13.3897
11.2917
9.18251
3.28829
-2.6005
-3.10001
-3.59952
