116.314105
120.600928
129.787126
118.218853
125.445780
126.381308
129.443203
130.156436
137.584574
139.206430
139.082500
138.966032
141.780592
146.546169
151.547135
159.006356
163.693895
164.805921
166.323068
167.047105
184.567578
184.078767
184.326006
190.272932
188.729158
193.634135
199.879600
206.586654
216.466346
219.614742
219.920389
227.525687
233.822500
242.079712
245.483784
247.527857
257.243382
255.517289
261.868964
269.885143
271.986896
281.781179
283.801857
286.265143
291.993934
296.837906
299.308297
304.244733
311.645711
312.868196
319.990910
335.897859
331.691610
348.737015
360.466849
373.481248
387.636429
405.089925
427.923977
441.401550
454.620041
477.143475
506.222293
535.914789
566.110789
597.681751
628.382068
664.289398
695.493550
734.259220
780.593282
826.274143
858.586695
915.127203
962.069383
1014.039759
1069.866936
1111.342260
1159.643158
1215.583703
1277.167232
1347.338158
1394.272932
1461.380338
1527.563785
1575.225714
1645.792669
1703.326673
1762.609812
1831.939023
1868.242914
1940.994915
1988.735865
2034.821469
2075.191598
2099.238534
2125.743427
2160.227237
2191.198571
2210.360677
2226.280565
2246.103929
2240.524173
2232.032030
2238.258214
2237.111657
2254.670827
2238.432932
2241.982575
2244.797401
2256.492970
2264.961241
2263.650263
2267.804737
2277.079248
2289.926109
2286.256591
2278.212594
2317.430847
2324.226278
2348.597368
2374.367608
2398.715169
2427.860564
2425.359398
2435.736554
2450.610714
2453.317820
2442.408421
2437.140395
2429.463258
2397.272331
2375.919605
2335.589530
2349.797571
2334.432256
2325.710188
2314.710339
2317.227556
2318.265658
2329.775320
2326.738682
2327.358496
2315.007105
2319.180584
2326.827632
2306.277288
2293.575921
2310.518305
2342.576617
2328.654530
2336.253759
2340.660602
2337.289623
2348.282801
2335.042331
2320.761128
2309.437797
2286.850432
2277.130038
2271.118983
2257.983816
2246.115857
2236.587143
2224.491842
2206.555320
2180.958571
2165.389098
2165.590977
2167.501281
2128.772331
2116.004023
2121.275526
2094.207891
2095.128195
2115.774229
2095.543559
2083.916316
2089.861959
2080.034549
2082.754624
2091.679624
2091.536504
2094.157707
2078.872782
2066.442090
2079.049305
2058.262820
2045.774436
2042.058703
2043.229812
2048.385338
2034.911579
2013.330921
2004.557797
2021.387519
2035.740169
2014.437989
2010.688004
2018.762030
2007.457030
1982.979567
1948.474286
1916.767119
1880.010075
1847.106541
1801.948644
1767.508684
1713.120789
1657.548158
1602.450565
1564.372218
1530.854135
1486.279549
1488.325677
1471.484135
1432.250376
1426.650395
1420.165545
1428.023616
1427.558947
1429.221053
1430.947232
1472.427481
1519.039737
1546.762500
1596.970904
1679.832556
1770.215714
1870.724511
1982.977406
2085.090339
2215.193985
2343.357458
2478.120902
2611.167495
2735.410526
2878.685451
3000.684407
3140.627049
3214.088158
3313.638947
3433.496441
3532.295470
3604.882820
3655.862448
3743.042086
3881.687665
3943.620602
4074.891111
4153.877105
4273.440075
4392.625827
4550.002105
4687.495009
4833.681654
4994.678177
5170.107632
5326.407288
5466.437932
5622.669117
5776.300847
5924.404887
6098.789586
6262.511429
6442.939981
6576.363459
6755.467331
6927.028008
7030.568045
7154.397458
7298.691711
7399.300075
7530.642368
7595.584275
7655.150019
7719.661654
7771.217218
7830.914117
7864.334011
7857.111917
7866.874868
7858.554004
7858.964962
7857.952857
7859.825338
7822.169492
7811.637143
7753.265169
7673.381447
7602.450000
7527.434060
7443.589267
7358.188023
7287.185338
7216.862260
7122.087801
7059.285940
7071.603446
7088.108665
7095.780075
7114.293835
7201.601375
7268.846466
7341.945940
7424.247895
7540.805132
7639.190000
7729.833271
7837.479209
7949.699380
8065.410603
8196.940827
8321.967500
8397.468117
8430.423722
8470.695113
8469.847726
8474.760678
8495.585489
8472.192951
8479.605000
8444.133947
8382.980603
8294.044812
8255.754520
8242.190677
8193.386610
8116.451165
8038.362143
8008.879266
7941.325827
7860.110564
7791.591203
7748.435499
7668.994530
7622.346692
7555.312105
7528.970526
7517.990904
7509.096767
7472.849661
7439.146560
7422.210395
7391.065000
7332.562519
7269.137627
7252.604511
7243.253917
7162.660000
7079.275141
7104.108534
7061.605518
7020.980921
6952.248947
6924.378305
6859.291974
6774.657571
6683.914549
6621.593992
6568.536598
6475.948797
6361.520677
6239.302707
6176.749096
6038.398120
5930.793729
5869.320056
5805.222919
5707.731579
5602.953816
5539.666008
5460.290188
5353.234746
5292.159605
5217.684237
5170.519248
5131.859774
5037.081372
5017.596504
4955.171751
4859.352312
4842.568571
4791.190150
4731.805876
4694.351974
4659.127368
4609.663804
4573.630508
4562.373183
4564.024887
4554.186026
4561.420602
4572.943985
4558.936353
4542.797293
4526.167401
4547.956090
4531.009925
4534.800716
4544.464398
4534.802632
4532.667632
4550.056780
4544.881203
4569.323835
4578.360038
4554.973083
4535.444286
4506.660977
4472.040716
4435.420000
4365.241582
4337.506335
4290.155714
4246.791789
4150.480094
4119.413553
4077.594211
4011.600942
3974.107124
3903.797293
3835.328835
3780.919342
3740.221469
3706.667669
3649.935386
3584.919549
3547.646817
3490.864173
3412.072143
3339.611017
3293.258271
3209.050000
3138.493158
3075.484426
3006.597857
2925.299981
2859.347274
2763.785639
2693.228418
2632.788722
2552.439435
2478.385602
2411.044275
2325.850188
2252.103759
2228.049209
2140.328026
2057.642994
