86.027747
87.147600
85.861819
89.691745
90.353369
93.822499
92.171063
93.839502
91.214595
97.030208
98.428805
96.132351
97.616700
102.609486
109.027015
114.613542
113.885737
110.950263
120.534654
120.058177
119.988959
124.143692
135.071710
133.826680
139.847192
138.944158
138.488047
146.109786
143.393992
142.674164
155.546893
162.727401
167.120921
174.400559
171.794023
172.072218
176.492294
185.737857
187.024976
189.202214
191.645921
202.071838
208.729000
210.441774
211.689374
213.374032
211.998827
214.143113
225.372224
230.597499
232.538632
240.512865
246.918831
269.811199
276.843853
289.358169
314.563202
324.343519
351.312726
378.694403
397.674598
420.973254
465.844586
517.023564
555.636421
604.969710
666.588816
724.383624
803.765162
877.369915
947.973000
1033.041203
1134.737288
1227.099925
1360.301579
1480.078571
1604.173102
1728.914501
1860.764060
2019.684305
2176.357401
2330.707632
2514.114135
2653.416541
2845.039379
3018.085789
3173.039342
3348.349605
3501.676165
3657.930940
3808.388759
3903.742203
4030.690075
4134.598173
4203.476147
4278.644248
4353.602222
4415.929737
4469.686786
4489.979248
4514.859718
4565.048571
4589.450865
4592.194060
4581.303571
4609.724388
4610.587970
4620.678195
4619.905714
4634.337062
4642.019023
4643.700094
4641.188026
4624.377895
4613.695263
4611.640771
4600.659868
4612.904962
4605.612542
4588.629361
4588.502556
4582.904294
4581.240470
4603.787744
4581.408647
4551.629209
4514.162820
4448.771880
4355.706316
4273.435789
4206.697778
4116.456466
4048.554068
4006.118609
3939.534426
3882.784737
3847.743289
3851.756780
3828.734361
3800.765733
3763.451466
3727.398776
3725.789774
3719.172218
3697.215330
3682.500789
3685.485424
3705.749417
3731.982712
3743.663008
3707.377068
3686.453289
3670.716579
3648.262429
3617.907143
3581.208421
3516.735489
3473.133672
3405.337688
3352.749023
3305.856215
3240.064737
3181.618362
3145.890000
3105.994756
3050.921711
3000.841429
2965.738271
2924.336429
2883.716064
2854.585263
2844.629868
2802.081410
2795.029247
2780.752218
2766.907575
2762.752712
2762.886842
2759.424915
2758.877914
2765.239812
2748.395263
2710.371241
2703.191391
2672.416391
2637.548305
2590.098271
2558.827556
2505.875827
2467.618289
2417.605132
2372.831805
2314.192632
2265.080658
2229.893842
2202.443233
2180.703835
2150.009944
2124.453522
2072.252857
2024.249624
1957.885838
1891.903346
1819.386610
1719.402199
1638.297368
1563.144557
1470.024831
1404.827632
1335.958421
1272.751186
1234.130169
1198.619549
1157.617820
1120.518008
1095.352556
1079.018008
1070.648701
1056.517726
1049.588079
1054.303233
1088.465301
1086.728136
1115.422782
1164.203947
1224.760000
1305.648738
1404.677669
1544.545357
1729.559361
1934.390038
2197.260678
2518.762970
2861.994407
3271.983158
3693.676309
4131.587462
4601.825150
5084.365556
5543.323647
5995.894737
6457.831579
6883.915819
7256.269699
7620.007895
8016.271525
8414.861184
8771.491073
9148.477218
9594.216667
10039.993872
10486.927068
11043.844737
11536.906015
12069.251036
12601.946617
13164.312030
13668.372368
14163.711111
14673.616541
15211.581955
15778.632203
16346.340602
16882.735782
17373.089474
17933.523917
18485.782707
18861.449812
19334.207143
19784.422556
20141.865537
20589.020489
20872.439736
21166.734211
21524.330320
21748.732519
21883.991729
21998.456391
22074.296241
22123.095480
22148.269549
22223.053008
22321.090789
22286.860902
22261.100000
22210.969173
22164.943315
22054.064286
21865.125564
21583.369737
21327.600000
21115.956391
20813.678571
20515.727684
20301.373684
20139.371940
20055.236654
19993.009023
20031.897740
20090.838910
20206.979887
20366.884211
20630.686441
20874.109398
21170.928571
21528.757895
21895.301316
22284.832331
22661.272180
23123.499435
23476.643797
23736.805461
24147.635338
24456.355263
24707.283051
24856.297744
24965.622932
25061.587218
25069.493220
25031.869925
24985.865038
24940.478947
24847.623684
24658.215631
24578.345677
24435.365537
24210.852632
24062.263842
23899.046241
23630.061654
23411.052731
23296.909774
23103.986842
22896.236842
22853.823540
22743.681391
22590.788722
22636.897368
22461.478947
22413.744068
22313.121053
22228.969680
22187.540602
22095.665537
21974.854135
21896.046053
21872.674576
21743.306767
21544.658569
21534.653571
21438.555179
21284.774060
21107.638606
20985.048684
20847.078947
20627.972316
20459.565038
20270.703202
20006.520301
19749.580038
19501.548684
19229.151128
18981.282707
18740.146053
18456.583616
18187.488722
17804.462712
17607.572932
17329.085499
17110.268421
16922.547368
16706.954991
16523.934962
16389.583051
16174.542669
15911.894915
15706.259398
15554.919361
15394.884211
15211.656391
15079.832015
14933.661466
14821.037594
14661.978947
14520.550847
14440.497368
14373.378947
14314.666102
14225.726504
14202.047458
14192.783459
14211.317514
14206.300376
14190.766165
14220.445113
14237.550188
14255.349718
14231.433835
14159.165602
14159.339548
14198.852632
14236.036842
14227.682895
14271.233898
14264.552632
14289.231015
14328.408647
14292.452256
14248.328571
14204.191353
14076.410169
13914.657143
13797.542938
13650.218797
13472.485714
13189.578343
13016.287218
12767.346053
12609.578947
12452.442373
12275.432895
12072.184962
11926.454135
11771.244173
11655.869303
11514.284211
11361.244444
11258.439662
11080.587382
10839.451128
10637.779323
10465.127119
10198.507519
9985.426316
9672.085000
9452.467024
9164.439850
8941.583271
8707.727368
8473.963308
8241.121921
8005.930827
7803.327966
7608.428120
7375.330490
7161.946711
6988.079023
6774.055273
6585.804737
6396.848418
