171.265105
177.981778
187.340814
181.575086
188.169424
193.127758
198.165169
200.254744
207.984574
219.289056
226.012662
238.662009
249.156047
261.426689
280.734406
291.688441
302.847079
315.242974
325.284459
335.110914
353.736380
367.130797
379.573427
395.393727
399.808294
408.534880
424.380711
428.418618
438.004030
455.983991
472.589094
488.014360
499.194500
515.948644
528.856246
545.384188
566.920284
581.161652
597.062241
615.880143
623.562970
639.027318
658.247143
662.539421
654.156485
662.433147
667.547605
674.611753
706.930737
709.407815
725.492752
749.739233
783.351712
809.573274
847.829256
877.296479
915.326766
971.460534
1023.524680
1073.390753
1120.324511
1176.759322
1245.168628
1317.723759
1391.325263
1476.465198
1584.630376
1684.768120
1791.471733
1904.483910
1999.364520
2145.447218
2249.004972
2355.033421
2469.433158
2621.517218
2759.898515
2885.413164
3026.213459
3193.549492
3366.981186
3538.011316
3717.015226
3867.124643
4049.215122
4209.270902
4409.123609
4601.650094
4788.907895
4929.050714
5062.989154
5209.011017
5331.963083
5419.248531
5498.451692
5595.745789
5691.580979
5748.873421
5804.326429
5890.743684
5882.924463
5863.272857
5891.960564
5865.939850
5881.998214
5878.986629
5870.952632
5875.911729
5872.101711
5886.672034
5916.874135
5933.960376
5918.675526
5894.893158
5889.797444
5881.992368
5902.115367
5969.632556
5987.339492
6033.409568
6042.933008
6084.325838
6139.948477
6205.412199
6229.894812
6239.276836
6207.770395
6142.684436
6092.144737
6052.363289
5989.713691
5912.235602
5847.997345
5812.835883
5743.305480
5710.753383
5693.458045
5715.629944
5708.469511
5684.442970
5685.778158
5661.652411
5630.627669
5604.540282
5610.257759
5629.113684
5643.673051
5681.170752
5700.492881
5673.218797
5677.211955
5685.459699
5666.542105
5654.614407
5603.610545
5558.471955
5511.886992
5503.880395
5447.248966
5400.120414
5363.606573
5334.999605
5311.299228
5266.787143
5211.502387
5157.723233
5147.292857
5110.438459
5074.102914
5083.370000
5066.899925
5025.405244
5012.824718
4965.829379
4978.251579
4985.848891
4950.061017
4938.392105
4950.093258
4944.648609
4944.861391
4962.274925
4977.894455
4941.139248
4913.740827
4893.831751
4864.426598
4844.128083
4850.534624
4816.028177
4792.200357
4780.886541
4797.876842
4802.960395
4772.335593
4759.079474
4780.970150
4787.247970
4777.320452
4751.769925
4722.013647
4668.157815
4625.788985
4528.385932
4416.443289
4308.951053
4195.480584
4063.830771
3989.571842
3899.283421
3785.390414
3710.710000
3653.769023
3582.531880
3551.245244
3550.976767
3502.224474
3488.556535
3479.956015
3493.037552
3528.372632
3572.924361
3660.310282
3734.449135
3852.499211
3976.585000
4120.367439
4292.785263
4491.062143
4734.142538
4993.959323
5262.163559
5626.705432
5905.626102
6230.014361
6570.067759
6881.050357
7262.083383
7587.414991
7894.614060
8209.239211
8494.723158
8753.522260
9043.958459
9299.984323
9516.820810
9813.846711
10134.713936
10432.330827
10786.088889
11133.400376
11554.989474
12040.330451
12512.719549
12982.918267
13472.991729
13992.227444
14449.103947
14852.130508
15323.179699
15834.879887
16322.971186
16825.509023
17352.992844
17858.971053
18315.329567
18816.650376
19291.964098
19722.422180
20078.895489
20503.166667
20852.338534
21127.766290
21384.781579
21683.438795
21879.525564
22000.472180
22156.238346
22241.134211
22212.146893
22264.030827
22334.023308
22365.794549
22300.575940
22268.457143
22273.441917
22198.563089
22001.114286
21809.135338
21518.721053
21220.000000
21005.572180
20718.390789
20443.670433
20244.570677
20063.596987
19965.034023
19904.792481
19951.373446
20051.294737
20178.899248
20296.804135
20528.193409
20796.178759
21057.585714
21473.494737
21747.093421
22058.522744
22451.575940
22805.789831
23174.542857
23565.013371
23901.557895
24258.162218
24573.793597
24617.998872
24819.673308
24833.770489
24866.984746
24807.985714
24773.769361
24648.156579
24605.768421
24474.103390
24311.106579
24070.715254
23821.467669
23692.075141
23568.247368
23361.252632
23181.079284
22956.387594
22779.136466
22683.380451
22586.724670
22467.621617
22327.874812
22225.463158
22095.028947
22032.223917
21975.133835
21905.618079
21843.275752
21760.740678
21600.869173
21481.671805
21520.908475
21391.289474
21261.804520
21152.807143
21114.045951
20983.241729
20860.301883
20720.897368
20505.489474
20326.043503
20162.134586
20000.453672
19743.375188
19453.279096
19212.572556
18950.256391
18637.087970
18330.188722
18037.111299
17735.071805
17533.849718
17325.995113
17043.397363
16710.373684
16514.684211
16371.546704
16138.334586
15959.494915
15727.362594
15512.203390
15354.371429
15186.138534
15067.359962
14985.930451
14840.041996
14618.860150
14360.536842
14278.678195
14159.181356
14089.515789
14015.450000
13949.352731
13909.630827
13914.594915
13924.590226
13926.274011
13913.222180
13870.832707
13859.732707
13911.973496
13915.397175
13906.258647
13888.538346
13865.011676
13872.966917
13816.655263
13865.893421
13847.120339
13866.795489
13895.266165
13905.215226
13860.569549
13799.692857
13742.896617
13609.540113
13444.128571
13372.665537
13233.293421
13045.614286
12826.034275
12678.859774
12435.697368
12291.284211
12136.280603
11950.941165
11773.509398
11615.159023
11448.130075
11303.561770
11174.345113
11033.889454
10880.381955
10685.350659
10460.934586
10293.066541
10037.864576
9836.583684
9615.934211
9334.642368
9124.497928
8937.428008
8696.099192
8403.456447
8170.350451
7966.499322
7734.751523
7504.533220
7301.946654
7105.803842
6911.575188
6722.020752
6526.632863
6363.288195
6215.630169
