14.047805
12.974317
10.669564
12.106205
12.721237
15.860279
12.311266
15.992801
15.172946
16.257037
17.923698
15.688592
14.170993
16.767563
19.312126
19.976247
20.491233
19.487089
18.358202
18.824561
20.734121
23.926467
20.892842
20.889473
16.921049
20.045129
19.842965
19.287998
21.134369
23.575841
25.235163
25.385563
24.659284
24.047536
23.826288
21.963591
25.621658
28.777288
28.067975
24.950543
24.400000
27.448705
28.333729
27.837197
26.075276
24.800000
27.763418
30.606843
28.081476
26.309846
24.621805
24.861420
29.010104
27.655792
33.271581
32.982401
32.963617
32.848583
32.660613
33.491098
36.303474
36.660786
37.491480
40.789102
42.053405
41.719453
42.339519
46.182238
44.562121
45.648434
49.905034
48.062834
45.081331
48.700284
50.965407
50.065333
52.557393
57.441752
61.743935
64.310985
65.364854
65.290495
64.527980
67.387294
71.258880
71.463312
73.671697
75.904572
71.035967
75.374974
79.790783
82.058776
79.407405
77.946746
79.648503
82.737293
84.245214
82.593626
83.565868
87.998249
84.940972
84.923343
85.274680
83.792028
82.059896
85.925329
88.065628
82.560201
79.194316
82.621477
86.516732
90.726451
92.546717
89.498063
86.248640
86.399316
92.894382
89.873114
88.701680
87.109316
92.371134
93.845476
95.760021
96.961271
97.901120
94.355624
97.883422
98.465132
98.135921
100.962303
97.839158
94.167623
95.092143
94.584898
95.057446
95.790881
97.397332
99.141131
98.407475
100.522648
96.219071
97.357366
103.079218
100.619017
99.342763
101.453868
98.428610
95.400000
98.085398
103.490496
97.957381
94.083750
92.048892
99.496228
102.548857
96.330892
100.769095
97.171579
95.699662
97.364980
94.442463
93.583153
92.835684
91.689029
102.303985
106.276115
101.696286
93.408573
94.119823
96.784235
97.308192
95.301640
94.069906
89.590246
93.391468
97.718671
98.468012
97.608874
95.013402
92.622818
93.373555
93.947732
92.965863
91.958871
92.218505
95.388424
94.612973
93.936915
94.368440
99.058028
102.010009
96.922771
97.654805
104.486316
103.752412
99.566423
103.398429
107.211492
104.121407
101.310158
103.160799
100.350525
97.312637
98.326034
94.499148
97.774470
100.806772
100.181942
97.507683
93.978961
95.563884
99.086775
98.003448
94.748559
92.353778
92.961483
91.136933
90.428935
93.147744
87.505262
89.330202
88.664586
90.076955
90.516853
93.245503
95.034650
94.989549
99.360609
105.572643
102.938553
97.245017
104.273237
110.253030
108.457373
106.400188
110.366789
105.051568
107.556350
111.963757
121.745776
117.192500
119.379158
121.415661
120.596030
122.945955
122.643911
122.121342
128.164797
122.044992
122.134222
126.485609
132.368752
129.968105
129.664017
138.408239
147.114489
146.722115
149.554671
152.035273
155.368380
153.427840
154.271525
164.648346
166.828463
167.302049
172.672450
184.060628
186.982566
175.889060
179.338226
179.477136
184.169058
194.248757
194.606947
191.263098
195.904791
194.708729
189.876323
192.058201
193.165576
195.190071
204.960669
204.044602
199.290338
194.992571
197.892408
194.621827
196.734571
196.654891
186.342066
177.759000
185.877466
186.633137
177.991578
172.798421
170.130102
170.403400
172.265955
175.667232
178.431959
180.251079
172.571545
177.413207
184.175912
191.440774
188.370737
194.131632
195.912335
198.782635
201.698503
204.372938
209.236326
212.899880
215.310197
208.001399
209.133447
219.960064
216.438096
223.541644
227.685421
227.311325
217.280513
216.842737
219.694544
220.637098
215.683945
210.350617
207.013808
205.774536
211.485861
213.302143
205.362479
203.398735
197.375677
197.130286
196.448224
193.787406
192.385342
191.465197
193.899226
198.647301
196.850104
187.457898
183.680218
184.660259
182.809998
186.617627
186.234083
181.314040
189.528250
190.982215
181.110335
182.965056
183.683368
177.776263
174.997559
177.068148
173.132281
167.367925
165.125708
164.516774
164.965534
167.519361
167.903765
156.554667
154.377361
154.051350
152.234049
150.549243
149.248000
148.605789
141.315872
144.431752
147.400186
141.740502
131.635068
128.312850
131.430782
131.735436
129.650455
126.185288
133.260355
128.931030
129.712368
121.211785
124.162684
119.992605
124.007921
123.168186
120.909919
123.846767
122.962476
120.571043
119.785759
118.367598
119.400000
120.616497
123.523857
118.581622
120.115070
121.951455
119.738763
123.864316
119.930203
121.784872
123.704466
119.127741
117.569624
115.045000
117.483162
118.810339
111.217143
116.436921
117.708085
115.278714
111.513313
104.002203
101.361026
95.351295
102.919260
99.247091
100.223073
100.520877
92.871645
95.544128
97.605414
94.691310
95.527110
89.128442
83.980968
87.342190
85.522456
87.374565
76.906700
77.555792
79.621206
77.257865
75.528461
72.607377
73.018389
71.597270
64.904741
61.459063
63.777459
64.474781
63.560520
63.046035
58.667098
54.537892
55.889281
