44.593832
44.934329
43.867294
42.949508
45.034603
42.139721
41.123683
43.196363
44.668766
47.918194
49.520583
48.298517
45.754278
46.472595
49.923505
51.220566
52.591193
53.192034
54.361209
54.105794
55.809998
57.933309
62.033176
63.742041
60.374288
62.811641
66.176382
68.117331
69.826461
67.995939
66.638482
71.387428
73.999355
72.963403
73.839618
77.506189
75.132336
78.412279
72.789956
78.746029
82.045578
83.616212
87.062429
90.897731
91.310926
90.206481
93.725430
99.432423
97.941434
93.992487
97.609158
101.670643
108.945825
108.699105
111.812778
121.704675
123.527414
137.684143
156.559763
163.818405
176.147835
190.774661
206.220727
231.176992
256.334526
274.616631
301.394015
330.645233
362.726989
399.067523
438.563763
479.118271
527.118124
578.999679
642.078805
691.229135
759.633133
824.803448
899.284962
981.605876
1056.674915
1144.962895
1231.445150
1315.234831
1408.039096
1500.857519
1589.971635
1653.828778
1738.732519
1806.260789
1879.330639
1933.984407
1992.618496
2051.755612
2089.205846
2124.829774
2176.266290
2219.806053
2238.393929
2243.447143
2254.734972
2277.260357
2283.075752
2300.274586
2295.657857
2270.298418
2287.184436
2269.399549
2278.951429
2286.906271
2282.249962
2280.759173
2268.493684
2259.811053
2271.944361
2255.607105
2240.478437
2228.260000
2210.471186
2191.381805
2182.350376
2188.957439
2181.008553
2154.481485
2152.265677
2135.507910
2096.612011
2055.199699
2026.991579
1987.741184
1935.350056
1896.437895
1841.219435
1816.392838
1770.534991
1765.677669
1748.119981
1721.263333
1715.673421
1688.522406
1678.801992
1680.819605
1657.376617
1642.369737
1636.526911
1634.786053
1626.787458
1610.505094
1628.792712
1627.398271
1624.423402
1612.393910
1611.059887
1577.944444
1564.401786
1528.623008
1491.072632
1478.483107
1453.094549
1428.733346
1405.140885
1372.532368
1333.015669
1302.941429
1283.399831
1246.101823
1232.927857
1212.968383
1196.787782
1173.688343
1163.590602
1161.429737
1132.141278
1125.061450
1120.672857
1115.371466
1111.940169
1112.664737
1105.469812
1102.264192
1109.321165
1091.722105
1086.437350
1061.583590
1052.491353
1036.243616
1008.259474
992.079586
975.736707
944.323524
928.088246
903.910436
880.402316
859.530329
844.493475
832.628508
815.370579
798.675848
780.424544
759.920158
743.765357
726.168825
698.282714
662.179661
609.711288
579.722759
547.205390
518.329348
489.461105
465.561263
439.580847
414.066132
405.219128
399.464940
374.598273
361.623021
362.736635
356.648089
360.392406
355.302075
355.787421
359.036352
353.659384
375.113695
395.229921
414.208750
449.683633
488.822549
538.689786
610.737758
690.530447
796.741407
924.170406
1091.089661
1259.558571
1457.222109
1665.661466
1879.315188
2102.325141
2324.241936
2528.787763
2724.627895
2942.504802
3159.588026
3350.947782
3518.205179
3693.760075
3900.739247
4069.275489
4280.008889
4507.280959
4733.110977
4988.027406
5241.274248
5486.426761
5768.775489
6049.865338
6308.735921
6563.373748
6815.422293
7060.550470
7308.705085
7594.418045
7910.174727
8159.356560
8353.290829
8628.873910
8842.544981
9090.257688
9340.137594
9520.330508
9692.944417
9837.497137
9936.595000
10080.382090
10210.484962
10308.395489
10369.957143
10401.575188
10421.006780
10416.792481
10471.737594
10464.482519
10506.117293
10472.971429
10440.738158
10393.630885
10339.957143
10250.729699
10159.789474
10015.700000
9879.069248
9764.608346
9616.511676
9482.899812
9414.260960
9373.524605
9385.469248
9393.048531
9437.838365
9521.898383
9592.158759
9738.898098
9841.770733
9962.692256
10068.742105
10264.218421
10440.105075
10608.396992
10816.555932
10990.801692
11145.070810
11323.745113
11439.949436
11549.020339
11622.678195
11699.239850
11757.119737
11745.652542
11781.890977
11752.780827
11692.402632
11611.065789
11535.365348
11475.659023
11384.519209
11292.416541
11201.620339
11090.942293
10997.930827
10905.691149
10851.983083
10802.059398
10736.758647
10682.237665
10652.651504
10615.645489
10523.544737
10468.772368
10405.566667
10360.443609
10332.414689
10306.314662
10245.116196
10209.965038
10208.713346
10115.732203
10091.039098
10027.798305
10026.471429
9956.018814
9905.737105
9826.141262
9816.718816
9719.513684
9657.400904
9580.949662
9440.453315
9325.335639
9215.820678
9081.436391
8948.779774
8800.368421
8667.788797
8572.380282
8425.076579
8296.947853
8202.019004
8056.372994
7948.815789
7849.908816
7737.020169
7623.257632
7547.677458
7427.478891
7328.846780
7279.532707
7211.153684
7120.244981
7031.545338
6986.606102
6930.044624
6864.515639
6814.528722
6753.587966
6731.593816
6676.509211
6632.746139
6598.571147
6554.532542
6561.524511
6567.520678
6551.170508
6543.871128
6565.776504
6607.232030
6591.810395
6553.810000
6546.069098
6538.564444
6561.785789
6561.662368
6551.927632
6558.950678
6580.202331
6548.457011
6562.463515
6568.925226
6523.090714
6497.453252
6477.222844
6398.358571
6304.261073
6211.691504
6159.179286
6061.545932
5949.838064
5863.759079
5735.193684
5685.484200
5643.241447
5550.359662
5485.936692
5429.165620
5368.596064
5285.646090
5174.467872
5075.565902
4999.647985
4919.549211
4850.625075
4761.326949
4656.673759
4530.872105
4389.577763
4324.555198
4182.323910
4078.281335
3980.382556
3858.569925
3732.032768
3614.100827
3526.831808
3433.665451
3319.795386
3253.765075
3174.209699
3087.679115
2967.939887
2888.815198
