69.087616
67.193315
71.292082
69.533016
69.030542
69.000000
67.647366
70.851456
66.297981
68.709954
73.171134
73.840793
73.585539
72.148215
71.704498
73.744393
71.674179
72.245624
71.799370
78.562447
78.316311
82.106872
76.136435
78.463043
80.257458
80.322171
79.819347
83.154757
84.978811
84.652215
85.278388
85.810887
87.340705
88.846895
88.740712
90.626583
92.495995
98.244496
98.031337
94.272793
92.026417
92.906544
96.462429
102.957820
104.566273
100.394501
100.786564
106.693614
108.999013
107.158147
104.640797
113.275233
119.911458
123.905267
129.417441
126.871754
140.109392
150.469256
161.443929
172.710846
179.418256
192.635085
214.039209
230.429940
248.338105
277.467433
300.042632
330.881323
362.088382
392.576780
424.672870
473.120714
517.310751
565.361118
604.515477
657.308530
716.652870
775.719895
842.690692
917.127836
976.317751
1023.566263
1095.477895
1172.019568
1247.782298
1321.314135
1401.257575
1475.961184
1523.484323
1600.689286
1662.077350
1726.472373
1781.458120
1822.819266
1851.823966
1876.584173
1910.063013
1940.425132
1956.229643
1978.554887
1984.117062
2009.700000
2010.049060
2015.830827
2006.368929
2032.143258
2040.097820
2038.552632
2042.353835
2035.215028
2042.475865
2038.743665
2028.696842
2029.183684
2016.609173
2019.749248
2031.953070
2022.565263
2012.703898
2020.640865
2013.828045
2022.977137
2030.210395
2019.879380
2004.136128
1985.547646
1966.977688
1936.021128
1897.183158
1861.572895
1824.952354
1789.001692
1756.919906
1722.329605
1714.039623
1699.477669
1687.957086
1685.888757
1658.641729
1646.316053
1633.521748
1620.392260
1625.776466
1610.285113
1602.503409
1610.046579
1607.504237
1612.298534
1610.337119
1590.687594
1594.755489
1586.077556
1565.796541
1555.196817
1529.868515
1521.402105
1492.514887
1465.249209
1442.430470
1418.390376
1389.143729
1357.191447
1325.744878
1301.725714
1294.482218
1289.147368
1264.639286
1240.439060
1236.489812
1222.724783
1210.125263
1189.155226
1182.427763
1179.357646
1183.518835
1184.161391
1173.812203
1170.831579
1179.027006
1173.623365
1162.192669
1170.360150
1156.851128
1148.649004
1118.491579
1090.813616
1071.400395
1052.747030
1028.257293
1005.579694
984.402310
969.671406
953.168474
941.037013
918.157226
889.359282
878.755665
870.307344
852.913411
829.937105
787.976671
760.277665
735.142162
689.127678
652.791120
606.932338
560.850896
527.770643
497.814842
469.319316
443.441537
422.100299
404.545714
387.394654
371.699679
355.981359
347.886748
344.866296
337.065562
336.292335
339.083684
344.798312
354.939226
361.114211
383.482368
416.585500
459.262330
523.277466
597.577107
675.505748
789.266680
938.620508
1081.719925
1264.278983
1435.332256
1653.050810
1863.571504
2067.934098
2278.414557
2499.052650
2702.420526
2911.443684
3104.436949
3278.996297
3447.446579
3626.628023
3811.217180
3979.992863
4187.848496
4356.801111
4596.625320
4829.942406
5060.576692
5284.432387
5524.731092
5761.276165
5987.808158
6226.233289
6443.321544
6676.427481
6910.285620
7140.684237
7385.730752
7605.937137
7835.973722
8086.278870
8284.282707
8479.678139
8694.510602
8835.734586
9017.294915
9218.628177
9365.730904
9436.792895
9564.742486
9671.925808
9747.230602
9796.919699
9837.281410
9878.245932
9850.522180
9870.976297
9859.372256
9872.540752
9858.381429
9818.828553
9812.428851
9701.282143
9617.990808
9499.441053
9384.280000
9266.507970
9147.649756
9052.302373
8984.585338
8925.974821
8879.541617
8888.431880
8914.721921
8908.524229
9001.500357
9072.926015
9221.784821
9299.898045
9447.975113
9589.915263
9750.662895
9942.305902
10113.526692
10297.641243
10482.210526
10628.308663
10761.801504
10886.411654
10991.635405
11065.505263
11171.179699
11231.071617
11197.340678
11191.442105
11176.236278
11144.196053
11053.555263
11024.391714
10953.192293
10858.039736
10761.620301
10667.351412
10599.276128
10509.288346
10401.827307
10325.695865
10264.003571
10206.628571
10126.787571
10066.769925
10043.243609
10011.281579
9956.760526
9914.517627
9906.031955
9870.878475
9816.434173
9790.710151
9771.409624
9745.539511
9731.422881
9655.939850
9595.489058
9574.947857
9540.502580
9463.606504
9458.366139
9407.137368
9322.481053
9289.012429
9181.527462
9074.294576
8969.639586
8835.191676
8722.525865
8593.776015
8433.480526
8372.952594
8235.874294
8116.763872
7977.965932
7881.077105
7777.618776
7633.291053
7554.241184
7413.155819
7316.026842
7224.394746
7163.452049
7084.052542
7030.895940
6973.381335
6856.661391
6834.602406
6776.077363
6726.510545
6640.512406
6548.237444
6493.682994
6469.972763
6422.886579
6396.416535
6355.993327
6310.808644
6320.860451
6344.308512
6348.480940
6353.706466
6362.374361
6375.618910
6384.528493
6341.864737
6370.564004
6343.633183
6291.221504
6318.356316
6293.016316
6326.594068
6347.798045
6312.597331
6317.748308
6333.209850
6281.437857
6217.021786
6169.209925
6080.684286
5980.284859
5917.678214
5854.204286
5750.755160
5727.366485
5634.271447
5533.492632
5465.883484
5420.378515
5342.861767
5252.496955
5156.046278
5110.921695
5071.968872
4995.223955
4904.239323
4802.280753
4713.613083
4630.592594
4554.956102
4440.662256
4306.132632
4228.877500
4100.735932
3976.319098
3864.446880
3765.614398
3651.015714
3565.314915
3469.975733
3352.793107
3249.750188
3151.684331
3062.599680
2999.141203
2913.621695
2841.946316
2720.708531
