20.9999
20.9
20.8001
17.0094
13.2132
11.408
9.60976
6.71856
3.8214
8.26238
12.758
14.3835
15.9819
14.3209
12.6225
11.91
11.2106
11.6919
12.1914
15.3419
18.5388
15.4643
12.2675
13.5691
14.9677
16.0736
17.1725
15.5442
13.8458
10.0089
6.11277
10.0744
14.2703
10.8178
7.12147
9.31885
11.7165
12.9571
14.1559
11.6018
8.9045
12.7373
16.8333
13.2624
9.36622
14.0776
19.1726
16.1549
12.7582
15.9337
19.4303
10.9502
1.85911
7.28113
13.4751
13.1374
12.438
9.47157
6.37461
3.65472
.957362
8.41998
16.512
15.6857
14.2871
15.6052
17.1038
12.7126
7.91734
6.85367
6.05446
8.69975
11.5969
10.2207
8.52238
8.86352
9.36303
11.9902
14.7875
10.1998
5.00487
4.87635
5.17605
4.64848
4.04906
8.31105
13.0064
15.5967
17.9943
16.1907
13.9928
7.60267
.809326
7.38437
15.2766
15.3648
14.6655
18.8558
23.5512
20.5665
16.7703
12.974
9.1777
9.87955
11.0784
7.25026
2.85457
3.38528
4.4842
4.6
4.6
9.95076
15.9449
14.0195
11.1223
12.9309
15.3285
13.7396
11.6416
11.4884
11.5883
13.7168
16.1145
10.6797
4.18605
3.4
3.4
9.3577
16.151
15.6887
14.1902
17.6633
21.8592
15.0898
6.69805
5.68683
5.78673
8.8322
12.3288
13.4051
14.1044
11.354
8.05722
8.46047
9.45949
12.1755
15.1726
13.8012
11.7033
8.92167
6.02451
11.5685
18.5616
16.9629
13.8659
15.2672
17.465
14.0742
9.67854
8.15519
7.15617
7.16857
7.36837
9.33405
11.6318
16.1108
21.006
18.5358
14.6396
10.2424
5.74682
6.58281
8.48095
11.6257
15.0224
17.0925
18.8907
14.485
8.79061
9.9456
12.543
16.4577
20.6536
21.7285
22.1281
19.66
16.563
13.2208
9.82417
14.5819
21.1754
22.3186
22.2187
15.2209
6.6293
10.7479
17.841
19.0385
18.8387
12.0325
3.64074
9.23325
18.2244
14.1473
6.85447
10.2786
16.3727
14.0896
9.69389
9.11834
9.51795
9.99695
10.4965
8.93691
6.83896
11.6139
18.2075
17.8663
15.6685
15.2786
15.3785
14.3806
13.0819
13.9732
15.4718
17.6725
20.0701
16.9422
12.2468
10.1132
8.71457
8.32257
8.22266
6.65526
4.65722
9.36176
16.0552
13.604
8.40913
7.6599
8.25931
7.32964
5.93101
3.7698
1.37215
3.76643
7.66261
8.67587
8.77577
7.66494
6.16641
8.59257
12.2889
12.0708
10.5723
11.4764
13.1747
13.5251
13.4252
17.0599
21.9551
20.7416
17.4448
12.885
7.88988
8.67493
11.4722
11.8304
11.3309
9.35717
6.85962
10.0229
15.2178
10.8809
3.08856
1.73126
2.73028
6.64649
11.6416
11.2544
8.85673
10.7388
14.2354
15.8511
16.7502
16.5671
15.9677
10.5476
3.25472
7.01217
15.1042
15.2532
12.2561
14.0404
17.7368
16.5226
13.3257
14.1743
16.6718
19.5941
22.691
21.9766
19.6789
17.2404
14.7428
16.4566
19.9532
22.5398
24.7377
23.7946
21.4969
23.0272
26.2241
26.853
26.3534
21.5629
14.8695
17.3549
23.9485
19.3246
9.63409
12.1584
20.2505
22.7316
22.6317
24.9199
28.3165
22.2563
11.7665
15.7267
26.5161
28.9853
27.4868
28.1466
29.8449
26.9701
21.8751
23.2846
27.8801
27.0599
23.5633
24.3999
27.397
26.6053
23.908
25.916
30.3117
28.6943
23.9989
24.1129
26.7104
26.8774
25.7785
27.1027
29.7002
29.0329
26.6353
27.8832
31.08
29.0846
24.2893
25.5765
30.172
29.6711
26.3743
27.5154
31.1118
31.2458
29.4476
29.7589
31.2574
30.0793
27.382
27.5436
29.3418
29.5566
28.8573
29.8628
31.8609
29.0121
23.3177
23.459
27.0554
30.0889
32.7863
36.2319
40.1281
40.2946
38.1966
34.1158
28.821
29.4561
33.7519
34.7842
33.7852
29.5945
23.4006
20.8776
20.6778
24.8081
31.7014
36.8924
40.9884
40.1156
36.0196
34.2792
34.0794
33.0367
31.4383
31.6401
33.0387
33.0617
32.1626
29.4153
25.4192
26.8899
32.0848
33.4301
32.1313
30.6555
29.0571
28.5765
28.8762
30.2314
32.3293
32.6156
31.6165
30.3263
28.8278
29.0127
30.4113
29.785
27.6871
30.9515
38.1444
37.8096
31.9154
28.5982
27.1996
28.1409
30.8383
34.73
39.5253
39.9563
37.0591
35.3481
34.5489
35.7761
38.5733
38.9025
37.3041
35.3703
33.1724
32.0329
31.7332
33.8202
37.8163
37.2217
32.9259
32.2125
34.4103
32.3795
26.8849
24.9472
25.9462
26.2364
25.9367
25.9087
26.1085
27.2827
29.2807
29.5527
28.3539
27.1013
25.8026
26.378
28.5759
28.3729
26.0751
29.3588
37.5508
37.0043
28.7124
24.5889
24.1893
24.7885
26.2871
26.4763
25.4772
28.3393
34.7331
34.5771
28.3832
28.4036
34.1979
36.2777
34.8791
34.457
34.9565
32.6401
27.645
28.4642
34.8579
35.8153
31.5195
29.3494
29.2495
28.9479
28.4484
28.3506
28.6504
31.0511
35.5467
35.6574
31.3616
28.9518
28.4523
29.1393
31.0374
30.2766
26.78
26.079
28.2768
30.8166
33.7138
33.6431
30.4462
29.6722
31.4705
32.2069
31.8073
29.0044
23.6097
22.0925
24.7898
26.4384
26.9379
27.0101
26.6105
27.4875
29.7852
28.7398
23.9445
26.5581
37.5473
38.4969
28.0072
25.0505
30.7449
32.8276
30.7297
31.6749
36.1705
36.8553
33.059
31.8229
33.6211
32.6426
28.3468
25.3654
23.9668
23.0646
22.7649
25.0713
30.566
34.45
36.3482
35.262
30.4667
26.2479
22.7513
22.0362
24.8335
28.6856
33.8805
33.168
24.8761
22.1603
26.6559
28.7229
27.624
26.4819
25.2831
26.1471
29.7436
31.8
31.8
30.9057
28.8078
27.7272
28.0269
28.2422
28.3421
27.686
25.9877
26.3794
29.6762
30.7263
28.6283
29.0564
33.0525
35.0703
34.2711
32.7745
30.277
30.7186
35.414
37.9969
37.4973
35.5019
31.306
31.2141
37.2082
38.8781
34.0828
33.5906
39.5847
41.852
38.4553
36.6367
37.2361
39.6806
44.9754
46.0517
40.5571
38.4048
41.5018
41.0799
35.0857
33.4775
38.8722
42.621
43.72
42.991
39.2946
38.5533
42.6493
44.6346
43.1361
42.6499
43.8487
45.1595
46.658
49.9746
56.3683
58.9606
55.0644
51.7189
49.3213
47.873
48.0728
47.8731
46.974
46.6529
47.3522
51.1413
60.4322
61.862
49.1744
45.7619
59.1487
66.351
62.255
59.6
59.6
58.0972
53.8014
51.8341
54.2317
56.1456
57.1446
57.6282
57.1287
57.1758
58.2747
58.1847
55.7871
55.0443
57.5419
59.3679
59.8674
60.4003
60.9997
61.2341
60.7345
63.2372
71.8288
74.3532
64.4629
58.5172
60.715
62.1028
61.8031
59.3776
52.4844
49.5607
55.0553
58.8636
59.0634
61.1289
67.2229
68.9488
61.1565
57.4864
62.8811
65.669
62.6719
61.926
66.2218
67.3002
61.1063
57.622
60.3194
62.442
63.2412
63.1388
60.9409
59.5194
59.919
58.8652
54.3696
51.8483
54.0461
55.6878
55.9875
55.0079
50.9119
49.0397
52.6361
55.4581
56.3573
57.6552
59.953
60.0722
54.6775
52.7668
59.7599
63.6281
59.4323
56.1506
55.2515
56.7182
64.4107
68.9894
65.293
62.5186
62.2189
61.4077
59.2099
58.7225
62.9184
65.9469
65.7471
65.679
65.9787
65.5204
62.9229
61.8302
65.027
67.3485
67.1487
67.6643
70.2618
71.6675
69.5696
67.5723
65.8739
66.0479
71.8422
75.0111
70.2158
67.1897
69.5874
71.6194
72.5185
73.4176
74.3167
74.3284
71.5311
70.2088
73.6055
74.572
67.6788
62.0256
60.4272
60.2905
64.9859
69.4742
73.2705
73.7136
62.8243
55.983
62.9762
68.9605
71.458
71.8666
64.9733
61.0979
67.8912
72.1521
67.3568
62.9293
59.8323
58.3434
62.7391
65.5627
62.5656
60.6841
62.9819
64.1118
60.8151
58.5925
60.4906
63.4323
70.4254
74.4395
66.7471
60.8609
62.1596
62.9416
61.6429
60.4032
59.4042
59.126
61.8234
62.3027
53.5114
47.9464
56.0384
62.4866
61.8872
60.9325
58.4349
55.6598
51.6638
48.9126
51.7099
54.3622
56.3603
57.3729
53.8763
51.9392
57.234
60.3733
53.3801
48.0852
50.8825
53.6797
56.477
58.7492
58.4495
58.0828
57.3835
56.3367
53.5394
51.4779
53.1763
54.6646
55.0642
54.9851
52.3876
51.4925
59.6845
65.8372
60.942
56.7692
56.5694
55.2163
47.4239
41.2943
44.5911
47.2078
45.9091
45.0918
47.0898
49.2174
52.1145
54.1315
50.8347
48.448
51.6449
53.6959
48.6009
43.4379
37.8434
33.7109
39.0057
43.3224
41.2245
39.7125
42.1102
44.8926
50.2873
54.4948
50.4987
46.7264
44.5286
42.8937
45.2914
47.1591
45.1611
43.092
40.4945
38.5495
41.5466
44.4864
46.9839
49.245
49.6446
49.9779
49.7781
48.8066
41.5137
35.9392
44.7306
52.1704
48.0745
44.3897
44.2898
43.8369
40.2404
37.0593
37.6587
38.5296
41.9262
44.8005
42.7026
41.0046
43.2025
44.8904
41.4937
38.2574
36.659
35.8536
43.3463
49.9785
47.381
45.0166
45.2164
44.7498
36.7576
29.4317
29.8313
30.5791
35.4743
39.9924
39.8925
39.7559
39.1565
38.6
38.6
38.2245
32.8298
27.8878
29.1866
30.4394
31.0388
31.8992
36.5946
40.8519
38.4543
36.0327
33.2355
30.7964
34.1931
37.573
40.67
43.2499
36.7562
30.9893
38.482
44.9656
32.278
20.4256
25.121
29.7979
34.0937
38.006
33.6104
29.32
27.4218
25.6723
27.4705
29.2726
31.1707
32.9492
31.5506
30.1006
27.2034
24.345
22.6467
21.2339
28.9263
36.3375
34.1396
31.8995
28.1032
24.4
24.4
24.3481
22.0504
19.7815
18.8823
18.0186
19.0176
19.9833
18.9843
17.975
16.2766
14.6191
16.1177
17.6442
21.7402
25.7823
23.7843
21.7787
18.6817
15.5783
11.1826
6.82667
15.8179
24.7927
17.5998
10.4068
