114
114.2
114.4
118.29
122.186
117.62
113.025
113.894
114.793
115.395
115.994
105.608
95.1186
100.432
105.927
111.422
116.916
111.589
106.094
110.615
115.31
109.619
103.724
105.751
107.949
106.438
104.84
110.547
116.441
114.656
112.658
113.667
114.766
106.28
97.4889
100.388
103.685
101.679
99.4808
99.6887
99.9884
99.5198
99.0203
103.6
108.395
109.748
110.946
104.128
96.935
98.0287
99.5272
102.832
106.228
104.028
101.531
99.1281
96.7305
98.9616
101.459
103.58
105.677
107.964
110.261
109.367
108.268
103.516
98.5208
99.6958
101.294
99.814
98.1157
97.2552
96.456
92.5911
88.4951
99.4171
111.505
103.334
93.5438
97.6925
102.987
99.439
95.1432
100.959
107.652
105.448
102.451
98.9049
95.3085
92.808
90.4103
99.8605
110.45
96.3946
79.9108
86.1134
94.605
95.9433
96.5427
95.7868
94.8877
96.513
98.4111
103.188
108.283
103.234
97.0405
98.0123
99.8105
104.201
108.896
104.673
99.3787
99.9568
101.255
96.783
91.5881
93.9235
97.2203
97.0696
96.4702
95.077
93.5784
97.0082
101.104
102.478
103.477
101.672
99.4746
99.8993
100.698
94.8689
88.0756
91.6383
96.7333
97.8341
98.3336
98.2267
98.0269
96.0119
93.7141
92.71
91.9108
91.886
91.9859
93.6312
95.5293
99.4832
103.779
99.6142
94.0197
97.5484
102.643
96.9348
89.3422
90.5764
93.3737
97.4411
101.737
97.4156
91.5214
94.0557
98.1516
97.9591
96.9601
99.5685
102.865
103.567
103.767
103.633
103.433
108.315
114.209
107.554
98.3628
97.8779
99.1766
99.7309
100.13
107.627
116.618
110.873
101.981
105.903
112.596
111.506
108.708
106.974
105.475
107.483
110.28
112.752
115.15
115.194
114.695
119.538
125.632
125.912
124.813
131.77
140.661
140.551
138.254
137.64
137.44
140.599
144.595
141.251
136.056
140.571
147.564
149.476
150.076
151.467
153.065
159.404
166.996
163.714
157.52
162.017
169.41
171.157
171.357
167.646
162.85
164.453
167.849
171.09
174.287
178.416
182.811
185.039
186.637
192.484
199.577
203.28
205.977
202.143
196.349
198.066
202.062
209.346
217.637
223.032
227.527
226.318
223.321
226.924
232.619
233.092
231.893
233.638
236.335
241.441
247.336
251.052
254.049
253.452
251.654
257.101
264.993
271.619
277.813
280.514
282.013
288.551
296.842
307.795
319.683
335.847
353.53
365.478
375.368
385.552
395.842
410.592
426.976
444.454
462.337
484.22
507.597
536.414
567.284
590.775
611.455
644.904
683.267
717.384
749.852
796.456
848.605
892.381
932.842
981.652
1033.8
1090.86
1149.9
1205.47
1259.61
1328.55
1403.58
1474.72
1544.25
1626.32
1713.63
1786.7
1853.73
1943.37
2042.67
2135.42
2225.33
2328.19
2436.68
2541.7
2645.2
2755.55
2868.94
2979.16
3087.95
3197.71
3307.9
3410.95
3510.76
3635.81
3772.47
3892.63
4005.12
4118.63
4232.62
4350
4468.98
4590.8
4713.98
4830.35
4943.44
5057.94
5173.13
5268.27
5353.58
5433.48
5510.71
5581.8
5649.83
5713.15
5774.09
5843.77
5917.9
5985.29
6049.23
6084.37
6104.65
6142.8
6190.25
6221.79
6244.97
6267.17
6288.85
6309.68
6330.06
6343.04
6352.03
6359.6
6366.39
6375.77
6386.56
6399.98
6414.87
6420.52
6421.02
6424.27
6429.06
6442.84
6461.73
6468.47
6468.27
6480.23
6499.21
6503.86
6500.17
6499.43
6500.43
6485.36
6460.79
6467.43
6492.7
6520.03
6548.61
6557.16
6553.56
6553.38
6555.27
6572.49
6599.17
6615.56
6625.55
6638.79
6654.08
6665.51
6674.5
6678.12
6678.32
6660.89
6632.12
6599.53
6564.46
6538.82
6519.34
6495.83
6469.65
6431.66
6385.8
6335.46
6282.11
6216.36
6142.24
6087.18
6045.12
6011.83
5984.56
5952.62
5917.45
5879.11
5838.55
5817.11
5809.12
5793.82
5773.34
5758.86
5748.67
5740.16
5732.87
5704.69
5661.33
5645.07
5648.67
5655.89
5665.78
5664.56
5655.07
5648.89
5645.19
5633.87
5616.79
5628.56
5662.32
5667.57
5650.88
5650.41
5662.5
5667.74
5667.64
5654.02
5629.74
5604.29
5577.92
5563.04
5557.34
5543.96
5524.38
5493.33
5452.97
5411.29
5368.54
5325.56
5282.4
5236.3
5187.75
5147.34
5113.78
5072.96
5026
4989.19
4961.02
4925.8
4884.54
4835.14
4778.7
4739.33
4714.85
4682.67
4643.71
4611.05
4583.97
4550.41
4511.05
4479.26
4454.28
4431.82
4411.64
4391.41
4371.13
4347.52
4320.85
4306.5
4303.6
4291.11
4269.63
4251.44
4236.35
4228.64
4227.94
4225.1
4220.2
4228.98
4250.95
4246.51
4216.34
4204.02
4209.22
4205.42
4192.73
4180.1
4167.51
4151.73
4132.75
4098.38
4048.43
4007.87
3976.9
3941.31
3900.95
3849.11
3785.37
3743.81
3725.43
3695.56
3653.61
3601.47
3538.53
3500.21
3488.22
3461.76
3419.7
3375.73
3329.68
3300.35
3289.37
3267.79
3234.52
3194.63
3147.38
3106.25
3071.98
3029.27
2977.03
2923.19
2867.54
2797.39
2710.58
2631.31
2560.78
2484.48
2401.46
2321.57
2245.34
2163.13
2073.82
1994.93
1928.49
1860.79
1791.56
1733.56
1689.2
1633.84
1565.01
1508.43
1466.97
1432.82
1407.74
1379.16
1346.2
1320.21
1303.02
1282.45
1257.58
1240.19
1232.39
1228.87
1230.87
1224.5
1207.21
1203.96
1219.15
1236.27
1255.95
1276.44
1298.02
1325.86
1362.12
1405.25
1457.7
1514.75
1578.09
1662.09
1774.58
1893.5
2021.38
2172.51
2356.23
2549.31
2755.61
2973.73
3208.7
3466.23
3756.15
4064.11
4398.18
4728.6
5053.68
5402.09
5784.81
6157.24
6514.39
6876.3
7245.34
7621.55
8008.57
8371.57
8698.05
9035.3
9389.05
9718.23
10009.4
10300.8
10592.4
10868.6
11120.6
11362.9
11590.1
11833.2
12101.7
12371.7
12643.8
12900.9
13133.7
13388.2
13678.2
13961.2
14232.5
14535.1
14889.9
15215.7
15493.1
15798.1
16150.2
16496
16831.3
17178.6
17546.5
17893.7
18204.7
18517.1
18832
19142.1
19443.8
19742
20033.9
20347.6
20700.6
21041.7
21361.5
21664.4
21936.5
22237.6
22592.2
22914.2
23175.6
23469.2
23823.2
24131.7
24354
24573.6
24788.1
25012.3
25255.5
25500.9
25750.8
25982
26176.6
26388.6
26635
26821.3
26887.9
26976.8
27110.5
27221.8
27288
27345.9
27387.1
27455.5
27580.2
27662
27654.5
27644
27627.3
27613.3
27604.8
27609.6
27643
27637.3
27547.4
27483.3
27475.4
27457.6
27417.8
27352
27228.4
27121.2
27050.8
26948.2
26773
26596.6
26417.3
26234.6
26043.5
25871.1
25741.8
25605.1
25451
25301.9
25164.7
25032
24910.2
24808
24753.6
24716.6
24722.1
24733.7
24760.5
24802
24880.1
24954.9
25021.4
25103.4
25224.9
25381.1
25626
25826.9
25913.9
26040
26267.7
26507.9
26780.8
27028
27207.5
27389.7
27579.4
27784.6
28032
28289.8
28576
28839.6
29041
29249
29476.1
29692.8
29880
30055.1
30195.8
30315.4
30374.4
30426.3
30457
30497.2
30564.8
30609.6
30586.6
30563.4
30539.3
30504.2
30435.7
30367.7
30301.6
30245.7
30221.5
30166.7
30015.7
29880.7
29796.3
29691.8
29523.1
29364.2
29237
29119.1
29031.7
28931.9
28791
28664.2
28584.1
28497
28385.8
28281.7
28201.9
28113.8
27997.2
27881.2
27767
27653
27539.5
27436.5
27371.3
27308.1
27252.4
27222.3
27286.2
27306.3
27163.7
27041.5
26995.6
26953.9
26928.5
26896.4
26838.6
26777.6
26704.6
26633.8
26571.5
26520.8
26515.9
26497.9
26426.9
26350.7
26252.9
26161.9
26099.1
26036.7
25976.3
25908.9
25812.4
25722.9
25663.5
25593
25474.5
25358
25250.2
25136.7
24997.9
24864.8
24758
24646.6
24513.7
24376.1
24216.4
24058
23905.2
23739.5
23511.9
23294.7
23127.2
22948.4
22713.5
22490.6
22327.4
22164.8
22005.7
21838.4
21629.4
21431.6
21291.7
21153.8
21026.4
20888.3
20693.4
20508.6
20378
20241.9
20076.2
19920.2
19818.7
19710.1
19561.2
19414.5
19280.3
19153.5
19070.4
18976.3
18815.8
18667.9
18595.4
18515.8
18393.5
18277.4
18200.8
18114
17963
17825.1
17772.4
17716.4
17639.7
17568.6
17534.9
17491.8
17384.1
17289.1
17282.3
17272.3
17239.1
17210.3
17212.8
17213.5
17201.4
17185.3
17139.1
17104
17154
17200
17215.6
17224.5
17181.5
17144.1
17152.1
17160.2
17169.7
17179.4
17190.6
17195.8
17150
17106.9
17086.1
17065.2
17043.5
17025.2
17037.9
17053
17090.6
17123.1
17107.7
17096.6
17126.2
17153.4
17155.9
17159.5
17174.7
17184.5
17137
17091
17061.1
17029.4
16979
16924.6
16823.4
16723.9
16644.6
16563.8
16466
16364.5
16217.8
16072.4
15944.6
15819.8
15733.9
15644.2
15503.8
15364.2
15237.5
15112.5
15010.7
14910.7
14837.9
14758.3
14575.4
14400.6
14354.2
14304.6
14204.4
14103.1
13983.3
13865.3
13777.4
13687.7
13563.2
13439.3
13326.1
13212.4
13087.3
12961.5
12820.4
12680.9
12575.1
12467.6
12321.6
12176.3
12051
11923.2
11734.7
11548
11411.1
11273.7
11125.7
10978.2
10848.3
10717.1
10542.5
10368.1
10203.2
10038.7
9893.6
9748.24
9594.79
9440.94
9269.81
9099.62
8974.24
8849.23
8743.84
8637.92
8501.56
8365.6
8257.11
8148.32
8016.75
7885.41
7775.12
7664.43
7509.48
7354.47
7190.93
7027.11
6806.03
6584.85
6330.79
6076.72
5803.39
5530.06
