-4.18999
17.9883
40.1665
44.8883
49.5837
48.2062
46.8076
47.6942
48.5933
39.8735
31.0822
35.1567
39.3525
36.1405
32.8437
38.616
44.5102
39.9761
35.2807
38.3419
41.5388
42.1879
42.7873
35.4655
27.9728
35.1198
42.6125
40.0727
37.2755
33.9922
30.6954
37.4877
44.5808
40.9274
36.9313
35.4473
34.0487
30.4323
26.7359
32.7585
39.1523
42.6651
46.0617
41.7915
37.196
40.5387
44.235
42.3002
40.1024
35.4281
30.6328
25.2671
19.8724
25.9554
32.6488
34.3252
35.7239
39.2952
42.9916
38.9578
34.4623
38.4333
42.9289
38.6938
33.8985
35.7547
38.0524
35.7693
33.1719
33.8396
34.7387
29.7729
24.3781
26.3225
28.82
32.43
36.1264
36.1225
35.8228
32.4768
28.8803
32.1004
35.8967
36.9353
37.7346
38.2586
38.7581
32.3014
25.2084
29.6233
35.1179
30.4963
24.9018
26.8554
29.5528
33.4298
37.4259
40.1543
42.7517
43.8132
44.7123
42.2756
39.4783
38.1204
36.9216
39.3135
42.1107
37.2944
31.6
32.5194
34.2177
34.6675
34.9672
33.8432
32.5445
31.4233
30.3244
33.1235
36.4203
37.3304
37.9298
39.0584
40.2572
37.7598
34.7628
34.7512
35.1508
35.1124
35.0125
35.7867
36.6859
38.1083
39.6068
37.5373
34.9399
36.4234
38.5214
41.2257
44.023
42.4983
40.3005
36.464
32.368
37.4791
44.0726
39.9348
34.0405
39.0246
45.8179
40.8178
33.8247
32.8853
32.9852
39.5502
47.2427
48.5697
48.7695
44.8202
40.1248
41.0896
43.0876
46.8557
50.9517
47.2273
42.0324
48.4987
57.1902
56.926
54.928
51.5939
47.9974
50.3157
53.8123
57.0595
60.2564
62.5412
64.6391
63.5938
61.8954
60.2796
58.6812
58.9763
59.6756
59.1429
58.3437
67.6226
79.1113
77.0313
71.9362
75.4849
80.9795
81.1865
80.1875
77.5654
74.5683
80.8004
89.1921
89.3463
87.548
89.6169
92.614
95.6111
98.6081
103.69
109.284
110.24
110.04
113.111
117.008
113.741
108.646
112.125
117.82
121.138
123.836
125.269
126.368
132.116
139.109
135.255
128.461
133.273
141.265
145.268
148.165
151.609
155.205
155.455
154.756
155.687
157.085
161.194
166.089
168.204
169.503
175.039
181.832
184.399
185.698
183.394
179.997
179.276
179.376
184.433
191.026
193.969
195.767
197.565
199.364
199.876
199.975
200.604
201.403
201.75
201.95
205.979
211.274
214.921
218.018
216.41
213.213
210.686
208.389
216.79
228.878
234.445
237.742
237.861
236.862
244.34
254.829
256.865
255.866
263.739
274.828
281.895
287.489
294.105
301.098
305.909
309.905
312.958
315.656
327.975
343.959
355.182
364.572
372.596
380.089
387.079
393.873
409.038
427.52
438.509
446.501
462.179
480.961
498.465
515.449
526.416
534.908
552.081
572.86
589.135
603.521
617.486
631.272
643.379
654.768
670.694
688.576
708.547
729.426
743.643
754.932
775.772
800.847
825.922
850.998
869.26
884.445
902.581
922.062
946.128
972.302
993.632
1012.71
1036.76
1063.13
1091.61
1121.08
1148.52
1175
1188.66
1196.15
1218.98
1249.25
1272.95
1293.43
1312.03
1329.72
1340.13
1346.93
1351.59
1355.19
1375.02
1403.09
1418.22
1426.71
1433.16
1438.55
1441.98
1444.37
1456.46
1473.65
1477.05
1473.16
1474.08
1477.57
1480.68
1483.58
1480.46
1474.06
1480.83
1494.82
1498.96
1497.66
1502.71
1511.3
1509.6
1502.11
1499.46
1499.56
1506.71
1517.9
1523.33
1525.43
1517.42
1503.54
1510.42
1529.5
1531.01
1522.12
1524.37
1533.26
1534.29
1530.6
1534.11
1542
1550.76
1560.05
1566.5
1571.2
1573.92
1575.42
1577.04
1578.74
1589
1604.69
1605.49
1596.8
1604.52
1622.81
1631.03
1632.73
1636.06
1640.45
1632.33
1615.94
1621.28
1641.06
1627.11
1590.54
1565.9
1549.32
1559.18
1587.05
1591.29
1579.3
1566.25
1552.47
1548.86
1552.35
1554.44
1555.54
1555.71
1555.21
1551.04
1544.24
1548.48
1560.67
1561.69
1554.6
1551.31
1550.81
1548.99
1546.19
1546.2
1548.3
1553.76
1561.76
1560.59
1552.5
1545.14
1538.35
1539.01
1545.41
1548.37
1548.67
1554.18
1563.77
1571.13
1576.72
1573.46
1563.17
1561.93
1567.92
1570.65
1570.75
1562.2
1546.62
1540.92
1543.31
1543.91
1543.01
1532.51
1514.03
1505.98
1506.68
1503.91
1498.22
1493.87
1490.68
1485.87
1479.67
1479.32
1484.01
1483.48
1478.38
1476.53
1477.53
1474.72
1468.52
1461.8
1454.61
1451.2
1451.2
1443.55
1428.97
1427.84
1439.03
1439.56
1430.27
1430.2
1438.69
1432.89
1413.71
1406.81
1411.51
1406.94
1393.55
1396.69
1415.67
1419.26
1407.97
1406.04
1413.24
1420.53
1427.92
1423.41
1407.13
1406.2
1420.59
1426.95
1425.25
1425.44
1427.54
1433.44
1443.23
1442.39
1430.6
1417.34
1402.55
1399.98
1410.17
1416.13
1417.63
1428.38
1448.96
1458.44
1456.04
1453.45
1450.66
1450.3
1452.6
1455.71
1459.7
1466.02
1474.92
1478.37
1475.77
1473.13
1470.43
1465.06
1456.67
1450.28
1446.19
1443.95
1443.85
1433.84
1412.36
1399.19
1395.69
1386.09
1369.3
1357.59
1351.9
1339.19
1318.11
1305.51
1303.11
1296.11
1283.53
1274.31
1269.21
1268.14
1272.04
1269.66
1259.47
1254.42
1255.82
1253.16
1245.36
1245.7
1256.39
1261.35
1258.95
1259.69
1264.49
1268.76
1272.36
1281.35
1297.43
1301.44
1289.45
1284.7
1289.59
1304.37
1332.44
1354.32
1367.81
1382.65
1399.33
1416.47
1434.26
1453.71
1475.49
1490.9
1497.4
1512.3
1539.07
1567.2
1597.27
1632.39
1674.75
1716.29
1756.65
1794.74
1829.5
1864.07
1898.33
1933.16
1968.83
2012.22
2067.17
2112.47
2143.24
2178.25
2219.71
2265.2
2316.85
2370.1
2425.85
2475.89
2517.05
2557.94
2598.4
2640.72
2685.97
2729
2768.46
2807.84
2847.1
2891.51
2944.25
2997.34
3050.99
3101.13
3145.49
3193.41
3247.26
3311.88
3394.6
3466.78
3521.13
3584.04
3661.56
3737.99
3812.51
3886.24
3958.57
4028.32
4093.55
4158.21
4221.85
4294.11
4381.72
4462.76
4531.99
4602.54
4675.47
4747.76
4818.89
4881.76
4929.42
4987.66
5065.58
5137.01
5196.25
5257.22
5321.46
5384.39
5444.83
5502.74
5555.79
5604.35
5644.21
5688.53
5741.58
5787.71
5820.18
5853.48
5888.45
5922.25
5953.72
5984.73
6014.8
6040.57
6057.56
6067.56
6063.17
6061.33
6064.83
6071.55
6085.03
6091.77
6084.17
6078.94
6078.74
6085.49
6107.27
6107.93
6062.58
6039.83
6066.8
6076.37
6047.3
6021.96
6004.97
5980.94
5940.98
5912.26
5909.16
5892.69
5845.44
5797.31
5747.16
5705.52
5683.84
5657.65
5620.79
5585.96
5555.99
5532.81
5526.02
5520.15
5516.56
5508.51
5489.53
5483
5507.37
5532.8
5560.88
5590.08
5622.15
5649.78
5666.06
5694.73
5755.38
5801.69
5810.68
5830.57
5879.12
5931.61
5994.54
6050.35
6087.02
6126.45
6173.41
6223.22
6280.86
6337.31
6390.46
6441.69
6487.54
6531.28
6569.04
6604.55
6633.62
6659.27
6675.05
6690.48
6704.86
6717.22
6723.62
6728.9
6730.9
6732.67
6733.77
6735.61
6739.71
6735.94
6708.07
6687.56
6689.86
6680.35
6633.9
6593.99
6574.81
6558.44
6551.05
6538.01
6506.74
6474
6436.44
6398.71
6360.45
6327.25
6310.96
6296.39
6287.6
6269.79
6221.13
6181.2
6171.41
6160.82
6147.43
6132.48
6112
6090.63
6066.05
6047.04
6048.14
6042.59
6012.72
5986.42
5973.33
5968.32
5993.6
6004.97
5963.61
5926.73
5907.05
5888.98
5877.2
5864.92
5850.74
5840.08
5843.48
5841.63
5818.65
5799.29
5794.7
5783.97
5747.9
5719.86
5725.35
5725.26
5701.48
5677.23
5650.96
5622.34
5583.58
5552.05
5552.35
5543.48
5493.73
5449.59
5430.81
5412.59
5396.9
5375.62
5328.36
5283.62
5250.65
5214.94
5166.19
5120.74
5091.27
5056.89
4998.45
4949
4944.2
4934.09
4897.23
4858.55
4810.6
4764.37
4727.11
4691.36
4663.59
4629.91
4564.67
4508.63
4502.44
4488.45
4431.61
4380.7
4362.92
4341.73
4301.27
4265.78
4258.89
4248.74
4219.57
4188.5
4146.14
4106.68
4084.7
4063.31
4045.52
4026.73
4001.66
3975.67
3943.9
3915.57
3909.37
3902.72
3893.03
3879.33
3838.86
3802.6
3794.81
3787.71
3785.41
3782.14
3772.05
3760.41
3737.63
3718.09
3722.19
3726.45
3731.95
3736.87
3737.47
3737.93
3737.33
3735.81
3727.02
3720.07
3727.97
3734.38
3728.69
3724.93
3737.42
3746.23
3723.65
3702.95
3698.55
3692.21
3668.53
3649.06
3667.84
3686.01
3698.5
3709.4
3705.2
3702.77
3717.45
3731.02
3733.42
3734.39
3720.8
3706.32
3682.55
3661.41
3668.61
3674.33
3663.94
3654.08
3650.19
3644.77
3621.8
3598.35
3569.28
3539.56
3501.89
3466.99
3466.89
3463.79
3421.73
3380.52
3350.65
3320.6
3288.13
3256.49
3236.51
3216.76
3200.37
3184.41
3174.92
3163.94
3129.47
3095.58
3071.11
3046.44
3018.57
2992.43
2996.73
2999.08
2966.01
2933.19
2904.91
2876.83
2852.56
2828.41
2806.93
2785
2753.33
2721.98
2697.91
2672.92
2626.17
2579.85
2544.48
2509.93
2497.04
2483.32
2446.06
2408.51
2362.56
2317.08
2286.81
2256.48
2224.01
2191.39
2153.43
2115.64
2084.67
2053.66
2021.1
1988.49
1954.23
1920.08
1892.1
1864.25
1843.57
1822.92
1803.94
1784.68
1744.22
1703.92
1677.64
1651.25
1611.28
1571.47
1553.29
1534.94
1483.3
1431.66
1386.01
1340.35
1289.5
1238.65
