110.601
113.498
116.396
115.203
114.004
113.602
113.202
113.101
113.001
107.546
102.051
108.532
115.125
113.916
112.617
113.29
113.989
110.852
107.655
112.215
116.91
108.083
98.9918
105.254
111.848
111.707
111.407
107.796
104.1
105.555
107.154
112.244
117.439
113.921
110.125
111.449
112.948
109.722
106.325
106.296
106.396
111.394
116.588
114.5
112.102
104.636
96.9432
101.086
105.781
104
101.902
114.727
128.314
118.85
108.161
107.884
108.184
106.783
105.284
102.937
100.54
103.316
106.413
104.065
101.368
107.477
114.17
105.999
96.8082
103.85
112.042
111.483
110.284
108.063
105.765
104.487
103.289
107.918
113.013
103.799
93.4097
90.1128
87.4155
93.0829
99.4766
101.926
104.024
105.664
107.263
104.477
101.28
100.453
99.8537
106.439
113.731
105.87
96.4791
101.123
107.217
105.902
103.804
100.444
96.9479
98.939
101.536
97.8502
93.4545
94.7018
96.6
95.9956
95.0965
101.421
108.614
109.133
108.833
106.491
103.894
101.917
100.018
103.071
106.767
106.141
104.943
107
109.498
106.814
103.418
102.124
101.125
105.633
110.928
111.425
111.226
111.374
111.574
112.642
113.841
115.559
117.358
117.081
116.482
114.33
111.932
110.051
108.253
111.262
115.059
115.086
114.487
118.673
123.668
129.175
134.769
133.728
131.531
134.255
137.852
136.791
134.893
140.26
146.954
145.218
141.922
142.829
144.528
152.518
161.709
154.83
144.84
151.884
162.274
165.333
166.931
164.457
161.16
165.906
172.3
176.378
179.974
187.862
196.653
198.282
198.382
197.825
197.126
203.145
210.638
211.182
210.183
219.377
230.866
226.248
217.956
230.52
247.903
258.243
266.935
275.868
284.86
291.031
296.526
301.779
306.974
310.886
314.483
320.398
326.892
332.508
337.903
346.322
355.513
362.64
369.233
371.867
373.465
386.44
402.424
408.479
411.876
417.945
424.739
427.298
428.696
433.615
439.509
441.034
441.334
458.521
480.5
485.71
486.11
491.31
497.904
508.977
521.365
534.832
548.618
552.261
552.86
557.599
563.593
575.78
589.866
597.775
603.77
609.231
614.526
613.676
610.878
615.648
622.841
628.147
632.843
642.431
653.62
656.325
656.225
658.072
660.57
661.2
661.2
679.153
703.23
712
715.497
732.258
753.637
757.648
755.55
772.912
797.188
816.245
833.428
860.803
891.872
910.511
924.597
942.475
961.756
982.274
1003.25
1040.41
1083.67
1121.35
1156.92
1179.28
1196.56
1230.68
1271.34
1313.65
1356.61
1400.86
1445.61
1491.94
1538.89
1579.16
1616.72
1676
1744.14
1797.97
1845.92
1895.85
1946.6
2009.95
2078.59
2137.46
2192.21
2262.35
2339.08
2407.57
2472.5
2548.92
2630.34
2707.67
2783.2
2881.98
2991.07
3083.88
3169.39
3254.98
3340.59
3437.19
3538.79
3637.31
3734.41
3837.59
3943.59
4043.6
4140.8
4256.73
4381.51
4482.54
4572.26
4666.62
4763.23
4849.41
4930.53
5013.19
5096.61
5169.26
5236.6
5292.2
5341.95
5391.37
5440.62
5497.82
5559.06
5613.76
5665.11
5704.08
5736.64
5750.95
5755.75
5771.28
5792.46
5818.86
5848.04
5871.67
5892.35
5899.66
5899.76
5913.26
5934.04
5935.85
5927.26
5914.87
5900.39
5890.58
5883.39
5891.86
5909.14
5918.39
5923.09
5944.05
5974.32
5979
5968.91
5958.25
5947.26
5947.35
5953.95
5962.23
5971.53
5957.55
5929.67
5941.15
5976.31
5994.14
6001.43
6010.33
6020.22
6036.66
6057.14
6084.83
6116.99
6132.35
6137.14
6150.99
6170.57
6189.36
6207.64
6214.62
6214.32
6189.9
6149.84
6141.85
6154.84
6129.11
6077.86
6024.93
5970.89
5928.56
5894.1
5860.64
5827.88
5774.25
5706.42
5701.25
5739.11
5716.64
5652.41
5634.18
5648.06
5641.72
5621.14
5596.64
5569.37
5571.4
5594.37
5583.04
5546.98
5535.1
5540.79
5542.68
5541.78
5529.27
5508.19
5492.79
5481.6
5478.74
5482.14
5493.95
5512.13
5527.48
5540.67
5543.74
5539.05
5538.29
5540.59
5557.14
5584.81
5568.49
5517.54
5509.26
5534.83
5537.76
5522.58
5505.57
5487.08
5468.66
5450.28
5422.39
5386.73
5360.58
5342.3
5313.17
5275.01
5250.75
5238.17
5223.79
5207.91
5174.65
5126.6
5093.49
5073.21
5050.2
5024.82
5013.69
5014.99
5005.02
4985.14
4957.32
4922.45
4913.81
4928.59
4920.46
4891.69
4868.05
4849.07
4829.46
4809.28
4798.25
4795.65
4789.38
4779.69
4762
4736.82
4723.67
4721.88
4723.56
4728.55
4729.37
4726.17
4737.3
4762.28
4774.4
4774
4768.45
4757.87
4747.33
4736.84
4736.3
4745.69
4746.71
4739.32
4723.59
4699.41
4690.96
4698.55
4693.73
4676.15
4674.31
4688.8
4688.14
4671.66
4664.17
4666.17
4676.5
4695.68
4703.23
4698.34
4686.23
4666.35
4663.23
4678.31
4690.35
4699.04
4702.79
4701.09
4711.64
4735.82
4726.52
4679.66
4651.84
4645.55
4622.73
4581.07
4552.61
4539.33
4507.57
4454.42
4401.55
4349
4294.84
4238.8
4195.28
4166.61
4138.25
4110.28
4076.1
4034.44
3995.44
3959.68
3940.58
3941.88
3934.05
3914.97
3902.8
3899.2
3887.22
3864.74
3841.78
3818.2
3814.41
3835.78
3848.02
3848.52
3853.2
3863.29
3885.13
3922.3
3949.83
3964.72
3975.18
3979.77
4001.74
4046.89
4093.41
4141.76
4185.33
4222.39
4278.61
4361.03
4432.19
4487.84
4548.58
4616.42
4704.72
4821.7
4940.06
5060.34
5171.43
5269.43
5388.28
5537.03
5687.01
5838.76
6006.31
6196.93
6387.5
6578.01
6769.53
6962.54
7167.61
7390.69
7613.57
7836.15
8044.82
8232.33
8448.33
8707.98
8944.31
9144.61
9340.15
9528.27
9719.96
9917.26
10127
10356.5
10557.8
10714.1
10906.9
11158.4
11395.8
11610.5
11838.5
12088.4
12351.7
12637.1
12933.6
13248.7
13561.4
13869.9
14192.1
14537.4
14869.1
15177.4
15504.3
15863.1
16199.5
16497
16794.2
17090.7
17415.2
17789
18119.4
18372.3
18655.2
18991.9
19313.6
19608.1
19926.4
20288.2
20623.6
20910.1
21219.4
21570.9
21894.4
22165.2
22448.1
22753.7
23035.7
23272.7
23515.8
23770.7
24023.6
24272.5
24498.1
24678.3
24848.2
24997.5
25133.9
25244.4
25382.9
25577.7
25736.6
25822.6
25892.7
25930.3
25983.5
26068.9
26140.2
26182.3
26193.2
26138.7
26116.9
26164.8
26188.1
26159.1
26146
26167.6
26178.2
26164.9
26146.4
26116.5
26042.3
25869.9
25723.1
25633.5
25520
25352.3
25189.9
25039.2
24885.8
24725.8
24564.8
24401.4
24233.5
24055.2
23894.7
23776.5
23660.5
23549.5
23469.9
23466.3
23443.6
23374.2
23329.4
23345.4
23375
23438.3
23518.2
23639.5
23774.2
23943
24108.5
24265.5
24443.5
24676
24884
25028.4
25191.2
25402.7
25618.1
25843.8
26066.7
26282.4
26504.6
26744.2
26977.3
27192.2
27394.4
27561.8
27755.2
28021.5
28260.6
28422.5
28564
28647.2
28732.3
28823
28909.2
28983
29038.7
29041.5
29049.3
29071.9
29075.9
29024.4
28975.4
28934.1
28886.9
28821.7
28755.7
28687.5
28617.8
28543.2
28453.2
28314.3
28163.8
27976.7
27800.7
27660.4
27528.4
27423.5
27307
27151.8
27018.4
26957.8
26885.2
26772.2
26667.9
26593
26513.8
26419.3
26325
26231.5
26133.1
26017.8
25925.1
25913.6
25887.9
25811
25726.3
25613.1
25522.6
25516.2
25495
25418.2
25361
25378.2
25383
25340.6
25285.4
25180.9
25091.3
25060.5
25014.7
24909.6
24813
24751
24690.2
24634.2
24580.3
24534.5
24488.8
24443.2
24387.3
24287.5
24195.7
24137.9
24069.6
23955.5
23843.9
23743.2
23630.8
23466.3
23311
23197.6
23079.9
22942.1
22797.8
22623.4
22455.4
22317.2
22171.2
21987.9
21808.5
21648.1
21478.8
21265.7
21063
20912.8
20756.2
20568
20384.9
20227.6
20068.2
19897.7
19729.9
19576.9
19425.3
19281.7
19143.1
19031.9
18911.6
18741.4
18574.5
18426.2
18284.2
18177.8
18073.8
17982.9
17884
17737.8
17598.6
17501.7
17402.5
17289
17178.6
17087.1
16994.8
16898.1
16800.7
16699.1
16605.2
16561
16508.2
16399.1
16302
16285
16264.4
16219.3
16168.1
16073.9
15986.7
15949.2
15912.6
15883.7
15855.9
15837.1
15821.4
15828.5
15835.1
15837.5
15842.9
15871.8
15893.9
15863.4
15834.8
15822.2
15812.3
15824.3
15833.2
15816.9
15803.4
15814.8
15823.4
15807.6
15788.4
15738.7
15696.5
15721.7
15745.8
15760
15774.4
15791.5
15810
15842
15868
15832.7
15796.9
15755.2
15717.4
15720.1
15714.8
15623.4
15534.1
15467.6
15398.3
15296.8
15198.5
15137.2
15071.5
14954.5
14838.8
14738.6
14635.4
14493.4
14356.8
14290.1
14220.9
14118.5
14016.2
13916.5
13812.2
13641.1
13477.3
13418.7
13356.9
13245.6
13137.9
13085.4
13030.3
12932
12833.5
12732.2
12627.8
12468.6
12313.8
12241.8
12169.3
12087.8
12004.2
11879.7
11755.7
11641.6
11527.4
11410.8
11292.8
11145.9
10999
10849.7
10702.7
10612.6
10518.8
10326
10135.4
10007.4
9879.39
9749.32
9617.56
9431.94
9247.99
9121.11
8993.9
8854.24
8714.47
8570.71
8427.6
8312.41
8197.02
8071.64
7946.75
7847.34
7747.39
7615.22
7483.21
7361.83
7240.62
7132.42
7024.19
6912
6799.79
6686
6571.98
6423.42
6274.64
6079.43
5884.06
5633.7
5383.36
5141.49
4899.63
