37.2031
43.9964
50.7897
51.3985
51.9979
48.6151
45.2184
45.1006
45.0007
38.8518
32.6579
41.804
51.0949
47.8417
44.445
45.8786
47.3772
48.6789
49.9777
45.4835
40.888
42.2698
43.7684
41.7463
39.6484
42.4303
45.3275
47.1532
48.9515
45.4034
41.707
38.9807
36.2833
39.5885
43.0851
45.8087
48.5061
43.4896
38.1947
39.3472
40.7458
42.2405
43.739
44.4708
45.1702
44.9131
44.6134
44.9818
45.3814
43.5903
41.6921
38.5583
35.3614
38.7097
42.4061
39.8548
36.9577
39.5395
42.4366
43.5427
44.5417
44.5059
44.406
43.5551
42.656
47.1904
52.0856
47.5387
42.3438
46.8511
52.046
47.6521
42.5571
43.129
44.128
40.6773
36.881
41.8729
47.5673
44.0306
39.7348
40.6896
42.0882
41.005
39.7063
41.6179
43.8158
44.6407
45.34
49.1446
53.2406
46.5824
38.89
37.0177
35.719
38.4131
41.5101
44.0637
46.5613
47.5228
48.322
47.1378
45.7391
40.742
35.3473
38.9293
43.5248
42.3877
40.5895
38.5231
36.4252
41.194
46.7886
45.4423
43.2445
40.07
36.7732
41.4497
47.1442
44.4409
40.6446
39.8472
39.4476
39.928
40.5274
41.2147
41.914
41.3867
40.6874
39.2013
37.6029
40.6272
44.3236
44.974
45.1738
49.1073
53.6029
47.0093
38.7175
40.7982
44.4946
45.7762
46.6753
42.9279
38.4323
35.3962
32.5989
38.8811
46.6735
51.2184
55.2145
49.1494
41.357
43.0072
46.304
43.9992
40.7024
45.704
52.1976
51.8483
50.2499
50.6743
51.4735
51.2636
50.864
47.0248
42.5292
43.725
46.0228
48.404
50.8017
48.7008
45.7037
48.192
51.7884
51.8196
51.1203
58.0311
66.5228
64.2039
59.6084
55.6716
51.8753
52.5141
54.1125
55.1374
56.0365
60.2052
65.1004
63.7983
61.1009
61.6575
62.9562
61.5769
59.5789
65.5146
73.307
70.0351
64.1409
66.6254
71.121
71.2767
70.3775
70.6009
71.1004
72.7995
74.7976
76.6361
78.4343
76.6512
73.9538
74.5908
76.0894
80.9141
86.6085
87.405
86.9055
92.1586
98.9519
92.4606
82.3705
88.9821
100.171
101.74
100.641
96.2649
90.9701
93.0686
97.2645
103.168
109.562
111.542
112.241
109.928
106.731
108.927
112.724
115.444
117.842
121.619
125.815
125.347
123.449
123.305
123.705
124.713
125.911
125.896
125.497
125.551
125.751
127.158
128.957
129.099
128.699
129.876
131.575
132.225
132.524
132.077
131.378
134.776
139.571
142.509
144.807
144.659
143.66
145.248
147.745
156.508
167.498
164.96
157.567
160.219
166.513
172.514
178.409
181.24
182.938
183.473
183.573
190.273
199.464
206.919
213.713
221.732
230.224
235.55
239.646
246.469
254.361
260.321
265.516
273.922
283.613
294.513
305.902
310.052
311.25
317.616
326.108
334.246
342.239
352.201
362.991
373.149
383.039
391.179
398.572
412.456
429.14
443.387
456.574
470.941
485.827
497.736
508.326
516.431
523.424
537.368
554.451
564.878
572.271
588.491
608.771
622.228
632.518
642.603
652.594
669.978
690.858
703.214
711.506
726.003
743.486
755.522
764.912
779.936
797.719
811.021
822.111
833.533
845.122
844.281
837.188
841.295
851.085
859.554
867.346
872.438
876.134
880.881
886.176
885.118
880.723
886.643
898.032
899.526
895.73
895.244
896.542
897.388
897.988
898.2
898.2
899.679
901.977
911.777
925.763
921.083
905.898
896.321
889.928
894.271
904.761
901.886
891.297
893.461
903.052
910.251
916.045
915.062
910.067
908.825
909.824
919.304
933.89
933.246
923.356
915.2
908.107
917.136
936.118
942.969
942.27
943.166
945.064
942.863
938.068
944.494
958.081
962.002
959.704
956.134
951.738
936.893
915.214
907.443
908.841
911.8
915.796
912.136
903.345
897.415
893.419
894.296
898.491
895.817
888.424
883.452
880.155
879.094
879.594
878.92
877.422
872.475
865.082
860.951
859.153
859.909
862.507
860.36
854.765
855.283
860.278
860.791
857.994
859.033
862.93
863.173
860.676
859.259
858.659
861.347
866.542
866.258
861.762
863.29
869.484
867.039
857.848
855.812
859.409
858.716
854.62
852.744
852.644
853.872
856.17
850.145
837.358
833.687
837.483
832.852
821.263
812.074
804.881
807.576
818.566
823.979
824.678
820.631
812.539
805.575
799.581
797.175
797.874
794.892
788.698
788.192
792.688
788.233
775.845
771.477
774.275
777.966
782.461
780.41
772.418
770.217
773.314
771.577
765.383
768.355
779.844
778.487
765.1
754.334
746.042
745.993
753.786
756.274
753.676
757.938
768.827
774.706
775.705
773.225
767.331
761.788
756.594
756.601
761.796
763.403
761.405
760.152
759.652
757.175
752.68
749.366
747.268
743.453
737.859
739.738
749.429
751.87
746.675
747.101
753.495
753.47
746.577
740.549
735.454
739.597
753.784
761.867
763.266
768.036
776.527
773.576
757.892
751.436
755.332
751.96
740.372
736.068
740.064
740.107
735.612
731.903
729.106
723.127
713.437
705.537
699.743
694.497
689.901
683.257
674.166
666.299
659.905
655.407
653.209
650.697
647.8
644.321
640.125
639.003
641.7
636.681
621.995
619.584
632.671
638.593
635.396
633.775
634.175
633.703
632.104
633.368
638.363
641.675
642.774
646.236
652.83
659.808
667.301
673.048
676.444
686.708
706.289
720.258
726.552
738.473
758.154
767.844
763.648
770.353
792.332
808.678
817.07
832.015
856.291
879.05
899.629
923.434
951.906
978.185
1001.26
1024.99
1049.66
1073.85
1097.33
1124.25
1156.32
1192.41
1234.57
1263.57
1272.56
1289.87
1319.94
1343.97
1358.66
1378.26
1405.54
1429.39
1447.87
1464.5
1478.18
1503.76
1548.31
1589.58
1625.54
1655.99
1677.47
1698.6
1719.18
1745.38
1780.84
1818
1857.96
1897.36
1935.82
1971.13
2001.1
2039.49
2092.23
2146.01
2201.56
2247.97
2278.54
2308.93
2339
2376.55
2427.3
2466.45
2484.93
2513.13
2558.78
2601.81
2640.07
2684.8
2741.35
2781.72
2792.31
2818.67
2874.31
2918.87
2942.65
2970.61
3006.47
3038.59
3063.56
3092.57
3129.34
3162.43
3188.41
3213.4
3236.48
3252.54
3254.74
3264.88
3290.85
3307.57
3305.67
3320.07
3367.52
3395.53
3383.74
3375.73
3375.53
3377.31
3383.21
3381.63
3364.34
3358.36
3376.34
3386.34
3379.25
3377.06
3385.45
3385.67
3368.09
3350.75
3333.97
3321.1
3316.9
3308.02
3288.64
3270.14
3253.66
3232.76
3201.79
3175.21
3158.72
3137.52
3105.35
3078.26
3063.08
3052.61
3053.31
3047.46
3025.98
3013.49
3022.68
3025.39
3012.3
3003.98
3007.38
3012.87
3023.56
3034.76
3047.25
3064.18
3092.35
3119.68
3144.85
3163.31
3164.4
3175.12
3210.88
3245.27
3276.04
3306.65
3336.82
3368.32
3403.38
3436.27
3463.24
3490.4
3518.08
3545.08
3570.26
3596.67
3626.54
3656.39
3686.16
3712.69
3729.97
3739.19
3725.21
3719.76
3739.14
3758.11
3775.89
3786.15
3774.07
3766.9
3774.49
3777.7
3767.61
3758.6
3752.9
3744.06
3725.48
3708.4
3696.01
3680.36
3654.39
3629.82
3609.74
3590.15
3572.17
3559.92
3566.41
3565.76
3541.48
3520.96
3512.97
3504.4
3493.91
3482.09
3465.71
3447.86
3424.99
3404.24
3390.96
3385.75
3409.13
3420.63
3389.66
3364.4
3359.81
3351.4
3329.02
3313.33
3322.42
3331.28
3339.28
3338.38
3303.82
3278.69
3289.78
3291.89
3259.12
3235.65
3248.74
3253.8
3226.93
3203.69
3195.1
3190.17
3200.16
3208.51
3210.11
3209.53
3199.84
3186.92
3160.35
3139.01
3140.11
3138.94
3127.95
3116.63
3103.84
3087.34
3054.27
3027.8
3031.09
3030.31
3010.82
2988.53
2953.16
2919.35
2892.88
2869.25
2859.16
2845.37
2813.7
2782.89
2756.32
2729.8
2703.52
2678.26
2658.08
2636.6
2608.53
2582.69
2568.4
2551.96
2524.19
2500.34
2497.44
2487.71
2440.96
2401.51
2402.21
2400.57
2385.88
2369.82
2345.94
2325.54
2325.14
2324.64
2323.54
2317.62
2283.05
2252.46
2245.87
2239.58
2235.19
2229.19
2213.21
2197.15
2180.67
2166.44
2166.74
2164.43
2145.05
2126.74
2115.55
2104.32
2092.84
2083.32
2087.41
2090.22
2083.92
2079.94
2092.53
2102.41
2092.52
2083.94
2085.14
2085.56
2080.06
2074.87
2071.97
2067.9
2054.61
2042.93
2044.13
2047.38
2067.46
2084.09
2071.8
2060.91
2062.01
2061.46
2046.47
2033.18
2034.98
2036.54
2035.94
2038.02
2064.99
2087.76
2070.47
2054.46
2050.87
2047.75
2049.45
2051.08
2051.98
2051.33
2034.44
2019.71
2028.11
2033.92
2011.34
1989.42
1974.93
1961.54
1960.84
1959.46
1949.87
1939.69
1922.3
1904.66
1883.78
1863.96
1857.76
1850.16
1823.79
1798.69
1791.2
1784.32
1786.12
1787.24
1778.45
1769.07
1750.79
1732.25
1709.78
1687.79
1673.8
1660.25
1654.06
1647.1
1626.72
1606.62
1591.53
1576.33
1558.95
1541.76
1528.37
1514.76
1496.47
1478
1455.42
1433.02
1414.54
1395.98
1375.7
1355.43
1335.25
1315.59
1309.69
1303.17
1279.1
1255.14
1234.76
1214.63
1202.54
1189.77
1153.5
1117.99
1110.1
1101.89
1081.01
1060.25
1044.56
1028.91
1014.72
1000.53
986.349
972.203
960.415
948.638
937.649
926.579
909.296
891.924
866.349
840.852
824.169
807.425
782.05
756.663
728.89
701.122
674.747
648.359
608.099
567.838
