73.4006
74.7992
76.1979
70.0154
63.8214
64.3973
64.9967
67.5833
70.1808
65.2418
60.2467
64.2577
68.3537
69.8816
71.3801
75.6388
79.9346
70.5554
60.9648
58.149
55.4516
62.9452
70.6376
69.822
68.823
68.8976
68.9975
69.5844
70.1838
68.0614
65.8636
69.7774
73.8734
69.5465
64.951
65.0898
65.3895
64.1465
62.8477
64.8207
66.9187
62.7746
58.3789
63.5668
69.1613
63.7572
57.863
58.9362
60.3348
69.8296
79.7199
76.3979
72.4018
68.88
65.3834
64.348
63.4489
68.3122
73.5071
68.0495
61.9555
63.0111
64.5096
61.5959
58.399
64.2893
70.783
69.5172
67.719
69.2792
71.0774
64.3109
56.9182
60.3946
64.6904
62.1262
59.0292
58.1524
57.4531
57.4923
57.5922
64.2323
71.4253
68.5989
64.9025
64.7834
64.9832
63.2609
61.3628
64.3966
67.8932
64.8279
61.1315
66.7112
73.2048
67.4478
60.4546
63.7842
68.1799
59.0224
48.4328
56.2355
66.0259
61.6922
55.798
56.726
58.4243
57.2564
55.7579
57.745
60.1426
59.9541
59.4546
61.9805
64.8777
66.1766
67.2756
60.8442
53.4514
56.5778
61.0734
63.364
65.362
63.5759
61.2781
61
61
61.5257
62.1251
62.7245
63.3239
65.4933
67.891
66.4595
64.4614
62.0292
59.5317
60.6728
62.3711
56.2035
48.8108
51.1634
55.0596
55.5139
55.414
61.152
67.8454
65.0311
60.6354
57.778
55.1806
59.319
64.6138
71.2697
78.1629
68.8456
56.6575
61.2354
68.828
65.6915
60.5964
60.98
62.3786
63.609
64.8079
64.6644
64.2648
68.7197
74.1144
68.7373
61.2447
62.9157
66.4123
64.4236
61.3266
61.8779
63.1766
63.5654
63.7652
63.0573
62.1582
66.1163
71.1115
69.3718
66.1749
66.1735
66.8728
64.1391
60.6425
62.6094
65.8062
70.7114
76.0063
75.3769
73.3789
75.9144
79.5109
80.2807
80.3806
79.9972
79.4976
80.2037
81.2027
89.4975
99.5876
89.4433
74.2582
76.9443
84.1372
87.5896
90.0872
92.1878
94.1858
96.7382
99.4356
101.738
103.936
100.066
94.5712
96.5443
100.54
101.949
102.648
99.3585
94.9628
97.6669
102.362
106.746
111.042
116.735
122.829
119.322
113.028
113.994
117.091
121.652
126.647
125.495
122.497
122.26
122.859
129.575
138.167
137.073
132.977
136.64
142.734
141.241
137.345
139.2
142.896
141.309
138.012
141.942
148.236
153.554
158.549
150.963
139.175
148.823
165.706
170.596
171.395
176.355
182.749
188.92
195.014
199.778
204.074
209.328
214.922
222.208
230.1
240.339
251.428
263.248
275.336
293.988
315.067
327.855
337.546
354.055
373.136
396.992
422.667
448.342
474.016
492.352
507.837
541.691
582.751
620.448
656.812
701.454
749.407
781.348
806.823
847.131
893.486
946.068
1001.21
1048.24
1091.9
1147.31
1207.65
1263.01
1316.26
1378.04
1443.48
1510.17
1577.41
1648.68
1721.71
1802.23
1886.05
1966.34
2045.06
2128.68
2214.5
2289.3
2359.13
2433.22
2509.25
2593.21
2680.82
2769.8
2859.41
2942.36
3022.18
3096.64
3168.57
3255.32
3349.12
3430.39
3505.61
3564.09
3614.44
3682.57
3759.39
3813.42
3856.17
3896
3934.36
3972.99
4011.75
4060.06
4113.2
4145.93
4168.21
4211.38
4265.32
4288.53
4295.72
4320.47
4354.43
4358.1
4345.71
4359.76
4387.93
4392.09
4383.3
4388.48
4401.27
4401.48
4394.78
4391.56
4390.26
4395.06
4403.25
4406.07
4405.87
4412.24
4422.33
4431.78
4440.87
4437.74
4427.55
4431.57
4443.85
4442.55
4433.25
4442.85
4463.63
4474.21
4478.71
4485.7
4494.19
4494.85
4490.75
4488.89
4488.39
4496.41
4509.7
4510.06
4502.37
4511.98
4532.46
4531.83
4517.85
4521.43
4536.21
4535.31
4524.32
4497.76
4461.1
4434.94
4415.66
4375.61
4321.86
4289.18
4270.5
4236.86
4193.2
4155.03
4120.56
4087.52
4055.46
4007.16
3947.72
3929.89
3940.88
3934.75
3916.67
3897.47
3877.49
3863.06
3852.57
3840.74
3827.96
3817.78
3809.49
3796.45
3779.97
3763.66
3747.47
3742.73
3746.42
3752.64
3760.73
3756.67
3743.48
3738.2
3738.9
3737.95
3735.75
3735.25
3736.05
3745.01
3760.3
3757.63
3740.95
3736.62
3742.01
3720
3676.24
3652.58
3644.99
3636.07
3626.08
3602.64
3568.27
3538.74
3513.16
3478.18
3435.42
3398.55
3366.58
3334.45
3302.18
3267.75
3231.48
3202.39
3179.42
3152.84
3123.17
3092.1
3059.83
3029.81
3001.73
2981.69
2968.7
2953.86
2937.38
2912.71
2880.75
2859.24
2847.15
2843.18
2846.58
2824.82
2780.07
2754.65
2747.06
2747.9
2756.6
2759.72
2757.62
2750.84
2739.65
2736.61
2741.3
2742.68
2740.88
2737.31
2732.01
2738
2754.99
2763.75
2764.45
2745.06
2705.8
2680.35
2668.66
2651.99
2630.31
2605.25
2576.78
2548.41
2520.14
2493.39
2468.21
2441.57
2413.4
2387.67
2364.49
2335.47
2300.31
2265.72
2231.76
2196.34
2159.38
2130.59
2110.61
2092.54
2076.56
2065.05
2058.46
2038.71
2004.45
1981.81
1972.12
1947.74
1906.88
1863.21
1816.35
1764.88
1708.13
1656.6
1611.04
1557.33
1494.2
1434.38
1378.43
1322.67
1267.13
1213.68
1162.73
1111.56
1060.11
1014.91
977.249
941.978
909.61
877.691
846.321
818.8
796.022
775.872
758.989
743.258
728.972
713.671
697.087
681.69
667.804
664.376
674.366
675.556
665.366
661.595
666.19
663.749
652.06
651.159
664.546
683.665
710.439
735.168
757.147
784.89
820.455
868.425
933.362
1001.95
1075.58
1159.41
1257.41
1367.6
1494.88
1631.6
1781.65
1947.82
2136.93
2337.61
2554.9
2775.9
3002.28
3232.84
3469.51
3717.66
3982.7
4243.12
4496.67
4743.73
4981.1
5218.95
5457.51
5678.55
5872.96
6075.07
6288.96
6493.07
6682.09
6874.38
7071.79
7260.06
7433.99
7600.57
7755.52
7914.74
8080.78
8248.5
8418.93
8585.18
8744.62
8937.33
9184.49
9400.51
9565.15
9749.32
9966.01
10201.2
10467.6
10701.2
10879.4
11077.6
11309.7
11536.7
11754.8
11949.5
12103.7
12283.3
12507.6
12721.1
12915.6
13122.2
13350.3
13564.9
13755.3
13939.7
14113.1
14315.7
14571.7
14809.3
15013
15218.5
15427.6
15623.7
15795.5
15950.7
16074.9
16224.8
16423.6
16588.6
16688.5
16803.1
16946.4
17090.1
17234.9
17353.3
17419.6
17491
17572.4
17648.4
17713.4
17770.6
17812
17864.9
17941.3
17993.1
17994.2
17997
18003.2
17994.9
17956.3
17942
17979.5
17992.3
17952.6
17927.4
17933.5
17921.8
17870.8
17831.2
17816.4
17770.1
17653.9
17546.5
17458.8
17381.4
17327.2
17242.3
17087.2
16940.3
16812.7
16685.8
16560.8
16429.7
16284.3
16164.8
16107
16060.5
16041.1
16013.6
15966.5
15936.9
15949.4
15974.9
16031.9
16087.3
16138.6
16189
16237.5
16312.2
16453.3
16586.9
16701
16830.1
16998.3
17143.7
17229.8
17345.9
17541
17707.9
17799.6
17917.1
18103.8
18299.6
18520.2
18728.6
18903.4
19064.5
19187.7
19329
19521.1
19700.3
19842.9
19957.3
19991.4
20031.9
20090.3
20151.1
20219
20281
20325.8
20341.9
20272.6
20217
20202.7
20198.5
20224.7
20222.1
20131.2
20047.6
19986.4
19906.9
19770.1
19660.4
19636.5
19603.2
19540.1
19470.8
19380.8
19290.3
19197.6
19112.1
19050.3
18986.1
18913.7
18853.5
18834.7
18787.8
18644.5
18533.2
18532.2
18521.7
18477.9
18422.7
18327
18247.7
18227.1
18201.1
18155.3
18116.9
18105.3
18087.2
18045.2
18009.5
17997.8
17983.7
17960.2
17930
17874.2
17818.5
17763.1
17725.6
17757.9
17770.3
17703.2
17632.7
17548.5
17485.7
17509.6
17511.9
17425
17348.5
17314.8
17277.9
17226.9
17175.4
17121.8
17072
17039.2
17002
16945.8
16884.8
16801.9
16716.1
16617.5
16505.3
16331.1
16179.7
16134.2
16078.4
15974.8
15858.9
15684
15512.6
15357.3
15215.2
15137.4
15052.8
14934.6
14810.6
14657.5
14513.3
14414.9
14318.3
14231.4
14137
14003.4
13883.3
13836
13777.1
13655.8
13536.9
13430.7
13321.9
13198.6
13086.2
13035.2
12984.8
12937.2
12882
12782.3
12684.4
12597.2
12513.7
12452.9
12392.4
12334.1
12278.8
12242.7
12199
12106.8
12020.8
11974.6
11931.2
11905.4
11876
11822.8
11773.7
11752.4
11730
11700
11668.1
11622.6
11589.3
11644.3
11686.1
11632
11584.5
11585.1
11578.2
11514.5
11464.4
11518.4
11568.2
11584.4
11595.4
11565.3
11537.2
11526.8
11516.2
11505
11492.5
11468.6
11445.6
11429.7
11416.9
11431.3
11449.3
11499.2
11544.4
11546.4
11551.2
11582.5
11612.6
11630.3
11640
11570.2
11508
11523.5
11535.3
11508.7
11480.8
11438.4
11396
11353.3
11306.7
11217
11130.5
11081
11029.9
10959.2
10887.9
10809.3
10733.4
10690.3
10644.7
10567.4
10486.1
10350.5
10221.7
10187.7
10149.5
10050.8
9953.19
9871.37
9789.83
9712.61
9636.12
9571.18
9505.94
9435.81
9366.37
9308.63
9249.43
9164.71
9081.26
9020.92
8960.2
8892.27
8821.7
8698.82
8578.75
8516.91
8453.25
8350.26
8247.09
8140.09
8031.92
7895.55
7760.73
7664.72
7569.05
7482.13
7394.61
7289.91
7185.15
7078.66
6972.7
6883.78
6794
6674.41
6555.24
6450.94
6346.76
6247.46
6148.63
6070.1
5991.32
5900.21
5809.58
5744.35
5678.87
5599.05
5518.79
5409.6
5301.38
5268.31
5234.36
5119.77
5005.3
4903.4
4801.29
4669.52
4537.64
4382.79
4227.8
4024.7
3821.61
3638.69
3455.77
