103.803
110.496
117.19
113.808
110.412
109.106
107.807
110.979
114.176
110.134
106.038
101.843
97.6474
105.403
113.295
112.808
112.209
110.724
109.226
101.738
94.1453
103.309
112.8
106.643
100.15
100.683
101.382
99.6467
97.8485
101.299
104.896
103.836
102.637
102.794
102.993
103.58
104.179
104.2
104.2
109.396
114.791
102.804
90.1164
91.4209
93.319
97.9907
102.786
102.332
101.632
101.505
101.405
99.689
97.8908
99.4125
101.111
99.4014
97.5033
95.7941
94.0957
92.2089
90.3107
91.7052
93.3036
95.6531
98.0507
95.5769
92.7796
95.7785
99.1752
103.132
107.128
103.304
98.9081
100.086
101.685
100.687
99.4887
95.6997
91.7036
99.2465
107.738
99.7411
90.3503
98.0566
107.248
100.02
91.3285
93.1628
95.96
98.94
101.937
95.547
88.2541
88.9641
90.4626
93.2316
96.1288
90.0615
83.0683
92.1582
102.948
96.066
87.2747
94.1368
102.728
99.0219
93.9269
99.4908
106.284
97.5262
86.9366
89.3671
93.3632
96.2915
99.0888
97.1803
94.6827
94.9315
95.5309
97.1911
98.9894
98.9354
98.6357
97.2799
95.7814
99.288
103.484
104.263
104.562
93.8476
81.5597
84.5355
89.7304
90.574
90.7738
94.6205
99.0162
98.5604
97.3615
93.3967
89.001
94.2645
101.058
98.8162
95.1199
92.4537
89.9561
93.0262
97.0223
94.8653
91.6684
95.8895
101.384
101.434
100.535
97.2597
93.5633
93.5927
94.292
95.4982
96.797
98.77
100.868
101.368
101.568
96.9858
91.4912
96.961
104.553
100.539
94.2455
96.3656
100.162
100.883
100.983
103.57
106.667
106.042
104.643
108.691
113.886
112.495
109.697
105.915
101.919
100.135
98.8361
106.283
115.674
119.683
122.48
127.149
132.244
130.441
127.044
131.986
138.879
137.212
133.515
134.169
135.868
144.88
155.669
156.758
155.459
151.281
146.386
153.617
163.907
174.038
184.128
181.516
175.622
178.914
184.608
184.062
181.864
181.242
181.042
183.28
186.177
188.682
191.079
194.103
197.3
202.447
208.141
211.735
214.732
222.076
230.668
230.045
226.748
230.325
235.92
237.585
238.085
244.732
253.223
253.59
251.492
250.847
250.647
252.125
254.123
260.533
268.325
274.373
279.867
283.319
286.116
288.611
291.009
289.417
286.52
294.96
307.148
310.949
311.948
315.038
318.834
324.642
331.136
343.796
358.582
369.81
379.801
388.239
396.131
413.237
433.617
443.337
449.232
469.717
495.492
515.636
533.718
558.072
584.746
612.147
639.82
668.509
697.58
721.515
743.494
780.839
824.097
868.722
913.877
962.836
1013.29
1066.96
1121.9
1180.56
1240.7
1305.68
1372.62
1434.3
1493.84
1567.54
1647.06
1725.38
1803.2
1877.93
1951.36
2037.42
2128.83
2223.46
2319.47
2414.92
2510.12
2625.37
2749.35
2847.37
2933.99
3038.67
3151.36
3262.74
3373.53
3489
3606.58
3728.77
3853.04
3973.15
4091.33
4214.02
4338.8
4470.72
4605.99
4712.49
4805.4
4920.43
5046
5166.99
5285.78
5372.68
5444.11
5540.15
5648.25
5728.66
5795.4
5864.6
5935.03
5997.55
6056.09
6095.22
6124.49
6190.7
6275.81
6321.14
6345.91
6375.62
6407.88
6434.06
6457.04
6502.28
6559.33
6562.27
6536.3
6538.3
6555.38
6572.46
6589.55
6594.76
6593.46
6577.11
6552.44
6557.13
6578.21
6587.97
6591.37
6603.94
6621.73
6638.05
6653.53
6660.02
6661.32
6652.58
6637.99
6630.84
6628.04
6636.6
6651.88
6652.66
6644.76
6639.93
6636.93
6661.72
6703.38
6728.25
6742.83
6738.08
6721.4
6729.96
6754.24
6770.04
6780.53
6798
6819.88
6815.1
6793.33
6779.94
6771.94
6742.44
6698.98
6668.33
6646.05
6605.05
6551.7
6507.6
6469.63
6402
6314.49
6252.49
6207.73
6171.95
6142.28
6106.8
6067.34
6025.93
5983.18
5967.54
5970.84
5947.16
5904.5
5880.37
5869.38
5852.97
5832.69
5829.31
5838.1
5815.07
5768.92
5761.39
5782.17
5782.72
5768.34
5755.5
5743.81
5731.09
5717.61
5721.92
5739.71
5750.18
5755.07
5750.82
5739.53
5743.27
5758.65
5768.88
5775.07
5770.92
5758.64
5741.28
5719.9
5687.53
5646.37
5613.12
5586.25
5559.21
5532.03
5491.96
5441.31
5382.99
5318.36
5280.22
5264.14
5220.61
5154.08
5108.06
5079.39
5052.28
5026.51
4993.16
4953.29
4922
4898.12
4857.82
4803.17
4758.62
4722.96
4692.38
4666.3
4642.07
4619.5
4594.4
4567.02
4556.88
4562.37
4560.98
4553.29
4529.59
4491.12
4471.15
4468.35
4465.81
4463.51
4456.33
4444.55
4443.97
4454.06
4459.36
4460.06
4457.45
4451.66
4446.57
4442.18
4419.53
4378.97
4366.38
4381.47
4377.74
4355.27
4319.13
4269.28
4242.56
4239.26
4211.84
4159.79
4125.82
4110.43
4079.2
4031.55
3985.56
3941.3
3907.6
3885.03
3848.1
3795.96
3752.11
3717.14
3694.14
3684.05
3665.35
3637.27
3603
3561.94
3530.95
3511.07
3497.81
3491.92
3456.5
3387.96
3326.47
3272.92
3214.51
3150.58
3088.59
3028.85
2949.94
2848.84
2757.79
2678.47
2604.29
2536.15
2461.8
2380.08
2305.83
2240.49
2179.14
2122.6
2059.06
1987.03
1935.76
1909.89
1878.91
1841.65
1802.07
1759.61
1722.3
1691.43
1668.46
1655.47
1637.25
1612.38
1599.19
1600.98
1596.51
1583.92
1577.28
1578.37
1583.1
1592.59
1606.68
1626.86
1653.29
1688.05
1728.01
1774.97
1823.45
1874
1946.49
2048.99
2162.24
2290.31
2420.44
2553.41
2706.14
2886.56
3078.7
3287.4
3517.24
3777.18
4038.24
4300.88
4576.5
4870.91
5179.91
5510.19
5829.71
6133.41
6454.86
6802.62
7146.89
7485.96
7813.91
8125.11
8415.49
8674.23
8933.57
9193.82
9468.19
9764.4
10029.2
10245.1
10463.3
10685.2
10903.7
11116.8
11340.8
11582.2
11797.7
11971.3
12176.9
12434.2
12697.7
12971.1
13246.2
13524.2
13819.9
14145.4
14441.6
14688.4
14956
15258.6
15560
15859.3
16160.4
16464.9
16752.9
17012.4
17285
17580.3
17856.2
18098.1
18361.2
18662
18945.2
19197
19459.4
19741.3
20046
20392.7
20708.8
20968.6
21214.6
21434.7
21670.1
21934.4
22199.4
22465.8
22705.8
22895.4
23089.7
23292.9
23477.8
23627.3
23792.3
23987.9
24165.5
24307.3
24428
24506.6
24585
24663.5
24749.4
24850.6
24928.4
24958.1
24963.5
24918.3
24904.3
24955
25007.7
25064.6
25091.3
25054.4
25027.4
25021.8
25014
25001.4
24990.8
24984.5
24952.9
24865.6
24771.1
24660.6
24546.4
24423.8
24300.8
24176.8
24029.8
23830.3
23638.5
23464.5
23287.5
23103.7
22929.5
22777.8
22647.9
22569.4
22493.2
22422.8
22373.8
22376.3
22375
22364.1
22373.8
22433.9
22487.4
22524.2
22569.3
22635.1
22747.4
22977.6
23178.9
23306.4
23447.4
23622.8
23799.8
23980.8
24171.3
24386.8
24598.1
24798.2
24997.8
25196.1
25424.9
25736.4
26015.7
26206.7
26392.5
26563.7
26749.4
26975.3
27187.2
27359.2
27528.6
27690.6
27813.8
27825.6
27868.5
28002
28098.9
28088.1
28067.2
28016.3
27987.1
28022.6
28038.6
27995.3
27939.1
27843.6
27762.5
27726.2
27653.3
27465.9
27319.8
27304
27251.9
27083.4
26936.7
26860.3
26751.9
26538.7
26351.4
26250
26154.2
26077.1
26000.6
25926.3
25833.5
25677.5
25545.7
25497.3
25457
25445.4
25416.6
25326.7
25235.1
25137.7
25063.2
25071.6
25068.1
25021.3
24968.9
24896.3
24830.5
24790.5
24759.9
24764.9
24755
24687.3
24627.1
24596.3
24563.2
24520.7
24473.3
24406.3
24338.1
24265.5
24201.6
24173.5
24132.8
24040.7
23953.6
23887.4
23817.5
23732.1
23637.4
23503.1
23390.3
23370.7
23342.4
23275.5
23194.8
23053.2
22911.6
22770.3
22620
22428.5
22250.5
22134.7
22004.6
21807.7
21620.2
21477.3
21321.9
21105.5
20905.9
20788.7
20663.5
20498.6
20336.8
20190.6
20045.1
19902.8
19760.5
19617.9
19471.6
19306.2
19144
18998.5
18855.2
18724.2
18595.6
18480.2
18367.6
18270.2
18164.7
18013.3
17876.1
17819.8
17761.3
17689.7
17620.7
17567.2
17498.2
17335.4
17187.2
17128.9
17061.6
16939
16819.7
16722
16634
16608.8
16572.6
16463.9
16359.2
16280.6
16212.6
16215.6
16204.9
16099.8
16003.4
15967.8
15936.3
15934.2
15932.5
15933.5
15938.9
15977.1
16007.4
15978.2
15955
15978
16005.8
16071.3
16123.5
16068.2
16020.6
16035.1
16044.2
16008.4
15974.2
15953.4
15935.6
15943.6
15946.4
15902.4
15867.9
15920
15970
16001
16028.6
16024.6
16021.5
16027
16030.3
16011.6
15993.3
15978.4
15961
15917.5
15872.8
15814.9
15755
15672.9
15593.9
15548.5
15496.9
15372
15248.8
15145.3
15043.6
14963.6
14881.3
14768.1
14654.2
14531.3
14408.7
14289.3
14171.1
14069.7
13967.4
13851.4
13737.3
13651.6
13566.4
13488.7
13410.2
13319.2
13229.1
13151.6
13071.9
12956.3
12838.6
12682.3
12531.3
12476.2
12417.7
12295.3
12173.1
12055.3
11937.6
11820.6
11700.9
11523.1
11347
11209.7
11071.4
10906.4
10742.3
10599.9
10456.7
10295.1
10134.7
10011.1
9887.84
9777.95
9665.66
9476.74
9289.01
9141.65
8994.77
8865.4
8736.77
8637.67
8536.74
8356.92
8178.92
8087.51
7996.03
7901.02
7805.24
7664.08
7523.57
7426.57
7329.77
7248.95
7167.52
7031.06
6894.55
6752.88
6610.98
6433.45
6255.6
6012.54
5769.48
5525.61
5281.73
5019.19
4756.65
